15.0 1.503942 13 0.038099136343170525
15.1 1.517599 13 0.03903666647984794
15.2 1.531232 13 0.03996310319239671
15.3 1.544843 13 0.040875607993754004
15.4 1.558432 13 0.041781308029594455
15.5 1.571998 13 0.04266768576091218
15.6 1.585542 13 0.04354213039077226
15.7 1.599063 13 0.04440562203162168
15.8 1.612563 13 0.045258677564438465
15.9 1.62604 13 0.04609791854260781
16.0 1.639496 13 0.0469322494844745
16.1 1.685859 13 0.04731484618238713
16.2 1.7388 13 0.05148054379721856
16.3 1.792123 13 0.05565252540099597
16.4 1.84582 13 0.05982713066107248
16.5 1.899884 13 0.06400868090525724
16.6 1.954308 13 0.06819555824250068
16.7 2.009086 13 0.0723904921657581
16.8 2.06421 13 0.07659149689187361
16.9 2.119675 13 0.08079760258183499
17.0 2.175473 13 0.0850097194396241
17.1 2.231599 13 0.08922198429693073
17.2 2.288047 13 0.0934449400664501
17.3 2.34481 13 0.0976708563317139
17.4 2.401882 13 0.10190336281325751
17.5 2.459258 13 0.10613940383400033
17.6 2.516932 13 0.1103783056149864
17.7 2.574898 13 0.11462709484834421
17.8 2.653144 13 0.11887722685474778
17.9 2.735055 13 0.12313221456265688
18.0 2.81787 13 0.12739192864773274
18.1 2.90565 13 0.13190368065483704
18.2 2.994374 13 0.1364288468145709
18.3 3.084042 14 0.14095141357711194
18.4 3.174653 14 0.14548070661074353
18.5 3.266209 14 0.150014267015114
18.6 3.358708 14 0.15454922715139852
18.7 3.452152 14 0.15908853486550012
18.8 3.546539 14 0.16363621288626873
18.9 3.64187 14 0.16818579283565283
19.0 3.738146 14 0.17274036584873398
19.1 3.835365 14 0.1772944858192762
19.2 3.933527 14 0.18185324077768017
19.3 4.032634 14 0.18641695603711028
19.4 4.132685 14 0.1909854260293663
19.5 4.233679 14 0.19555666284969597
19.6 4.335618 14 0.20013244215237658
19.7 4.4385 14 0.2047083779904838
19.8 4.542327 14 0.2092912865810873
19.9 4.647097 14 0.21387701782215174
20.0 4.752811 14 0.21846393909025486
20.1 4.864979 14 0.2233474523655129
20.2 4.978151 14 0.2282348739814083
20.3 5.092329 14 0.23312458164303218
20.4 5.207511 14 0.2380157038193611
20.5 5.323698 14 0.24291518126559286
20.6 5.44089 14 0.24781311573391673
20.7 5.559087 14 0.25271711399122365
20.8 5.678289 14 0.25762098825476143
20.9 5.798495 14 0.26253154522695
21.0 5.919707 14 0.2674412018114225
21.1 6.041923 14 0.2723581481578191
21.2 6.165143 14 0.27727403008767604
21.3 6.289369 14 0.2821951744636352
21.4 6.4146 14 0.2871183754157408
21.5 6.540835 14 0.29204354228018503
21.6 6.668075 14 0.29697116646129007
21.7 6.79632 14 0.30190184799902087
21.8 6.92557 14 0.30683657503574424
21.9 7.055824 14 0.31177105949354667
22.0 7.187083 14 0.3167096366201294
22.1 7.333645 14 0.322379022580623
22.2 7.481329 14 0.3280511949315995
22.3 7.630137 14 0.333729461722462
22.4 7.780068 14 0.33940500860524736
22.5 7.931122 14 0.34508596226136956
22.6 8.0833 14 0.35077133907595925
22.7 8.302936 14 0.3565513901618087
22.8 8.456764 14 0.36223645143722505
22.9 8.611716 14 0.36792561284868974
23.0 8.767791 14 0.3736161335187761
23.1 8.924989 14 0.3793073366483469
23.2 9.08331 14 0.38500398109403844
23.3 9.242754 14 0.390700301321657
23.4 9.403322 14 0.39640095408119425
23.5 9.565012 14 0.4021037438565389
23.6 9.727826 14 0.4078091676840562
23.7 9.891763 14 0.4135154392429181
23.8 10.05682 14 0.4192237123928113
23.9 10.22301 14 0.4249331826307712
24.0 10.39031 14 0.43064517387471035
24.1 10.56268 14 0.4365501307440173
24.2 10.73619 14 0.4424561050757849
24.3 10.91086 14 0.44836297676774994
24.4 11.08668 14 0.45427402112174153
24.5 11.26364 14 0.46018672157693774
24.6 11.44177 14 0.46609948203255924
24.7 11.62104 14 0.47201411282340056
24.8 11.80146 14 0.4779324734623607
24.9 11.98304 14 0.4838509615963583
25.0 12.16576 14 0.48977275348944516
25.1 12.34964 14 0.4956964302862139
25.2 12.53467 14 0.5016183851797238
25.3 12.72085 14 0.5075462722712334
25.4 12.90819 14 0.5134751305937126
25.5 13.09667 14 0.5194053201201946
25.6 13.28631 14 0.5253365198472517
25.7 13.47709 14 0.5312708061125944
25.8 13.66903 14 0.5372049768208654
25.9 13.86212 14 0.5431414024383763
26.0 14.05637 14 0.5490790597584744
26.1 14.2504 14 0.5549436757328721
26.2 14.44558 14 0.5608084821214876
26.3 14.64191 14 0.566676530375936
26.4 14.83939 14 0.5725432107221955
26.5 15.03801 14 0.5784142163507752
26.6 15.23779 14 0.5842835536932559
26.7 15.43871 14 0.5901571397177661
26.8 15.64077 14 0.5960309635602237
26.9 15.84399 14 0.6019068745914102
27.0 16.04835 14 0.6077850609270257
27.1 16.25386 14 0.6136650163499547
27.2 16.46052 14 0.6195460675286675
27.3 16.66833 14 0.6254256682032695
27.4 16.87728 14 0.6313079438191858
27.5 17.08738 14 0.6371937229021984
27.6 17.29863 14 0.6430786293267124
27.7 17.51103 14 0.6489662653864615
27.8 17.72457 14 0.654854374006858
27.9 17.93927 14 0.6607444678702408
28.0 18.1551 14 0.6666357102088594
28.1 18.37998 14 0.6731086248332507
28.2 18.60597 14 0.6795821307413137
28.3 18.83308 14 0.6860568594670019
28.4 19.06131 14 0.6925342708324336
28.5 19.29064 14 0.6990126303986446
28.6 19.5211 14 0.7054911155752641
28.7 19.75267 14 0.7119718945952241
28.8 19.98535 14 0.7184525036554088
28.9 20.21915 14 0.724933748424113
29.0 20.45407 14 0.7314171769927749
29.1 20.6901 14 0.7379021871276046
29.2 20.92724 14 0.7443870647040954
29.3 21.16551 14 0.7508752533628156
29.4 21.40488 14 0.7573623050647723
29.5 21.64538 14 0.7638508382393357
29.6 21.88698 14 0.7703409525658522
29.7 22.12971 14 0.7768312053564295
29.8 22.37355 14 0.7833233564662987
29.9 22.6185 14 0.7898167090828647
30.0 22.86457 14 0.7963107694784288
30.1 23.11292 14 0.8027539959403247
30.2 23.36243 14 0.8092002143773392
30.3 23.61308 14 0.8156463847683058
30.4 23.86488 14 0.8220941661382372
30.5 24.11783 14 0.8285424623578128
30.6 24.37193 14 0.8349926134640407
30.7 24.62718 14 0.8414423008974631
30.8 24.88358 14 0.8478940868857322
30.9 25.14113 14 0.8543459631963477
31.0 25.39982 14 0.8607995499455012
31.1 25.65967 14 0.8672536894833279
31.2 25.92067 14 0.8737089516612325
31.3 26.18281 14 0.8801647407092744
31.4 26.4461 14 0.8866225129684558
31.5 26.71055 14 0.8930803645103504
31.6 26.97614 14 0.8995388723066878
31.7 27.24288 14 0.9059987106038816
31.8 27.51077 14 0.9124594358042146
31.9 27.77981 14 0.918920936431153
32.0 28.05 14 0.9253832702534375
32.1 28.32134 14 0.9318464444114339
32.2 28.59383 14 0.938310639685537
32.3 28.86746 14 0.9447755290614
32.4 29.14225 14 0.9512414412616029
32.5 29.41819 14 0.9577081346232457
32.6 29.69527 14 0.9641756488018296
32.7 29.9735 14 0.9706439758243316
32.8 30.25289 14 0.9771130407074006
32.9 30.53342 14 0.9835829553807959
33.0 30.8151 14 0.9900536682197332
33.1 31.09793 14 0.996525215281412
33.2 31.29052 14 1.0
33.3 31.37745 14 1.0
33.4 31.46439 14 1.0
33.5 31.55133 14 1.0
33.6 31.63827 14 1.0
33.7 31.7252 14 1.0
33.8 31.81214 14 1.0
33.9 31.89908 14 1.0
34.0 31.98602 14 1.0
34.1 32.07296 14 1.0
34.2 32.15989 14 1.0
34.3 32.24683 14 1.0
34.4 32.33377 14 1.0
34.5 32.42071 14 1.0
34.6 32.50765 14 1.0
34.7 32.59458 14 1.0
34.8 32.68152 14 1.0
34.9 32.76846 14 1.0
35.0 32.8554 14 1.0
35.1 32.92237 14 1.0
35.2 32.98934 14 1.0
35.3 33.05631 14 1.0
35.4 33.12328 14 1.0
35.5 33.19025 14 1.0
35.6 33.25722 14 1.0
35.7 33.3242 14 1.0
35.8 33.39117 14 1.0
35.9 33.45814 14 1.0
36.0 33.52511 14 1.0
36.1 33.59208 14 1.0
36.2 33.65905 14 1.0
36.3 33.72602 14 1.0
36.4 33.793 14 1.0
36.5 33.85997 14 1.0
36.6 33.92694 14 1.0
36.7 33.99391 14 1.0
36.8 34.06088 14 1.0
36.9 34.12785 14 1.0
37.0 34.19482 14 1.0
37.1 34.26179 14 1.0
37.2 34.32877 14 1.0
37.3 34.39574 14 1.0
37.4 34.46271 14 1.0
37.5 34.52968 14 1.0
37.6 34.59665 14 1.0
37.7 34.66362 14 1.0
37.8 34.73059 14 1.0
37.9 34.79757 14 1.0
38.0 34.86454 14 1.0
38.1 34.93151 14 1.0
38.2 34.99848 14 1.0
38.3 35.06545 14 1.0
38.4 35.13242 14 1.0
38.5 35.19939 14 1.0
38.6 35.26636 14 1.0
38.7 35.33334 14 1.0
38.8 35.40031 14 1.0
38.9 35.46728 14 1.0
39.0 35.53425 14 1.0
39.1 35.60122 14 1.0
39.2 35.66819 14 1.0
39.3 35.73516 14 1.0
39.4 35.80214 14 1.0
39.5 35.86911 14 1.0
39.6 35.93608 14 1.0
39.7 36.00305 14 1.0
39.8 36.07002 14 1.0
39.9 36.13699 14 1.0
40.0 36.20396 14 1.0
40.1 36.28439 14 1.0
40.2 36.36482 14 1.0
40.3 36.44525 14 1.0
40.4 36.52568 14 1.0
40.5 36.60611 14 1.0
40.6 36.68654 14 1.0
40.7 36.76697 14 1.0
40.8 36.8474 14 1.0
40.9 36.92783 14 1.0
41.0 37.00826 14 1.0
41.1 37.08869 14 1.0
41.2 37.16912 14 1.0
41.3 37.24956 14 1.0
41.4 37.32999 14 1.0
41.5 37.41042 14 1.0
41.6 37.49085 14 1.0
41.7 37.57128 14 1.0
41.8 37.65171 14 1.0
41.9 37.73214 14 1.0
42.0 37.81257 14 1.0
42.1 37.893 14 1.0
42.2 37.97343 14 1.0
42.3 38.05386 14 1.0
42.4 38.13429 14 1.0
42.5 38.21472 14 1.0
42.6 38.29515 14 1.0
42.7 38.37558 14 1.0
42.8 38.45601 14 1.0
42.9 38.53644 14 1.0
43.0 38.61687 14 1.0
43.1 38.6973 14 1.0
43.2 38.77773 14 1.0
43.3 38.85816 14 1.0
43.4 38.93859 14 1.0
43.5 39.01902 14 1.0
43.6 39.09945 14 1.0
43.7 39.17988 14 1.0
43.8 39.26031 14 1.0
43.9 39.34074 14 1.0
44.0 39.42117 14 1.0
44.1 39.5016 14 1.0
44.2 39.58203 14 1.0
44.3 39.66246 14 1.0
44.4 39.74289 14 1.0
44.5 39.82332 14 1.0
44.6 39.90375 14 1.0
44.7 39.98418 14 1.0
44.8 40.06461 14 1.0
44.9 40.14504 14 1.0
45.0 40.22547 14 1.0
45.1 40.3059 14 1.0
45.2 40.38633 14 1.0
45.3 40.46676 14 1.0
45.4 40.54719 14 1.0
45.5 40.62762 14 1.0
45.6 40.70805 14 1.0
45.7 40.78848 14 1.0
45.8 40.86891 14 1.0
45.9 40.94934 14 1.0
46.0 41.02977 14 1.0
46.1 41.1102 14 1.0
46.2 41.19063 14 1.0
46.3 41.27106 14 1.0
46.4 41.35149 14 1.0
46.5 41.43192 14 1.0
46.6 41.51235 14 1.0
46.7 41.59278 14 1.0
46.8 41.67321 14 1.0
46.9 41.75364 14 1.0
47.0 41.83407 14 1.0
47.1 41.9145 14 1.0
47.2 41.99493 14 1.0
47.3 42.07536 14 1.0
47.4 42.15579 14 1.0
47.5 42.23622 14 1.0
47.6 42.31665 14 1.0
47.7 42.39708 14 1.0
47.8 42.47751 14 1.0
47.9 42.55794 14 1.0
48.0 42.63837 14 1.0
48.1 42.7188 14 1.0
48.2 42.79923 14 1.0
48.3 42.87966 14 1.0
48.4 42.96009 14 1.0
48.5 43.04052 14 1.0
48.6 43.12095 14 1.0
48.7 43.20138 14 1.0
48.8 43.28181 14 1.0
48.9 43.36224 14 1.0
49.0 43.44267 14 1.0
49.1 43.5231 14 1.0
49.2 43.60353 14 1.0
49.3 43.68396 14 1.0
49.4 43.76439 14 1.0
49.5 43.84482 14 1.0
49.6 43.92525 14 1.0
49.7 44.00568 14 1.0
49.8 44.08611 14 1.0
49.9 44.16654 14 1.0
50.0 44.24697 14 1.0
50.1 44.31864 14 1.0
50.2 44.39032 14 1.0
50.3 44.46199 14 1.0
50.4 44.53366 14 1.0
50.5 44.60533 14 1.0
50.6 44.677 14 1.0
50.7 44.74867 14 1.0
50.8 44.82034 14 1.0
50.9 44.89201 14 1.0
51.0 44.96368 14 1.0
51.1 45.03535 14 1.0
51.2 45.10703 14 1.0
51.3 45.1787 14 1.0
51.4 45.25037 14 1.0
51.5 45.32204 14 1.0
51.6 45.39371 14 1.0
51.7 45.46538 14 1.0
51.8 45.53705 14 1.0
51.9 45.60872 14 1.0
52.0 45.68039 14 1.0
52.1 45.75206 14 1.0
52.2 45.82373 14 1.0
52.3 45.89541 14 1.0
52.4 45.96708 14 1.0
52.5 46.03875 14 1.0
52.6 46.11042 14 1.0
52.7 46.18209 14 1.0
52.8 46.25376 14 1.0
52.9 46.32543 14 1.0
53.0 46.3971 14 1.0
53.1 46.46877 14 1.0
53.2 46.54044 14 1.0
53.3 46.61212 14 1.0
53.4 46.68379 14 1.0
53.5 46.75546 14 1.0
53.6 46.82713 14 1.0
53.7 46.8988 14 1.0
53.8 46.97047 14 1.0
53.9 47.04214 14 1.0
54.0 47.11381 14 1.0
54.1 47.18548 14 1.0
54.2 47.25715 14 1.0
54.3 47.32882 14 1.0
54.4 47.4005 14 1.0
54.5 47.47217 14 1.0
54.6 47.54384 14 1.0
54.7 47.61551 14 1.0
54.8 47.68718 14 1.0
54.9 47.75885 14 1.0
55.0 47.83052 14 1.0
55.1 47.90219 14 1.0
55.2 47.97386 14 1.0
55.3 48.04553 14 1.0
55.4 48.11721 14 1.0
55.5 48.18888 14 1.0
55.6 48.26055 14 1.0
55.7 48.33222 14 1.0
55.8 48.40389 14 1.0
55.9 48.47556 14 1.0
56.0 48.54723 14 1.0
56.1 48.6189 14 1.0
56.2 48.69057 14 1.0
56.3 48.76224 14 1.0
56.4 48.83391 14 1.0
56.5 48.90559 14 1.0
56.6 48.97726 14 1.0
56.7 49.04893 14 1.0
56.8 49.1206 14 1.0
56.9 49.19227 14 1.0
57.0 49.26394 14 1.0
57.1 49.33561 14 1.0
57.2 49.40728 14 1.0
57.3 49.47895 14 1.0
57.4 49.55062 14 1.0
57.5 49.6223 14 1.0
57.6 49.69397 14 1.0
57.7 49.76564 14 1.0
57.8 49.83731 14 1.0
57.9 49.90898 14 1.0
58.0 49.98065 14 1.0
58.1 50.05232 14 1.0
58.2 50.12399 14 1.0
58.3 50.19566 14 1.0
58.4 50.26733 14 1.0
58.5 50.33901 14 1.0
58.6 50.41068 14 1.0
58.7 50.48235 14 1.0
58.8 50.55402 14 1.0
58.9 50.62569 14 1.0
59.0 50.69736 14 1.0
59.1 50.76903 14 1.0
59.2 50.8407 14 1.0
59.3 50.91237 14 1.0
59.4 50.98404 14 1.0
59.5 51.05571 14 1.0
59.6 51.12739 14 1.0
59.7 51.19906 14 1.0
59.8 51.27073 14 1.0
59.9 51.3424 14 1.0
60.0 51.41407 14 1.0
60.1 51.46884 14 1.0
60.2 51.5236 14 1.0
60.3 51.57837 14 1.0
60.4 51.63313 14 1.0
60.5 51.6879 14 1.0
60.6 51.74266 14 1.0
60.7 51.79743 14 1.0
60.8 51.8522 14 1.0
60.9 51.90696 14 1.0
61.0 51.96173 14 1.0
61.1 52.01649 14 1.0
61.2 52.07126 14 1.0
61.3 52.12603 14 1.0
61.4 52.18079 14 1.0
61.5 52.23556 14 1.0
61.6 52.29032 14 1.0
61.7 52.34509 14 1.0
61.8 52.39985 14 1.0
61.9 52.45462 14 1.0
62.0 52.50939 14 1.0
62.1 52.56415 14 1.0
62.2 52.61892 14 1.0
62.3 52.67368 14 1.0
62.4 52.72845 14 1.0
62.5 52.78322 14 1.0
62.6 52.83798 14 1.0
62.7 52.89275 14 1.0
62.8 52.94751 14 1.0
62.9 53.00228 14 1.0
63.0 53.05704 14 1.0
63.1 53.11181 14 1.0
63.2 53.16658 14 1.0
63.3 53.22134 14 1.0
63.4 53.27611 14 1.0
63.5 53.33087 14 1.0
63.6 53.38564 14 1.0
63.7 53.44041 14 1.0
63.8 53.49517 14 1.0
63.9 53.54994 14 1.0
64.0 53.6047 14 1.0
64.1 53.65947 14 1.0
64.2 53.71423 14 1.0
64.3 53.769 14 1.0
64.4 53.75279 14 1.0
64.5 53.57311 14 1.0
64.6 53.39307 14 1.0
64.7 53.21268 14 1.0
64.8 53.03194 14 1.0
64.9 52.85084 14 1.0
65.0 52.66939 14 1.0
65.1 52.48759 14 1.0
65.2 52.30543 14 1.0
65.3 52.12292 14 1.0
65.4 51.94005 14 1.0
65.5 51.75684 14 1.0
65.6 51.57327 14 1.0
65.7 51.38934 14 1.0
65.8 51.20507 14 1.0
65.9 51.02044 14 1.0
66.0 50.83545 14 1.0
66.1 50.65012 14 1.0
66.2 50.46443 14 1.0
66.3 50.27838 14 1.0
66.4 50.09199 14 1.0
66.5 49.90524 14 1.0
66.6 49.71813 14 1.0
66.7 49.53068 14 1.0
66.8 49.34287 14 1.0
66.9 49.1547 14 1.0
67.0 48.96619 14 1.0
67.1 48.77732 14 1.0
67.2 48.58809 14 1.0
67.3 48.39852 14 1.0
67.4 48.20859 14 1.0
67.5 48.0183 14 1.0
67.6 47.82767 14 1.0
67.7 47.63668 14 1.0
67.8 47.44533 14 1.0
67.9 47.25364 14 1.0
68.0 47.06159 14 1.0
68.1 46.86918 14 1.0
68.2 46.67643 14 1.0
68.3 46.48332 14 1.0
68.4 46.28986 14 1.0
68.5 46.09604 14 1.0
68.6 45.90187 14 1.0
68.7 45.70735 14 1.0
68.8 45.51247 14 1.0
68.9 45.31724 14 1.0
69.0 45.12166 14 1.0
69.1 44.92572 14 1.0
69.2 44.72943 14 1.0
69.3 44.53279 14 1.0
69.4 44.3358 14 1.0
69.5 44.13845 14 1.0
69.6 43.94075 14 1.0
69.7 43.74269 14 1.0
69.8 43.54428 14 1.0
69.9 43.34552 14 1.0
70.0 43.1464 14 1.0
70.1 42.97872 14 1.0
70.2 42.81083 14 1.0
70.3 42.64273 14 1.0
70.4 42.47442 14 1.0
70.5 42.3059 14 1.0
70.6 42.13717 14 1.0
70.7 41.96823 14 1.0
70.8 41.79907 14 1.0
70.9 41.62971 14 1.0
71.0 41.46014 14 1.0
71.1 41.29035 14 1.0
71.2 41.12036 14 1.0
71.3 40.95015 14 1.0
71.4 40.77973 14 1.0
71.5 40.60911 14 1.0
71.6 40.43827 14 1.0
71.7 40.26722 14 1.0
71.8 40.09596 14 1.0
71.9 39.92449 14 1.0
72.0 39.75281 14 1.0
72.1 39.58092 14 1.0
72.2 39.40882 14 1.0
72.3 39.23651 14 1.0
72.4 39.06398 14 1.0
72.5 38.89125 14 1.0
72.6 38.7183 14 1.0
72.7 38.54515 14 1.0
72.8 38.37178 14 1.0
72.9 38.19821 14 1.0
73.0 38.02442 14 1.0
73.1 37.85043 14 1.0
73.2 37.67622 14 1.0
73.3 37.5018 14 1.0
73.4 37.32717 14 1.0
73.5 37.15233 14 1.0
73.6 36.97728 14 1.0
73.7 36.80202 14 1.0
73.8 36.62655 14 1.0
73.9 36.45087 14 1.0
74.0 36.27497 14 1.0
74.1 36.09887 14 1.0
74.2 35.92256 14 1.0
74.3 35.74603 14 1.0
74.4 35.5693 14 1.0
74.5 35.39235 14 1.0
74.6 35.21519 14 1.0
74.7 35.03783 14 1.0
74.8 34.86025 14 1.0
74.9 34.68246 14 1.0
75.0 34.50446 14 1.0
75.1 34.32625 14 1.0
75.2 34.14783 14 1.0
75.3 33.9692 14 1.0
75.4 33.79036 14 1.0
75.5 33.61131 14 1.0
75.6 33.43205 14 1.0
75.7 33.25257 14 1.0
75.8 33.07289 14 1.0
75.9 32.893 14 1.0
76.0 32.71289 14 1.0
76.1 32.53258 14 1.0
76.2 32.35205 14 1.0
76.3 32.17131 14 1.0
76.4 31.99037 14 1.0
76.5 31.80921 14 1.0
76.6 31.62784 14 1.0
76.7 31.44626 14 1.0
76.8 31.26447 14 1.0
76.9 31.08247 14 1.0
77.0 30.90026 14 1.0
77.1 30.71784 14 1.0
77.2 30.53521 14 1.0
77.3 30.35236 14 1.0
77.4 30.36925 14 1.0
77.5 30.39736 14 1.0
77.6 30.42547 14 1.0
77.7 30.45359 14 1.0
77.8 30.4817 14 1.0
77.9 30.50981 14 1.0
78.0 30.53793 14 1.0
78.1 30.56604 14 1.0
78.2 30.59415 14 1.0
78.3 30.62227 14 1.0
78.4 30.65038 14 1.0
78.5 30.67849 14 1.0
78.6 30.7066 14 1.0
78.7 30.73472 14 1.0
78.8 30.76283 14 1.0
78.9 30.79094 14 1.0
79.0 30.81906 14 1.0
79.1 30.84717 14 1.0
79.2 30.87528 14 1.0
79.3 30.9034 14 1.0
79.4 30.93151 14 1.0
79.5 30.95962 14 1.0
79.6 30.98774 14 1.0
79.7 31.01585 14 1.0
79.8 31.04396 14 1.0
79.9 31.07208 14 1.0
80.0 31.10019 14 1.0
80.1 31.13472 14 1.0
80.2 31.16925 14 1.0
80.3 31.20379 14 1.0
80.4 31.23832 14 1.0
80.5 31.27285 14 1.0
80.6 31.30738 14 1.0
80.7 31.34191 14 1.0
80.8 31.37644 14 1.0
80.9 31.41098 14 1.0
81.0 31.44551 14 1.0
81.1 31.48004 14 1.0
81.2 31.51457 14 1.0
81.3 31.5491 14 1.0
81.4 31.58363 14 1.0
81.5 31.61817 14 1.0
81.6 31.6527 14 1.0
81.7 31.68723 14 1.0
81.8 31.72176 14 1.0
81.9 31.75629 14 1.0
82.0 31.79083 14 1.0
82.1 31.82536 14 1.0
82.2 31.85989 14 1.0
82.3 31.89442 14 1.0
82.4 31.92895 14 1.0
82.5 31.96348 14 1.0
82.6 31.99802 14 1.0
82.7 32.03255 14 1.0
82.8 32.06708 14 1.0
82.9 32.10161 14 1.0
83.0 32.13614 14 1.0
83.1 32.17068 14 1.0
83.2 32.20521 14 1.0
83.3 32.23974 14 1.0
83.4 32.27427 14 1.0
83.5 32.3088 14 1.0
83.6 32.34333 14 1.0
83.7 32.37787 14 1.0
83.8 32.4124 14 1.0
83.9 32.44693 14 1.0
84.0 32.48146 14 1.0
84.1 32.51599 14 1.0
84.2 32.55052 14 1.0
84.3 32.58506 14 1.0
84.4 32.61959 14 1.0
84.5 32.65412 14 1.0
84.6 32.68865 14 1.0
84.7 32.72318 14 1.0
84.8 32.75772 14 1.0
84.9 32.79225 14 1.0
85.0 32.82678 14 1.0
85.1 32.86131 14 1.0
85.2 32.89584 14 1.0
85.3 32.93037 14 1.0
85.4 32.96491 14 1.0
85.5 32.99944 14 1.0
85.6 33.03397 14 1.0
85.7 33.0685 14 1.0
85.8 33.10303 14 1.0
85.9 33.13757 14 1.0
86.0 33.1721 14 1.0
86.1 33.20663 14 1.0
86.2 33.24116 14 1.0
86.3 33.27569 14 1.0
86.4 33.31022 14 1.0
86.5 33.34476 14 1.0
86.6 33.37929 14 1.0
86.7 33.41382 14 1.0
86.8 33.44835 14 1.0
86.9 33.48288 14 1.0
87.0 33.51741 14 1.0
87.1 33.55195 14 1.0
87.2 33.58648 14 1.0
87.3 33.62101 14 1.0
87.4 33.65554 14 1.0
87.5 33.69007 14 1.0
87.6 33.72461 14 1.0
87.7 33.75914 14 1.0
87.8 33.79367 14 1.0
87.9 33.8282 14 1.0
88.0 33.86273 14 1.0
88.1 33.89726 14 1.0
88.2 33.9318 14 1.0
88.3 33.96633 14 1.0
88.4 34.00086 14 1.0
88.5 34.03539 14 1.0
88.6 34.06992 14 1.0
88.7 34.10445 14 1.0
88.8 34.13899 14 1.0
88.9 34.17352 14 1.0
89.0 34.20805 14 1.0
89.1 34.24258 14 1.0
89.2 34.27711 14 1.0
89.3 34.31165 14 1.0
89.4 34.34618 14 1.0
89.5 34.38071 14 1.0
89.6 34.41524 14 1.0
89.7 34.44977 14 1.0
89.8 34.4843 14 1.0
89.9 34.51884 14 1.0
90.0 34.55337 14 1.0
90.1 34.60076 14 1.0
90.2 34.64816 14 1.0
90.3 34.69555 14 1.0
90.4 34.74295 14 1.0
90.5 34.79034 14 1.0
90.6 34.83773 14 1.0
90.7 34.88513 14 1.0
90.8 34.93252 14 1.0
90.9 34.97992 14 1.0
91.0 35.02731 14 1.0
91.1 35.07471 14 1.0
91.2 35.1221 14 1.0
91.3 35.16949 14 1.0
91.4 35.21689 14 1.0
91.5 35.26428 14 1.0
91.6 35.31168 14 1.0
91.7 35.35907 14 1.0
91.8 35.40647 14 1.0
91.9 35.45386 14 1.0
92.0 35.50125 14 1.0
92.1 35.54865 14 1.0
92.2 35.59604 14 1.0
92.3 35.64344 14 1.0
92.4 35.69083 14 1.0
92.5 35.73823 14 1.0
92.6 35.78562 14 1.0
92.7 35.83301 14 1.0
92.8 35.88041 14 1.0
92.9 35.9278 14 1.0
93.0 35.9752 14 1.0
93.1 36.02259 14 1.0
93.2 36.06999 14 1.0
93.3 36.11738 14 1.0
93.4 36.16477 14 1.0
93.5 36.21217 14 1.0
93.6 36.25956 14 1.0
93.7 36.30696 14 1.0
93.8 36.35435 14 1.0
93.9 36.40175 14 1.0
94.0 36.44914 14 1.0
94.1 36.49653 14 1.0
94.2 36.54393 14 1.0
94.3 36.59132 14 1.0
94.4 36.63872 14 1.0
94.5 36.68611 14 1.0
94.6 36.73351 14 1.0
94.7 36.7809 14 1.0
94.8 36.82829 14 1.0
94.9 36.87569 14 1.0
95.0 36.92308 14 1.0
95.1 36.97048 14 1.0
95.2 37.01787 14 1.0
95.3 37.06527 14 1.0
95.4 37.11266 14 1.0
95.5 37.16005 14 1.0
95.6 37.20745 14 1.0
95.7 37.25484 14 1.0
95.8 37.30224 14 1.0
95.9 37.34963 14 1.0
96.0 37.39703 14 1.0
96.1 37.44442 14 1.0
96.2 37.49181 14 1.0
96.3 37.53921 14 1.0
96.4 37.5866 14 1.0
96.5 37.634 14 1.0
96.6 37.68139 14 1.0
96.7 37.72879 14 1.0
96.8 37.77618 14 1.0
96.9 37.82357 14 1.0
97.0 37.87097 14 1.0
97.1 37.91836 14 1.0
97.2 37.96576 14 1.0
97.3 38.01315 14 1.0
97.4 38.06055 14 1.0
97.5 38.10794 14 1.0
97.6 38.15533 14 1.0
97.7 38.20273 14 1.0
97.8 38.25012 14 1.0
97.9 38.29752 14 1.0
98.0 38.34491 14 1.0
98.1 38.3923 14 1.0
98.2 38.4397 14 1.0
98.3 38.48709 14 1.0
98.4 38.53449 14 1.0
98.5 38.58188 14 1.0
98.6 38.62928 14 1.0
98.7 38.67667 14 1.0
98.8 38.72406 14 1.0
98.9 38.77146 14 1.0
99.0 38.81885 14 1.0
99.1 38.86625 14 1.0
99.2 38.91364 14 1.0
99.3 38.96104 14 1.0
99.4 39.00843 14 1.0
99.5 39.05582 14 1.0
99.6 39.10322 14 1.0
99.7 39.15061 14 1.0
99.8 39.19801 14 1.0
99.9 39.2454 14 1.0
100.0 39.2928 14 1.0
100.1 39.33854 14 1.0
100.2 39.38428 14 1.0
100.3 39.43002 14 1.0
100.4 39.47577 14 1.0
100.5 39.52151 14 1.0
100.6 39.56725 14 1.0
100.7 39.61299 14 1.0
100.8 39.65874 14 1.0
100.9 39.70448 14 1.0
101.0 39.75022 14 1.0
101.1 39.79596 14 1.0
101.2 39.84171 14 1.0
101.3 39.88745 14 1.0
101.4 39.93319 14 1.0
101.5 39.97893 14 1.0
101.6 40.02468 14 1.0
101.7 40.07042 14 1.0
101.8 40.11616 14 1.0
101.9 40.1619 14 1.0
102.0 40.20764 14 1.0
102.1 40.25339 14 1.0
102.2 40.29913 14 1.0
102.3 40.34487 14 1.0
102.4 40.39061 14 1.0
102.5 40.43636 14 1.0
102.6 40.4821 14 1.0
102.7 40.52784 14 1.0
102.8 40.57358 14 1.0
102.9 40.61933 14 1.0
103.0 40.66507 14 1.0
103.1 40.71081 14 1.0
103.2 40.75655 14 1.0
103.3 40.8023 14 1.0
103.4 40.84804 14 1.0
103.5 40.89378 14 1.0
103.6 40.93952 14 1.0
103.7 40.98527 14 1.0
103.8 41.03101 14 1.0
103.9 41.07675 14 1.0
104.0 41.12249 14 1.0
104.1 41.16824 14 1.0
104.2 41.21398 14 1.0
104.3 41.25972 14 1.0
104.4 41.30546 14 1.0
104.5 41.35121 14 1.0
104.6 41.39695 14 1.0
104.7 41.44269 14 1.0
104.8 41.48843 14 1.0
104.9 41.53418 14 1.0
105.0 41.57992 14 1.0
105.1 41.62566 14 1.0
105.2 41.6714 14 1.0
105.3 41.71715 14 1.0
105.4 41.76289 14 1.0
105.5 41.80863 14 1.0
105.6 41.85437 14 1.0
105.7 41.90011 14 1.0
105.8 41.94586 14 1.0
105.9 41.9916 14 1.0
106.0 42.03734 14 1.0
106.1 42.08308 14 1.0
106.2 42.12883 14 1.0
106.3 42.17457 14 1.0
106.4 42.22031 14 1.0
106.5 42.26605 14 1.0
106.6 42.3118 14 1.0
106.7 42.35754 14 1.0
106.8 42.40328 14 1.0
106.9 42.44902 14 1.0
107.0 42.49477 14 1.0
107.1 42.54051 14 1.0
107.2 42.58625 14 1.0
107.3 42.63199 14 1.0
107.4 42.67774 14 1.0
107.5 42.72348 14 1.0
107.6 42.76922 14 1.0
107.7 42.81496 14 1.0
107.8 42.86071 14 1.0
107.9 42.90645 14 1.0
108.0 42.95219 14 1.0
108.1 42.99793 14 1.0
108.2 43.04368 14 1.0
108.3 43.08942 14 1.0
108.4 43.13516 14 1.0
108.5 43.1809 14 1.0
108.6 43.22665 14 1.0
108.7 43.27239 14 1.0
108.8 43.31813 14 1.0
108.9 43.36387 14 1.0
109.0 43.40961 14 1.0
109.1 43.45536 14 1.0
109.2 43.5011 14 1.0
109.2 43.54684 14 1.0
109.3 43.59258 14 1.0
109.4 43.63833 14 1.0
109.5 43.68407 14 1.0
109.6 43.72981 14 1.0
109.7 43.77555 14 1.0
109.8 43.8213 14 1.0
109.9 43.86704 14 1.0
110.0 43.91637 14 1.0
110.1 43.9657 14 1.0
110.2 44.01504 14 1.0
110.3 44.06437 14 1.0
110.4 44.1137 14 1.0
110.5 44.16303 14 1.0
110.6 44.21237 14 1.0
110.7 44.2617 14 1.0
110.8 44.31103 14 1.0
110.9 44.36036 14 1.0
111.0 44.40969 14 1.0
111.1 44.45903 14 1.0
111.2 44.50836 14 1.0
111.3 44.55769 14 1.0
111.4 44.60702 14 1.0
111.5 44.65636 14 1.0
111.6 44.70569 14 1.0
111.7 44.75502 14 1.0
111.8 44.80435 14 1.0
111.9 44.85369 14 1.0
112.0 44.90302 14 1.0
112.1 44.95235 14 1.0
112.2 45.00168 14 1.0
112.3 45.05101 14 1.0
112.4 45.10035 14 1.0
112.5 45.14968 14 1.0
112.6 45.19901 14 1.0
112.7 45.24834 14 1.0
112.8 45.29768 14 1.0
112.9 45.34701 14 1.0
113.0 45.39634 14 1.0
113.1 45.44567 14 1.0
113.2 45.49501 14 1.0
113.3 45.54434 14 1.0
113.4 45.59367 14 1.0
113.5 45.643 14 1.0
113.6 45.69233 14 1.0
113.7 45.74167 14 1.0
113.8 45.791 14 1.0
113.9 45.84033 14 1.0
114.0 45.88966 14 1.0
114.1 45.939 14 1.0
114.2 45.98833 14 1.0
114.3 46.03766 14 1.0
114.4 46.08699 14 1.0
114.5 46.13632 14 1.0
114.6 46.18566 14 1.0
114.7 46.23499 14 1.0
114.8 46.28432 14 1.0
114.9 46.33365 14 1.0
115.0 46.38299 14 1.0
115.1 46.43232 14 1.0
115.2 46.48165 14 1.0
115.3 46.53098 14 1.0
115.4 46.58032 14 1.0
115.5 46.62965 14 1.0
115.6 46.67898 14 1.0
115.7 46.72831 14 1.0
115.8 46.77764 14 1.0
115.9 46.82698 14 1.0
116.0 46.87631 14 1.0
116.1 46.92564 14 1.0
116.2 46.97497 14 1.0
116.3 47.02431 14 1.0
116.4 47.07364 14 1.0
116.5 47.12297 14 1.0
116.6 47.1723 14 1.0
116.7 47.22164 14 1.0
116.8 47.27097 14 1.0
116.9 47.3203 14 1.0
117.0 47.36963 14 1.0
117.1 47.41896 14 1.0
117.2 47.4683 14 1.0
117.3 47.51763 14 1.0
117.4 47.56696 14 1.0
117.5 47.61629 14 1.0
117.6 47.66563 14 1.0
117.7 47.71496 14 1.0
117.8 47.76429 14 1.0
117.9 47.81362 14 1.0
118.0 47.86296 14 1.0
118.1 47.7583 14 1.0
118.2 47.09517 14 1.0
118.3 46.43059 14 1.0
118.4 45.76456 14 1.0
118.5 45.09708 14 1.0
118.6 44.42815 14 1.0
118.7 43.75777 14 1.0
118.8 43.08594 14 1.0
118.9 42.41266 14 1.0
119.0 41.73792 14 1.0
119.1 41.06174 14 1.0
119.2 40.38411 14 1.0
119.3 39.70503 14 1.0
119.4 39.02449 14 1.0
119.5 38.34251 14 1.0
119.6 37.65908 14 1.0
119.7 36.9742 14 1.0
119.8 36.28786 14 1.0
119.9 35.60008 14 1.0
120.0 34.91824 14 1.0
120.1 34.23501 14 1.0
120.2 33.55041 14 1.0
120.3 32.86443 14 1.0
120.4 32.17708 14 1.0
120.5 31.48834 14 1.0
120.6 30.79823 14 1.0
120.7 30.10674 14 1.0
120.8 29.41387 14 1.0
120.9 28.71962 14 1.0
121.0 28.02399 14 1.0
121.1 27.32699 14 1.0
121.2 26.6286 14 1.0
121.3 25.92884 14 1.0
121.4 25.2277 14 1.0
121.5 24.52518 14 1.0
121.6 23.82128 14 1.0
121.7 23.11601 14 1.0
121.8 22.40936 14 1.0
121.9 21.70132 14 1.0
122.0 20.99191 14 1.0
122.1 20.28113 14 1.0
122.2 19.56896 14 1.0
122.3 18.85542 14 1.0
122.4 18.14049 14 1.0
122.5 17.42419 14 1.0
122.6 16.70651 14 1.0
122.7 15.98745 14 1.0
122.8 15.26702 14 1.0
122.9 14.5452 14 1.0
123.0 13.82201 14 1.0
123.1 13.09744 14 1.0
123.2 12.37149 14 1.0
123.3 11.64416 14 1.0
123.4 10.91545 14 1.0
123.5 10.18537 14 1.0
123.6 9.453905 14 1.0
123.7 8.721063 14 1.0
123.8 7.986844 14 1.0
123.9 7.251246 14 1.0
124.0 6.51427 14 1.0
124.1 5.775915 14 1.0
124.2 5.036182 14 1.0
124.3 4.295071 14 1.0
124.4 0.0 15 0.0
124.5 0.0 15 0.0
124.6 0.0 15 0.0
124.7 0.0 15 0.0
124.8 0.0 15 0.0
124.9 0.0 15 0.0
125.0 0.0 15 0.0
125.1 0.0 15 0.0
125.2 0.0 15 0.0
125.3 0.0 15 0.0
125.4 0.0 15 0.0
125.5 0.0 15 0.0
125.6 0.0 15 0.0
125.7 0.0 15 0.0
125.8 0.0 15 0.0
125.9 0.0 15 0.0
126.0 0.0 15 0.0
126.1 0.0 15 0.0
126.2 0.0 15 0.0
126.3 0.0 15 0.0
126.4 0.0 15 0.0
126.5 0.0 15 0.0
126.6 0.0 15 0.0
126.7 0.0 15 0.0
126.8 0.0 15 0.0
126.9 0.0 15 0.0
127.0 0.0 15 0.0
127.1 0.0 15 0.0
127.2 0.0 15 0.0
127.3 0.0 15 0.0
127.4 0.0 15 0.0
127.5 0.0 15 0.0
127.6 0.0 15 0.0
127.7 0.0 15 0.0
127.8 0.0 15 0.0
127.9 0.0 15 0.0
128.0 0.0 15 0.0
128.1 0.0 15 0.0
128.2 0.0 15 0.0
128.3 0.0 15 0.0
128.4 0.0 15 0.0
128.5 0.0 15 0.0
128.6 0.0 15 0.0
128.7 0.0 15 0.0
128.8 0.0 15 0.0
128.9 0.0 15 0.0
129.0 0.0 15 0.0
129.1 0.0 15 0.0
129.2 0.0 15 0.0
129.3 0.0 15 0.0
129.4 0.0 15 0.0
129.5 0.0 15 0.0
129.6 0.0 15 0.0
129.7 0.0 15 0.0
129.8 0.0 15 0.0
129.9 0.0 15 0.0
130.0 0.0 15 0.0
130.1 0.0 15 0.0
130.2 0.0 15 0.0
130.3 0.0 15 0.0
130.4 0.0 15 0.0
130.5 0.0 15 0.0
130.6 0.0 15 0.0
130.7 0.0 15 0.0
130.8 0.0 15 0.0
130.9 0.0 15 0.0
131.0 0.0 15 0.0
131.1 0.0 15 0.0
131.2 0.0 15 0.0
131.3 0.0 15 0.0
131.4 0.0 15 0.0
131.5 0.0 15 0.0
131.6 0.0 15 0.0
131.7 0.0 15 0.0
131.8 0.0 15 0.0
131.9 0.0 15 0.0
132.0 0.0 15 0.0
132.1 0.0 15 0.0
132.2 0.0 15 0.0
132.3 0.0 15 0.0
132.4 0.0 15 0.0
132.5 0.0 15 0.0
132.6 0.0 15 0.0
132.7 0.0 15 0.0
132.8 0.0 15 0.0
132.9 0.0 15 0.0
133.0 0.0 15 0.0
133.1 0.0 15 0.0
133.2 0.0 15 0.0
133.3 0.0 15 0.0
133.4 0.0 15 0.0
133.5 0.0 15 0.0
133.6 0.0 15 0.0
133.7 0.0 15 0.0
133.8 0.0 15 0.0
133.9 0.0 15 0.0
134.0 0.0 15 0.0
134.1 0.0 15 0.0
134.2 0.0 15 0.0
134.3 0.0 15 0.0
134.4 0.0 15 0.0
134.5 0.0 15 0.0
134.6 0.0 15 0.0
134.7 0.0 15 0.0
134.8 0.0 15 0.0
134.9 0.0 15 0.0
135.0 0.0 15 0.0
135.1 0.0 15 0.0
135.2 0.0 15 0.0
135.3 0.0 15 0.0
135.4 0.0 15 0.0
135.5 0.0 15 0.0
135.6 0.0 15 0.0
135.7 0.0 15 0.0
135.8 0.0 15 0.0
135.9 0.0 15 0.0
136.0 0.0 15 0.0
136.1 0.0 15 0.0
136.2 0.0 15 0.0
136.3 0.0 15 0.0
136.4 0.0 15 0.0
136.5 0.0 15 0.0
136.6 0.0 15 0.0
136.7 0.0 15 0.0
136.8 0.0 15 0.0
136.9 0.0 15 0.0
137.0 0.0 15 0.0
137.1 0.0 15 0.0
137.2 0.0 15 0.0
137.3 0.0 15 0.0
137.4 0.0 15 0.0
137.5 0.0 15 0.0
137.6 0.0 15 0.0
137.7 0.0 15 0.0
137.8 0.0 15 0.0
137.9 0.0 15 0.0
138.0 0.0 15 0.0
138.1 0.0 15 0.0
138.2 0.0 15 0.0
138.3 0.0 15 0.0
138.4 0.0 15 0.0
138.5 0.0 15 0.0
138.6 0.0 15 0.0
138.7 0.0 15 0.0
138.8 0.0 15 0.0
138.9 0.0 15 0.0
139.0 0.0 15 0.0
139.1 0.0 15 0.0
139.2 0.0 15 0.0
139.3 0.0 15 0.0
139.4 0.0 15 0.0
139.5 0.0 15 0.0
139.6 0.0 15 0.0
139.7 0.0 15 0.0
139.8 0.0 15 0.0
139.9 0.0 15 0.0
140.0 0.0 15 0.0
140.1 0.0 15 0.0
140.2 0.0 15 0.0
140.3 0.0 15 0.0
140.4 0.0 15 0.0
140.5 0.0 15 0.0
140.6 0.0 15 0.0
140.7 0.0 15 0.0
140.8 0.0 15 0.0
140.9 0.0 15 0.0
141.0 0.0 15 0.0
141.1 0.0 15 0.0
141.2 0.0 15 0.0
141.3 0.0 15 0.0
141.4 0.0 15 0.0
141.5 0.0 15 0.0
141.6 0.0 15 0.0
141.7 0.0 15 0.0
141.8 0.0 15 0.0
141.9 0.0 15 0.0
142.0 0.0 15 0.0
142.1 0.0 15 0.0
142.2 0.0 15 0.0
142.3 0.0 15 0.0
142.4 0.0 15 0.0
142.5 0.0 15 0.0
142.6 0.0 15 0.0
142.7 0.0 15 0.0
142.8 0.0 15 0.0
142.9 0.0 15 0.0
143.0 0.0 15 0.0
143.1 0.0 15 0.0
143.2 0.0 15 0.0
143.3 0.0 15 0.0
143.4 0.0 15 0.0
143.5 0.0 15 0.0
143.6 0.0 15 0.0
143.7 0.0 15 0.0
143.8 0.0 15 0.0
143.9 0.0 15 0.0
144.0 0.0 15 0.0
144.1 0.0 15 0.0
144.2 0.0 15 0.0
144.3 0.0 15 0.0
144.4 0.0 15 0.0
144.5 0.0 15 0.0
144.6 0.0 15 0.0
144.7 0.0 15 0.0
144.8 0.0 15 0.0
144.9 0.0 15 0.0
145.0 0.0 15 0.0
145.1 0.0 15 0.0
145.2 0.0 15 0.0
145.3 0.0 15 0.0
145.4 0.0 15 0.0
145.5 0.0 15 0.0
145.6 0.0 15 0.0
145.7 0.0 15 0.0
145.8 0.0 15 0.0
145.9 0.0 15 0.0
146.0 0.0 15 0.0
146.1 0.0 15 0.0
146.2 0.0 15 0.0
146.3 0.0 15 0.0
146.4 0.0 15 0.0
146.5 0.0 15 0.0
146.6 0.0 15 0.0
146.7 0.0 15 0.0
146.8 0.0 15 0.0
146.9 0.0 15 0.0
147.0 0.0 15 0.0
147.1 0.0 15 0.0
147.2 0.0 15 0.0
147.3 0.0 15 0.0
147.4 0.0 15 0.0
147.5 0.0 15 0.0
147.6 0.0 15 0.0
147.7 0.0 15 0.0
147.8 0.0 15 0.0
147.9 0.0 15 0.0
148.0 0.0 15 0.0
148.1 0.0 15 0.0
148.2 0.0 15 0.0
148.3 0.0 15 0.0
148.4 0.0 15 0.0
148.5 0.0 15 0.0
148.6 0.0 15 0.0
148.7 0.0 15 0.0
148.8 0.0 15 0.0
148.9 0.0 15 0.0
149.0 0.0 15 0.0
149.1 0.0 15 0.0
149.2 0.0 15 0.0
149.3 0.0 15 0.0
149.4 0.0 15 0.0
149.5 0.0 15 0.0
149.6 0.0 15 0.0
149.7 0.0 15 0.0
149.8 0.0 15 0.0
149.9 0.0 15 0.0
150.0 0.0 15 0.0
150.1 0.0 15 0.0
150.2 0.0 15 0.0
150.3 0.0 15 0.0
150.4 0.0 15 0.0
150.5 0.0 15 0.0
150.6 0.0 15 0.0
150.7 0.0 15 0.0
150.8 0.0 15 0.0
150.9 0.0 15 0.0
151.0 0.0 15 0.0
151.1 0.0 15 0.0
151.2 0.0 15 0.0
151.3 0.0 15 0.0
151.4 0.0 15 0.0
151.5 0.0 15 0.0
151.6 0.0 15 0.0
151.7 0.0 15 0.0
151.8 0.0 15 0.0
151.9 0.0 15 0.0
152.0 0.0 15 0.0
152.1 0.0 15 0.0
152.2 0.0 15 0.0
152.3 0.0 15 0.0
152.4 0.0 15 0.0
152.5 0.0 15 0.0
152.6 0.0 15 0.0
152.7 0.0 15 0.0
152.8 0.0 15 0.0
152.9 0.0 15 0.0
153.0 0.0 15 0.0
153.1 0.0 15 0.0
153.2 0.0 15 0.0
153.3 0.0 15 0.0
153.4 0.0 15 0.0
153.5 0.0 15 0.0
153.6 0.0 15 0.0
153.7 0.0 15 0.0
153.8 0.0 15 0.0
153.9 0.0 15 0.0
154.0 0.0 15 0.0
154.1 0.0 15 0.0
154.2 0.0 15 0.0
154.3 0.0 15 0.0
154.4 0.0 15 0.0
154.5 0.0 15 0.0
154.6 0.0 15 0.0
154.7 0.0 15 0.0
154.8 0.0 15 0.0
154.9 0.0 15 0.0
155.0 0.0 15 0.0
155.1 0.0 15 0.0
155.2 0.0 15 0.0
155.3 0.0 15 0.0
155.4 0.0 15 0.0
155.5 0.0 15 0.0
155.6 0.0 15 0.0
155.7 0.0 15 0.0
155.8 0.0 15 0.0
155.9 0.0 15 0.0
156.0 0.0 15 0.0
156.1 0.0 15 0.0
156.2 0.0 15 0.0
156.3 0.0 15 0.0
156.4 0.0 15 0.0
156.5 0.0 15 0.0
156.6 0.0 15 0.0
156.7 0.0 15 0.0
156.8 0.0 15 0.0
156.9 0.0 15 0.0
157.0 0.0 15 0.0
157.1 0.0 15 0.0
157.2 0.0 15 0.0
157.3 0.0 15 0.0
157.4 0.0 15 0.0
157.5 0.0 15 0.0
157.6 0.0 15 0.0
157.7 0.0 15 0.0
157.8 0.0 15 0.0
157.9 0.0 15 0.0
158.0 0.0 15 0.0
158.1 0.0 15 0.0
158.2 0.0 15 0.0
158.3 0.0 15 0.0
158.4 0.0 15 0.0
158.5 0.0 15 0.0
158.6 0.0 15 0.0
158.7 0.0 15 0.0
158.8 0.0 15 0.0
158.9 0.0 15 0.0
159.0 0.0 15 0.0
159.1 0.0 15 0.0
159.2 0.0 15 0.0
159.3 0.0 15 0.0
159.4 0.0 15 0.0
159.5 0.0 15 0.0
159.6 0.0 15 0.0
159.7 0.0 15 0.0
159.8 0.0 15 0.0
159.9 0.0 15 0.0
160.0 0.0 15 0.0
160.1 0.0 15 0.0
160.2 0.0 15 0.0
160.3 0.0 15 0.0
160.4 0.0 15 0.0
160.5 0.0 15 0.0
160.6 0.0 15 0.0
160.7 0.0 15 0.0
160.8 0.0 15 0.0
160.9 0.0 15 0.0
161.0 0.0 15 0.0
161.1 0.0 15 0.0
161.2 0.0 15 0.0
161.3 0.0 15 0.0
161.4 0.0 15 0.0
161.5 0.0 15 0.0
161.6 0.0 15 0.0
161.7 0.0 15 0.0
161.8 0.0 15 0.0
161.9 0.0 15 0.0
162.0 0.0 15 0.0
162.1 0.0 15 0.0
162.2 0.0 15 0.0
162.3 0.0 15 0.0
162.4 0.0 15 0.0
162.5 0.0 15 0.0
162.6 0.0 15 0.0
162.7 0.0 15 0.0
162.8 0.0 15 0.0
162.9 0.0 15 0.0
163.0 0.0 15 0.0
163.1 0.0 15 0.0
163.2 0.0 15 0.0
163.3 0.0 15 0.0
163.4 0.0 15 0.0
163.5 0.0 15 0.0
163.6 0.0 15 0.0
163.7 0.0 15 0.0
163.8 0.0 15 0.0
163.9 0.0 15 0.0
164.0 0.0 15 0.0
164.1 0.0 15 0.0
164.2 0.0 15 0.0
164.3 0.0 15 0.0
164.4 0.0 15 0.0
164.5 0.0 15 0.0
164.6 0.0 15 0.0
164.7 0.0 15 0.0
164.8 0.0 15 0.0
164.9 0.0 15 0.0
165.0 0.0 15 0.0
165.1 0.0 15 0.0
165.2 0.0 15 0.0
165.3 0.0 15 0.0
165.4 0.0 15 0.0
165.5 0.0 15 0.0
165.6 0.0 15 0.0
165.7 0.0 15 0.0
165.8 0.0 15 0.0
165.9 0.0 15 0.0
166.0 0.0 15 0.0
166.1 0.0 15 0.0
166.2 0.0 15 0.0
166.3 0.0 15 0.0
166.4 0.0 15 0.0
166.5 0.0 15 0.0
166.6 0.0 15 0.0
166.7 0.0 15 0.0
166.8 0.0 15 0.0
166.9 0.0 15 0.0
167.0 0.0 15 0.0
167.1 0.0 15 0.0
167.2 0.0 15 0.0
167.3 0.0 15 0.0
167.4 0.0 15 0.0
167.5 0.0 15 0.0
167.6 0.0 15 0.0
167.7 0.0 15 0.0
167.8 0.0 15 0.0
167.9 0.0 15 0.0
168.0 0.0 15 0.0
168.1 0.0 15 0.0
168.2 0.0 15 0.0
168.3 0.0 15 0.0
168.4 0.0 15 0.0
168.5 0.0 15 0.0
168.6 0.0 15 0.0
168.7 0.0 15 0.0
168.8 0.0 15 0.0
168.9 0.0 15 0.0
169.0 0.0 15 0.0
169.1 0.0 15 0.0
169.2 0.0 15 0.0
169.3 0.0 15 0.0
169.4 0.0 15 0.0
169.5 0.0 15 0.0
169.6 0.0 15 0.0
169.7 0.0 15 0.0
169.8 0.0 15 0.0
169.9 0.0 15 0.0
170.0 0.0 15 0.0
170.1 0.0 15 0.0
170.2 0.0 15 0.0
170.3 0.0 15 0.0
170.4 0.0 15 0.0
170.5 0.0 15 0.0
170.6 0.0 15 0.0
170.7 0.0 15 0.0
170.8 0.0 15 0.0
170.9 0.0 15 0.0
171.0 0.0 15 0.0
171.1 0.0 15 0.0
171.2 0.0 15 0.0
171.3 0.0 15 0.0
171.4 0.0 15 0.0
171.5 0.0 15 0.0
171.6 0.0 15 0.0
171.7 0.0 15 0.0
171.8 0.0 15 0.0
171.9 0.0 15 0.0
172.0 0.0 15 0.0
172.1 0.0 15 0.0
172.2 0.0 15 0.0
172.3 0.0 15 0.0
172.4 0.0 15 0.0
172.5 0.0 15 0.0
172.6 0.0 15 0.0
172.7 0.0 15 0.0
172.8 0.0 15 0.0
172.9 0.0 15 0.0
173.0 0.0 15 0.0
173.1 0.0 15 0.0
173.2 0.0 15 0.0
173.3 0.0 15 0.0
173.4 0.0 15 0.0
173.5 0.0 15 0.0
173.6 0.0 15 0.0
173.7 0.0 15 0.0
173.8 0.0 15 0.0
173.9 0.0 15 0.0
174.0 0.0 15 0.0
174.1 0.0 15 0.0
174.2 0.0 15 0.0
174.3 0.0 15 0.0
174.4 0.0 15 0.0
174.5 0.0 15 0.0
174.6 0.0 15 0.0
174.7 0.0 15 0.0
174.8 0.0 15 0.0
174.9 0.0 15 0.0
175.0 0.0 15 0.0
175.1 0.0 15 0.0
175.2 0.0 15 0.0
175.3 0.0 15 0.0
175.4 0.0 15 0.0
175.5 0.0 15 0.0
175.6 0.0 15 0.0
175.7 0.0 15 0.0
175.8 0.0 15 0.0
175.9 0.0 15 0.0
176.0 0.0 15 0.0
176.1 0.0 15 0.0
176.2 0.0 15 0.0
176.3 0.0 15 0.0
176.4 0.0 15 0.0
176.5 0.0 15 0.0
176.6 0.0 15 0.0
176.7 0.0 15 0.0
176.8 0.0 15 0.0
176.9 0.0 15 0.0
177.0 0.0 15 0.0
177.1 0.0 15 0.0
177.2 0.0 15 0.0
177.3 0.0 15 0.0
177.4 0.0 15 0.0
177.5 0.0 15 0.0
177.6 0.0 15 0.0
177.7 0.0 15 0.0
177.8 0.0 15 0.0
177.9 0.0 15 0.0
178.0 0.0 15 0.0
178.1 0.0 15 0.0
178.2 0.0 15 0.0
178.3 0.0 15 0.0
178.4 0.0 15 0.0
178.5 0.0 15 0.0
178.6 0.0 15 0.0
178.7 0.0 15 0.0
178.8 0.0 15 0.0
178.9 0.0 15 0.0
179.0 0.0 15 0.0
179.1 0.0 15 0.0
179.2 0.0 15 0.0
179.3 0.0 15 0.0
179.4 0.0 15 0.0
179.5 0.0 15 0.0
179.6 0.0 15 0.0
179.7 0.0 15 0.0
179.8 0.0 15 0.0
179.9 0.0 15 0.0
180.0 0.0 15 0.0
180.1 0.0 15 0.0
180.2 0.0 15 0.0
180.3 0.0 15 0.0
180.4 0.0 15 0.0
180.5 0.0 15 0.0
180.6 0.0 15 0.0
180.7 0.0 15 0.0
180.8 0.0 15 0.0
180.9 0.0 15 0.0
181.0 0.0 15 0.0
181.1 0.0 15 0.0
181.2 0.0 15 0.0
181.3 0.0 15 0.0
181.4 0.0 15 0.0
181.5 0.0 15 0.0
181.6 0.0 15 0.0
181.7 0.0 15 0.0
181.8 0.0 15 0.0
181.9 0.0 15 0.0
182.0 0.0 15 0.0
182.1 0.0 15 0.0
182.2 0.0 15 0.0
182.3 0.0 15 0.0
182.4 0.0 15 0.0
182.5 0.0 15 0.0
182.6 0.0 15 0.0
182.7 0.0 15 0.0
182.8 0.0 15 0.0
182.9 0.0 15 0.0
183.0 0.0 15 0.0
183.1 0.0 15 0.0
183.2 0.0 15 0.0
183.3 0.0 15 0.0
183.4 0.0 15 0.0
183.5 0.0 15 0.0
183.6 0.0 15 0.0
183.7 0.0 15 0.0
183.8 0.0 15 0.0
183.9 0.0 15 0.0
184.0 0.0 15 0.0
184.1 0.0 15 0.0
184.2 0.0 15 0.0
184.3 0.0 15 0.0
184.4 0.0 15 0.0
184.5 0.0 15 0.0
184.6 0.0 15 0.0
184.7 0.0 15 0.0
184.8 0.0 15 0.0
184.9 0.0 15 0.0
185.0 0.0 15 0.0
185.1 0.0 15 0.0
185.2 0.0 15 0.0
185.3 0.0 15 0.0
185.4 0.0 15 0.0
185.5 0.0 15 0.0
185.6 0.0 15 0.0
185.7 0.0 15 0.0
185.8 0.0 15 0.0
185.9 0.0 15 0.0
186.0 0.0 15 0.0
186.1 0.0 15 0.0
186.2 0.0 15 0.0
186.3 0.0 15 0.0
186.4 0.0 15 0.0
186.5 0.0 15 0.0
186.6 0.0 15 0.0
186.7 0.0 15 0.0
186.8 0.0 15 0.0
186.9 0.0 15 0.0
187.0 0.0 15 0.0
187.1 0.0 15 0.0
187.2 0.0 15 0.0
187.3 0.0 15 0.0
187.4 0.0 15 0.0
187.5 0.0 15 0.0
187.6 0.0 15 0.0
187.7 0.0 15 0.0
187.8 0.0 15 0.0
187.9 0.0 15 0.0
188.0 0.0 15 0.0
188.1 0.0 15 0.0
188.2 0.0 15 0.0
188.3 0.0 15 0.0
188.4 0.0 15 0.0
188.5 0.0 15 0.0
188.6 0.0 15 0.0
188.7 0.0 15 0.0
188.8 0.0 15 0.0
188.9 0.0 15 0.0
189.0 0.0 15 0.0
189.1 0.0 15 0.0
189.2 0.0 15 0.0
189.3 0.0 15 0.0
189.4 0.0 15 0.0
189.5 0.0 15 0.0
189.6 0.0 15 0.0
189.7 0.0 15 0.0
189.8 0.0 15 0.0
189.9 0.0 15 0.0
190.0 0.0 15 0.0
190.1 0.0 15 0.0
190.2 0.0 15 0.0
190.3 0.0 15 0.0
190.4 0.0 15 0.0
190.5 0.0 15 0.0
190.6 0.0 15 0.0
190.7 0.0 15 0.0
190.8 0.0 15 0.0
190.9 0.0 15 0.0
191.0 0.0 15 0.0
191.1 0.0 15 0.0
191.2 0.0 15 0.0
191.3 0.0 15 0.0
191.4 0.0 15 0.0
191.5 0.0 15 0.0
191.6 0.0 15 0.0
191.7 0.0 15 0.0
191.8 0.0 15 0.0
191.9 0.0 15 0.0
192.0 0.0 15 0.0
192.1 0.0 15 0.0
192.2 0.0 15 0.0
192.3 0.0 15 0.0
192.4 0.0 15 0.0
192.5 0.0 15 0.0
192.6 0.0 15 0.0
192.7 0.0 15 0.0
192.8 0.0 15 0.0
192.9 0.0 15 0.0
193.0 0.0 15 0.0
193.1 0.0 15 0.0
193.2 0.0 15 0.0
193.3 0.0 15 0.0
193.4 0.0 15 0.0
193.5 0.0 15 0.0
193.6 0.0 15 0.0
193.7 0.0 15 0.0
193.8 0.0 15 0.0
193.9 0.0 15 0.0
194.0 0.0 15 0.0
194.1 0.0 15 0.0
194.2 0.0 15 0.0
194.3 0.0 15 0.0
194.4 0.0 15 0.0
194.5 0.0 15 0.0
194.6 0.0 15 0.0
194.7 0.0 15 0.0
194.8 0.0 15 0.0
194.9 0.0 15 0.0
195.0 0.0 15 0.0
195.1 0.0 15 0.0
195.2 0.0 15 0.0
195.3 0.0 15 0.0
195.4 0.0 15 0.0
195.5 0.0 15 0.0
195.6 0.0 15 0.0
195.7 0.0 15 0.0
195.8 0.0 15 0.0
195.9 0.0 15 0.0
196.0 0.0 15 0.0
196.1 0.0 15 0.0
196.2 0.0 15 0.0
196.3 0.0 15 0.0
196.4 0.0 15 0.0
196.5 0.0 15 0.0
196.6 0.0 15 0.0
196.7 0.0 15 0.0
196.8 0.0 15 0.0
196.9 0.0 15 0.0
197.0 0.0 15 0.0
197.1 0.0 15 0.0
197.2 0.0 15 0.0
197.3 0.0 15 0.0
197.4 0.0 15 0.0
197.5 0.0 15 0.0
197.6 0.0 15 0.0
197.7 0.0 15 0.0
197.8 0.0 15 0.0
197.9 0.0 15 0.0
198.0 0.0 15 0.0
198.1 0.0 15 0.0
198.2 0.0 15 0.0
198.3 0.0 15 0.0
198.4 0.0 15 0.0
198.5 0.0 15 0.0
198.6 0.0 15 0.0
198.7 0.0 15 0.0
198.8 0.0 15 0.0
198.9 0.0 15 0.0
199.0 0.0 15 0.0
199.1 0.0 15 0.0
199.2 0.0 15 0.0
199.3 0.0 15 0.0
199.4 0.0 15 0.0
199.5 0.0 15 0.0
199.6 0.0 15 0.0
199.7 0.0 15 0.0
199.8 0.0 15 0.0
199.9 0.0 15 0.0
200.0 0.0 15 0.0
200.1 0.0 15 0.0
200.2 0.0 15 0.0
200.3 0.0 15 0.0
200.4 0.0 15 0.0
200.5 0.0 15 0.0
200.6 0.0 15 0.0
200.7 0.0 15 0.0
200.8 0.0 15 0.0
200.9 0.0 15 0.0
201.0 0.0 15 0.0
201.1 0.0 15 0.0
201.2 0.0 15 0.0
201.3 0.0 15 0.0
201.4 0.0 15 0.0
201.5 0.0 15 0.0
201.6 0.0 15 0.0
201.7 0.0 15 0.0
201.8 0.0 15 0.0
201.9 0.0 15 0.0
202.0 0.0 15 0.0
202.1 0.0 15 0.0
202.2 0.0 15 0.0
202.3 0.0 15 0.0
202.4 0.0 15 0.0
202.5 0.0 15 0.0
202.6 0.0 15 0.0
202.7 0.0 15 0.0
202.8 0.0 15 0.0
202.9 0.0 15 0.0
203.0 0.0 15 0.0
203.1 0.0 15 0.0
203.2 0.0 15 0.0
203.3 0.0 15 0.0
203.4 0.0 15 0.0
203.5 0.0 15 0.0
203.6 0.0 15 0.0
203.7 0.0 15 0.0
203.8 0.0 15 0.0
203.9 0.0 15 0.0
204.0 0.0 15 0.0
204.1 0.0 15 0.0
204.2 0.0 15 0.0
204.3 0.0 15 0.0
204.4 0.0 15 0.0
204.5 0.0 15 0.0
204.6 0.0 15 0.0
204.7 0.0 15 0.0
204.8 0.0 15 0.0
204.9 0.0 15 0.0
205.0 0.0 15 0.0
205.1 0.0 15 0.0
205.2 0.0 15 0.0
205.3 0.0 15 0.0
205.4 0.0 15 0.0
205.5 0.0 15 0.0
205.6 0.0 15 0.0
205.7 0.0 15 0.0
205.8 0.0 15 0.0
205.9 0.0 15 0.0
206.0 0.0 15 0.0
206.1 0.0 15 0.0
206.2 0.0 15 0.0
206.3 0.0 15 0.0
206.4 0.0 15 0.0
206.5 0.0 15 0.0
206.6 0.0 15 0.0
206.7 0.0 15 0.0
206.8 0.0 15 0.0
206.9 0.0 15 0.0
207.0 0.0 15 0.0
207.1 0.0 15 0.0
207.2 0.0 15 0.0
207.3 0.0 15 0.0
207.4 0.0 15 0.0
207.5 0.0 15 0.0
207.6 0.0 15 0.0
207.7 0.0 15 0.0
207.8 0.0 15 0.0
207.9 0.0 15 0.0
208.0 0.0 15 0.0
208.1 0.0 15 0.0
208.2 0.0 15 0.0
208.3 0.0 15 0.0
208.4 0.0 15 0.0
208.5 0.0 15 0.0
208.6 0.0 15 0.0
208.7 0.0 15 0.0
208.8 0.0 15 0.0
208.9 0.0 15 0.0
209.0 0.0 15 0.0
209.1 0.0 15 0.0
209.2 0.0 15 0.0
209.3 0.0 15 0.0
209.4 0.0 15 0.0
209.5 0.0 15 0.0
209.6 0.0 15 0.0
209.7 0.0 15 0.0
209.8 0.0 15 0.0
209.9 0.0 15 0.0
210.0 0.0 15 0.0
210.1 0.0 15 0.0
210.2 0.0 15 0.0
210.3 0.0 15 0.0
210.4 0.0 15 0.0
210.5 0.0 15 0.0
210.6 0.0 15 0.0
210.7 0.0 15 0.0
210.8 0.0 15 0.0
210.9 0.0 15 0.0
211.0 0.0 15 0.0
211.1 0.0 15 0.0
211.2 0.0 15 0.0
211.3 0.0 15 0.0
211.4 0.0 15 0.0
211.5 0.0 15 0.0
211.6 0.0 15 0.0
211.7 0.0 15 0.0
211.8 0.0 15 0.0
211.9 0.0 15 0.0
212.0 0.0 15 0.0
212.1 0.0 15 0.0
212.2 0.0 15 0.0
212.3 0.0 15 0.0
212.4 0.0 15 0.0
212.5 0.0 15 0.0
212.6 0.0 15 0.0
212.7 0.0 15 0.0
212.8 0.0 15 0.0
212.9 0.0 15 0.0
213.0 0.0 15 0.0
213.1 0.0 15 0.0
213.2 0.0 15 0.0
213.3 0.0 15 0.0
213.4 0.0 15 0.0
213.5 0.0 15 0.0
213.6 0.0 15 0.0
213.7 0.0 15 0.0
213.8 0.0 15 0.0
213.9 0.0 15 0.0
214.0 0.0 15 0.0
214.1 0.0 15 0.0
214.2 0.0 15 0.0
214.3 0.0 15 0.0
214.4 0.0 15 0.0
214.5 0.0 15 0.0
214.6 0.0 15 0.0
214.7 0.0 15 0.0
214.8 0.0 15 0.0
214.9 0.0 15 0.0
215.0 0.0 15 0.0
215.1 0.0 15 0.0
215.2 0.0 15 0.0
215.3 0.0 15 0.0
215.4 0.0 15 0.0
215.5 0.0 15 0.0
215.6 0.0 15 0.0
215.7 0.0 15 0.0
215.8 0.0 15 0.0
215.9 0.0 15 0.0
216.0 0.0 15 0.0
216.1 0.0 15 0.0
216.2 0.0 15 0.0
216.3 0.0 15 0.0
216.4 0.0 15 0.0
216.5 0.0 15 0.0
216.6 0.0 15 0.0
216.7 0.0 15 0.0
216.8 0.0 15 0.0
216.9 0.0 15 0.0
217.0 0.0 15 0.0
217.1 0.0 15 0.0
217.2 0.0 15 0.0
217.3 0.0 15 0.0
217.4 0.0 15 0.0
217.5 0.0 15 0.0
217.6 0.0 15 0.0
217.7 0.0 15 0.0
217.8 0.0 15 0.0
217.9 0.0 15 0.0
218.0 0.0 15 0.0
218.1 0.0 15 0.0
218.2 0.0 15 0.0
218.3 0.0 15 0.0
218.4 0.0 15 0.0
218.5 0.0 15 0.0
218.6 0.0 15 0.0
218.7 0.0 15 0.0
218.8 0.0 15 0.0
218.9 0.0 15 0.0
219.0 0.0 15 0.0
219.1 0.0 15 0.0
219.2 0.0 15 0.0
219.3 0.0 15 0.0
219.4 0.0 15 0.0
219.5 0.0 15 0.0
219.6 0.0 15 0.0
219.7 0.0 15 0.0
219.8 0.0 15 0.0
219.9 0.0 15 0.0
220.0 0.0 15 0.0
220.1 0.0 15 0.0
220.2 0.0 15 0.0
220.3 0.0 15 0.0
220.4 0.0 15 0.0
220.5 0.0 15 0.0
220.6 0.0 15 0.0
220.7 0.0 15 0.0
220.8 0.0 15 0.0
220.9 0.0 15 0.0
221.0 0.0 15 0.0
221.1 0.0 15 0.0
221.2 0.0 15 0.0
221.3 0.0 15 0.0
221.4 0.0 15 0.0
221.5 0.0 15 0.0
221.6 0.0 15 0.0
221.7 0.0 15 0.0
221.8 0.0 15 0.0
221.9 0.0 15 0.0
222.0 0.0 15 0.0
222.1 0.0 15 0.0
222.2 0.0 15 0.0
222.3 0.0 15 0.0
222.4 0.0 15 0.0
222.5 0.0 15 0.0
222.6 0.0 15 0.0
222.7 0.0 15 0.0
222.8 0.0 15 0.0
222.9 0.0 15 0.0
223.0 0.0 15 0.0
223.1 0.0 15 0.0
223.2 0.0 15 0.0
223.3 0.0 15 0.0
223.4 0.0 15 0.0
223.5 0.0 15 0.0
223.6 0.0 15 0.0
223.7 0.0 15 0.0
223.8 0.0 15 0.0
223.9 0.0 15 0.0
224.0 0.0 15 0.0
224.1 0.0 15 0.0
224.2 0.0 15 0.0
224.3 0.0 15 0.0
224.4 0.0 15 0.0
224.5 0.0 15 0.0
224.6 0.0 15 0.0
224.7 0.0 15 0.0
224.8 0.0 15 0.0
224.9 0.0 15 0.0
225.0 0.0 15 0.0
225.1 0.0 15 0.0
225.2 0.0 15 0.0
225.3 0.0 15 0.0
225.4 0.0 15 0.0
225.5 0.0 15 0.0
225.6 0.0 15 0.0
225.7 0.0 15 0.0
225.8 0.0 15 0.0
225.9 0.0 15 0.0
226.0 0.0 15 0.0
226.1 0.0 15 0.0
226.2 0.0 15 0.0
226.3 0.0 15 0.0
226.4 0.0 15 0.0
226.5 0.0 15 0.0
226.6 0.0 15 0.0
226.7 0.0 15 0.0
226.8 0.0 15 0.0
226.9 0.0 15 0.0
227.0 0.0 15 0.0
227.1 0.0 15 0.0
227.2 0.0 15 0.0
227.3 0.0 15 0.0
227.4 0.0 15 0.0
227.5 0.0 15 0.0
227.6 0.0 15 0.0
227.7 0.0 15 0.0
227.8 0.0 15 0.0
227.9 0.0 15 0.0
228.0 0.0 15 0.0
228.1 0.0 15 0.0
228.2 0.0 15 0.0
228.3 0.0 15 0.0
228.4 0.0 15 0.0
228.5 0.0 15 0.0
228.6 0.0 15 0.0
228.7 0.0 15 0.0
228.8 0.0 15 0.0
228.9 0.0 15 0.0
229.0 0.0 15 0.0
229.1 0.0 15 0.0
229.2 0.0 15 0.0
229.3 0.0 15 0.0
229.4 0.0 15 0.0
229.5 0.0 15 0.0
229.6 0.0 15 0.0
229.7 0.0 15 0.0
229.8 0.0 15 0.0
229.9 0.0 15 0.0
230.0 0.0 15 0.0
230.1 0.0 15 0.0
230.2 0.0 15 0.0
230.3 0.0 15 0.0
230.4 0.0 15 0.0
230.5 0.0 15 0.0
230.6 0.0 15 0.0
230.7 0.0 15 0.0
230.8 0.0 15 0.0
230.9 0.0 15 0.0
231.0 0.0 15 0.0
231.1 0.0 15 0.0
231.2 0.0 15 0.0
231.3 0.0 15 0.0
231.4 0.0 15 0.0
231.5 0.0 15 0.0
231.6 0.0 15 0.0
231.7 0.0 15 0.0
231.8 0.0 15 0.0
231.8 0.0 15 0.0
231.9 0.0 15 0.0
232.0 0.0 15 0.0
232.1 0.0 15 0.0
232.2 0.0 15 0.0
232.3 0.0 15 0.0
232.4 0.0 15 0.0
232.5 0.0 15 0.0
232.6 0.0 15 0.0
232.7 0.0 15 0.0
232.8 0.0 15 0.0
232.9 0.0 15 0.0
233.0 0.0 15 0.0
233.1 0.0 15 0.0
233.2 0.0 15 0.0
233.3 0.0 15 0.0
233.4 0.0 15 0.0
233.5 0.0 15 0.0
233.6 0.0 15 0.0
233.7 0.0 15 0.0
233.8 0.0 15 0.0
233.9 0.0 15 0.0
234.0 0.0 15 0.0
234.1 0.0 15 0.0
234.2 0.0 15 0.0
234.3 0.0 15 0.0
234.4 0.0 15 0.0
234.5 0.0 15 0.0
234.6 0.0 15 0.0
234.7 0.0 15 0.0
234.8 0.0 15 0.0
234.9 0.0 15 0.0
235.0 0.0 15 0.0
235.1 0.0 15 0.0
235.2 0.0 15 0.0
235.3 0.0 15 0.0
235.4 0.0 15 0.0
235.5 0.0 15 0.0
235.6 0.0 15 0.0
235.7 0.0 15 0.0
235.8 0.0 15 0.0
235.9 0.0 15 0.0
236.0 0.0 15 0.0
236.1 0.0 15 0.0
236.2 0.0 15 0.0
236.3 0.0 15 0.0
236.4 0.0 15 0.0
236.5 0.0 15 0.0
236.6 0.0 15 0.0
236.7 0.0 15 0.0
236.8 0.0 15 0.0
236.9 0.0 15 0.0
237.0 0.0 15 0.0
237.1 0.0 15 0.0
237.2 0.0 15 0.0
237.3 0.0 15 0.0
237.4 0.0 15 0.0
237.5 0.0 15 0.0
237.6 0.0 15 0.0
237.7 0.0 15 0.0
237.8 0.0 15 0.0
237.9 0.0 15 0.0
238.0 0.0 15 0.0
238.1 0.0 15 0.0
238.2 0.0 15 0.0
238.3 0.0 15 0.0
238.4 0.0 15 0.0
238.5 0.0 15 0.0
238.6 0.0 15 0.0
238.7 0.0 15 0.0
238.8 171.1357 14 1.0
238.9 171.2034 14 1.0
239.0 171.2711 14 1.0
239.1 171.3388 14 1.0
239.2 171.4065 14 1.0
239.3 171.4741 14 1.0
239.4 171.5418 14 1.0
239.5 171.6095 14 1.0
239.6 171.6772 14 1.0
239.7 171.7449 14 1.0
239.8 171.8126 14 1.0
239.9 171.8803 14 1.0
240.0 171.948 14 1.0
240.1 172.0156 14 1.0
240.2 172.0833 14 1.0
240.3 172.151 14 1.0
240.4 172.2187 14 1.0
240.5 172.2864 14 1.0
240.6 172.3541 14 1.0
240.7 172.4218 14 1.0
240.8 172.4895 14 1.0
240.9 172.5571 14 1.0
241.0 172.6248 14 1.0
241.1 172.6925 14 1.0
241.2 172.7602 14 1.0
241.3 172.8279 14 1.0
241.4 172.8956 14 1.0
241.5 172.9633 14 1.0
241.6 173.031 14 1.0
241.7 173.0986 14 1.0
241.8 173.1663 14 1.0
241.9 173.234 14 1.0
242.0 173.3017 14 1.0
242.1 173.3694 14 1.0
242.2 173.4371 14 1.0
242.3 173.5048 14 1.0
242.4 173.5725 14 1.0
242.5 173.6402 14 1.0
242.6 173.7078 14 1.0
242.7 173.7755 14 1.0
242.8 173.8432 14 1.0
242.9 173.9109 14 1.0
243.0 173.9786 14 1.0
243.1 174.0463 14 1.0
243.2 174.114 14 1.0
243.3 174.1817 14 1.0
243.4 174.2493 14 1.0
243.5 174.317 14 1.0
243.6 174.3847 14 1.0
243.7 174.4524 14 1.0
243.8 174.5201 14 1.0
243.9 174.5878 14 1.0
244.0 174.6555 14 1.0
244.1 174.7232 14 1.0
244.2 174.7908 14 1.0
244.3 174.8585 14 1.0
244.4 174.9262 14 1.0
244.5 174.9939 14 1.0
244.6 175.0616 14 1.0
244.7 175.1293 14 1.0
244.8 175.197 14 1.0
244.9 175.2647 14 1.0
245.0 175.3324 14 1.0
245.1 175.4 14 1.0
245.2 175.4677 14 1.0
245.3 175.5354 14 1.0
245.4 175.6031 14 1.0
245.5 175.6708 14 1.0
245.6 175.7385 14 1.0
245.7 175.8062 14 1.0
245.8 175.8739 14 1.0
245.9 175.9415 14 1.0
246.0 176.0092 14 1.0
246.1 176.0769 14 1.0
246.2 176.1446 14 1.0
246.3 176.2123 14 1.0
246.4 176.28 14 1.0
246.5 176.3477 14 1.0
246.6 176.4154 14 1.0
246.7 176.483 14 1.0
246.8 176.5507 14 1.0
246.9 176.6184 14 1.0
247.0 176.6861 14 1.0
247.1 176.7538 14 1.0
247.2 176.8215 14 1.0
247.3 176.8892 14 1.0
247.4 176.9569 14 1.0
247.5 177.0245 14 1.0
247.6 177.0922 14 1.0
247.7 177.1599 14 1.0
247.8 177.2276 14 1.0
247.9 177.2953 14 1.0
248.0 177.363 14 1.0
248.1 177.4307 14 1.0
248.2 177.4984 14 1.0
248.3 177.5661 14 1.0
248.4 177.6337 14 1.0
248.5 177.7014 14 1.0
248.6 177.7691 14 1.0
248.7 177.8368 14 1.0
248.8 177.9045 14 1.0
248.9 177.9722 14 1.0
249.0 178.0399 14 1.0
249.1 178.1076 14 1.0
249.2 178.1752 14 1.0
249.3 178.2429 14 1.0
249.4 178.3106 14 1.0
249.5 178.3783 14 1.0
249.6 178.446 14 1.0
249.7 178.5137 14 1.0
249.8 178.5814 14 1.0
249.9 178.6435 14 1.0
250.0 178.7057 14 1.0
250.1 178.7679 14 1.0
250.2 178.8301 14 1.0
250.3 178.8923 14 1.0
250.4 178.9544 14 1.0
250.5 179.0166 14 1.0
250.6 179.0788 14 1.0
250.7 179.141 14 1.0
250.8 179.2032 14 1.0
250.9 179.2653 14 1.0
251.0 179.3275 14 1.0
251.1 179.3897 14 1.0
251.2 179.4519 14 1.0
251.3 179.514 14 1.0
251.4 179.5762 14 1.0
251.5 179.6384 14 1.0
251.6 179.7006 14 1.0
251.7 179.7628 14 1.0
251.8 179.8249 14 1.0
251.9 179.8871 14 1.0
252.0 179.9493 14 1.0
252.1 180.0115 14 1.0
252.2 180.0736 14 1.0
252.3 180.1358 14 1.0
252.4 180.198 14 1.0
252.5 180.2602 14 1.0
252.6 180.3224 14 1.0
252.7 180.3845 14 1.0
252.8 180.4467 14 1.0
252.9 180.5089 14 1.0
253.0 180.5711 14 1.0
253.1 180.6332 14 1.0
253.2 180.6954 14 1.0
253.3 180.7576 14 1.0
253.4 180.8198 14 1.0
253.5 180.882 14 1.0
253.6 180.9441 14 1.0
253.7 181.0063 14 1.0
253.8 181.0685 14 1.0
253.9 181.1307 14 1.0
254.0 181.1929 14 1.0
254.1 181.255 14 1.0
254.2 181.3172 14 1.0
254.3 181.3794 14 1.0
254.4 181.4416 14 1.0
254.5 181.5037 14 1.0
254.6 181.5659 14 1.0
254.7 181.6281 14 1.0
254.8 181.6903 14 1.0
254.9 181.7525 14 1.0
255.0 181.8146 14 1.0
255.1 181.8768 14 1.0
255.2 181.939 14 1.0
255.3 182.0012 14 1.0
255.4 182.0633 14 1.0
255.5 182.1255 14 1.0
255.6 182.1877 14 1.0
255.7 182.2499 14 1.0
255.8 182.3121 14 1.0
255.9 182.3742 14 1.0
256.0 182.4364 14 1.0
256.1 182.4986 14 1.0
256.2 182.5608 14 1.0
256.3 182.6229 14 1.0
256.4 182.6851 14 1.0
256.5 182.7473 14 1.0
256.6 182.8095 14 1.0
256.7 182.8717 14 1.0
256.8 182.9338 14 1.0
256.9 182.996 14 1.0
257.0 183.0582 14 1.0
257.1 183.1204 14 1.0
257.2 183.1826 14 1.0
257.3 183.2447 14 1.0
257.4 183.3069 14 1.0
257.5 183.3691 14 1.0
257.6 183.4313 14 1.0
257.7 183.4934 14 1.0
257.8 183.5556 14 1.0
257.9 183.6178 14 1.0
258.0 183.68 14 1.0
258.1 183.7422 14 1.0
258.2 183.8043 14 1.0
258.3 183.8665 14 1.0
258.4 183.9287 14 1.0
258.5 183.9909 14 1.0
258.6 184.053 14 1.0
258.7 184.1152 14 1.0
258.8 184.1774 14 1.0
258.9 184.2396 14 1.0
259.0 184.3018 14 1.0
259.1 184.3639 14 1.0
259.2 184.4261 14 1.0
259.3 184.4883 14 1.0
259.4 184.5505 14 1.0
259.5 184.6126 14 1.0
259.6 184.6748 14 1.0
259.7 184.737 14 1.0
259.8 184.7992 14 1.0
259.9 184.8614 14 1.0
260.0 184.9235 14 1.0
260.1 184.9857 14 1.0
260.2 185.0479 14 1.0
260.3 185.1101 14 1.0
260.4 185.1722 14 1.0
260.5 185.2344 14 1.0
260.6 185.2966 14 1.0
260.7 185.3588 14 1.0
260.8 185.421 14 1.0
260.9 185.4831 14 1.0
261.0 185.5453 14 1.0
261.1 185.6075 14 1.0
261.2 185.6697 14 1.0
261.3 185.7319 14 1.0
261.4 185.794 14 1.0
261.5 185.8562 14 1.0
261.6 185.9184 14 1.0
261.7 185.9806 14 1.0
261.8 186.0427 14 1.0
261.9 186.1049 14 1.0
262.0 186.1671 14 1.0
262.1 186.2293 14 1.0
262.2 186.2915 14 1.0
262.3 186.3536 14 1.0
262.4 186.4158 14 1.0
262.5 186.478 14 1.0
262.6 186.5402 14 1.0
262.7 186.6023 14 1.0
262.8 186.6645 14 1.0
262.9 186.7267 14 1.0
263.0 186.7889 14 1.0
263.1 186.8511 14 1.0
263.2 186.9132 14 1.0
263.3 186.9754 14 1.0
263.4 187.0376 14 1.0
263.5 187.0998 14 1.0
263.6 187.1619 14 1.0
263.7 187.2241 14 1.0
263.8 187.2863 14 1.0
263.9 187.3485 14 1.0
264.0 187.4107 14 1.0
264.1 187.4728 14 1.0
264.2 187.535 14 1.0
264.3 187.5972 14 1.0
264.4 187.6594 14 1.0
264.5 187.7216 14 1.0
264.6 187.7837 14 1.0
264.7 187.8459 14 1.0
264.8 187.9081 14 1.0
264.9 187.9703 14 1.0
265.0 188.0324 14 1.0
265.1 188.0946 14 1.0
265.2 188.1568 14 1.0
265.3 188.219 14 1.0
265.4 188.2812 14 1.0
265.5 188.3433 14 1.0
265.6 188.4055 14 1.0
265.7 188.4677 14 1.0
265.8 188.5299 14 1.0
265.9 188.592 14 1.0
266.0 188.6542 14 1.0
266.1 188.7164 14 1.0
266.2 188.7786 14 1.0
266.3 188.8408 14 1.0
266.4 188.9029 14 1.0
266.5 188.9651 14 1.0
266.6 189.0273 14 1.0
266.7 189.0895 14 1.0
266.8 189.1516 14 1.0
266.9 189.2138 14 1.0
267.0 189.276 14 1.0
267.1 189.3382 14 1.0
267.2 189.4004 14 1.0
267.3 189.4625 14 1.0
267.4 189.5247 14 1.0
267.5 189.5869 14 1.0
267.6 189.6491 14 1.0
267.7 189.7113 14 1.0
267.8 189.7734 14 1.0
267.9 189.8356 14 1.0
268.0 189.8978 14 1.0
268.1 189.96 14 1.0
268.2 190.0221 14 1.0
268.3 190.0843 14 1.0
268.4 190.1465 14 1.0
268.5 190.2087 14 1.0
268.6 190.2709 14 1.0
268.7 190.333 14 1.0
268.8 190.3952 14 1.0
268.9 190.4574 14 1.0
269.0 190.5196 14 1.0
269.1 190.5817 14 1.0
269.2 190.6439 14 1.0
269.3 190.7061 14 1.0
269.4 190.7683 14 1.0
269.5 190.8305 14 1.0
269.6 190.8926 14 1.0
269.7 190.9548 14 1.0
269.8 191.017 14 1.0
269.9 191.0792 14 1.0
270.0 191.1413 14 1.0
270.1 191.2035 14 1.0
270.2 191.2657 14 1.0
270.3 191.3279 14 1.0
270.4 191.3901 14 1.0
270.5 191.4522 14 1.0
270.6 191.5144 14 1.0
270.7 191.5766 14 1.0
270.8 191.6388 14 1.0
270.9 191.701 14 1.0
271.0 191.7631 14 1.0
271.1 191.8253 14 1.0
271.2 191.8875 14 1.0
271.3 191.9497 14 1.0
271.4 192.0118 14 1.0
271.5 192.074 14 1.0
271.6 192.1362 14 1.0
271.7 192.1984 14 1.0
271.8 192.2606 14 1.0
271.9 192.3227 14 1.0
272.0 192.3849 14 1.0
272.1 192.4471 14 1.0
272.2 192.5093 14 1.0
272.3 192.5714 14 1.0
272.4 192.6336 14 1.0
272.5 192.6958 14 1.0
272.6 192.758 14 1.0
272.7 192.8202 14 1.0
272.8 192.8823 14 1.0
272.9 192.9445 14 1.0
273.0 193.0067 14 1.0
273.1 193.0689 14 1.0
273.2 193.131 14 1.0
273.3 193.1932 14 1.0
273.4 193.2554 14 1.0
273.5 193.3176 14 1.0
273.6 193.3798 14 1.0
273.7 193.4419 14 1.0
273.8 193.5041 14 1.0
273.9 193.5663 14 1.0
274.0 193.6285 14 1.0
274.1 193.6907 14 1.0
274.2 193.7528 14 1.0
274.3 193.815 14 1.0
274.4 193.8772 14 1.0
274.5 193.9394 14 1.0
274.6 194.0015 14 1.0
274.7 194.0637 14 1.0
274.8 194.1259 14 1.0
274.9 194.1881 14 1.0
275.0 194.2503 14 1.0
275.1 194.3124 14 1.0
275.2 194.3746 14 1.0
275.3 194.4368 14 1.0
275.4 194.499 14 1.0
275.5 194.5611 14 1.0
275.6 194.6233 14 1.0
275.7 194.6855 14 1.0
275.8 194.7477 14 1.0
275.9 194.8099 14 1.0
276.0 194.872 14 1.0
276.1 194.9342 14 1.0
276.2 194.9964 14 1.0
276.3 195.0586 14 1.0
276.4 195.1207 14 1.0
276.5 195.1829 14 1.0
276.6 195.2451 14 1.0
276.7 195.3073 14 1.0
276.8 195.3695 14 1.0
276.9 195.4316 14 1.0
277.0 195.4938 14 1.0
277.1 195.556 14 1.0
277.2 195.6182 14 1.0
277.3 195.6803 14 1.0
277.4 195.7425 14 1.0
277.5 195.8047 14 1.0
277.6 195.8669 14 1.0
277.7 195.9291 14 1.0
277.8 195.9912 14 1.0
277.9 196.0534 14 1.0
278.0 196.1156 14 1.0
278.1 196.1778 14 1.0
278.2 196.24 14 1.0
278.3 196.3021 14 1.0
278.4 196.3643 14 1.0
278.5 196.4265 14 1.0
278.6 196.4887 14 1.0
278.7 196.5508 14 1.0
278.8 196.613 14 1.0
278.9 196.6752 14 1.0
279.0 196.7374 14 1.0
279.1 196.7996 14 1.0
279.2 196.8617 14 1.0
279.3 196.9239 14 1.0
279.4 196.9861 14 1.0
279.5 197.0483 14 1.0
279.6 197.1104 14 1.0
279.7 197.1726 14 1.0
279.8 197.2348 14 1.0
279.9 197.297 14 1.0
280.0 197.3592 14 1.0
280.1 197.4213 14 1.0
280.2 197.4835 14 1.0
280.3 197.5457 14 1.0
280.4 197.6079 14 1.0
280.5 197.67 14 1.0
280.6 197.7322 14 1.0
280.7 197.7944 14 1.0
280.8 197.8566 14 1.0
280.9 197.9188 14 1.0
281.0 197.9809 14 1.0
281.1 198.0431 14 1.0
281.2 198.1053 14 1.0
281.3 198.1675 14 1.0
281.4 198.2297 14 1.0
281.5 198.2918 14 1.0
281.6 198.354 14 1.0
281.7 198.4162 14 1.0
281.8 198.4784 14 1.0
281.9 198.5405 14 1.0
282.0 198.6027 14 1.0
282.1 198.6649 14 1.0
282.2 198.7271 14 1.0
282.3 198.7893 14 1.0
282.4 198.8514 14 1.0
282.5 198.9136 14 1.0
282.6 198.9758 14 1.0
282.7 199.038 14 1.0
282.8 199.1001 14 1.0
282.9 199.1623 14 1.0
283.0 199.2245 14 1.0
283.1 199.2867 14 1.0
283.2 199.3489 14 1.0
283.3 199.411 14 1.0
283.4 199.4732 14 1.0
283.5 199.5354 14 1.0
283.6 199.5976 14 1.0
283.7 199.6597 14 1.0
283.8 199.7219 14 1.0
283.9 199.7841 14 1.0
284.0 199.8463 14 1.0
284.1 199.9085 14 1.0
284.2 199.9706 14 1.0
284.3 200.0328 14 1.0
284.4 200.095 14 1.0
284.5 200.1572 14 1.0
284.6 200.2194 14 1.0
284.7 200.2815 14 1.0
284.8 200.3437 14 1.0
284.9 200.4059 14 1.0
285.0 200.4681 14 1.0
285.1 200.5302 14 1.0
285.2 200.5924 14 1.0
285.3 200.6546 14 1.0
285.4 200.7168 14 1.0
285.5 200.779 14 1.0
285.6 200.8411 14 1.0
285.7 200.9033 14 1.0
285.8 200.9655 14 1.0
285.9 201.0277 14 1.0
286.0 201.0898 14 1.0
286.1 201.152 14 1.0
286.2 201.2142 14 1.0
286.3 201.2764 14 1.0
286.4 201.3386 14 1.0
286.5 201.4007 14 1.0
286.6 201.4629 14 1.0
286.7 201.5251 14 1.0
286.8 201.5873 14 1.0
286.9 201.6494 14 1.0
287.0 201.7116 14 1.0
287.1 201.7738 14 1.0
287.2 201.836 14 1.0
287.3 201.8982 14 1.0
287.4 201.9603 14 1.0
287.5 202.0225 14 1.0
287.6 202.0847 14 1.0
287.7 202.1469 14 1.0
287.8 202.2091 14 1.0
287.9 202.2712 14 1.0
288.0 202.3334 14 1.0
288.1 202.3956 14 1.0
288.2 202.4578 14 1.0
288.3 202.5199 14 1.0
288.4 202.5821 14 1.0
288.5 202.6443 14 1.0
288.6 202.7065 14 1.0
288.7 202.7687 14 1.0
288.8 202.8308 14 1.0
288.9 202.893 14 1.0
289.0 202.9552 14 1.0
289.1 203.0174 14 1.0
289.2 203.0795 14 1.0
289.3 203.1417 14 1.0
289.4 203.2039 14 1.0
289.5 203.2661 14 1.0
289.6 203.3283 14 1.0
289.7 203.3904 14 1.0
289.8 203.4526 14 1.0
289.9 203.5148 14 1.0
290.0 203.577 14 1.0
290.1 203.6391 14 1.0
290.2 203.7013 14 1.0
290.3 203.7635 14 1.0
290.4 203.8257 14 1.0
290.5 203.8879 14 1.0
290.6 203.95 14 1.0
290.7 204.0122 14 1.0
290.8 204.0744 14 1.0
290.9 204.1366 14 1.0
291.0 204.1988 14 1.0
291.1 204.2609 14 1.0
291.2 204.3231 14 1.0
291.3 204.3853 14 1.0
291.4 204.4475 14 1.0
291.5 204.5096 14 1.0
291.6 204.5718 14 1.0
291.7 204.634 14 1.0
291.8 204.6962 14 1.0
291.9 204.7584 14 1.0
292.0 204.8205 14 1.0
292.1 204.8827 14 1.0
292.2 204.9449 14 1.0
292.3 205.0071 14 1.0
292.4 205.0692 14 1.0
292.5 205.1314 14 1.0
292.6 205.1936 14 1.0
292.7 205.2558 14 1.0
292.8 205.318 14 1.0
292.9 205.3801 14 1.0
293.0 205.4423 14 1.0
293.1 205.5045 14 1.0
293.2 205.5667 14 1.0
293.3 205.6288 14 1.0
293.4 205.691 14 1.0
293.5 205.7532 14 1.0
293.6 205.8154 14 1.0
293.7 205.8776 14 1.0
293.8 205.9397 14 1.0
293.9 206.0019 14 1.0
294.0 206.0641 14 1.0
294.1 206.1263 14 1.0
294.2 206.1885 14 1.0
294.3 206.2506 14 1.0
294.4 206.3128 14 1.0
294.5 206.375 14 1.0
294.6 206.4372 14 1.0
294.7 206.4993 14 1.0
294.8 206.5615 14 1.0
294.9 206.6237 14 1.0
295.0 206.6859 14 1.0
295.1 206.7481 14 1.0
295.2 206.8102 14 1.0
295.3 206.8724 14 1.0
295.4 206.9346 14 1.0
295.5 206.9968 14 1.0
295.6 207.0589 14 1.0
295.7 207.1211 14 1.0
295.8 207.1833 14 1.0
295.9 207.2455 14 1.0
296.0 207.3077 14 1.0
296.1 207.3698 14 1.0
296.2 207.432 14 1.0
296.3 207.4942 14 1.0
296.4 207.5564 14 1.0
296.5 207.6185 14 1.0
296.6 207.6807 14 1.0
296.7 207.7429 14 1.0
296.8 207.8051 14 1.0
296.9 207.8673 14 1.0
297.0 207.9294 14 1.0
297.1 207.9916 14 1.0
297.2 208.0538 14 1.0
297.3 208.116 14 1.0
297.4 208.1781 14 1.0
297.5 208.2403 14 1.0
297.6 208.3025 14 1.0
297.7 208.3647 14 1.0
297.8 208.4269 14 1.0
297.9 208.489 14 1.0
298.0 208.5512 14 1.0
298.1 208.6134 14 1.0
298.2 208.6756 14 1.0
298.3 208.7378 14 1.0
298.4 208.7999 14 1.0
298.5 208.8621 14 1.0
298.6 208.9243 14 1.0
298.7 208.9865 14 1.0
298.8 209.0486 14 1.0
298.9 209.1108 14 1.0
299.0 209.173 14 1.0
299.1 209.2352 14 1.0
299.2 209.2974 14 1.0
299.3 209.3595 14 1.0
299.4 209.4217 14 1.0
299.5 209.4839 14 1.0
299.6 209.5461 14 1.0
299.7 209.6082 14 1.0
299.8 209.6704 14 1.0
299.9 209.7444 14 1.0
300.0 209.8185 14 1.0
300.1 209.8925 14 1.0
300.2 209.9665 14 1.0
300.3 210.0405 14 1.0
300.4 210.1145 14 1.0
300.5 210.1885 14 1.0
300.6 210.2626 14 1.0
300.7 210.3366 14 1.0
300.8 210.4106 14 1.0
300.9 210.4846 14 1.0
301.0 210.5586 14 1.0
301.1 210.6326 14 1.0
301.2 210.7067 14 1.0
301.3 210.7807 14 1.0
301.4 210.8547 14 1.0
301.5 210.9287 14 1.0
301.6 211.0027 14 1.0
301.7 211.0767 14 1.0
301.8 211.1508 14 1.0
301.9 211.2248 14 1.0
302.0 211.2988 14 1.0
302.1 211.3728 14 1.0
302.2 211.4468 14 1.0
302.3 211.5208 14 1.0
302.4 211.5949 14 1.0
302.5 211.6689 14 1.0
302.6 211.7429 14 1.0
302.7 211.8169 14 1.0
302.8 211.8909 14 1.0
302.9 211.9649 14 1.0
303.0 212.039 14 1.0
303.1 212.113 14 1.0
303.2 212.187 14 1.0
303.3 212.261 14 1.0
303.4 212.335 14 1.0
303.5 212.409 14 1.0
303.6 212.4831 14 1.0
303.7 212.5571 14 1.0
303.8 212.6311 14 1.0
303.9 212.7051 14 1.0
304.0 212.7791 14 1.0
304.1 212.8531 14 1.0
304.2 212.9272 14 1.0
304.3 213.0012 14 1.0
304.4 213.0752 14 1.0
304.5 213.1492 14 1.0
304.6 213.2232 14 1.0
304.7 213.2972 14 1.0
304.8 213.3713 14 1.0
304.9 213.4453 14 1.0
305.0 213.5193 14 1.0
305.1 213.5933 14 1.0
305.2 213.6673 14 1.0
305.3 213.7413 14 1.0
305.4 213.8154 14 1.0
305.5 213.8894 14 1.0
305.6 213.9634 14 1.0
305.7 214.0374 14 1.0
305.8 214.1114 14 1.0
305.9 214.1854 14 1.0
306.0 214.2595 14 1.0
306.1 214.3335 14 1.0
306.2 214.4075 14 1.0
306.3 214.4815 14 1.0
306.4 214.5555 14 1.0
306.5 214.6295 14 1.0
306.6 214.7036 14 1.0
306.7 214.7776 14 1.0
306.8 214.8516 14 1.0
306.9 214.9256 14 1.0
307.0 214.9996 14 1.0
307.1 215.0736 14 1.0
307.2 215.1477 14 1.0
307.3 215.2217 14 1.0
307.4 215.2957 14 1.0
307.5 215.3697 14 1.0
307.6 215.4437 14 1.0
307.7 215.5177 14 1.0
307.8 215.5918 14 1.0
307.9 215.6658 14 1.0
308.0 215.7398 14 1.0
308.1 215.8138 14 1.0
308.2 215.8878 14 1.0
308.3 215.9618 14 1.0
308.4 216.0359 14 1.0
308.5 216.1099 14 1.0
308.6 216.1839 14 1.0
308.7 216.2579 14 1.0
308.8 216.3319 14 1.0
308.9 216.4059 14 1.0
309.0 216.48 14 1.0
309.1 216.554 14 1.0
309.2 216.628 14 1.0
309.3 216.702 14 1.0
309.4 216.776 14 1.0
309.5 216.85 14 1.0
309.6 216.9241 14 1.0
309.7 216.9981 14 1.0
309.8 217.0721 14 1.0
309.9 217.1461 14 1.0
310.0 217.2201 14 1.0
310.1 217.2941 14 1.0
310.2 217.3682 14 1.0
310.3 217.4422 14 1.0
310.4 217.5162 14 1.0
310.5 217.5902 14 1.0
310.6 217.6642 14 1.0
310.7 217.7382 14 1.0
310.8 217.8123 14 1.0
310.9 217.8863 14 1.0
311.0 217.9603 14 1.0
311.1 218.0343 14 1.0
311.2 218.1083 14 1.0
311.3 218.1823 14 1.0
311.4 218.2564 14 1.0
311.5 218.3304 14 1.0
311.6 218.4044 14 1.0
311.7 218.4784 14 1.0
311.8 218.5524 14 1.0
311.9 218.6264 14 1.0
312.0 218.7005 14 1.0
312.1 218.7745 14 1.0
312.2 218.8485 14 1.0
312.3 218.9225 14 1.0
312.4 218.9965 14 1.0
312.5 219.0705 14 1.0
312.6 219.1446 14 1.0
312.7 219.2186 14 1.0
312.8 219.2926 14 1.0
312.9 219.3666 14 1.0
313.0 219.4406 14 1.0
313.1 219.5146 14 1.0
313.2 219.5887 14 1.0
313.3 219.6627 14 1.0
313.4 219.7367 14 1.0
313.5 219.8107 14 1.0
313.6 219.8847 14 1.0
313.7 219.9587 14 1.0
313.8 220.0328 14 1.0
313.9 220.1068 14 1.0
314.0 220.1808 14 1.0
314.1 220.2548 14 1.0
314.2 220.3288 14 1.0
314.3 220.4028 14 1.0
314.4 220.4769 14 1.0
314.5 220.5509 14 1.0
314.6 220.6249 14 1.0
314.7 220.6989 14 1.0
314.8 220.7729 14 1.0
314.9 220.8469 14 1.0
315.0 220.921 14 1.0
315.1 220.995 14 1.0
315.2 221.069 14 1.0
315.3 221.143 14 1.0
315.4 221.217 14 1.0
315.5 221.2911 14 1.0
315.6 221.3651 14 1.0
315.7 221.4391 14 1.0
315.8 221.5131 14 1.0
315.9 221.5871 14 1.0
316.0 221.6611 14 1.0
316.1 221.7352 14 1.0
316.2 221.8092 14 1.0
316.3 221.8832 14 1.0
316.4 221.9572 14 1.0
316.5 222.0312 14 1.0
316.6 222.1052 14 1.0
316.7 222.1793 14 1.0
316.8 222.2533 14 1.0
316.9 222.3273 14 1.0
317.0 222.4013 14 1.0
317.1 222.4753 14 1.0
317.2 222.5493 14 1.0
317.3 222.6234 14 1.0
317.4 222.6974 14 1.0
317.5 222.7714 14 1.0
317.6 222.8454 14 1.0
317.7 222.9194 14 1.0
317.8 222.9934 14 1.0
317.9 223.0675 14 1.0
318.0 223.1415 14 1.0
318.1 223.2155 14 1.0
318.2 223.2895 14 1.0
318.3 223.3635 14 1.0
318.4 223.4375 14 1.0
318.5 223.5116 14 1.0
318.6 223.5856 14 1.0
318.7 223.6596 14 1.0
318.8 223.7336 14 1.0
318.9 223.8076 14 1.0
319.0 223.8816 14 1.0
319.1 223.9557 14 1.0
319.2 224.0297 14 1.0
319.3 224.1037 14 1.0
319.4 224.1777 14 1.0
319.5 224.2517 14 1.0
319.6 224.3257 14 1.0
319.7 224.3998 14 1.0
319.8 224.4738 14 1.0
319.9 224.5478 14 1.0
320.0 224.6218 14 1.0
320.1 224.6958 14 1.0
320.2 224.7698 14 1.0
320.3 224.8439 14 1.0
320.4 224.9179 14 1.0
320.5 224.9919 14 1.0
320.6 225.0659 14 1.0
320.7 225.1399 14 1.0
320.8 225.2139 14 1.0
320.9 225.288 14 1.0
321.0 225.362 14 1.0
321.1 225.436 14 1.0
321.2 225.51 14 1.0
321.3 225.584 14 1.0
321.4 225.658 14 1.0
321.5 225.7321 14 1.0
321.6 225.8061 14 1.0
321.7 225.8801 14 1.0
321.8 225.9541 14 1.0
321.9 226.0281 14 1.0
322.0 226.1021 14 1.0
322.1 226.1762 14 1.0
322.2 226.2502 14 1.0
322.3 226.3242 14 1.0
322.4 226.3982 14 1.0
322.5 226.4722 14 1.0
322.6 226.5462 14 1.0
322.7 226.6203 14 1.0
322.8 226.6943 14 1.0
322.9 226.7683 14 1.0
323.0 226.8423 14 1.0
323.1 226.9163 14 1.0
323.2 226.9903 14 1.0
323.3 227.0644 14 1.0
323.4 227.1384 14 1.0
323.5 227.2124 14 1.0
323.6 227.2864 14 1.0
323.7 227.3604 14 1.0
323.8 227.4344 14 1.0
323.9 227.5085 14 1.0
324.0 227.5825 14 1.0
324.1 227.6565 14 1.0
324.2 227.7305 14 1.0
324.3 227.8045 14 1.0
324.4 227.8785 14 1.0
324.5 227.9526 14 1.0
324.6 228.0266 14 1.0
324.7 228.1006 14 1.0
324.8 228.1746 14 1.0
324.9 228.2486 14 1.0
325.0 228.3226 14 1.0
325.1 228.3967 14 1.0
325.2 228.4707 14 1.0
325.3 228.5447 14 1.0
325.4 228.6187 14 1.0
325.5 228.6927 14 1.0
325.6 228.7667 14 1.0
325.7 228.8408 14 1.0
325.8 228.9148 14 1.0
325.9 228.9888 14 1.0
326.0 229.0628 14 1.0
326.1 229.1368 14 1.0
326.2 229.2108 14 1.0
326.3 229.2849 14 1.0
326.4 229.3589 14 1.0
326.5 229.4329 14 1.0
326.6 229.5069 14 1.0
326.7 229.5809 14 1.0
326.8 229.6549 14 1.0
326.9 229.729 14 1.0
327.0 229.803 14 1.0
327.1 229.877 14 1.0
327.2 229.951 14 1.0
327.3 230.025 14 1.0
327.4 230.099 14 1.0
327.5 230.1731 14 1.0
327.6 230.2471 14 1.0
327.7 230.3211 14 1.0
327.8 230.3951 14 1.0
327.9 230.4691 14 1.0
328.0 230.5431 14 1.0
328.1 230.6172 14 1.0
328.2 230.6912 14 1.0
328.3 230.7652 14 1.0
328.4 230.8392 14 1.0
328.5 230.9132 14 1.0
328.6 230.9872 14 1.0
328.7 231.0613 14 1.0
328.8 231.1353 14 1.0
328.9 231.2093 14 1.0
329.0 231.2833 14 1.0
329.1 231.3573 14 1.0
329.2 231.4313 14 1.0
329.3 231.5054 14 1.0
329.4 231.5794 14 1.0
329.5 231.6534 14 1.0
329.6 231.7274 14 1.0
329.7 231.8014 14 1.0
329.8 231.8754 14 1.0
329.9 231.9495 14 1.0
330.0 232.0235 14 1.0
330.1 232.0975 14 1.0
330.2 232.1715 14 1.0
330.3 232.2455 14 1.0
330.4 232.3195 14 1.0
330.5 232.3936 14 1.0
330.6 232.4676 14 1.0
330.7 232.5416 14 1.0
330.8 232.6156 14 1.0
330.9 232.6896 14 1.0
331.0 232.7636 14 1.0
331.1 232.8377 14 1.0
331.2 232.9117 14 1.0
331.3 232.9857 14 1.0
331.4 233.0597 14 1.0
331.5 233.1337 14 1.0
331.6 233.2077 14 1.0
331.7 233.2818 14 1.0
331.8 233.3558 14 1.0
331.9 233.4298 14 1.0
332.0 233.5038 14 1.0
332.1 233.5778 14 1.0
332.2 233.6518 14 1.0
332.3 233.7259 14 1.0
332.4 233.7999 14 1.0
332.5 233.8739 14 1.0
332.6 233.9479 14 1.0
332.7 234.0219 14 1.0
332.8 234.0959 14 1.0
332.9 234.17 14 1.0
333.0 234.244 14 1.0
333.1 234.318 14 1.0
333.2 234.392 14 1.0
333.3 234.466 14 1.0
333.4 234.54 14 1.0
333.5 234.6141 14 1.0
333.6 234.6881 14 1.0
333.7 234.7621 14 1.0
333.8 234.8361 14 1.0
333.9 234.9101 14 1.0
334.0 234.9841 14 1.0
334.1 235.0582 14 1.0
334.2 235.1322 14 1.0
334.3 235.2062 14 1.0
334.4 235.2802 14 1.0
334.5 235.3542 14 1.0
334.6 235.4282 14 1.0
334.7 235.5023 14 1.0
334.8 235.5763 14 1.0
334.9 235.6503 14 1.0
335.0 235.7243 14 1.0
335.1 235.7983 14 1.0
335.2 235.8723 14 1.0
335.3 235.9464 14 1.0
335.4 236.0204 14 1.0
335.5 236.0944 14 1.0
335.6 236.1684 14 1.0
335.7 236.2424 14 1.0
335.8 236.3164 14 1.0
335.9 236.3905 14 1.0
336.0 236.4645 14 1.0
336.1 236.5385 14 1.0
336.2 236.6125 14 1.0
336.3 236.6865 14 1.0
336.4 236.7605 14 1.0
336.5 236.8346 14 1.0
336.6 236.9086 14 1.0
336.7 236.9826 14 1.0
336.8 237.0566 14 1.0
336.9 237.1306 14 1.0
337.0 237.2046 14 1.0
337.1 237.2787 14 1.0
337.2 237.3527 14 1.0
337.3 237.4267 14 1.0
337.4 237.5007 14 1.0
337.5 237.5747 14 1.0
337.6 237.6487 14 1.0
337.7 237.7228 14 1.0
337.8 237.7968 14 1.0
337.9 237.8708 14 1.0
338.0 237.9448 14 1.0
338.1 238.0188 14 1.0
338.2 238.0928 14 1.0
338.3 238.1669 14 1.0
338.4 238.2409 14 1.0
338.5 238.3149 14 1.0
338.6 238.3889 14 1.0
338.7 238.4629 14 1.0
338.8 238.5369 14 1.0
338.9 238.611 14 1.0
339.0 238.685 14 1.0
339.1 238.759 14 1.0
339.2 238.833 14 1.0
339.3 238.907 14 1.0
339.4 238.981 14 1.0
339.5 239.0551 14 1.0
339.6 239.1291 14 1.0
339.7 239.2031 14 1.0
339.8 239.2771 14 1.0
339.9 239.3511 14 1.0
340.0 239.4251 14 1.0
340.1 239.4992 14 1.0
340.2 239.5732 14 1.0
340.3 239.6472 14 1.0
340.4 239.7212 14 1.0
340.5 239.7952 14 1.0
340.6 239.8692 14 1.0
340.7 239.9433 14 1.0
340.8 240.0173 14 1.0
340.9 240.0913 14 1.0
341.0 240.1653 14 1.0
341.1 240.2393 14 1.0
341.2 240.3133 14 1.0
341.3 240.3874 14 1.0
341.4 240.4614 14 1.0
341.4 240.5354 14 1.0
341.5 240.6094 14 1.0
341.6 240.6834 14 1.0
341.7 240.7574 14 1.0
341.8 240.8315 14 1.0
341.9 240.9055 14 1.0
342.0 240.9795 14 1.0
342.1 241.0535 14 1.0
342.2 241.1275 14 1.0
342.3 241.2015 14 1.0
342.4 241.2756 14 1.0
342.5 241.3496 14 1.0
342.6 241.4236 14 1.0
342.7 241.4976 14 1.0
342.8 241.5716 14 1.0
342.9 241.6457 14 1.0
343.0 241.7197 14 1.0
343.1 241.7937 14 1.0
343.2 241.8677 14 1.0
343.3 241.9417 14 1.0
343.4 242.0157 14 1.0
343.5 242.0898 14 1.0
343.6 242.1638 14 1.0
343.7 242.2378 14 1.0
343.8 242.3118 14 1.0
343.9 242.3858 14 1.0
344.0 242.4598 14 1.0
344.1 242.5339 14 1.0
344.2 242.6079 14 1.0
344.3 242.6819 14 1.0
344.4 242.7559 14 1.0
344.5 242.8299 14 1.0
344.6 242.9039 14 1.0
344.7 242.978 14 1.0
344.8 243.052 14 1.0
344.9 243.126 14 1.0
345.0 243.2 14 1.0
345.1 243.274 14 1.0
345.2 243.348 14 1.0
345.3 243.4221 14 1.0
345.4 243.4961 14 1.0
345.5 243.5701 14 1.0
345.6 243.6441 14 1.0
345.7 243.7181 14 1.0
345.8 243.7921 14 1.0
345.9 243.8662 14 1.0
346.0 243.9402 14 1.0
346.1 244.0142 14 1.0
346.2 244.0882 14 1.0
346.3 244.1622 14 1.0
346.4 244.2362 14 1.0
346.5 244.3103 14 1.0
346.6 244.3843 14 1.0
346.7 244.4583 14 1.0
346.8 244.5323 14 1.0
346.9 244.6063 14 1.0
347.0 244.6803 14 1.0
347.1 244.7544 14 1.0
347.2 244.8284 14 1.0
347.3 244.9024 14 1.0
347.4 244.9764 14 1.0
347.5 245.0504 14 1.0
347.6 245.1244 14 1.0
347.7 245.1985 14 1.0
347.8 245.2725 14 1.0
347.9 245.3465 14 1.0
348.0 245.4205 14 1.0
348.1 245.4945 14 1.0
348.2 245.5685 14 1.0
348.3 245.6426 14 1.0
348.4 245.7166 14 1.0
348.5 245.7906 14 1.0
348.6 245.8646 14 1.0
348.7 245.9386 14 1.0
348.8 246.0126 14 1.0
348.9 246.0867 14 1.0
349.0 246.1607 14 1.0
349.1 246.2347 14 1.0
349.2 246.3087 14 1.0
349.3 246.3827 14 1.0
349.4 246.4567 14 1.0
349.5 246.5308 14 1.0
349.6 246.6048 14 1.0
349.7 246.6788 14 1.0
349.8 246.7555 14 1.0
349.9 246.8323 14 1.0
350.0 246.909 14 1.0
350.1 246.9858 14 1.0
350.2 247.0625 14 1.0
350.3 247.1393 14 1.0
350.4 247.216 14 1.0
350.5 247.2927 14 1.0
350.6 247.3695 14 1.0
350.7 247.4462 14 1.0
350.8 247.523 14 1.0
350.9 247.5997 14 1.0
351.0 247.6765 14 1.0
351.1 247.7532 14 1.0
351.2 247.83 14 1.0
351.3 247.9067 14 1.0
351.4 247.9835 14 1.0
351.5 248.0602 14 1.0
351.6 248.1369 14 1.0
351.7 248.2137 14 1.0
351.8 248.2904 14 1.0
351.9 248.3672 14 1.0
352.0 248.4439 14 1.0
352.1 248.5207 14 1.0
352.2 248.5974 14 1.0
352.3 248.6742 14 1.0
352.4 248.7509 14 1.0
352.5 248.8277 14 1.0
352.6 248.9044 14 1.0
352.7 248.9811 14 1.0
352.8 249.0579 14 1.0
352.9 249.1346 14 1.0
353.0 249.2114 14 1.0
353.1 249.2881 14 1.0
353.2 249.3649 14 1.0
353.3 249.4416 14 1.0
353.4 249.5184 14 1.0
353.5 249.5951 14 1.0
353.6 249.6718 14 1.0
353.7 249.7486 14 1.0
353.8 249.8253 14 1.0
353.9 249.9021 14 1.0
354.0 249.9788 14 1.0
354.1 250.0556 14 1.0
354.2 250.1323 14 1.0
354.3 250.2091 14 1.0
354.4 250.2858 14 1.0
354.5 250.3626 14 1.0
354.6 250.4393 14 1.0
354.7 250.516 14 1.0
354.8 250.5928 14 1.0
354.9 250.6695 14 1.0
355.0 250.7463 14 1.0
355.1 250.823 14 1.0
355.2 250.8998 14 1.0
355.3 250.9765 14 1.0
355.4 251.0533 14 1.0
355.5 251.13 14 1.0
355.6 251.2067 14 1.0
355.7 251.2835 14 1.0
355.8 251.3602 14 1.0
355.9 251.437 14 1.0
356.0 251.5137 14 1.0
356.1 251.5905 14 1.0
356.2 251.6672 14 1.0
356.3 251.744 14 1.0
356.4 251.8207 14 1.0
356.5 251.8975 14 1.0
356.6 251.9742 14 1.0
356.7 252.0509 14 1.0
356.8 252.1277 14 1.0
356.9 252.2044 14 1.0
357.0 252.2812 14 1.0
357.1 252.3579 14 1.0
357.2 252.4347 14 1.0
357.3 252.5114 14 1.0
357.4 252.5882 14 1.0
357.5 252.6649 14 1.0
357.6 252.7416 14 1.0
357.7 252.8184 14 1.0
357.8 252.8951 14 1.0
357.9 252.9719 14 1.0
358.0 253.0486 14 1.0
358.1 253.1254 14 1.0
358.2 253.2021 14 1.0
358.3 253.2789 14 1.0
358.4 253.3556 14 1.0
358.5 253.4324 14 1.0
358.6 253.5091 14 1.0
358.7 253.5858 14 1.0
358.8 253.6626 14 1.0
358.9 253.7393 14 1.0
359.0 253.8161 14 1.0
359.1 253.8928 14 1.0
359.2 253.9696 14 1.0
359.3 254.0463 14 1.0
359.4 254.1231 14 1.0
359.5 254.1998 14 1.0
359.6 254.2766 14 1.0
359.7 254.3533 14 1.0
359.8 254.43 14 1.0
359.9 254.5068 14 1.0
360.0 254.5835 14 1.0
360.1 254.6603 14 1.0
360.2 254.737 14 1.0
360.3 254.8138 14 1.0
360.4 254.8905 14 1.0
360.5 254.9673 14 1.0
360.6 255.044 14 1.0
360.7 255.1207 14 1.0
360.8 255.1975 14 1.0
360.9 255.2742 14 1.0
361.0 255.351 14 1.0
361.1 255.4277 14 1.0
361.2 255.5045 14 1.0
361.3 255.5812 14 1.0
361.4 255.658 14 1.0
361.5 255.7347 14 1.0
361.6 255.8115 14 1.0
361.7 255.8882 14 1.0
361.8 255.9649 14 1.0
361.9 256.0417 14 1.0
362.0 256.1184 14 1.0
362.1 256.1952 14 1.0
362.2 256.2719 14 1.0
362.3 256.3487 14 1.0
362.4 256.4254 14 1.0
362.5 256.5022 14 1.0
362.6 256.5789 14 1.0
362.7 256.6556 14 1.0
362.8 256.7324 14 1.0
362.9 256.8091 14 1.0
363.0 256.8859 14 1.0
363.1 256.9626 14 1.0
363.2 257.0394 14 1.0
363.3 257.1161 14 1.0
363.4 257.1929 14 1.0
363.5 257.2696 14 1.0
363.6 257.3464 14 1.0
363.7 257.4231 14 1.0
363.8 257.4998 14 1.0
363.9 257.5766 14 1.0
364.0 257.6533 14 1.0
364.1 257.7301 14 1.0
364.2 257.8068 14 1.0
364.3 257.8836 14 1.0
364.4 257.9603 14 1.0
364.5 258.0371 14 1.0
364.6 258.1138 14 1.0
364.7 258.1906 14 1.0
364.8 258.2673 14 1.0
364.9 258.344 14 1.0
365.0 258.4208 14 1.0
365.1 258.4975 14 1.0
365.2 258.5743 14 1.0
365.3 258.651 14 1.0
365.4 258.7278 14 1.0
365.5 258.8045 14 1.0
365.6 258.8813 14 1.0
365.7 258.958 14 1.0
365.8 259.0347 14 1.0
365.9 259.1115 14 1.0
366.0 259.1882 14 1.0
366.1 259.265 14 1.0
366.2 259.3417 14 1.0
366.3 259.4185 14 1.0
366.4 259.4952 14 1.0
366.5 259.572 14 1.0
366.6 259.6487 14 1.0
366.7 259.7255 14 1.0
366.8 259.8022 14 1.0
366.9 259.8789 14 1.0
367.0 259.9557 14 1.0
367.1 260.0324 14 1.0
367.2 260.1092 14 1.0
367.3 260.1859 14 1.0
367.4 260.2627 14 1.0
367.5 260.3394 14 1.0
367.6 260.4162 14 1.0
367.7 260.4929 14 1.0
367.8 260.5696 14 1.0
367.9 260.6464 14 1.0
368.0 260.7231 14 1.0
368.1 260.7999 14 1.0
368.2 260.8766 14 1.0
368.3 260.9534 14 1.0
368.4 261.0301 14 1.0
368.5 261.1069 14 1.0
368.6 261.1836 14 1.0
368.7 261.2604 14 1.0
368.8 261.3371 14 1.0
368.9 261.4138 14 1.0
369.0 261.4906 14 1.0
369.1 261.5673 14 1.0
369.2 261.6441 14 1.0
369.3 261.7208 14 1.0
369.4 261.7976 14 1.0
369.5 261.8743 14 1.0
369.6 261.9511 14 1.0
369.7 262.0278 14 1.0
369.8 262.1046 14 1.0
369.9 262.1813 14 1.0
370.0 262.258 14 1.0
370.1 262.3348 14 1.0
370.2 262.4115 14 1.0
370.3 262.4883 14 1.0
370.4 262.565 14 1.0
370.5 262.6418 14 1.0
370.6 262.7185 14 1.0
370.7 262.7953 14 1.0
370.8 262.872 14 1.0
370.9 262.9487 14 1.0
371.0 263.0255 14 1.0
371.1 263.1022 14 1.0
371.2 263.179 14 1.0
371.3 263.2557 14 1.0
371.4 263.3325 14 1.0
371.5 263.4092 14 1.0
371.6 263.486 14 1.0
371.7 263.5627 14 1.0
371.8 263.6395 14 1.0
371.9 263.7162 14 1.0
372.0 263.7929 14 1.0
372.1 263.8697 14 1.0
372.2 263.9464 14 1.0
372.3 264.0232 14 1.0
372.4 264.0999 14 1.0
372.5 264.1767 14 1.0
372.6 264.2534 14 1.0
372.7 264.3302 14 1.0
372.8 264.4069 14 1.0
372.9 264.4836 14 1.0
373.0 264.5604 14 1.0
373.1 264.6371 14 1.0
373.2 264.7139 14 1.0
373.3 264.7906 14 1.0
373.4 264.8674 14 1.0
373.5 264.9441 14 1.0
373.6 265.0209 14 1.0
373.7 265.0976 14 1.0
373.8 265.1744 14 1.0
373.9 265.2511 14 1.0
374.0 265.3278 14 1.0
374.1 265.4046 14 1.0
374.2 265.4813 14 1.0
374.3 265.5581 14 1.0
374.4 265.6348 14 1.0
374.5 265.7116 14 1.0
374.6 265.7883 14 1.0
374.7 265.8651 14 1.0
374.8 265.9418 14 1.0
374.9 266.0186 14 1.0
375.0 266.0953 14 1.0
375.1 266.172 14 1.0
375.2 266.2488 14 1.0
375.3 266.3255 14 1.0
375.4 266.4023 14 1.0
375.5 266.479 14 1.0
375.6 266.5558 14 1.0
375.7 266.6325 14 1.0
375.8 266.7093 14 1.0
375.9 266.786 14 1.0
376.0 266.8627 14 1.0
376.1 266.9395 14 1.0
376.2 267.0162 14 1.0
376.3 267.093 14 1.0
376.4 267.1697 14 1.0
376.5 267.2465 14 1.0
376.6 267.3232 14 1.0
376.7 267.4 14 1.0
376.8 267.4767 14 1.0
376.9 267.5535 14 1.0
377.0 267.6302 14 1.0
377.1 267.7069 14 1.0
377.2 267.7837 14 1.0
377.3 267.8604 14 1.0
377.4 267.9372 14 1.0
377.5 268.0139 14 1.0
377.6 268.0907 14 1.0
377.7 268.1674 14 1.0
377.8 268.2442 14 1.0
377.9 268.3209 14 1.0
378.0 268.3976 14 1.0
378.1 268.4744 14 1.0
378.2 268.5511 14 1.0
378.3 268.6279 14 1.0
378.4 268.7046 14 1.0
378.5 268.7814 14 1.0
378.6 268.8581 14 1.0
378.7 268.9349 14 1.0
378.8 269.0116 14 1.0
378.9 269.0884 14 1.0
379.0 269.1651 14 1.0
379.1 269.2418 14 1.0
379.2 269.3186 14 1.0
379.3 269.3953 14 1.0
379.4 269.4721 14 1.0
379.5 269.5488 14 1.0
379.6 269.6256 14 1.0
379.7 269.7023 14 1.0
379.8 269.7791 14 1.0
379.9 269.8558 14 1.0
380.0 269.9325 14 1.0
380.1 270.0093 14 1.0
380.2 270.086 14 1.0
380.3 270.1628 14 1.0
380.4 270.2395 14 1.0
380.5 270.3163 14 1.0
380.6 270.393 14 1.0
380.7 270.4698 14 1.0
380.8 270.5465 14 1.0
380.9 270.6233 14 1.0
381.0 270.7 14 1.0
381.1 270.7767 14 1.0
381.2 270.8535 14 1.0
381.3 270.9302 14 1.0
381.4 271.007 14 1.0
381.5 271.0837 14 1.0
381.6 271.1605 14 1.0
381.7 271.2372 14 1.0
381.8 271.314 14 1.0
381.9 271.3907 14 1.0
382.0 271.4675 14 1.0
382.1 271.5442 14 1.0
382.2 271.6209 14 1.0
382.3 271.6977 14 1.0
382.4 271.7744 14 1.0
382.5 271.8512 14 1.0
382.6 271.9279 14 1.0
382.7 272.0047 14 1.0
382.8 272.0814 14 1.0
382.9 272.1582 14 1.0
383.0 272.2349 14 1.0
383.1 272.3116 14 1.0
383.2 272.3884 14 1.0
383.3 272.4651 14 1.0
383.4 272.5419 14 1.0
383.5 272.6186 14 1.0
383.6 272.6954 14 1.0
383.7 272.7721 14 1.0
383.8 272.8489 14 1.0
383.9 272.9256 14 1.0
384.0 273.0024 14 1.0
384.1 273.0791 14 1.0
384.2 273.1558 14 1.0
384.3 273.2326 14 1.0
384.4 273.3093 14 1.0
384.5 273.3861 14 1.0
384.6 273.4628 14 1.0
384.7 273.5396 14 1.0
384.8 273.6163 14 1.0
384.9 273.6931 14 1.0
385.0 273.7698 14 1.0
385.1 273.8465 14 1.0
385.2 273.9233 14 1.0
385.3 274.0 14 1.0
385.4 274.0768 14 1.0
385.5 274.1535 14 1.0
385.6 274.2303 14 1.0
385.7 274.307 14 1.0
385.8 274.3838 14 1.0
385.9 274.4605 14 1.0
386.0 274.5373 14 1.0
386.1 274.614 14 1.0
386.2 274.6907 14 1.0
386.3 274.7675 14 1.0
386.4 274.8442 14 1.0
386.5 274.921 14 1.0
386.6 274.9977 14 1.0
386.7 275.0745 14 1.0
386.8 275.1512 14 1.0
386.9 275.228 14 1.0
387.0 275.3047 14 1.0
387.1 275.3815 14 1.0
387.2 275.4582 14 1.0
387.3 275.5349 14 1.0
387.4 275.6117 14 1.0
387.5 275.6884 14 1.0
387.6 275.7652 14 1.0
387.7 275.8419 14 1.0
387.8 275.9187 14 1.0
387.9 275.9954 14 1.0
388.0 276.0722 14 1.0
388.1 276.1489 14 1.0
388.2 276.2256 14 1.0
388.3 276.3024 14 1.0
388.4 276.3791 14 1.0
388.5 276.4559 14 1.0
388.6 276.5326 14 1.0
388.7 276.6094 14 1.0
388.8 276.6861 14 1.0
388.9 276.7629 14 1.0
389.0 276.8396 14 1.0
389.1 276.9164 14 1.0
389.2 276.9931 14 1.0
389.3 277.0698 14 1.0
389.4 277.1466 14 1.0
389.5 277.2233 14 1.0
389.6 277.3001 14 1.0
389.7 277.3768 14 1.0
389.8 277.4536 14 1.0
389.9 277.5303 14 1.0
390.0 277.6071 14 1.0
390.1 277.6838 14 1.0
390.2 277.7605 14 1.0
390.3 277.8373 14 1.0
390.4 277.914 14 1.0
390.5 277.9908 14 1.0
390.6 278.0675 14 1.0
390.7 278.1443 14 1.0
390.8 278.221 14 1.0
390.9 278.2978 14 1.0
391.0 278.3745 14 1.0
391.1 278.4513 14 1.0
391.2 278.528 14 1.0
391.3 278.6047 14 1.0
391.4 278.6815 14 1.0
391.5 278.7582 14 1.0
391.6 278.835 14 1.0
391.7 278.9117 14 1.0
391.8 278.9885 14 1.0
391.9 279.0652 14 1.0
392.0 279.142 14 1.0
392.1 279.2187 14 1.0
392.2 279.2955 14 1.0
392.3 279.3722 14 1.0
392.4 279.4489 14 1.0
392.5 279.5257 14 1.0
392.6 279.6024 14 1.0
392.7 279.6792 14 1.0
392.8 279.7559 14 1.0
392.9 279.8327 14 1.0
393.0 279.9094 14 1.0
393.1 279.9862 14 1.0
393.2 280.0629 14 1.0
393.3 280.1396 14 1.0
393.4 280.2164 14 1.0
393.5 280.2931 14 1.0
393.6 280.3699 14 1.0
393.7 280.4466 14 1.0
393.8 280.5234 14 1.0
393.9 280.6001 14 1.0
394.0 280.6769 14 1.0
394.1 280.7536 14 1.0
394.2 280.8304 14 1.0
394.3 280.9071 14 1.0
394.4 280.9838 14 1.0
394.5 281.0606 14 1.0
394.6 281.1373 14 1.0
394.7 281.2141 14 1.0
394.8 281.2908 14 1.0
394.9 281.3676 14 1.0
395.0 281.4443 14 1.0
395.1 281.5211 14 1.0
395.2 281.5978 14 1.0
395.3 281.6745 14 1.0
395.4 281.7513 14 1.0
395.5 281.828 14 1.0
395.6 281.9048 14 1.0
395.7 281.9815 14 1.0
395.8 282.0583 14 1.0
395.9 282.135 14 1.0
396.0 282.2118 14 1.0
396.1 282.2885 14 1.0
396.2 282.3653 14 1.0
396.3 282.442 14 1.0
396.4 282.5187 14 1.0
396.5 282.5955 14 1.0
396.6 282.6722 14 1.0
396.7 282.749 14 1.0
396.8 282.8257 14 1.0
396.9 282.9025 14 1.0
397.0 282.9792 14 1.0
397.1 283.056 14 1.0
397.2 283.1327 14 1.0
397.3 283.2095 14 1.0
397.4 283.2862 14 1.0
397.5 283.3629 14 1.0
397.6 283.4397 14 1.0
397.7 283.5164 14 1.0
397.8 283.5932 14 1.0
397.9 283.6699 14 1.0
398.0 283.7467 14 1.0
398.1 283.8234 14 1.0
398.2 283.9002 14 1.0
398.3 283.9769 14 1.0
398.4 284.0536 14 1.0
398.5 284.1304 14 1.0
398.6 284.2071 14 1.0
398.7 284.2839 14 1.0
398.8 284.3606 14 1.0
398.9 284.4374 14 1.0
399.0 284.5141 14 1.0
399.1 284.5909 14 1.0
399.2 284.6676 14 1.0
399.3 284.7444 14 1.0
399.4 284.8211 14 1.0
399.5 284.8978 14 1.0
399.6 284.9746 14 1.0
399.7 285.0513 14 1.0
399.8 285.1261 14 1.0
399.9 285.2009 14 1.0
400.0 285.2757 14 1.0
400.1 285.3505 14 1.0
400.2 285.4253 14 1.0
400.3 285.5 14 1.0
400.4 285.5748 14 1.0
400.5 285.6496 14 1.0
400.6 285.7244 14 1.0
400.7 285.7992 14 1.0
400.8 285.874 14 1.0
400.9 285.9488 14 1.0
401.0 286.0235 14 1.0
401.1 286.0983 14 1.0
401.2 286.1731 14 1.0
401.3 286.2479 14 1.0
401.4 286.3227 14 1.0
401.5 286.3975 14 1.0
401.6 286.4722 14 1.0
401.7 286.547 14 1.0
401.8 286.6218 14 1.0
401.9 286.6966 14 1.0
402.0 286.7714 14 1.0
402.1 286.8462 14 1.0
402.2 286.921 14 1.0
402.3 286.9957 14 1.0
402.4 287.0705 14 1.0
402.5 287.1453 14 1.0
402.6 287.2201 14 1.0
402.7 287.2949 14 1.0
402.8 287.3697 14 1.0
402.9 287.4445 14 1.0
403.0 287.5192 14 1.0
403.1 287.594 14 1.0
403.2 287.6688 14 1.0
403.3 287.7436 14 1.0
403.4 287.8184 14 1.0
403.5 287.8932 14 1.0
403.6 287.968 14 1.0
403.7 288.0427 14 1.0
403.8 288.1175 14 1.0
403.9 288.1923 14 1.0
404.0 288.2671 14 1.0
404.1 288.3419 14 1.0
404.2 288.4167 14 1.0
404.3 288.4914 14 1.0
404.4 288.5662 14 1.0
404.5 288.641 14 1.0
404.6 288.7158 14 1.0
404.7 288.7906 14 1.0
404.8 288.8654 14 1.0
404.9 288.9402 14 1.0
405.0 289.0149 14 1.0
405.1 289.0897 14 1.0
405.2 289.1645 14 1.0
405.3 289.2393 14 1.0
405.4 289.3141 14 1.0
405.5 289.3889 14 1.0
405.6 289.4637 14 1.0
405.7 289.5384 14 1.0
405.8 289.6132 14 1.0
405.9 289.688 14 1.0
406.0 289.7628 14 1.0
406.1 289.8376 14 1.0
406.2 289.9124 14 1.0
406.3 289.9871 14 1.0
406.4 290.0619 14 1.0
406.5 290.1367 14 1.0
406.6 290.2115 14 1.0
406.7 290.2863 14 1.0
406.8 290.3611 14 1.0
406.9 290.4359 14 1.0
407.0 290.5106 14 1.0
407.1 290.5854 14 1.0
407.2 290.6602 14 1.0
407.3 290.735 14 1.0
407.4 290.8098 14 1.0
407.5 290.8846 14 1.0
407.6 290.9594 14 1.0
407.7 291.0341 14 1.0
407.8 291.1089 14 1.0
407.9 291.1837 14 1.0
408.0 291.2585 14 1.0
408.1 291.3333 14 1.0
408.2 291.4081 14 1.0
408.3 291.4829 14 1.0
408.4 291.5576 14 1.0
408.5 291.6324 14 1.0
408.6 291.7072 14 1.0
408.7 291.782 14 1.0
408.8 291.8568 14 1.0
408.9 291.9316 14 1.0
409.0 292.0063 14 1.0
409.1 292.0811 14 1.0
409.2 292.1559 14 1.0
409.3 292.2307 14 1.0
409.4 292.3055 14 1.0
409.5 292.3803 14 1.0
409.6 292.4551 14 1.0
409.7 292.5298 14 1.0
409.8 292.6046 14 1.0
409.9 292.6794 14 1.0
410.0 292.7542 14 1.0
410.1 292.829 14 1.0
410.2 292.9038 14 1.0
410.3 292.9786 14 1.0
410.4 293.0533 14 1.0
410.5 293.1281 14 1.0
410.6 293.2029 14 1.0
410.7 293.2777 14 1.0
410.8 293.3525 14 1.0
410.9 293.4273 14 1.0
411.0 293.502 14 1.0
411.1 293.5768 14 1.0
411.2 293.6516 14 1.0
411.3 293.7264 14 1.0
411.4 293.8012 14 1.0
411.5 293.876 14 1.0
411.6 293.9508 14 1.0
411.7 294.0255 14 1.0
411.8 294.1003 14 1.0
411.9 294.1751 14 1.0
412.0 294.2499 14 1.0
412.1 294.3247 14 1.0
412.2 294.3995 14 1.0
412.3 294.4743 14 1.0
412.4 294.549 14 1.0
412.5 294.6238 14 1.0
412.6 294.6986 14 1.0
412.7 294.7734 14 1.0
412.8 294.8482 14 1.0
412.9 294.923 14 1.0
413.0 294.9978 14 1.0
413.1 295.0725 14 1.0
413.2 295.1473 14 1.0
413.3 295.2221 14 1.0
413.4 295.2969 14 1.0
413.5 295.3717 14 1.0
413.6 295.4465 14 1.0
413.7 295.5212 14 1.0
413.8 295.596 14 1.0
413.9 295.6708 14 1.0
414.0 295.7456 14 1.0
414.1 295.8204 14 1.0
414.2 295.8952 14 1.0
414.3 295.97 14 1.0
414.4 296.0447 14 1.0
414.5 296.1195 14 1.0
414.6 296.1943 14 1.0
414.7 296.2691 14 1.0
414.8 296.3439 14 1.0
414.9 296.4187 14 1.0
415.0 296.4935 14 1.0
415.1 296.5682 14 1.0
415.2 296.643 14 1.0
415.3 296.7178 14 1.0
415.4 296.7926 14 1.0
415.5 296.8674 14 1.0
415.6 296.9422 14 1.0
415.7 297.0169 14 1.0
415.8 297.0917 14 1.0
415.9 297.1665 14 1.0
416.0 297.2413 14 1.0
416.1 297.3161 14 1.0
416.2 297.3909 14 1.0
416.3 297.4657 14 1.0
416.4 297.5404 14 1.0
416.5 297.6152 14 1.0
416.6 297.69 14 1.0
416.7 297.7648 14 1.0
416.8 297.8396 14 1.0
416.9 297.9144 14 1.0
417.0 297.9892 14 1.0
417.1 298.0639 14 1.0
417.2 298.1387 14 1.0
417.3 298.2135 14 1.0
417.4 298.2883 14 1.0
417.5 298.3631 14 1.0
417.6 298.4379 14 1.0
417.7 298.5127 14 1.0
417.8 298.5874 14 1.0
417.9 298.6622 14 1.0
418.0 298.737 14 1.0
418.1 298.8118 14 1.0
418.2 298.8866 14 1.0
418.3 298.9614 14 1.0
418.4 299.0361 14 1.0
418.5 299.1109 14 1.0
418.6 299.1857 14 1.0
418.7 299.2605 14 1.0
418.8 299.3353 14 1.0
418.9 299.4101 14 1.0
419.0 299.4849 14 1.0
419.1 299.5596 14 1.0
419.2 299.6344 14 1.0
419.3 299.7092 14 1.0
419.4 299.784 14 1.0
419.5 299.8588 14 1.0
419.6 299.9336 14 1.0
419.7 300.0084 14 1.0
419.8 300.0831 14 1.0
419.9 300.1579 14 1.0
420.0 300.2327 14 1.0
420.1 300.3075 14 1.0
420.2 300.3823 14 1.0
420.3 300.4571 14 1.0
420.4 300.5318 14 1.0
420.5 300.6066 14 1.0
420.6 300.6814 14 1.0
420.7 300.7562 14 1.0
420.8 300.831 14 1.0
420.9 300.9058 14 1.0
421.0 300.9806 14 1.0
421.1 301.0553 14 1.0
421.2 301.1301 14 1.0
421.3 301.2049 14 1.0
421.4 301.2797 14 1.0
421.5 301.3545 14 1.0
421.6 301.4293 14 1.0
421.7 301.5041 14 1.0
421.8 301.5788 14 1.0
421.9 301.6536 14 1.0
422.0 301.7284 14 1.0
422.1 301.8032 14 1.0
422.2 301.878 14 1.0
422.3 301.9528 14 1.0
422.4 302.0275 14 1.0
422.5 302.1023 14 1.0
422.6 302.1771 14 1.0
422.7 302.2519 14 1.0
422.8 302.3267 14 1.0
422.9 302.4015 14 1.0
423.0 302.4763 14 1.0
423.1 302.551 14 1.0
423.2 302.6258 14 1.0
423.3 302.7006 14 1.0
423.4 302.7754 14 1.0
423.5 302.8502 14 1.0
423.6 302.925 14 1.0
423.7 302.9998 14 1.0
423.8 303.0745 14 1.0
423.9 303.1493 14 1.0
424.0 303.2241 14 1.0
424.1 303.2989 14 1.0
424.2 303.3737 14 1.0
424.3 303.4485 14 1.0
424.4 303.5233 14 1.0
424.5 303.598 14 1.0
424.6 303.6728 14 1.0
424.7 303.7476 14 1.0
424.8 303.8224 14 1.0
424.9 303.8972 14 1.0
425.0 303.972 14 1.0
425.1 304.0467 14 1.0
425.2 304.1215 14 1.0
425.3 304.1963 14 1.0
425.4 304.2711 14 1.0
425.5 304.3459 14 1.0
425.6 304.4207 14 1.0
425.7 304.4955 14 1.0
425.8 304.5702 14 1.0
425.9 304.645 14 1.0
426.0 304.7198 14 1.0
426.1 304.7946 14 1.0
426.2 304.8694 14 1.0
426.3 304.9442 14 1.0
426.4 305.019 14 1.0
426.5 305.0937 14 1.0
426.6 305.1685 14 1.0
426.7 305.2433 14 1.0
426.8 305.3181 14 1.0
426.9 305.3929 14 1.0
427.0 305.4677 14 1.0
427.1 305.5424 14 1.0
427.2 305.6172 14 1.0
427.3 305.692 14 1.0
427.4 305.7668 14 1.0
427.5 305.8416 14 1.0
427.6 305.9164 14 1.0
427.7 305.9912 14 1.0
427.8 306.0659 14 1.0
427.9 306.1407 14 1.0
428.0 306.2155 14 1.0
428.1 306.2903 14 1.0
428.2 306.3651 14 1.0
428.3 306.4399 14 1.0
428.4 306.5147 14 1.0
428.5 306.5894 14 1.0
428.6 306.6642 14 1.0
428.7 306.739 14 1.0
428.8 306.8138 14 1.0
428.9 306.8886 14 1.0
429.0 306.9634 14 1.0
429.1 307.0382 14 1.0
429.2 307.1129 14 1.0
429.3 307.1877 14 1.0
429.4 307.2625 14 1.0
429.5 307.3373 14 1.0
429.6 307.4121 14 1.0
429.7 307.4869 14 1.0
429.8 307.5616 14 1.0
429.9 307.6364 14 1.0
430.0 307.7112 14 1.0
430.1 307.786 14 1.0
430.2 307.8608 14 1.0
430.3 307.9356 14 1.0
430.4 308.0104 14 1.0
430.5 308.0851 14 1.0
430.6 308.1599 14 1.0
430.7 308.2347 14 1.0
430.8 308.3095 14 1.0
430.9 308.3843 14 1.0
431.0 308.4591 14 1.0
431.1 308.5339 14 1.0
431.2 308.6086 14 1.0
431.3 308.6834 14 1.0
431.4 308.7582 14 1.0
431.5 308.833 14 1.0
431.6 308.9078 14 1.0
431.7 308.9826 14 1.0
431.8 309.0573 14 1.0
431.9 309.1321 14 1.0
432.0 309.2069 14 1.0
432.1 309.2817 14 1.0
432.2 309.3565 14 1.0
432.3 309.4313 14 1.0
432.4 309.5061 14 1.0
432.5 309.5808 14 1.0
432.6 309.6556 14 1.0
432.7 309.7304 14 1.0
432.8 309.8052 14 1.0
432.9 309.88 14 1.0
433.0 309.9548 14 1.0
433.1 310.0296 14 1.0
433.2 310.1043 14 1.0
433.3 310.1791 14 1.0
433.4 310.2539 14 1.0
433.5 310.3287 14 1.0
433.6 310.4035 14 1.0
433.7 310.4783 14 1.0
433.8 310.5531 14 1.0
433.9 310.6278 14 1.0
434.0 310.7026 14 1.0
434.1 310.7774 14 1.0
434.2 310.8522 14 1.0
434.3 310.927 14 1.0
434.4 311.0018 14 1.0
434.5 311.0765 14 1.0
434.6 311.1513 14 1.0
434.7 311.2261 14 1.0
434.8 311.3009 14 1.0
434.9 311.3757 14 1.0
435.0 311.4505 14 1.0
435.1 311.5253 14 1.0
435.2 311.6 14 1.0
435.3 311.6748 14 1.0
435.4 311.7496 14 1.0
435.5 311.8244 14 1.0
435.6 311.8992 14 1.0
435.7 311.974 14 1.0
435.8 312.0488 14 1.0
435.9 312.1235 14 1.0
436.0 312.1983 14 1.0
436.1 312.2731 14 1.0
436.2 312.3479 14 1.0
436.3 312.4227 14 1.0
436.4 312.4975 14 1.0
436.5 312.5722 14 1.0
436.6 312.647 14 1.0
436.7 312.7218 14 1.0
436.8 312.7966 14 1.0
436.9 312.8714 14 1.0
437.0 312.9462 14 1.0
437.1 313.021 14 1.0
437.2 313.0957 14 1.0
437.3 313.1705 14 1.0
437.4 313.2453 14 1.0
437.5 313.3201 14 1.0
437.6 313.3949 14 1.0
437.7 313.4697 14 1.0
437.8 313.5445 14 1.0
437.9 313.6192 14 1.0
438.0 313.694 14 1.0
438.1 313.7688 14 1.0
438.2 313.8436 14 1.0
438.3 313.9184 14 1.0
438.4 313.9932 14 1.0
438.5 314.0679 14 1.0
438.6 314.1427 14 1.0
438.7 314.2175 14 1.0
438.8 314.2923 14 1.0
438.9 314.3671 14 1.0
439.0 314.4419 14 1.0
439.1 314.5167 14 1.0
439.2 314.5914 14 1.0
439.3 314.6662 14 1.0
439.4 314.741 14 1.0
439.5 314.8158 14 1.0
439.6 314.8906 14 1.0
439.7 314.9654 14 1.0
439.8 315.0402 14 1.0
439.9 315.1149 14 1.0
440.0 315.1897 14 1.0
440.1 315.2645 14 1.0
440.2 315.3393 14 1.0
440.3 315.4141 14 1.0
440.4 315.4889 14 1.0
440.5 315.5637 14 1.0
440.6 315.6384 14 1.0
440.7 315.7132 14 1.0
440.8 315.788 14 1.0
440.9 315.8628 14 1.0
441.0 315.9376 14 1.0
441.1 316.0124 14 1.0
441.2 316.0871 14 1.0
441.3 316.1619 14 1.0
441.4 316.2367 14 1.0
441.5 316.3115 14 1.0
441.6 316.3863 14 1.0
441.7 316.4611 14 1.0
441.8 316.5359 14 1.0
441.9 316.6106 14 1.0
442.0 316.6854 14 1.0
442.1 316.7602 14 1.0
442.2 316.835 14 1.0
442.3 316.9098 14 1.0
442.4 316.9846 14 1.0
442.5 317.0594 14 1.0
442.6 317.1341 14 1.0
442.7 317.2089 14 1.0
442.8 317.2837 14 1.0
442.9 317.3585 14 1.0
443.0 317.4333 14 1.0
443.1 317.5081 14 1.0
443.2 317.5828 14 1.0
443.3 317.6576 14 1.0
443.4 317.7324 14 1.0
443.5 317.8072 14 1.0
443.6 317.882 14 1.0
443.7 317.9568 14 1.0
443.8 318.0316 14 1.0
443.9 318.1063 14 1.0
444.0 318.1811 14 1.0
444.1 318.2559 14 1.0
444.2 318.3307 14 1.0
444.3 318.4055 14 1.0
444.4 318.4803 14 1.0
444.5 318.5551 14 1.0
444.6 318.6298 14 1.0
444.7 318.7046 14 1.0
444.8 318.7794 14 1.0
444.9 318.8542 14 1.0
445.0 318.929 14 1.0
445.1 319.0038 14 1.0
445.2 319.0786 14 1.0
445.3 319.1533 14 1.0
445.4 319.2281 14 1.0
445.5 319.3029 14 1.0
445.6 319.3777 14 1.0
445.7 319.4525 14 1.0
445.8 319.5273 14 1.0
445.9 319.602 14 1.0
446.0 319.6768 14 1.0
446.1 319.7516 14 1.0
446.2 319.8264 14 1.0
446.3 319.9012 14 1.0
446.4 319.976 14 1.0
446.5 320.0508 14 1.0
446.6 320.1255 14 1.0
446.7 320.2003 14 1.0
446.8 320.2751 14 1.0
446.9 320.3499 14 1.0
447.0 320.4247 14 1.0
447.1 320.4995 14 1.0
447.2 320.5743 14 1.0
447.3 320.649 14 1.0
447.4 320.7238 14 1.0
447.5 320.7986 14 1.0
447.6 320.8734 14 1.0
447.7 320.9482 14 1.0
447.8 321.023 14 1.0
447.9 321.0977 14 1.0
448.0 321.1725 14 1.0
448.1 321.2473 14 1.0
448.2 321.3221 14 1.0
448.3 321.3969 14 1.0
448.4 321.4717 14 1.0
448.5 321.5465 14 1.0
448.6 321.6212 14 1.0
448.7 321.696 14 1.0
448.8 321.7708 14 1.0
448.9 321.8456 14 1.0
449.0 321.9204 14 1.0
449.1 321.9952 14 1.0
449.2 322.07 14 1.0
449.3 322.1447 14 1.0
449.4 322.2195 14 1.0
449.5 322.2943 14 1.0
449.6 322.3691 14 1.0
449.7 322.4439 14 1.0
