15.0 1.461885 13 0.03479968553359836
15.1 1.475854 13 0.035805519712887146
15.2 1.489799 13 0.036796791344552826
15.3 1.50372 13 0.037775336226184675
15.4 1.517618 13 0.03873748701874524
15.5 1.531492 13 0.039688773482909334
15.6 1.545342 13 0.04062743325044582
15.7 1.559169 13 0.041554242835475375
15.8 1.572973 13 0.04246476650927955
15.9 1.586754 13 0.043368232518124605
16.0 1.600512 13 0.0442583003350594
16.1 1.615162 13 0.045243230543008606
16.2 1.629787 13 0.04621987454605481
16.3 1.644386 13 0.047181749497680725
16.4 1.706552 13 0.04894706371892754
16.5 1.761756 13 0.0533307846697888
16.6 1.817251 13 0.057727954372249646
16.7 1.873031 13 0.062124404901272134
16.8 1.92909 13 0.06653259516599475
16.9 1.985423 13 0.07094230457776962
17.0 2.042024 13 0.07535503816056421
17.1 2.098889 13 0.07976952937442527
17.2 2.156012 13 0.08419504876219053
17.3 2.213388 13 0.0886186866664469
17.4 2.271013 13 0.09305100255997412
17.5 2.328881 13 0.09748737729429868
17.6 2.386988 13 0.10192951287030538
17.7 2.44533 13 0.10637383076369411
17.8 2.503901 13 0.11082526259928582
17.9 2.562698 13 0.1152752137142945
18.0 2.637202 13 0.11973461427514343
18.1 2.722154 13 0.12456413222305196
18.2 2.807669 13 0.1293963404206806
18.3 2.893746 13 0.13423106359464443
18.4 2.980386 13 0.13906775743633304
18.5 3.067589 14 0.143905158753448
18.6 3.155354 14 0.14874754429836823
18.7 3.243681 14 0.15358774127007513
18.8 3.332572 14 0.15843604168728453
18.9 3.422025 14 0.1632813359692492
19.0 3.51204 14 0.16813229812385433
19.1 3.602619 14 0.17298017211989136
19.2 3.693759 14 0.1778309457467946
19.3 3.785463 14 0.18268617072714732
19.4 3.877729 14 0.1875477737939888
19.5 3.970558 14 0.1924051274256472
19.6 4.063949 14 0.19726466402118903
19.7 4.157903 14 0.20212496209857733
19.8 4.25242 14 0.20699022054184835
19.9 4.347499 14 0.2118551210377767
20.0 4.443141 14 0.21672144886921685
20.1 4.545773 14 0.22173267134363783
20.2 4.649179 14 0.22674620443488247
20.3 4.753359 14 0.23176209283303217
20.4 4.858313 14 0.23677943431311776
20.5 4.96404 14 0.24179874328844775
20.6 5.070541 14 0.24682613924896435
20.7 5.177816 14 0.25184935483266857
20.8 5.285865 14 0.25687633790715525
20.9 5.394688 14 0.2619080783675043
21.0 5.504284 14 0.26693900234434387
21.1 5.614654 14 0.2719761712919545
21.2 5.725798 14 0.2770137322695492
21.3 5.837715 14 0.28205375832113055
21.4 5.950406 14 0.28709553760311224
21.5 6.063871 14 0.29214019173329087
21.6 6.17811 14 0.29718788251315453
21.7 6.293123 14 0.3022342901034242
21.8 6.408909 14 0.3072860893928504
21.9 6.525469 14 0.3123404818227091
22.0 6.642803 14 0.3173949661845876
22.1 6.761424 14 0.3226737393992456
22.2 6.880725 14 0.3279519155151106
22.3 7.000708 14 0.33322815023383
22.4 7.121372 14 0.33850933354945023
22.5 7.242717 14 0.3437927673358472
22.6 7.364743 14 0.3490752936506505
22.7 7.48745 14 0.35436357680969544
22.8 7.67705 14 0.3597650961319342
22.9 7.800566 14 0.36505387409376433
23.0 7.924763 14 0.37034025038741825
23.1 8.049641 14 0.3756324191978486
23.2 8.1752 14 0.38092547828315104
23.3 8.30144 14 0.38621722623168253
23.4 8.428362 14 0.391514796283735
23.5 8.555965 14 0.39681114551083585
23.6 8.684248 14 0.40211097612924596
23.7 8.813213 14 0.40740978574616393
23.8 8.94286 14 0.41270928244262284
23.9 9.073187 14 0.41801438453108297
24.0 9.204196 14 0.4233157676543622
24.1 9.350273 14 0.42916996096643867
24.2 9.497202 14 0.43502267366055936
24.3 9.644983 14 0.44087720798308794
24.4 9.793616 14 0.4467349712329679
24.5 9.943101 14 0.4525923460898502
24.6 10.09344 14 0.4584554001303791
24.7 10.24463 14 0.4643151541149335
24.8 10.39667 14 0.4701778862922915
24.9 10.54956 14 0.47604386851698677
25.0 10.7033 14 0.4819124689174027
25.1 10.8579 14 0.4877782367249529
25.2 11.01335 14 0.4936518552817364
25.3 11.16965 14 0.4995209683342122
25.4 11.3268 14 0.5053955401118957
25.5 11.4848 14 0.5112697280208629
25.6 11.64366 14 0.5171481965659739
25.7 11.80336 14 0.5230247046383565
25.8 11.96392 14 0.5289067127207914
25.9 12.12533 14 0.5347873376368405
26.0 12.2876 14 0.5406692948593743
26.1 12.42742 14 0.5464150751633081
26.2 12.56763 14 0.5521587519914846
26.3 12.70823 14 0.5579065118717532
26.4 12.84922 14 0.5636544622503371
26.5 12.99059 14 0.5694002419231718
26.6 13.13235 14 0.5751505192222712
26.7 13.27449 14 0.580899653012923
26.8 13.41702 14 0.586650286085018
26.9 13.55994 14 0.5923980969700685
27.0 13.70324 14 0.5981519265294197
27.1 13.84693 14 0.6039028985809538
27.2 13.991 14 0.6096549846549846
27.3 14.13546 14 0.6154074915478597
27.4 14.28031 14 0.6211607466175066
27.5 14.42554 14 0.6269126057868856
27.6 14.57116 14 0.6326686501571823
27.7 14.71717 14 0.6384232417443912
27.8 14.86356 14 0.6441786986836027
27.9 15.01034 14 0.6499341321708773
28.0 15.1575 14 0.6556907517110764
28.1 15.34135 14 0.6617862735837332
28.2 15.52617 14 0.6678815932069075
28.3 15.71194 14 0.6739808420583648
28.4 15.89868 14 0.6800799811641147
28.5 16.08638 14 0.6861807922586904
28.6 16.27504 14 0.6922824229089211
28.7 16.46466 14 0.6983871279181069
28.8 16.65524 14 0.7044912881089067
28.9 16.84679 14 0.7105986468527243
29.0 17.03929 14 0.7167064910011618
29.1 17.23276 14 0.722816431411762
29.2 17.42718 14 0.7289269166788737
29.3 17.62257 14 0.7350387319090282
29.4 17.81892 14 0.7411520480666993
29.5 18.01623 14 0.747266824345169
29.6 18.2145 14 0.7533839041733186
29.7 18.41374 14 0.7595000950667661
29.8 18.61393 14 0.7656187679576887
29.9 18.81509 14 0.7717382547877989
30.0 19.0172 14 0.7778593082967271
30.1 19.20259 14 0.784180192954514
30.2 19.3886 14 0.7905009247235667
30.3 19.57523 14 0.7968214213092233
30.4 19.76248 14 0.8031442732828298
30.5 19.95035 14 0.8094671311743977
30.6 20.13884 14 0.8157910542491358
30.7 20.32795 14 0.822115698365733
30.8 20.51768 14 0.8284408952400967
30.9 20.70803 14 0.8347668196274818
31.0 20.89901 14 0.8410931330102414
31.1 21.0906 14 0.8474208970674366
31.2 21.28281 14 0.8537492288253803
31.3 21.47565 14 0.8600776074372279
31.4 21.6691 14 0.8664072146139123
31.5 21.86317 14 0.8727374340949033
31.6 22.05787 14 0.8790688450860419
31.7 22.25318 14 0.8854002682797195
31.8 22.44912 14 0.8917326081316482
31.9 22.64567 14 0.8980654562608815
32.0 22.84285 14 0.9043993833418981
32.1 23.04064 14 0.9107337811049574
32.2 23.23906 14 0.9170685047372534
32.3 23.43809 14 0.9234043596997596
32.4 23.63775 14 0.929740788048396
32.5 23.83803 14 0.9360775911215842
32.6 24.03893 14 0.9424155129886406
32.7 24.24044 14 0.9487539463401927
32.8 24.44258 14 0.9550928899236008
32.9 24.64534 14 0.9614327332811549
33.0 24.84872 14 0.9677728672885332
33.1 25.05272 14 0.974113827562537
33.2 25.25734 14 0.9804554893315022
33.3 25.46258 14 0.9867977865424914
33.4 25.66844 14 0.993140657371827
33.5 25.87492 14 0.9994841303118284
33.6 25.93553 14 1.0
33.7 25.98319 14 1.0
33.8 26.03085 14 1.0
33.9 26.07852 14 1.0
34.0 26.12618 14 1.0
34.1 26.17384 14 1.0
34.2 26.2215 14 1.0
34.3 26.26917 14 1.0
34.4 26.31683 14 1.0
34.5 26.36449 14 1.0
34.6 26.41216 14 1.0
34.7 26.45982 14 1.0
34.8 26.50748 14 1.0
34.9 26.55515 14 1.0
35.0 26.60281 14 1.0
35.1 26.64078 14 1.0
35.2 26.67874 14 1.0
35.3 26.71671 14 1.0
35.4 26.75467 14 1.0
35.5 26.79264 14 1.0
35.6 26.83061 14 1.0
35.7 26.86857 14 1.0
35.8 26.90654 14 1.0
35.9 26.94451 14 1.0
36.0 26.98247 14 1.0
36.1 27.02044 14 1.0
36.2 27.0584 14 1.0
36.3 27.09637 14 1.0
36.4 27.13434 14 1.0
36.5 27.1723 14 1.0
36.6 27.21027 14 1.0
36.7 27.24824 14 1.0
36.8 27.2862 14 1.0
36.9 27.32417 14 1.0
37.0 27.36213 14 1.0
37.1 27.4001 14 1.0
37.2 27.43807 14 1.0
37.3 27.47603 14 1.0
37.4 27.514 14 1.0
37.5 27.55196 14 1.0
37.6 27.58993 14 1.0
37.7 27.6279 14 1.0
37.8 27.66586 14 1.0
37.9 27.70383 14 1.0
38.0 27.7418 14 1.0
38.1 27.77976 14 1.0
38.2 27.81773 14 1.0
38.3 27.85569 14 1.0
38.4 27.89366 14 1.0
38.5 27.93163 14 1.0
38.6 27.96959 14 1.0
38.7 28.00756 14 1.0
38.8 28.04553 14 1.0
38.9 28.08349 14 1.0
39.0 28.12146 14 1.0
39.1 28.15942 14 1.0
39.2 28.19739 14 1.0
39.3 28.23536 14 1.0
39.4 28.27332 14 1.0
39.5 28.31129 14 1.0
39.6 28.34926 14 1.0
39.7 28.38722 14 1.0
39.8 28.42519 14 1.0
39.9 28.46315 14 1.0
40.0 28.50112 14 1.0
40.1 28.52259 14 1.0
40.2 28.54406 14 1.0
40.3 28.56552 14 1.0
40.4 28.58699 14 1.0
40.5 28.60846 14 1.0
40.6 28.62993 14 1.0
40.7 28.6514 14 1.0
40.8 28.67287 14 1.0
40.9 28.69433 14 1.0
41.0 28.7158 14 1.0
41.1 28.73727 14 1.0
41.2 28.75874 14 1.0
41.3 28.78021 14 1.0
41.4 28.80167 14 1.0
41.5 28.82314 14 1.0
41.6 28.84461 14 1.0
41.7 28.86608 14 1.0
41.8 28.88755 14 1.0
41.9 28.90901 14 1.0
42.0 28.93048 14 1.0
42.1 28.95195 14 1.0
42.2 28.97342 14 1.0
42.3 28.99489 14 1.0
42.4 29.01636 14 1.0
42.5 29.03782 14 1.0
42.6 29.05929 14 1.0
42.7 29.08076 14 1.0
42.8 29.10223 14 1.0
42.9 29.1237 14 1.0
43.0 29.14516 14 1.0
43.1 29.16663 14 1.0
43.2 29.1881 14 1.0
43.3 29.20957 14 1.0
43.4 29.23104 14 1.0
43.5 29.2525 14 1.0
43.6 29.27397 14 1.0
43.7 29.29544 14 1.0
43.8 29.31691 14 1.0
43.9 29.33838 14 1.0
44.0 29.35985 14 1.0
44.1 29.38131 14 1.0
44.2 29.40278 14 1.0
44.3 29.42425 14 1.0
44.4 29.44572 14 1.0
44.5 29.46719 14 1.0
44.6 29.48865 14 1.0
44.7 29.51012 14 1.0
44.8 29.53159 14 1.0
44.9 29.55306 14 1.0
45.0 29.57453 14 1.0
45.1 29.59599 14 1.0
45.2 29.61746 14 1.0
45.3 29.63893 14 1.0
45.4 29.6604 14 1.0
45.5 29.68187 14 1.0
45.6 29.70334 14 1.0
45.7 29.7248 14 1.0
45.8 29.74627 14 1.0
45.9 29.76774 14 1.0
46.0 29.78921 14 1.0
46.1 29.81068 14 1.0
46.2 29.83214 14 1.0
46.3 29.85361 14 1.0
46.4 29.87508 14 1.0
46.5 29.89655 14 1.0
46.6 29.91802 14 1.0
46.7 29.93949 14 1.0
46.8 29.96095 14 1.0
46.9 29.98242 14 1.0
47.0 30.00389 14 1.0
47.1 30.02536 14 1.0
47.2 30.04683 14 1.0
47.3 30.06829 14 1.0
47.4 30.08976 14 1.0
47.5 30.11123 14 1.0
47.6 30.1327 14 1.0
47.7 30.15417 14 1.0
47.8 30.17563 14 1.0
47.9 30.1971 14 1.0
48.0 30.21857 14 1.0
48.1 30.24004 14 1.0
48.2 30.26151 14 1.0
48.3 30.28298 14 1.0
48.4 30.30444 14 1.0
48.5 30.32591 14 1.0
48.6 30.34738 14 1.0
48.7 30.36885 14 1.0
48.8 30.39032 14 1.0
48.9 30.41178 14 1.0
49.0 30.43325 14 1.0
49.1 30.45472 14 1.0
49.2 30.47619 14 1.0
49.3 30.49766 14 1.0
49.4 30.51912 14 1.0
49.5 30.54059 14 1.0
49.6 30.56206 14 1.0
49.7 30.58353 14 1.0
49.8 30.605 14 1.0
49.9 30.62647 14 1.0
50.0 30.64793 14 1.0
50.1 30.67371 14 1.0
50.2 30.69948 14 1.0
50.3 30.72525 14 1.0
50.4 30.75102 14 1.0
50.5 30.77679 14 1.0
50.6 30.80257 14 1.0
50.7 30.82834 14 1.0
50.8 30.85411 14 1.0
50.9 30.87988 14 1.0
51.0 30.90565 14 1.0
51.1 30.93143 14 1.0
51.2 30.9572 14 1.0
51.3 30.98297 14 1.0
51.4 31.00874 14 1.0
51.5 31.03451 14 1.0
51.6 31.06029 14 1.0
51.7 31.08606 14 1.0
51.8 31.11183 14 1.0
51.9 31.1376 14 1.0
52.0 31.16337 14 1.0
52.1 31.18915 14 1.0
52.2 31.21492 14 1.0
52.3 31.24069 14 1.0
52.4 31.26646 14 1.0
52.5 31.29224 14 1.0
52.6 31.31801 14 1.0
52.7 31.34378 14 1.0
52.8 31.36955 14 1.0
52.9 31.39532 14 1.0
53.0 31.4211 14 1.0
53.1 31.44687 14 1.0
53.2 31.47264 14 1.0
53.3 31.49841 14 1.0
53.4 31.52418 14 1.0
53.5 31.54996 14 1.0
53.6 31.57573 14 1.0
53.7 31.6015 14 1.0
53.8 31.62727 14 1.0
53.9 31.65304 14 1.0
54.0 31.67882 14 1.0
54.1 31.70459 14 1.0
54.2 31.73036 14 1.0
54.3 31.75613 14 1.0
54.4 31.7819 14 1.0
54.5 31.80768 14 1.0
54.6 31.83345 14 1.0
54.6 31.85922 14 1.0
54.7 31.88499 14 1.0
54.8 31.91076 14 1.0
54.9 31.93654 14 1.0
55.0 31.96231 14 1.0
55.1 31.98808 14 1.0
55.2 32.01385 14 1.0
55.3 32.03962 14 1.0
55.4 32.0654 14 1.0
55.5 32.09117 14 1.0
55.6 32.11694 14 1.0
55.7 32.14271 14 1.0
55.8 32.16849 14 1.0
55.9 32.19426 14 1.0
56.0 32.22003 14 1.0
56.1 32.2458 14 1.0
56.2 32.27157 14 1.0
56.3 32.29735 14 1.0
56.4 32.32312 14 1.0
56.5 32.34889 14 1.0
56.6 32.37466 14 1.0
56.7 32.40043 14 1.0
56.8 32.42621 14 1.0
56.9 32.45198 14 1.0
57.0 32.47775 14 1.0
57.1 32.50352 14 1.0
57.2 32.52929 14 1.0
57.3 32.55507 14 1.0
57.4 32.58084 14 1.0
57.5 32.60661 14 1.0
57.6 32.63238 14 1.0
57.7 32.65815 14 1.0
57.8 32.68393 14 1.0
57.9 32.7097 14 1.0
58.0 32.73547 14 1.0
58.1 32.76124 14 1.0
58.2 32.78701 14 1.0
58.3 32.81279 14 1.0
58.4 32.83856 14 1.0
58.5 32.86433 14 1.0
58.6 32.8901 14 1.0
58.7 32.91587 14 1.0
58.8 32.94165 14 1.0
58.9 32.96742 14 1.0
59.0 32.99319 14 1.0
59.1 33.01896 14 1.0
59.2 33.04474 14 1.0
59.3 33.07051 14 1.0
59.4 33.09628 14 1.0
59.5 33.12205 14 1.0
59.6 33.14782 14 1.0
59.7 33.1736 14 1.0
59.8 33.19937 14 1.0
59.9 33.22514 14 1.0
60.0 33.24868 14 1.0
60.1 33.27223 14 1.0
60.2 33.29577 14 1.0
60.3 33.31931 14 1.0
60.4 33.34285 14 1.0
60.5 33.3664 14 1.0
60.6 33.38994 14 1.0
60.7 33.41348 14 1.0
60.8 33.43702 14 1.0
60.9 33.46057 14 1.0
61.0 33.48411 14 1.0
61.1 33.50765 14 1.0
61.2 33.5312 14 1.0
61.3 33.55474 14 1.0
61.4 33.57828 14 1.0
61.5 33.60182 14 1.0
61.6 33.62537 14 1.0
61.7 33.64891 14 1.0
61.8 33.67245 14 1.0
61.9 33.69599 14 1.0
62.0 33.71954 14 1.0
62.1 33.74308 14 1.0
62.2 33.76662 14 1.0
62.3 33.79017 14 1.0
62.4 33.81371 14 1.0
62.5 33.83725 14 1.0
62.6 33.86079 14 1.0
62.7 33.88434 14 1.0
62.8 33.90788 14 1.0
62.9 33.93142 14 1.0
63.0 33.95496 14 1.0
63.1 33.97851 14 1.0
63.2 34.00205 14 1.0
63.3 34.02559 14 1.0
63.4 34.04914 14 1.0
63.5 34.07268 14 1.0
63.6 34.09622 14 1.0
63.7 34.11976 14 1.0
63.8 34.14331 14 1.0
63.9 34.16685 14 1.0
64.0 34.19039 14 1.0
64.1 34.21393 14 1.0
64.2 34.23748 14 1.0
64.3 34.26102 14 1.0
64.4 34.28456 14 1.0
64.5 34.30811 14 1.0
64.6 34.33165 14 1.0
64.7 34.35519 14 1.0
64.8 34.37873 14 1.0
64.9 34.40228 14 1.0
65.0 34.42582 14 1.0
65.1 34.44936 14 1.0
65.2 34.4729 14 1.0
65.3 34.49645 14 1.0
65.4 34.51999 14 1.0
65.5 34.54353 14 1.0
65.6 34.56708 14 1.0
65.7 34.5585 14 1.0
65.8 34.44311 14 1.0
65.9 34.33189 14 1.0
66.0 34.22484 14 1.0
66.1 34.12196 14 1.0
66.2 34.02325 14 1.0
66.3 33.92871 14 1.0
66.4 33.83833 14 1.0
66.5 33.75213 14 1.0
66.6 33.67009 14 1.0
66.7 33.59223 14 1.0
66.8 33.51853 14 1.0
66.9 33.449 14 1.0
67.0 33.38364 14 1.0
67.1 33.32245 14 1.0
67.2 33.26543 14 1.0
67.3 33.21258 14 1.0
67.4 33.16389 14 1.0
67.5 33.11938 14 1.0
67.6 33.07903 14 1.0
67.7 33.04285 14 1.0
67.8 33.01084 14 1.0
67.9 32.98301 14 1.0
68.0 32.95934 14 1.0
68.1 32.93983 14 1.0
68.2 32.9245 14 1.0
68.3 32.91334 14 1.0
68.4 32.90634 14 1.0
68.5 32.90352 14 1.0
68.6 32.90486 14 1.0
68.7 32.91037 14 1.0
68.8 32.92005 14 1.0
68.9 32.93391 14 1.0
69.0 32.95192 14 1.0
69.1 32.97411 14 1.0
69.2 33.00047 14 1.0
69.3 33.031 14 1.0
69.4 33.06569 14 1.0
69.5 33.10455 14 1.0
69.6 33.14759 14 1.0
69.7 33.19479 14 1.0
69.8 33.24616 14 1.0
69.9 33.3017 14 1.0
70.0 33.31739 14 1.0
70.1 33.33298 14 1.0
70.2 33.34847 14 1.0
70.3 33.36385 14 1.0
70.4 33.37914 14 1.0
70.5 33.39433 14 1.0
70.6 33.40942 14 1.0
70.7 33.4244 14 1.0
70.8 33.43929 14 1.0
70.9 33.45408 14 1.0
71.0 33.46876 14 1.0
71.1 33.48335 14 1.0
71.2 33.49783 14 1.0
71.3 33.51222 14 1.0
71.4 33.52651 14 1.0
71.5 33.54069 14 1.0
71.6 33.55478 14 1.0
71.7 33.56876 14 1.0
71.8 33.58264 14 1.0
71.9 33.59643 14 1.0
72.0 33.61011 14 1.0
72.1 33.6237 14 1.0
72.2 33.63718 14 1.0
72.3 33.65056 14 1.0
72.4 33.66385 14 1.0
72.5 33.67703 14 1.0
72.6 33.69011 14 1.0
72.7 33.70309 14 1.0
72.8 33.71598 14 1.0
72.9 33.80001 14 1.0
73.0 33.84798 14 1.0
73.1 33.89592 14 1.0
73.2 33.94382 14 1.0
73.3 33.99168 14 1.0
73.4 34.03949 14 1.0
73.5 34.08727 14 1.0
73.6 34.135 14 1.0
73.7 34.18269 14 1.0
73.8 34.23035 14 1.0
73.9 34.27796 14 1.0
74.0 34.32553 14 1.0
74.1 34.37306 14 1.0
74.2 34.42055 14 1.0
74.3 34.468 14 1.0
74.4 34.51541 14 1.0
74.5 34.56277 14 1.0
74.6 34.6101 14 1.0
74.7 34.65739 14 1.0
74.8 34.70463 14 1.0
74.9 34.75184 14 1.0
75.0 34.799 14 1.0
75.1 34.84613 14 1.0
75.2 34.89321 14 1.0
75.3 34.94025 14 1.0
75.4 34.98725 14 1.0
75.5 35.03421 14 1.0
75.6 35.08113 14 1.0
75.7 35.12801 14 1.0
75.8 35.17485 14 1.0
75.9 35.22165 14 1.0
76.0 35.26841 14 1.0
76.1 35.31512 14 1.0
76.2 35.3618 14 1.0
76.3 35.40843 14 1.0
76.4 35.45503 14 1.0
76.5 35.50158 14 1.0
76.6 35.54809 14 1.0
76.7 35.59457 14 1.0
76.8 35.641 14 1.0
76.9 35.68739 14 1.0
77.0 35.73374 14 1.0
77.1 35.78005 14 1.0
77.2 35.82632 14 1.0
77.3 35.87255 14 1.0
77.4 35.91873 14 1.0
77.5 35.96488 14 1.0
77.6 36.01099 14 1.0
77.7 36.05705 14 1.0
77.8 36.10308 14 1.0
77.9 36.14906 14 1.0
78.0 36.195 14 1.0
78.1 36.24091 14 1.0
78.2 36.28677 14 1.0
78.3 36.33259 14 1.0
78.4 36.37837 14 1.0
78.5 36.42411 14 1.0
78.6 36.46981 14 1.0
78.7 36.51547 14 1.0
78.8 36.56108 14 1.0
78.9 36.60666 14 1.0
79.0 36.6522 14 1.0
79.1 36.69769 14 1.0
79.2 36.74315 14 1.0
79.3 36.78856 14 1.0
79.4 36.83393 14 1.0
79.5 36.87927 14 1.0
79.6 36.92456 14 1.0
79.7 36.96981 14 1.0
79.8 37.01502 14 1.0
79.9 37.06019 14 1.0
80.0 37.09719 14 1.0
80.1 37.13423 14 1.0
80.2 37.17131 14 1.0
80.3 37.20842 14 1.0
80.4 37.24556 14 1.0
80.5 37.28274 14 1.0
80.6 37.31995 14 1.0
80.7 37.3572 14 1.0
80.8 37.39448 14 1.0
80.9 37.4318 14 1.0
81.0 37.46915 14 1.0
81.1 37.50653 14 1.0
81.2 37.54396 14 1.0
81.3 37.58141 14 1.0
81.4 37.6189 14 1.0
81.5 37.65643 14 1.0
81.6 37.69399 14 1.0
81.7 37.73158 14 1.0
81.8 37.76921 14 1.0
81.9 37.80687 14 1.0
82.0 37.84457 14 1.0
82.1 37.8823 14 1.0
82.2 37.92007 14 1.0
82.3 37.95788 14 1.0
82.4 37.99571 14 1.0
82.5 38.03358 14 1.0
82.6 38.07149 14 1.0
82.7 38.10943 14 1.0
82.8 38.14741 14 1.0
82.9 38.18542 14 1.0
83.0 38.22346 14 1.0
83.1 38.26154 14 1.0
83.2 38.29966 14 1.0
83.3 38.33781 14 1.0
83.4 38.37599 14 1.0
83.5 38.41421 14 1.0
83.6 38.45246 14 1.0
83.7 38.49075 14 1.0
83.8 38.52907 14 1.0
83.9 38.56743 14 1.0
84.0 38.60582 14 1.0
84.1 38.64425 14 1.0
84.2 38.68271 14 1.0
84.3 38.72121 14 1.0
84.4 38.75974 14 1.0
84.5 38.7983 14 1.0
84.6 38.8369 14 1.0
84.7 38.87554 14 1.0
84.8 38.91421 14 1.0
84.9 38.95291 14 1.0
85.0 38.99165 14 1.0
85.1 39.03043 14 1.0
85.2 39.06923 14 1.0
85.3 39.10808 14 1.0
85.4 39.14695 14 1.0
85.5 39.18587 14 1.0
85.6 39.22481 14 1.0
85.7 39.2638 14 1.0
85.8 39.30281 14 1.0
85.9 39.34186 14 1.0
86.0 39.38095 14 1.0
86.1 39.42007 14 1.0
86.2 39.45922 14 1.0
86.3 39.49841 14 1.0
86.4 39.53764 14 1.0
86.5 39.5769 14 1.0
86.6 39.61619 14 1.0
86.7 39.65552 14 1.0
86.8 39.69488 14 1.0
86.9 39.73428 14 1.0
87.0 39.77371 14 1.0
87.1 39.81318 14 1.0
87.2 39.85268 14 1.0
87.3 39.89222 14 1.0
87.4 39.93179 14 1.0
87.5 39.9714 14 1.0
87.6 40.01104 14 1.0
87.7 40.05071 14 1.0
87.8 40.09042 14 1.0
87.9 40.13017 14 1.0
88.0 40.16995 14 1.0
88.1 40.20976 14 1.0
88.2 40.24961 14 1.0
88.3 40.28949 14 1.0
88.4 40.32941 14 1.0
88.5 40.36937 14 1.0
88.6 40.40935 14 1.0
88.7 40.44938 14 1.0
88.8 40.48943 14 1.0
88.9 40.52952 14 1.0
89.0 40.56965 14 1.0
89.1 40.60981 14 1.0
89.2 40.65001 14 1.0
89.3 40.69024 14 1.0
89.4 40.7305 14 1.0
89.5 40.7708 14 1.0
89.6 40.81114 14 1.0
89.7 40.85151 14 1.0
89.8 40.89191 14 1.0
89.9 40.93235 14 1.0
90.0 40.9784 14 1.0
90.1 41.02437 14 1.0
90.2 41.07028 14 1.0
90.3 41.11612 14 1.0
90.4 41.16189 14 1.0
90.5 41.20759 14 1.0
90.6 41.25322 14 1.0
90.7 41.29878 14 1.0
90.8 41.34428 14 1.0
90.9 41.3897 14 1.0
91.0 41.43505 14 1.0
91.1 41.48033 14 1.0
91.2 41.52555 14 1.0
91.3 41.57069 14 1.0
91.4 41.61577 14 1.0
91.5 41.66077 14 1.0
91.6 41.70571 14 1.0
91.7 41.75058 14 1.0
91.8 41.79537 14 1.0
91.9 41.8401 14 1.0
92.0 41.88476 14 1.0
92.1 41.92935 14 1.0
92.2 41.97387 14 1.0
92.3 42.01832 14 1.0
92.4 42.0627 14 1.0
92.5 42.10701 14 1.0
92.6 42.15125 14 1.0
92.7 42.19542 14 1.0
92.8 42.23952 14 1.0
92.9 42.28356 14 1.0
93.0 42.32752 14 1.0
93.1 42.37141 14 1.0
93.2 42.41524 14 1.0
93.3 42.45899 14 1.0
93.4 42.50268 14 1.0
93.5 42.54629 14 1.0
93.6 42.58984 14 1.0
93.7 42.63332 14 1.0
93.8 42.67673 14 1.0
93.9 42.72006 14 1.0
94.0 42.76333 14 1.0
94.1 42.80653 14 1.0
94.2 42.84966 14 1.0
94.3 42.89272 14 1.0
94.4 42.93571 14 1.0
94.5 42.97864 14 1.0
94.6 43.02149 14 1.0
94.7 43.06427 14 1.0
94.8 43.10698 14 1.0
94.9 43.14963 14 1.0
95.0 43.1922 14 1.0
95.1 43.23471 14 1.0
95.2 43.27714 14 1.0
95.3 43.31951 14 1.0
95.4 43.3618 14 1.0
95.5 43.40403 14 1.0
95.6 43.44619 14 1.0
95.7 43.48827 14 1.0
95.8 43.53029 14 1.0
95.9 43.57224 14 1.0
96.0 43.61412 14 1.0
96.1 43.65593 14 1.0
96.2 43.69767 14 1.0
96.3 43.73934 14 1.0
96.4 43.78094 14 1.0
96.5 43.82248 14 1.0
96.6 43.86394 14 1.0
96.7 43.90533 14 1.0
96.8 43.94666 14 1.0
96.9 43.98791 14 1.0
97.0 44.02909 14 1.0
97.1 44.07021 14 1.0
97.2 44.11125 14 1.0
97.3 44.15223 14 1.0
97.4 44.19314 14 1.0
97.5 44.23398 14 1.0
97.6 44.27474 14 1.0
97.7 44.31544 14 1.0
97.8 44.35607 14 1.0
97.9 44.39663 14 1.0
98.0 44.43712 14 1.0
98.1 44.47754 14 1.0
98.2 44.51789 14 1.0
98.3 44.55817 14 1.0
98.4 44.59839 14 1.0
98.5 44.63853 14 1.0
98.6 44.6786 14 1.0
98.7 44.71861 14 1.0
98.8 44.75854 14 1.0
98.9 44.7984 14 1.0
99.0 44.8382 14 1.0
99.1 44.87793 14 1.0
99.2 44.91758 14 1.0
99.3 44.95717 14 1.0
99.4 44.99669 14 1.0
99.5 45.03613 14 1.0
99.6 45.07551 14 1.0
99.7 45.11482 14 1.0
99.8 45.15406 14 1.0
99.9 45.19323 14 1.0
100.0 45.22908 14 1.0
100.1 45.26489 14 1.0
100.2 45.30066 14 1.0
100.3 45.33639 14 1.0
100.4 45.37207 14 1.0
100.5 45.40771 14 1.0
100.6 45.44332 14 1.0
100.7 45.47888 14 1.0
100.8 45.5144 14 1.0
100.9 45.54987 14 1.0
101.0 45.58531 14 1.0
101.1 45.6207 14 1.0
101.2 45.65605 14 1.0
101.3 45.69137 14 1.0
101.4 45.72664 14 1.0
101.5 45.76186 14 1.0
101.6 45.79705 14 1.0
101.6 45.83219 14 1.0
101.7 45.8673 14 1.0
101.8 45.90236 14 1.0
101.9 45.93738 14 1.0
102.0 45.97236 14 1.0
102.1 46.0073 14 1.0
102.2 46.04219 14 1.0
102.3 46.07705 14 1.0
102.4 46.11186 14 1.0
102.5 46.14663 14 1.0
102.6 46.18136 14 1.0
102.7 46.21605 14 1.0
102.8 46.2507 14 1.0
102.9 46.2853 14 1.0
103.0 46.31986 14 1.0
103.1 46.35439 14 1.0
103.2 46.38887 14 1.0
103.3 46.4233 14 1.0
103.4 46.4577 14 1.0
103.5 46.49206 14 1.0
103.6 46.52637 14 1.0
103.7 46.56065 14 1.0
103.8 46.59488 14 1.0
103.9 46.62907 14 1.0
104.0 46.66321 14 1.0
104.1 46.69732 14 1.0
104.2 46.73139 14 1.0
104.3 46.76541 14 1.0
104.4 46.79939 14 1.0
104.5 46.83333 14 1.0
104.6 46.86723 14 1.0
104.7 46.90109 14 1.0
104.8 46.9349 14 1.0
104.9 46.96868 14 1.0
105.0 47.00241 14 1.0
105.1 47.0361 14 1.0
105.2 47.06975 14 1.0
105.3 46.92937 14 1.0
105.4 46.64682 14 1.0
105.5 46.36364 14 1.0
105.6 46.07982 14 1.0
105.7 45.79538 14 1.0
105.8 45.5103 14 1.0
105.9 45.2246 14 1.0
106.0 44.93826 14 1.0
106.1 44.65129 14 1.0
106.2 44.36369 14 1.0
106.3 44.07547 14 1.0
106.4 43.78661 14 1.0
106.5 43.49711 14 1.0
106.6 43.20699 14 1.0
106.7 42.91624 14 1.0
106.8 42.62485 14 1.0
106.9 42.33284 14 1.0
107.0 42.04019 14 1.0
107.1 41.74692 14 1.0
107.2 41.45301 14 1.0
107.3 41.15847 14 1.0
107.4 40.8633 14 1.0
107.5 40.5675 14 1.0
107.6 40.27107 14 1.0
107.7 39.97401 14 1.0
107.8 39.67632 14 1.0
107.9 39.37799 14 1.0
108.0 39.07904 14 1.0
108.1 38.77946 14 1.0
108.2 38.47924 14 1.0
108.3 38.17839 14 1.0
108.4 37.87691 14 1.0
108.5 37.57481 14 1.0
108.6 37.27207 14 1.0
108.7 36.9687 14 1.0
108.8 36.66469 14 1.0
108.9 36.36006 14 1.0
109.0 36.0548 14 1.0
109.1 35.7489 14 1.0
109.2 35.44238 14 1.0
109.3 35.13522 14 1.0
109.4 34.82744 14 1.0
109.5 34.51902 14 1.0
109.6 34.20997 14 1.0
109.7 33.90029 14 1.0
109.8 33.58998 14 1.0
109.9 33.24779 14 1.0
110.0 32.90482 14 1.0
110.1 32.56107 14 1.0
110.2 32.21655 14 1.0
110.3 31.87125 14 1.0
110.4 31.52518 14 1.0
110.5 31.17834 14 1.0
110.6 30.83071 14 1.0
110.7 30.48232 14 1.0
110.8 30.13314 14 1.0
110.9 29.7832 14 1.0
111.0 29.43247 14 1.0
111.1 29.08098 14 1.0
111.2 28.7287 14 1.0
111.3 28.37565 14 1.0
111.4 28.02183 14 1.0
111.5 27.66723 14 1.0
111.6 27.31185 14 1.0
111.7 26.95571 14 1.0
111.8 26.59878 14 1.0
111.9 26.24108 14 1.0
112.0 25.8826 14 1.0
112.1 25.52335 14 1.0
112.2 25.16333 14 1.0
112.3 24.80252 14 1.0
112.4 24.44095 14 1.0
112.5 24.0786 14 1.0
112.6 23.71547 14 1.0
112.7 23.35157 14 1.0
112.8 22.98689 14 1.0
112.9 22.62144 14 1.0
113.0 22.25521 14 1.0
113.1 21.8882 14 1.0
113.2 21.52042 14 1.0
113.3 21.15187 14 1.0
113.4 20.78254 14 1.0
113.5 20.41244 14 1.0
113.6 20.04156 14 1.0
113.7 19.6699 14 1.0
113.8 19.29747 14 1.0
113.9 18.92426 14 1.0
114.0 18.55028 14 1.0
114.1 18.17553 14 1.0
114.2 17.79999 14 1.0
114.3 17.42369 14 1.0
114.4 17.04661 14 1.0
114.5 16.66875 14 1.0
114.6 16.29012 14 1.0
114.7 15.91071 14 1.0
114.8 15.53052 14 1.0
114.9 15.14957 14 1.0
115.0 14.76783 14 1.0
115.1 14.38532 14 1.0
115.2 14.00204 14 1.0
115.3 13.61798 14 1.0
115.4 13.23314 14 1.0
115.5 12.84753 14 1.0
115.6 12.46115 14 1.0
115.7 12.07399 14 1.0
115.8 11.68605 14 1.0
115.9 11.29734 14 1.0
116.0 10.90785 14 1.0
116.1 10.51759 14 1.0
116.2 10.12656 14 1.0
116.3 9.734744 14 1.0
116.4 9.342156 14 1.0
116.5 8.948793 14 1.0
116.6 8.554655 14 1.0
116.7 8.159742 14 1.0
116.8 7.764053 14 1.0
116.9 7.367589 14 1.0
117.0 6.97035 14 1.0
117.1 6.572336 14 1.0
117.2 6.173546 14 1.0
117.3 5.773981 14 1.0
117.4 5.373641 14 1.0
117.5 4.972525 14 1.0
117.6 4.570634 14 1.0
117.7 4.167968 14 1.0
117.8 0.0 15 0.0
117.9 0.0 15 0.0
118.0 0.0 15 0.0
118.1 0.0 15 0.0
118.2 0.0 15 0.0
118.3 0.0 15 0.0
118.4 0.0 15 0.0
118.5 0.0 15 0.0
118.6 0.0 15 0.0
118.7 0.0 15 0.0
118.8 0.0 15 0.0
118.9 0.0 15 0.0
119.0 0.0 15 0.0
119.1 0.0 15 0.0
119.2 0.0 15 0.0
119.3 0.0 15 0.0
119.4 0.0 15 0.0
119.5 0.0 15 0.0
119.6 0.0 15 0.0
119.7 0.0 15 0.0
119.8 0.0 15 0.0
119.9 0.0 15 0.0
120.0 0.0 15 0.0
120.1 0.0 15 0.0
120.2 0.0 15 0.0
120.3 0.0 15 0.0
120.4 0.0 15 0.0
120.5 0.0 15 0.0
120.6 0.0 15 0.0
120.7 0.0 15 0.0
120.8 0.0 15 0.0
120.9 0.0 15 0.0
121.0 0.0 15 0.0
121.1 0.0 15 0.0
121.2 0.0 15 0.0
121.3 0.0 15 0.0
121.4 0.0 15 0.0
121.5 0.0 15 0.0
121.6 0.0 15 0.0
121.7 0.0 15 0.0
121.8 0.0 15 0.0
121.9 0.0 15 0.0
122.0 0.0 15 0.0
122.1 0.0 15 0.0
122.2 0.0 15 0.0
122.3 0.0 15 0.0
122.4 0.0 15 0.0
122.5 0.0 15 0.0
122.6 0.0 15 0.0
122.7 0.0 15 0.0
122.8 0.0 15 0.0
122.9 0.0 15 0.0
123.0 0.0 15 0.0
123.1 0.0 15 0.0
123.2 0.0 15 0.0
123.3 0.0 15 0.0
123.4 0.0 15 0.0
123.5 0.0 15 0.0
123.6 0.0 15 0.0
123.7 0.0 15 0.0
123.8 0.0 15 0.0
123.9 0.0 15 0.0
124.0 0.0 15 0.0
124.1 0.0 15 0.0
124.2 0.0 15 0.0
124.3 0.0 15 0.0
124.4 0.0 15 0.0
124.5 0.0 15 0.0
124.6 0.0 15 0.0
124.7 0.0 15 0.0
124.8 0.0 15 0.0
124.9 0.0 15 0.0
125.0 0.0 15 0.0
125.1 0.0 15 0.0
125.2 0.0 15 0.0
125.3 0.0 15 0.0
125.4 0.0 15 0.0
125.5 0.0 15 0.0
125.6 0.0 15 0.0
125.7 0.0 15 0.0
125.8 0.0 15 0.0
125.9 0.0 15 0.0
126.0 0.0 15 0.0
126.1 0.0 15 0.0
126.2 0.0 15 0.0
126.3 0.0 15 0.0
126.4 0.0 15 0.0
126.5 0.0 15 0.0
126.6 0.0 15 0.0
126.7 0.0 15 0.0
126.8 0.0 15 0.0
126.9 0.0 15 0.0
127.0 0.0 15 0.0
127.1 0.0 15 0.0
127.2 0.0 15 0.0
127.3 0.0 15 0.0
127.4 0.0 15 0.0
127.5 0.0 15 0.0
127.6 0.0 15 0.0
127.7 0.0 15 0.0
127.8 0.0 15 0.0
127.9 0.0 15 0.0
128.0 0.0 15 0.0
128.1 0.0 15 0.0
128.2 0.0 15 0.0
128.3 0.0 15 0.0
128.4 0.0 15 0.0
128.5 0.0 15 0.0
128.6 0.0 15 0.0
128.7 0.0 15 0.0
128.8 0.0 15 0.0
128.9 0.0 15 0.0
129.0 0.0 15 0.0
129.1 0.0 15 0.0
129.2 0.0 15 0.0
129.3 0.0 15 0.0
129.4 0.0 15 0.0
129.5 0.0 15 0.0
129.6 0.0 15 0.0
129.7 0.0 15 0.0
129.8 0.0 15 0.0
129.9 0.0 15 0.0
130.0 0.0 15 0.0
130.1 0.0 15 0.0
130.2 0.0 15 0.0
130.3 0.0 15 0.0
130.4 0.0 15 0.0
130.5 0.0 15 0.0
130.6 0.0 15 0.0
130.7 0.0 15 0.0
130.8 0.0 15 0.0
130.9 0.0 15 0.0
131.0 0.0 15 0.0
131.1 0.0 15 0.0
131.2 0.0 15 0.0
131.3 0.0 15 0.0
131.4 0.0 15 0.0
131.5 0.0 15 0.0
131.6 0.0 15 0.0
131.7 0.0 15 0.0
131.8 0.0 15 0.0
131.9 0.0 15 0.0
132.0 0.0 15 0.0
132.1 0.0 15 0.0
132.2 0.0 15 0.0
132.3 0.0 15 0.0
132.4 0.0 15 0.0
132.5 0.0 15 0.0
132.6 0.0 15 0.0
132.7 0.0 15 0.0
132.8 0.0 15 0.0
132.9 0.0 15 0.0
133.0 0.0 15 0.0
133.1 0.0 15 0.0
133.2 0.0 15 0.0
133.3 0.0 15 0.0
133.4 0.0 15 0.0
133.5 0.0 15 0.0
133.6 0.0 15 0.0
133.7 0.0 15 0.0
133.8 0.0 15 0.0
133.9 0.0 15 0.0
134.0 0.0 15 0.0
134.1 0.0 15 0.0
134.2 0.0 15 0.0
134.3 0.0 15 0.0
134.4 0.0 15 0.0
134.5 0.0 15 0.0
134.6 0.0 15 0.0
134.7 0.0 15 0.0
134.8 0.0 15 0.0
134.9 0.0 15 0.0
135.0 0.0 15 0.0
135.1 0.0 15 0.0
135.2 0.0 15 0.0
135.3 0.0 15 0.0
135.4 0.0 15 0.0
135.5 0.0 15 0.0
135.6 0.0 15 0.0
135.7 0.0 15 0.0
135.8 0.0 15 0.0
135.9 0.0 15 0.0
136.0 0.0 15 0.0
136.1 0.0 15 0.0
136.2 0.0 15 0.0
136.3 0.0 15 0.0
136.4 0.0 15 0.0
136.5 0.0 15 0.0
136.6 0.0 15 0.0
136.7 0.0 15 0.0
136.8 0.0 15 0.0
136.9 0.0 15 0.0
137.0 0.0 15 0.0
137.1 0.0 15 0.0
137.2 0.0 15 0.0
137.3 0.0 15 0.0
137.4 0.0 15 0.0
137.5 0.0 15 0.0
137.6 0.0 15 0.0
137.7 0.0 15 0.0
137.8 0.0 15 0.0
137.9 0.0 15 0.0
138.0 0.0 15 0.0
138.1 0.0 15 0.0
138.2 0.0 15 0.0
138.3 0.0 15 0.0
138.4 0.0 15 0.0
138.5 0.0 15 0.0
138.6 0.0 15 0.0
138.7 0.0 15 0.0
138.8 0.0 15 0.0
138.9 0.0 15 0.0
139.0 0.0 15 0.0
139.1 0.0 15 0.0
139.2 0.0 15 0.0
139.3 0.0 15 0.0
139.4 0.0 15 0.0
139.5 0.0 15 0.0
139.6 0.0 15 0.0
139.7 0.0 15 0.0
139.8 0.0 15 0.0
139.9 0.0 15 0.0
140.0 0.0 15 0.0
140.1 0.0 15 0.0
140.2 0.0 15 0.0
140.3 0.0 15 0.0
140.4 0.0 15 0.0
140.5 0.0 15 0.0
140.6 0.0 15 0.0
140.7 0.0 15 0.0
140.8 0.0 15 0.0
140.9 0.0 15 0.0
141.0 0.0 15 0.0
141.1 0.0 15 0.0
141.2 0.0 15 0.0
141.3 0.0 15 0.0
141.4 0.0 15 0.0
141.5 0.0 15 0.0
141.5 0.0 15 0.0
141.6 0.0 15 0.0
141.7 0.0 15 0.0
141.8 0.0 15 0.0
141.9 0.0 15 0.0
142.0 0.0 15 0.0
142.1 0.0 15 0.0
142.2 0.0 15 0.0
142.3 0.0 15 0.0
142.4 0.0 15 0.0
142.5 0.0 15 0.0
142.6 0.0 15 0.0
142.7 0.0 15 0.0
142.8 0.0 15 0.0
142.9 0.0 15 0.0
143.0 0.0 15 0.0
143.1 0.0 15 0.0
143.2 0.0 15 0.0
143.3 0.0 15 0.0
143.4 0.0 15 0.0
143.5 0.0 15 0.0
143.6 0.0 15 0.0
143.7 0.0 15 0.0
143.8 0.0 15 0.0
143.9 0.0 15 0.0
144.0 0.0 15 0.0
144.1 0.0 15 0.0
144.2 0.0 15 0.0
144.3 0.0 15 0.0
144.4 0.0 15 0.0
144.5 0.0 15 0.0
144.6 0.0 15 0.0
144.7 0.0 15 0.0
144.8 0.0 15 0.0
144.9 0.0 15 0.0
145.0 0.0 15 0.0
145.1 0.0 15 0.0
145.2 0.0 15 0.0
145.3 0.0 15 0.0
145.4 0.0 15 0.0
145.5 0.0 15 0.0
145.6 0.0 15 0.0
145.7 0.0 15 0.0
145.8 0.0 15 0.0
145.9 0.0 15 0.0
146.0 0.0 15 0.0
146.1 0.0 15 0.0
146.2 0.0 15 0.0
146.3 0.0 15 0.0
146.4 0.0 15 0.0
146.5 0.0 15 0.0
146.6 0.0 15 0.0
146.7 0.0 15 0.0
146.8 0.0 15 0.0
146.9 0.0 15 0.0
147.0 0.0 15 0.0
147.1 0.0 15 0.0
147.2 0.0 15 0.0
147.3 0.0 15 0.0
147.4 0.0 15 0.0
147.5 0.0 15 0.0
147.6 0.0 15 0.0
147.7 0.0 15 0.0
147.8 0.0 15 0.0
147.9 0.0 15 0.0
148.0 0.0 15 0.0
148.1 0.0 15 0.0
148.2 0.0 15 0.0
148.3 0.0 15 0.0
148.4 0.0 15 0.0
148.5 0.0 15 0.0
148.6 0.0 15 0.0
148.7 0.0 15 0.0
148.8 0.0 15 0.0
148.9 0.0 15 0.0
149.0 0.0 15 0.0
149.1 0.0 15 0.0
149.2 0.0 15 0.0
149.3 0.0 15 0.0
149.4 0.0 15 0.0
149.5 0.0 15 0.0
149.6 0.0 15 0.0
149.7 0.0 15 0.0
149.8 0.0 15 0.0
149.9 0.0 15 0.0
150.0 0.0 15 0.0
150.1 0.0 15 0.0
150.2 0.0 15 0.0
150.3 0.0 15 0.0
150.4 0.0 15 0.0
150.5 0.0 15 0.0
150.6 0.0 15 0.0
150.7 0.0 15 0.0
150.8 0.0 15 0.0
150.9 0.0 15 0.0
151.0 0.0 15 0.0
151.1 0.0 15 0.0
151.2 0.0 15 0.0
151.3 0.0 15 0.0
151.4 0.0 15 0.0
151.5 0.0 15 0.0
151.6 0.0 15 0.0
151.7 0.0 15 0.0
151.8 0.0 15 0.0
151.9 0.0 15 0.0
152.0 0.0 15 0.0
152.1 0.0 15 0.0
152.2 0.0 15 0.0
152.3 0.0 15 0.0
152.4 0.0 15 0.0
152.5 0.0 15 0.0
152.6 0.0 15 0.0
152.7 0.0 15 0.0
152.8 0.0 15 0.0
152.9 0.0 15 0.0
153.0 0.0 15 0.0
153.1 0.0 15 0.0
153.2 0.0 15 0.0
153.3 0.0 15 0.0
153.4 0.0 15 0.0
153.5 0.0 15 0.0
153.6 0.0 15 0.0
153.7 0.0 15 0.0
153.8 0.0 15 0.0
153.9 0.0 15 0.0
154.0 0.0 15 0.0
154.1 0.0 15 0.0
154.2 0.0 15 0.0
154.3 0.0 15 0.0
154.4 0.0 15 0.0
154.5 0.0 15 0.0
154.6 0.0 15 0.0
154.7 0.0 15 0.0
154.8 0.0 15 0.0
154.9 0.0 15 0.0
155.0 0.0 15 0.0
155.1 0.0 15 0.0
155.2 0.0 15 0.0
155.3 0.0 15 0.0
155.4 0.0 15 0.0
155.5 0.0 15 0.0
155.6 0.0 15 0.0
155.7 0.0 15 0.0
155.8 0.0 15 0.0
155.9 0.0 15 0.0
156.0 0.0 15 0.0
156.1 0.0 15 0.0
156.2 0.0 15 0.0
156.3 0.0 15 0.0
156.4 0.0 15 0.0
156.5 0.0 15 0.0
156.6 0.0 15 0.0
156.7 0.0 15 0.0
156.8 0.0 15 0.0
156.9 0.0 15 0.0
157.0 0.0 15 0.0
157.1 0.0 15 0.0
157.2 0.0 15 0.0
157.3 0.0 15 0.0
157.4 0.0 15 0.0
157.5 0.0 15 0.0
157.6 0.0 15 0.0
157.7 0.0 15 0.0
157.8 0.0 15 0.0
157.9 0.0 15 0.0
158.0 0.0 15 0.0
158.1 0.0 15 0.0
158.2 0.0 15 0.0
158.3 0.0 15 0.0
158.4 0.0 15 0.0
158.5 0.0 15 0.0
158.6 0.0 15 0.0
158.7 0.0 15 0.0
158.8 0.0 15 0.0
158.9 0.0 15 0.0
159.0 0.0 15 0.0
159.1 0.0 15 0.0
159.2 0.0 15 0.0
159.3 0.0 15 0.0
159.4 0.0 15 0.0
159.5 0.0 15 0.0
159.6 0.0 15 0.0
159.7 0.0 15 0.0
159.8 0.0 15 0.0
159.9 0.0 15 0.0
160.0 0.0 15 0.0
160.1 0.0 15 0.0
160.2 0.0 15 0.0
160.3 0.0 15 0.0
160.4 0.0 15 0.0
160.5 0.0 15 0.0
160.6 0.0 15 0.0
160.7 0.0 15 0.0
160.8 0.0 15 0.0
160.9 0.0 15 0.0
161.0 0.0 15 0.0
161.1 0.0 15 0.0
161.2 0.0 15 0.0
161.3 0.0 15 0.0
161.4 0.0 15 0.0
161.5 0.0 15 0.0
161.6 0.0 15 0.0
161.7 0.0 15 0.0
161.8 0.0 15 0.0
161.9 0.0 15 0.0
162.0 0.0 15 0.0
162.1 0.0 15 0.0
162.2 0.0 15 0.0
162.3 0.0 15 0.0
162.4 0.0 15 0.0
162.5 0.0 15 0.0
162.6 0.0 15 0.0
162.7 0.0 15 0.0
162.8 0.0 15 0.0
162.9 0.0 15 0.0
163.0 0.0 15 0.0
163.1 0.0 15 0.0
163.2 0.0 15 0.0
163.3 0.0 15 0.0
163.4 0.0 15 0.0
163.5 0.0 15 0.0
163.6 0.0 15 0.0
163.7 0.0 15 0.0
163.8 0.0 15 0.0
163.9 0.0 15 0.0
164.0 0.0 15 0.0
164.1 0.0 15 0.0
164.2 0.0 15 0.0
164.3 0.0 15 0.0
164.4 0.0 15 0.0
164.5 0.0 15 0.0
164.6 0.0 15 0.0
164.7 0.0 15 0.0
164.8 0.0 15 0.0
164.9 0.0 15 0.0
165.0 0.0 15 0.0
165.1 0.0 15 0.0
165.2 0.0 15 0.0
165.3 0.0 15 0.0
165.4 0.0 15 0.0
165.5 0.0 15 0.0
165.6 0.0 15 0.0
165.7 0.0 15 0.0
165.8 0.0 15 0.0
165.9 0.0 15 0.0
166.0 0.0 15 0.0
166.1 0.0 15 0.0
166.2 0.0 15 0.0
166.3 0.0 15 0.0
166.4 0.0 15 0.0
166.5 0.0 15 0.0
166.6 0.0 15 0.0
166.7 0.0 15 0.0
166.8 0.0 15 0.0
166.9 0.0 15 0.0
167.0 0.0 15 0.0
167.1 0.0 15 0.0
167.2 0.0 15 0.0
167.3 0.0 15 0.0
167.4 0.0 15 0.0
167.5 0.0 15 0.0
167.6 0.0 15 0.0
167.7 0.0 15 0.0
167.8 0.0 15 0.0
167.9 0.0 15 0.0
168.0 0.0 15 0.0
168.1 0.0 15 0.0
168.2 0.0 15 0.0
168.3 0.0 15 0.0
168.4 0.0 15 0.0
168.5 0.0 15 0.0
168.6 0.0 15 0.0
168.7 0.0 15 0.0
168.8 0.0 15 0.0
168.9 0.0 15 0.0
169.0 0.0 15 0.0
169.1 0.0 15 0.0
169.2 0.0 15 0.0
169.3 0.0 15 0.0
169.4 0.0 15 0.0
169.5 0.0 15 0.0
169.6 0.0 15 0.0
169.7 0.0 15 0.0
169.8 0.0 15 0.0
169.9 0.0 15 0.0
170.0 0.0 15 0.0
170.1 0.0 15 0.0
170.2 0.0 15 0.0
170.3 0.0 15 0.0
170.4 0.0 15 0.0
170.5 0.0 15 0.0
170.6 0.0 15 0.0
170.7 0.0 15 0.0
170.8 0.0 15 0.0
170.9 0.0 15 0.0
171.0 0.0 15 0.0
171.1 0.0 15 0.0
171.2 0.0 15 0.0
171.3 0.0 15 0.0
171.4 0.0 15 0.0
171.5 0.0 15 0.0
171.6 0.0 15 0.0
171.7 0.0 15 0.0
171.8 0.0 15 0.0
171.9 0.0 15 0.0
172.0 0.0 15 0.0
172.1 0.0 15 0.0
172.2 0.0 15 0.0
172.3 0.0 15 0.0
172.4 0.0 15 0.0
172.5 0.0 15 0.0
172.6 0.0 15 0.0
172.7 0.0 15 0.0
172.8 0.0 15 0.0
172.9 0.0 15 0.0
173.0 0.0 15 0.0
173.1 0.0 15 0.0
173.2 0.0 15 0.0
173.3 0.0 15 0.0
173.4 0.0 15 0.0
173.5 0.0 15 0.0
173.6 0.0 15 0.0
173.7 0.0 15 0.0
173.8 0.0 15 0.0
173.9 0.0 15 0.0
174.0 0.0 15 0.0
174.1 0.0 15 0.0
174.2 0.0 15 0.0
174.3 0.0 15 0.0
174.4 0.0 15 0.0
174.5 0.0 15 0.0
174.6 0.0 15 0.0
174.7 0.0 15 0.0
174.8 0.0 15 0.0
174.9 0.0 15 0.0
175.0 0.0 15 0.0
175.1 0.0 15 0.0
175.2 0.0 15 0.0
175.3 0.0 15 0.0
175.4 0.0 15 0.0
175.5 0.0 15 0.0
175.6 0.0 15 0.0
175.7 0.0 15 0.0
175.8 0.0 15 0.0
175.9 0.0 15 0.0
176.0 0.0 15 0.0
176.1 0.0 15 0.0
176.2 0.0 15 0.0
176.3 0.0 15 0.0
176.4 0.0 15 0.0
176.5 0.0 15 0.0
176.6 0.0 15 0.0
176.7 0.0 15 0.0
176.8 0.0 15 0.0
176.9 0.0 15 0.0
177.0 0.0 15 0.0
177.1 0.0 15 0.0
177.2 0.0 15 0.0
177.3 0.0 15 0.0
177.4 0.0 15 0.0
177.5 0.0 15 0.0
177.6 0.0 15 0.0
177.7 0.0 15 0.0
177.8 0.0 15 0.0
177.9 0.0 15 0.0
178.0 0.0 15 0.0
178.1 0.0 15 0.0
178.2 0.0 15 0.0
178.3 0.0 15 0.0
178.4 0.0 15 0.0
178.5 0.0 15 0.0
178.6 0.0 15 0.0
178.7 0.0 15 0.0
178.8 0.0 15 0.0
178.9 0.0 15 0.0
179.0 0.0 15 0.0
179.0 0.0 15 0.0
179.1 0.0 15 0.0
179.2 0.0 15 0.0
179.3 0.0 15 0.0
179.4 0.0 15 0.0
179.5 0.0 15 0.0
179.6 0.0 15 0.0
179.7 0.0 15 0.0
179.8 0.0 15 0.0
179.9 0.0 15 0.0
180.0 0.0 15 0.0
180.1 0.0 15 0.0
180.2 0.0 15 0.0
180.3 0.0 15 0.0
180.4 0.0 15 0.0
180.5 0.0 15 0.0
180.6 0.0 15 0.0
180.7 0.0 15 0.0
180.8 0.0 15 0.0
180.9 0.0 15 0.0
181.0 0.0 15 0.0
181.1 0.0 15 0.0
181.2 0.0 15 0.0
181.3 0.0 15 0.0
181.4 0.0 15 0.0
181.5 0.0 15 0.0
181.6 0.0 15 0.0
181.7 0.0 15 0.0
181.8 0.0 15 0.0
181.9 0.0 15 0.0
182.0 0.0 15 0.0
182.1 0.0 15 0.0
182.2 0.0 15 0.0
182.3 0.0 15 0.0
182.4 0.0 15 0.0
182.5 0.0 15 0.0
182.6 0.0 15 0.0
182.7 0.0 15 0.0
182.8 0.0 15 0.0
182.9 0.0 15 0.0
183.0 0.0 15 0.0
183.1 0.0 15 0.0
183.2 0.0 15 0.0
183.3 0.0 15 0.0
183.4 0.0 15 0.0
183.5 0.0 15 0.0
183.6 0.0 15 0.0
183.7 0.0 15 0.0
183.8 0.0 15 0.0
183.9 0.0 15 0.0
184.0 0.0 15 0.0
184.1 0.0 15 0.0
184.2 0.0 15 0.0
184.3 0.0 15 0.0
184.4 0.0 15 0.0
184.5 0.0 15 0.0
184.6 0.0 15 0.0
184.7 0.0 15 0.0
184.8 0.0 15 0.0
184.9 0.0 15 0.0
185.0 0.0 15 0.0
185.1 0.0 15 0.0
185.2 0.0 15 0.0
185.3 0.0 15 0.0
185.4 0.0 15 0.0
185.5 0.0 15 0.0
185.6 0.0 15 0.0
185.7 0.0 15 0.0
185.8 0.0 15 0.0
185.9 0.0 15 0.0
186.0 0.0 15 0.0
186.1 0.0 15 0.0
186.2 0.0 15 0.0
186.3 0.0 15 0.0
186.4 0.0 15 0.0
186.5 0.0 15 0.0
186.6 0.0 15 0.0
186.7 0.0 15 0.0
186.8 0.0 15 0.0
186.9 0.0 15 0.0
187.0 0.0 15 0.0
187.1 0.0 15 0.0
187.2 0.0 15 0.0
187.3 0.0 15 0.0
187.4 0.0 15 0.0
187.5 0.0 15 0.0
187.6 0.0 15 0.0
187.7 0.0 15 0.0
187.8 0.0 15 0.0
187.9 0.0 15 0.0
188.0 0.0 15 0.0
188.1 0.0 15 0.0
188.2 0.0 15 0.0
188.3 0.0 15 0.0
188.4 0.0 15 0.0
188.5 0.0 15 0.0
188.6 0.0 15 0.0
188.7 0.0 15 0.0
188.8 0.0 15 0.0
188.9 0.0 15 0.0
189.0 0.0 15 0.0
189.1 0.0 15 0.0
189.2 0.0 15 0.0
189.3 0.0 15 0.0
189.4 0.0 15 0.0
189.5 0.0 15 0.0
189.6 0.0 15 0.0
189.7 0.0 15 0.0
189.8 0.0 15 0.0
189.9 0.0 15 0.0
190.0 0.0 15 0.0
190.1 0.0 15 0.0
190.2 0.0 15 0.0
190.3 0.0 15 0.0
190.4 0.0 15 0.0
190.5 0.0 15 0.0
190.6 0.0 15 0.0
190.7 0.0 15 0.0
190.8 0.0 15 0.0
190.9 0.0 15 0.0
191.0 0.0 15 0.0
191.1 0.0 15 0.0
191.2 0.0 15 0.0
191.3 0.0 15 0.0
191.4 0.0 15 0.0
191.5 0.0 15 0.0
191.6 0.0 15 0.0
191.7 0.0 15 0.0
191.8 0.0 15 0.0
191.9 0.0 15 0.0
192.0 0.0 15 0.0
192.1 0.0 15 0.0
192.2 0.0 15 0.0
192.3 0.0 15 0.0
192.4 0.0 15 0.0
192.5 0.0 15 0.0
192.6 0.0 15 0.0
192.7 0.0 15 0.0
192.8 0.0 15 0.0
192.9 0.0 15 0.0
193.0 0.0 15 0.0
193.1 0.0 15 0.0
193.2 0.0 15 0.0
193.3 0.0 15 0.0
193.4 0.0 15 0.0
193.5 0.0 15 0.0
193.6 0.0 15 0.0
193.7 0.0 15 0.0
193.8 0.0 15 0.0
193.9 0.0 15 0.0
194.0 0.0 15 0.0
194.1 0.0 15 0.0
194.2 0.0 15 0.0
194.3 0.0 15 0.0
194.4 0.0 15 0.0
194.5 0.0 15 0.0
194.6 0.0 15 0.0
194.7 0.0 15 0.0
194.8 0.0 15 0.0
194.9 0.0 15 0.0
195.0 0.0 15 0.0
195.1 0.0 15 0.0
195.2 0.0 15 0.0
195.3 0.0 15 0.0
195.4 0.0 15 0.0
195.5 0.0 15 0.0
195.6 0.0 15 0.0
195.7 0.0 15 0.0
195.8 0.0 15 0.0
195.9 0.0 15 0.0
196.0 0.0 15 0.0
196.1 0.0 15 0.0
196.2 0.0 15 0.0
196.3 0.0 15 0.0
196.4 0.0 15 0.0
196.5 0.0 15 0.0
196.6 0.0 15 0.0
196.7 0.0 15 0.0
196.8 0.0 15 0.0
196.9 0.0 15 0.0
197.0 0.0 15 0.0
197.1 0.0 15 0.0
197.2 0.0 15 0.0
197.3 0.0 15 0.0
197.4 0.0 15 0.0
197.5 0.0 15 0.0
197.6 0.0 15 0.0
197.7 0.0 15 0.0
197.8 0.0 15 0.0
197.9 0.0 15 0.0
198.0 0.0 15 0.0
198.1 0.0 15 0.0
198.2 0.0 15 0.0
198.3 0.0 15 0.0
198.4 0.0 15 0.0
198.5 0.0 15 0.0
198.6 0.0 15 0.0
198.7 0.0 15 0.0
198.8 0.0 15 0.0
198.9 0.0 15 0.0
199.0 0.0 15 0.0
199.1 0.0 15 0.0
199.2 0.0 15 0.0
199.3 0.0 15 0.0
199.4 0.0 15 0.0
199.5 0.0 15 0.0
199.6 0.0 15 0.0
199.7 0.0 15 0.0
199.8 0.0 15 0.0
199.9 0.0 15 0.0
200.0 0.0 15 0.0
200.1 0.0 15 0.0
200.2 0.0 15 0.0
200.3 0.0 15 0.0
200.4 0.0 15 0.0
200.5 0.0 15 0.0
200.6 0.0 15 0.0
200.7 0.0 15 0.0
200.8 0.0 15 0.0
200.9 0.0 15 0.0
201.0 0.0 15 0.0
201.1 0.0 15 0.0
201.2 0.0 15 0.0
201.3 0.0 15 0.0
201.4 0.0 15 0.0
201.5 0.0 15 0.0
201.6 0.0 15 0.0
201.7 0.0 15 0.0
201.8 0.0 15 0.0
201.9 0.0 15 0.0
202.0 0.0 15 0.0
202.1 0.0 15 0.0
202.2 0.0 15 0.0
202.3 0.0 15 0.0
202.4 0.0 15 0.0
202.5 0.0 15 0.0
202.6 0.0 15 0.0
202.7 0.0 15 0.0
202.8 0.0 15 0.0
202.9 0.0 15 0.0
203.0 0.0 15 0.0
203.1 0.0 15 0.0
203.2 0.0 15 0.0
203.3 0.0 15 0.0
203.4 0.0 15 0.0
203.5 0.0 15 0.0
203.6 0.0 15 0.0
203.7 0.0 15 0.0
203.8 0.0 15 0.0
203.9 0.0 15 0.0
204.0 0.0 15 0.0
204.1 0.0 15 0.0
204.2 0.0 15 0.0
204.3 0.0 15 0.0
204.4 0.0 15 0.0
204.5 0.0 15 0.0
204.6 0.0 15 0.0
204.7 0.0 15 0.0
204.8 0.0 15 0.0
204.9 0.0 15 0.0
205.0 0.0 15 0.0
205.1 0.0 15 0.0
205.2 0.0 15 0.0
205.3 0.0 15 0.0
205.4 0.0 15 0.0
205.5 0.0 15 0.0
205.6 0.0 15 0.0
205.7 0.0 15 0.0
205.8 0.0 15 0.0
205.9 0.0 15 0.0
206.0 0.0 15 0.0
206.1 0.0 15 0.0
206.2 0.0 15 0.0
206.3 0.0 15 0.0
206.4 0.0 15 0.0
206.5 0.0 15 0.0
206.6 0.0 15 0.0
206.7 0.0 15 0.0
206.8 0.0 15 0.0
206.9 0.0 15 0.0
207.0 0.0 15 0.0
207.1 0.0 15 0.0
207.2 0.0 15 0.0
207.3 0.0 15 0.0
207.4 0.0 15 0.0
207.5 0.0 15 0.0
207.6 0.0 15 0.0
207.7 0.0 15 0.0
207.8 0.0 15 0.0
207.9 0.0 15 0.0
208.0 0.0 15 0.0
208.1 0.0 15 0.0
208.2 0.0 15 0.0
208.3 0.0 15 0.0
208.4 0.0 15 0.0
208.5 0.0 15 0.0
208.6 0.0 15 0.0
208.7 0.0 15 0.0
208.8 0.0 15 0.0
208.9 0.0 15 0.0
209.0 0.0 15 0.0
209.1 0.0 15 0.0
209.2 0.0 15 0.0
209.3 0.0 15 0.0
209.4 0.0 15 0.0
209.5 0.0 15 0.0
209.6 0.0 15 0.0
209.7 0.0 15 0.0
209.8 0.0 15 0.0
209.9 0.0 15 0.0
210.0 0.0 15 0.0
210.1 0.0 15 0.0
210.2 0.0 15 0.0
210.3 0.0 15 0.0
210.4 0.0 15 0.0
210.5 0.0 15 0.0
210.6 0.0 15 0.0
210.7 0.0 15 0.0
210.8 0.0 15 0.0
210.9 0.0 15 0.0
211.0 0.0 15 0.0
211.1 0.0 15 0.0
211.2 0.0 15 0.0
211.3 0.0 15 0.0
211.4 0.0 15 0.0
211.5 0.0 15 0.0
211.6 0.0 15 0.0
211.7 0.0 15 0.0
211.8 0.0 15 0.0
211.9 0.0 15 0.0
212.0 0.0 15 0.0
212.1 0.0 15 0.0
212.2 0.0 15 0.0
212.3 0.0 15 0.0
212.4 0.0 15 0.0
212.5 0.0 15 0.0
212.6 0.0 15 0.0
212.7 0.0 15 0.0
212.8 0.0 15 0.0
212.9 0.0 15 0.0
213.0 0.0 15 0.0
213.1 0.0 15 0.0
213.2 0.0 15 0.0
213.3 0.0 15 0.0
213.4 0.0 15 0.0
213.5 0.0 15 0.0
213.6 0.0 15 0.0
213.7 0.0 15 0.0
213.8 0.0 15 0.0
213.9 0.0 15 0.0
214.0 0.0 15 0.0
214.1 0.0 15 0.0
214.2 0.0 15 0.0
214.2 0.0 15 0.0
214.3 0.0 15 0.0
214.4 0.0 15 0.0
214.5 0.0 15 0.0
214.6 0.0 15 0.0
214.7 0.0 15 0.0
214.8 0.0 15 0.0
214.9 0.0 15 0.0
215.0 0.0 15 0.0
215.1 0.0 15 0.0
215.2 0.0 15 0.0
215.3 0.0 15 0.0
215.4 0.0 15 0.0
215.5 0.0 15 0.0
215.6 0.0 15 0.0
215.7 0.0 15 0.0
215.8 0.0 15 0.0
215.9 0.0 15 0.0
216.0 0.0 15 0.0
216.1 0.0 15 0.0
216.2 0.0 15 0.0
216.3 0.0 15 0.0
216.4 0.0 15 0.0
216.5 0.0 15 0.0
216.6 0.0 15 0.0
216.7 0.0 15 0.0
216.8 0.0 15 0.0
216.9 0.0 15 0.0
217.0 0.0 15 0.0
217.1 0.0 15 0.0
217.2 0.0 15 0.0
217.3 0.0 15 0.0
217.4 0.0 15 0.0
217.5 0.0 15 0.0
217.6 0.0 15 0.0
217.7 0.0 15 0.0
217.8 0.0 15 0.0
217.9 0.0 15 0.0
218.0 0.0 15 0.0
218.1 0.0 15 0.0
218.2 0.0 15 0.0
218.3 0.0 15 0.0
218.4 0.0 15 0.0
218.5 0.0 15 0.0
218.6 0.0 15 0.0
218.7 0.0 15 0.0
218.8 0.0 15 0.0
218.9 0.0 15 0.0
219.0 0.0 15 0.0
219.1 0.0 15 0.0
219.2 0.0 15 0.0
219.3 0.0 15 0.0
219.4 0.0 15 0.0
219.5 0.0 15 0.0
219.6 0.0 15 0.0
219.7 0.0 15 0.0
219.8 0.0 15 0.0
219.9 0.0 15 0.0
220.0 0.0 15 0.0
220.1 0.0 15 0.0
220.2 0.0 15 0.0
220.3 0.0 15 0.0
220.4 0.0 15 0.0
220.5 0.0 15 0.0
220.6 0.0 15 0.0
220.7 0.0 15 0.0
220.8 0.0 15 0.0
220.9 0.0 15 0.0
221.0 0.0 15 0.0
221.1 0.0 15 0.0
221.2 0.0 15 0.0
221.3 0.0 15 0.0
221.4 0.0 15 0.0
221.5 0.0 15 0.0
221.6 0.0 15 0.0
221.7 0.0 15 0.0
221.8 0.0 15 0.0
221.9 0.0 15 0.0
222.0 0.0 15 0.0
222.1 0.0 15 0.0
222.2 0.0 15 0.0
222.3 0.0 15 0.0
222.4 0.0 15 0.0
222.5 0.0 15 0.0
222.6 0.0 15 0.0
222.7 0.0 15 0.0
222.8 0.0 15 0.0
222.9 0.0 15 0.0
223.0 0.0 15 0.0
223.1 0.0 15 0.0
223.2 0.0 15 0.0
223.3 0.0 15 0.0
223.4 0.0 15 0.0
223.5 0.0 15 0.0
223.6 0.0 15 0.0
223.7 0.0 15 0.0
223.8 0.0 15 0.0
223.9 0.0 15 0.0
224.0 0.0 15 0.0
224.1 0.0 15 0.0
224.2 0.0 15 0.0
224.3 0.0 15 0.0
224.4 0.0 15 0.0
224.5 0.0 15 0.0
224.6 0.0 15 0.0
224.7 0.0 15 0.0
224.8 0.0 15 0.0
224.9 0.0 15 0.0
225.0 0.0 15 0.0
225.1 0.0 15 0.0
225.2 0.0 15 0.0
225.3 0.0 15 0.0
225.4 0.0 15 0.0
225.5 0.0 15 0.0
225.6 0.0 15 0.0
225.7 0.0 15 0.0
225.8 0.0 15 0.0
225.9 0.0 15 0.0
226.0 0.0 15 0.0
226.1 0.0 15 0.0
226.2 0.0 15 0.0
226.3 0.0 15 0.0
226.4 0.0 15 0.0
226.5 0.0 15 0.0
226.6 0.0 15 0.0
226.7 0.0 15 0.0
226.8 0.0 15 0.0
226.9 0.0 15 0.0
227.0 0.0 15 0.0
227.1 0.0 15 0.0
227.2 0.0 15 0.0
227.3 0.0 15 0.0
227.4 0.0 15 0.0
227.5 0.0 15 0.0
227.6 0.0 15 0.0
227.7 0.0 15 0.0
227.8 0.0 15 0.0
227.9 0.0 15 0.0
228.0 0.0 15 0.0
228.1 0.0 15 0.0
228.2 0.0 15 0.0
228.3 0.0 15 0.0
228.4 0.0 15 0.0
228.5 0.0 15 0.0
228.6 0.0 15 0.0
228.7 0.0 15 0.0
228.8 0.0 15 0.0
228.9 0.0 15 0.0
229.0 0.0 15 0.0
229.1 0.0 15 0.0
229.2 0.0 15 0.0
229.3 0.0 15 0.0
229.4 0.0 15 0.0
229.5 0.0 15 0.0
229.6 0.0 15 0.0
229.7 0.0 15 0.0
229.8 0.0 15 0.0
229.9 0.0 15 0.0
230.0 0.0 15 0.0
230.1 0.0 15 0.0
230.2 0.0 15 0.0
230.3 0.0 15 0.0
230.4 0.0 15 0.0
230.5 0.0 15 0.0
230.6 0.0 15 0.0
230.7 0.0 15 0.0
230.8 0.0 15 0.0
230.9 0.0 15 0.0
231.0 0.0 15 0.0
231.1 0.0 15 0.0
231.2 0.0 15 0.0
231.3 0.0 15 0.0
231.4 0.0 15 0.0
231.5 0.0 15 0.0
231.6 0.0 15 0.0
231.7 0.0 15 0.0
231.8 0.0 15 0.0
231.9 0.0 15 0.0
232.0 0.0 15 0.0
232.1 0.0 15 0.0
232.2 0.0 15 0.0
232.3 0.0 15 0.0
232.4 0.0 15 0.0
232.5 0.0 15 0.0
232.6 0.0 15 0.0
232.7 0.0 15 0.0
232.8 0.0 15 0.0
232.9 0.0 15 0.0
233.0 0.0 15 0.0
233.1 0.0 15 0.0
233.2 0.0 15 0.0
233.3 0.0 15 0.0
233.4 0.0 15 0.0
233.5 0.0 15 0.0
233.6 0.0 15 0.0
233.7 0.0 15 0.0
233.8 0.0 15 0.0
233.9 0.0 15 0.0
234.0 0.0 15 0.0
234.1 0.0 15 0.0
234.2 0.0 15 0.0
234.3 0.0 15 0.0
234.4 0.0 15 0.0
234.5 0.0 15 0.0
234.6 0.0 15 0.0
234.7 0.0 15 0.0
234.8 0.0 15 0.0
234.9 0.0 15 0.0
235.0 0.0 15 0.0
235.1 0.0 15 0.0
235.2 0.0 15 0.0
235.3 0.0 15 0.0
235.4 0.0 15 0.0
235.5 0.0 15 0.0
235.6 0.0 15 0.0
235.7 0.0 15 0.0
235.8 0.0 15 0.0
235.9 0.0 15 0.0
236.0 0.0 15 0.0
236.1 0.0 15 0.0
236.2 0.0 15 0.0
236.3 0.0 15 0.0
236.4 0.0 15 0.0
236.5 0.0 15 0.0
236.6 0.0 15 0.0
236.7 0.0 15 0.0
236.8 0.0 15 0.0
236.9 0.0 15 0.0
237.0 0.0 15 0.0
237.1 0.0 15 0.0
237.2 0.0 15 0.0
237.3 0.0 15 0.0
237.4 0.0 15 0.0
237.5 0.0 15 0.0
237.6 0.0 15 0.0
237.7 0.0 15 0.0
237.8 0.0 15 0.0
237.9 0.0 15 0.0
238.0 0.0 15 0.0
238.1 0.0 15 0.0
238.2 0.0 15 0.0
238.3 0.0 15 0.0
238.4 0.0 15 0.0
238.5 0.0 15 0.0
238.6 0.0 15 0.0
238.7 0.0 15 0.0
238.8 0.0 15 0.0
238.9 0.0 15 0.0
239.0 0.0 15 0.0
239.1 0.0 15 0.0
239.2 0.0 15 0.0
239.3 0.0 15 0.0
239.4 0.0 15 0.0
239.5 0.0 15 0.0
239.6 0.0 15 0.0
239.7 0.0 15 0.0
239.8 0.0 15 0.0
239.9 0.0 15 0.0
240.0 0.0 15 0.0
240.1 0.0 15 0.0
240.2 0.0 15 0.0
240.3 0.0 15 0.0
240.4 0.0 15 0.0
240.5 0.0 15 0.0
240.6 0.0 15 0.0
240.7 0.0 15 0.0
240.8 0.0 15 0.0
240.9 0.0 15 0.0
241.0 0.0 15 0.0
241.1 0.0 15 0.0
241.2 0.0 15 0.0
241.3 0.0 15 0.0
241.4 0.0 15 0.0
241.5 0.0 15 0.0
241.6 0.0 15 0.0
241.7 0.0 15 0.0
241.8 0.0 15 0.0
241.9 0.0 15 0.0
242.0 0.0 15 0.0
242.1 0.0 15 0.0
242.2 0.0 15 0.0
242.3 0.0 15 0.0
242.4 0.0 15 0.0
242.5 0.0 15 0.0
242.6 0.0 15 0.0
242.7 0.0 15 0.0
242.8 0.0 15 0.0
242.9 0.0 15 0.0
243.0 0.0 15 0.0
243.1 0.0 15 0.0
243.2 0.0 15 0.0
243.3 0.0 15 0.0
243.4 0.0 15 0.0
243.5 0.0 15 0.0
243.6 0.0 15 0.0
243.7 0.0 15 0.0
243.8 0.0 15 0.0
243.9 0.0 15 0.0
244.0 0.0 15 0.0
244.0 0.0 15 0.0
244.1 0.0 15 0.0
244.2 0.0 15 0.0
244.3 0.0 15 0.0
244.4 0.0 15 0.0
244.5 0.0 15 0.0
244.6 0.0 15 0.0
244.7 0.0 15 0.0
244.8 0.0 15 0.0
244.9 0.0 15 0.0
245.0 137.4707 14 1.0
245.1 137.5286 14 1.0
245.2 137.5866 14 1.0
245.3 137.6445 14 1.0
245.4 137.7025 14 1.0
245.5 137.7604 14 1.0
245.6 137.8183 14 1.0
245.7 137.8763 14 1.0
245.8 137.9342 14 1.0
245.9 137.9921 14 1.0
246.0 138.0501 14 1.0
246.1 138.108 14 1.0
246.2 138.166 14 1.0
246.3 138.2239 14 1.0
246.4 138.2818 14 1.0
246.5 138.3398 14 1.0
246.6 138.3977 14 1.0
246.7 138.4556 14 1.0
246.8 138.5136 14 1.0
246.9 138.5715 14 1.0
247.0 138.6294 14 1.0
247.1 138.6874 14 1.0
247.2 138.7453 14 1.0
247.3 138.8033 14 1.0
247.4 138.8612 14 1.0
247.5 138.9191 14 1.0
247.6 138.9771 14 1.0
247.7 139.035 14 1.0
247.8 139.0929 14 1.0
247.9 139.1509 14 1.0
248.0 139.2088 14 1.0
248.1 139.2667 14 1.0
248.2 139.3247 14 1.0
248.3 139.3826 14 1.0
248.4 139.4406 14 1.0
248.5 139.4985 14 1.0
248.6 139.5564 14 1.0
248.7 139.6144 14 1.0
248.8 139.6723 14 1.0
248.9 139.7302 14 1.0
249.0 139.7882 14 1.0
249.1 139.8461 14 1.0
249.2 139.9041 14 1.0
249.3 139.962 14 1.0
249.4 140.0199 14 1.0
249.5 140.0784 14 1.0
249.6 140.1368 14 1.0
249.7 140.1953 14 1.0
249.8 140.2538 14 1.0
249.9 140.3122 14 1.0
250.0 140.3707 14 1.0
250.1 140.4292 14 1.0
250.2 140.4876 14 1.0
250.3 140.5461 14 1.0
250.4 140.6045 14 1.0
250.5 140.663 14 1.0
250.6 140.7215 14 1.0
250.7 140.7799 14 1.0
250.8 140.8384 14 1.0
250.9 140.8968 14 1.0
251.0 140.9553 14 1.0
251.1 141.0138 14 1.0
251.2 141.0722 14 1.0
251.3 141.1307 14 1.0
251.4 141.1892 14 1.0
251.5 141.2476 14 1.0
251.6 141.3061 14 1.0
251.7 141.3645 14 1.0
251.8 141.423 14 1.0
251.9 141.4815 14 1.0
252.0 141.5399 14 1.0
252.1 141.5984 14 1.0
252.2 141.6568 14 1.0
252.3 141.7153 14 1.0
252.4 141.7738 14 1.0
252.5 141.8322 14 1.0
252.6 141.8907 14 1.0
252.7 141.9492 14 1.0
252.8 142.0076 14 1.0
252.9 142.0661 14 1.0
253.0 142.1245 14 1.0
253.1 142.183 14 1.0
253.2 142.2415 14 1.0
253.3 142.2999 14 1.0
253.4 142.3584 14 1.0
253.5 142.4168 14 1.0
253.6 142.4753 14 1.0
253.7 142.5338 14 1.0
253.8 142.5922 14 1.0
253.9 142.6507 14 1.0
254.0 142.7092 14 1.0
254.1 142.7676 14 1.0
254.2 142.8261 14 1.0
254.3 142.8845 14 1.0
254.4 142.943 14 1.0
254.5 143.0015 14 1.0
254.6 143.0599 14 1.0
254.7 143.1184 14 1.0
254.8 143.1768 14 1.0
254.9 143.2353 14 1.0
255.0 143.2938 14 1.0
255.1 143.3522 14 1.0
255.2 143.4107 14 1.0
255.3 143.4692 14 1.0
255.4 143.5276 14 1.0
255.5 143.5861 14 1.0
255.6 143.6445 14 1.0
255.7 143.703 14 1.0
255.8 143.7615 14 1.0
255.9 143.8199 14 1.0
256.0 143.8784 14 1.0
256.1 143.9368 14 1.0
256.2 143.9953 14 1.0
256.3 144.0538 14 1.0
256.4 144.1122 14 1.0
256.5 144.1707 14 1.0
256.6 144.2292 14 1.0
256.7 144.2876 14 1.0
256.8 144.3461 14 1.0
256.9 144.4045 14 1.0
257.0 144.463 14 1.0
257.1 144.5215 14 1.0
257.2 144.5799 14 1.0
257.3 144.6384 14 1.0
257.4 144.6968 14 1.0
257.5 144.7553 14 1.0
257.6 144.8138 14 1.0
257.7 144.8722 14 1.0
257.8 144.9307 14 1.0
257.9 144.9892 14 1.0
258.0 145.0476 14 1.0
258.1 145.1061 14 1.0
258.2 145.1645 14 1.0
258.3 145.223 14 1.0
258.4 145.2815 14 1.0
258.5 145.3399 14 1.0
258.6 145.3984 14 1.0
258.7 145.4568 14 1.0
258.8 145.5153 14 1.0
258.9 145.5738 14 1.0
259.0 145.6322 14 1.0
259.1 145.6907 14 1.0
259.2 145.7492 14 1.0
259.3 145.8076 14 1.0
259.4 145.8661 14 1.0
259.5 145.9245 14 1.0
259.6 145.983 14 1.0
259.7 146.0415 14 1.0
259.8 146.0999 14 1.0
259.9 146.1584 14 1.0
260.0 146.2168 14 1.0
260.1 146.2753 14 1.0
260.2 146.3338 14 1.0
260.3 146.3922 14 1.0
260.4 146.4507 14 1.0
260.5 146.5092 14 1.0
260.6 146.5676 14 1.0
260.7 146.6261 14 1.0
260.8 146.6845 14 1.0
260.9 146.743 14 1.0
261.0 146.8015 14 1.0
261.1 146.8599 14 1.0
261.2 146.9184 14 1.0
261.3 146.9768 14 1.0
261.4 147.0353 14 1.0
261.5 147.0938 14 1.0
261.6 147.1522 14 1.0
261.7 147.2107 14 1.0
261.8 147.2692 14 1.0
261.9 147.3276 14 1.0
262.0 147.3861 14 1.0
262.1 147.4445 14 1.0
262.2 147.503 14 1.0
262.3 147.5615 14 1.0
262.4 147.6199 14 1.0
262.5 147.6784 14 1.0
262.6 147.7368 14 1.0
262.7 147.7953 14 1.0
262.8 147.8538 14 1.0
262.9 147.9122 14 1.0
263.0 147.9707 14 1.0
263.1 148.0292 14 1.0
263.2 148.0876 14 1.0
263.3 148.1461 14 1.0
263.4 148.2045 14 1.0
263.5 148.263 14 1.0
263.6 148.3215 14 1.0
263.7 148.3799 14 1.0
263.8 148.4384 14 1.0
263.9 148.4968 14 1.0
264.0 148.5553 14 1.0
264.1 148.6138 14 1.0
264.2 148.6722 14 1.0
264.3 148.7307 14 1.0
264.4 148.7892 14 1.0
264.5 148.8476 14 1.0
264.6 148.9061 14 1.0
264.7 148.9645 14 1.0
264.8 149.023 14 1.0
264.9 149.0815 14 1.0
265.0 149.1399 14 1.0
265.1 149.1984 14 1.0
265.2 149.2568 14 1.0
265.3 149.3153 14 1.0
265.4 149.3738 14 1.0
265.5 149.4322 14 1.0
265.6 149.4907 14 1.0
265.7 149.5492 14 1.0
265.8 149.6076 14 1.0
265.9 149.6661 14 1.0
266.0 149.7245 14 1.0
266.1 149.783 14 1.0
266.2 149.8415 14 1.0
266.3 149.8999 14 1.0
266.4 149.9584 14 1.0
266.5 150.0168 14 1.0
266.6 150.0753 14 1.0
266.7 150.1338 14 1.0
266.8 150.1922 14 1.0
266.9 150.2507 14 1.0
267.0 150.3092 14 1.0
267.1 150.3676 14 1.0
267.2 150.4261 14 1.0
267.3 150.4845 14 1.0
267.4 150.543 14 1.0
267.5 150.6015 14 1.0
267.6 150.6599 14 1.0
267.7 150.7184 14 1.0
267.8 150.7768 14 1.0
267.9 150.8353 14 1.0
268.0 150.8938 14 1.0
268.1 150.9522 14 1.0
268.2 151.0107 14 1.0
268.3 151.0692 14 1.0
268.4 151.1276 14 1.0
268.5 151.1861 14 1.0
268.6 151.2445 14 1.0
268.7 151.303 14 1.0
268.8 151.3615 14 1.0
268.9 151.4199 14 1.0
269.0 151.4784 14 1.0
269.1 151.5368 14 1.0
269.2 151.5953 14 1.0
269.3 151.6538 14 1.0
269.4 151.7122 14 1.0
269.5 151.7707 14 1.0
269.6 151.8292 14 1.0
269.7 151.8876 14 1.0
269.8 151.9461 14 1.0
269.9 152.0045 14 1.0
270.0 152.063 14 1.0
270.1 152.1215 14 1.0
270.2 152.1799 14 1.0
270.3 152.2384 14 1.0
270.4 152.2968 14 1.0
270.5 152.3553 14 1.0
270.6 152.4138 14 1.0
270.7 152.4722 14 1.0
270.8 152.5307 14 1.0
270.9 152.5891 14 1.0
271.0 152.6476 14 1.0
271.1 152.7061 14 1.0
271.2 152.7645 14 1.0
271.3 152.823 14 1.0
271.4 152.8815 14 1.0
271.5 152.9399 14 1.0
271.6 152.9984 14 1.0
271.7 153.0568 14 1.0
271.8 153.1153 14 1.0
271.9 153.1738 14 1.0
272.0 153.2322 14 1.0
272.1 153.2907 14 1.0
272.2 153.3491 14 1.0
272.3 153.4076 14 1.0
272.4 153.4661 14 1.0
272.5 153.5245 14 1.0
272.6 153.583 14 1.0
272.7 153.6415 14 1.0
272.8 153.6999 14 1.0
272.9 153.7584 14 1.0
273.0 153.8168 14 1.0
273.1 153.8753 14 1.0
273.2 153.9338 14 1.0
273.3 153.9922 14 1.0
273.4 154.0507 14 1.0
273.4 154.1091 14 1.0
273.5 154.1676 14 1.0
273.6 154.2261 14 1.0
273.7 154.2845 14 1.0
273.8 154.343 14 1.0
273.9 154.4015 14 1.0
274.0 154.4599 14 1.0
274.1 154.5184 14 1.0
274.2 154.5768 14 1.0
274.3 154.6353 14 1.0
274.4 154.6938 14 1.0
274.5 154.7522 14 1.0
274.6 154.8107 14 1.0
274.7 154.8691 14 1.0
274.8 154.9276 14 1.0
274.9 154.9861 14 1.0
275.0 155.0445 14 1.0
275.1 155.103 14 1.0
275.2 155.1615 14 1.0
275.3 155.2199 14 1.0
275.4 155.2784 14 1.0
275.5 155.3368 14 1.0
275.6 155.3953 14 1.0
275.7 155.4538 14 1.0
275.8 155.5122 14 1.0
275.9 155.5707 14 1.0
276.0 155.6291 14 1.0
276.1 155.6876 14 1.0
276.2 155.7461 14 1.0
276.3 155.8045 14 1.0
276.4 155.863 14 1.0
276.5 155.9215 14 1.0
276.6 155.9799 14 1.0
276.7 156.0384 14 1.0
276.8 156.0968 14 1.0
276.9 156.1553 14 1.0
277.0 156.2138 14 1.0
277.1 156.2722 14 1.0
277.2 156.3307 14 1.0
277.3 156.3891 14 1.0
277.4 156.4476 14 1.0
277.5 156.5061 14 1.0
277.6 156.5645 14 1.0
277.7 156.623 14 1.0
277.8 156.6815 14 1.0
277.9 156.7399 14 1.0
278.0 156.7984 14 1.0
278.1 156.8568 14 1.0
278.2 156.9153 14 1.0
278.3 156.9738 14 1.0
278.4 157.0322 14 1.0
278.5 157.0907 14 1.0
278.6 157.1491 14 1.0
278.7 157.2076 14 1.0
278.8 157.2661 14 1.0
278.9 157.3245 14 1.0
279.0 157.383 14 1.0
279.1 157.4415 14 1.0
279.2 157.4999 14 1.0
279.3 157.5584 14 1.0
279.4 157.6168 14 1.0
279.5 157.6753 14 1.0
279.6 157.7338 14 1.0
279.7 157.7922 14 1.0
279.8 157.8507 14 1.0
279.9 157.9091 14 1.0
280.0 157.9676 14 1.0
280.1 158.0261 14 1.0
280.2 158.0845 14 1.0
280.3 158.143 14 1.0
280.4 158.2015 14 1.0
280.5 158.2599 14 1.0
280.6 158.3184 14 1.0
280.7 158.3768 14 1.0
280.8 158.4353 14 1.0
280.9 158.4938 14 1.0
281.0 158.5522 14 1.0
281.1 158.6107 14 1.0
281.2 158.6691 14 1.0
281.3 158.7276 14 1.0
281.4 158.7861 14 1.0
281.5 158.8445 14 1.0
281.6 158.903 14 1.0
281.7 158.9615 14 1.0
281.8 159.0199 14 1.0
281.9 159.0784 14 1.0
282.0 159.1368 14 1.0
282.1 159.1953 14 1.0
282.2 159.2538 14 1.0
282.3 159.3122 14 1.0
282.4 159.3707 14 1.0
282.5 159.4291 14 1.0
282.6 159.4876 14 1.0
282.7 159.5461 14 1.0
282.8 159.6045 14 1.0
282.9 159.663 14 1.0
283.0 159.7215 14 1.0
283.1 159.7799 14 1.0
283.2 159.8384 14 1.0
283.3 159.8968 14 1.0
283.4 159.9553 14 1.0
283.5 160.0138 14 1.0
283.6 160.0722 14 1.0
283.7 160.1307 14 1.0
283.8 160.1891 14 1.0
283.9 160.2476 14 1.0
284.0 160.3061 14 1.0
284.1 160.3645 14 1.0
284.2 160.423 14 1.0
284.3 160.4815 14 1.0
284.4 160.5399 14 1.0
284.5 160.5984 14 1.0
284.6 160.6568 14 1.0
284.7 160.7153 14 1.0
284.8 160.7738 14 1.0
284.9 160.8322 14 1.0
285.0 160.8907 14 1.0
285.1 160.9491 14 1.0
285.2 161.0076 14 1.0
285.3 161.0661 14 1.0
285.4 161.1245 14 1.0
285.5 161.183 14 1.0
285.6 161.2415 14 1.0
285.7 161.2999 14 1.0
285.8 161.3584 14 1.0
285.9 161.4168 14 1.0
286.0 161.4753 14 1.0
286.1 161.5338 14 1.0
286.2 161.5922 14 1.0
286.3 161.6507 14 1.0
286.4 161.7091 14 1.0
286.5 161.7676 14 1.0
286.6 161.8261 14 1.0
286.7 161.8845 14 1.0
286.8 161.943 14 1.0
286.9 162.0015 14 1.0
287.0 162.0599 14 1.0
287.1 162.1184 14 1.0
287.2 162.1768 14 1.0
287.3 162.2353 14 1.0
287.4 162.2938 14 1.0
287.5 162.3522 14 1.0
287.6 162.4107 14 1.0
287.7 162.4691 14 1.0
287.8 162.5276 14 1.0
287.9 162.5861 14 1.0
288.0 162.6445 14 1.0
288.1 162.703 14 1.0
288.2 162.7615 14 1.0
288.3 162.8199 14 1.0
288.4 162.8784 14 1.0
288.5 162.9368 14 1.0
288.6 162.9953 14 1.0
288.7 163.0538 14 1.0
288.8 163.1122 14 1.0
288.9 163.1707 14 1.0
289.0 163.2291 14 1.0
289.1 163.2876 14 1.0
289.2 163.3461 14 1.0
289.3 163.4045 14 1.0
289.4 163.463 14 1.0
289.5 163.5215 14 1.0
289.6 163.5799 14 1.0
289.7 163.6384 14 1.0
289.8 163.6968 14 1.0
289.9 163.7553 14 1.0
290.0 163.8138 14 1.0
290.1 163.8722 14 1.0
290.2 163.9307 14 1.0
290.3 163.9891 14 1.0
290.4 164.0476 14 1.0
290.5 164.1061 14 1.0
290.6 164.1645 14 1.0
290.7 164.223 14 1.0
290.8 164.2815 14 1.0
290.9 164.3399 14 1.0
291.0 164.3984 14 1.0
291.1 164.4568 14 1.0
291.2 164.5153 14 1.0
291.3 164.5738 14 1.0
291.4 164.6322 14 1.0
291.5 164.6907 14 1.0
291.6 164.7491 14 1.0
291.7 164.8076 14 1.0
291.8 164.8661 14 1.0
291.9 164.9245 14 1.0
292.0 164.983 14 1.0
292.1 165.0415 14 1.0
292.2 165.0999 14 1.0
292.3 165.1584 14 1.0
292.4 165.2168 14 1.0
292.5 165.2753 14 1.0
292.6 165.3338 14 1.0
292.7 165.3922 14 1.0
292.8 165.4507 14 1.0
292.9 165.5091 14 1.0
293.0 165.5676 14 1.0
293.1 165.6261 14 1.0
293.2 165.6845 14 1.0
293.3 165.743 14 1.0
293.4 165.8015 14 1.0
293.5 165.8599 14 1.0
293.6 165.9184 14 1.0
293.7 165.9768 14 1.0
293.8 166.0353 14 1.0
293.9 166.0938 14 1.0
294.0 166.1522 14 1.0
294.1 166.2107 14 1.0
294.2 166.2691 14 1.0
294.3 166.3276 14 1.0
294.4 166.3861 14 1.0
294.5 166.4445 14 1.0
294.6 166.503 14 1.0
294.7 166.5615 14 1.0
294.8 166.6199 14 1.0
294.9 166.6784 14 1.0
295.0 166.7368 14 1.0
295.1 166.7953 14 1.0
295.2 166.8538 14 1.0
295.3 166.9122 14 1.0
295.4 166.9707 14 1.0
295.5 167.0291 14 1.0
295.6 167.0876 14 1.0
295.7 167.1461 14 1.0
295.8 167.2045 14 1.0
295.9 167.263 14 1.0
296.0 167.3215 14 1.0
296.1 167.3799 14 1.0
296.2 167.4384 14 1.0
296.3 167.4968 14 1.0
296.4 167.5553 14 1.0
296.5 167.6138 14 1.0
296.6 167.6722 14 1.0
296.7 167.7307 14 1.0
296.8 167.7891 14 1.0
296.9 167.8476 14 1.0
297.0 167.9061 14 1.0
297.1 167.9645 14 1.0
297.2 168.023 14 1.0
297.3 168.0815 14 1.0
297.4 168.1399 14 1.0
297.5 168.1984 14 1.0
297.6 168.2568 14 1.0
297.7 168.3153 14 1.0
297.8 168.3738 14 1.0
297.9 168.4322 14 1.0
298.0 168.4907 14 1.0
298.1 168.5491 14 1.0
298.2 168.6076 14 1.0
298.3 168.6661 14 1.0
298.4 168.7245 14 1.0
298.5 168.783 14 1.0
298.6 168.8415 14 1.0
298.7 168.8999 14 1.0
298.8 168.9584 14 1.0
298.9 169.0168 14 1.0
299.0 169.0753 14 1.0
299.1 169.1338 14 1.0
299.2 169.1922 14 1.0
299.3 169.2507 14 1.0
299.4 169.3078 14 1.0
299.5 169.365 14 1.0
299.6 169.4222 14 1.0
299.7 169.4793 14 1.0
299.8 169.5365 14 1.0
299.9 169.5937 14 1.0
300.0 169.6508 14 1.0
300.1 169.708 14 1.0
300.2 169.7651 14 1.0
300.3 169.8223 14 1.0
300.4 169.8795 14 1.0
300.5 169.9366 14 1.0
300.6 169.9938 14 1.0
300.7 170.051 14 1.0
300.8 170.1081 14 1.0
300.9 170.1653 14 1.0
301.0 170.2224 14 1.0
301.1 170.2796 14 1.0
301.2 170.3368 14 1.0
301.3 170.3939 14 1.0
301.4 170.4511 14 1.0
301.5 170.5083 14 1.0
301.6 170.5654 14 1.0
301.7 170.6226 14 1.0
301.8 170.6797 14 1.0
301.9 170.7369 14 1.0
302.0 170.7941 14 1.0
302.1 170.8512 14 1.0
302.2 170.9084 14 1.0
302.3 170.9656 14 1.0
302.3 171.0227 14 1.0
302.4 171.0799 14 1.0
302.5 171.1371 14 1.0
302.6 171.1942 14 1.0
302.7 171.2514 14 1.0
302.8 171.3085 14 1.0
302.9 171.3657 14 1.0
303.0 171.4229 14 1.0
303.1 171.48 14 1.0
303.2 171.5372 14 1.0
303.3 171.5944 14 1.0
303.4 171.6515 14 1.0
303.5 171.7087 14 1.0
303.6 171.7658 14 1.0
303.7 171.823 14 1.0
303.8 171.8802 14 1.0
303.9 171.9373 14 1.0
304.0 171.9945 14 1.0
304.1 172.0517 14 1.0
304.2 172.1088 14 1.0
304.3 172.166 14 1.0
304.4 172.2231 14 1.0
304.5 172.2803 14 1.0
304.6 172.3375 14 1.0
304.7 172.3946 14 1.0
304.8 172.4518 14 1.0
304.9 172.509 14 1.0
305.0 172.5661 14 1.0
305.1 172.6233 14 1.0
305.2 172.6804 14 1.0
305.3 172.7376 14 1.0
305.4 172.7948 14 1.0
305.5 172.8519 14 1.0
305.6 172.9091 14 1.0
305.7 172.9663 14 1.0
305.8 173.0234 14 1.0
305.9 173.0806 14 1.0
306.0 173.1377 14 1.0
306.1 173.1949 14 1.0
306.2 173.2521 14 1.0
306.3 173.3092 14 1.0
306.4 173.3664 14 1.0
306.5 173.4236 14 1.0
306.6 173.4807 14 1.0
306.7 173.5379 14 1.0
306.8 173.595 14 1.0
306.9 173.6522 14 1.0
307.0 173.7094 14 1.0
307.1 173.7665 14 1.0
307.2 173.8237 14 1.0
307.3 173.8809 14 1.0
307.4 173.938 14 1.0
307.5 173.9952 14 1.0
307.6 174.0523 14 1.0
307.7 174.1095 14 1.0
307.8 174.1667 14 1.0
307.9 174.2238 14 1.0
308.0 174.281 14 1.0
308.1 174.3382 14 1.0
308.2 174.3953 14 1.0
308.3 174.4525 14 1.0
308.4 174.5096 14 1.0
308.5 174.5668 14 1.0
308.6 174.624 14 1.0
308.7 174.6811 14 1.0
308.8 174.7383 14 1.0
308.9 174.7955 14 1.0
309.0 174.8526 14 1.0
309.1 174.9098 14 1.0
309.2 174.9669 14 1.0
309.3 175.0241 14 1.0
309.4 175.0813 14 1.0
309.5 175.1384 14 1.0
309.6 175.1956 14 1.0
309.7 175.2528 14 1.0
309.8 175.3099 14 1.0
309.9 175.3671 14 1.0
310.0 175.4242 14 1.0
310.1 175.4814 14 1.0
310.2 175.5386 14 1.0
310.3 175.5957 14 1.0
310.4 175.6529 14 1.0
310.5 175.7101 14 1.0
310.6 175.7672 14 1.0
310.7 175.8244 14 1.0
310.8 175.8816 14 1.0
310.9 175.9387 14 1.0
311.0 175.9959 14 1.0
311.1 176.053 14 1.0
311.2 176.1102 14 1.0
311.3 176.1674 14 1.0
311.4 176.2245 14 1.0
311.5 176.2817 14 1.0
311.6 176.3389 14 1.0
311.7 176.396 14 1.0
311.8 176.4532 14 1.0
311.9 176.5103 14 1.0
312.0 176.5675 14 1.0
312.1 176.6247 14 1.0
312.2 176.6818 14 1.0
312.3 176.739 14 1.0
312.4 176.7962 14 1.0
312.5 176.8533 14 1.0
312.6 176.9105 14 1.0
312.7 176.9676 14 1.0
312.8 177.0248 14 1.0
312.9 177.082 14 1.0
313.0 177.1391 14 1.0
313.1 177.1963 14 1.0
313.2 177.2535 14 1.0
313.3 177.3106 14 1.0
313.4 177.3678 14 1.0
313.5 177.4249 14 1.0
313.6 177.4821 14 1.0
313.7 177.5393 14 1.0
313.8 177.5964 14 1.0
313.9 177.6536 14 1.0
314.0 177.7108 14 1.0
314.1 177.7679 14 1.0
314.2 177.8251 14 1.0
314.3 177.8822 14 1.0
314.4 177.9394 14 1.0
314.5 177.9966 14 1.0
314.6 178.0537 14 1.0
314.7 178.1109 14 1.0
314.8 178.1681 14 1.0
314.9 178.2252 14 1.0
315.0 178.2824 14 1.0
315.1 178.3395 14 1.0
315.2 178.3967 14 1.0
315.3 178.4539 14 1.0
315.4 178.511 14 1.0
315.5 178.5682 14 1.0
315.6 178.6254 14 1.0
315.7 178.6825 14 1.0
315.8 178.7397 14 1.0
315.9 178.7968 14 1.0
316.0 178.854 14 1.0
316.1 178.9112 14 1.0
316.2 178.9683 14 1.0
316.3 179.0255 14 1.0
316.4 179.0827 14 1.0
316.5 179.1398 14 1.0
316.6 179.197 14 1.0
316.7 179.2541 14 1.0
316.8 179.3113 14 1.0
316.9 179.3685 14 1.0
317.0 179.4256 14 1.0
317.1 179.4828 14 1.0
317.2 179.54 14 1.0
317.3 179.5971 14 1.0
317.4 179.6543 14 1.0
317.5 179.7114 14 1.0
317.6 179.7686 14 1.0
317.7 179.8258 14 1.0
317.8 179.8829 14 1.0
317.9 179.9401 14 1.0
318.0 179.9973 14 1.0
318.1 180.0544 14 1.0
318.2 180.1116 14 1.0
318.3 180.1687 14 1.0
318.4 180.2259 14 1.0
318.5 180.2831 14 1.0
318.6 180.3402 14 1.0
318.7 180.3974 14 1.0
318.8 180.4546 14 1.0
318.9 180.5117 14 1.0
319.0 180.5689 14 1.0
319.1 180.6261 14 1.0
319.2 180.6832 14 1.0
319.3 180.7404 14 1.0
319.4 180.7975 14 1.0
319.5 180.8547 14 1.0
319.6 180.9119 14 1.0
319.7 180.969 14 1.0
319.8 181.0262 14 1.0
319.9 181.0834 14 1.0
320.0 181.1405 14 1.0
320.1 181.1977 14 1.0
320.2 181.2548 14 1.0
320.3 181.312 14 1.0
320.4 181.3692 14 1.0
320.5 181.4263 14 1.0
320.6 181.4835 14 1.0
320.7 181.5407 14 1.0
320.8 181.5978 14 1.0
320.9 181.655 14 1.0
321.0 181.7121 14 1.0
321.1 181.7693 14 1.0
321.2 181.8265 14 1.0
321.3 181.8836 14 1.0
321.4 181.9408 14 1.0
321.5 181.998 14 1.0
321.6 182.0551 14 1.0
321.7 182.1123 14 1.0
321.8 182.1694 14 1.0
321.9 182.2266 14 1.0
322.0 182.2838 14 1.0
322.1 182.3409 14 1.0
322.2 182.3981 14 1.0
322.3 182.4553 14 1.0
322.4 182.5124 14 1.0
322.5 182.5696 14 1.0
322.6 182.6267 14 1.0
322.7 182.6839 14 1.0
322.8 182.7411 14 1.0
322.9 182.7982 14 1.0
323.0 182.8554 14 1.0
323.1 182.9126 14 1.0
323.2 182.9697 14 1.0
323.3 183.0269 14 1.0
323.4 183.084 14 1.0
323.5 183.1412 14 1.0
323.6 183.1984 14 1.0
323.7 183.2555 14 1.0
323.8 183.3127 14 1.0
323.9 183.3699 14 1.0
324.0 183.427 14 1.0
324.1 183.4842 14 1.0
324.2 183.5413 14 1.0
324.3 183.5985 14 1.0
324.4 183.6557 14 1.0
324.5 183.7128 14 1.0
324.6 183.77 14 1.0
324.7 183.8272 14 1.0
324.8 183.8843 14 1.0
324.9 183.9415 14 1.0
325.0 183.9986 14 1.0
325.1 184.0558 14 1.0
325.2 184.113 14 1.0
325.3 184.1701 14 1.0
325.4 184.2273 14 1.0
325.5 184.2845 14 1.0
325.6 184.3416 14 1.0
325.7 184.3988 14 1.0
325.8 184.4559 14 1.0
325.9 184.5131 14 1.0
326.0 184.5703 14 1.0
326.1 184.6274 14 1.0
326.2 184.6846 14 1.0
326.3 184.7418 14 1.0
326.4 184.7989 14 1.0
326.5 184.8561 14 1.0
326.6 184.9132 14 1.0
326.7 184.9704 14 1.0
326.8 185.0276 14 1.0
326.9 185.0847 14 1.0
327.0 185.1419 14 1.0
327.1 185.1991 14 1.0
327.2 185.2562 14 1.0
327.3 185.3134 14 1.0
327.4 185.3706 14 1.0
327.5 185.4277 14 1.0
327.6 185.4849 14 1.0
327.7 185.542 14 1.0
327.8 185.5992 14 1.0
327.9 185.6564 14 1.0
328.0 185.7135 14 1.0
328.1 185.7707 14 1.0
328.2 185.8279 14 1.0
328.3 185.885 14 1.0
328.4 185.9422 14 1.0
328.5 185.9993 14 1.0
328.6 186.0565 14 1.0
328.7 186.1137 14 1.0
328.8 186.1708 14 1.0
328.9 186.228 14 1.0
328.9 186.2852 14 1.0
329.0 186.3423 14 1.0
329.1 186.3995 14 1.0
329.2 186.4566 14 1.0
329.3 186.5138 14 1.0
329.4 186.571 14 1.0
329.5 186.6281 14 1.0
329.6 186.6853 14 1.0
329.7 186.7425 14 1.0
329.8 186.7996 14 1.0
329.9 186.8568 14 1.0
330.0 186.9139 14 1.0
330.1 186.9711 14 1.0
330.2 187.0283 14 1.0
330.3 187.0854 14 1.0
330.4 187.1426 14 1.0
330.5 187.1998 14 1.0
330.6 187.2569 14 1.0
330.7 187.3141 14 1.0
330.8 187.3712 14 1.0
330.9 187.4284 14 1.0
331.0 187.4856 14 1.0
331.1 187.5427 14 1.0
331.2 187.5999 14 1.0
331.3 187.6571 14 1.0
331.4 187.7142 14 1.0
331.5 187.7714 14 1.0
331.6 187.8285 14 1.0
331.7 187.8857 14 1.0
331.8 187.9429 14 1.0
331.9 188.0 14 1.0
332.0 188.0572 14 1.0
332.1 188.1144 14 1.0
332.2 188.1715 14 1.0
332.3 188.2287 14 1.0
332.4 188.2858 14 1.0
332.5 188.343 14 1.0
332.6 188.4002 14 1.0
332.7 188.4573 14 1.0
332.8 188.5145 14 1.0
332.9 188.5717 14 1.0
333.0 188.6288 14 1.0
333.1 188.686 14 1.0
333.2 188.7431 14 1.0
333.3 188.8003 14 1.0
333.4 188.8575 14 1.0
333.5 188.9146 14 1.0
333.6 188.9718 14 1.0
333.7 189.029 14 1.0
333.8 189.0861 14 1.0
333.9 189.1433 14 1.0
334.0 189.2004 14 1.0
334.1 189.2576 14 1.0
334.2 189.3148 14 1.0
334.3 189.3719 14 1.0
334.4 189.4291 14 1.0
334.5 189.4863 14 1.0
334.6 189.5434 14 1.0
334.7 189.6006 14 1.0
334.8 189.6578 14 1.0
334.9 189.7149 14 1.0
335.0 189.7721 14 1.0
335.1 189.8292 14 1.0
335.2 189.8864 14 1.0
335.3 189.9436 14 1.0
335.4 190.0007 14 1.0
335.5 190.0579 14 1.0
335.6 190.1151 14 1.0
335.7 190.1722 14 1.0
335.8 190.2294 14 1.0
335.9 190.2865 14 1.0
336.0 190.3437 14 1.0
336.1 190.4009 14 1.0
336.2 190.458 14 1.0
336.3 190.5152 14 1.0
336.4 190.5724 14 1.0
336.5 190.6295 14 1.0
336.6 190.6867 14 1.0
336.7 190.7438 14 1.0
336.8 190.801 14 1.0
336.9 190.8582 14 1.0
337.0 190.9153 14 1.0
337.1 190.9725 14 1.0
337.2 191.0297 14 1.0
337.3 191.0868 14 1.0
337.4 191.144 14 1.0
337.5 191.2011 14 1.0
337.6 191.2583 14 1.0
337.7 191.3155 14 1.0
337.8 191.3726 14 1.0
337.9 191.4298 14 1.0
338.0 191.487 14 1.0
338.1 191.5441 14 1.0
338.2 191.6013 14 1.0
338.3 191.6584 14 1.0
338.4 191.7156 14 1.0
338.5 191.7728 14 1.0
338.6 191.8299 14 1.0
338.7 191.8871 14 1.0
338.8 191.9443 14 1.0
338.9 192.0014 14 1.0
339.0 192.0586 14 1.0
339.1 192.1157 14 1.0
339.2 192.1729 14 1.0
339.3 192.2301 14 1.0
339.4 192.2872 14 1.0
339.5 192.3444 14 1.0
339.6 192.4016 14 1.0
339.7 192.4587 14 1.0
339.8 192.5159 14 1.0
339.9 192.573 14 1.0
340.0 192.6302 14 1.0
340.1 192.6874 14 1.0
340.2 192.7445 14 1.0
340.3 192.8017 14 1.0
340.4 192.8589 14 1.0
340.5 192.916 14 1.0
340.6 192.9732 14 1.0
340.7 193.0303 14 1.0
340.8 193.0875 14 1.0
340.9 193.1447 14 1.0
341.0 193.2018 14 1.0
341.1 193.259 14 1.0
341.2 193.3162 14 1.0
341.3 193.3733 14 1.0
341.4 193.4305 14 1.0
341.5 193.4876 14 1.0
341.6 193.5448 14 1.0
341.7 193.602 14 1.0
341.8 193.6591 14 1.0
341.9 193.7163 14 1.0
342.0 193.7735 14 1.0
342.1 193.8306 14 1.0
342.2 193.8878 14 1.0
342.3 193.9449 14 1.0
342.4 194.0021 14 1.0
342.5 194.0593 14 1.0
342.6 194.1164 14 1.0
342.7 194.1736 14 1.0
342.8 194.2308 14 1.0
342.9 194.2879 14 1.0
343.0 194.3451 14 1.0
343.1 194.4023 14 1.0
343.2 194.4594 14 1.0
343.3 194.5166 14 1.0
343.4 194.5737 14 1.0
343.5 194.6309 14 1.0
343.6 194.6881 14 1.0
343.7 194.7452 14 1.0
343.8 194.8024 14 1.0
343.9 194.8596 14 1.0
344.0 194.9167 14 1.0
344.1 194.9739 14 1.0
344.2 195.031 14 1.0
344.3 195.0882 14 1.0
344.4 195.1454 14 1.0
344.5 195.2025 14 1.0
344.6 195.2597 14 1.0
344.7 195.3169 14 1.0
344.8 195.374 14 1.0
344.9 195.4312 14 1.0
345.0 195.4883 14 1.0
345.1 195.5455 14 1.0
345.2 195.6027 14 1.0
345.3 195.6598 14 1.0
345.4 195.717 14 1.0
345.5 195.7742 14 1.0
345.6 195.8313 14 1.0
345.7 195.8885 14 1.0
345.8 195.9456 14 1.0
345.9 196.0028 14 1.0
346.0 196.06 14 1.0
346.1 196.1171 14 1.0
346.2 196.1743 14 1.0
346.3 196.2315 14 1.0
346.4 196.2886 14 1.0
346.5 196.3458 14 1.0
346.6 196.4029 14 1.0
346.7 196.4601 14 1.0
346.8 196.5173 14 1.0
346.9 196.5744 14 1.0
347.0 196.6316 14 1.0
347.1 196.6888 14 1.0
347.2 196.7459 14 1.0
347.3 196.8031 14 1.0
347.4 196.8602 14 1.0
347.5 196.9174 14 1.0
347.6 196.9746 14 1.0
347.7 197.0317 14 1.0
347.8 197.0889 14 1.0
347.9 197.1461 14 1.0
348.0 197.2032 14 1.0
348.1 197.2604 14 1.0
348.2 197.3175 14 1.0
348.3 197.3747 14 1.0
348.4 197.4319 14 1.0
348.5 197.489 14 1.0
348.6 197.5462 14 1.0
348.7 197.6034 14 1.0
348.8 197.6605 14 1.0
348.9 197.7177 14 1.0
349.0 197.7748 14 1.0
349.1 197.832 14 1.0
349.2 197.8901 14 1.0
349.3 197.9482 14 1.0
349.4 198.0063 14 1.0
349.5 198.0644 14 1.0
349.6 198.1225 14 1.0
349.7 198.1805 14 1.0
349.8 198.2386 14 1.0
349.9 198.2967 14 1.0
350.0 198.3548 14 1.0
350.1 198.4129 14 1.0
350.2 198.471 14 1.0
350.3 198.5291 14 1.0
350.4 198.5872 14 1.0
350.5 198.6453 14 1.0
350.6 198.7034 14 1.0
350.7 198.7614 14 1.0
350.8 198.8195 14 1.0
350.9 198.8776 14 1.0
351.0 198.9357 14 1.0
351.1 198.9938 14 1.0
351.2 199.0519 14 1.0
351.3 199.11 14 1.0
351.4 199.1681 14 1.0
351.5 199.2262 14 1.0
351.6 199.2842 14 1.0
351.7 199.3423 14 1.0
351.8 199.4004 14 1.0
351.9 199.4585 14 1.0
352.0 199.5166 14 1.0
352.1 199.5747 14 1.0
352.2 199.6328 14 1.0
352.3 199.6909 14 1.0
352.4 199.749 14 1.0
352.5 199.8071 14 1.0
352.6 199.8651 14 1.0
352.7 199.9232 14 1.0
352.8 199.9813 14 1.0
352.9 200.0394 14 1.0
353.0 200.0975 14 1.0
353.1 200.1556 14 1.0
353.2 200.2137 14 1.0
353.3 200.2718 14 1.0
353.4 200.3299 14 1.0
353.5 200.3879 14 1.0
353.6 200.446 14 1.0
353.7 200.5041 14 1.0
353.7 200.5622 14 1.0
353.8 200.6203 14 1.0
353.9 200.6784 14 1.0
354.0 200.7365 14 1.0
354.1 200.7946 14 1.0
354.2 200.8527 14 1.0
354.3 200.9108 14 1.0
354.4 200.9688 14 1.0
354.5 201.0269 14 1.0
354.6 201.085 14 1.0
354.7 201.1431 14 1.0
354.8 201.2012 14 1.0
354.9 201.2593 14 1.0
355.0 201.3174 14 1.0
355.1 201.3755 14 1.0
355.2 201.4336 14 1.0
355.3 201.4917 14 1.0
355.4 201.5497 14 1.0
355.5 201.6078 14 1.0
355.6 201.6659 14 1.0
355.7 201.724 14 1.0
355.8 201.7821 14 1.0
355.9 201.8402 14 1.0
356.0 201.8983 14 1.0
356.1 201.9564 14 1.0
356.2 202.0145 14 1.0
356.3 202.0725 14 1.0
356.4 202.1306 14 1.0
356.5 202.1887 14 1.0
356.6 202.2468 14 1.0
356.7 202.3049 14 1.0
356.8 202.363 14 1.0
356.9 202.4211 14 1.0
357.0 202.4792 14 1.0
357.1 202.5373 14 1.0
357.2 202.5954 14 1.0
357.3 202.6534 14 1.0
357.4 202.7115 14 1.0
357.5 202.7696 14 1.0
357.6 202.8277 14 1.0
357.7 202.8858 14 1.0
357.8 202.9439 14 1.0
357.9 203.002 14 1.0
358.0 203.0601 14 1.0
358.1 203.1182 14 1.0
358.2 203.1762 14 1.0
358.3 203.2343 14 1.0
358.4 203.2924 14 1.0
358.5 203.3505 14 1.0
358.6 203.4086 14 1.0
358.7 203.4667 14 1.0
358.8 203.5248 14 1.0
358.9 203.5829 14 1.0
359.0 203.641 14 1.0
359.1 203.6991 14 1.0
359.2 203.7571 14 1.0
359.3 203.8152 14 1.0
359.4 203.8733 14 1.0
359.5 203.9314 14 1.0
359.6 203.9895 14 1.0
359.7 204.0476 14 1.0
359.8 204.1057 14 1.0
359.9 204.1638 14 1.0
360.0 204.2219 14 1.0
360.1 204.2799 14 1.0
360.2 204.338 14 1.0
360.3 204.3961 14 1.0
360.4 204.4542 14 1.0
360.5 204.5123 14 1.0
360.6 204.5704 14 1.0
360.7 204.6285 14 1.0
360.8 204.6866 14 1.0
360.9 204.7447 14 1.0
361.0 204.8028 14 1.0
361.1 204.8608 14 1.0
361.2 204.9189 14 1.0
361.3 204.977 14 1.0
361.4 205.0351 14 1.0
361.5 205.0932 14 1.0
361.6 205.1513 14 1.0
361.7 205.2094 14 1.0
361.8 205.2675 14 1.0
361.9 205.3256 14 1.0
362.0 205.3836 14 1.0
362.1 205.4417 14 1.0
362.2 205.4998 14 1.0
362.3 205.5579 14 1.0
362.4 205.616 14 1.0
362.5 205.6741 14 1.0
362.6 205.7322 14 1.0
362.7 205.7903 14 1.0
362.8 205.8484 14 1.0
362.9 205.9065 14 1.0
363.0 205.9645 14 1.0
363.1 206.0226 14 1.0
363.2 206.0807 14 1.0
363.3 206.1388 14 1.0
363.4 206.1969 14 1.0
363.5 206.255 14 1.0
363.6 206.3131 14 1.0
363.7 206.3712 14 1.0
363.8 206.4293 14 1.0
363.9 206.4874 14 1.0
364.0 206.5454 14 1.0
364.1 206.6035 14 1.0
364.2 206.6616 14 1.0
364.3 206.7197 14 1.0
364.4 206.7778 14 1.0
364.5 206.8359 14 1.0
364.6 206.894 14 1.0
364.7 206.9521 14 1.0
364.8 207.0102 14 1.0
364.9 207.0682 14 1.0
365.0 207.1263 14 1.0
365.1 207.1844 14 1.0
365.2 207.2425 14 1.0
365.3 207.3006 14 1.0
365.4 207.3587 14 1.0
365.5 207.4168 14 1.0
365.6 207.4749 14 1.0
365.7 207.533 14 1.0
365.8 207.5911 14 1.0
365.9 207.6491 14 1.0
366.0 207.7072 14 1.0
366.1 207.7653 14 1.0
366.2 207.8234 14 1.0
366.3 207.8815 14 1.0
366.4 207.9396 14 1.0
366.5 207.9977 14 1.0
366.6 208.0558 14 1.0
366.7 208.1139 14 1.0
366.8 208.1719 14 1.0
366.9 208.23 14 1.0
367.0 208.2881 14 1.0
367.1 208.3462 14 1.0
367.2 208.4043 14 1.0
367.3 208.4624 14 1.0
367.4 208.5205 14 1.0
367.5 208.5786 14 1.0
367.6 208.6367 14 1.0
367.7 208.6948 14 1.0
367.8 208.7528 14 1.0
367.9 208.8109 14 1.0
368.0 208.869 14 1.0
368.1 208.9271 14 1.0
368.2 208.9852 14 1.0
368.3 209.0433 14 1.0
368.4 209.1014 14 1.0
368.5 209.1595 14 1.0
368.6 209.2176 14 1.0
368.7 209.2756 14 1.0
368.8 209.3337 14 1.0
368.9 209.3918 14 1.0
369.0 209.4499 14 1.0
369.1 209.508 14 1.0
369.2 209.5661 14 1.0
369.3 209.6242 14 1.0
369.4 209.6823 14 1.0
369.5 209.7404 14 1.0
369.6 209.7985 14 1.0
369.7 209.8565 14 1.0
369.8 209.9146 14 1.0
369.9 209.9727 14 1.0
370.0 210.0308 14 1.0
370.1 210.0889 14 1.0
370.2 210.147 14 1.0
370.3 210.2051 14 1.0
370.4 210.2632 14 1.0
370.5 210.3213 14 1.0
370.6 210.3793 14 1.0
370.7 210.4374 14 1.0
370.8 210.4955 14 1.0
370.9 210.5536 14 1.0
371.0 210.6117 14 1.0
371.1 210.6698 14 1.0
371.2 210.7279 14 1.0
371.3 210.786 14 1.0
371.4 210.8441 14 1.0
371.5 210.9022 14 1.0
371.6 210.9602 14 1.0
371.7 211.0183 14 1.0
371.8 211.0764 14 1.0
371.9 211.1345 14 1.0
372.0 211.1926 14 1.0
372.1 211.2507 14 1.0
372.2 211.3088 14 1.0
372.3 211.3669 14 1.0
372.4 211.425 14 1.0
372.5 211.4831 14 1.0
372.6 211.5411 14 1.0
372.7 211.5992 14 1.0
372.8 211.6573 14 1.0
372.8 211.7154 14 1.0
372.9 211.7735 14 1.0
373.0 211.8316 14 1.0
373.1 211.8897 14 1.0
373.2 211.9478 14 1.0
373.3 212.0059 14 1.0
373.4 212.0639 14 1.0
373.5 212.122 14 1.0
373.6 212.1801 14 1.0
373.7 212.2382 14 1.0
373.8 212.2963 14 1.0
373.9 212.3544 14 1.0
374.0 212.4125 14 1.0
374.1 212.4706 14 1.0
374.2 212.5287 14 1.0
374.3 212.5868 14 1.0
374.4 212.6448 14 1.0
374.5 212.7029 14 1.0
374.6 212.761 14 1.0
374.7 212.8191 14 1.0
374.8 212.8772 14 1.0
374.9 212.9353 14 1.0
375.0 212.9934 14 1.0
375.1 213.0515 14 1.0
375.2 213.1096 14 1.0
375.3 213.1676 14 1.0
375.4 213.2257 14 1.0
375.5 213.2838 14 1.0
375.6 213.3419 14 1.0
375.7 213.4 14 1.0
375.8 213.4581 14 1.0
375.9 213.5162 14 1.0
376.0 213.5743 14 1.0
376.1 213.6324 14 1.0
376.2 213.6905 14 1.0
376.3 213.7485 14 1.0
376.4 213.8066 14 1.0
376.5 213.8647 14 1.0
376.6 213.9228 14 1.0
376.7 213.9809 14 1.0
376.8 214.039 14 1.0
376.9 214.0971 14 1.0
377.0 214.1552 14 1.0
377.1 214.2133 14 1.0
377.2 214.2713 14 1.0
377.3 214.3294 14 1.0
377.4 214.3875 14 1.0
377.5 214.4456 14 1.0
377.6 214.5037 14 1.0
377.7 214.5618 14 1.0
377.8 214.6199 14 1.0
377.9 214.678 14 1.0
378.0 214.7361 14 1.0
378.1 214.7942 14 1.0
378.2 214.8522 14 1.0
378.3 214.9103 14 1.0
378.4 214.9684 14 1.0
378.5 215.0265 14 1.0
378.6 215.0846 14 1.0
378.7 215.1427 14 1.0
378.8 215.2008 14 1.0
378.9 215.2589 14 1.0
379.0 215.317 14 1.0
379.1 215.3751 14 1.0
379.2 215.4331 14 1.0
379.3 215.4912 14 1.0
379.4 215.5493 14 1.0
379.5 215.6074 14 1.0
379.6 215.6655 14 1.0
379.7 215.7236 14 1.0
379.8 215.7817 14 1.0
379.9 215.8398 14 1.0
380.0 215.8979 14 1.0
380.1 215.9559 14 1.0
380.2 216.014 14 1.0
380.3 216.0721 14 1.0
380.4 216.1302 14 1.0
380.5 216.1883 14 1.0
380.6 216.2464 14 1.0
380.7 216.3045 14 1.0
380.8 216.3626 14 1.0
380.9 216.4207 14 1.0
381.0 216.4788 14 1.0
381.1 216.5368 14 1.0
381.2 216.5949 14 1.0
381.3 216.653 14 1.0
381.4 216.7111 14 1.0
381.5 216.7692 14 1.0
381.6 216.8273 14 1.0
381.7 216.8854 14 1.0
381.8 216.9435 14 1.0
381.9 217.0016 14 1.0
382.0 217.0596 14 1.0
382.1 217.1177 14 1.0
382.2 217.1758 14 1.0
382.3 217.2339 14 1.0
382.4 217.292 14 1.0
382.5 217.3501 14 1.0
382.6 217.4082 14 1.0
382.7 217.4663 14 1.0
382.8 217.5244 14 1.0
382.9 217.5825 14 1.0
383.0 217.6405 14 1.0
383.1 217.6986 14 1.0
383.2 217.7567 14 1.0
383.3 217.8148 14 1.0
383.4 217.8729 14 1.0
383.5 217.931 14 1.0
383.6 217.9891 14 1.0
383.7 218.0472 14 1.0
383.8 218.1053 14 1.0
383.9 218.1633 14 1.0
384.0 218.2214 14 1.0
384.1 218.2795 14 1.0
384.2 218.3376 14 1.0
384.3 218.3957 14 1.0
384.4 218.4538 14 1.0
384.5 218.5119 14 1.0
384.6 218.57 14 1.0
384.7 218.6281 14 1.0
384.8 218.6862 14 1.0
384.9 218.7442 14 1.0
385.0 218.8023 14 1.0
385.1 218.8604 14 1.0
385.2 218.9185 14 1.0
385.3 218.9766 14 1.0
385.4 219.0347 14 1.0
385.5 219.0928 14 1.0
385.6 219.1509 14 1.0
385.7 219.209 14 1.0
385.8 219.267 14 1.0
385.9 219.3251 14 1.0
386.0 219.3832 14 1.0
386.1 219.4413 14 1.0
386.2 219.4994 14 1.0
386.3 219.5575 14 1.0
386.4 219.6156 14 1.0
386.5 219.6737 14 1.0
386.6 219.7318 14 1.0
386.7 219.7899 14 1.0
386.8 219.8479 14 1.0
386.9 219.906 14 1.0
387.0 219.9641 14 1.0
387.1 220.0222 14 1.0
387.2 220.0803 14 1.0
387.3 220.1384 14 1.0
387.4 220.1965 14 1.0
387.5 220.2546 14 1.0
387.6 220.3127 14 1.0
387.7 220.3708 14 1.0
387.8 220.4288 14 1.0
387.9 220.4869 14 1.0
388.0 220.545 14 1.0
388.1 220.6031 14 1.0
388.2 220.6612 14 1.0
388.3 220.7193 14 1.0
388.4 220.7774 14 1.0
388.5 220.8355 14 1.0
388.6 220.8936 14 1.0
388.7 220.9516 14 1.0
388.8 221.0097 14 1.0
388.9 221.0678 14 1.0
389.0 221.1259 14 1.0
389.1 221.184 14 1.0
389.2 221.2421 14 1.0
389.3 221.3002 14 1.0
389.4 221.3583 14 1.0
389.5 221.4164 14 1.0
389.6 221.4745 14 1.0
389.7 221.5325 14 1.0
389.8 221.5906 14 1.0
389.9 221.6487 14 1.0
390.0 221.7068 14 1.0
390.1 221.7649 14 1.0
390.2 221.823 14 1.0
390.3 221.8811 14 1.0
390.4 221.9392 14 1.0
390.5 221.9973 14 1.0
390.6 222.0553 14 1.0
390.7 222.1134 14 1.0
390.8 222.1715 14 1.0
390.9 222.2296 14 1.0
391.0 222.2877 14 1.0
391.1 222.3458 14 1.0
391.2 222.4039 14 1.0
391.3 222.462 14 1.0
391.4 222.5201 14 1.0
391.5 222.5782 14 1.0
391.6 222.6362 14 1.0
391.7 222.6943 14 1.0
391.8 222.7524 14 1.0
391.8 222.8105 14 1.0
391.9 222.8686 14 1.0
392.0 222.9267 14 1.0
392.1 222.9848 14 1.0
392.2 223.0429 14 1.0
392.3 223.101 14 1.0
392.4 223.159 14 1.0
392.5 223.2171 14 1.0
392.6 223.2752 14 1.0
392.7 223.3333 14 1.0
392.8 223.3914 14 1.0
392.9 223.4495 14 1.0
393.0 223.5076 14 1.0
393.1 223.5657 14 1.0
393.2 223.6238 14 1.0
393.3 223.6819 14 1.0
393.4 223.7399 14 1.0
393.5 223.798 14 1.0
393.6 223.8561 14 1.0
393.7 223.9142 14 1.0
393.8 223.9723 14 1.0
393.9 224.0304 14 1.0
394.0 224.0885 14 1.0
394.1 224.1466 14 1.0
394.2 224.2047 14 1.0
394.3 224.2627 14 1.0
394.4 224.3208 14 1.0
394.5 224.3789 14 1.0
394.6 224.437 14 1.0
394.7 224.4951 14 1.0
394.8 224.5532 14 1.0
394.9 224.6113 14 1.0
395.0 224.6694 14 1.0
395.1 224.7275 14 1.0
395.2 224.7856 14 1.0
395.3 224.8436 14 1.0
395.4 224.9017 14 1.0
395.5 224.9598 14 1.0
395.6 225.0179 14 1.0
395.7 225.076 14 1.0
395.8 225.1341 14 1.0
395.9 225.1922 14 1.0
396.0 225.2503 14 1.0
396.1 225.3084 14 1.0
396.2 225.3665 14 1.0
396.3 225.4245 14 1.0
396.4 225.4826 14 1.0
396.5 225.5407 14 1.0
396.6 225.5988 14 1.0
396.7 225.6569 14 1.0
396.8 225.715 14 1.0
396.9 225.7731 14 1.0
397.0 225.8312 14 1.0
397.1 225.8893 14 1.0
397.2 225.9473 14 1.0
397.3 226.0054 14 1.0
397.4 226.0635 14 1.0
397.5 226.1216 14 1.0
397.6 226.1797 14 1.0
397.7 226.2378 14 1.0
397.8 226.2959 14 1.0
397.9 226.354 14 1.0
398.0 226.4121 14 1.0
398.1 226.4702 14 1.0
398.2 226.5282 14 1.0
398.3 226.5863 14 1.0
398.4 226.6444 14 1.0
398.5 226.7025 14 1.0
398.6 226.7606 14 1.0
398.7 226.8187 14 1.0
398.8 226.8768 14 1.0
398.9 226.937 14 1.0
399.0 226.9973 14 1.0
399.1 227.0576 14 1.0
399.2 227.1178 14 1.0
399.3 227.1781 14 1.0
399.4 227.2384 14 1.0
399.5 227.2987 14 1.0
399.6 227.3589 14 1.0
399.7 227.4192 14 1.0
399.8 227.4795 14 1.0
399.9 227.5397 14 1.0
400.0 227.6 14 1.0
400.1 227.6603 14 1.0
400.2 227.7205 14 1.0
400.3 227.7808 14 1.0
400.4 227.8411 14 1.0
400.5 227.9013 14 1.0
400.6 227.9616 14 1.0
400.7 228.0219 14 1.0
400.8 228.0821 14 1.0
400.9 228.1424 14 1.0
401.0 228.2027 14 1.0
401.1 228.2629 14 1.0
401.2 228.3232 14 1.0
401.3 228.3835 14 1.0
401.4 228.4437 14 1.0
401.5 228.504 14 1.0
401.6 228.5643 14 1.0
401.7 228.6245 14 1.0
401.8 228.6848 14 1.0
401.9 228.7451 14 1.0
402.0 228.8053 14 1.0
402.1 228.8656 14 1.0
402.2 228.9259 14 1.0
402.3 228.9861 14 1.0
402.4 229.0464 14 1.0
402.5 229.1067 14 1.0
402.6 229.1669 14 1.0
402.7 229.2272 14 1.0
402.8 229.2875 14 1.0
402.9 229.3477 14 1.0
403.0 229.408 14 1.0
403.1 229.4683 14 1.0
403.2 229.5285 14 1.0
403.3 229.5888 14 1.0
403.4 229.6491 14 1.0
403.5 229.7094 14 1.0
403.6 229.7696 14 1.0
403.7 229.8299 14 1.0
403.8 229.8902 14 1.0
403.9 229.9504 14 1.0
404.0 230.0107 14 1.0
404.1 230.071 14 1.0
404.2 230.1312 14 1.0
404.3 230.1915 14 1.0
404.4 230.2518 14 1.0
404.5 230.312 14 1.0
404.6 230.3723 14 1.0
404.7 230.4326 14 1.0
404.8 230.4928 14 1.0
404.9 230.5531 14 1.0
405.0 230.6134 14 1.0
405.1 230.6736 14 1.0
405.2 230.7339 14 1.0
405.3 230.7942 14 1.0
405.4 230.8544 14 1.0
405.5 230.9147 14 1.0
405.6 230.975 14 1.0
405.7 231.0352 14 1.0
405.8 231.0955 14 1.0
405.9 231.1558 14 1.0
406.0 231.216 14 1.0
406.1 231.2763 14 1.0
406.2 231.3366 14 1.0
406.3 231.3968 14 1.0
406.4 231.4571 14 1.0
406.5 231.5174 14 1.0
406.6 231.5776 14 1.0
406.7 231.6379 14 1.0
406.8 231.6982 14 1.0
406.9 231.7584 14 1.0
407.0 231.8187 14 1.0
407.1 231.879 14 1.0
407.2 231.9392 14 1.0
407.3 231.9995 14 1.0
407.4 232.0598 14 1.0
407.5 232.12 14 1.0
407.6 232.1803 14 1.0
407.7 232.2406 14 1.0
407.8 232.3009 14 1.0
407.9 232.3611 14 1.0
408.0 232.4214 14 1.0
408.1 232.4817 14 1.0
408.2 232.5419 14 1.0
408.3 232.6022 14 1.0
408.4 232.6625 14 1.0
408.5 232.7227 14 1.0
408.6 232.783 14 1.0
408.7 232.8433 14 1.0
408.8 232.9035 14 1.0
408.9 232.9638 14 1.0
409.0 233.0241 14 1.0
409.0 233.0843 14 1.0
409.1 233.1446 14 1.0
409.2 233.2049 14 1.0
409.3 233.2651 14 1.0
409.4 233.3254 14 1.0
409.5 233.3857 14 1.0
409.6 233.4459 14 1.0
409.7 233.5062 14 1.0
409.8 233.5665 14 1.0
409.9 233.6267 14 1.0
410.0 233.687 14 1.0
410.1 233.7473 14 1.0
410.2 233.8075 14 1.0
410.3 233.8678 14 1.0
410.4 233.9281 14 1.0
410.5 233.9883 14 1.0
410.6 234.0486 14 1.0
410.7 234.1089 14 1.0
410.8 234.1691 14 1.0
410.9 234.2294 14 1.0
411.0 234.2897 14 1.0
411.1 234.3499 14 1.0
411.2 234.4102 14 1.0
411.3 234.4705 14 1.0
411.4 234.5307 14 1.0
411.5 234.591 14 1.0
411.6 234.6513 14 1.0
411.7 234.7116 14 1.0
411.8 234.7718 14 1.0
411.9 234.8321 14 1.0
412.0 234.8924 14 1.0
412.1 234.9526 14 1.0
412.2 235.0129 14 1.0
412.3 235.0732 14 1.0
412.4 235.1334 14 1.0
412.5 235.1937 14 1.0
412.6 235.254 14 1.0
412.7 235.3142 14 1.0
412.8 235.3745 14 1.0
412.9 235.4348 14 1.0
413.0 235.495 14 1.0
413.1 235.5553 14 1.0
413.2 235.6156 14 1.0
413.3 235.6758 14 1.0
413.4 235.7361 14 1.0
413.5 235.7964 14 1.0
413.6 235.8566 14 1.0
413.7 235.9169 14 1.0
413.8 235.9772 14 1.0
413.9 236.0374 14 1.0
414.0 236.0977 14 1.0
414.1 236.158 14 1.0
414.2 236.2182 14 1.0
414.3 236.2785 14 1.0
414.4 236.3388 14 1.0
414.5 236.399 14 1.0
414.6 236.4593 14 1.0
414.7 236.5196 14 1.0
414.8 236.5798 14 1.0
414.9 236.6401 14 1.0
415.0 236.7004 14 1.0
415.1 236.7606 14 1.0
415.2 236.8209 14 1.0
415.3 236.8812 14 1.0
415.4 236.9414 14 1.0
415.5 237.0017 14 1.0
415.6 237.062 14 1.0
415.7 237.1223 14 1.0
415.8 237.1825 14 1.0
415.9 237.2428 14 1.0
416.0 237.3031 14 1.0
416.1 237.3633 14 1.0
416.2 237.4236 14 1.0
416.3 237.4839 14 1.0
416.4 237.5441 14 1.0
416.5 237.6044 14 1.0
416.6 237.6647 14 1.0
416.7 237.7249 14 1.0
416.8 237.7852 14 1.0
416.9 237.8455 14 1.0
417.0 237.9057 14 1.0
417.1 237.966 14 1.0
417.2 238.0263 14 1.0
417.3 238.0865 14 1.0
417.4 238.1468 14 1.0
417.5 238.2071 14 1.0
417.6 238.2673 14 1.0
417.7 238.3276 14 1.0
417.8 238.3879 14 1.0
417.9 238.4481 14 1.0
418.0 238.5084 14 1.0
418.1 238.5687 14 1.0
418.2 238.6289 14 1.0
418.3 238.6892 14 1.0
418.4 238.7495 14 1.0
418.5 238.8097 14 1.0
418.6 238.87 14 1.0
418.7 238.9303 14 1.0
418.8 238.9905 14 1.0
418.9 239.0508 14 1.0
419.0 239.1111 14 1.0
419.1 239.1713 14 1.0
419.2 239.2316 14 1.0
419.3 239.2919 14 1.0
419.4 239.3521 14 1.0
419.5 239.4124 14 1.0
419.6 239.4727 14 1.0
419.7 239.533 14 1.0
419.8 239.5932 14 1.0
419.9 239.6535 14 1.0
420.0 239.7138 14 1.0
420.1 239.774 14 1.0
420.2 239.8343 14 1.0
420.3 239.8946 14 1.0
420.4 239.9548 14 1.0
420.5 240.0151 14 1.0
420.6 240.0754 14 1.0
420.7 240.1356 14 1.0
420.8 240.1959 14 1.0
420.9 240.2562 14 1.0
421.0 240.3164 14 1.0
421.1 240.3767 14 1.0
421.2 240.437 14 1.0
421.3 240.4972 14 1.0
421.4 240.5575 14 1.0
421.5 240.6178 14 1.0
421.6 240.678 14 1.0
421.7 240.7383 14 1.0
421.8 240.7986 14 1.0
421.9 240.8588 14 1.0
422.0 240.9191 14 1.0
422.1 240.9794 14 1.0
422.2 241.0396 14 1.0
422.3 241.0999 14 1.0
422.4 241.1602 14 1.0
422.5 241.2204 14 1.0
422.6 241.2807 14 1.0
422.7 241.341 14 1.0
422.8 241.4012 14 1.0
422.9 241.4615 14 1.0
423.0 241.5218 14 1.0
423.1 241.582 14 1.0
423.2 241.6423 14 1.0
423.3 241.7026 14 1.0
423.4 241.7628 14 1.0
423.5 241.8231 14 1.0
423.6 241.8834 14 1.0
423.7 241.9437 14 1.0
423.8 242.0039 14 1.0
423.9 242.0642 14 1.0
424.0 242.1245 14 1.0
424.1 242.1847 14 1.0
424.2 242.245 14 1.0
424.3 242.3053 14 1.0
424.4 242.3655 14 1.0
424.5 242.4258 14 1.0
424.6 242.4861 14 1.0
424.7 242.5463 14 1.0
424.8 242.6066 14 1.0
424.9 242.6669 14 1.0
425.0 242.7271 14 1.0
425.0 242.7874 14 1.0
425.1 242.8477 14 1.0
425.2 242.9079 14 1.0
425.3 242.9682 14 1.0
425.4 243.0285 14 1.0
425.5 243.0887 14 1.0
425.6 243.149 14 1.0
425.7 243.2093 14 1.0
425.8 243.2695 14 1.0
425.9 243.3298 14 1.0
426.0 243.3901 14 1.0
426.1 243.4503 14 1.0
426.2 243.5106 14 1.0
426.3 243.5709 14 1.0
426.4 243.6311 14 1.0
426.5 243.6914 14 1.0
426.6 243.7517 14 1.0
426.7 243.8119 14 1.0
426.8 243.8722 14 1.0
426.9 243.9325 14 1.0
427.0 243.9927 14 1.0
427.1 244.053 14 1.0
427.2 244.1133 14 1.0
427.3 244.1735 14 1.0
427.4 244.2338 14 1.0
427.5 244.2941 14 1.0
427.6 244.3544 14 1.0
427.7 244.4146 14 1.0
427.8 244.4749 14 1.0
427.9 244.5352 14 1.0
428.0 244.5954 14 1.0
428.1 244.6557 14 1.0
428.2 244.716 14 1.0
428.3 244.7762 14 1.0
428.4 244.8365 14 1.0
428.5 244.8968 14 1.0
428.6 244.957 14 1.0
428.7 245.0173 14 1.0
428.8 245.0776 14 1.0
428.9 245.1378 14 1.0
429.0 245.1981 14 1.0
429.1 245.2584 14 1.0
429.2 245.3186 14 1.0
429.3 245.3789 14 1.0
429.4 245.4392 14 1.0
429.5 245.4994 14 1.0
429.6 245.5597 14 1.0
429.7 245.62 14 1.0
429.8 245.6802 14 1.0
429.9 245.7405 14 1.0
430.0 245.8008 14 1.0
430.1 245.861 14 1.0
430.2 245.9213 14 1.0
430.3 245.9816 14 1.0
430.4 246.0418 14 1.0
430.5 246.1021 14 1.0
430.6 246.1624 14 1.0
430.7 246.2226 14 1.0
430.8 246.2829 14 1.0
430.9 246.3432 14 1.0
431.0 246.4034 14 1.0
431.1 246.4637 14 1.0
431.2 246.524 14 1.0
431.3 246.5842 14 1.0
431.4 246.6445 14 1.0
431.5 246.7048 14 1.0
431.6 246.7651 14 1.0
431.7 246.8253 14 1.0
431.8 246.8856 14 1.0
431.9 246.9459 14 1.0
432.0 247.0061 14 1.0
432.1 247.0664 14 1.0
432.2 247.1267 14 1.0
432.3 247.1869 14 1.0
432.4 247.2472 14 1.0
432.5 247.3075 14 1.0
432.6 247.3677 14 1.0
432.7 247.428 14 1.0
432.8 247.4883 14 1.0
432.9 247.5485 14 1.0
433.0 247.6088 14 1.0
433.1 247.6691 14 1.0
433.2 247.7293 14 1.0
433.3 247.7896 14 1.0
433.4 247.8499 14 1.0
433.5 247.9101 14 1.0
433.6 247.9704 14 1.0
433.7 248.0307 14 1.0
433.8 248.0909 14 1.0
433.9 248.1512 14 1.0
434.0 248.2115 14 1.0
434.1 248.2717 14 1.0
434.2 248.332 14 1.0
434.3 248.3923 14 1.0
434.4 248.4525 14 1.0
434.5 248.5128 14 1.0
434.6 248.5731 14 1.0
434.7 248.6333 14 1.0
434.8 248.6936 14 1.0
434.9 248.7539 14 1.0
435.0 248.8141 14 1.0
435.1 248.8744 14 1.0
435.2 248.9347 14 1.0
435.3 248.9949 14 1.0
435.4 249.0552 14 1.0
435.5 249.1155 14 1.0
435.6 249.1757 14 1.0
435.7 249.236 14 1.0
435.8 249.2963 14 1.0
435.9 249.3566 14 1.0
436.0 249.4168 14 1.0
436.1 249.4771 14 1.0
436.2 249.5374 14 1.0
436.3 249.5976 14 1.0
436.4 249.6579 14 1.0
436.5 249.7182 14 1.0
436.6 249.7784 14 1.0
436.7 249.8387 14 1.0
436.8 249.899 14 1.0
436.9 249.9592 14 1.0
437.0 250.0195 14 1.0
437.1 250.0798 14 1.0
437.2 250.14 14 1.0
437.3 250.2003 14 1.0
437.4 250.2606 14 1.0
437.5 250.3208 14 1.0
437.6 250.3811 14 1.0
437.7 250.4414 14 1.0
437.8 250.5016 14 1.0
437.9 250.5619 14 1.0
438.0 250.6222 14 1.0
438.1 250.6824 14 1.0
438.2 250.7427 14 1.0
438.3 250.803 14 1.0
438.4 250.8632 14 1.0
438.5 250.9235 14 1.0
438.6 250.9838 14 1.0
438.7 251.044 14 1.0
438.8 251.1043 14 1.0
438.9 251.1646 14 1.0
439.0 251.2248 14 1.0
439.1 251.2851 14 1.0
439.2 251.3454 14 1.0
439.3 251.4056 14 1.0
439.4 251.4659 14 1.0
439.5 251.5262 14 1.0
439.6 251.5864 14 1.0
439.7 251.6467 14 1.0
439.8 251.707 14 1.0
439.9 251.7673 14 1.0
440.0 251.8275 14 1.0
440.1 251.8878 14 1.0
440.2 251.9481 14 1.0
440.3 252.0083 14 1.0
440.4 252.0686 14 1.0
440.5 252.1289 14 1.0
440.6 252.1891 14 1.0
440.7 252.2494 14 1.0
440.8 252.3097 14 1.0
440.9 252.3699 14 1.0
441.0 252.4302 14 1.0
441.0 252.4905 14 1.0
441.1 252.5507 14 1.0
441.2 252.611 14 1.0
441.3 252.6713 14 1.0
441.4 252.7315 14 1.0
441.5 252.7918 14 1.0
441.6 252.8521 14 1.0
441.7 252.9123 14 1.0
441.8 252.9726 14 1.0
441.9 253.0329 14 1.0
442.0 253.0931 14 1.0
442.1 253.1534 14 1.0
442.2 253.2137 14 1.0
442.3 253.2739 14 1.0
442.4 253.3342 14 1.0
442.5 253.3945 14 1.0
442.6 253.4547 14 1.0
442.7 253.515 14 1.0
442.8 253.5753 14 1.0
442.9 253.6355 14 1.0
443.0 253.6958 14 1.0
443.1 253.7561 14 1.0
443.2 253.8163 14 1.0
443.3 253.8766 14 1.0
443.4 253.9369 14 1.0
443.5 253.9971 14 1.0
443.6 254.0574 14 1.0
443.7 254.1177 14 1.0
443.8 254.178 14 1.0
443.9 254.2382 14 1.0
444.0 254.2985 14 1.0
444.1 254.3588 14 1.0
444.2 254.419 14 1.0
444.3 254.4793 14 1.0
444.4 254.5396 14 1.0
444.5 254.5998 14 1.0
444.6 254.6601 14 1.0
444.7 254.7204 14 1.0
444.8 254.7806 14 1.0
444.9 254.8409 14 1.0
445.0 254.9012 14 1.0
445.1 254.9614 14 1.0
445.2 255.0217 14 1.0
445.3 255.082 14 1.0
445.4 255.1422 14 1.0
445.5 255.2025 14 1.0
445.6 255.2628 14 1.0
445.7 255.323 14 1.0
445.8 255.3833 14 1.0
445.9 255.4436 14 1.0
446.0 255.5038 14 1.0
446.1 255.5641 14 1.0
446.2 255.6244 14 1.0
446.3 255.6846 14 1.0
446.4 255.7449 14 1.0
446.5 255.8052 14 1.0
446.6 255.8654 14 1.0
446.7 255.9257 14 1.0
446.8 255.986 14 1.0
446.9 256.0462 14 1.0
447.0 256.1065 14 1.0
447.1 256.1668 14 1.0
447.2 256.227 14 1.0
447.3 256.2873 14 1.0
447.4 256.3476 14 1.0
447.5 256.4078 14 1.0
447.6 256.4681 14 1.0
447.7 256.5284 14 1.0
447.8 256.5887 14 1.0
447.9 256.6489 14 1.0
448.0 256.7092 14 1.0
448.1 256.7695 14 1.0
448.2 256.8297 14 1.0
448.3 256.89 14 1.0
448.4 256.9503 14 1.0
448.5 257.0105 14 1.0
