15.0 1.515271 13 0.0388597134221651
15.1 1.528857 13 0.03978251713443359
15.2 1.542421 13 0.040683626258453454
15.3 1.555962 13 0.0415806126909396
15.4 1.56948 13 0.04246231317160265
15.5 1.582977 13 0.043330745777019564
15.6 1.596452 13 0.04419041533990087
15.7 1.609904 13 0.04503570168055815
15.8 1.623335 13 0.04586608758595734
15.9 1.636744 13 0.046691379975510316
16.0 1.673296 13 0.04623898725062481
16.1 1.723972 13 0.05020274863076313
16.2 1.775042 13 0.054173991505779395
16.3 1.826501 13 0.05814888832481879
16.4 1.878342 13 0.062132872070036704
16.5 1.930557 13 0.06611862250906864
16.6 1.98314 13 0.07011252497633824
16.7 2.036083 13 0.07411308378796
16.8 2.089382 13 0.0781211150559431
16.9 2.143028 13 0.08213068551589686
17.0 2.197016 13 0.08614708817647909
17.1 2.251339 13 0.09017134261570836
17.2 2.305992 13 0.09419506612410988
17.3 2.360968 13 0.0982286242639544
17.4 2.416262 13 0.10227247582590238
17.5 2.471867 13 0.10630786739601306
17.6 2.527779 13 0.1103502765341059
17.7 2.584749 13 0.11440587653193268
17.8 2.663398 13 0.1184632473144469
17.9 2.742933 13 0.12252419928043323
18.0 2.823353 13 0.1265892654802372
18.1 2.916256 13 0.131349234759909
18.2 3.010185 14 0.1361148665746077
18.3 3.10514 14 0.14088081707878974
18.4 3.20112 14 0.14565496616375595
18.5 3.298126 14 0.1504315608635357
18.6 3.396158 14 0.15521248094258344
18.7 3.495215 14 0.16000133985769593
18.8 3.595298 14 0.16478661063739297
18.9 3.696407 14 0.16958441871734586
19.0 3.798542 14 0.1743817398220595
19.1 3.901702 14 0.17918462991429007
19.2 4.005888 14 0.18399361092590294
19.3 4.1111 14 0.18880131428089275
19.4 4.217338 14 0.19361609904105115
19.5 4.324601 14 0.19843323862737516
19.6 4.43289 14 0.20325242077526606
19.7 4.542205 14 0.20807788542494265
19.8 4.652545 14 0.21290558784494984
19.9 4.763912 14 0.21773849906556486
20.0 4.876304 14 0.22257189021363777
20.1 4.993872 14 0.22763193662382042
20.2 5.112511 14 0.23269450504769085
20.3 5.232221 14 0.23775939751281294
20.4 5.353001 14 0.2428305293445876
20.5 5.474852 14 0.2479047700218756
20.6 5.597773 14 0.25297715159753575
20.7 5.721765 14 0.2580575158448344
20.8 5.846827 14 0.2631385661039247
20.9 5.97296 14 0.268222978468193
21.0 6.100163 14 0.2733129285846376
21.1 6.228437 14 0.2784013665409042
21.2 6.357782 14 0.2834960510807666
21.3 6.488197 14 0.2885930581115943
21.4 6.619682 14 0.2936924893448628
21.5 6.752238 14 0.2987952782114728
21.6 6.885865 14 0.3038988594448575
21.7 7.020562 14 0.30900736756104086
21.8 7.15633 14 0.3141167307290448
21.9 7.293168 14 0.31923060308918916
22.0 7.431077 14 0.3243459969551524
22.1 7.582375 14 0.33005967335379194
22.2 7.734863 14 0.3357744275078395
22.3 7.888539 14 0.3414971535992338
22.4 8.043403 14 0.3472177261987238
22.5 8.199456 14 0.3529436257585905
22.6 8.422787 14 0.3587616526714814
22.7 8.580618 14 0.36449089333392515
22.8 8.739637 14 0.3702192508111297
22.9 8.899845 14 0.37595414364111746
23.0 9.061242 14 0.3816896649445207
23.1 9.223828 14 0.3874269673371721
23.2 9.387602 14 0.39316707440269716
23.3 9.552565 14 0.39890856107072326
23.4 9.718717 14 0.4046554142436133
23.5 9.886057 14 0.4104003358353773
23.6 10.05459 14 0.4161496722475956
23.7 10.2243 14 0.42190067387496477
23.8 10.39521 14 0.42765585016202534
23.9 10.5673 14 0.43340948707488036
24.0 10.74059 14 0.4391670585864015
24.1 10.92009 14 0.4451599751000186
24.2 11.10083 14 0.4511461249808142
24.3 11.2828 14 0.45714147441299047
24.4 11.46599 14 0.4631387034705562
24.5 11.65042 14 0.46913443399186006
24.6 11.83608 14 0.4751334343033474
24.7 12.02296 14 0.4811372363647952
24.8 12.21108 14 0.4871391958609379
24.9 12.40043 14 0.4931447559094807
25.0 12.59101 14 0.49915068783255534
25.1 12.78282 14 0.5051611087270496
25.2 12.97586 14 0.5111709064496426
25.3 13.17013 14 0.5171816069183588
25.4 13.36563 14 0.5231973933444362
25.5 13.56236 14 0.5292153931226575
25.6 13.76032 14 0.5352313659422796
25.7 13.95951 14 0.5412506750053373
25.8 14.15993 14 0.54727202476669
25.9 14.36158 14 0.5532959992406625
26.0 14.56446 14 0.5593202557685657
26.1 14.77397 14 0.5655602028634565
26.2 14.98476 14 0.5718043414724872
26.3 15.19682 14 0.5780475415367388
26.4 15.41016 14 0.5842925670684382
26.5 15.62478 14 0.5905420144767333
26.6 15.84067 14 0.5967901310473246
26.7 16.05784 14 0.6030403528719303
26.8 16.27628 14 0.6092910699408894
26.9 16.496 14 0.6155464662097427
27.0 16.717 14 0.621800829567
27.1 16.93927 14 0.6280569272406047
27.2 17.16282 14 0.6343158875786187
27.3 17.38764 14 0.6405734790198487
27.4 17.61374 14 0.6468368012554477
27.5 17.84112 14 0.6530982337371114
27.6 18.06977 14 0.6593621370882723
27.7 18.2997 14 0.6656273634946981
27.8 18.5309 14 0.6718945053203084
27.9 18.76339 14 0.6781621794214991
28.0 18.99714 14 0.6844320343167011
28.1 19.23063 14 0.690640839769664
28.2 19.46538 14 0.6968511749843874
28.3 19.7014 14 0.7030614888681348
28.4 19.93868 14 0.7092738370707482
28.5 20.17722 14 0.7154883381924197
28.6 20.41704 14 0.7217032593336978
28.7 20.65812 14 0.7279198428574003
28.8 20.90046 14 0.7341362513427633
28.9 21.14407 14 0.7403571148598928
29.0 21.38895 14 0.7465759360464088
29.1 21.63509 14 0.7527975420439845
29.2 21.8825 14 0.7590197233388795
29.3 22.13117 14 0.7652437731153714
29.4 22.38111 14 0.7714678426894468
29.5 22.63231 14 0.7776935550331572
29.6 22.88478 14 0.7839209097556044
29.7 23.13852 14 0.7901483862964839
29.8 23.39352 14 0.7963782918705111
29.9 23.64979 14 0.8026084420524096
30.0 23.90732 14 0.8088400772902933
30.1 24.17544 14 0.8154176249691394
30.2 24.44488 14 0.821996294704166
30.3 24.71565 14 0.8285757229729307
30.4 24.98775 14 0.8351566408652452
30.5 25.26118 14 0.8417385500555096
30.6 25.53593 14 0.8483216020286521
30.7 25.812 14 0.8549055272667937
30.8 26.08941 14 0.861490407529898
30.9 26.36814 14 0.8680756942737773
31.0 26.64819 14 0.8746632300734328
31.1 26.92957 14 0.8812517109988584
31.2 27.21228 14 0.8878411179135425
31.3 27.49631 14 0.8944307919923598
31.4 27.78167 14 0.9010221149860856
31.5 28.06836 14 0.9076141848498145
31.6 28.35637 14 0.9142071454033567
31.7 28.64571 14 0.9208015588539537
31.8 28.93637 14 0.9273962748376561
31.9 29.22836 14 0.933992037288794
32.0 29.52168 14 0.9405892863790344
32.1 29.81632 14 0.9471867065160382
32.2 30.11229 14 0.9537855256888392
32.3 30.40959 14 0.9603852278123866
32.4 30.70821 14 0.9669857354431366
32.5 31.00816 14 0.9735870858502654
32.6 31.30943 14 0.9801893671987875
32.7 31.61203 14 0.9867924941734229
32.8 31.91596 14 0.9933965396760347
32.9 32.22116 14 1.0
33.0 32.31953 14 1.0
33.1 32.4179 14 1.0
33.2 32.51627 14 1.0
33.3 32.61464 14 1.0
33.4 32.71301 14 1.0
33.5 32.81138 14 1.0
33.6 32.90975 14 1.0
33.7 33.00812 14 1.0
33.8 33.10649 14 1.0
33.9 33.20485 14 1.0
34.0 33.30322 14 1.0
34.1 33.40159 14 1.0
34.2 33.49996 14 1.0
34.3 33.59833 14 1.0
34.4 33.6967 14 1.0
34.5 33.79507 14 1.0
34.6 33.89344 14 1.0
34.7 33.99181 14 1.0
34.8 34.09018 14 1.0
34.9 34.18855 14 1.0
35.0 34.28691 14 1.0
35.1 34.38558 14 1.0
35.2 34.48425 14 1.0
35.3 34.58292 14 1.0
35.4 34.68159 14 1.0
35.5 34.78026 14 1.0
35.6 34.87892 14 1.0
35.7 34.97759 14 1.0
35.8 35.07626 14 1.0
35.9 35.17493 14 1.0
36.0 35.2736 14 1.0
36.1 35.37226 14 1.0
36.2 35.47093 14 1.0
36.3 35.5696 14 1.0
36.4 35.66827 14 1.0
36.5 35.76694 14 1.0
36.6 35.86561 14 1.0
36.7 35.96427 14 1.0
36.8 36.06294 14 1.0
36.9 36.16161 14 1.0
37.0 36.26028 14 1.0
37.1 36.35895 14 1.0
37.2 36.45761 14 1.0
37.3 36.55628 14 1.0
37.4 36.65495 14 1.0
37.5 36.75362 14 1.0
37.6 36.85229 14 1.0
37.7 36.95096 14 1.0
37.8 37.04962 14 1.0
37.9 37.14829 14 1.0
38.0 37.24696 14 1.0
38.1 37.34563 14 1.0
38.2 37.4443 14 1.0
38.3 37.54296 14 1.0
38.4 37.64163 14 1.0
38.5 37.7403 14 1.0
38.6 37.83897 14 1.0
38.7 37.93764 14 1.0
38.8 38.03631 14 1.0
38.9 38.13497 14 1.0
39.0 38.23364 14 1.0
39.1 38.33231 14 1.0
39.2 38.43098 14 1.0
39.3 38.52965 14 1.0
39.4 38.62831 14 1.0
39.5 38.72698 14 1.0
39.6 38.82565 14 1.0
39.7 38.92432 14 1.0
39.8 39.02299 14 1.0
39.9 39.12166 14 1.0
40.0 39.22032 14 1.0
40.1 39.31653 14 1.0
40.2 39.41274 14 1.0
40.3 39.50895 14 1.0
40.4 39.60516 14 1.0
40.5 39.70136 14 1.0
40.6 39.79757 14 1.0
40.7 39.89378 14 1.0
40.8 39.98999 14 1.0
40.9 40.0862 14 1.0
41.0 40.18241 14 1.0
41.1 40.27861 14 1.0
41.2 40.37482 14 1.0
41.3 40.47103 14 1.0
41.4 40.56724 14 1.0
41.5 40.66345 14 1.0
41.6 40.75966 14 1.0
41.7 40.85586 14 1.0
41.8 40.95207 14 1.0
41.9 41.04828 14 1.0
42.0 41.14449 14 1.0
42.1 41.2407 14 1.0
42.2 41.3369 14 1.0
42.3 41.43311 14 1.0
42.4 41.52932 14 1.0
42.5 41.62553 14 1.0
42.6 41.72174 14 1.0
42.7 41.81795 14 1.0
42.8 41.91415 14 1.0
42.9 42.01036 14 1.0
43.0 42.10657 14 1.0
43.1 42.20278 14 1.0
43.2 42.29899 14 1.0
43.3 42.39519 14 1.0
43.4 42.4914 14 1.0
43.5 42.58761 14 1.0
43.6 42.68382 14 1.0
43.7 42.78003 14 1.0
43.8 42.87624 14 1.0
43.9 42.97244 14 1.0
44.0 43.06865 14 1.0
44.1 43.16486 14 1.0
44.2 43.26107 14 1.0
44.3 43.35728 14 1.0
44.4 43.45349 14 1.0
44.5 43.54969 14 1.0
44.6 43.6459 14 1.0
44.7 43.74211 14 1.0
44.8 43.83832 14 1.0
44.9 43.93453 14 1.0
45.0 44.03073 14 1.0
45.1 44.12694 14 1.0
45.2 44.22315 14 1.0
45.3 44.31936 14 1.0
45.4 44.41557 14 1.0
45.5 44.51178 14 1.0
45.6 44.60798 14 1.0
45.7 44.70419 14 1.0
45.8 44.8004 14 1.0
45.9 44.89661 14 1.0
46.0 44.99282 14 1.0
46.1 45.08903 14 1.0
46.2 45.18523 14 1.0
46.3 45.28144 14 1.0
46.4 45.37765 14 1.0
46.5 45.47386 14 1.0
46.6 45.57007 14 1.0
46.7 45.66627 14 1.0
46.8 45.76248 14 1.0
46.9 45.85869 14 1.0
47.0 45.9549 14 1.0
47.1 46.05111 14 1.0
47.2 46.14732 14 1.0
47.3 46.24352 14 1.0
47.4 46.33973 14 1.0
47.5 46.43594 14 1.0
47.6 46.53215 14 1.0
47.7 46.62836 14 1.0
47.8 46.72456 14 1.0
47.9 46.82077 14 1.0
48.0 46.91698 14 1.0
48.1 47.01319 14 1.0
48.2 47.1094 14 1.0
48.3 47.20561 14 1.0
48.4 47.30181 14 1.0
48.5 47.39802 14 1.0
48.6 47.49423 14 1.0
48.7 47.59044 14 1.0
48.8 47.68665 14 1.0
48.9 47.78286 14 1.0
49.0 47.87906 14 1.0
49.1 47.97527 14 1.0
49.2 48.07148 14 1.0
49.3 48.16769 14 1.0
49.4 48.2639 14 1.0
49.5 48.3601 14 1.0
49.6 48.45631 14 1.0
49.7 48.55252 14 1.0
49.8 48.64873 14 1.0
49.9 48.74494 14 1.0
50.0 48.84115 14 1.0
50.1 48.93341 14 1.0
50.2 49.02568 14 1.0
50.3 49.11795 14 1.0
50.4 49.21022 14 1.0
50.5 49.30249 14 1.0
50.6 49.39475 14 1.0
50.7 49.48702 14 1.0
50.8 49.57929 14 1.0
50.9 49.67156 14 1.0
51.0 49.76383 14 1.0
51.1 49.85609 14 1.0
51.2 49.94836 14 1.0
51.3 50.04063 14 1.0
51.4 50.1329 14 1.0
51.5 50.22517 14 1.0
51.6 50.31743 14 1.0
51.7 50.4097 14 1.0
51.8 50.50197 14 1.0
51.9 50.59424 14 1.0
52.0 50.68651 14 1.0
52.1 50.77877 14 1.0
52.2 50.87104 14 1.0
52.3 50.96331 14 1.0
52.4 51.05558 14 1.0
52.5 51.14785 14 1.0
52.6 51.24011 14 1.0
52.7 51.33238 14 1.0
52.8 51.42465 14 1.0
52.9 51.51692 14 1.0
53.0 51.60919 14 1.0
53.1 51.70145 14 1.0
53.2 51.79372 14 1.0
53.3 51.88599 14 1.0
53.4 51.97826 14 1.0
53.5 52.07053 14 1.0
53.6 52.16279 14 1.0
53.7 52.25506 14 1.0
53.8 52.34733 14 1.0
53.9 52.4396 14 1.0
54.0 52.53187 14 1.0
54.1 52.62413 14 1.0
54.2 52.7164 14 1.0
54.3 52.80867 14 1.0
54.4 52.90094 14 1.0
54.5 52.99321 14 1.0
54.6 53.08547 14 1.0
54.7 53.17774 14 1.0
54.8 53.27001 14 1.0
54.9 53.36228 14 1.0
55.0 53.45455 14 1.0
55.1 53.54681 14 1.0
55.2 53.63908 14 1.0
55.3 53.73135 14 1.0
55.4 53.82362 14 1.0
55.5 53.91589 14 1.0
55.6 54.00815 14 1.0
55.7 54.10042 14 1.0
55.8 54.19269 14 1.0
55.9 54.28496 14 1.0
56.0 54.37723 14 1.0
56.1 54.46949 14 1.0
56.2 54.56176 14 1.0
56.3 54.65403 14 1.0
56.4 54.7463 14 1.0
56.5 54.83857 14 1.0
56.6 54.93083 14 1.0
56.7 55.0231 14 1.0
56.8 55.11537 14 1.0
56.9 55.20764 14 1.0
57.0 55.29991 14 1.0
57.1 55.39217 14 1.0
57.2 55.48444 14 1.0
57.3 55.57671 14 1.0
57.4 55.66898 14 1.0
57.5 55.76125 14 1.0
57.6 55.85351 14 1.0
57.7 55.94578 14 1.0
57.8 56.03805 14 1.0
57.9 56.13032 14 1.0
58.0 56.22259 14 1.0
58.1 56.31485 14 1.0
58.2 56.40712 14 1.0
58.3 56.49939 14 1.0
58.4 56.59166 14 1.0
58.5 56.68393 14 1.0
58.6 56.77619 14 1.0
58.7 56.86846 14 1.0
58.8 56.96073 14 1.0
58.9 57.053 14 1.0
59.0 57.14527 14 1.0
59.1 57.23753 14 1.0
59.2 57.3298 14 1.0
59.3 57.42207 14 1.0
59.4 57.51434 14 1.0
59.5 57.60661 14 1.0
59.6 57.69887 14 1.0
59.7 57.79114 14 1.0
59.8 57.88341 14 1.0
59.9 57.97568 14 1.0
60.0 58.06795 14 1.0
60.1 58.16195 14 1.0
60.2 58.25595 14 1.0
60.3 58.34994 14 1.0
60.4 58.44394 14 1.0
60.5 58.53794 14 1.0
60.6 58.63194 14 1.0
60.7 58.72594 14 1.0
60.8 58.81994 14 1.0
60.9 58.91394 14 1.0
61.0 59.00794 14 1.0
61.1 59.10194 14 1.0
61.2 59.19594 14 1.0
61.3 59.28994 14 1.0
61.4 59.38394 14 1.0
61.5 59.47794 14 1.0
61.6 59.57194 14 1.0
61.7 59.66593 14 1.0
61.8 59.75993 14 1.0
61.9 59.85393 14 1.0
62.0 59.94793 14 1.0
62.1 60.04193 14 1.0
62.2 60.13593 14 1.0
62.3 60.1509 14 1.0
62.4 59.83601 14 1.0
62.5 59.52005 14 1.0
62.6 59.20302 14 1.0
62.7 58.88492 14 1.0
62.8 58.56576 14 1.0
62.9 58.24553 14 1.0
63.0 57.92423 14 1.0
63.1 57.60187 14 1.0
63.2 57.27844 14 1.0
63.3 56.95394 14 1.0
63.4 56.62837 14 1.0
63.5 56.30173 14 1.0
63.6 55.97403 14 1.0
63.7 55.64526 14 1.0
63.8 55.31542 14 1.0
63.9 54.98452 14 1.0
64.0 54.65255 14 1.0
64.1 54.31951 14 1.0
64.2 53.9854 14 1.0
64.3 53.65023 14 1.0
64.4 53.31398 14 1.0
64.5 52.97667 14 1.0
64.6 52.6383 14 1.0
64.7 52.29885 14 1.0
64.8 51.95834 14 1.0
64.9 51.61676 14 1.0
65.0 51.27411 14 1.0
65.1 50.9304 14 1.0
65.2 50.58562 14 1.0
65.3 50.23977 14 1.0
65.4 49.89285 14 1.0
65.5 49.54487 14 1.0
65.6 49.19582 14 1.0
65.7 48.8457 14 1.0
65.8 48.49451 14 1.0
65.9 48.14226 14 1.0
66.0 47.78893 14 1.0
66.1 47.43454 14 1.0
66.2 47.07909 14 1.0
66.3 46.72256 14 1.0
66.4 46.36497 14 1.0
66.5 46.00631 14 1.0
66.6 45.64659 14 1.0
66.7 45.28579 14 1.0
66.8 44.92393 14 1.0
66.9 44.561 14 1.0
67.0 44.19701 14 1.0
67.1 43.83194 14 1.0
67.2 43.46581 14 1.0
67.3 43.09861 14 1.0
67.4 42.73035 14 1.0
67.5 42.36101 14 1.0
67.6 41.99061 14 1.0
67.7 41.61914 14 1.0
67.8 41.24661 14 1.0
67.9 40.873 14 1.0
68.0 40.49833 14 1.0
68.1 40.12259 14 1.0
68.2 39.74579 14 1.0
68.3 39.36791 14 1.0
68.4 38.98897 14 1.0
68.5 38.60896 14 1.0
68.6 38.22789 14 1.0
68.7 37.84574 14 1.0
68.8 37.46253 14 1.0
68.9 37.07825 14 1.0
69.0 36.69291 14 1.0
69.1 36.30649 14 1.0
69.2 35.91901 14 1.0
69.3 35.53047 14 1.0
69.4 35.14085 14 1.0
69.5 34.75017 14 1.0
69.6 34.35842 14 1.0
69.7 33.9656 14 1.0
69.8 33.57171 14 1.0
69.9 33.17676 14 1.0
70.0 32.78074 14 1.0
70.1 32.38107 14 1.0
70.2 31.98054 14 1.0
70.3 31.57914 14 1.0
70.4 31.17688 14 1.0
70.5 31.16497 14 1.0
70.6 31.21479 14 1.0
70.7 31.26461 14 1.0
70.8 31.31443 14 1.0
70.9 31.36425 14 1.0
71.0 31.41407 14 1.0
71.1 31.46389 14 1.0
71.2 31.51371 14 1.0
71.3 31.56353 14 1.0
71.4 31.61335 14 1.0
71.5 31.66317 14 1.0
71.6 31.71299 14 1.0
71.7 31.76281 14 1.0
71.8 31.81263 14 1.0
71.9 31.86245 14 1.0
72.0 31.91227 14 1.0
72.1 31.96209 14 1.0
72.2 32.01191 14 1.0
72.3 32.06173 14 1.0
72.4 32.11155 14 1.0
72.5 32.16137 14 1.0
72.6 32.21119 14 1.0
72.7 32.26101 14 1.0
72.8 32.31083 14 1.0
72.9 32.36065 14 1.0
73.0 32.41047 14 1.0
73.1 32.46028 14 1.0
73.2 32.5101 14 1.0
73.3 32.55992 14 1.0
73.4 32.60974 14 1.0
73.5 32.65956 14 1.0
73.6 32.70938 14 1.0
73.7 32.7592 14 1.0
73.8 32.80902 14 1.0
73.9 32.85884 14 1.0
74.0 32.90866 14 1.0
74.1 32.95848 14 1.0
74.2 33.0083 14 1.0
74.3 33.05812 14 1.0
74.4 33.10794 14 1.0
74.5 33.15776 14 1.0
74.6 33.20758 14 1.0
74.7 33.2574 14 1.0
74.8 33.30722 14 1.0
74.9 33.35704 14 1.0
75.0 33.40686 14 1.0
75.1 33.45668 14 1.0
75.2 33.5065 14 1.0
75.3 33.55632 14 1.0
75.4 33.60614 14 1.0
75.5 33.65596 14 1.0
75.6 33.70578 14 1.0
75.7 33.7556 14 1.0
75.8 33.80542 14 1.0
75.9 33.85524 14 1.0
76.0 33.90506 14 1.0
76.1 33.95488 14 1.0
76.2 34.0047 14 1.0
76.3 34.05452 14 1.0
76.4 34.10434 14 1.0
76.5 34.15416 14 1.0
76.6 34.20398 14 1.0
76.7 34.2538 14 1.0
76.8 34.30362 14 1.0
76.9 34.35344 14 1.0
77.0 34.40326 14 1.0
77.1 34.45307 14 1.0
77.2 34.50289 14 1.0
77.3 34.55271 14 1.0
77.4 34.60253 14 1.0
77.5 34.65235 14 1.0
77.6 34.70217 14 1.0
77.7 34.75199 14 1.0
77.8 34.80181 14 1.0
77.9 34.85163 14 1.0
78.0 34.90145 14 1.0
78.1 34.95127 14 1.0
78.2 35.00109 14 1.0
78.3 35.05091 14 1.0
78.4 35.10073 14 1.0
78.5 35.15055 14 1.0
78.6 35.20037 14 1.0
78.7 35.25019 14 1.0
78.8 35.30001 14 1.0
78.9 35.34983 14 1.0
79.0 35.39965 14 1.0
79.1 35.44947 14 1.0
79.2 35.49929 14 1.0
79.3 35.54911 14 1.0
79.4 35.59893 14 1.0
79.5 35.64875 14 1.0
79.6 35.69857 14 1.0
79.7 35.74839 14 1.0
79.8 35.79821 14 1.0
79.9 35.84803 14 1.0
80.0 35.89785 14 1.0
80.1 35.88332 14 1.0
80.2 35.8688 14 1.0
80.3 35.85428 14 1.0
80.4 35.83975 14 1.0
80.5 35.82523 14 1.0
80.6 35.81071 14 1.0
80.7 35.79618 14 1.0
80.8 35.78166 14 1.0
80.9 35.76714 14 1.0
81.0 35.75261 14 1.0
81.1 35.73809 14 1.0
81.2 35.72357 14 1.0
81.3 35.70904 14 1.0
81.4 35.69452 14 1.0
81.5 35.68 14 1.0
81.6 35.66547 14 1.0
81.7 35.65095 14 1.0
81.8 35.63643 14 1.0
81.9 35.6219 14 1.0
82.0 35.60738 14 1.0
82.1 35.59286 14 1.0
82.2 35.57833 14 1.0
82.3 35.56381 14 1.0
82.4 35.54929 14 1.0
82.5 35.53476 14 1.0
82.6 35.52024 14 1.0
82.7 35.50571 14 1.0
82.8 35.49119 14 1.0
82.9 35.47667 14 1.0
83.0 35.46214 14 1.0
83.1 35.44762 14 1.0
83.2 35.4331 14 1.0
83.3 35.41857 14 1.0
83.4 35.40405 14 1.0
83.5 35.38953 14 1.0
83.6 35.375 14 1.0
83.7 35.36048 14 1.0
83.8 35.34596 14 1.0
83.9 35.33143 14 1.0
84.0 35.31691 14 1.0
84.1 35.30239 14 1.0
84.2 35.28786 14 1.0
84.3 35.27334 14 1.0
84.4 35.25882 14 1.0
84.5 35.24429 14 1.0
84.6 35.22977 14 1.0
84.7 35.21525 14 1.0
84.8 35.20072 14 1.0
84.9 35.1862 14 1.0
85.0 35.17168 14 1.0
85.1 35.15715 14 1.0
85.2 35.14263 14 1.0
85.3 35.12811 14 1.0
85.4 35.11358 14 1.0
85.5 35.09906 14 1.0
85.6 35.08454 14 1.0
85.7 35.07001 14 1.0
85.8 35.05549 14 1.0
85.9 35.04096 14 1.0
86.0 35.02644 14 1.0
86.1 35.01192 14 1.0
86.2 34.99739 14 1.0
86.3 34.98287 14 1.0
86.4 34.96835 14 1.0
86.5 34.95382 14 1.0
86.6 34.9393 14 1.0
86.7 34.92478 14 1.0
86.8 34.91025 14 1.0
86.9 34.89573 14 1.0
87.0 34.88121 14 1.0
87.1 34.86668 14 1.0
87.2 34.85216 14 1.0
87.3 34.83764 14 1.0
87.4 34.82311 14 1.0
87.5 34.80859 14 1.0
87.6 34.79407 14 1.0
87.7 34.77954 14 1.0
87.8 34.76502 14 1.0
87.9 34.7505 14 1.0
88.0 34.73597 14 1.0
88.1 34.72145 14 1.0
88.2 34.70693 14 1.0
88.3 34.6924 14 1.0
88.4 34.67788 14 1.0
88.5 34.66336 14 1.0
88.6 34.64883 14 1.0
88.7 34.63431 14 1.0
88.8 34.61979 14 1.0
88.9 34.60526 14 1.0
89.0 34.59074 14 1.0
89.1 34.57621 14 1.0
89.2 34.56169 14 1.0
89.3 34.54717 14 1.0
89.4 34.53264 14 1.0
89.5 34.51812 14 1.0
89.6 34.5036 14 1.0
89.7 34.48907 14 1.0
89.8 34.47455 14 1.0
89.9 34.46003 14 1.0
90.0 34.4455 14 1.0
90.1 34.41229 14 1.0
90.2 34.37908 14 1.0
90.3 34.34587 14 1.0
90.4 34.31265 14 1.0
90.5 34.27944 14 1.0
90.6 34.24623 14 1.0
90.7 34.21301 14 1.0
90.8 34.1798 14 1.0
90.9 34.14659 14 1.0
91.0 34.11338 14 1.0
91.1 34.08016 14 1.0
91.2 34.04695 14 1.0
91.3 34.01374 14 1.0
91.4 33.98052 14 1.0
91.5 33.94731 14 1.0
91.6 33.9141 14 1.0
91.7 33.88089 14 1.0
91.8 33.84767 14 1.0
91.9 33.81446 14 1.0
92.0 33.78125 14 1.0
92.1 33.74803 14 1.0
92.2 33.71482 14 1.0
92.3 33.68161 14 1.0
92.4 33.6484 14 1.0
92.5 33.61518 14 1.0
92.6 33.58197 14 1.0
92.7 33.54876 14 1.0
92.8 33.51554 14 1.0
92.9 33.48233 14 1.0
93.0 33.44912 14 1.0
93.1 33.41591 14 1.0
93.2 33.38269 14 1.0
93.3 33.34948 14 1.0
93.4 33.31627 14 1.0
93.5 33.28305 14 1.0
93.6 33.24984 14 1.0
93.7 33.21663 14 1.0
93.8 33.18342 14 1.0
93.9 33.52859 14 1.0
94.0 34.17425 14 1.0
94.1 34.82266 14 1.0
94.2 35.47381 14 1.0
94.3 36.1277 14 1.0
94.4 36.78434 14 1.0
94.5 37.44373 14 1.0
94.6 38.10586 14 1.0
94.7 38.77073 14 1.0
94.8 39.43835 14 1.0
94.9 40.10872 14 1.0
95.0 40.78183 14 1.0
95.1 41.45768 14 1.0
95.2 42.13629 14 1.0
95.3 42.81763 14 1.0
95.4 43.50172 14 1.0
95.5 44.18856 14 1.0
95.6 44.87814 14 1.0
95.7 45.57047 14 1.0
95.8 46.26554 14 1.0
95.9 46.96335 14 1.0
96.0 47.66392 14 1.0
96.1 48.36722 14 1.0
96.2 49.07327 14 1.0
96.3 49.78207 14 1.0
96.4 50.49361 14 1.0
96.5 51.2079 14 1.0
96.6 51.92493 14 1.0
96.7 52.64471 14 1.0
96.8 53.36723 14 1.0
96.9 54.0925 14 1.0
97.0 54.82051 14 1.0
97.1 55.55127 14 1.0
97.2 56.28478 14 1.0
97.3 57.02102 14 1.0
97.4 57.76002 14 1.0
97.5 58.50176 14 1.0
97.6 59.24624 14 1.0
97.7 59.99347 14 1.0
97.8 60.74344 14 1.0
97.9 61.49616 14 1.0
98.0 62.25162 14 1.0
98.1 63.00983 14 1.0
98.2 63.77079 14 1.0
98.3 64.53449 14 1.0
98.4 65.30093 14 1.0
98.5 66.07012 14 1.0
98.6 66.84206 14 1.0
98.7 67.61674 14 1.0
98.8 68.39416 14 1.0
98.9 69.17433 14 1.0
99.0 69.95725 14 1.0
99.1 70.74291 14 1.0
99.2 71.53131 14 1.0
99.3 72.32246 14 1.0
99.4 73.11636 14 1.0
99.5 73.913 14 1.0
99.6 74.71238 14 1.0
99.7 75.51451 14 1.0
99.8 76.31939 14 1.0
99.9 77.12701 14 1.0
100.0 77.93738 14 1.0
100.1 76.17311 14 1.0
100.2 74.40994 14 1.0
100.3 72.64785 14 1.0
100.4 70.88684 14 1.0
100.5 69.12692 14 1.0
100.6 67.36809 14 1.0
100.7 65.61034 14 1.0
100.8 63.85368 14 1.0
100.9 62.09811 14 1.0
101.0 60.34362 14 1.0
101.1 58.59022 14 1.0
101.2 56.8379 14 1.0
101.3 55.08668 14 1.0
101.4 53.33653 14 1.0
101.5 51.58748 14 1.0
101.6 49.8395 14 1.0
101.7 48.09262 14 1.0
101.8 46.34682 14 1.0
101.9 44.60211 14 1.0
102.0 42.85848 14 1.0
102.1 41.11594 14 1.0
102.2 39.37449 14 1.0
102.3 37.63412 14 1.0
102.4 35.89484 14 1.0
102.5 34.15664 14 1.0
102.6 33.97617 14 1.0
102.7 34.08586 14 1.0
102.8 34.19555 14 1.0
102.9 34.30524 14 1.0
103.0 34.41493 14 1.0
103.1 34.52462 14 1.0
103.2 34.63431 14 1.0
103.3 34.744 14 1.0
103.4 34.85369 14 1.0
103.5 34.96338 14 1.0
103.6 35.07307 14 1.0
103.7 35.18276 14 1.0
103.8 35.29245 14 1.0
103.9 35.40214 14 1.0
104.0 35.51183 14 1.0
104.1 35.62153 14 1.0
104.2 35.73122 14 1.0
104.3 35.84091 14 1.0
104.4 35.9506 14 1.0
104.5 36.06029 14 1.0
104.6 36.16998 14 1.0
104.7 36.27967 14 1.0
104.8 36.38936 14 1.0
104.9 36.49905 14 1.0
105.0 36.60874 14 1.0
105.1 36.71843 14 1.0
105.2 36.82812 14 1.0
105.3 36.93781 14 1.0
105.4 37.0475 14 1.0
105.5 37.15719 14 1.0
105.6 37.26688 14 1.0
105.7 37.37657 14 1.0
105.8 37.48626 14 1.0
105.9 37.59595 14 1.0
106.0 37.70564 14 1.0
106.1 37.81533 14 1.0
106.2 37.92502 14 1.0
106.3 38.03471 14 1.0
106.4 38.1444 14 1.0
106.5 38.25409 14 1.0
106.6 38.36378 14 1.0
106.7 38.47347 14 1.0
106.8 38.58316 14 1.0
106.9 38.69286 14 1.0
107.0 38.80255 14 1.0
107.1 38.91224 14 1.0
107.2 39.02193 14 1.0
107.3 39.13162 14 1.0
107.4 39.24131 14 1.0
107.5 39.351 14 1.0
107.6 39.46069 14 1.0
107.7 39.57038 14 1.0
107.8 39.68007 14 1.0
107.9 39.78976 14 1.0
108.0 39.89945 14 1.0
108.1 40.00914 14 1.0
108.2 40.11883 14 1.0
108.3 40.22852 14 1.0
108.4 40.33821 14 1.0
108.5 40.4479 14 1.0
108.6 40.55759 14 1.0
108.7 40.66728 14 1.0
108.8 40.77697 14 1.0
108.9 40.88666 14 1.0
109.0 40.99635 14 1.0
109.1 41.10604 14 1.0
109.2 41.21573 14 1.0
109.3 41.32542 14 1.0
109.4 41.43511 14 1.0
109.5 41.5448 14 1.0
109.6 41.65449 14 1.0
109.7 41.76418 14 1.0
109.8 41.87388 14 1.0
109.9 41.98357 14 1.0
110.0 42.09326 14 1.0
110.1 42.13981 14 1.0
110.2 42.18636 14 1.0
110.3 42.23291 14 1.0
110.4 42.27946 14 1.0
110.5 42.32601 14 1.0
110.6 42.37256 14 1.0
110.7 42.41911 14 1.0
110.8 42.46566 14 1.0
110.9 42.51221 14 1.0
111.0 42.55877 14 1.0
111.1 42.60532 14 1.0
111.2 42.65187 14 1.0
111.3 42.69842 14 1.0
111.4 42.74497 14 1.0
111.5 42.79152 14 1.0
111.6 42.83807 14 1.0
111.7 42.88462 14 1.0
111.8 42.93117 14 1.0
111.9 42.97773 14 1.0
112.0 43.02428 14 1.0
112.1 43.07083 14 1.0
112.2 43.11738 14 1.0
112.3 43.16393 14 1.0
112.4 43.21048 14 1.0
112.5 43.25703 14 1.0
112.6 43.30358 14 1.0
112.7 43.35013 14 1.0
112.8 43.39668 14 1.0
112.9 43.44324 14 1.0
113.0 43.48979 14 1.0
113.1 43.53634 14 1.0
113.2 43.58289 14 1.0
113.3 43.62944 14 1.0
113.4 43.67599 14 1.0
113.5 43.72254 14 1.0
113.6 43.76909 14 1.0
113.7 43.81564 14 1.0
113.8 43.86219 14 1.0
113.9 43.90875 14 1.0
114.0 43.9553 14 1.0
114.1 44.00185 14 1.0
114.2 44.0484 14 1.0
114.3 44.09495 14 1.0
114.4 44.1415 14 1.0
114.5 44.18805 14 1.0
114.6 44.2346 14 1.0
114.7 44.28115 14 1.0
114.8 44.3277 14 1.0
114.9 44.37426 14 1.0
115.0 44.42081 14 1.0
115.1 44.46736 14 1.0
115.2 44.51391 14 1.0
115.3 44.56046 14 1.0
115.4 44.60701 14 1.0
115.5 44.65356 14 1.0
115.6 44.70011 14 1.0
115.7 44.74666 14 1.0
115.8 44.79321 14 1.0
115.9 44.83977 14 1.0
116.0 44.88632 14 1.0
116.1 44.93287 14 1.0
116.2 44.97942 14 1.0
116.3 45.02597 14 1.0
116.4 45.07252 14 1.0
116.5 45.11907 14 1.0
116.6 45.16562 14 1.0
116.7 45.21217 14 1.0
116.8 45.25872 14 1.0
116.9 45.30528 14 1.0
117.0 45.35183 14 1.0
117.1 45.39838 14 1.0
117.2 45.44493 14 1.0
117.3 45.49148 14 1.0
117.4 45.53803 14 1.0
117.5 45.58458 14 1.0
117.6 45.63113 14 1.0
117.7 45.67768 14 1.0
117.8 45.72423 14 1.0
117.9 45.77079 14 1.0
118.0 45.81734 14 1.0
118.1 45.86389 14 1.0
118.2 45.91044 14 1.0
118.3 45.95699 14 1.0
118.4 46.00354 14 1.0
118.5 46.05009 14 1.0
118.6 46.09664 14 1.0
118.7 46.14319 14 1.0
118.8 46.18974 14 1.0
118.9 46.2363 14 1.0
119.0 46.28285 14 1.0
119.1 46.3294 14 1.0
119.2 46.37595 14 1.0
119.3 46.4225 14 1.0
119.4 46.46905 14 1.0
119.5 46.5156 14 1.0
119.6 46.56215 14 1.0
119.7 46.6087 14 1.0
119.8 46.65525 14 1.0
119.9 46.70181 14 1.0
120.0 46.74836 14 1.0
120.1 46.78253 14 1.0
120.2 46.81671 14 1.0
120.3 46.85089 14 1.0
120.4 46.88507 14 1.0
120.5 46.91924 14 1.0
120.6 46.95342 14 1.0
120.7 46.9876 14 1.0
120.8 47.02177 14 1.0
120.9 47.05595 14 1.0
121.0 47.09013 14 1.0
121.1 47.12431 14 1.0
121.2 47.15848 14 1.0
121.3 47.19266 14 1.0
121.4 47.22684 14 1.0
121.5 47.26102 14 1.0
121.6 47.29519 14 1.0
121.7 47.32937 14 1.0
121.8 47.36355 14 1.0
121.9 47.39773 14 1.0
122.0 47.4319 14 1.0
122.1 47.46608 14 1.0
122.2 47.50026 14 1.0
122.3 47.53443 14 1.0
122.4 47.56861 14 1.0
122.5 47.60279 14 1.0
122.6 47.63697 14 1.0
122.7 47.67114 14 1.0
122.8 47.70532 14 1.0
122.9 47.7395 14 1.0
123.0 47.77368 14 1.0
123.1 47.80785 14 1.0
123.2 47.84203 14 1.0
123.3 47.87621 14 1.0
123.4 47.91038 14 1.0
123.5 47.94456 14 1.0
123.6 47.97874 14 1.0
123.7 48.01292 14 1.0
123.8 48.04709 14 1.0
123.9 48.08127 14 1.0
124.0 48.11545 14 1.0
124.1 48.14963 14 1.0
124.2 48.1838 14 1.0
124.3 48.21798 14 1.0
124.4 48.25216 14 1.0
124.5 48.28634 14 1.0
124.6 48.32051 14 1.0
124.7 48.35469 14 1.0
124.8 48.38887 14 1.0
124.9 48.42304 14 1.0
125.0 48.45722 14 1.0
125.1 48.4914 14 1.0
125.2 48.52558 14 1.0
125.3 48.55975 14 1.0
125.4 48.59393 14 1.0
125.5 48.62811 14 1.0
125.6 48.66229 14 1.0
125.7 48.69646 14 1.0
125.8 48.73064 14 1.0
125.9 48.76482 14 1.0
126.0 48.79899 14 1.0
126.1 48.83317 14 1.0
126.2 48.86735 14 1.0
126.3 48.90153 14 1.0
126.4 48.9357 14 1.0
126.5 48.96988 14 1.0
126.6 49.00406 14 1.0
126.7 49.03824 14 1.0
126.8 49.07241 14 1.0
126.9 49.10659 14 1.0
127.0 49.14077 14 1.0
127.1 49.17495 14 1.0
127.2 49.20912 14 1.0
127.3 49.2433 14 1.0
127.4 49.27748 14 1.0
127.5 49.31165 14 1.0
127.6 49.34583 14 1.0
127.7 49.38001 14 1.0
127.8 49.41419 14 1.0
127.9 49.44836 14 1.0
128.0 49.48254 14 1.0
128.1 49.51672 14 1.0
128.2 49.5509 14 1.0
128.3 49.58507 14 1.0
128.4 49.61925 14 1.0
128.5 49.65343 14 1.0
128.6 49.6876 14 1.0
128.7 49.72178 14 1.0
128.8 49.75596 14 1.0
128.9 49.79014 14 1.0
129.0 49.82431 14 1.0
129.1 49.85849 14 1.0
129.2 49.89267 14 1.0
129.3 49.92685 14 1.0
129.4 49.96102 14 1.0
129.5 49.9952 14 1.0
129.6 50.02938 14 1.0
129.7 50.06356 14 1.0
129.8 50.09773 14 1.0
129.9 50.13191 14 1.0
130.0 50.16609 14 1.0
130.1 50.20979 14 1.0
130.2 50.2535 14 1.0
130.3 50.29721 14 1.0
130.4 50.34091 14 1.0
130.5 50.38462 14 1.0
130.6 50.42833 14 1.0
130.7 50.47203 14 1.0
130.8 50.51574 14 1.0
130.9 50.55945 14 1.0
131.0 50.60315 14 1.0
131.1 50.64686 14 1.0
131.2 50.69057 14 1.0
131.3 50.73427 14 1.0
131.4 50.77798 14 1.0
131.5 50.82169 14 1.0
131.6 50.86539 14 1.0
131.7 50.9091 14 1.0
131.8 50.95281 14 1.0
131.9 50.99651 14 1.0
132.0 51.04022 14 1.0
132.1 51.08393 14 1.0
132.2 51.12763 14 1.0
132.3 51.17134 14 1.0
132.4 51.21505 14 1.0
132.5 51.25875 14 1.0
132.6 51.30246 14 1.0
132.7 51.34617 14 1.0
132.8 51.38987 14 1.0
132.9 51.43358 14 1.0
133.0 51.47729 14 1.0
133.1 51.52099 14 1.0
133.2 51.5647 14 1.0
133.3 51.60841 14 1.0
133.4 51.65211 14 1.0
133.5 51.69582 14 1.0
133.6 51.73953 14 1.0
133.7 51.78323 14 1.0
133.8 51.82694 14 1.0
133.9 51.87065 14 1.0
134.0 51.91435 14 1.0
134.1 51.95806 14 1.0
134.2 52.00177 14 1.0
134.3 52.04547 14 1.0
134.4 52.08918 14 1.0
134.5 52.13289 14 1.0
134.6 52.17659 14 1.0
134.7 52.2203 14 1.0
134.8 51.85091 14 1.0
134.9 51.22496 14 1.0
135.0 50.59789 14 1.0
135.1 49.96972 14 1.0
135.2 49.34044 14 1.0
135.3 48.71005 14 1.0
135.4 48.07856 14 1.0
135.5 47.44596 14 1.0
135.6 46.81224 14 1.0
135.7 46.17743 14 1.0
135.8 45.5415 14 1.0
135.9 44.90446 14 1.0
136.0 44.26632 14 1.0
136.1 43.62707 14 1.0
136.2 42.98671 14 1.0
136.3 42.34524 14 1.0
136.4 41.70267 14 1.0
136.5 41.05899 14 1.0
136.6 40.4142 14 1.0
136.7 39.7683 14 1.0
136.8 39.12129 14 1.0
136.9 38.47318 14 1.0
137.0 37.82395 14 1.0
137.1 37.17362 14 1.0
137.2 36.52219 14 1.0
137.3 35.86964 14 1.0
137.4 35.21599 14 1.0
137.5 34.56122 14 1.0
137.6 33.90535 14 1.0
137.7 33.24838 14 1.0
137.8 32.59029 14 1.0
137.9 31.9311 14 1.0
138.0 31.2708 14 1.0
138.1 30.60939 14 1.0
138.2 29.94687 14 1.0
138.3 29.28324 14 1.0
138.4 28.61851 14 1.0
138.5 27.95267 14 1.0
138.6 27.28572 14 1.0
138.7 26.61766 14 1.0
138.8 25.9485 14 1.0
138.9 25.27822 14 1.0
139.0 24.60684 14 1.0
139.1 23.93435 14 1.0
139.2 23.26076 14 1.0
139.3 22.58605 14 1.0
139.4 21.91024 14 1.0
139.5 21.23332 14 1.0
139.6 20.55529 14 1.0
139.7 19.87615 14 1.0
139.8 19.19591 14 1.0
139.9 18.51456 14 1.0
140.0 17.8321 14 1.0
140.1 19.24475 14 1.0
140.2 20.65421 14 1.0
140.3 22.06048 14 1.0
140.4 23.46355 14 1.0
140.5 24.86344 14 1.0
140.6 26.26013 14 1.0
140.7 27.65363 14 1.0
140.8 29.04394 14 1.0
140.9 30.43106 14 1.0
141.0 31.81499 14 1.0
141.1 33.19573 14 1.0
141.2 34.57327 14 1.0
141.3 35.94763 14 1.0
141.4 37.31879 14 1.0
141.5 38.68676 14 1.0
141.6 40.05154 14 1.0
141.7 41.41313 14 1.0
141.8 42.77153 14 1.0
141.9 44.12674 14 1.0
142.0 45.47875 14 1.0
142.1 46.82758 14 1.0
142.2 48.17321 14 1.0
142.3 49.51565 14 1.0
142.4 50.8549 14 1.0
142.5 52.19096 14 1.0
142.6 52.94518 14 1.0
142.7 52.88396 14 1.0
142.8 52.82275 14 1.0
142.9 52.76153 14 1.0
143.0 52.70032 14 1.0
143.1 52.6391 14 1.0
143.2 52.57789 14 1.0
143.3 52.51668 14 1.0
143.4 52.45546 14 1.0
143.5 52.39425 14 1.0
143.6 52.33303 14 1.0
143.7 52.27182 14 1.0
143.8 52.2106 14 1.0
143.9 52.14939 14 1.0
144.0 52.08818 14 1.0
144.1 52.02696 14 1.0
144.2 51.96575 14 1.0
144.3 51.90453 14 1.0
144.4 51.84332 14 1.0
144.5 51.7821 14 1.0
144.6 51.72089 14 1.0
144.7 51.65968 14 1.0
144.8 51.59846 14 1.0
144.9 51.53725 14 1.0
145.0 51.47603 14 1.0
145.1 51.41482 14 1.0
145.2 51.3536 14 1.0
145.3 51.29239 14 1.0
145.4 51.23118 14 1.0
145.5 51.16996 14 1.0
145.6 51.10875 14 1.0
145.7 51.04753 14 1.0
145.8 50.98632 14 1.0
145.9 50.9251 14 1.0
146.0 50.86389 14 1.0
146.1 50.80267 14 1.0
146.2 50.74146 14 1.0
146.3 50.68025 14 1.0
146.4 50.61903 14 1.0
146.5 50.55782 14 1.0
146.6 50.4966 14 1.0
146.7 50.43539 14 1.0
146.8 50.37417 14 1.0
146.9 50.31296 14 1.0
147.0 50.25175 14 1.0
147.1 50.19053 14 1.0
147.2 50.12932 14 1.0
147.3 50.0681 14 1.0
147.4 50.00689 14 1.0
147.5 49.94567 14 1.0
147.6 49.88446 14 1.0
147.7 49.82325 14 1.0
147.8 49.76203 14 1.0
147.9 49.70082 14 1.0
148.0 49.6396 14 1.0
148.1 49.57839 14 1.0
148.2 49.51717 14 1.0
148.3 49.45596 14 1.0
148.4 49.39475 14 1.0
148.5 49.33353 14 1.0
148.6 49.27232 14 1.0
148.7 49.2111 14 1.0
148.8 49.14989 14 1.0
148.9 49.08867 14 1.0
149.0 49.02746 14 1.0
149.1 48.97141 14 1.0
149.2 48.93736 14 1.0
149.3 48.90319 14 1.0
149.4 48.86903 14 1.0
149.5 48.83488 14 1.0
149.6 48.80072 14 1.0
149.7 48.76654 14 1.0
149.8 48.73243 14 1.0
149.9 48.69827 14 1.0
150.0 48.66412 14 1.0
150.1 48.72605 14 1.0
150.2 48.78797 14 1.0
150.3 48.84989 14 1.0
150.4 48.91181 14 1.0
150.5 48.97373 14 1.0
150.6 49.03566 14 1.0
150.7 49.09758 14 1.0
150.8 49.1595 14 1.0
150.9 49.22141 14 1.0
151.0 49.28334 14 1.0
151.1 49.34526 14 1.0
151.2 49.40718 14 1.0
151.3 49.4691 14 1.0
151.4 49.53102 14 1.0
151.5 49.59294 14 1.0
151.6 49.65486 14 1.0
151.7 49.71678 14 1.0
151.8 49.7787 14 1.0
151.9 49.84062 14 1.0
152.0 49.90254 14 1.0
152.1 49.96447 14 1.0
152.2 50.02639 14 1.0
152.3 50.08831 14 1.0
152.4 50.15023 14 1.0
152.5 50.21215 14 1.0
152.6 50.27407 14 1.0
152.7 50.33599 14 1.0
152.8 50.39791 14 1.0
152.9 50.45983 14 1.0
153.0 50.52176 14 1.0
153.1 50.58368 14 1.0
153.2 50.6456 14 1.0
153.3 50.70752 14 1.0
153.4 50.76944 14 1.0
153.5 50.83136 14 1.0
153.6 50.89328 14 1.0
153.7 50.9552 14 1.0
153.8 51.01712 14 1.0
153.9 51.07904 14 1.0
154.0 51.14096 14 1.0
154.1 51.20289 14 1.0
154.2 51.26481 14 1.0
154.3 51.32673 14 1.0
154.4 51.38865 14 1.0
154.5 51.45057 14 1.0
154.6 51.51249 14 1.0
154.7 51.57441 14 1.0
154.8 51.63633 14 1.0
154.9 51.69839 14 1.0
155.0 51.76539 14 1.0
155.1 51.8324 14 1.0
155.2 51.8994 14 1.0
155.3 51.9664 14 1.0
155.4 52.0334 14 1.0
155.5 52.1004 14 1.0
155.6 52.1674 14 1.0
155.7 52.23441 14 1.0
155.8 52.30141 14 1.0
155.9 52.36841 14 1.0
156.0 52.43541 14 1.0
156.1 52.50241 14 1.0
156.2 52.56941 14 1.0
156.3 52.63641 14 1.0
156.4 52.70342 14 1.0
156.5 52.77042 14 1.0
156.6 52.83742 14 1.0
156.7 52.90442 14 1.0
156.8 52.97142 14 1.0
156.9 53.03842 14 1.0
157.0 53.10543 14 1.0
157.1 53.17243 14 1.0
157.2 53.23943 14 1.0
157.3 53.30643 14 1.0
157.4 53.37343 14 1.0
157.5 53.44043 14 1.0
157.6 53.50744 14 1.0
157.7 53.57444 14 1.0
157.8 53.64144 14 1.0
157.9 53.70844 14 1.0
158.0 53.77544 14 1.0
158.1 53.84244 14 1.0
158.2 53.90944 14 1.0
158.3 53.97645 14 1.0
158.4 54.04345 14 1.0
158.5 54.11045 14 1.0
158.6 54.17745 14 1.0
158.7 54.24445 14 1.0
158.8 54.31145 14 1.0
158.9 54.37846 14 1.0
159.0 54.44546 14 1.0
159.1 54.40432 14 1.0
159.2 53.29592 14 1.0
159.3 52.18465 14 1.0
159.4 51.07053 14 1.0
159.5 49.95355 14 1.0
159.6 48.8337 14 1.0
159.7 47.711 14 1.0
159.8 46.58544 14 1.0
159.9 45.45702 14 1.0
160.0 44.32574 14 1.0
160.1 43.1916 14 1.0
160.2 42.0546 14 1.0
160.3 40.91474 14 1.0
160.4 39.77202 14 1.0
160.5 38.62645 14 1.0
160.6 37.47801 14 1.0
160.7 36.32672 14 1.0
160.8 35.17256 14 1.0
160.9 34.01555 14 1.0
161.0 32.85567 14 1.0
161.1 31.69294 14 1.0
161.2 30.52735 14 1.0
161.3 29.3589 14 1.0
161.4 28.18759 14 1.0
161.5 27.01342 14 1.0
161.6 25.83639 14 1.0
161.7 24.6565 14 1.0
161.8 23.47375 14 1.0
161.9 22.28814 14 1.0
162.0 21.09968 14 1.0
162.1 19.90835 14 1.0
162.2 18.71416 14 1.0
162.3 17.51712 14 1.0
162.4 16.31722 14 1.0
162.5 15.11445 14 1.0
162.6 13.90883 14 1.0
162.7 12.70035 14 1.0
162.8 11.48901 14 1.0
162.9 10.2748 14 1.0
163.0 9.057745 14 1.0
163.1 7.837825 14 1.0
163.2 6.615046 14 1.0
163.3 5.389408 14 1.0
163.4 4.160911 14 1.0
163.5 0.0 15 0.0
163.6 0.0 15 0.0
163.7 0.0 15 0.0
163.8 0.0 15 0.0
163.9 0.0 15 0.0
164.0 0.0 15 0.0
164.1 0.0 15 0.0
164.2 0.0 15 0.0
164.3 0.0 15 0.0
164.4 0.0 15 0.0
164.5 0.0 15 0.0
164.6 0.0 15 0.0
164.7 0.0 15 0.0
164.8 0.0 15 0.0
164.9 0.0 15 0.0
165.0 0.0 15 0.0
165.1 0.0 15 0.0
165.2 0.0 15 0.0
165.3 0.0 15 0.0
165.4 0.0 15 0.0
165.5 0.0 15 0.0
165.6 0.0 15 0.0
165.7 0.0 15 0.0
165.8 0.0 15 0.0
165.9 0.0 15 0.0
166.0 0.0 15 0.0
166.1 0.0 15 0.0
166.2 0.0 15 0.0
166.3 0.0 15 0.0
166.4 0.0 15 0.0
166.5 0.0 15 0.0
166.6 0.0 15 0.0
166.7 0.0 15 0.0
166.8 0.0 15 0.0
166.9 0.0 15 0.0
167.0 0.0 15 0.0
167.1 0.0 15 0.0
167.2 0.0 15 0.0
167.3 0.0 15 0.0
167.4 0.0 15 0.0
167.5 0.0 15 0.0
167.6 0.0 15 0.0
167.7 0.0 15 0.0
167.8 0.0 15 0.0
167.9 0.0 15 0.0
168.0 0.0 15 0.0
168.1 0.0 15 0.0
168.2 0.0 15 0.0
168.3 0.0 15 0.0
168.4 0.0 15 0.0
168.5 0.0 15 0.0
168.6 0.0 15 0.0
168.7 0.0 15 0.0
168.8 0.0 15 0.0
168.9 0.0 15 0.0
169.0 0.0 15 0.0
169.1 0.0 15 0.0
169.2 0.0 15 0.0
169.3 0.0 15 0.0
169.4 0.0 15 0.0
169.5 0.0 15 0.0
169.6 0.0 15 0.0
169.7 0.0 15 0.0
169.8 0.0 15 0.0
169.9 0.0 15 0.0
170.0 0.0 15 0.0
170.1 0.0 15 0.0
170.2 0.0 15 0.0
170.3 0.0 15 0.0
170.4 0.0 15 0.0
170.5 0.0 15 0.0
170.6 0.0 15 0.0
170.7 0.0 15 0.0
170.8 0.0 15 0.0
170.9 0.0 15 0.0
171.0 0.0 15 0.0
171.1 0.0 15 0.0
171.2 0.0 15 0.0
171.3 0.0 15 0.0
171.4 0.0 15 0.0
171.5 0.0 15 0.0
171.6 0.0 15 0.0
171.7 0.0 15 0.0
171.8 0.0 15 0.0
171.9 0.0 15 0.0
172.0 0.0 15 0.0
172.1 0.0 15 0.0
172.2 0.0 15 0.0
172.3 0.0 15 0.0
172.4 0.0 15 0.0
172.5 0.0 15 0.0
172.6 0.0 15 0.0
172.7 0.0 15 0.0
172.8 0.0 15 0.0
172.9 0.0 15 0.0
173.0 0.0 15 0.0
173.1 0.0 15 0.0
173.2 0.0 15 0.0
173.3 0.0 15 0.0
173.4 0.0 15 0.0
173.5 0.0 15 0.0
173.6 0.0 15 0.0
173.7 0.0 15 0.0
173.8 0.0 15 0.0
173.9 0.0 15 0.0
174.0 0.0 15 0.0
174.1 0.0 15 0.0
174.2 0.0 15 0.0
174.3 0.0 15 0.0
174.4 0.0 15 0.0
174.5 0.0 15 0.0
174.6 0.0 15 0.0
174.7 0.0 15 0.0
174.8 0.0 15 0.0
174.9 0.0 15 0.0
175.0 0.0 15 0.0
175.1 0.0 15 0.0
175.2 0.0 15 0.0
175.3 0.0 15 0.0
175.4 0.0 15 0.0
175.5 0.0 15 0.0
175.6 0.0 15 0.0
175.7 0.0 15 0.0
175.8 0.0 15 0.0
175.9 0.0 15 0.0
176.0 0.0 15 0.0
176.1 0.0 15 0.0
176.2 0.0 15 0.0
176.3 0.0 15 0.0
176.4 0.0 15 0.0
176.5 0.0 15 0.0
176.6 0.0 15 0.0
176.7 0.0 15 0.0
176.8 0.0 15 0.0
176.9 0.0 15 0.0
177.0 0.0 15 0.0
177.1 0.0 15 0.0
177.2 0.0 15 0.0
177.3 0.0 15 0.0
177.4 0.0 15 0.0
177.5 0.0 15 0.0
177.6 0.0 15 0.0
177.7 0.0 15 0.0
177.8 0.0 15 0.0
177.9 0.0 15 0.0
178.0 0.0 15 0.0
178.1 0.0 15 0.0
178.2 0.0 15 0.0
178.3 0.0 15 0.0
178.4 0.0 15 0.0
178.5 0.0 15 0.0
178.6 0.0 15 0.0
178.7 0.0 15 0.0
178.8 0.0 15 0.0
178.9 0.0 15 0.0
179.0 0.0 15 0.0
179.1 0.0 15 0.0
179.2 0.0 15 0.0
179.3 0.0 15 0.0
179.4 0.0 15 0.0
179.5 0.0 15 0.0
179.6 0.0 15 0.0
179.7 0.0 15 0.0
179.8 0.0 15 0.0
179.9 0.0 15 0.0
180.0 0.0 15 0.0
180.1 0.0 15 0.0
180.2 0.0 15 0.0
180.3 0.0 15 0.0
180.4 0.0 15 0.0
180.5 0.0 15 0.0
180.6 0.0 15 0.0
180.7 0.0 15 0.0
180.8 0.0 15 0.0
180.9 0.0 15 0.0
181.0 0.0 15 0.0
181.1 0.0 15 0.0
181.2 0.0 15 0.0
181.3 0.0 15 0.0
181.4 0.0 15 0.0
181.5 0.0 15 0.0
181.6 0.0 15 0.0
181.7 0.0 15 0.0
181.8 0.0 15 0.0
181.9 0.0 15 0.0
182.0 0.0 15 0.0
182.1 0.0 15 0.0
182.2 0.0 15 0.0
182.3 0.0 15 0.0
182.4 0.0 15 0.0
182.5 0.0 15 0.0
182.6 0.0 15 0.0
182.7 0.0 15 0.0
182.8 0.0 15 0.0
182.9 0.0 15 0.0
183.0 0.0 15 0.0
183.1 0.0 15 0.0
183.2 0.0 15 0.0
183.3 0.0 15 0.0
183.4 0.0 15 0.0
183.5 0.0 15 0.0
183.6 0.0 15 0.0
183.7 0.0 15 0.0
183.8 0.0 15 0.0
183.9 0.0 15 0.0
184.0 0.0 15 0.0
184.1 0.0 15 0.0
184.2 0.0 15 0.0
184.3 0.0 15 0.0
184.4 0.0 15 0.0
184.5 0.0 15 0.0
184.6 0.0 15 0.0
184.7 0.0 15 0.0
184.8 0.0 15 0.0
184.9 0.0 15 0.0
185.0 0.0 15 0.0
185.1 0.0 15 0.0
185.2 0.0 15 0.0
185.3 0.0 15 0.0
185.4 0.0 15 0.0
185.5 0.0 15 0.0
185.6 0.0 15 0.0
185.7 0.0 15 0.0
185.8 0.0 15 0.0
185.9 0.0 15 0.0
186.0 0.0 15 0.0
186.1 0.0 15 0.0
186.2 0.0 15 0.0
186.3 0.0 15 0.0
186.4 0.0 15 0.0
186.5 0.0 15 0.0
186.6 0.0 15 0.0
186.7 0.0 15 0.0
186.8 0.0 15 0.0
186.9 0.0 15 0.0
187.0 0.0 15 0.0
187.1 0.0 15 0.0
187.2 0.0 15 0.0
187.3 0.0 15 0.0
187.4 0.0 15 0.0
187.5 0.0 15 0.0
187.6 0.0 15 0.0
187.7 0.0 15 0.0
187.8 0.0 15 0.0
187.9 0.0 15 0.0
188.0 0.0 15 0.0
188.1 0.0 15 0.0
188.2 0.0 15 0.0
188.3 0.0 15 0.0
188.4 0.0 15 0.0
188.5 0.0 15 0.0
188.6 0.0 15 0.0
188.7 0.0 15 0.0
188.8 0.0 15 0.0
188.9 0.0 15 0.0
189.0 0.0 15 0.0
189.1 0.0 15 0.0
189.2 0.0 15 0.0
189.3 0.0 15 0.0
189.4 0.0 15 0.0
189.5 0.0 15 0.0
189.6 0.0 15 0.0
189.7 0.0 15 0.0
189.8 0.0 15 0.0
189.9 0.0 15 0.0
190.0 0.0 15 0.0
190.1 0.0 15 0.0
190.2 0.0 15 0.0
190.3 0.0 15 0.0
190.4 0.0 15 0.0
190.5 0.0 15 0.0
190.6 0.0 15 0.0
190.7 0.0 15 0.0
190.8 0.0 15 0.0
190.9 0.0 15 0.0
191.0 0.0 15 0.0
191.1 0.0 15 0.0
191.2 0.0 15 0.0
191.3 0.0 15 0.0
191.4 0.0 15 0.0
191.5 0.0 15 0.0
191.6 0.0 15 0.0
191.7 0.0 15 0.0
191.8 0.0 15 0.0
191.9 0.0 15 0.0
192.0 0.0 15 0.0
192.1 0.0 15 0.0
192.2 0.0 15 0.0
192.3 0.0 15 0.0
192.4 0.0 15 0.0
192.5 0.0 15 0.0
192.6 0.0 15 0.0
192.7 0.0 15 0.0
192.8 0.0 15 0.0
192.9 0.0 15 0.0
193.0 0.0 15 0.0
193.1 0.0 15 0.0
193.2 0.0 15 0.0
193.3 0.0 15 0.0
193.4 0.0 15 0.0
193.5 0.0 15 0.0
193.6 0.0 15 0.0
193.7 0.0 15 0.0
193.8 0.0 15 0.0
193.9 0.0 15 0.0
194.0 0.0 15 0.0
194.1 0.0 15 0.0
194.2 0.0 15 0.0
194.3 0.0 15 0.0
194.4 0.0 15 0.0
194.5 0.0 15 0.0
194.6 0.0 15 0.0
194.7 0.0 15 0.0
194.8 0.0 15 0.0
194.9 0.0 15 0.0
195.0 0.0 15 0.0
195.1 0.0 15 0.0
195.2 0.0 15 0.0
195.3 0.0 15 0.0
195.4 0.0 15 0.0
195.5 0.0 15 0.0
195.6 0.0 15 0.0
195.7 0.0 15 0.0
195.8 0.0 15 0.0
195.9 0.0 15 0.0
196.0 0.0 15 0.0
196.1 0.0 15 0.0
196.2 0.0 15 0.0
196.3 0.0 15 0.0
196.4 0.0 15 0.0
196.5 0.0 15 0.0
196.6 0.0 15 0.0
196.7 0.0 15 0.0
196.8 0.0 15 0.0
196.9 0.0 15 0.0
197.0 0.0 15 0.0
197.1 0.0 15 0.0
197.2 0.0 15 0.0
197.3 0.0 15 0.0
197.4 0.0 15 0.0
197.5 0.0 15 0.0
197.6 0.0 15 0.0
197.7 0.0 15 0.0
197.8 0.0 15 0.0
197.9 0.0 15 0.0
198.0 0.0 15 0.0
198.1 0.0 15 0.0
198.2 0.0 15 0.0
198.3 0.0 15 0.0
198.4 0.0 15 0.0
198.5 0.0 15 0.0
198.6 0.0 15 0.0
198.7 0.0 15 0.0
198.8 0.0 15 0.0
198.9 0.0 15 0.0
199.0 0.0 15 0.0
199.1 0.0 15 0.0
199.2 0.0 15 0.0
199.3 0.0 15 0.0
199.4 0.0 15 0.0
199.5 0.0 15 0.0
199.6 0.0 15 0.0
199.7 0.0 15 0.0
199.8 0.0 15 0.0
199.9 0.0 15 0.0
200.0 0.0 15 0.0
200.1 0.0 15 0.0
200.2 0.0 15 0.0
200.3 0.0 15 0.0
200.4 0.0 15 0.0
200.5 0.0 15 0.0
200.6 0.0 15 0.0
200.7 0.0 15 0.0
200.8 0.0 15 0.0
200.9 0.0 15 0.0
201.0 0.0 15 0.0
201.1 0.0 15 0.0
201.2 0.0 15 0.0
201.3 0.0 15 0.0
201.4 0.0 15 0.0
201.5 0.0 15 0.0
201.6 0.0 15 0.0
201.7 0.0 15 0.0
201.8 0.0 15 0.0
201.9 0.0 15 0.0
202.0 0.0 15 0.0
202.1 0.0 15 0.0
202.2 0.0 15 0.0
202.3 0.0 15 0.0
202.4 0.0 15 0.0
202.5 0.0 15 0.0
202.6 0.0 15 0.0
202.7 0.0 15 0.0
202.8 0.0 15 0.0
202.9 0.0 15 0.0
203.0 0.0 15 0.0
203.1 0.0 15 0.0
203.2 0.0 15 0.0
203.3 0.0 15 0.0
203.4 0.0 15 0.0
203.5 0.0 15 0.0
203.6 0.0 15 0.0
203.7 0.0 15 0.0
203.8 0.0 15 0.0
203.9 0.0 15 0.0
204.0 0.0 15 0.0
204.1 0.0 15 0.0
204.2 0.0 15 0.0
204.3 0.0 15 0.0
204.4 0.0 15 0.0
204.5 0.0 15 0.0
204.6 0.0 15 0.0
204.7 0.0 15 0.0
204.8 0.0 15 0.0
204.9 0.0 15 0.0
205.0 0.0 15 0.0
205.1 0.0 15 0.0
205.2 0.0 15 0.0
205.3 0.0 15 0.0
205.4 0.0 15 0.0
205.5 0.0 15 0.0
205.6 0.0 15 0.0
205.7 0.0 15 0.0
205.8 0.0 15 0.0
205.9 0.0 15 0.0
206.0 0.0 15 0.0
206.1 0.0 15 0.0
206.2 0.0 15 0.0
206.3 0.0 15 0.0
206.4 0.0 15 0.0
206.5 0.0 15 0.0
206.6 0.0 15 0.0
206.7 0.0 15 0.0
206.8 0.0 15 0.0
206.9 0.0 15 0.0
207.0 0.0 15 0.0
207.1 0.0 15 0.0
207.2 0.0 15 0.0
207.3 0.0 15 0.0
207.4 0.0 15 0.0
207.5 0.0 15 0.0
207.6 0.0 15 0.0
207.7 0.0 15 0.0
207.8 0.0 15 0.0
207.9 0.0 15 0.0
208.0 0.0 15 0.0
208.1 0.0 15 0.0
208.2 0.0 15 0.0
208.3 0.0 15 0.0
208.4 0.0 15 0.0
208.5 0.0 15 0.0
208.6 0.0 15 0.0
208.7 0.0 15 0.0
208.8 0.0 15 0.0
208.9 0.0 15 0.0
209.0 0.0 15 0.0
209.1 0.0 15 0.0
209.2 0.0 15 0.0
209.3 0.0 15 0.0
209.4 0.0 15 0.0
209.5 0.0 15 0.0
209.6 0.0 15 0.0
209.7 0.0 15 0.0
209.8 0.0 15 0.0
209.9 0.0 15 0.0
210.0 0.0 15 0.0
210.1 0.0 15 0.0
210.2 0.0 15 0.0
210.3 0.0 15 0.0
210.4 0.0 15 0.0
210.5 0.0 15 0.0
210.6 0.0 15 0.0
210.7 0.0 15 0.0
210.8 0.0 15 0.0
210.9 0.0 15 0.0
211.0 0.0 15 0.0
211.1 0.0 15 0.0
211.2 0.0 15 0.0
211.3 0.0 15 0.0
211.4 0.0 15 0.0
211.5 0.0 15 0.0
211.6 0.0 15 0.0
211.7 0.0 15 0.0
211.8 0.0 15 0.0
211.9 0.0 15 0.0
212.0 0.0 15 0.0
212.1 0.0 15 0.0
212.2 0.0 15 0.0
212.3 0.0 15 0.0
212.4 0.0 15 0.0
212.5 0.0 15 0.0
212.6 0.0 15 0.0
212.7 0.0 15 0.0
212.8 0.0 15 0.0
212.9 0.0 15 0.0
213.0 0.0 15 0.0
213.1 0.0 15 0.0
213.2 0.0 15 0.0
213.3 0.0 15 0.0
213.4 0.0 15 0.0
213.5 0.0 15 0.0
213.6 0.0 15 0.0
213.7 0.0 15 0.0
213.8 0.0 15 0.0
213.9 0.0 15 0.0
214.0 0.0 15 0.0
214.1 0.0 15 0.0
214.2 0.0 15 0.0
214.3 0.0 15 0.0
214.4 0.0 15 0.0
214.5 0.0 15 0.0
214.6 0.0 15 0.0
214.7 0.0 15 0.0
214.8 0.0 15 0.0
214.9 0.0 15 0.0
215.0 0.0 15 0.0
215.1 0.0 15 0.0
215.2 0.0 15 0.0
215.3 0.0 15 0.0
215.4 0.0 15 0.0
215.5 0.0 15 0.0
215.6 0.0 15 0.0
215.7 0.0 15 0.0
215.8 0.0 15 0.0
215.9 0.0 15 0.0
216.0 0.0 15 0.0
216.1 0.0 15 0.0
216.2 0.0 15 0.0
216.3 0.0 15 0.0
216.4 0.0 15 0.0
216.5 0.0 15 0.0
216.6 0.0 15 0.0
216.7 0.0 15 0.0
216.8 0.0 15 0.0
216.9 0.0 15 0.0
217.0 0.0 15 0.0
217.1 0.0 15 0.0
217.2 0.0 15 0.0
217.3 0.0 15 0.0
217.4 0.0 15 0.0
217.5 0.0 15 0.0
217.6 0.0 15 0.0
217.7 0.0 15 0.0
217.8 0.0 15 0.0
217.9 0.0 15 0.0
218.0 0.0 15 0.0
218.1 0.0 15 0.0
218.2 0.0 15 0.0
218.3 0.0 15 0.0
218.4 0.0 15 0.0
218.5 0.0 15 0.0
218.6 0.0 15 0.0
218.7 0.0 15 0.0
218.8 0.0 15 0.0
218.9 0.0 15 0.0
219.0 0.0 15 0.0
219.1 0.0 15 0.0
219.2 0.0 15 0.0
219.3 0.0 15 0.0
219.4 0.0 15 0.0
219.5 0.0 15 0.0
219.6 0.0 15 0.0
219.7 0.0 15 0.0
219.8 0.0 15 0.0
219.9 0.0 15 0.0
220.0 0.0 15 0.0
220.1 0.0 15 0.0
220.2 0.0 15 0.0
220.3 0.0 15 0.0
220.4 0.0 15 0.0
220.5 0.0 15 0.0
220.6 0.0 15 0.0
220.7 0.0 15 0.0
220.8 0.0 15 0.0
220.9 0.0 15 0.0
221.0 0.0 15 0.0
221.1 0.0 15 0.0
221.2 0.0 15 0.0
221.3 0.0 15 0.0
221.4 0.0 15 0.0
221.5 0.0 15 0.0
221.6 0.0 15 0.0
221.7 0.0 15 0.0
221.8 0.0 15 0.0
221.9 0.0 15 0.0
222.0 0.0 15 0.0
222.1 0.0 15 0.0
222.2 0.0 15 0.0
222.3 0.0 15 0.0
222.4 0.0 15 0.0
222.5 0.0 15 0.0
222.6 0.0 15 0.0
222.7 0.0 15 0.0
222.8 0.0 15 0.0
222.9 0.0 15 0.0
223.0 0.0 15 0.0
223.1 0.0 15 0.0
223.2 0.0 15 0.0
223.3 0.0 15 0.0
223.4 0.0 15 0.0
223.5 0.0 15 0.0
223.6 0.0 15 0.0
223.7 0.0 15 0.0
223.8 0.0 15 0.0
223.9 0.0 15 0.0
224.0 0.0 15 0.0
224.1 0.0 15 0.0
224.2 0.0 15 0.0
224.3 0.0 15 0.0
224.4 0.0 15 0.0
224.5 0.0 15 0.0
224.6 0.0 15 0.0
224.7 0.0 15 0.0
224.8 0.0 15 0.0
224.9 0.0 15 0.0
225.0 0.0 15 0.0
225.1 0.0 15 0.0
225.2 0.0 15 0.0
225.3 0.0 15 0.0
225.4 0.0 15 0.0
225.5 0.0 15 0.0
225.6 0.0 15 0.0
225.7 0.0 15 0.0
225.8 0.0 15 0.0
225.9 0.0 15 0.0
226.0 0.0 15 0.0
226.1 0.0 15 0.0
226.2 0.0 15 0.0
226.3 0.0 15 0.0
226.4 0.0 15 0.0
226.5 0.0 15 0.0
226.6 0.0 15 0.0
226.7 0.0 15 0.0
226.8 0.0 15 0.0
226.9 0.0 15 0.0
227.0 0.0 15 0.0
227.1 0.0 15 0.0
227.2 0.0 15 0.0
227.3 0.0 15 0.0
227.4 0.0 15 0.0
227.5 0.0 15 0.0
227.6 0.0 15 0.0
227.7 0.0 15 0.0
227.8 0.0 15 0.0
227.9 0.0 15 0.0
228.0 0.0 15 0.0
228.1 0.0 15 0.0
228.2 0.0 15 0.0
228.3 0.0 15 0.0
228.4 0.0 15 0.0
228.5 0.0 15 0.0
228.6 0.0 15 0.0
228.7 0.0 15 0.0
228.8 0.0 15 0.0
228.9 0.0 15 0.0
229.0 0.0 15 0.0
229.1 0.0 15 0.0
229.2 0.0 15 0.0
229.3 0.0 15 0.0
229.4 0.0 15 0.0
229.5 0.0 15 0.0
229.6 0.0 15 0.0
229.7 0.0 15 0.0
229.8 0.0 15 0.0
229.9 0.0 15 0.0
230.0 0.0 15 0.0
230.1 0.0 15 0.0
230.2 0.0 15 0.0
230.3 0.0 15 0.0
230.4 0.0 15 0.0
230.5 0.0 15 0.0
230.6 0.0 15 0.0
230.7 0.0 15 0.0
230.8 0.0 15 0.0
230.9 0.0 15 0.0
231.0 0.0 15 0.0
231.1 0.0 15 0.0
231.2 0.0 15 0.0
231.3 0.0 15 0.0
231.4 0.0 15 0.0
231.5 0.0 15 0.0
231.6 0.0 15 0.0
231.7 0.0 15 0.0
231.8 0.0 15 0.0
231.9 0.0 15 0.0
232.0 0.0 15 0.0
232.1 0.0 15 0.0
232.2 0.0 15 0.0
232.3 0.0 15 0.0
232.4 0.0 15 0.0
232.5 0.0 15 0.0
232.6 0.0 15 0.0
232.7 0.0 15 0.0
232.8 0.0 15 0.0
232.9 0.0 15 0.0
233.0 0.0 15 0.0
233.1 0.0 15 0.0
233.2 0.0 15 0.0
233.3 0.0 15 0.0
233.4 0.0 15 0.0
233.5 0.0 15 0.0
233.6 0.0 15 0.0
233.7 0.0 15 0.0
233.8 0.0 15 0.0
233.9 0.0 15 0.0
234.0 0.0 15 0.0
234.1 0.0 15 0.0
234.2 0.0 15 0.0
234.3 0.0 15 0.0
234.4 0.0 15 0.0
234.5 0.0 15 0.0
234.6 0.0 15 0.0
234.7 0.0 15 0.0
234.8 0.0 15 0.0
234.9 0.0 15 0.0
235.0 0.0 15 0.0
235.1 0.0 15 0.0
235.2 0.0 15 0.0
235.3 0.0 15 0.0
235.4 0.0 15 0.0
235.5 0.0 15 0.0
235.6 0.0 15 0.0
235.7 0.0 15 0.0
235.8 0.0 15 0.0
235.9 0.0 15 0.0
236.0 0.0 15 0.0
236.1 0.0 15 0.0
236.2 0.0 15 0.0
236.3 0.0 15 0.0
236.4 0.0 15 0.0
236.5 0.0 15 0.0
236.6 0.0 15 0.0
236.7 0.0 15 0.0
236.8 0.0 15 0.0
236.9 0.0 15 0.0
237.0 0.0 15 0.0
237.1 0.0 15 0.0
237.2 0.0 15 0.0
237.3 0.0 15 0.0
237.4 0.0 15 0.0
237.5 0.0 15 0.0
237.6 0.0 15 0.0
237.7 0.0 15 0.0
237.8 0.0 15 0.0
237.9 0.0 15 0.0
238.0 0.0 15 0.0
238.1 0.0 15 0.0
238.2 0.0 15 0.0
238.3 0.0 15 0.0
238.4 0.0 15 0.0
238.5 0.0 15 0.0
238.6 0.0 15 0.0
238.7 0.0 15 0.0
238.8 0.0 15 0.0
238.9 0.0 15 0.0
239.0 0.0 15 0.0
239.1 0.0 15 0.0
239.2 0.0 15 0.0
239.3 0.0 15 0.0
239.4 0.0 15 0.0
239.5 0.0 15 0.0
239.6 0.0 15 0.0
239.7 0.0 15 0.0
239.8 0.0 15 0.0
239.9 0.0 15 0.0
240.0 0.0 15 0.0
240.1 0.0 15 0.0
240.2 0.0 15 0.0
240.3 0.0 15 0.0
240.4 0.0 15 0.0
240.5 0.0 15 0.0
240.6 0.0 15 0.0
240.7 0.0 15 0.0
240.8 0.0 15 0.0
240.9 0.0 15 0.0
241.0 0.0 15 0.0
241.1 0.0 15 0.0
241.2 0.0 15 0.0
241.3 0.0 15 0.0
241.4 0.0 15 0.0
241.5 0.0 15 0.0
241.6 0.0 15 0.0
241.7 0.0 15 0.0
241.8 0.0 15 0.0
241.9 0.0 15 0.0
242.0 0.0 15 0.0
242.1 0.0 15 0.0
242.2 0.0 15 0.0
242.3 0.0 15 0.0
242.4 0.0 15 0.0
242.5 0.0 15 0.0
242.6 0.0 15 0.0
242.7 0.0 15 0.0
242.8 0.0 15 0.0
242.9 0.0 15 0.0
243.0 0.0 15 0.0
243.1 0.0 15 0.0
243.2 0.0 15 0.0
243.3 0.0 15 0.0
243.4 0.0 15 0.0
243.5 0.0 15 0.0
243.6 0.0 15 0.0
243.7 0.0 15 0.0
243.8 0.0 15 0.0
243.9 0.0 15 0.0
244.0 0.0 15 0.0
244.1 0.0 15 0.0
244.2 0.0 15 0.0
244.3 0.0 15 0.0
244.4 0.0 15 0.0
244.5 0.0 15 0.0
244.6 0.0 15 0.0
244.7 0.0 15 0.0
244.8 0.0 15 0.0
244.9 0.0 15 0.0
245.0 0.0 15 0.0
245.1 0.0 15 0.0
245.2 0.0 15 0.0
245.3 0.0 15 0.0
245.4 0.0 15 0.0
245.5 0.0 15 0.0
245.6 0.0 15 0.0
245.7 0.0 15 0.0
245.8 0.0 15 0.0
245.9 0.0 15 0.0
246.0 0.0 15 0.0
246.1 0.0 15 0.0
246.2 0.0 15 0.0
246.3 0.0 15 0.0
246.4 0.0 15 0.0
246.5 0.0 15 0.0
246.6 0.0 15 0.0
246.7 0.0 15 0.0
246.8 0.0 15 0.0
246.9 0.0 15 0.0
247.0 0.0 15 0.0
247.1 0.0 15 0.0
247.2 0.0 15 0.0
247.3 0.0 15 0.0
247.4 0.0 15 0.0
247.5 0.0 15 0.0
247.6 0.0 15 0.0
247.7 0.0 15 0.0
247.8 0.0 15 0.0
247.9 0.0 15 0.0
248.0 0.0 15 0.0
248.1 0.0 15 0.0
248.2 0.0 15 0.0
248.3 0.0 15 0.0
248.4 0.0 15 0.0
248.5 0.0 15 0.0
248.6 0.0 15 0.0
248.7 0.0 15 0.0
248.8 0.0 15 0.0
248.9 0.0 15 0.0
249.0 0.0 15 0.0
249.1 0.0 15 0.0
249.2 0.0 15 0.0
249.3 0.0 15 0.0
249.4 0.0 15 0.0
249.5 0.0 15 0.0
249.6 0.0 15 0.0
249.7 0.0 15 0.0
249.8 0.0 15 0.0
249.9 0.0 15 0.0
250.0 0.0 15 0.0
250.1 0.0 15 0.0
250.2 0.0 15 0.0
250.3 0.0 15 0.0
250.4 0.0 15 0.0
250.5 0.0 15 0.0
250.6 0.0 15 0.0
250.7 0.0 15 0.0
250.8 0.0 15 0.0
250.9 0.0 15 0.0
251.0 0.0 15 0.0
251.1 0.0 15 0.0
251.2 0.0 15 0.0
251.3 0.0 15 0.0
251.4 0.0 15 0.0
251.5 0.0 15 0.0
251.6 0.0 15 0.0
251.7 0.0 15 0.0
251.8 0.0 15 0.0
251.9 0.0 15 0.0
252.0 0.0 15 0.0
252.1 0.0 15 0.0
252.2 0.0 15 0.0
252.3 0.0 15 0.0
252.4 0.0 15 0.0
252.5 0.0 15 0.0
252.6 0.0 15 0.0
252.7 0.0 15 0.0
252.8 0.0 15 0.0
252.9 0.0 15 0.0
253.0 0.0 15 0.0
253.1 0.0 15 0.0
253.2 0.0 15 0.0
253.3 0.0 15 0.0
253.4 0.0 15 0.0
253.5 0.0 15 0.0
253.6 0.0 15 0.0
253.7 0.0 15 0.0
253.8 0.0 15 0.0
253.9 0.0 15 0.0
254.0 0.0 15 0.0
254.1 0.0 15 0.0
254.2 0.0 15 0.0
254.3 0.0 15 0.0
254.4 0.0 15 0.0
254.5 0.0 15 0.0
254.6 0.0 15 0.0
254.7 0.0 15 0.0
254.8 0.0 15 0.0
254.9 0.0 15 0.0
255.0 0.0 15 0.0
255.1 0.0 15 0.0
255.2 0.0 15 0.0
255.3 0.0 15 0.0
255.4 0.0 15 0.0
255.5 0.0 15 0.0
255.6 0.0 15 0.0
255.7 0.0 15 0.0
255.8 0.0 15 0.0
255.9 0.0 15 0.0
256.0 0.0 15 0.0
256.1 0.0 15 0.0
256.2 0.0 15 0.0
256.3 0.0 15 0.0
256.4 0.0 15 0.0
256.5 0.0 15 0.0
256.6 0.0 15 0.0
256.7 0.0 15 0.0
256.8 0.0 15 0.0
256.9 0.0 15 0.0
257.0 0.0 15 0.0
257.1 0.0 15 0.0
257.2 0.0 15 0.0
257.3 0.0 15 0.0
257.4 0.0 15 0.0
257.5 0.0 15 0.0
257.6 0.0 15 0.0
257.7 0.0 15 0.0
257.8 0.0 15 0.0
257.9 0.0 15 0.0
258.0 0.0 15 0.0
258.1 0.0 15 0.0
258.2 0.0 15 0.0
258.3 0.0 15 0.0
258.4 0.0 15 0.0
258.5 0.0 15 0.0
258.6 0.0 15 0.0
258.7 0.0 15 0.0
258.8 0.0 15 0.0
258.9 0.0 15 0.0
259.0 0.0 15 0.0
259.1 0.0 15 0.0
259.2 0.0 15 0.0
259.3 0.0 15 0.0
259.4 0.0 15 0.0
259.5 0.0 15 0.0
259.6 0.0 15 0.0
259.7 0.0 15 0.0
259.8 0.0 15 0.0
259.9 0.0 15 0.0
260.0 0.0 15 0.0
260.1 0.0 15 0.0
260.2 0.0 15 0.0
260.3 0.0 15 0.0
260.4 0.0 15 0.0
260.5 0.0 15 0.0
260.6 0.0 15 0.0
260.7 0.0 15 0.0
260.8 0.0 15 0.0
260.9 0.0 15 0.0
261.0 0.0 15 0.0
261.1 0.0 15 0.0
261.2 0.0 15 0.0
261.3 0.0 15 0.0
261.4 0.0 15 0.0
261.5 0.0 15 0.0
261.6 0.0 15 0.0
261.7 0.0 15 0.0
261.8 0.0 15 0.0
261.9 0.0 15 0.0
262.0 0.0 15 0.0
262.1 0.0 15 0.0
262.2 0.0 15 0.0
262.3 0.0 15 0.0
262.4 0.0 15 0.0
262.5 0.0 15 0.0
262.6 0.0 15 0.0
262.7 0.0 15 0.0
262.8 0.0 15 0.0
262.9 0.0 15 0.0
263.0 0.0 15 0.0
263.1 0.0 15 0.0
263.2 0.0 15 0.0
263.3 0.0 15 0.0
263.4 0.0 15 0.0
263.5 0.0 15 0.0
263.6 0.0 15 0.0
263.7 0.0 15 0.0
263.8 0.0 15 0.0
263.9 0.0 15 0.0
264.0 0.0 15 0.0
264.1 0.0 15 0.0
264.2 0.0 15 0.0
264.3 0.0 15 0.0
264.4 0.0 15 0.0
264.5 0.0 15 0.0
264.6 0.0 15 0.0
264.7 0.0 15 0.0
264.8 0.0 15 0.0
264.9 0.0 15 0.0
265.0 0.0 15 0.0
265.1 0.0 15 0.0
265.2 0.0 15 0.0
265.3 0.0 15 0.0
265.4 0.0 15 0.0
265.5 0.0 15 0.0
265.6 0.0 15 0.0
265.7 0.0 15 0.0
265.8 0.0 15 0.0
265.9 0.0 15 0.0
266.0 0.0 15 0.0
266.1 0.0 15 0.0
266.2 0.0 15 0.0
266.3 0.0 15 0.0
266.4 0.0 15 0.0
266.5 0.0 15 0.0
266.6 0.0 15 0.0
266.7 0.0 15 0.0
266.8 0.0 15 0.0
266.9 0.0 15 0.0
267.0 0.0 15 0.0
267.1 0.0 15 0.0
267.2 0.0 15 0.0
267.3 0.0 15 0.0
267.4 0.0 15 0.0
267.5 0.0 15 0.0
267.6 0.0 15 0.0
267.7 0.0 15 0.0
267.8 0.0 15 0.0
267.9 0.0 15 0.0
268.0 0.0 15 0.0
268.1 0.0 15 0.0
268.2 0.0 15 0.0
268.3 0.0 15 0.0
268.4 0.0 15 0.0
268.5 0.0 15 0.0
268.6 248.9305 14 1.0
268.7 249.0182 14 1.0
268.8 249.1059 14 1.0
268.9 249.1937 14 1.0
269.0 249.2814 14 1.0
269.1 249.3691 14 1.0
269.2 249.4569 14 1.0
269.3 249.5446 14 1.0
269.4 249.6324 14 1.0
269.5 249.7201 14 1.0
269.6 249.8078 14 1.0
269.7 249.8956 14 1.0
269.8 249.9833 14 1.0
269.9 250.071 14 1.0
270.0 250.1588 14 1.0
270.1 250.2465 14 1.0
270.2 250.3342 14 1.0
270.3 250.422 14 1.0
270.4 250.5097 14 1.0
270.5 250.5975 14 1.0
270.6 250.6852 14 1.0
270.7 250.7729 14 1.0
270.8 250.8607 14 1.0
270.9 250.9484 14 1.0
271.0 251.0361 14 1.0
271.1 251.1239 14 1.0
271.2 251.2116 14 1.0
271.3 251.2993 14 1.0
271.4 251.3871 14 1.0
271.5 251.4748 14 1.0
271.6 251.5626 14 1.0
271.7 251.6503 14 1.0
271.8 251.738 14 1.0
271.9 251.8258 14 1.0
272.0 251.9135 14 1.0
272.1 252.0012 14 1.0
272.2 252.089 14 1.0
272.3 252.1767 14 1.0
272.4 252.2644 14 1.0
272.5 252.3522 14 1.0
272.6 252.4399 14 1.0
272.7 252.5277 14 1.0
272.8 252.6154 14 1.0
272.9 252.7031 14 1.0
273.0 252.7909 14 1.0
273.1 252.8786 14 1.0
273.2 252.9663 14 1.0
273.3 253.0541 14 1.0
273.4 253.1418 14 1.0
273.5 253.2295 14 1.0
273.6 253.3173 14 1.0
273.7 253.405 14 1.0
273.8 253.4928 14 1.0
273.9 253.5805 14 1.0
274.0 253.6682 14 1.0
274.1 253.756 14 1.0
274.2 253.8437 14 1.0
274.3 253.9314 14 1.0
274.4 254.0192 14 1.0
274.5 254.1069 14 1.0
274.6 254.1946 14 1.0
274.7 254.2824 14 1.0
274.8 254.3701 14 1.0
274.9 254.4579 14 1.0
275.0 254.5456 14 1.0
275.1 254.6333 14 1.0
275.2 254.7211 14 1.0
275.3 254.8088 14 1.0
275.4 254.8965 14 1.0
275.5 254.9843 14 1.0
275.6 255.072 14 1.0
275.7 255.1597 14 1.0
275.8 255.2475 14 1.0
275.9 255.3352 14 1.0
276.0 255.423 14 1.0
276.1 255.5107 14 1.0
276.2 255.5984 14 1.0
276.3 255.6862 14 1.0
276.4 255.7739 14 1.0
276.5 255.8616 14 1.0
276.6 255.9494 14 1.0
276.7 256.0371 14 1.0
276.8 256.1248 14 1.0
276.9 256.2126 14 1.0
277.0 256.3003 14 1.0
277.1 256.3881 14 1.0
277.2 256.4758 14 1.0
277.3 256.5635 14 1.0
277.4 256.6513 14 1.0
277.5 256.739 14 1.0
277.6 256.8267 14 1.0
277.7 256.9145 14 1.0
277.8 257.0022 14 1.0
277.9 257.0899 14 1.0
278.0 257.1777 14 1.0
278.1 257.2654 14 1.0
278.2 257.3532 14 1.0
278.3 257.4409 14 1.0
278.4 257.5286 14 1.0
278.5 257.6164 14 1.0
278.6 257.7041 14 1.0
278.7 257.7918 14 1.0
278.8 257.8796 14 1.0
278.9 257.9673 14 1.0
279.0 258.055 14 1.0
279.1 258.1428 14 1.0
279.2 258.2305 14 1.0
279.3 258.3183 14 1.0
279.4 258.406 14 1.0
279.5 258.4937 14 1.0
279.6 258.5815 14 1.0
279.7 258.6692 14 1.0
279.8 258.7569 14 1.0
279.9 258.8447 14 1.0
280.0 258.9324 14 1.0
280.1 259.0201 14 1.0
280.2 259.1079 14 1.0
280.3 259.1956 14 1.0
280.4 259.2834 14 1.0
280.5 259.3711 14 1.0
280.6 259.4588 14 1.0
280.7 259.5466 14 1.0
280.8 259.6343 14 1.0
280.9 259.722 14 1.0
281.0 259.8098 14 1.0
281.1 259.8975 14 1.0
281.2 259.9852 14 1.0
281.3 260.073 14 1.0
281.4 260.1607 14 1.0
281.5 260.2485 14 1.0
281.6 260.3362 14 1.0
281.7 260.4239 14 1.0
281.8 260.5117 14 1.0
281.9 260.5994 14 1.0
282.0 260.6871 14 1.0
282.1 260.7749 14 1.0
282.2 260.8626 14 1.0
282.3 260.9503 14 1.0
282.4 261.0381 14 1.0
282.5 261.1258 14 1.0
282.6 261.2136 14 1.0
282.7 261.3013 14 1.0
282.8 261.389 14 1.0
282.9 261.4768 14 1.0
283.0 261.5645 14 1.0
283.1 261.6522 14 1.0
283.2 261.74 14 1.0
283.3 261.8277 14 1.0
283.4 261.9154 14 1.0
283.5 262.0032 14 1.0
283.6 262.0909 14 1.0
283.7 262.1787 14 1.0
283.8 262.2664 14 1.0
283.9 262.3541 14 1.0
284.0 262.4419 14 1.0
284.1 262.5296 14 1.0
284.2 262.6173 14 1.0
284.3 262.7051 14 1.0
284.4 262.7928 14 1.0
284.5 262.8805 14 1.0
284.6 262.9683 14 1.0
284.7 263.056 14 1.0
284.8 263.1438 14 1.0
284.9 263.2315 14 1.0
285.0 263.3192 14 1.0
285.1 263.407 14 1.0
285.2 263.4947 14 1.0
285.3 263.5824 14 1.0
285.4 263.6702 14 1.0
285.5 263.7579 14 1.0
285.6 263.8456 14 1.0
285.7 263.9334 14 1.0
285.8 264.0211 14 1.0
285.9 264.1089 14 1.0
286.0 264.1966 14 1.0
286.1 264.2843 14 1.0
286.2 264.3721 14 1.0
286.3 264.4598 14 1.0
286.4 264.5475 14 1.0
286.5 264.6353 14 1.0
286.6 264.723 14 1.0
286.7 264.8107 14 1.0
286.8 264.8985 14 1.0
286.9 264.9862 14 1.0
287.0 265.074 14 1.0
287.1 265.1617 14 1.0
287.2 265.2494 14 1.0
287.3 265.3372 14 1.0
287.4 265.4249 14 1.0
287.5 265.5126 14 1.0
287.6 265.6004 14 1.0
287.7 265.6881 14 1.0
287.8 265.7758 14 1.0
287.9 265.8636 14 1.0
288.0 265.9513 14 1.0
288.1 266.0391 14 1.0
288.2 266.1268 14 1.0
288.3 266.2145 14 1.0
288.4 266.3023 14 1.0
288.5 266.39 14 1.0
288.6 266.4777 14 1.0
288.7 266.5655 14 1.0
288.8 266.6532 14 1.0
288.9 266.7409 14 1.0
289.0 266.8287 14 1.0
289.1 266.9164 14 1.0
289.2 267.0042 14 1.0
289.3 267.0919 14 1.0
289.4 267.1796 14 1.0
289.5 267.2674 14 1.0
289.6 267.3551 14 1.0
289.7 267.4428 14 1.0
289.8 267.5306 14 1.0
289.9 267.6183 14 1.0
290.0 267.706 14 1.0
290.1 267.7938 14 1.0
290.2 267.8815 14 1.0
290.3 267.9693 14 1.0
290.4 268.057 14 1.0
290.5 268.1447 14 1.0
290.6 268.2325 14 1.0
290.7 268.3202 14 1.0
290.8 268.4079 14 1.0
290.9 268.4957 14 1.0
291.0 268.5834 14 1.0
291.1 268.6711 14 1.0
291.2 268.7589 14 1.0
291.3 268.8466 14 1.0
291.4 268.9344 14 1.0
291.5 269.0221 14 1.0
291.6 269.1098 14 1.0
291.7 269.1976 14 1.0
291.8 269.2853 14 1.0
291.9 269.373 14 1.0
292.0 269.4608 14 1.0
292.1 269.5485 14 1.0
292.2 269.6362 14 1.0
292.3 269.724 14 1.0
292.4 269.8117 14 1.0
292.5 269.8995 14 1.0
292.6 269.9872 14 1.0
292.7 270.0749 14 1.0
292.8 270.1627 14 1.0
292.9 270.2504 14 1.0
293.0 270.3381 14 1.0
293.1 270.4259 14 1.0
293.2 270.5136 14 1.0
293.3 270.6013 14 1.0
293.4 270.6891 14 1.0
293.5 270.7768 14 1.0
293.6 270.8646 14 1.0
293.7 270.9523 14 1.0
293.8 271.04 14 1.0
293.9 271.1278 14 1.0
294.0 271.2155 14 1.0
294.1 271.3032 14 1.0
294.2 271.391 14 1.0
294.3 271.4787 14 1.0
294.4 271.5664 14 1.0
294.5 271.6542 14 1.0
294.6 271.7419 14 1.0
294.7 271.8297 14 1.0
294.8 271.9174 14 1.0
294.9 272.0051 14 1.0
295.0 272.0929 14 1.0
295.1 272.1806 14 1.0
295.2 272.2683 14 1.0
295.3 272.3561 14 1.0
295.4 272.4438 14 1.0
295.5 272.5315 14 1.0
295.6 272.6193 14 1.0
295.7 272.707 14 1.0
295.8 272.7948 14 1.0
295.9 272.8825 14 1.0
296.0 272.9702 14 1.0
296.1 273.058 14 1.0
296.2 273.1457 14 1.0
296.3 273.2334 14 1.0
296.4 273.3212 14 1.0
296.5 273.4089 14 1.0
296.6 273.4966 14 1.0
296.7 273.5844 14 1.0
296.8 273.6721 14 1.0
296.9 273.7599 14 1.0
297.0 273.8476 14 1.0
297.1 273.9353 14 1.0
297.2 274.0231 14 1.0
297.3 274.1108 14 1.0
297.4 274.1985 14 1.0
297.5 274.2863 14 1.0
297.6 274.374 14 1.0
297.7 274.4617 14 1.0
297.8 274.5495 14 1.0
297.9 274.6372 14 1.0
298.0 274.725 14 1.0
298.1 274.8127 14 1.0
298.2 274.9004 14 1.0
298.3 274.9882 14 1.0
298.4 275.0759 14 1.0
298.5 275.1636 14 1.0
298.6 275.2514 14 1.0
298.7 275.3391 14 1.0
298.8 275.4268 14 1.0
298.9 275.5146 14 1.0
299.0 275.6023 14 1.0
299.1 275.6901 14 1.0
299.2 275.7778 14 1.0
299.3 275.8655 14 1.0
299.4 275.9533 14 1.0
299.5 276.041 14 1.0
299.6 276.1287 14 1.0
299.7 276.2165 14 1.0
299.8 276.3042 14 1.0
299.9 276.3919 14 1.0
300.0 276.4797 14 1.0
300.1 276.5648 14 1.0
300.2 276.65 14 1.0
300.3 276.7351 14 1.0
300.4 276.8203 14 1.0
300.5 276.9055 14 1.0
300.6 276.9906 14 1.0
300.7 277.0758 14 1.0
300.8 277.1609 14 1.0
300.9 277.2461 14 1.0
301.0 277.3312 14 1.0
301.1 277.4164 14 1.0
301.2 277.5015 14 1.0
301.3 277.5867 14 1.0
301.4 277.6718 14 1.0
301.5 277.757 14 1.0
301.6 277.8421 14 1.0
301.7 277.9273 14 1.0
301.8 278.0124 14 1.0
301.9 278.0976 14 1.0
302.0 278.1828 14 1.0
302.1 278.2679 14 1.0
302.2 278.3531 14 1.0
302.3 278.4382 14 1.0
302.4 278.5234 14 1.0
302.5 278.6085 14 1.0
302.6 278.6937 14 1.0
302.7 278.7788 14 1.0
302.8 278.864 14 1.0
302.9 278.9491 14 1.0
303.0 279.0343 14 1.0
303.1 279.1194 14 1.0
303.2 279.2046 14 1.0
303.3 279.2898 14 1.0
303.4 279.3749 14 1.0
303.5 279.4601 14 1.0
303.6 279.5452 14 1.0
303.7 279.6304 14 1.0
303.8 279.7155 14 1.0
303.9 279.8007 14 1.0
304.0 279.8858 14 1.0
304.1 279.971 14 1.0
304.2 280.0561 14 1.0
304.3 280.1413 14 1.0
304.4 280.2264 14 1.0
304.5 280.3116 14 1.0
304.6 280.3967 14 1.0
304.7 280.4819 14 1.0
304.8 280.5671 14 1.0
304.9 280.6522 14 1.0
305.0 280.7374 14 1.0
305.1 280.8225 14 1.0
305.2 280.9077 14 1.0
305.3 280.9928 14 1.0
305.4 281.078 14 1.0
305.5 281.1631 14 1.0
305.6 281.2483 14 1.0
305.7 281.3334 14 1.0
305.8 281.4186 14 1.0
305.9 281.5037 14 1.0
306.0 281.5889 14 1.0
306.1 281.6741 14 1.0
306.2 281.7592 14 1.0
306.3 281.8444 14 1.0
306.4 281.9295 14 1.0
306.5 282.0147 14 1.0
306.6 282.0998 14 1.0
306.7 282.185 14 1.0
306.8 282.2701 14 1.0
306.9 282.3553 14 1.0
307.0 282.4404 14 1.0
307.1 282.5256 14 1.0
307.2 282.6107 14 1.0
307.3 282.6959 14 1.0
307.4 282.7811 14 1.0
307.5 282.8662 14 1.0
307.6 282.9514 14 1.0
307.7 283.0365 14 1.0
307.8 283.1217 14 1.0
307.9 283.2068 14 1.0
308.0 283.292 14 1.0
308.1 283.3771 14 1.0
308.2 283.4623 14 1.0
308.3 283.5474 14 1.0
308.4 283.6326 14 1.0
308.5 283.7177 14 1.0
308.6 283.8029 14 1.0
308.7 283.888 14 1.0
308.8 283.9732 14 1.0
308.9 284.0584 14 1.0
309.0 284.1435 14 1.0
309.1 284.2287 14 1.0
309.2 284.3138 14 1.0
309.3 284.399 14 1.0
309.4 284.4841 14 1.0
309.5 284.5693 14 1.0
309.6 284.6544 14 1.0
309.7 284.7396 14 1.0
309.8 284.8247 14 1.0
309.9 284.9099 14 1.0
310.0 284.995 14 1.0
310.1 285.0802 14 1.0
310.2 285.1654 14 1.0
310.3 285.2505 14 1.0
310.4 285.3357 14 1.0
310.5 285.4208 14 1.0
310.6 285.506 14 1.0
310.7 285.5911 14 1.0
310.8 285.6763 14 1.0
310.9 285.7614 14 1.0
311.0 285.8466 14 1.0
311.1 285.9317 14 1.0
311.2 286.0169 14 1.0
311.3 286.102 14 1.0
311.4 286.1872 14 1.0
311.5 286.2723 14 1.0
311.6 286.3575 14 1.0
311.7 286.4427 14 1.0
311.8 286.5278 14 1.0
311.9 286.613 14 1.0
312.0 286.6981 14 1.0
312.1 286.7833 14 1.0
312.2 286.8684 14 1.0
312.3 286.9536 14 1.0
312.4 287.0387 14 1.0
312.5 287.1239 14 1.0
312.6 287.209 14 1.0
312.7 287.2942 14 1.0
312.8 287.3793 14 1.0
312.9 287.4645 14 1.0
313.0 287.5497 14 1.0
313.1 287.6348 14 1.0
313.2 287.72 14 1.0
313.3 287.8051 14 1.0
313.4 287.8903 14 1.0
313.5 287.9754 14 1.0
313.6 288.0606 14 1.0
313.7 288.1457 14 1.0
313.8 288.2309 14 1.0
313.9 288.316 14 1.0
314.0 288.4012 14 1.0
314.1 288.4863 14 1.0
314.2 288.5715 14 1.0
314.3 288.6567 14 1.0
314.4 288.7418 14 1.0
314.5 288.827 14 1.0
314.6 288.9121 14 1.0
314.7 288.9973 14 1.0
314.8 289.0824 14 1.0
314.9 289.1676 14 1.0
315.0 289.2527 14 1.0
315.1 289.3379 14 1.0
315.2 289.423 14 1.0
315.3 289.5082 14 1.0
315.4 289.5933 14 1.0
315.5 289.6785 14 1.0
315.6 289.7636 14 1.0
315.7 289.8488 14 1.0
315.8 289.934 14 1.0
315.9 290.0191 14 1.0
316.0 290.1043 14 1.0
316.1 290.1894 14 1.0
316.2 290.2746 14 1.0
316.3 290.3597 14 1.0
316.4 290.4449 14 1.0
316.5 290.53 14 1.0
316.6 290.6152 14 1.0
316.7 290.7003 14 1.0
316.8 290.7855 14 1.0
316.9 290.8706 14 1.0
317.0 290.9558 14 1.0
317.1 291.041 14 1.0
317.2 291.1261 14 1.0
317.3 291.2113 14 1.0
317.4 291.2964 14 1.0
317.5 291.3816 14 1.0
317.6 291.4667 14 1.0
317.7 291.5519 14 1.0
317.8 291.637 14 1.0
317.9 291.7222 14 1.0
318.0 291.8073 14 1.0
318.1 291.8925 14 1.0
318.2 291.9776 14 1.0
318.3 292.0628 14 1.0
318.4 292.1479 14 1.0
318.5 292.2331 14 1.0
318.6 292.3183 14 1.0
318.7 292.4034 14 1.0
318.8 292.4886 14 1.0
318.9 292.5737 14 1.0
319.0 292.6589 14 1.0
319.1 292.744 14 1.0
319.2 292.8292 14 1.0
319.3 292.9143 14 1.0
319.4 292.9995 14 1.0
319.5 293.0846 14 1.0
319.6 293.1698 14 1.0
319.7 293.2549 14 1.0
319.8 293.3401 14 1.0
319.9 293.4253 14 1.0
320.0 293.5104 14 1.0
320.1 293.5956 14 1.0
320.2 293.6807 14 1.0
320.3 293.7659 14 1.0
320.4 293.851 14 1.0
320.5 293.9362 14 1.0
320.6 294.0213 14 1.0
320.7 294.1065 14 1.0
320.8 294.1916 14 1.0
320.9 294.2768 14 1.0
321.0 294.3619 14 1.0
321.1 294.4471 14 1.0
321.2 294.5323 14 1.0
321.3 294.6174 14 1.0
321.4 294.7026 14 1.0
321.5 294.7877 14 1.0
321.6 294.8729 14 1.0
321.7 294.958 14 1.0
321.8 295.0432 14 1.0
321.9 295.1283 14 1.0
322.0 295.2135 14 1.0
322.1 295.2986 14 1.0
322.2 295.3838 14 1.0
322.3 295.4689 14 1.0
322.4 295.5541 14 1.0
322.5 295.6392 14 1.0
322.6 295.7244 14 1.0
322.7 295.8096 14 1.0
322.8 295.8947 14 1.0
322.9 295.9799 14 1.0
323.0 296.065 14 1.0
323.1 296.1502 14 1.0
323.2 296.2353 14 1.0
323.3 296.3205 14 1.0
323.4 296.4056 14 1.0
323.5 296.4908 14 1.0
323.6 296.5759 14 1.0
323.7 296.6611 14 1.0
323.8 296.7462 14 1.0
323.9 296.8314 14 1.0
324.0 296.9166 14 1.0
324.1 297.0017 14 1.0
324.2 297.0869 14 1.0
324.3 297.172 14 1.0
324.4 297.2572 14 1.0
324.5 297.3423 14 1.0
324.6 297.4275 14 1.0
324.7 297.5126 14 1.0
324.8 297.5978 14 1.0
324.9 297.6829 14 1.0
325.0 297.7681 14 1.0
325.1 297.8532 14 1.0
325.2 297.9384 14 1.0
325.3 298.0235 14 1.0
325.4 298.1087 14 1.0
325.5 298.1939 14 1.0
325.6 298.279 14 1.0
325.7 298.3642 14 1.0
325.8 298.4493 14 1.0
325.9 298.5345 14 1.0
326.0 298.6196 14 1.0
326.1 298.7048 14 1.0
326.2 298.7899 14 1.0
326.3 298.8751 14 1.0
326.4 298.9602 14 1.0
326.5 299.0454 14 1.0
326.6 299.1305 14 1.0
326.7 299.2157 14 1.0
326.8 299.3009 14 1.0
326.9 299.386 14 1.0
327.0 299.4712 14 1.0
327.1 299.5563 14 1.0
327.2 299.6415 14 1.0
327.3 299.7266 14 1.0
327.4 299.8118 14 1.0
327.5 299.8969 14 1.0
327.6 299.9821 14 1.0
327.7 300.0672 14 1.0
327.8 300.1524 14 1.0
327.9 300.2375 14 1.0
328.0 300.3227 14 1.0
328.1 300.4078 14 1.0
328.2 300.493 14 1.0
328.3 300.5782 14 1.0
328.4 300.6633 14 1.0
328.5 300.7485 14 1.0
328.6 300.8336 14 1.0
328.6 300.9188 14 1.0
328.8 301.0039 14 1.0
328.8 301.0891 14 1.0
329.0 301.1742 14 1.0
329.0 301.2594 14 1.0
329.1 301.3445 14 1.0
329.2 301.4297 14 1.0
329.3 301.5148 14 1.0
329.4 301.6 14 1.0
329.5 301.6852 14 1.0
329.6 301.7703 14 1.0
329.7 301.8555 14 1.0
329.8 301.9406 14 1.0
329.9 302.0258 14 1.0
330.0 302.1109 14 1.0
330.1 302.1961 14 1.0
330.2 302.2812 14 1.0
330.3 302.3664 14 1.0
330.4 302.4515 14 1.0
330.5 302.5367 14 1.0
330.6 302.6218 14 1.0
330.7 302.707 14 1.0
330.8 302.7922 14 1.0
330.9 302.8773 14 1.0
331.0 302.9625 14 1.0
331.1 303.0476 14 1.0
331.2 303.1328 14 1.0
331.3 303.2179 14 1.0
331.4 303.3031 14 1.0
331.5 303.3882 14 1.0
331.6 303.4734 14 1.0
331.7 303.5585 14 1.0
331.8 303.6437 14 1.0
331.9 303.7288 14 1.0
332.0 303.814 14 1.0
332.1 303.8991 14 1.0
332.2 303.9843 14 1.0
332.3 304.0695 14 1.0
332.4 304.1546 14 1.0
332.5 304.2398 14 1.0
332.6 304.3249 14 1.0
332.7 304.4101 14 1.0
332.8 304.4952 14 1.0
332.9 304.5804 14 1.0
333.0 304.6655 14 1.0
333.1 304.7507 14 1.0
333.2 304.8358 14 1.0
333.3 304.921 14 1.0
333.4 305.0061 14 1.0
333.5 305.0913 14 1.0
333.6 305.1765 14 1.0
333.7 305.2616 14 1.0
333.8 305.3468 14 1.0
333.9 305.4319 14 1.0
334.0 305.5171 14 1.0
334.1 305.6022 14 1.0
334.2 305.6874 14 1.0
334.3 305.7725 14 1.0
334.4 305.8577 14 1.0
334.5 305.9428 14 1.0
334.6 306.028 14 1.0
334.7 306.1131 14 1.0
334.8 306.1983 14 1.0
334.9 306.2834 14 1.0
335.0 306.3686 14 1.0
335.1 306.4538 14 1.0
335.2 306.5389 14 1.0
335.3 306.6241 14 1.0
335.4 306.7092 14 1.0
335.5 306.7944 14 1.0
335.6 306.8795 14 1.0
335.7 306.9647 14 1.0
335.8 307.0498 14 1.0
335.9 307.135 14 1.0
336.0 307.2201 14 1.0
336.1 307.3053 14 1.0
336.2 307.3904 14 1.0
336.3 307.4756 14 1.0
336.4 307.5608 14 1.0
336.5 307.6459 14 1.0
336.6 307.7311 14 1.0
336.7 307.8162 14 1.0
336.8 307.9014 14 1.0
336.9 307.9865 14 1.0
337.0 308.0717 14 1.0
337.1 308.1568 14 1.0
337.2 308.242 14 1.0
337.3 308.3271 14 1.0
337.4 308.4123 14 1.0
337.5 308.4974 14 1.0
337.6 308.5826 14 1.0
337.7 308.6678 14 1.0
337.8 308.7529 14 1.0
337.9 308.8381 14 1.0
338.0 308.9232 14 1.0
338.1 309.0084 14 1.0
338.2 309.0935 14 1.0
338.3 309.1787 14 1.0
338.4 309.2638 14 1.0
338.5 309.349 14 1.0
338.6 309.4341 14 1.0
338.7 309.5193 14 1.0
338.8 309.6044 14 1.0
338.9 309.6896 14 1.0
339.0 309.7747 14 1.0
339.1 309.8599 14 1.0
339.2 309.9451 14 1.0
339.3 310.0302 14 1.0
339.4 310.1154 14 1.0
339.5 310.2005 14 1.0
339.6 310.2857 14 1.0
339.7 310.3708 14 1.0
339.8 310.456 14 1.0
339.9 310.5411 14 1.0
340.0 310.6263 14 1.0
340.1 310.7114 14 1.0
340.2 310.7966 14 1.0
340.3 310.8817 14 1.0
340.4 310.9669 14 1.0
340.5 311.0521 14 1.0
340.6 311.1372 14 1.0
340.7 311.2224 14 1.0
340.8 311.3075 14 1.0
340.9 311.3927 14 1.0
341.0 311.4778 14 1.0
341.1 311.563 14 1.0
341.2 311.6481 14 1.0
341.3 311.7333 14 1.0
341.4 311.8184 14 1.0
341.5 311.9036 14 1.0
341.6 311.9887 14 1.0
341.7 312.0739 14 1.0
341.8 312.159 14 1.0
341.9 312.2442 14 1.0
342.0 312.3294 14 1.0
342.1 312.4145 14 1.0
342.2 312.4997 14 1.0
342.3 312.5848 14 1.0
342.4 312.67 14 1.0
342.5 312.7551 14 1.0
342.6 312.8403 14 1.0
342.7 312.9254 14 1.0
342.8 313.0106 14 1.0
342.9 313.0957 14 1.0
343.0 313.1809 14 1.0
343.1 313.266 14 1.0
343.2 313.3512 14 1.0
343.3 313.4364 14 1.0
343.4 313.5215 14 1.0
343.5 313.6067 14 1.0
343.6 313.6918 14 1.0
343.7 313.777 14 1.0
343.8 313.8621 14 1.0
343.9 313.9473 14 1.0
344.0 314.0324 14 1.0
344.1 314.1176 14 1.0
344.2 314.2027 14 1.0
344.3 314.2879 14 1.0
344.4 314.373 14 1.0
344.5 314.4582 14 1.0
344.6 314.5434 14 1.0
344.7 314.6285 14 1.0
344.8 314.7137 14 1.0
344.9 314.7988 14 1.0
345.0 314.884 14 1.0
345.1 314.9691 14 1.0
345.2 315.0543 14 1.0
345.3 315.1394 14 1.0
345.4 315.2246 14 1.0
345.5 315.3097 14 1.0
345.6 315.3949 14 1.0
345.7 315.48 14 1.0
345.8 315.5652 14 1.0
345.9 315.6503 14 1.0
346.0 315.7355 14 1.0
346.1 315.8207 14 1.0
346.2 315.9058 14 1.0
346.3 315.991 14 1.0
346.4 316.0761 14 1.0
346.5 316.1613 14 1.0
346.6 316.2464 14 1.0
346.7 316.3316 14 1.0
346.8 316.4167 14 1.0
346.9 316.5019 14 1.0
347.0 316.587 14 1.0
347.1 316.6722 14 1.0
347.2 316.7573 14 1.0
347.3 316.8425 14 1.0
347.4 316.9277 14 1.0
347.5 317.0128 14 1.0
347.6 317.098 14 1.0
347.7 317.1831 14 1.0
347.8 317.2683 14 1.0
347.9 317.3534 14 1.0
348.0 317.4386 14 1.0
348.1 317.5237 14 1.0
348.2 317.6089 14 1.0
348.3 317.694 14 1.0
348.4 317.7792 14 1.0
348.5 317.8643 14 1.0
348.6 317.9495 14 1.0
348.7 318.0346 14 1.0
348.8 318.1198 14 1.0
348.9 318.205 14 1.0
349.0 318.2901 14 1.0
349.1 318.3753 14 1.0
349.2 318.4604 14 1.0
349.3 318.5456 14 1.0
349.4 318.6307 14 1.0
349.5 318.7159 14 1.0
349.6 318.801 14 1.0
349.7 318.8862 14 1.0
349.8 318.9713 14 1.0
349.9 319.0565 14 1.0
350.0 319.1414 14 1.0
350.1 319.2263 14 1.0
350.2 319.3112 14 1.0
350.3 319.3961 14 1.0
350.4 319.481 14 1.0
350.5 319.5659 14 1.0
350.6 319.6509 14 1.0
350.7 319.7358 14 1.0
350.8 319.8207 14 1.0
350.9 319.9056 14 1.0
351.0 319.9905 14 1.0
351.1 320.0754 14 1.0
351.2 320.1603 14 1.0
351.3 320.2452 14 1.0
351.4 320.3301 14 1.0
351.5 320.415 14 1.0
351.6 320.4999 14 1.0
351.7 320.5848 14 1.0
351.8 320.6698 14 1.0
351.9 320.7547 14 1.0
352.0 320.8396 14 1.0
352.1 320.9245 14 1.0
352.2 321.0094 14 1.0
352.3 321.0943 14 1.0
352.4 321.1792 14 1.0
352.5 321.2641 14 1.0
352.6 321.349 14 1.0
352.7 321.4339 14 1.0
352.8 321.5188 14 1.0
352.9 321.6037 14 1.0
353.0 321.6887 14 1.0
353.1 321.7736 14 1.0
353.2 321.8585 14 1.0
353.3 321.9434 14 1.0
353.4 322.0283 14 1.0
353.5 322.1132 14 1.0
353.6 322.1981 14 1.0
353.7 322.283 14 1.0
353.8 322.3679 14 1.0
353.9 322.4528 14 1.0
354.0 322.5377 14 1.0
354.1 322.6227 14 1.0
354.2 322.7076 14 1.0
354.3 322.7925 14 1.0
354.4 322.8774 14 1.0
354.5 322.9623 14 1.0
354.6 323.0472 14 1.0
354.7 323.1321 14 1.0
354.8 323.217 14 1.0
354.9 323.3019 14 1.0
355.0 323.3868 14 1.0
355.1 323.4717 14 1.0
355.2 323.5566 14 1.0
355.3 323.6416 14 1.0
355.4 323.7265 14 1.0
355.5 323.8114 14 1.0
355.6 323.8963 14 1.0
355.7 323.9812 14 1.0
355.8 324.0661 14 1.0
355.9 324.151 14 1.0
356.0 324.2359 14 1.0
356.1 324.3208 14 1.0
356.2 324.4057 14 1.0
356.3 324.4906 14 1.0
356.4 324.5755 14 1.0
356.5 324.6605 14 1.0
356.6 324.7454 14 1.0
356.7 324.8303 14 1.0
356.8 324.9152 14 1.0
356.9 325.0001 14 1.0
357.0 325.085 14 1.0
357.1 325.1699 14 1.0
357.2 325.2548 14 1.0
357.3 325.3397 14 1.0
357.4 325.4246 14 1.0
357.5 325.5095 14 1.0
357.6 325.5945 14 1.0
357.7 325.6794 14 1.0
357.8 325.7643 14 1.0
357.9 325.8492 14 1.0
358.0 325.9341 14 1.0
358.1 326.019 14 1.0
358.2 326.1039 14 1.0
358.3 326.1888 14 1.0
358.4 326.2737 14 1.0
358.5 326.3586 14 1.0
358.6 326.4435 14 1.0
358.7 326.5284 14 1.0
358.8 326.6134 14 1.0
358.9 326.6983 14 1.0
359.0 326.7832 14 1.0
359.1 326.8681 14 1.0
359.2 326.953 14 1.0
359.3 327.0379 14 1.0
359.4 327.1228 14 1.0
359.5 327.2077 14 1.0
359.6 327.2926 14 1.0
359.7 327.3775 14 1.0
359.8 327.4624 14 1.0
359.9 327.5473 14 1.0
360.0 327.6323 14 1.0
360.1 327.7172 14 1.0
360.2 327.8021 14 1.0
360.3 327.887 14 1.0
360.4 327.9719 14 1.0
360.5 328.0568 14 1.0
360.6 328.1417 14 1.0
360.7 328.2266 14 1.0
360.8 328.3115 14 1.0
360.9 328.3964 14 1.0
361.0 328.4813 14 1.0
361.1 328.5663 14 1.0
361.2 328.6512 14 1.0
361.3 328.7361 14 1.0
361.4 328.821 14 1.0
361.5 328.9059 14 1.0
361.6 328.9908 14 1.0
361.7 329.0757 14 1.0
361.8 329.1606 14 1.0
361.9 329.2455 14 1.0
362.0 329.3304 14 1.0
362.1 329.4153 14 1.0
362.2 329.5002 14 1.0
362.3 329.5852 14 1.0
362.4 329.6701 14 1.0
362.5 329.755 14 1.0
362.6 329.8399 14 1.0
362.7 329.9248 14 1.0
362.8 330.0097 14 1.0
362.9 330.0946 14 1.0
363.0 330.1795 14 1.0
363.1 330.2644 14 1.0
363.2 330.3493 14 1.0
363.3 330.4342 14 1.0
363.4 330.5191 14 1.0
363.5 330.6041 14 1.0
363.6 330.689 14 1.0
363.7 330.7739 14 1.0
363.8 330.8588 14 1.0
363.9 330.9437 14 1.0
364.0 331.0286 14 1.0
364.1 331.1135 14 1.0
364.2 331.1984 14 1.0
364.3 331.2833 14 1.0
364.4 331.3682 14 1.0
364.5 331.4531 14 1.0
364.6 331.5381 14 1.0
364.7 331.623 14 1.0
364.8 331.7079 14 1.0
364.9 331.7928 14 1.0
365.0 331.8777 14 1.0
365.1 331.9626 14 1.0
365.2 332.0475 14 1.0
365.3 332.1324 14 1.0
365.4 332.2173 14 1.0
365.5 332.3022 14 1.0
365.6 332.3871 14 1.0
365.7 332.472 14 1.0
365.8 332.557 14 1.0
365.9 332.6419 14 1.0
366.0 332.7268 14 1.0
366.1 332.8117 14 1.0
366.2 332.8966 14 1.0
366.3 332.9815 14 1.0
366.4 333.0664 14 1.0
366.5 333.1513 14 1.0
366.6 333.2362 14 1.0
366.7 333.3211 14 1.0
366.8 333.406 14 1.0
366.9 333.4909 14 1.0
367.0 333.5759 14 1.0
367.1 333.6608 14 1.0
367.2 333.7457 14 1.0
367.3 333.8306 14 1.0
367.4 333.9155 14 1.0
367.5 334.0004 14 1.0
367.6 334.0853 14 1.0
367.7 334.1702 14 1.0
367.8 334.2551 14 1.0
367.9 334.34 14 1.0
368.0 334.4249 14 1.0
368.1 334.5099 14 1.0
368.2 334.5948 14 1.0
368.3 334.6797 14 1.0
368.4 334.7646 14 1.0
368.5 334.8495 14 1.0
368.6 334.9344 14 1.0
368.7 335.0193 14 1.0
368.8 335.1042 14 1.0
368.9 335.1891 14 1.0
369.0 335.274 14 1.0
369.1 335.3589 14 1.0
369.2 335.4438 14 1.0
369.3 335.5288 14 1.0
369.4 335.6137 14 1.0
369.5 335.6986 14 1.0
369.6 335.7835 14 1.0
369.7 335.8684 14 1.0
369.8 335.9533 14 1.0
369.9 336.0382 14 1.0
370.0 336.1231 14 1.0
370.1 336.208 14 1.0
370.2 336.2929 14 1.0
370.3 336.3778 14 1.0
370.4 336.4627 14 1.0
370.5 336.5477 14 1.0
370.6 336.6326 14 1.0
370.7 336.7175 14 1.0
370.8 336.8024 14 1.0
370.9 336.8873 14 1.0
371.0 336.9722 14 1.0
371.1 337.0571 14 1.0
371.2 337.142 14 1.0
371.3 337.2269 14 1.0
371.4 337.3118 14 1.0
371.5 337.3967 14 1.0
371.6 337.4816 14 1.0
371.7 337.5666 14 1.0
371.8 337.6515 14 1.0
371.9 337.7364 14 1.0
372.0 337.8213 14 1.0
372.1 337.9062 14 1.0
372.2 337.9911 14 1.0
372.3 338.076 14 1.0
372.4 338.1609 14 1.0
372.5 338.2458 14 1.0
372.6 338.3307 14 1.0
372.7 338.4156 14 1.0
372.8 338.5006 14 1.0
372.9 338.5855 14 1.0
373.0 338.6704 14 1.0
373.1 338.7553 14 1.0
373.2 338.8402 14 1.0
373.3 338.9251 14 1.0
373.4 339.01 14 1.0
373.5 339.0949 14 1.0
373.6 339.1798 14 1.0
373.7 339.2647 14 1.0
373.8 339.3496 14 1.0
373.9 339.4345 14 1.0
374.0 339.5195 14 1.0
374.1 339.6044 14 1.0
374.2 339.6893 14 1.0
374.3 339.7742 14 1.0
374.4 339.8591 14 1.0
374.5 339.944 14 1.0
374.6 340.0289 14 1.0
374.7 340.1138 14 1.0
374.8 340.1987 14 1.0
374.9 340.2836 14 1.0
375.0 340.3685 14 1.0
375.1 340.4534 14 1.0
375.2 340.5384 14 1.0
375.3 340.6233 14 1.0
375.4 340.7082 14 1.0
375.5 340.7931 14 1.0
375.6 340.878 14 1.0
375.7 340.9629 14 1.0
375.8 341.0478 14 1.0
375.9 341.1327 14 1.0
376.0 341.2176 14 1.0
376.1 341.3025 14 1.0
376.2 341.3874 14 1.0
376.3 341.4724 14 1.0
376.4 341.5573 14 1.0
376.5 341.6422 14 1.0
376.6 341.7271 14 1.0
376.7 341.812 14 1.0
376.8 341.8969 14 1.0
376.9 341.9818 14 1.0
377.0 342.0667 14 1.0
377.1 342.1516 14 1.0
377.2 342.2365 14 1.0
377.3 342.3214 14 1.0
377.4 342.4063 14 1.0
377.5 342.4913 14 1.0
377.6 342.5762 14 1.0
377.7 342.6611 14 1.0
377.8 342.746 14 1.0
377.9 342.8309 14 1.0
378.0 342.9158 14 1.0
378.1 343.0007 14 1.0
378.2 343.0856 14 1.0
378.3 343.1705 14 1.0
378.4 343.2554 14 1.0
378.5 343.3403 14 1.0
378.6 343.4252 14 1.0
378.7 343.5102 14 1.0
378.8 343.5951 14 1.0
378.9 343.68 14 1.0
379.0 343.7649 14 1.0
379.1 343.8498 14 1.0
379.2 343.9347 14 1.0
379.3 344.0196 14 1.0
379.4 344.1045 14 1.0
379.5 344.1894 14 1.0
379.6 344.2743 14 1.0
379.7 344.3592 14 1.0
379.8 344.4442 14 1.0
379.9 344.5291 14 1.0
380.0 344.614 14 1.0
380.1 344.6989 14 1.0
380.2 344.7838 14 1.0
380.3 344.8687 14 1.0
380.4 344.9536 14 1.0
380.5 345.0385 14 1.0
380.6 345.1234 14 1.0
380.7 345.2083 14 1.0
380.8 345.2932 14 1.0
380.9 345.3781 14 1.0
381.0 345.4631 14 1.0
381.1 345.548 14 1.0
381.2 345.6329 14 1.0
381.3 345.7178 14 1.0
381.4 345.8027 14 1.0
381.5 345.8876 14 1.0
381.6 345.9725 14 1.0
381.7 346.0574 14 1.0
381.8 346.1423 14 1.0
381.9 346.2272 14 1.0
382.0 346.3121 14 1.0
382.1 346.397 14 1.0
382.2 346.482 14 1.0
382.3 346.5669 14 1.0
382.4 346.6518 14 1.0
382.5 346.7367 14 1.0
382.6 346.8216 14 1.0
382.7 346.9065 14 1.0
382.8 346.9914 14 1.0
382.9 347.0763 14 1.0
383.0 347.1612 14 1.0
383.1 347.2461 14 1.0
383.2 347.331 14 1.0
383.3 347.416 14 1.0
383.4 347.5009 14 1.0
383.5 347.5858 14 1.0
383.6 347.6707 14 1.0
383.7 347.7556 14 1.0
383.8 347.8405 14 1.0
383.9 347.9254 14 1.0
384.0 348.0103 14 1.0
384.1 348.0952 14 1.0
384.2 348.1801 14 1.0
384.3 348.265 14 1.0
384.4 348.3499 14 1.0
384.5 348.4349 14 1.0
384.6 348.5198 14 1.0
384.7 348.6047 14 1.0
384.8 348.6896 14 1.0
384.9 348.7745 14 1.0
385.0 348.8594 14 1.0
385.1 348.9443 14 1.0
385.2 349.0292 14 1.0
385.3 349.1141 14 1.0
385.4 349.199 14 1.0
385.5 349.2839 14 1.0
385.6 349.3688 14 1.0
385.7 349.4538 14 1.0
385.8 349.5387 14 1.0
385.9 349.6236 14 1.0
386.0 349.7085 14 1.0
386.1 349.7934 14 1.0
386.2 349.8783 14 1.0
386.3 349.9632 14 1.0
386.4 350.0481 14 1.0
386.5 350.133 14 1.0
386.6 350.2179 14 1.0
386.7 350.3028 14 1.0
386.8 350.3878 14 1.0
386.9 350.4727 14 1.0
387.0 350.5576 14 1.0
387.1 350.6425 14 1.0
387.2 350.7274 14 1.0
387.3 350.8123 14 1.0
387.4 350.8972 14 1.0
387.5 350.9821 14 1.0
387.6 351.067 14 1.0
387.7 351.1519 14 1.0
387.8 351.2368 14 1.0
387.9 351.3217 14 1.0
388.0 351.4067 14 1.0
388.1 351.4916 14 1.0
388.2 351.5765 14 1.0
388.3 351.6614 14 1.0
388.4 351.7463 14 1.0
388.5 351.8312 14 1.0
388.6 351.9161 14 1.0
388.7 352.001 14 1.0
388.8 352.0859 14 1.0
388.9 352.1708 14 1.0
389.0 352.2557 14 1.0
389.1 352.3406 14 1.0
389.2 352.4256 14 1.0
389.3 352.5105 14 1.0
389.4 352.5954 14 1.0
389.5 352.6803 14 1.0
389.6 352.7652 14 1.0
389.7 352.8501 14 1.0
389.8 352.935 14 1.0
389.9 353.0199 14 1.0
390.0 353.1048 14 1.0
390.1 353.1897 14 1.0
390.2 353.2746 14 1.0
390.3 353.3595 14 1.0
390.4 353.4445 14 1.0
390.5 353.5294 14 1.0
390.6 353.6143 14 1.0
390.7 353.6992 14 1.0
390.8 353.7841 14 1.0
390.9 353.869 14 1.0
391.0 353.9539 14 1.0
391.1 354.0388 14 1.0
391.2 354.1237 14 1.0
391.3 354.2086 14 1.0
391.4 354.2935 14 1.0
391.5 354.3785 14 1.0
391.6 354.4634 14 1.0
391.7 354.5483 14 1.0
391.8 354.6332 14 1.0
391.9 354.7181 14 1.0
392.0 354.803 14 1.0
392.1 354.8879 14 1.0
392.2 354.9728 14 1.0
392.3 355.0577 14 1.0
392.4 355.1426 14 1.0
392.5 355.2275 14 1.0
392.6 355.3124 14 1.0
392.7 355.3974 14 1.0
392.8 355.4823 14 1.0
392.9 355.5672 14 1.0
393.0 355.6521 14 1.0
393.1 355.737 14 1.0
393.2 355.8219 14 1.0
393.3 355.9068 14 1.0
393.4 355.9917 14 1.0
393.5 356.0766 14 1.0
393.6 356.1615 14 1.0
393.7 356.2464 14 1.0
393.8 356.3313 14 1.0
393.9 356.4163 14 1.0
394.0 356.5012 14 1.0
394.1 356.5861 14 1.0
394.2 356.671 14 1.0
394.3 356.7559 14 1.0
394.4 356.8408 14 1.0
394.5 356.9257 14 1.0
394.6 357.0106 14 1.0
394.7 357.0955 14 1.0
394.8 357.1804 14 1.0
394.9 357.2653 14 1.0
395.0 357.3503 14 1.0
395.1 357.4352 14 1.0
395.2 357.5201 14 1.0
395.3 357.605 14 1.0
395.4 357.6899 14 1.0
395.5 357.7748 14 1.0
395.6 357.8597 14 1.0
395.7 357.9446 14 1.0
395.8 358.0295 14 1.0
395.9 358.1144 14 1.0
396.0 358.1993 14 1.0
396.1 358.2842 14 1.0
396.2 358.3692 14 1.0
396.3 358.4541 14 1.0
396.4 358.539 14 1.0
396.5 358.6239 14 1.0
396.6 358.7088 14 1.0
396.7 358.7937 14 1.0
396.8 358.8786 14 1.0
396.9 358.9635 14 1.0
397.0 359.0484 14 1.0
397.1 359.1333 14 1.0
397.2 359.2182 14 1.0
397.3 359.3031 14 1.0
397.4 359.3881 14 1.0
397.5 359.473 14 1.0
397.6 359.5579 14 1.0
397.7 359.6428 14 1.0
397.8 359.7277 14 1.0
397.9 359.8126 14 1.0
398.0 359.8975 14 1.0
398.1 359.9824 14 1.0
398.2 360.0673 14 1.0
398.3 360.1522 14 1.0
398.4 360.2371 14 1.0
398.5 360.3221 14 1.0
398.6 360.407 14 1.0
398.7 360.4919 14 1.0
398.8 360.5768 14 1.0
398.9 360.6617 14 1.0
399.0 360.7466 14 1.0
399.1 360.8315 14 1.0
399.2 360.9164 14 1.0
399.3 361.0013 14 1.0
399.4 361.0862 14 1.0
399.5 361.1711 14 1.0
399.6 361.256 14 1.0
399.7 361.341 14 1.0
399.8 361.4259 14 1.0
399.9 361.5108 14 1.0
400.0 361.5904 14 1.0
400.1 361.67 14 1.0
400.2 361.7495 14 1.0
400.3 361.8291 14 1.0
400.4 361.9087 14 1.0
400.5 361.9883 14 1.0
400.6 362.0679 14 1.0
400.7 362.1475 14 1.0
400.8 362.2271 14 1.0
400.9 362.3067 14 1.0
401.0 362.3863 14 1.0
401.1 362.4659 14 1.0
401.2 362.5455 14 1.0
401.3 362.625 14 1.0
401.4 362.7046 14 1.0
401.5 362.7842 14 1.0
401.6 362.8638 14 1.0
401.7 362.9434 14 1.0
401.8 363.023 14 1.0
401.9 363.1026 14 1.0
402.0 363.1822 14 1.0
402.1 363.2618 14 1.0
402.2 363.3414 14 1.0
402.3 363.421 14 1.0
402.4 363.5005 14 1.0
402.5 363.5801 14 1.0
402.6 363.6597 14 1.0
402.7 363.7393 14 1.0
402.8 363.8189 14 1.0
402.9 363.8985 14 1.0
403.0 363.9781 14 1.0
403.1 364.0577 14 1.0
403.2 364.1373 14 1.0
403.3 364.2169 14 1.0
403.4 364.2965 14 1.0
403.5 364.376 14 1.0
403.6 364.4556 14 1.0
403.7 364.5352 14 1.0
403.8 364.6148 14 1.0
403.9 364.6944 14 1.0
404.0 364.774 14 1.0
404.1 364.8536 14 1.0
404.2 364.9332 14 1.0
404.3 365.0128 14 1.0
404.4 365.0924 14 1.0
404.5 365.172 14 1.0
404.6 365.2516 14 1.0
404.7 365.3311 14 1.0
404.8 365.4107 14 1.0
404.9 365.4903 14 1.0
405.0 365.5699 14 1.0
405.1 365.6495 14 1.0
405.2 365.7291 14 1.0
405.3 365.8087 14 1.0
405.4 365.8883 14 1.0
405.5 365.9679 14 1.0
405.6 366.0475 14 1.0
405.7 366.1271 14 1.0
405.8 366.2066 14 1.0
405.9 366.2862 14 1.0
406.0 366.3658 14 1.0
406.1 366.4454 14 1.0
406.2 366.525 14 1.0
406.3 366.6046 14 1.0
406.4 366.6842 14 1.0
406.5 366.7638 14 1.0
406.6 366.8434 14 1.0
406.7 366.923 14 1.0
406.8 367.0026 14 1.0
406.9 367.0821 14 1.0
407.0 367.1617 14 1.0
407.1 367.2413 14 1.0
407.2 367.3209 14 1.0
407.3 367.4005 14 1.0
407.4 367.4801 14 1.0
407.5 367.5597 14 1.0
407.6 367.6393 14 1.0
407.7 367.7189 14 1.0
407.8 367.7985 14 1.0
407.9 367.8781 14 1.0
408.0 367.9576 14 1.0
408.1 368.0372 14 1.0
408.2 368.1168 14 1.0
408.3 368.1964 14 1.0
408.4 368.276 14 1.0
408.5 368.3556 14 1.0
408.6 368.4352 14 1.0
408.7 368.5148 14 1.0
408.8 368.5944 14 1.0
408.9 368.674 14 1.0
409.0 368.7536 14 1.0
409.1 368.8331 14 1.0
409.2 368.9127 14 1.0
409.3 368.9923 14 1.0
409.4 369.0719 14 1.0
409.5 369.1515 14 1.0
409.6 369.2311 14 1.0
409.7 369.3107 14 1.0
409.8 369.3903 14 1.0
409.9 369.4699 14 1.0
410.0 369.5495 14 1.0
410.1 369.6291 14 1.0
410.2 369.7087 14 1.0
410.3 369.7882 14 1.0
410.4 369.8678 14 1.0
410.5 369.9474 14 1.0
410.6 370.027 14 1.0
410.7 370.1066 14 1.0
410.8 370.1862 14 1.0
410.9 370.2658 14 1.0
411.0 370.3454 14 1.0
411.1 370.425 14 1.0
411.2 370.5046 14 1.0
411.3 370.5842 14 1.0
411.4 370.6637 14 1.0
411.5 370.7433 14 1.0
411.6 370.8229 14 1.0
411.7 370.9025 14 1.0
411.8 370.9821 14 1.0
411.9 371.0617 14 1.0
412.0 371.1413 14 1.0
412.1 371.2209 14 1.0
412.2 371.3005 14 1.0
412.3 371.3801 14 1.0
412.4 371.4597 14 1.0
412.5 371.5392 14 1.0
412.6 371.6188 14 1.0
412.7 371.6984 14 1.0
412.8 371.778 14 1.0
412.9 371.8576 14 1.0
413.0 371.9372 14 1.0
413.1 372.0168 14 1.0
413.2 372.0964 14 1.0
413.3 372.176 14 1.0
413.4 372.2556 14 1.0
413.5 372.3352 14 1.0
413.6 372.4147 14 1.0
413.7 372.4943 14 1.0
413.8 372.5739 14 1.0
413.9 372.6535 14 1.0
414.0 372.7331 14 1.0
414.1 372.8127 14 1.0
414.2 372.8923 14 1.0
414.3 372.9719 14 1.0
414.4 373.0515 14 1.0
414.5 373.1311 14 1.0
414.6 373.2107 14 1.0
414.7 373.2902 14 1.0
414.8 373.3698 14 1.0
414.9 373.4494 14 1.0
415.0 373.529 14 1.0
415.1 373.6086 14 1.0
415.2 373.6882 14 1.0
415.3 373.7678 14 1.0
415.4 373.8474 14 1.0
415.5 373.927 14 1.0
415.6 374.0066 14 1.0
415.7 374.0862 14 1.0
415.8 374.1658 14 1.0
415.9 374.2453 14 1.0
416.0 374.3249 14 1.0
416.1 374.4045 14 1.0
416.2 374.4841 14 1.0
416.3 374.5637 14 1.0
416.4 374.6433 14 1.0
416.5 374.7229 14 1.0
416.6 374.8025 14 1.0
416.7 374.8821 14 1.0
416.8 374.9617 14 1.0
416.9 375.0413 14 1.0
417.0 375.1208 14 1.0
417.1 375.2004 14 1.0
417.2 375.28 14 1.0
417.3 375.3596 14 1.0
417.4 375.4392 14 1.0
417.5 375.5188 14 1.0
417.6 375.5984 14 1.0
417.7 375.678 14 1.0
417.8 375.7576 14 1.0
417.9 375.8372 14 1.0
418.0 375.9168 14 1.0
418.1 375.9963 14 1.0
418.2 376.0759 14 1.0
418.3 376.1555 14 1.0
418.4 376.2351 14 1.0
418.5 376.3147 14 1.0
418.6 376.3943 14 1.0
418.7 376.4739 14 1.0
418.8 376.5535 14 1.0
418.9 376.6331 14 1.0
419.0 376.7127 14 1.0
419.1 376.7923 14 1.0
419.2 376.8718 14 1.0
419.3 376.9514 14 1.0
419.4 377.031 14 1.0
419.5 377.1106 14 1.0
419.6 377.1902 14 1.0
419.7 377.2698 14 1.0
419.8 377.3494 14 1.0
419.9 377.429 14 1.0
420.0 377.5086 14 1.0
420.1 377.5882 14 1.0
420.2 377.6678 14 1.0
420.3 377.7473 14 1.0
420.4 377.8269 14 1.0
420.5 377.9065 14 1.0
420.6 377.9861 14 1.0
420.7 378.0657 14 1.0
420.8 378.1453 14 1.0
420.9 378.2249 14 1.0
421.0 378.3045 14 1.0
421.1 378.3841 14 1.0
421.2 378.4637 14 1.0
421.3 378.5433 14 1.0
421.4 378.6228 14 1.0
421.5 378.7024 14 1.0
421.6 378.782 14 1.0
421.7 378.8616 14 1.0
421.8 378.9412 14 1.0
421.9 379.0208 14 1.0
422.0 379.1004 14 1.0
422.1 379.18 14 1.0
422.2 379.2596 14 1.0
422.3 379.3392 14 1.0
422.4 379.4188 14 1.0
422.5 379.4984 14 1.0
422.6 379.5779 14 1.0
422.7 379.6575 14 1.0
422.8 379.7371 14 1.0
422.9 379.8167 14 1.0
423.0 379.8963 14 1.0
423.1 379.9759 14 1.0
423.2 380.0555 14 1.0
423.3 380.1351 14 1.0
423.4 380.2147 14 1.0
423.5 380.2943 14 1.0
423.6 380.3739 14 1.0
423.7 380.4534 14 1.0
423.8 380.533 14 1.0
423.9 380.6126 14 1.0
424.0 380.6922 14 1.0
424.1 380.7718 14 1.0
424.2 380.8514 14 1.0
424.3 380.931 14 1.0
424.4 381.0106 14 1.0
424.5 381.0902 14 1.0
424.6 381.1698 14 1.0
424.7 381.2494 14 1.0
424.8 381.3289 14 1.0
424.9 381.4085 14 1.0
425.0 381.4881 14 1.0
425.1 381.5677 14 1.0
425.2 381.6473 14 1.0
425.3 381.7269 14 1.0
425.4 381.8065 14 1.0
425.5 381.8861 14 1.0
425.6 381.9657 14 1.0
425.7 382.0453 14 1.0
425.8 382.1249 14 1.0
425.9 382.2044 14 1.0
426.0 382.284 14 1.0
426.1 382.3636 14 1.0
426.2 382.4432 14 1.0
426.3 382.5228 14 1.0
426.4 382.6024 14 1.0
426.5 382.682 14 1.0
426.6 382.7616 14 1.0
426.7 382.8412 14 1.0
426.8 382.9208 14 1.0
426.9 383.0004 14 1.0
427.0 383.0799 14 1.0
427.1 383.1595 14 1.0
427.2 383.2391 14 1.0
427.3 383.3187 14 1.0
427.4 383.3983 14 1.0
427.5 383.4779 14 1.0
427.6 383.5575 14 1.0
427.7 383.6371 14 1.0
427.8 383.7167 14 1.0
427.9 383.7963 14 1.0
428.0 383.8759 14 1.0
428.1 383.9555 14 1.0
428.2 384.035 14 1.0
428.3 384.1146 14 1.0
428.4 384.1942 14 1.0
428.5 384.2738 14 1.0
428.6 384.3534 14 1.0
428.7 384.433 14 1.0
428.8 384.5126 14 1.0
428.9 384.5922 14 1.0
429.0 384.6718 14 1.0
429.1 384.7514 14 1.0
429.2 384.831 14 1.0
429.3 384.9105 14 1.0
429.4 384.9901 14 1.0
429.5 385.0697 14 1.0
429.6 385.1493 14 1.0
429.7 385.2289 14 1.0
429.8 385.3085 14 1.0
429.9 385.3881 14 1.0
430.0 385.4677 14 1.0
430.1 385.5473 14 1.0
430.2 385.6269 14 1.0
430.3 385.7065 14 1.0
430.4 385.786 14 1.0
430.5 385.8656 14 1.0
430.6 385.9452 14 1.0
430.7 386.0248 14 1.0
430.8 386.1044 14 1.0
430.9 386.184 14 1.0
431.0 386.2636 14 1.0
431.1 386.3432 14 1.0
431.2 386.4228 14 1.0
431.3 386.5024 14 1.0
431.4 386.582 14 1.0
431.5 386.6615 14 1.0
431.6 386.7411 14 1.0
431.7 386.8207 14 1.0
431.8 386.9003 14 1.0
431.9 386.9799 14 1.0
432.0 387.0595 14 1.0
432.1 387.1391 14 1.0
432.2 387.2187 14 1.0
432.3 387.2983 14 1.0
432.4 387.3779 14 1.0
432.5 387.4575 14 1.0
432.6 387.537 14 1.0
432.7 387.6166 14 1.0
432.8 387.6962 14 1.0
432.9 387.7758 14 1.0
433.0 387.8554 14 1.0
433.1 387.935 14 1.0
433.2 388.0146 14 1.0
433.3 388.0942 14 1.0
433.4 388.1738 14 1.0
433.5 388.2534 14 1.0
433.6 388.333 14 1.0
433.7 388.4126 14 1.0
433.8 388.4921 14 1.0
433.9 388.5717 14 1.0
434.0 388.6513 14 1.0
434.1 388.7309 14 1.0
434.2 388.8105 14 1.0
434.3 388.8901 14 1.0
434.4 388.9697 14 1.0
434.5 389.0493 14 1.0
434.6 389.1289 14 1.0
434.7 389.2085 14 1.0
434.8 389.2881 14 1.0
434.9 389.3676 14 1.0
435.0 389.4472 14 1.0
435.1 389.5268 14 1.0
435.2 389.6064 14 1.0
435.3 389.686 14 1.0
435.4 389.7656 14 1.0
435.5 389.8452 14 1.0
435.6 389.9248 14 1.0
435.7 390.0044 14 1.0
435.8 390.084 14 1.0
435.9 390.1636 14 1.0
436.0 390.2431 14 1.0
436.1 390.3227 14 1.0
436.2 390.4023 14 1.0
436.3 390.4819 14 1.0
436.4 390.5615 14 1.0
436.5 390.6411 14 1.0
436.6 390.7207 14 1.0
436.7 390.8003 14 1.0
436.8 390.8799 14 1.0
436.9 390.9595 14 1.0
437.0 391.0391 14 1.0
437.1 391.1186 14 1.0
437.2 391.1982 14 1.0
437.3 391.2778 14 1.0
437.4 391.3574 14 1.0
437.5 391.437 14 1.0
437.6 391.5166 14 1.0
437.7 391.5962 14 1.0
437.8 391.6758 14 1.0
437.9 391.7554 14 1.0
438.0 391.835 14 1.0
438.1 391.9146 14 1.0
438.2 391.9941 14 1.0
438.3 392.0737 14 1.0
438.4 392.1533 14 1.0
438.5 392.2329 14 1.0
438.6 392.3125 14 1.0
438.7 392.3921 14 1.0
438.8 392.4717 14 1.0
438.9 392.5513 14 1.0
439.0 392.6309 14 1.0
439.1 392.7105 14 1.0
439.2 392.7901 14 1.0
439.3 392.8697 14 1.0
439.4 392.9492 14 1.0
439.5 393.0288 14 1.0
439.6 393.1084 14 1.0
439.7 393.188 14 1.0
439.8 393.2676 14 1.0
439.9 393.3472 14 1.0
440.0 393.4268 14 1.0
440.1 393.5064 14 1.0
440.2 393.586 14 1.0
440.3 393.6656 14 1.0
440.4 393.7452 14 1.0
440.5 393.8247 14 1.0
440.6 393.9043 14 1.0
440.7 393.9839 14 1.0
440.8 394.0635 14 1.0
440.9 394.1431 14 1.0
441.0 394.2227 14 1.0
441.1 394.3023 14 1.0
441.2 394.3819 14 1.0
441.3 394.4615 14 1.0
441.4 394.5411 14 1.0
441.5 394.6207 14 1.0
441.6 394.7002 14 1.0
441.7 394.7798 14 1.0
441.8 394.8594 14 1.0
441.9 394.939 14 1.0
442.0 395.0186 14 1.0
442.1 395.0982 14 1.0
442.2 395.1778 14 1.0
442.3 395.2574 14 1.0
442.4 395.337 14 1.0
442.5 395.4166 14 1.0
442.6 395.4962 14 1.0
442.7 395.5757 14 1.0
442.8 395.6553 14 1.0
442.9 395.7349 14 1.0
443.0 395.8145 14 1.0
443.1 395.8941 14 1.0
443.2 395.9737 14 1.0
443.3 396.0533 14 1.0
443.4 396.1329 14 1.0
443.5 396.2125 14 1.0
443.6 396.2921 14 1.0
443.7 396.3717 14 1.0
443.8 396.4512 14 1.0
443.9 396.5308 14 1.0
444.0 396.6104 14 1.0
444.1 396.69 14 1.0
444.2 396.7696 14 1.0
444.3 396.8492 14 1.0
444.4 396.9288 14 1.0
444.5 397.0084 14 1.0
444.6 397.088 14 1.0
444.7 397.1676 14 1.0
444.8 397.2472 14 1.0
444.9 397.3268 14 1.0
445.0 397.4063 14 1.0
445.1 397.4859 14 1.0
445.2 397.5655 14 1.0
445.3 397.6451 14 1.0
445.4 397.7247 14 1.0
445.5 397.8043 14 1.0
445.6 397.8839 14 1.0
445.7 397.9635 14 1.0
445.8 398.0431 14 1.0
445.9 398.1227 14 1.0
446.0 398.2023 14 1.0
446.1 398.2818 14 1.0
446.2 398.3614 14 1.0
446.3 398.441 14 1.0
446.4 398.5206 14 1.0
446.5 398.6002 14 1.0
446.6 398.6798 14 1.0
446.7 398.7594 14 1.0
446.8 398.839 14 1.0
446.9 398.9186 14 1.0
447.0 398.9982 14 1.0
447.1 399.0778 14 1.0
447.2 399.1573 14 1.0
447.3 399.2369 14 1.0
447.4 399.3165 14 1.0
447.5 399.3961 14 1.0
447.6 399.4757 14 1.0
447.7 399.5553 14 1.0
447.8 399.6349 14 1.0
447.9 399.7145 14 1.0
448.0 399.7941 14 1.0
448.1 399.8737 14 1.0
448.2 399.9533 14 1.0
448.3 400.0328 14 1.0
448.4 400.1124 14 1.0
448.5 400.192 14 1.0
448.6 400.2716 14 1.0
448.7 400.3512 14 1.0
448.8 400.4308 14 1.0
448.9 400.5104 14 1.0
449.0 400.59 14 1.0
449.1 400.6696 14 1.0
449.2 400.7492 14 1.0
449.3 400.8288 14 1.0
449.4 400.9083 14 1.0
449.5 400.9879 14 1.0
449.6 401.0675 14 1.0
449.7 401.1471 14 1.0
449.8 401.2267 14 1.0
449.9 401.3063 14 1.0
