15.0 1.518804 13 0.03913500804355885
15.1 1.532897 13 0.04009533734355486
15.2 1.546965 13 0.04105044831495408
15.3 1.561009 13 0.04197986486119776
15.4 1.575029 13 0.042902530089747426
15.5 1.589025 13 0.04381301048669206
15.6 1.602998 13 0.04470850562384454
15.7 1.616947 13 0.04559152088460572
15.8 1.630872 13 0.04646366488682596
15.9 1.644774 13 0.04732367043952346
16.0 1.705305 13 0.048902864516452205
16.1 1.755737 13 0.05284276510115571
16.2 1.806561 13 0.05678542056007785
16.3 1.857771 13 0.0607366407789498
16.4 1.909359 13 0.06469245236092513
16.5 1.961319 13 0.06865117532821574
16.6 2.013645 13 0.07262101632996198
16.7 2.066328 13 0.07659510521036839
16.8 2.119364 13 0.08057409458061882
16.9 2.172745 13 0.08455844933088508
17.0 2.226466 13 0.08854879692319162
17.1 2.280521 13 0.09254417896617917
17.2 2.334902 13 0.09654394644935971
17.3 2.389606 13 0.10054881361297308
17.4 2.444625 13 0.10456282809699768
17.5 2.499953 13 0.10857635098506613
17.6 2.555587 13 0.1125956319582091
17.7 2.623003 13 0.11661953641646816
17.8 2.701491 13 0.12065151420614073
17.9 2.780859 13 0.124683395132833
18.0 2.861107 13 0.1287233290665074
18.1 2.955364 13 0.13354658328497648
18.2 3.050662 14 0.13836454079416116
18.3 3.147001 14 0.1431944220104453
18.4 3.24438 14 0.14803109726759345
18.5 3.342801 14 0.15287140340575467
18.6 3.442263 14 0.15771503536063847
18.7 3.542765 14 0.16256232518545544
18.8 3.644309 14 0.1674144979559279
18.9 3.746894 14 0.1722681783999538
19.0 3.850519 14 0.1771284364122988
19.1 3.955186 14 0.18199237689177916
19.2 4.060893 14 0.18686051143956472
19.3 4.167642 14 0.1917320886935544
19.4 4.275431 14 0.19660516844460296
19.5 4.384262 14 0.20148669347118509
19.6 4.494133 14 0.20636894022204366
19.7 4.605045 14 0.21125093783597737
19.8 4.716999 14 0.21614524739084306
19.9 4.829993 14 0.22103621460469347
20.0 4.944028 14 0.22593373401947558
20.1 5.062823 14 0.23103205707969043
20.2 5.182699 14 0.23613466924381676
20.3 5.303656 14 0.24123726857658923
20.4 5.425695 14 0.24634616485676664
20.5 5.548814 14 0.2514566519311623
20.6 5.673015 14 0.2565728216004999
20.7 5.798297 14 0.26168871396814986
20.8 5.92466 14 0.266807899025996
20.9 6.052105 14 0.2719328616588892
21.0 6.18063 14 0.2770574293065643
21.1 6.310237 14 0.2821855523336819
21.2 6.440925 14 0.28732019868161096
21.3 6.572694 14 0.2924547098672715
21.4 6.705545 14 0.2975928096559153
21.5 6.839476 14 0.3027331800649806
21.6 6.974489 14 0.30787843660309633
21.7 7.110583 14 0.3130250847804229
21.8 7.247759 14 0.3181724070244878
21.9 7.386015 14 0.3233236278301681
22.0 7.525353 14 0.32847736440554176
22.1 7.673984 14 0.3340287535327524
22.2 7.823776 14 0.33958245260316733
22.3 7.97473 14 0.34513840444041255
22.4 8.126845 14 0.3506982938725033
22.5 8.346465 14 0.35635395757248844
22.6 8.50032 14 0.36191613006255197
22.7 8.655337 14 0.3674821344002036
22.8 8.811515 14 0.3730460405156538
22.9 8.968855 14 0.3786166988151005
23.0 9.127356 14 0.3841906074313731
23.1 9.287019 14 0.38976417687863885
23.2 9.447843 14 0.39533965885437794
23.3 9.609829 14 0.4009201918435674
23.4 9.772975 14 0.4064997867881217
23.5 9.937284 14 0.41208334520107404
23.6 10.10275 14 0.41766925781375996
23.7 10.26939 14 0.42325554394519904
23.8 10.43718 14 0.42884628103148703
23.9 10.60613 14 0.4344375481489019
24.0 10.77625 14 0.4400321662699359
24.1 10.9581 14 0.44609595362198284
24.2 11.14121 14 0.4521578560788594
24.3 11.32557 14 0.45822380181279054
24.4 11.51119 14 0.4642915844838922
24.5 11.69807 14 0.4703618660078477
24.6 11.8862 14 0.47643208416216276
24.7 12.07559 14 0.48250634176853147
24.8 12.26624 14 0.48858305319284956
24.9 12.45814 14 0.4946593828731073
25.0 12.65129 14 0.5007423458127683
25.1 12.84571 14 0.5068212056423054
25.2 13.04138 14 0.512905582273087
25.3 13.2383 14 0.5189907226949674
25.4 13.43649 14 0.5250778224513456
25.5 13.63592 14 0.5311652266633216
25.6 13.83662 14 0.5372564826011017
25.7 14.03857 14 0.5433497625991179
25.8 14.24178 14 0.5494437835068919
25.9 14.44624 14 0.5555400750519259
26.0 14.65196 14 0.5616370470673506
26.1 14.86599 14 0.5680227971825595
26.2 15.08134 14 0.5744112769485903
26.3 15.298 14 0.580797241333004
26.4 15.51598 14 0.5871875521242882
26.5 15.73527 14 0.5935795472669084
26.6 15.95587 14 0.5999744253071422
26.7 16.17779 14 0.6063687873270831
26.8 16.40102 14 0.6127653459711366
26.9 16.62557 14 0.6191635641247057
27.0 16.85143 14 0.6255637041776727
27.1 17.0786 14 0.6319649803983536
27.2 17.30709 14 0.6383681207297844
27.3 17.5369 14 0.6447727894690458
27.4 17.76801 14 0.6511785974154901
27.5 18.00044 14 0.6575865571968624
27.6 18.23419 14 0.6639949675166212
27.7 18.46925 14 0.6704047139907141
27.8 18.70562 14 0.6768167858942796
27.9 18.94331 14 0.6832300405459704
28.0 19.18231 14 0.6896444586097062
28.1 19.41548 14 0.6957948089715892
28.2 19.6499 14 0.7019429577321477
28.3 19.88559 14 0.708095506042037
28.4 20.12253 14 0.7142477725535438
28.5 20.36074 14 0.7204016165886407
28.6 20.6002 14 0.7265577864954513
28.7 20.84092 14 0.7327128033708241
28.8 21.0829 14 0.7388704890532927
28.9 21.32615 14 0.7450305383022774
29.0 21.57065 14 0.7511904340571833
29.1 21.81641 14 0.7573523626505938
29.2 22.06343 14 0.7635142451270498
29.3 22.31171 14 0.7696775244197663
29.4 22.56125 14 0.7758421005416541
29.5 22.81205 14 0.7820086187024562
29.6 23.06411 14 0.7881748295912367
29.7 23.31743 14 0.7943435797520507
29.8 23.57201 14 0.8005121733315314
29.9 23.82785 14 0.8066832788821825
30.0 24.08494 14 0.812854912790146
30.1 24.35393 14 0.819401010992192
30.2 24.62425 14 0.8259477034808635
30.3 24.89591 14 0.8324960433255848
30.4 25.1689 14 0.8390451013823094
30.5 25.44323 14 0.8455954713694753
30.6 25.71889 14 0.8521464075915047
30.7 25.99588 14 0.8586990003746365
30.8 26.27421 14 0.8652522261863093
30.9 26.55387 14 0.8718068473469534
31.0 26.83486 14 0.8783626432876388
31.1 27.11719 14 0.8849189605240572
31.2 27.40085 14 0.8914767325494121
31.3 27.68585 14 0.8980348442267334
31.4 27.97218 14 0.9045946437502842
31.5 28.25984 14 0.9111549806510973
31.6 28.54884 14 0.917716899066854
31.7 28.83917 14 0.9242791234140715
31.8 29.13084 14 0.9308426410292663
31.9 29.42384 14 0.9374069329076837
32.0 29.71818 14 0.9439721697991261
32.1 30.01384 14 0.9505382031523111
32.2 30.31085 14 0.9571055521089396
32.3 30.60918 14 0.9636735505520226
32.4 30.90885 14 0.9702424198844707
32.5 31.20986 14 0.976812176385429
32.6 31.5122 14 0.9833828315364331
32.7 31.81587 14 0.9899544197701546
32.8 32.12087 14 0.9965268343741851
32.9 32.32947 14 1.0
33.0 32.4289 14 1.0
33.1 32.52834 14 1.0
33.2 32.62777 14 1.0
33.3 32.72721 14 1.0
33.4 32.82664 14 1.0
33.5 32.92607 14 1.0
33.6 33.02551 14 1.0
33.7 33.12494 14 1.0
33.8 33.22438 14 1.0
33.9 33.32381 14 1.0
34.0 33.42324 14 1.0
34.1 33.52268 14 1.0
34.2 33.62211 14 1.0
34.3 33.72154 14 1.0
34.4 33.82098 14 1.0
34.5 33.92041 14 1.0
34.6 34.01985 14 1.0
34.7 34.11928 14 1.0
34.8 34.21871 14 1.0
34.9 34.31815 14 1.0
35.0 34.41758 14 1.0
35.1 34.517 14 1.0
35.2 34.61642 14 1.0
35.3 34.71583 14 1.0
35.4 34.81525 14 1.0
35.5 34.91467 14 1.0
35.6 35.01408 14 1.0
35.7 35.1135 14 1.0
35.8 35.21291 14 1.0
35.9 35.31233 14 1.0
36.0 35.41175 14 1.0
36.1 35.51116 14 1.0
36.2 35.61058 14 1.0
36.3 35.71 14 1.0
36.4 35.80941 14 1.0
36.5 35.90883 14 1.0
36.6 36.00825 14 1.0
36.7 36.10766 14 1.0
36.8 36.20708 14 1.0
36.9 36.3065 14 1.0
37.0 36.40591 14 1.0
37.1 36.50533 14 1.0
37.2 36.60475 14 1.0
37.3 36.70416 14 1.0
37.4 36.80358 14 1.0
37.5 36.903 14 1.0
37.6 37.00241 14 1.0
37.7 37.10183 14 1.0
37.8 37.20125 14 1.0
37.9 37.30066 14 1.0
38.0 37.40008 14 1.0
38.1 37.49949 14 1.0
38.2 37.59891 14 1.0
38.3 37.69833 14 1.0
38.4 37.79774 14 1.0
38.5 37.89716 14 1.0
38.6 37.99658 14 1.0
38.7 38.09599 14 1.0
38.8 38.19541 14 1.0
38.9 38.29483 14 1.0
39.0 38.39424 14 1.0
39.1 38.49366 14 1.0
39.2 38.59308 14 1.0
39.3 38.69249 14 1.0
39.4 38.79191 14 1.0
39.5 38.89133 14 1.0
39.6 38.99074 14 1.0
39.7 39.09016 14 1.0
39.8 39.18958 14 1.0
39.9 39.28899 14 1.0
40.0 39.38841 14 1.0
40.1 39.48747 14 1.0
40.2 39.58654 14 1.0
40.3 39.6856 14 1.0
40.4 39.78466 14 1.0
40.5 39.88373 14 1.0
40.6 39.98279 14 1.0
40.7 40.08186 14 1.0
40.8 40.18092 14 1.0
40.9 40.27998 14 1.0
41.0 40.37905 14 1.0
41.1 40.47811 14 1.0
41.2 40.57718 14 1.0
41.3 40.67624 14 1.0
41.4 40.7753 14 1.0
41.5 40.87437 14 1.0
41.6 40.97343 14 1.0
41.7 41.0725 14 1.0
41.8 41.17156 14 1.0
41.9 41.27062 14 1.0
42.0 41.36969 14 1.0
42.1 41.46875 14 1.0
42.2 41.56782 14 1.0
42.3 41.66688 14 1.0
42.4 41.76594 14 1.0
42.5 41.86501 14 1.0
42.6 41.96407 14 1.0
42.7 42.06314 14 1.0
42.8 42.1622 14 1.0
42.9 42.26126 14 1.0
43.0 42.36033 14 1.0
43.1 42.45939 14 1.0
43.2 42.55846 14 1.0
43.3 42.65752 14 1.0
43.4 42.75658 14 1.0
43.5 42.85565 14 1.0
43.6 42.95471 14 1.0
43.7 43.05377 14 1.0
43.8 43.15284 14 1.0
43.9 43.2519 14 1.0
44.0 43.35097 14 1.0
44.1 43.45003 14 1.0
44.2 43.54909 14 1.0
44.3 43.64816 14 1.0
44.4 43.74722 14 1.0
44.5 43.84629 14 1.0
44.6 43.94535 14 1.0
44.7 44.04441 14 1.0
44.8 44.14348 14 1.0
44.9 44.24254 14 1.0
45.0 44.34161 14 1.0
45.1 44.44067 14 1.0
45.2 44.53973 14 1.0
45.3 44.6388 14 1.0
45.4 44.73786 14 1.0
45.5 44.83693 14 1.0
45.6 44.93599 14 1.0
45.7 45.03505 14 1.0
45.8 45.13412 14 1.0
45.9 45.23318 14 1.0
46.0 45.33225 14 1.0
46.1 45.43131 14 1.0
46.2 45.53037 14 1.0
46.3 45.62944 14 1.0
46.4 45.7285 14 1.0
46.5 45.82757 14 1.0
46.6 45.92663 14 1.0
46.7 46.02569 14 1.0
46.8 46.12476 14 1.0
46.9 46.22382 14 1.0
47.0 46.32288 14 1.0
47.1 46.42195 14 1.0
47.2 46.52101 14 1.0
47.3 46.62008 14 1.0
47.4 46.71914 14 1.0
47.5 46.8182 14 1.0
47.6 46.91727 14 1.0
47.7 47.01633 14 1.0
47.8 47.1154 14 1.0
47.9 47.21446 14 1.0
48.0 47.31352 14 1.0
48.1 47.41259 14 1.0
48.2 47.51165 14 1.0
48.3 47.61072 14 1.0
48.4 47.70978 14 1.0
48.5 47.80884 14 1.0
48.6 47.90791 14 1.0
48.7 48.00697 14 1.0
48.8 48.10604 14 1.0
48.9 48.2051 14 1.0
49.0 48.30416 14 1.0
49.1 48.40323 14 1.0
49.2 48.50229 14 1.0
49.3 48.60136 14 1.0
49.4 48.70042 14 1.0
49.5 48.79948 14 1.0
49.6 48.89855 14 1.0
49.7 48.99761 14 1.0
49.8 49.09668 14 1.0
49.9 49.19574 14 1.0
50.0 49.2948 14 1.0
50.1 49.39264 14 1.0
50.2 49.49048 14 1.0
50.3 49.58832 14 1.0
50.4 49.68616 14 1.0
50.5 49.78399 14 1.0
50.6 49.88183 14 1.0
50.7 49.97967 14 1.0
50.8 50.07751 14 1.0
50.9 50.17535 14 1.0
51.0 50.27318 14 1.0
51.1 50.37102 14 1.0
51.2 50.46886 14 1.0
51.3 50.5667 14 1.0
51.4 50.66454 14 1.0
51.5 50.76237 14 1.0
51.6 50.86021 14 1.0
51.7 50.95805 14 1.0
51.8 51.05589 14 1.0
51.9 51.15373 14 1.0
52.0 51.25156 14 1.0
52.1 51.3494 14 1.0
52.2 51.44724 14 1.0
52.3 51.54508 14 1.0
52.4 51.64292 14 1.0
52.5 51.74075 14 1.0
52.6 51.83859 14 1.0
52.7 51.93643 14 1.0
52.8 52.03427 14 1.0
52.9 52.13211 14 1.0
53.0 52.22995 14 1.0
53.1 52.32778 14 1.0
53.2 52.42562 14 1.0
53.3 52.52346 14 1.0
53.4 52.6213 14 1.0
53.5 52.71914 14 1.0
53.6 52.81697 14 1.0
53.7 52.91481 14 1.0
53.8 53.01265 14 1.0
53.9 53.11049 14 1.0
54.0 53.20833 14 1.0
54.1 53.30616 14 1.0
54.2 53.404 14 1.0
54.3 53.50184 14 1.0
54.4 53.59968 14 1.0
54.5 53.69752 14 1.0
54.6 53.79535 14 1.0
54.7 53.89319 14 1.0
54.8 53.99103 14 1.0
54.9 54.08887 14 1.0
55.0 54.18671 14 1.0
55.1 54.28454 14 1.0
55.2 54.38238 14 1.0
55.3 54.48022 14 1.0
55.4 54.57806 14 1.0
55.5 54.6759 14 1.0
55.6 54.77373 14 1.0
55.7 54.87157 14 1.0
55.8 54.96941 14 1.0
55.9 55.06725 14 1.0
56.0 55.16509 14 1.0
56.1 55.26292 14 1.0
56.2 55.36076 14 1.0
56.3 55.4586 14 1.0
56.4 55.55644 14 1.0
56.5 55.65428 14 1.0
56.6 55.75212 14 1.0
56.7 55.84995 14 1.0
56.8 55.94779 14 1.0
56.9 56.04563 14 1.0
57.0 56.14347 14 1.0
57.1 56.24131 14 1.0
57.2 56.33914 14 1.0
57.3 56.43698 14 1.0
57.4 56.53482 14 1.0
57.5 56.63266 14 1.0
57.6 56.7305 14 1.0
57.7 56.82833 14 1.0
57.8 56.92617 14 1.0
57.9 57.02401 14 1.0
58.0 57.12185 14 1.0
58.1 57.21969 14 1.0
58.2 57.31752 14 1.0
58.3 57.41536 14 1.0
58.4 57.5132 14 1.0
58.5 57.61104 14 1.0
58.6 57.70888 14 1.0
58.7 57.80671 14 1.0
58.8 57.90455 14 1.0
58.9 58.00239 14 1.0
59.0 58.10023 14 1.0
59.1 58.19807 14 1.0
59.2 58.2959 14 1.0
59.3 58.39374 14 1.0
59.4 58.49158 14 1.0
59.5 58.58942 14 1.0
59.6 58.68726 14 1.0
59.7 58.7851 14 1.0
59.8 58.88293 14 1.0
59.9 58.98077 14 1.0
60.0 59.07861 14 1.0
60.1 59.17688 14 1.0
60.2 59.27516 14 1.0
60.3 59.37343 14 1.0
60.4 59.47171 14 1.0
60.5 59.56998 14 1.0
60.6 59.66826 14 1.0
60.7 59.76653 14 1.0
60.8 59.86481 14 1.0
60.9 59.96308 14 1.0
61.0 60.06135 14 1.0
61.1 60.15963 14 1.0
61.2 60.2579 14 1.0
61.3 60.35618 14 1.0
61.4 60.45445 14 1.0
61.5 60.55273 14 1.0
61.6 60.651 14 1.0
61.7 60.74928 14 1.0
61.8 60.84755 14 1.0
61.9 60.94583 14 1.0
62.0 61.0441 14 1.0
62.1 61.14238 14 1.0
62.2 61.22345 14 1.0
62.3 60.90898 14 1.0
62.4 60.59336 14 1.0
62.5 60.27657 14 1.0
62.6 59.95863 14 1.0
62.7 59.63953 14 1.0
62.8 59.31927 14 1.0
62.9 58.99785 14 1.0
63.0 58.67527 14 1.0
63.1 58.35153 14 1.0
63.2 58.02663 14 1.0
63.3 57.70058 14 1.0
63.4 57.37336 14 1.0
63.5 57.04498 14 1.0
63.6 56.71545 14 1.0
63.7 56.38476 14 1.0
63.8 56.0529 14 1.0
63.9 55.71989 14 1.0
64.0 55.38572 14 1.0
64.1 55.05039 14 1.0
64.2 54.7139 14 1.0
64.3 54.37626 14 1.0
64.4 54.03745 14 1.0
64.5 53.69748 14 1.0
64.6 53.35636 14 1.0
64.7 53.01407 14 1.0
64.8 52.67063 14 1.0
64.9 52.32603 14 1.0
65.0 51.98026 14 1.0
65.1 51.63334 14 1.0
65.2 51.28526 14 1.0
65.3 50.93602 14 1.0
65.4 50.58563 14 1.0
65.5 50.23407 14 1.0
65.6 49.88135 14 1.0
65.7 49.52747 14 1.0
65.8 49.17244 14 1.0
65.9 48.81625 14 1.0
66.0 48.45889 14 1.0
66.1 48.10038 14 1.0
66.2 47.74071 14 1.0
66.3 47.37988 14 1.0
66.4 47.01789 14 1.0
66.5 46.65474 14 1.0
66.6 46.29043 14 1.0
66.7 45.92496 14 1.0
66.8 45.55834 14 1.0
66.9 45.19055 14 1.0
67.0 44.82161 14 1.0
67.1 44.4515 14 1.0
67.2 44.08024 14 1.0
67.3 43.70782 14 1.0
67.4 43.33424 14 1.0
67.5 42.9595 14 1.0
67.6 42.5836 14 1.0
67.7 42.20654 14 1.0
67.8 41.82832 14 1.0
67.9 41.44894 14 1.0
68.0 41.06841 14 1.0
68.1 40.68671 14 1.0
68.2 40.30386 14 1.0
68.3 39.91985 14 1.0
68.4 39.53467 14 1.0
68.5 39.14834 14 1.0
68.6 38.76085 14 1.0
68.7 38.3722 14 1.0
68.8 37.98239 14 1.0
68.9 37.59142 14 1.0
69.0 37.1993 14 1.0
69.1 36.80601 14 1.0
69.2 36.41156 14 1.0
69.3 36.01596 14 1.0
69.4 35.61919 14 1.0
69.5 35.22127 14 1.0
69.6 34.82219 14 1.0
69.7 34.42195 14 1.0
69.8 34.02055 14 1.0
69.9 33.61799 14 1.0
70.0 33.21427 14 1.0
70.1 32.79664 14 1.0
70.2 32.37788 14 1.0
70.3 31.95798 14 1.0
70.4 31.53695 14 1.0
70.5 31.295 14 1.0
70.6 31.34638 14 1.0
70.7 31.39776 14 1.0
70.8 31.44914 14 1.0
70.9 31.50052 14 1.0
71.0 31.55191 14 1.0
71.1 31.60329 14 1.0
71.2 31.65467 14 1.0
71.3 31.70605 14 1.0
71.4 31.75743 14 1.0
71.5 31.80881 14 1.0
71.6 31.8602 14 1.0
71.7 31.91158 14 1.0
71.8 31.96296 14 1.0
71.9 32.01434 14 1.0
72.0 32.06572 14 1.0
72.1 32.1171 14 1.0
72.2 32.16848 14 1.0
72.3 32.21987 14 1.0
72.4 32.27125 14 1.0
72.5 32.32263 14 1.0
72.6 32.37401 14 1.0
72.7 32.42539 14 1.0
72.8 32.47677 14 1.0
72.9 32.52816 14 1.0
73.0 32.57954 14 1.0
73.1 32.63092 14 1.0
73.2 32.6823 14 1.0
73.3 32.73368 14 1.0
73.4 32.78506 14 1.0
73.5 32.83645 14 1.0
73.6 32.88783 14 1.0
73.7 32.93921 14 1.0
73.8 32.99059 14 1.0
73.9 33.04197 14 1.0
74.0 33.09335 14 1.0
74.1 33.14473 14 1.0
74.2 33.19612 14 1.0
74.3 33.2475 14 1.0
74.4 33.29888 14 1.0
74.5 33.35026 14 1.0
74.6 33.40164 14 1.0
74.7 33.45302 14 1.0
74.8 33.50441 14 1.0
74.9 33.55579 14 1.0
75.0 33.60717 14 1.0
75.1 33.65855 14 1.0
75.2 33.70993 14 1.0
75.3 33.76131 14 1.0
75.4 33.81269 14 1.0
75.5 33.86408 14 1.0
75.6 33.91546 14 1.0
75.7 33.96684 14 1.0
75.8 34.01822 14 1.0
75.9 34.0696 14 1.0
76.0 34.12098 14 1.0
76.1 34.17237 14 1.0
76.2 34.22375 14 1.0
76.3 34.27513 14 1.0
76.4 34.32651 14 1.0
76.5 34.37789 14 1.0
76.6 34.42927 14 1.0
76.7 34.48066 14 1.0
76.8 34.53204 14 1.0
76.9 34.58342 14 1.0
77.0 34.6348 14 1.0
77.1 34.68618 14 1.0
77.2 34.73756 14 1.0
77.3 34.78894 14 1.0
77.4 34.84033 14 1.0
77.5 34.89171 14 1.0
77.6 34.94309 14 1.0
77.7 34.99447 14 1.0
77.8 35.04585 14 1.0
77.9 35.09723 14 1.0
78.0 35.14862 14 1.0
78.1 35.2 14 1.0
78.2 35.25138 14 1.0
78.3 35.30276 14 1.0
78.4 35.35414 14 1.0
78.5 35.40552 14 1.0
78.6 35.4569 14 1.0
78.7 35.50829 14 1.0
78.8 35.55967 14 1.0
78.9 35.61105 14 1.0
79.0 35.66243 14 1.0
79.1 35.71381 14 1.0
79.2 35.76519 14 1.0
79.3 35.81658 14 1.0
79.4 35.86796 14 1.0
79.5 35.91934 14 1.0
79.6 35.97072 14 1.0
79.7 36.0221 14 1.0
79.8 36.07348 14 1.0
79.9 36.12487 14 1.0
80.0 36.17625 14 1.0
80.1 36.20018 14 1.0
80.2 36.22412 14 1.0
80.3 36.24805 14 1.0
80.4 36.27199 14 1.0
80.5 36.29593 14 1.0
80.6 36.31986 14 1.0
80.7 36.3438 14 1.0
80.8 36.36773 14 1.0
80.9 36.39167 14 1.0
81.0 36.41561 14 1.0
81.1 36.43954 14 1.0
81.2 36.46348 14 1.0
81.3 36.48741 14 1.0
81.4 36.51135 14 1.0
81.5 36.53529 14 1.0
81.6 36.55922 14 1.0
81.7 36.58316 14 1.0
81.8 36.60709 14 1.0
81.9 36.63103 14 1.0
82.0 36.65497 14 1.0
82.1 36.6789 14 1.0
82.2 36.70284 14 1.0
82.3 36.72677 14 1.0
82.4 36.75071 14 1.0
82.5 36.77465 14 1.0
82.6 36.79858 14 1.0
82.7 36.82252 14 1.0
82.8 36.84645 14 1.0
82.9 36.87039 14 1.0
83.0 36.89433 14 1.0
83.1 36.91826 14 1.0
83.2 36.9422 14 1.0
83.3 36.96613 14 1.0
83.4 36.99007 14 1.0
83.5 37.01401 14 1.0
83.6 37.03794 14 1.0
83.7 37.06188 14 1.0
83.8 37.08581 14 1.0
83.9 37.10975 14 1.0
84.0 37.13369 14 1.0
84.1 37.15762 14 1.0
84.2 37.18156 14 1.0
84.3 37.20549 14 1.0
84.4 37.22943 14 1.0
84.5 37.25337 14 1.0
84.6 37.2773 14 1.0
84.7 37.30124 14 1.0
84.8 37.32517 14 1.0
84.9 37.34911 14 1.0
85.0 37.37305 14 1.0
85.1 37.39698 14 1.0
85.2 37.42092 14 1.0
85.3 37.44485 14 1.0
85.4 37.46879 14 1.0
85.5 37.49273 14 1.0
85.6 37.51666 14 1.0
85.7 37.5406 14 1.0
85.8 37.56453 14 1.0
85.9 37.58847 14 1.0
86.0 37.61241 14 1.0
86.1 37.63634 14 1.0
86.2 37.66028 14 1.0
86.3 37.68421 14 1.0
86.4 37.70815 14 1.0
86.5 37.73209 14 1.0
86.6 37.75602 14 1.0
86.7 37.77996 14 1.0
86.8 37.80389 14 1.0
86.9 37.82783 14 1.0
87.0 37.85177 14 1.0
87.1 37.8757 14 1.0
87.2 37.89964 14 1.0
87.3 37.92357 14 1.0
87.4 37.94751 14 1.0
87.5 37.97145 14 1.0
87.6 37.99538 14 1.0
87.7 38.01932 14 1.0
87.8 38.04325 14 1.0
87.9 38.06719 14 1.0
88.0 38.09113 14 1.0
88.1 38.11506 14 1.0
88.2 38.139 14 1.0
88.3 38.16293 14 1.0
88.4 38.18687 14 1.0
88.5 38.21081 14 1.0
88.6 38.23474 14 1.0
88.7 38.25868 14 1.0
88.8 38.28261 14 1.0
88.9 38.30655 14 1.0
89.0 38.33049 14 1.0
89.1 38.35442 14 1.0
89.2 38.37836 14 1.0
89.3 38.40229 14 1.0
89.4 38.42623 14 1.0
89.5 38.45017 14 1.0
89.6 38.4741 14 1.0
89.7 38.49804 14 1.0
89.8 38.52197 14 1.0
89.9 38.54591 14 1.0
90.0 38.56985 14 1.0
90.1 38.49395 14 1.0
90.2 38.41805 14 1.0
90.3 38.34216 14 1.0
90.4 38.26626 14 1.0
90.5 38.19036 14 1.0
90.6 38.11447 14 1.0
90.7 38.03857 14 1.0
90.8 37.96267 14 1.0
90.9 37.88677 14 1.0
91.0 37.81088 14 1.0
91.1 37.73498 14 1.0
91.2 37.65908 14 1.0
91.3 37.58319 14 1.0
91.4 37.50729 14 1.0
91.5 37.43139 14 1.0
91.6 37.3555 14 1.0
91.7 37.2796 14 1.0
91.8 37.2037 14 1.0
91.9 37.12781 14 1.0
92.0 37.05191 14 1.0
92.1 36.97601 14 1.0
92.2 36.90012 14 1.0
92.3 36.82422 14 1.0
92.4 36.74832 14 1.0
92.5 36.67243 14 1.0
92.6 36.59653 14 1.0
92.7 36.52063 14 1.0
92.8 36.44474 14 1.0
92.9 36.36884 14 1.0
93.0 36.29294 14 1.0
93.1 36.21705 14 1.0
93.2 36.14115 14 1.0
93.3 36.06525 14 1.0
93.4 35.98936 14 1.0
93.5 35.91346 14 1.0
93.6 35.83756 14 1.0
93.7 35.76167 14 1.0
93.8 35.68577 14 1.0
93.9 35.60987 14 1.0
94.0 35.53398 14 1.0
94.1 35.45808 14 1.0
94.2 35.38218 14 1.0
94.3 35.30629 14 1.0
94.4 35.23039 14 1.0
94.5 35.15449 14 1.0
94.6 35.0786 14 1.0
94.7 35.0027 14 1.0
94.8 34.9268 14 1.0
94.9 34.85091 14 1.0
95.0 34.77501 14 1.0
95.1 34.69911 14 1.0
95.2 34.62322 14 1.0
95.3 34.54732 14 1.0
95.4 34.47142 14 1.0
95.5 34.39553 14 1.0
95.6 34.31963 14 1.0
95.7 34.24373 14 1.0
95.8 34.16784 14 1.0
95.9 34.09194 14 1.0
96.0 34.01604 14 1.0
96.1 33.94015 14 1.0
96.2 33.86425 14 1.0
96.3 33.78835 14 1.0
96.4 33.71246 14 1.0
96.5 34.49177 14 1.0
96.6 35.92827 14 1.0
96.7 37.37285 14 1.0
96.8 38.82552 14 1.0
96.9 40.28627 14 1.0
97.0 41.7551 14 1.0
97.1 43.23202 14 1.0
97.2 44.71702 14 1.0
97.3 46.21011 14 1.0
97.4 47.71127 14 1.0
97.5 49.22053 14 1.0
97.6 50.73786 14 1.0
97.7 52.26328 14 1.0
97.8 53.79679 14 1.0
97.9 55.33837 14 1.0
98.0 56.88805 14 1.0
98.1 58.4458 14 1.0
98.2 60.01164 14 1.0
98.3 61.58556 14 1.0
98.4 63.16757 14 1.0
98.5 64.75766 14 1.0
98.6 66.35583 14 1.0
98.7 67.96209 14 1.0
98.8 69.57643 14 1.0
98.9 71.19886 14 1.0
99.0 72.82937 14 1.0
99.1 74.46796 14 1.0
99.2 76.11464 14 1.0
99.3 77.7694 14 1.0
99.4 79.43224 14 1.0
99.5 81.10317 14 1.0
99.6 82.78218 14 1.0
99.7 84.46928 14 1.0
99.8 86.16446 14 1.0
99.9 87.86772 14 1.0
100.0 89.57907 14 1.0
100.1 86.49622 14 1.0
100.2 83.41981 14 1.0
100.3 80.34984 14 1.0
100.4 77.28632 14 1.0
100.5 74.22925 14 1.0
100.6 71.17862 14 1.0
100.7 68.13444 14 1.0
100.8 65.09671 14 1.0
100.9 62.06542 14 1.0
101.0 59.04057 14 1.0
101.1 56.02217 14 1.0
101.2 53.01022 14 1.0
101.3 50.00471 14 1.0
101.4 47.00565 14 1.0
101.5 44.01303 14 1.0
101.6 41.02686 14 1.0
101.7 38.04713 14 1.0
101.8 35.07385 14 1.0
101.9 34.3023 14 1.0
102.0 34.47715 14 1.0
102.1 34.652 14 1.0
102.2 34.82685 14 1.0
102.3 35.0017 14 1.0
102.4 35.17655 14 1.0
102.5 35.3514 14 1.0
102.6 35.52625 14 1.0
102.7 35.70109 14 1.0
102.8 35.87594 14 1.0
102.9 36.05079 14 1.0
103.0 36.22564 14 1.0
103.1 36.40049 14 1.0
103.2 36.57534 14 1.0
103.3 36.75019 14 1.0
103.4 36.92504 14 1.0
103.5 37.09989 14 1.0
103.6 37.27473 14 1.0
103.7 37.44958 14 1.0
103.8 37.62443 14 1.0
103.9 37.79928 14 1.0
104.0 37.97413 14 1.0
104.1 38.14898 14 1.0
104.2 38.32383 14 1.0
104.3 38.49868 14 1.0
104.4 38.67353 14 1.0
104.5 38.84837 14 1.0
104.6 39.02322 14 1.0
104.7 39.19807 14 1.0
104.8 39.37292 14 1.0
104.9 39.54777 14 1.0
105.0 39.72262 14 1.0
105.1 39.89747 14 1.0
105.2 40.07232 14 1.0
105.3 40.24716 14 1.0
105.4 40.42201 14 1.0
105.5 40.59686 14 1.0
105.6 40.77171 14 1.0
105.7 40.94656 14 1.0
105.8 41.12141 14 1.0
105.9 41.29626 14 1.0
106.0 41.47111 14 1.0
106.1 41.64596 14 1.0
106.2 41.8208 14 1.0
106.3 41.99565 14 1.0
106.4 42.1705 14 1.0
106.5 42.34535 14 1.0
106.6 42.5202 14 1.0
106.7 42.69505 14 1.0
106.8 42.8699 14 1.0
106.9 43.04475 14 1.0
107.0 43.2196 14 1.0
107.1 43.39444 14 1.0
107.2 43.56929 14 1.0
107.3 43.74414 14 1.0
107.4 43.91899 14 1.0
107.5 44.09384 14 1.0
107.6 44.26869 14 1.0
107.7 44.44354 14 1.0
107.8 44.61839 14 1.0
107.9 44.79324 14 1.0
108.0 44.96808 14 1.0
108.1 45.14293 14 1.0
108.2 45.31778 14 1.0
108.3 45.49263 14 1.0
108.4 45.66748 14 1.0
108.5 45.84233 14 1.0
108.6 46.01718 14 1.0
108.7 46.19203 14 1.0
108.8 46.36688 14 1.0
108.9 46.54172 14 1.0
109.0 46.71657 14 1.0
109.1 46.89142 14 1.0
109.2 47.06627 14 1.0
109.3 47.24112 14 1.0
109.4 47.41597 14 1.0
109.5 47.59082 14 1.0
109.6 47.76567 14 1.0
109.7 47.94052 14 1.0
109.8 48.11536 14 1.0
109.9 48.29021 14 1.0
110.0 48.46506 14 1.0
110.1 48.51133 14 1.0
110.2 48.55761 14 1.0
110.3 48.60388 14 1.0
110.4 48.65015 14 1.0
110.5 48.69642 14 1.0
110.6 48.7427 14 1.0
110.7 48.78897 14 1.0
110.8 48.83524 14 1.0
110.9 48.88151 14 1.0
111.0 48.92778 14 1.0
111.1 48.97406 14 1.0
111.2 49.02033 14 1.0
111.3 49.0666 14 1.0
111.4 49.11287 14 1.0
111.5 49.15915 14 1.0
111.6 49.20542 14 1.0
111.7 49.25169 14 1.0
111.8 49.29796 14 1.0
111.9 49.34424 14 1.0
112.0 49.39051 14 1.0
112.1 49.43678 14 1.0
112.2 49.48305 14 1.0
112.3 49.52932 14 1.0
112.4 49.5756 14 1.0
112.5 49.62187 14 1.0
112.6 49.66814 14 1.0
112.7 49.71441 14 1.0
112.8 49.76069 14 1.0
112.9 49.80696 14 1.0
113.0 49.85323 14 1.0
113.1 49.8995 14 1.0
113.2 49.94578 14 1.0
113.3 49.99205 14 1.0
113.4 50.03832 14 1.0
113.5 50.08459 14 1.0
113.6 50.13087 14 1.0
113.7 50.17714 14 1.0
113.8 50.22341 14 1.0
113.9 50.26968 14 1.0
114.0 50.31595 14 1.0
114.1 50.36223 14 1.0
114.2 50.4085 14 1.0
114.3 50.45477 14 1.0
114.4 50.50104 14 1.0
114.5 50.54732 14 1.0
114.6 50.59359 14 1.0
114.7 50.63986 14 1.0
114.8 50.68613 14 1.0
114.9 50.73241 14 1.0
115.0 50.77868 14 1.0
115.1 50.82495 14 1.0
115.2 50.87122 14 1.0
115.3 50.91749 14 1.0
115.4 50.96377 14 1.0
115.5 51.01004 14 1.0
115.6 50.47954 14 1.0
115.7 49.82197 14 1.0
115.8 49.16315 14 1.0
115.9 48.50307 14 1.0
116.0 47.84172 14 1.0
116.1 47.17912 14 1.0
116.2 46.51525 14 1.0
116.3 45.85012 14 1.0
116.4 45.18373 14 1.0
116.5 44.51608 14 1.0
116.6 43.84717 14 1.0
116.7 43.17699 14 1.0
116.8 42.50556 14 1.0
116.9 41.83286 14 1.0
117.0 41.1589 14 1.0
117.1 40.48368 14 1.0
117.2 39.8072 14 1.0
117.3 39.12946 14 1.0
117.4 38.45046 14 1.0
117.5 37.77019 14 1.0
117.6 37.08867 14 1.0
117.7 36.40588 14 1.0
117.8 35.72183 14 1.0
117.9 35.03652 14 1.0
118.0 34.34995 14 1.0
118.1 33.66212 14 1.0
118.2 32.97302 14 1.0
118.3 32.28267 14 1.0
118.4 31.59105 14 1.0
118.5 30.89817 14 1.0
118.6 30.20403 14 1.0
118.7 29.50863 14 1.0
118.8 28.81197 14 1.0
118.9 28.11405 14 1.0
119.0 27.41486 14 1.0
119.1 26.71441 14 1.0
119.2 26.01271 14 1.0
119.3 25.30974 14 1.0
119.4 24.60551 14 1.0
119.5 23.90002 14 1.0
119.6 23.19326 14 1.0
119.7 22.48525 14 1.0
119.8 21.77597 14 1.0
119.9 21.06544 14 1.0
120.0 20.35364 14 1.0
120.1 19.48787 14 1.0
120.2 18.6203 14 1.0
120.3 17.75095 14 1.0
120.4 16.8798 14 1.0
120.5 16.00686 14 1.0
120.6 15.13213 14 1.0
120.7 14.2556 14 1.0
120.8 13.37729 14 1.0
120.9 12.49718 14 1.0
121.0 11.61528 14 1.0
121.1 10.73159 14 1.0
121.2 9.846106 14 1.0
121.3 8.958831 14 1.0
121.4 8.069764 14 1.0
121.5 7.178905 14 1.0
121.6 6.286255 14 1.0
121.7 5.391812 14 1.0
121.8 4.495578 14 1.0
121.9 0.0 15 0.0
122.0 0.0 15 0.0
122.1 0.0 15 0.0
122.2 0.0 15 0.0
122.3 0.0 15 0.0
122.4 0.0 15 0.0
122.5 0.0 15 0.0
122.6 0.0 15 0.0
122.7 0.0 15 0.0
122.8 0.0 15 0.0
122.9 0.0 15 0.0
123.0 0.0 15 0.0
123.1 0.0 15 0.0
123.2 0.0 15 0.0
123.3 0.0 15 0.0
123.4 0.0 15 0.0
123.5 0.0 15 0.0
123.6 0.0 15 0.0
123.7 0.0 15 0.0
123.8 0.0 15 0.0
123.9 0.0 15 0.0
124.0 0.0 15 0.0
124.1 0.0 15 0.0
124.2 0.0 15 0.0
124.3 0.0 15 0.0
124.4 0.0 15 0.0
124.5 0.0 15 0.0
124.6 0.0 15 0.0
124.7 0.0 15 0.0
124.8 0.0 15 0.0
124.9 0.0 15 0.0
125.0 0.0 15 0.0
125.1 0.0 15 0.0
125.2 0.0 15 0.0
125.3 0.0 15 0.0
125.4 0.0 15 0.0
125.5 0.0 15 0.0
125.6 0.0 15 0.0
125.7 0.0 15 0.0
125.8 0.0 15 0.0
125.9 0.0 15 0.0
126.0 0.0 15 0.0
126.1 0.0 15 0.0
126.2 0.0 15 0.0
126.3 0.0 15 0.0
126.4 0.0 15 0.0
126.5 0.0 15 0.0
126.6 0.0 15 0.0
126.7 0.0 15 0.0
126.8 0.0 15 0.0
126.9 0.0 15 0.0
127.0 0.0 15 0.0
127.1 0.0 15 0.0
127.2 0.0 15 0.0
127.3 0.0 15 0.0
127.4 0.0 15 0.0
127.5 0.0 15 0.0
127.6 0.0 15 0.0
127.7 0.0 15 0.0
127.8 0.0 15 0.0
127.9 0.0 15 0.0
128.0 0.0 15 0.0
128.1 0.0 15 0.0
128.2 0.0 15 0.0
128.3 0.0 15 0.0
128.4 0.0 15 0.0
128.5 0.0 15 0.0
128.6 0.0 15 0.0
128.7 0.0 15 0.0
128.8 0.0 15 0.0
128.9 0.0 15 0.0
129.0 0.0 15 0.0
129.1 0.0 15 0.0
129.2 0.0 15 0.0
129.3 0.0 15 0.0
129.4 0.0 15 0.0
129.5 0.0 15 0.0
129.6 0.0 15 0.0
129.7 0.0 15 0.0
129.8 0.0 15 0.0
129.9 0.0 15 0.0
130.0 0.0 15 0.0
130.1 0.0 15 0.0
130.2 0.0 15 0.0
130.3 0.0 15 0.0
130.4 0.0 15 0.0
130.5 0.0 15 0.0
130.6 0.0 15 0.0
130.7 0.0 15 0.0
130.8 0.0 15 0.0
130.9 0.0 15 0.0
131.0 0.0 15 0.0
131.1 0.0 15 0.0
131.2 0.0 15 0.0
131.3 0.0 15 0.0
131.4 0.0 15 0.0
131.5 0.0 15 0.0
131.6 0.0 15 0.0
131.7 0.0 15 0.0
131.8 0.0 15 0.0
131.9 0.0 15 0.0
132.0 0.0 15 0.0
132.1 0.0 15 0.0
132.2 0.0 15 0.0
132.3 0.0 15 0.0
132.4 0.0 15 0.0
132.5 0.0 15 0.0
132.6 0.0 15 0.0
132.7 0.0 15 0.0
132.8 0.0 15 0.0
132.9 0.0 15 0.0
133.0 0.0 15 0.0
133.1 0.0 15 0.0
133.2 0.0 15 0.0
133.3 0.0 15 0.0
133.4 0.0 15 0.0
133.5 0.0 15 0.0
133.6 0.0 15 0.0
133.7 0.0 15 0.0
133.8 0.0 15 0.0
133.9 0.0 15 0.0
134.0 0.0 15 0.0
134.1 0.0 15 0.0
134.2 0.0 15 0.0
134.3 0.0 15 0.0
134.4 0.0 15 0.0
134.5 0.0 15 0.0
134.6 0.0 15 0.0
134.7 0.0 15 0.0
134.8 0.0 15 0.0
134.9 0.0 15 0.0
135.0 0.0 15 0.0
135.1 0.0 15 0.0
135.2 0.0 15 0.0
135.3 0.0 15 0.0
135.4 0.0 15 0.0
135.5 0.0 15 0.0
135.6 0.0 15 0.0
135.7 0.0 15 0.0
135.8 0.0 15 0.0
135.9 0.0 15 0.0
136.0 0.0 15 0.0
136.1 0.0 15 0.0
136.2 0.0 15 0.0
136.3 0.0 15 0.0
136.4 0.0 15 0.0
136.5 0.0 15 0.0
136.6 0.0 15 0.0
136.7 0.0 15 0.0
136.8 0.0 15 0.0
136.9 0.0 15 0.0
137.0 0.0 15 0.0
137.1 0.0 15 0.0
137.2 0.0 15 0.0
137.3 0.0 15 0.0
137.4 0.0 15 0.0
137.5 0.0 15 0.0
137.6 0.0 15 0.0
137.7 0.0 15 0.0
137.8 0.0 15 0.0
137.9 0.0 15 0.0
138.0 0.0 15 0.0
138.1 0.0 15 0.0
138.2 0.0 15 0.0
138.3 0.0 15 0.0
138.4 0.0 15 0.0
138.5 0.0 15 0.0
138.6 0.0 15 0.0
138.7 0.0 15 0.0
138.8 0.0 15 0.0
138.9 0.0 15 0.0
139.0 0.0 15 0.0
139.1 0.0 15 0.0
139.2 0.0 15 0.0
139.3 0.0 15 0.0
139.4 0.0 15 0.0
139.5 0.0 15 0.0
139.6 0.0 15 0.0
139.7 0.0 15 0.0
139.8 0.0 15 0.0
139.9 0.0 15 0.0
140.0 0.0 15 0.0
140.1 0.0 15 0.0
140.2 0.0 15 0.0
140.3 0.0 15 0.0
140.4 0.0 15 0.0
140.5 0.0 15 0.0
140.6 0.0 15 0.0
140.7 0.0 15 0.0
140.8 0.0 15 0.0
140.9 0.0 15 0.0
141.0 0.0 15 0.0
141.1 0.0 15 0.0
141.2 0.0 15 0.0
141.3 0.0 15 0.0
141.4 0.0 15 0.0
141.5 0.0 15 0.0
141.6 0.0 15 0.0
141.7 0.0 15 0.0
141.8 0.0 15 0.0
141.9 0.0 15 0.0
142.0 0.0 15 0.0
142.1 0.0 15 0.0
142.2 0.0 15 0.0
142.3 0.0 15 0.0
142.4 0.0 15 0.0
142.5 0.0 15 0.0
142.6 0.0 15 0.0
142.7 0.0 15 0.0
142.8 0.0 15 0.0
142.9 0.0 15 0.0
143.0 0.0 15 0.0
143.1 0.0 15 0.0
143.2 0.0 15 0.0
143.3 0.0 15 0.0
143.4 0.0 15 0.0
143.5 0.0 15 0.0
143.6 0.0 15 0.0
143.7 0.0 15 0.0
143.8 0.0 15 0.0
143.9 0.0 15 0.0
144.0 0.0 15 0.0
144.1 0.0 15 0.0
144.2 0.0 15 0.0
144.3 0.0 15 0.0
144.4 0.0 15 0.0
144.5 0.0 15 0.0
144.6 0.0 15 0.0
144.7 0.0 15 0.0
144.8 5.97523 14 1.0
144.9 9.151661 14 1.0
145.0 12.31191 14 1.0
145.1 15.45597 14 1.0
145.2 18.58385 14 1.0
145.3 21.69555 14 1.0
145.4 24.79106 14 1.0
145.5 27.87039 14 1.0
145.6 30.93354 14 1.0
145.7 33.9805 14 1.0
145.8 37.01128 14 1.0
145.9 40.02588 14 1.0
146.0 43.02429 14 1.0
146.1 46.00652 14 1.0
146.2 48.97256 14 1.0
146.3 51.92242 14 1.0
146.4 53.89379 14 1.0
146.5 53.75048 14 1.0
146.6 53.60718 14 1.0
146.7 53.46388 14 1.0
146.8 53.32057 14 1.0
146.9 53.17727 14 1.0
147.0 53.03397 14 1.0
147.1 52.89067 14 1.0
147.2 52.74736 14 1.0
147.3 52.60406 14 1.0
147.4 52.46076 14 1.0
147.5 52.31745 14 1.0
147.6 52.17415 14 1.0
147.7 52.03085 14 1.0
147.8 51.88754 14 1.0
147.9 51.74424 14 1.0
148.0 51.60094 14 1.0
148.1 51.45764 14 1.0
148.2 51.31433 14 1.0
148.3 51.17103 14 1.0
148.4 51.02773 14 1.0
148.5 50.88442 14 1.0
148.6 50.74112 14 1.0
148.7 50.59782 14 1.0
148.8 50.45451 14 1.0
148.9 50.31121 14 1.0
149.0 50.16791 14 1.0
149.1 50.02461 14 1.0
149.2 49.8813 14 1.0
149.3 49.738 14 1.0
149.4 49.63829 14 1.0
149.5 49.54468 14 1.0
149.6 49.45106 14 1.0
149.7 49.35745 14 1.0
149.8 49.26383 14 1.0
149.9 49.17021 14 1.0
150.0 49.0766 14 1.0
150.1 49.15468 14 1.0
150.2 49.23276 14 1.0
150.3 49.31083 14 1.0
150.4 49.38892 14 1.0
150.5 49.467 14 1.0
150.6 49.54508 14 1.0
150.7 49.62315 14 1.0
150.8 49.70124 14 1.0
150.9 49.77932 14 1.0
151.0 49.85739 14 1.0
151.1 49.93547 14 1.0
151.2 50.01356 14 1.0
151.3 50.09164 14 1.0
151.4 50.16972 14 1.0
151.5 50.2478 14 1.0
151.6 50.32587 14 1.0
151.7 50.40395 14 1.0
151.8 50.48203 14 1.0
151.9 50.56011 14 1.0
152.0 50.63819 14 1.0
152.1 50.71628 14 1.0
152.2 50.79436 14 1.0
152.3 50.87244 14 1.0
152.4 50.95052 14 1.0
152.5 51.02859 14 1.0
152.6 51.10667 14 1.0
152.7 51.18475 14 1.0
152.8 51.26283 14 1.0
152.9 51.35237 14 1.0
153.0 51.44263 14 1.0
153.1 51.53289 14 1.0
153.2 51.62314 14 1.0
153.3 51.7134 14 1.0
153.4 51.80366 14 1.0
153.5 51.89392 14 1.0
153.6 51.98418 14 1.0
153.7 52.07444 14 1.0
153.8 52.16469 14 1.0
153.9 52.25495 14 1.0
154.0 52.34521 14 1.0
154.1 52.43547 14 1.0
154.2 52.52573 14 1.0
154.3 52.61599 14 1.0
154.4 52.70624 14 1.0
154.5 52.7965 14 1.0
154.6 52.88676 14 1.0
154.7 52.97702 14 1.0
154.8 53.06728 14 1.0
154.9 53.15754 14 1.0
155.0 53.24779 14 1.0
155.1 53.33805 14 1.0
155.2 53.42831 14 1.0
155.3 53.51857 14 1.0
155.4 53.60883 14 1.0
155.5 53.69909 14 1.0
155.6 53.78934 14 1.0
155.7 53.8796 14 1.0
155.8 53.96986 14 1.0
155.9 54.06012 14 1.0
156.0 54.15038 14 1.0
156.1 54.24064 14 1.0
156.2 54.33089 14 1.0
156.3 54.42115 14 1.0
156.4 54.51141 14 1.0
156.5 54.60167 14 1.0
156.6 54.69193 14 1.0
156.7 54.78218 14 1.0
156.8 54.87244 14 1.0
156.9 54.17339 14 1.0
157.0 52.60003 14 1.0
157.1 51.02127 14 1.0
157.2 49.43711 14 1.0
157.3 47.84754 14 1.0
157.4 46.25258 14 1.0
157.5 44.65221 14 1.0
157.6 43.04644 14 1.0
157.7 41.43527 14 1.0
157.8 39.81869 14 1.0
157.9 38.19672 14 1.0
158.0 36.56934 14 1.0
158.1 34.93656 14 1.0
158.2 33.29838 14 1.0
158.3 31.6548 14 1.0
158.4 30.00582 14 1.0
158.5 28.35144 14 1.0
158.6 26.69165 14 1.0
158.7 25.02646 14 1.0
158.8 23.35587 14 1.0
158.9 21.67988 14 1.0
159.0 19.99849 14 1.0
159.1 18.31169 14 1.0
159.2 16.61949 14 1.0
159.3 14.92189 14 1.0
159.4 13.21889 14 1.0
159.5 11.51049 14 1.0
159.6 9.79669 14 1.0
159.7 8.077485 14 1.0
159.8 6.352878 14 1.0
159.9 4.62287 14 1.0
160.0 0.0 15 0.0
160.1 0.0 15 0.0
160.2 0.0 15 0.0
160.3 0.0 15 0.0
160.4 0.0 15 0.0
160.5 0.0 15 0.0
160.6 0.0 15 0.0
160.7 0.0 15 0.0
160.8 0.0 15 0.0
160.9 0.0 15 0.0
161.0 0.0 15 0.0
161.1 0.0 15 0.0
161.2 0.0 15 0.0
161.3 0.0 15 0.0
161.4 0.0 15 0.0
161.5 0.0 15 0.0
161.6 0.0 15 0.0
161.7 0.0 15 0.0
161.8 0.0 15 0.0
161.9 0.0 15 0.0
162.0 0.0 15 0.0
162.1 0.0 15 0.0
162.2 0.0 15 0.0
162.3 0.0 15 0.0
162.4 0.0 15 0.0
162.5 0.0 15 0.0
162.6 0.0 15 0.0
162.7 0.0 15 0.0
162.8 0.0 15 0.0
162.9 0.0 15 0.0
163.0 0.0 15 0.0
163.1 0.0 15 0.0
163.2 0.0 15 0.0
163.3 0.0 15 0.0
163.4 0.0 15 0.0
163.5 0.0 15 0.0
163.6 0.0 15 0.0
163.7 0.0 15 0.0
163.8 0.0 15 0.0
163.9 0.0 15 0.0
164.0 0.0 15 0.0
164.1 0.0 15 0.0
164.2 0.0 15 0.0
164.3 0.0 15 0.0
164.4 0.0 15 0.0
164.5 0.0 15 0.0
164.6 0.0 15 0.0
164.7 0.0 15 0.0
164.8 0.0 15 0.0
164.9 0.0 15 0.0
165.0 0.0 15 0.0
165.1 0.0 15 0.0
165.2 0.0 15 0.0
165.3 0.0 15 0.0
165.4 0.0 15 0.0
165.5 0.0 15 0.0
165.6 0.0 15 0.0
165.7 0.0 15 0.0
165.8 0.0 15 0.0
165.9 0.0 15 0.0
166.0 0.0 15 0.0
166.1 0.0 15 0.0
166.2 0.0 15 0.0
166.3 0.0 15 0.0
166.4 0.0 15 0.0
166.5 0.0 15 0.0
166.6 0.0 15 0.0
166.7 0.0 15 0.0
166.8 0.0 15 0.0
166.9 0.0 15 0.0
167.0 0.0 15 0.0
167.1 0.0 15 0.0
167.2 0.0 15 0.0
167.3 0.0 15 0.0
167.4 0.0 15 0.0
167.5 0.0 15 0.0
167.6 0.0 15 0.0
167.7 0.0 15 0.0
167.8 0.0 15 0.0
167.9 0.0 15 0.0
168.0 0.0 15 0.0
168.1 0.0 15 0.0
168.2 0.0 15 0.0
168.3 0.0 15 0.0
168.4 0.0 15 0.0
168.5 0.0 15 0.0
168.6 0.0 15 0.0
168.7 0.0 15 0.0
168.8 0.0 15 0.0
168.9 0.0 15 0.0
169.0 0.0 15 0.0
169.1 0.0 15 0.0
169.2 0.0 15 0.0
169.3 0.0 15 0.0
169.4 0.0 15 0.0
169.5 0.0 15 0.0
169.6 0.0 15 0.0
169.7 0.0 15 0.0
169.8 0.0 15 0.0
169.9 0.0 15 0.0
170.0 0.0 15 0.0
170.1 0.0 15 0.0
170.2 0.0 15 0.0
170.3 0.0 15 0.0
170.4 0.0 15 0.0
170.5 0.0 15 0.0
170.6 0.0 15 0.0
170.7 0.0 15 0.0
170.8 0.0 15 0.0
170.9 0.0 15 0.0
171.0 0.0 15 0.0
171.1 0.0 15 0.0
171.2 0.0 15 0.0
171.3 0.0 15 0.0
171.4 0.0 15 0.0
171.5 0.0 15 0.0
171.6 0.0 15 0.0
171.7 0.0 15 0.0
171.8 0.0 15 0.0
171.9 0.0 15 0.0
172.0 0.0 15 0.0
172.1 0.0 15 0.0
172.2 0.0 15 0.0
172.3 0.0 15 0.0
172.4 0.0 15 0.0
172.5 0.0 15 0.0
172.6 0.0 15 0.0
172.7 0.0 15 0.0
172.8 0.0 15 0.0
172.9 0.0 15 0.0
173.0 0.0 15 0.0
173.1 0.0 15 0.0
173.2 0.0 15 0.0
173.3 0.0 15 0.0
173.4 0.0 15 0.0
173.5 0.0 15 0.0
173.6 0.0 15 0.0
173.7 0.0 15 0.0
173.8 0.0 15 0.0
173.9 0.0 15 0.0
174.0 0.0 15 0.0
174.1 0.0 15 0.0
174.2 0.0 15 0.0
174.3 0.0 15 0.0
174.4 0.0 15 0.0
174.5 0.0 15 0.0
174.6 0.0 15 0.0
174.7 0.0 15 0.0
174.8 0.0 15 0.0
174.9 0.0 15 0.0
175.0 0.0 15 0.0
175.1 0.0 15 0.0
175.2 0.0 15 0.0
175.3 0.0 15 0.0
175.4 0.0 15 0.0
175.5 0.0 15 0.0
175.6 0.0 15 0.0
175.7 0.0 15 0.0
175.8 0.0 15 0.0
175.9 0.0 15 0.0
176.0 0.0 15 0.0
176.1 0.0 15 0.0
176.2 0.0 15 0.0
176.3 0.0 15 0.0
176.4 0.0 15 0.0
176.5 0.0 15 0.0
176.6 0.0 15 0.0
176.7 0.0 15 0.0
176.8 0.0 15 0.0
176.9 0.0 15 0.0
177.0 0.0 15 0.0
177.1 0.0 15 0.0
177.2 0.0 15 0.0
177.3 0.0 15 0.0
177.4 0.0 15 0.0
177.5 0.0 15 0.0
177.6 0.0 15 0.0
177.7 0.0 15 0.0
177.8 0.0 15 0.0
177.9 0.0 15 0.0
178.0 0.0 15 0.0
178.1 0.0 15 0.0
178.2 0.0 15 0.0
178.3 0.0 15 0.0
178.4 0.0 15 0.0
178.5 0.0 15 0.0
178.6 0.0 15 0.0
178.7 0.0 15 0.0
178.8 0.0 15 0.0
178.9 0.0 15 0.0
179.0 0.0 15 0.0
179.1 0.0 15 0.0
179.2 0.0 15 0.0
179.3 0.0 15 0.0
179.4 0.0 15 0.0
179.5 0.0 15 0.0
179.6 0.0 15 0.0
179.7 0.0 15 0.0
179.8 0.0 15 0.0
179.9 0.0 15 0.0
180.0 0.0 15 0.0
180.1 0.0 15 0.0
180.2 0.0 15 0.0
180.3 0.0 15 0.0
180.4 0.0 15 0.0
180.5 0.0 15 0.0
180.6 0.0 15 0.0
180.7 0.0 15 0.0
180.8 0.0 15 0.0
180.9 0.0 15 0.0
181.0 0.0 15 0.0
181.1 0.0 15 0.0
181.2 0.0 15 0.0
181.3 0.0 15 0.0
181.4 0.0 15 0.0
181.5 0.0 15 0.0
181.6 0.0 15 0.0
181.7 0.0 15 0.0
181.8 0.0 15 0.0
181.9 0.0 15 0.0
182.0 0.0 15 0.0
182.1 0.0 15 0.0
182.2 0.0 15 0.0
182.3 0.0 15 0.0
182.4 0.0 15 0.0
182.5 0.0 15 0.0
182.6 0.0 15 0.0
182.7 0.0 15 0.0
182.8 0.0 15 0.0
182.9 0.0 15 0.0
183.0 0.0 15 0.0
183.1 0.0 15 0.0
183.2 0.0 15 0.0
183.3 0.0 15 0.0
183.4 0.0 15 0.0
183.5 0.0 15 0.0
183.6 0.0 15 0.0
183.7 0.0 15 0.0
183.8 0.0 15 0.0
183.9 0.0 15 0.0
184.0 0.0 15 0.0
184.1 0.0 15 0.0
184.2 0.0 15 0.0
184.3 0.0 15 0.0
184.4 0.0 15 0.0
184.5 0.0 15 0.0
184.6 0.0 15 0.0
184.7 0.0 15 0.0
184.8 0.0 15 0.0
184.9 0.0 15 0.0
185.0 0.0 15 0.0
185.1 0.0 15 0.0
185.2 0.0 15 0.0
185.3 0.0 15 0.0
185.4 0.0 15 0.0
185.5 0.0 15 0.0
185.6 0.0 15 0.0
185.7 0.0 15 0.0
185.8 0.0 15 0.0
185.9 0.0 15 0.0
186.0 0.0 15 0.0
186.1 0.0 15 0.0
186.2 0.0 15 0.0
186.3 0.0 15 0.0
186.4 0.0 15 0.0
186.5 0.0 15 0.0
186.6 0.0 15 0.0
186.7 0.0 15 0.0
186.8 0.0 15 0.0
186.9 0.0 15 0.0
187.0 0.0 15 0.0
187.1 0.0 15 0.0
187.2 0.0 15 0.0
187.3 0.0 15 0.0
187.4 0.0 15 0.0
187.5 0.0 15 0.0
187.6 0.0 15 0.0
187.7 0.0 15 0.0
187.8 0.0 15 0.0
187.9 0.0 15 0.0
188.0 0.0 15 0.0
188.1 0.0 15 0.0
188.2 0.0 15 0.0
188.3 0.0 15 0.0
188.4 0.0 15 0.0
188.5 0.0 15 0.0
188.6 0.0 15 0.0
188.7 0.0 15 0.0
188.8 0.0 15 0.0
188.9 0.0 15 0.0
189.0 0.0 15 0.0
189.1 0.0 15 0.0
189.2 0.0 15 0.0
189.3 0.0 15 0.0
189.4 0.0 15 0.0
189.5 0.0 15 0.0
189.6 0.0 15 0.0
189.7 0.0 15 0.0
189.8 0.0 15 0.0
189.9 0.0 15 0.0
190.0 0.0 15 0.0
190.1 0.0 15 0.0
190.2 0.0 15 0.0
190.3 0.0 15 0.0
190.4 0.0 15 0.0
190.5 0.0 15 0.0
190.6 0.0 15 0.0
190.7 0.0 15 0.0
190.8 0.0 15 0.0
190.9 0.0 15 0.0
191.0 0.0 15 0.0
191.1 0.0 15 0.0
191.2 0.0 15 0.0
191.3 0.0 15 0.0
191.4 0.0 15 0.0
191.5 0.0 15 0.0
191.6 0.0 15 0.0
191.7 0.0 15 0.0
191.8 0.0 15 0.0
191.9 0.0 15 0.0
192.0 0.0 15 0.0
192.1 0.0 15 0.0
192.2 0.0 15 0.0
192.3 0.0 15 0.0
192.4 0.0 15 0.0
192.5 0.0 15 0.0
192.6 0.0 15 0.0
192.7 0.0 15 0.0
192.8 0.0 15 0.0
192.9 0.0 15 0.0
193.0 0.0 15 0.0
193.1 0.0 15 0.0
193.2 0.0 15 0.0
193.3 0.0 15 0.0
193.4 0.0 15 0.0
193.5 0.0 15 0.0
193.6 0.0 15 0.0
193.7 0.0 15 0.0
193.8 0.0 15 0.0
193.9 0.0 15 0.0
194.0 0.0 15 0.0
194.1 0.0 15 0.0
194.2 0.0 15 0.0
194.3 0.0 15 0.0
194.4 0.0 15 0.0
194.5 0.0 15 0.0
194.6 0.0 15 0.0
194.7 0.0 15 0.0
194.8 0.0 15 0.0
194.9 0.0 15 0.0
195.0 0.0 15 0.0
195.1 0.0 15 0.0
195.2 0.0 15 0.0
195.3 0.0 15 0.0
195.4 0.0 15 0.0
195.5 0.0 15 0.0
195.6 0.0 15 0.0
195.7 0.0 15 0.0
195.8 0.0 15 0.0
195.9 0.0 15 0.0
196.0 0.0 15 0.0
196.1 0.0 15 0.0
196.2 0.0 15 0.0
196.3 0.0 15 0.0
196.4 0.0 15 0.0
196.5 0.0 15 0.0
196.6 0.0 15 0.0
196.7 0.0 15 0.0
196.8 0.0 15 0.0
196.9 0.0 15 0.0
197.0 0.0 15 0.0
197.1 0.0 15 0.0
197.2 0.0 15 0.0
197.3 0.0 15 0.0
197.4 0.0 15 0.0
197.5 0.0 15 0.0
197.6 0.0 15 0.0
197.7 0.0 15 0.0
197.8 0.0 15 0.0
197.9 0.0 15 0.0
198.0 0.0 15 0.0
198.1 0.0 15 0.0
198.2 0.0 15 0.0
198.3 0.0 15 0.0
198.4 0.0 15 0.0
198.5 0.0 15 0.0
198.6 0.0 15 0.0
198.7 0.0 15 0.0
198.8 0.0 15 0.0
198.9 0.0 15 0.0
199.0 0.0 15 0.0
199.1 0.0 15 0.0
199.2 0.0 15 0.0
199.3 0.0 15 0.0
199.4 0.0 15 0.0
199.5 0.0 15 0.0
199.6 0.0 15 0.0
199.7 0.0 15 0.0
199.8 0.0 15 0.0
199.9 0.0 15 0.0
200.0 0.0 15 0.0
200.1 0.0 15 0.0
200.2 0.0 15 0.0
200.3 0.0 15 0.0
200.4 0.0 15 0.0
200.5 0.0 15 0.0
200.6 0.0 15 0.0
200.7 0.0 15 0.0
200.8 0.0 15 0.0
200.9 0.0 15 0.0
201.0 0.0 15 0.0
201.1 0.0 15 0.0
201.2 0.0 15 0.0
201.3 0.0 15 0.0
201.4 0.0 15 0.0
201.5 0.0 15 0.0
201.6 0.0 15 0.0
201.7 0.0 15 0.0
201.8 0.0 15 0.0
201.9 0.0 15 0.0
202.0 0.0 15 0.0
202.1 0.0 15 0.0
202.2 0.0 15 0.0
202.3 0.0 15 0.0
202.4 0.0 15 0.0
202.5 0.0 15 0.0
202.6 0.0 15 0.0
202.7 0.0 15 0.0
202.8 0.0 15 0.0
202.9 0.0 15 0.0
203.0 0.0 15 0.0
203.1 0.0 15 0.0
203.2 0.0 15 0.0
203.3 0.0 15 0.0
203.4 0.0 15 0.0
203.5 0.0 15 0.0
203.6 0.0 15 0.0
203.7 0.0 15 0.0
203.8 0.0 15 0.0
203.9 0.0 15 0.0
204.0 0.0 15 0.0
204.1 0.0 15 0.0
204.2 0.0 15 0.0
204.3 0.0 15 0.0
204.4 0.0 15 0.0
204.5 0.0 15 0.0
204.6 0.0 15 0.0
204.7 0.0 15 0.0
204.8 0.0 15 0.0
204.9 0.0 15 0.0
205.0 0.0 15 0.0
205.1 0.0 15 0.0
205.2 0.0 15 0.0
205.3 0.0 15 0.0
205.4 0.0 15 0.0
205.5 0.0 15 0.0
205.6 0.0 15 0.0
205.7 0.0 15 0.0
205.8 0.0 15 0.0
205.9 0.0 15 0.0
206.0 0.0 15 0.0
206.1 0.0 15 0.0
206.2 0.0 15 0.0
206.3 0.0 15 0.0
206.4 0.0 15 0.0
206.5 0.0 15 0.0
206.6 0.0 15 0.0
206.7 0.0 15 0.0
206.8 0.0 15 0.0
206.9 0.0 15 0.0
207.0 0.0 15 0.0
207.1 0.0 15 0.0
207.2 0.0 15 0.0
207.3 0.0 15 0.0
207.4 0.0 15 0.0
207.5 0.0 15 0.0
207.6 0.0 15 0.0
207.7 0.0 15 0.0
207.8 0.0 15 0.0
207.9 0.0 15 0.0
208.0 0.0 15 0.0
208.1 0.0 15 0.0
208.2 0.0 15 0.0
208.3 0.0 15 0.0
208.4 0.0 15 0.0
208.5 0.0 15 0.0
208.6 0.0 15 0.0
208.7 0.0 15 0.0
208.8 0.0 15 0.0
208.9 0.0 15 0.0
209.0 0.0 15 0.0
209.1 0.0 15 0.0
209.2 0.0 15 0.0
209.3 0.0 15 0.0
209.4 0.0 15 0.0
209.5 0.0 15 0.0
209.6 0.0 15 0.0
209.7 0.0 15 0.0
209.8 0.0 15 0.0
209.9 0.0 15 0.0
210.0 0.0 15 0.0
210.1 0.0 15 0.0
210.2 0.0 15 0.0
210.3 0.0 15 0.0
210.4 0.0 15 0.0
210.5 0.0 15 0.0
210.6 0.0 15 0.0
210.7 0.0 15 0.0
210.8 0.0 15 0.0
210.9 0.0 15 0.0
211.0 0.0 15 0.0
211.1 0.0 15 0.0
211.2 0.0 15 0.0
211.3 0.0 15 0.0
211.4 0.0 15 0.0
211.5 0.0 15 0.0
211.6 0.0 15 0.0
211.7 0.0 15 0.0
211.8 0.0 15 0.0
211.9 0.0 15 0.0
212.0 0.0 15 0.0
212.1 0.0 15 0.0
212.2 0.0 15 0.0
212.3 0.0 15 0.0
212.4 0.0 15 0.0
212.5 0.0 15 0.0
212.6 0.0 15 0.0
212.7 0.0 15 0.0
212.8 0.0 15 0.0
212.9 0.0 15 0.0
213.0 0.0 15 0.0
213.1 0.0 15 0.0
213.2 0.0 15 0.0
213.3 0.0 15 0.0
213.4 0.0 15 0.0
213.5 0.0 15 0.0
213.6 0.0 15 0.0
213.7 0.0 15 0.0
213.8 0.0 15 0.0
213.9 0.0 15 0.0
214.0 0.0 15 0.0
214.1 0.0 15 0.0
214.2 0.0 15 0.0
214.3 0.0 15 0.0
214.4 0.0 15 0.0
214.5 0.0 15 0.0
214.6 0.0 15 0.0
214.7 0.0 15 0.0
214.8 0.0 15 0.0
214.9 0.0 15 0.0
215.0 0.0 15 0.0
215.1 0.0 15 0.0
215.2 0.0 15 0.0
215.3 0.0 15 0.0
215.4 0.0 15 0.0
215.5 0.0 15 0.0
215.6 0.0 15 0.0
215.7 0.0 15 0.0
215.8 0.0 15 0.0
215.9 0.0 15 0.0
216.0 0.0 15 0.0
216.1 0.0 15 0.0
216.2 0.0 15 0.0
216.3 0.0 15 0.0
216.4 0.0 15 0.0
216.5 0.0 15 0.0
216.6 0.0 15 0.0
216.7 0.0 15 0.0
216.8 0.0 15 0.0
216.9 0.0 15 0.0
217.0 0.0 15 0.0
217.1 0.0 15 0.0
217.2 0.0 15 0.0
217.3 0.0 15 0.0
217.4 0.0 15 0.0
217.5 0.0 15 0.0
217.6 0.0 15 0.0
217.7 0.0 15 0.0
217.8 0.0 15 0.0
217.9 0.0 15 0.0
218.0 0.0 15 0.0
218.1 0.0 15 0.0
218.2 0.0 15 0.0
218.3 0.0 15 0.0
218.4 0.0 15 0.0
218.5 0.0 15 0.0
218.6 0.0 15 0.0
218.7 0.0 15 0.0
218.8 0.0 15 0.0
218.9 0.0 15 0.0
219.0 0.0 15 0.0
219.1 0.0 15 0.0
219.2 0.0 15 0.0
219.3 0.0 15 0.0
219.4 0.0 15 0.0
219.5 0.0 15 0.0
219.6 0.0 15 0.0
219.7 0.0 15 0.0
219.8 0.0 15 0.0
219.9 0.0 15 0.0
220.0 0.0 15 0.0
220.1 0.0 15 0.0
220.2 0.0 15 0.0
220.3 0.0 15 0.0
220.4 0.0 15 0.0
220.5 0.0 15 0.0
220.6 0.0 15 0.0
220.7 0.0 15 0.0
220.8 0.0 15 0.0
220.9 0.0 15 0.0
221.0 0.0 15 0.0
221.1 0.0 15 0.0
221.2 0.0 15 0.0
221.3 0.0 15 0.0
221.4 0.0 15 0.0
221.5 0.0 15 0.0
221.6 0.0 15 0.0
221.7 0.0 15 0.0
221.8 0.0 15 0.0
221.9 0.0 15 0.0
222.0 0.0 15 0.0
222.1 0.0 15 0.0
222.2 0.0 15 0.0
222.3 0.0 15 0.0
222.4 0.0 15 0.0
222.5 0.0 15 0.0
222.6 0.0 15 0.0
222.7 0.0 15 0.0
222.8 0.0 15 0.0
222.9 0.0 15 0.0
223.0 0.0 15 0.0
223.1 0.0 15 0.0
223.2 0.0 15 0.0
223.3 0.0 15 0.0
223.4 0.0 15 0.0
223.5 0.0 15 0.0
223.6 0.0 15 0.0
223.7 0.0 15 0.0
223.8 0.0 15 0.0
223.9 0.0 15 0.0
224.0 0.0 15 0.0
224.1 0.0 15 0.0
224.2 0.0 15 0.0
224.3 0.0 15 0.0
224.4 0.0 15 0.0
224.5 0.0 15 0.0
224.6 0.0 15 0.0
224.7 0.0 15 0.0
224.8 0.0 15 0.0
224.9 0.0 15 0.0
225.0 0.0 15 0.0
225.1 0.0 15 0.0
225.2 0.0 15 0.0
225.3 0.0 15 0.0
225.4 0.0 15 0.0
225.5 0.0 15 0.0
225.6 0.0 15 0.0
225.7 0.0 15 0.0
225.8 0.0 15 0.0
225.9 0.0 15 0.0
226.0 0.0 15 0.0
226.1 0.0 15 0.0
226.2 0.0 15 0.0
226.3 0.0 15 0.0
226.4 0.0 15 0.0
226.5 0.0 15 0.0
226.6 0.0 15 0.0
226.7 0.0 15 0.0
226.8 0.0 15 0.0
226.9 0.0 15 0.0
227.0 0.0 15 0.0
227.1 0.0 15 0.0
227.2 0.0 15 0.0
227.3 0.0 15 0.0
227.4 0.0 15 0.0
227.5 0.0 15 0.0
227.6 0.0 15 0.0
227.7 0.0 15 0.0
227.8 0.0 15 0.0
227.9 0.0 15 0.0
228.0 0.0 15 0.0
228.1 0.0 15 0.0
228.2 0.0 15 0.0
228.3 0.0 15 0.0
228.4 0.0 15 0.0
228.5 0.0 15 0.0
228.6 0.0 15 0.0
228.7 0.0 15 0.0
228.8 0.0 15 0.0
228.9 0.0 15 0.0
229.0 0.0 15 0.0
229.1 0.0 15 0.0
229.2 0.0 15 0.0
229.3 0.0 15 0.0
229.4 0.0 15 0.0
229.5 0.0 15 0.0
229.6 0.0 15 0.0
229.7 0.0 15 0.0
229.8 0.0 15 0.0
229.9 0.0 15 0.0
230.0 0.0 15 0.0
230.1 0.0 15 0.0
230.2 0.0 15 0.0
230.3 0.0 15 0.0
230.4 0.0 15 0.0
230.5 0.0 15 0.0
230.6 0.0 15 0.0
230.7 0.0 15 0.0
230.8 0.0 15 0.0
230.9 0.0 15 0.0
231.0 0.0 15 0.0
231.1 0.0 15 0.0
231.2 0.0 15 0.0
231.3 0.0 15 0.0
231.4 0.0 15 0.0
231.5 0.0 15 0.0
231.6 0.0 15 0.0
231.7 0.0 15 0.0
231.8 0.0 15 0.0
231.9 0.0 15 0.0
232.0 0.0 15 0.0
232.1 0.0 15 0.0
232.2 0.0 15 0.0
232.3 0.0 15 0.0
232.4 0.0 15 0.0
232.5 0.0 15 0.0
232.6 0.0 15 0.0
232.7 0.0 15 0.0
232.8 0.0 15 0.0
232.9 0.0 15 0.0
233.0 0.0 15 0.0
233.1 0.0 15 0.0
233.2 0.0 15 0.0
233.3 0.0 15 0.0
233.4 0.0 15 0.0
233.5 0.0 15 0.0
233.6 0.0 15 0.0
233.7 0.0 15 0.0
233.8 0.0 15 0.0
233.9 0.0 15 0.0
234.0 0.0 15 0.0
234.1 0.0 15 0.0
234.2 0.0 15 0.0
234.3 0.0 15 0.0
234.4 0.0 15 0.0
234.5 0.0 15 0.0
234.6 0.0 15 0.0
234.7 0.0 15 0.0
234.8 0.0 15 0.0
234.9 0.0 15 0.0
235.0 0.0 15 0.0
235.1 0.0 15 0.0
235.2 0.0 15 0.0
235.3 0.0 15 0.0
235.4 0.0 15 0.0
235.5 0.0 15 0.0
235.6 0.0 15 0.0
235.7 0.0 15 0.0
235.8 0.0 15 0.0
235.9 0.0 15 0.0
236.0 0.0 15 0.0
236.1 0.0 15 0.0
236.2 0.0 15 0.0
236.3 0.0 15 0.0
236.4 0.0 15 0.0
236.5 0.0 15 0.0
236.6 0.0 15 0.0
236.7 0.0 15 0.0
236.8 0.0 15 0.0
236.9 0.0 15 0.0
237.0 0.0 15 0.0
237.1 0.0 15 0.0
237.2 0.0 15 0.0
237.3 0.0 15 0.0
237.4 0.0 15 0.0
237.5 0.0 15 0.0
237.6 0.0 15 0.0
237.7 0.0 15 0.0
237.8 0.0 15 0.0
237.9 0.0 15 0.0
238.0 0.0 15 0.0
238.1 0.0 15 0.0
238.2 0.0 15 0.0
238.3 0.0 15 0.0
238.4 0.0 15 0.0
238.5 0.0 15 0.0
238.6 0.0 15 0.0
238.7 232.0465 14 1.0
238.8 232.142 14 1.0
238.9 232.2374 14 1.0
239.0 232.3328 14 1.0
239.1 232.4282 14 1.0
239.2 232.5236 14 1.0
239.3 232.619 14 1.0
239.4 232.7145 14 1.0
239.5 232.8099 14 1.0
239.6 232.9053 14 1.0
239.7 233.0007 14 1.0
239.8 233.0961 14 1.0
239.9 233.1916 14 1.0
240.0 233.287 14 1.0
240.1 233.3824 14 1.0
240.2 233.4778 14 1.0
240.3 233.5732 14 1.0
240.4 233.6687 14 1.0
240.5 233.7641 14 1.0
240.6 233.8595 14 1.0
240.7 233.9549 14 1.0
240.8 234.0503 14 1.0
240.9 234.1457 14 1.0
241.0 234.2412 14 1.0
241.1 234.3366 14 1.0
241.2 234.432 14 1.0
241.3 234.5274 14 1.0
241.4 234.6228 14 1.0
241.5 234.7183 14 1.0
241.6 234.8137 14 1.0
241.7 234.9091 14 1.0
241.8 235.0045 14 1.0
241.9 235.0999 14 1.0
242.0 235.1953 14 1.0
242.1 235.2908 14 1.0
242.2 235.3862 14 1.0
242.3 235.4816 14 1.0
242.4 235.577 14 1.0
242.5 235.6724 14 1.0
242.6 235.7679 14 1.0
242.7 235.8633 14 1.0
242.8 235.9587 14 1.0
242.9 236.0541 14 1.0
243.0 236.1495 14 1.0
243.1 236.2449 14 1.0
243.2 236.3404 14 1.0
243.3 236.4358 14 1.0
243.4 236.5312 14 1.0
243.5 236.6266 14 1.0
243.6 236.722 14 1.0
243.7 236.8175 14 1.0
243.8 236.9129 14 1.0
243.9 237.0083 14 1.0
244.0 237.1037 14 1.0
244.1 237.1991 14 1.0
244.2 237.2946 14 1.0
244.3 237.39 14 1.0
244.4 237.4854 14 1.0
244.5 237.5808 14 1.0
244.6 237.6762 14 1.0
244.7 237.7716 14 1.0
244.8 237.8671 14 1.0
244.9 237.9625 14 1.0
245.0 238.0579 14 1.0
245.1 238.1533 14 1.0
245.2 238.2487 14 1.0
245.3 238.3442 14 1.0
245.4 238.4396 14 1.0
245.5 238.535 14 1.0
245.6 238.6304 14 1.0
245.7 238.7258 14 1.0
245.8 238.8212 14 1.0
245.9 238.9167 14 1.0
246.0 239.0121 14 1.0
246.1 239.1075 14 1.0
246.2 239.2029 14 1.0
246.3 239.2983 14 1.0
246.4 239.3938 14 1.0
246.5 239.4892 14 1.0
246.6 239.5846 14 1.0
246.7 239.68 14 1.0
246.8 239.7754 14 1.0
246.9 239.8709 14 1.0
247.0 239.9663 14 1.0
247.1 240.0617 14 1.0
247.2 240.1571 14 1.0
247.3 240.2525 14 1.0
247.4 240.3479 14 1.0
247.5 240.4434 14 1.0
247.6 240.5388 14 1.0
247.7 240.6342 14 1.0
247.8 240.7296 14 1.0
247.9 240.825 14 1.0
248.0 240.9205 14 1.0
248.1 241.0159 14 1.0
248.2 241.1113 14 1.0
248.3 241.2067 14 1.0
248.4 241.3021 14 1.0
248.5 241.3975 14 1.0
248.6 241.493 14 1.0
248.7 241.5884 14 1.0
248.8 241.6838 14 1.0
248.9 241.7792 14 1.0
249.0 241.8746 14 1.0
249.1 241.9701 14 1.0
249.2 242.0655 14 1.0
249.3 242.1609 14 1.0
249.4 242.2563 14 1.0
249.5 242.3517 14 1.0
249.6 242.4472 14 1.0
249.7 242.5426 14 1.0
249.8 242.638 14 1.0
249.9 242.7334 14 1.0
250.0 242.8288 14 1.0
250.1 242.9229 14 1.0
250.2 243.017 14 1.0
250.3 243.1111 14 1.0
250.4 243.2051 14 1.0
250.5 243.2992 14 1.0
250.6 243.3933 14 1.0
250.7 243.4874 14 1.0
250.8 243.5814 14 1.0
250.9 243.6755 14 1.0
251.0 243.7696 14 1.0
251.1 243.8637 14 1.0
251.2 243.9578 14 1.0
251.3 244.0518 14 1.0
251.4 244.1459 14 1.0
251.5 244.24 14 1.0
251.6 244.3341 14 1.0
251.7 244.4281 14 1.0
251.8 244.5222 14 1.0
251.9 244.6163 14 1.0
252.0 244.7104 14 1.0
252.1 244.8045 14 1.0
252.2 244.8985 14 1.0
252.3 244.9926 14 1.0
252.4 245.0867 14 1.0
252.5 245.1808 14 1.0
252.6 245.2748 14 1.0
252.7 245.3689 14 1.0
252.8 245.463 14 1.0
252.9 245.5571 14 1.0
253.0 245.6512 14 1.0
253.1 245.7452 14 1.0
253.2 245.8393 14 1.0
253.3 245.9334 14 1.0
253.4 246.0275 14 1.0
253.5 246.1215 14 1.0
253.6 246.2156 14 1.0
253.7 246.3097 14 1.0
253.8 246.4038 14 1.0
253.9 246.4978 14 1.0
254.0 246.5919 14 1.0
254.1 246.686 14 1.0
254.2 246.7801 14 1.0
254.3 246.8742 14 1.0
254.4 246.9682 14 1.0
254.5 247.0623 14 1.0
254.6 247.1564 14 1.0
254.7 247.2505 14 1.0
254.8 247.3445 14 1.0
254.9 247.4386 14 1.0
255.0 247.5327 14 1.0
255.1 247.6268 14 1.0
255.2 247.7209 14 1.0
255.3 247.8149 14 1.0
255.4 247.909 14 1.0
255.5 248.0031 14 1.0
255.6 248.0972 14 1.0
255.7 248.1912 14 1.0
255.8 248.2853 14 1.0
255.9 248.3794 14 1.0
256.0 248.4735 14 1.0
256.1 248.5676 14 1.0
256.2 248.6616 14 1.0
256.3 248.7557 14 1.0
256.4 248.8498 14 1.0
256.5 248.9439 14 1.0
256.6 249.0379 14 1.0
256.7 249.132 14 1.0
256.8 249.2261 14 1.0
256.9 249.3202 14 1.0
257.0 249.4143 14 1.0
257.1 249.5083 14 1.0
257.2 249.6024 14 1.0
257.3 249.6965 14 1.0
257.4 249.7906 14 1.0
257.5 249.8846 14 1.0
257.6 249.9787 14 1.0
257.7 250.0728 14 1.0
257.8 250.1669 14 1.0
257.9 250.2609 14 1.0
258.0 250.355 14 1.0
258.1 250.4491 14 1.0
258.2 250.5432 14 1.0
258.3 250.6373 14 1.0
258.4 250.7313 14 1.0
258.5 250.8254 14 1.0
258.6 250.9195 14 1.0
258.7 251.0136 14 1.0
258.8 251.1076 14 1.0
258.9 251.2017 14 1.0
259.0 251.2958 14 1.0
259.1 251.3899 14 1.0
259.2 251.484 14 1.0
259.3 251.578 14 1.0
259.4 251.6721 14 1.0
259.5 251.7662 14 1.0
259.6 251.8603 14 1.0
259.7 251.9543 14 1.0
259.8 252.0484 14 1.0
259.9 252.1425 14 1.0
260.0 252.2366 14 1.0
260.1 252.3307 14 1.0
260.2 252.4247 14 1.0
260.3 252.5188 14 1.0
260.4 252.6129 14 1.0
260.5 252.707 14 1.0
260.6 252.801 14 1.0
260.7 252.8951 14 1.0
260.8 252.9892 14 1.0
260.9 253.0833 14 1.0
261.0 253.1774 14 1.0
261.1 253.2714 14 1.0
261.2 253.3655 14 1.0
261.3 253.4596 14 1.0
261.4 253.5537 14 1.0
261.5 253.6477 14 1.0
261.6 253.7418 14 1.0
261.7 253.8359 14 1.0
261.8 253.93 14 1.0
261.9 254.0241 14 1.0
262.0 254.1181 14 1.0
262.1 254.2122 14 1.0
262.2 254.3063 14 1.0
262.3 254.4004 14 1.0
262.4 254.4944 14 1.0
262.5 254.5885 14 1.0
262.6 254.6826 14 1.0
262.7 254.7767 14 1.0
262.8 254.8707 14 1.0
262.9 254.9648 14 1.0
263.0 255.0589 14 1.0
263.1 255.153 14 1.0
263.2 255.2471 14 1.0
263.3 255.3411 14 1.0
263.4 255.4352 14 1.0
263.5 255.5293 14 1.0
263.6 255.6234 14 1.0
263.7 255.7174 14 1.0
263.8 255.8115 14 1.0
263.9 255.9056 14 1.0
264.0 255.9997 14 1.0
264.1 256.0938 14 1.0
264.2 256.1878 14 1.0
264.3 256.2819 14 1.0
264.4 256.376 14 1.0
264.5 256.4701 14 1.0
264.6 256.5641 14 1.0
264.7 256.6582 14 1.0
264.8 256.7523 14 1.0
264.9 256.8464 14 1.0
265.0 256.9405 14 1.0
265.1 257.0345 14 1.0
265.2 257.1286 14 1.0
265.3 257.2227 14 1.0
265.4 257.3168 14 1.0
265.5 257.4108 14 1.0
265.6 257.5049 14 1.0
265.7 257.599 14 1.0
265.8 257.6931 14 1.0
265.9 257.7872 14 1.0
266.0 257.8812 14 1.0
266.1 257.9753 14 1.0
266.2 258.0694 14 1.0
266.3 258.1635 14 1.0
266.4 258.2575 14 1.0
266.5 258.3516 14 1.0
266.6 258.4457 14 1.0
266.7 258.5398 14 1.0
266.8 258.6338 14 1.0
266.9 258.7279 14 1.0
267.0 258.822 14 1.0
267.1 258.9161 14 1.0
267.2 259.0102 14 1.0
267.3 259.1042 14 1.0
267.4 259.1983 14 1.0
267.5 259.2924 14 1.0
267.6 259.3865 14 1.0
267.7 259.4805 14 1.0
267.8 259.5746 14 1.0
267.9 259.6687 14 1.0
268.0 259.7628 14 1.0
268.1 259.8569 14 1.0
268.2 259.9509 14 1.0
268.3 260.045 14 1.0
268.4 260.1391 14 1.0
268.5 260.2332 14 1.0
268.6 260.3272 14 1.0
268.7 260.4213 14 1.0
268.8 260.5154 14 1.0
268.9 260.6095 14 1.0
269.0 260.7036 14 1.0
269.1 260.7976 14 1.0
269.2 260.8917 14 1.0
269.3 260.9858 14 1.0
269.4 261.0799 14 1.0
269.5 261.1739 14 1.0
269.6 261.268 14 1.0
269.7 261.3621 14 1.0
269.8 261.4562 14 1.0
269.9 261.5503 14 1.0
270.0 261.6443 14 1.0
270.1 261.7384 14 1.0
270.2 261.8325 14 1.0
270.3 261.9266 14 1.0
270.4 262.0206 14 1.0
270.5 262.1147 14 1.0
270.6 262.2088 14 1.0
270.7 262.3029 14 1.0
270.8 262.397 14 1.0
270.9 262.491 14 1.0
271.0 262.5851 14 1.0
271.1 262.6792 14 1.0
271.2 262.7733 14 1.0
271.3 262.8673 14 1.0
271.4 262.9614 14 1.0
271.5 263.0555 14 1.0
271.6 263.1496 14 1.0
271.7 263.2436 14 1.0
271.8 263.3377 14 1.0
271.9 263.4318 14 1.0
272.0 263.5259 14 1.0
272.1 263.62 14 1.0
272.2 263.714 14 1.0
272.3 263.8081 14 1.0
272.4 263.9022 14 1.0
272.5 263.9963 14 1.0
272.6 264.0903 14 1.0
272.7 264.1844 14 1.0
272.8 264.2785 14 1.0
272.9 264.3726 14 1.0
273.0 264.4667 14 1.0
273.1 264.5607 14 1.0
273.2 264.6548 14 1.0
273.3 264.7489 14 1.0
273.4 264.843 14 1.0
273.5 264.937 14 1.0
273.6 265.0311 14 1.0
273.7 265.1252 14 1.0
273.8 265.2193 14 1.0
273.9 265.3134 14 1.0
274.0 265.4074 14 1.0
274.1 265.5015 14 1.0
274.2 265.5956 14 1.0
274.3 265.6897 14 1.0
274.4 265.7837 14 1.0
274.5 265.8778 14 1.0
274.6 265.9719 14 1.0
274.7 266.066 14 1.0
274.8 266.1601 14 1.0
274.9 266.2541 14 1.0
275.0 266.3482 14 1.0
275.1 266.4423 14 1.0
275.2 266.5364 14 1.0
275.3 266.6304 14 1.0
275.4 266.7245 14 1.0
275.5 266.8186 14 1.0
275.6 266.9127 14 1.0
275.7 267.0067 14 1.0
275.8 267.1008 14 1.0
275.9 267.1949 14 1.0
276.0 267.289 14 1.0
276.1 267.3831 14 1.0
276.2 267.4771 14 1.0
276.3 267.5712 14 1.0
276.4 267.6653 14 1.0
276.5 267.7594 14 1.0
276.6 267.8534 14 1.0
276.7 267.9475 14 1.0
276.8 268.0416 14 1.0
276.9 268.1357 14 1.0
277.0 268.2298 14 1.0
277.1 268.3238 14 1.0
277.2 268.4179 14 1.0
277.3 268.512 14 1.0
277.4 268.6061 14 1.0
277.5 268.7001 14 1.0
277.6 268.7942 14 1.0
277.7 268.8883 14 1.0
277.8 268.9824 14 1.0
277.9 269.0765 14 1.0
278.0 269.1705 14 1.0
278.1 269.2646 14 1.0
278.2 269.3587 14 1.0
278.3 269.4528 14 1.0
278.4 269.5468 14 1.0
278.5 269.6409 14 1.0
278.6 269.735 14 1.0
278.7 269.8291 14 1.0
278.8 269.9232 14 1.0
278.9 270.0172 14 1.0
279.0 270.1113 14 1.0
279.1 270.2054 14 1.0
279.2 270.2995 14 1.0
279.3 270.3935 14 1.0
279.4 270.4876 14 1.0
279.5 270.5817 14 1.0
279.6 270.6758 14 1.0
279.7 270.7699 14 1.0
279.8 270.8639 14 1.0
279.9 270.958 14 1.0
280.0 271.0521 14 1.0
280.1 271.1462 14 1.0
280.2 271.2402 14 1.0
280.3 271.3343 14 1.0
280.4 271.4284 14 1.0
280.5 271.5225 14 1.0
280.6 271.6165 14 1.0
280.7 271.7106 14 1.0
280.8 271.8047 14 1.0
280.9 271.8988 14 1.0
281.0 271.9929 14 1.0
281.1 272.0869 14 1.0
281.2 272.181 14 1.0
281.3 272.2751 14 1.0
281.4 272.3692 14 1.0
281.5 272.4632 14 1.0
281.6 272.5573 14 1.0
281.7 272.6514 14 1.0
281.8 272.7455 14 1.0
281.9 272.8396 14 1.0
282.0 272.9336 14 1.0
282.1 273.0277 14 1.0
282.2 273.1218 14 1.0
282.3 273.2159 14 1.0
282.4 273.3099 14 1.0
282.5 273.404 14 1.0
282.6 273.4981 14 1.0
282.7 273.5922 14 1.0
282.8 273.6863 14 1.0
282.9 273.7803 14 1.0
283.0 273.8744 14 1.0
283.1 273.9685 14 1.0
283.2 274.0626 14 1.0
283.3 274.1566 14 1.0
283.4 274.2507 14 1.0
283.5 274.3448 14 1.0
283.6 274.4389 14 1.0
283.7 274.533 14 1.0
283.8 274.627 14 1.0
283.9 274.7211 14 1.0
284.0 274.8152 14 1.0
284.1 274.9093 14 1.0
284.2 275.0033 14 1.0
284.3 275.0974 14 1.0
284.4 275.1915 14 1.0
284.5 275.2856 14 1.0
284.6 275.3796 14 1.0
284.7 275.4737 14 1.0
284.8 275.5678 14 1.0
284.9 275.6619 14 1.0
285.0 275.756 14 1.0
285.1 275.85 14 1.0
285.2 275.9441 14 1.0
285.3 276.0382 14 1.0
285.4 276.1323 14 1.0
285.5 276.2263 14 1.0
285.6 276.3204 14 1.0
285.7 276.4145 14 1.0
285.8 276.5086 14 1.0
285.9 276.6027 14 1.0
286.0 276.6967 14 1.0
286.1 276.7908 14 1.0
286.2 276.8849 14 1.0
286.3 276.979 14 1.0
286.4 277.073 14 1.0
286.5 277.1671 14 1.0
286.6 277.2612 14 1.0
286.7 277.3553 14 1.0
286.8 277.4494 14 1.0
286.9 277.5434 14 1.0
287.0 277.6375 14 1.0
287.1 277.7316 14 1.0
287.2 277.8257 14 1.0
287.3 277.9197 14 1.0
287.4 278.0138 14 1.0
287.5 278.1079 14 1.0
287.6 278.202 14 1.0
287.7 278.2961 14 1.0
287.8 278.3901 14 1.0
287.9 278.4842 14 1.0
288.0 278.5783 14 1.0
288.1 278.6724 14 1.0
288.2 278.7664 14 1.0
288.3 278.8605 14 1.0
288.4 278.9546 14 1.0
288.5 279.0487 14 1.0
288.6 279.1428 14 1.0
288.7 279.2368 14 1.0
288.8 279.3309 14 1.0
288.9 279.425 14 1.0
289.0 279.5191 14 1.0
289.1 279.6131 14 1.0
289.2 279.7072 14 1.0
289.3 279.8013 14 1.0
289.4 279.8954 14 1.0
289.5 279.9894 14 1.0
289.6 280.0835 14 1.0
289.7 280.1776 14 1.0
289.8 280.2717 14 1.0
289.9 280.3658 14 1.0
290.0 280.4598 14 1.0
290.1 280.5539 14 1.0
290.2 280.648 14 1.0
290.3 280.7421 14 1.0
290.4 280.8361 14 1.0
290.5 280.9302 14 1.0
290.6 281.0243 14 1.0
290.7 281.1184 14 1.0
290.8 281.2125 14 1.0
290.9 281.3065 14 1.0
291.0 281.4006 14 1.0
291.1 281.4947 14 1.0
291.2 281.5888 14 1.0
291.3 281.6828 14 1.0
291.4 281.7769 14 1.0
291.5 281.871 14 1.0
291.6 281.9651 14 1.0
291.7 282.0592 14 1.0
291.8 282.1532 14 1.0
291.9 282.2473 14 1.0
292.0 282.3414 14 1.0
292.1 282.4355 14 1.0
292.2 282.5295 14 1.0
292.3 282.6236 14 1.0
292.4 282.7177 14 1.0
292.5 282.8118 14 1.0
292.6 282.9059 14 1.0
292.7 282.9999 14 1.0
292.8 283.094 14 1.0
292.9 283.1881 14 1.0
293.0 283.2822 14 1.0
293.1 283.3762 14 1.0
293.2 283.4703 14 1.0
293.3 283.5644 14 1.0
293.4 283.6585 14 1.0
293.5 283.7525 14 1.0
293.6 283.8466 14 1.0
293.7 283.9407 14 1.0
293.8 284.0348 14 1.0
293.9 284.1289 14 1.0
294.0 284.2229 14 1.0
294.1 284.317 14 1.0
294.2 284.4111 14 1.0
294.3 284.5052 14 1.0
294.4 284.5992 14 1.0
294.5 284.6933 14 1.0
294.6 284.7874 14 1.0
294.7 284.8815 14 1.0
294.8 284.9756 14 1.0
294.9 285.0696 14 1.0
295.0 285.1637 14 1.0
295.1 285.2578 14 1.0
295.2 285.3519 14 1.0
295.3 285.4459 14 1.0
295.4 285.54 14 1.0
295.5 285.6341 14 1.0
295.6 285.7282 14 1.0
295.7 285.8223 14 1.0
295.8 285.9163 14 1.0
295.9 286.0104 14 1.0
296.0 286.1045 14 1.0
296.1 286.1986 14 1.0
296.2 286.2926 14 1.0
296.3 286.3867 14 1.0
296.4 286.4808 14 1.0
296.5 286.5749 14 1.0
296.6 286.669 14 1.0
296.7 286.763 14 1.0
296.8 286.8571 14 1.0
296.9 286.9512 14 1.0
297.0 287.0453 14 1.0
297.1 287.1393 14 1.0
297.2 287.2334 14 1.0
297.3 287.3275 14 1.0
297.4 287.4216 14 1.0
297.5 287.5157 14 1.0
297.6 287.6097 14 1.0
297.7 287.7038 14 1.0
297.8 287.7979 14 1.0
297.9 287.892 14 1.0
298.0 287.986 14 1.0
298.1 288.0801 14 1.0
298.2 288.1742 14 1.0
298.3 288.2683 14 1.0
298.4 288.3623 14 1.0
298.5 288.4564 14 1.0
298.6 288.5505 14 1.0
298.7 288.6446 14 1.0
298.8 288.7387 14 1.0
298.9 288.8327 14 1.0
299.0 288.9268 14 1.0
299.1 289.0209 14 1.0
299.2 289.115 14 1.0
299.3 289.209 14 1.0
299.4 289.3031 14 1.0
299.5 289.3972 14 1.0
299.6 289.4913 14 1.0
299.7 289.5854 14 1.0
299.8 289.6794 14 1.0
299.9 289.7735 14 1.0
300.0 289.8676 14 1.0
300.1 289.9589 14 1.0
300.2 290.0502 14 1.0
300.3 290.1414 14 1.0
300.4 290.2327 14 1.0
300.5 290.324 14 1.0
300.6 290.4153 14 1.0
300.7 290.5066 14 1.0
300.8 290.5979 14 1.0
300.9 290.6892 14 1.0
301.0 290.7804 14 1.0
301.1 290.8717 14 1.0
301.2 290.963 14 1.0
301.3 291.0543 14 1.0
301.4 291.1456 14 1.0
301.5 291.2369 14 1.0
301.6 291.3282 14 1.0
301.7 291.4194 14 1.0
301.8 291.5107 14 1.0
301.9 291.602 14 1.0
302.0 291.6933 14 1.0
302.1 291.7846 14 1.0
302.2 291.8759 14 1.0
302.3 291.9672 14 1.0
302.4 292.0584 14 1.0
302.5 292.1497 14 1.0
302.6 292.241 14 1.0
302.7 292.3323 14 1.0
302.8 292.4236 14 1.0
302.9 292.5149 14 1.0
303.0 292.6062 14 1.0
303.1 292.6974 14 1.0
303.2 292.7887 14 1.0
303.3 292.88 14 1.0
303.4 292.9713 14 1.0
303.5 293.0626 14 1.0
303.6 293.1539 14 1.0
303.7 293.2452 14 1.0
303.8 293.3364 14 1.0
303.9 293.4277 14 1.0
304.0 293.519 14 1.0
304.1 293.6103 14 1.0
304.2 293.7016 14 1.0
304.3 293.7929 14 1.0
304.4 293.8841 14 1.0
304.5 293.9754 14 1.0
304.6 294.0667 14 1.0
304.7 294.158 14 1.0
304.8 294.2493 14 1.0
304.9 294.3406 14 1.0
305.0 294.4319 14 1.0
305.1 294.5231 14 1.0
305.2 294.6144 14 1.0
305.3 294.7057 14 1.0
305.4 294.797 14 1.0
305.5 294.8883 14 1.0
305.6 294.9796 14 1.0
305.7 295.0709 14 1.0
305.8 295.1621 14 1.0
305.9 295.2534 14 1.0
306.0 295.3447 14 1.0
306.1 295.436 14 1.0
306.2 295.5273 14 1.0
306.3 295.6186 14 1.0
306.4 295.7099 14 1.0
306.5 295.8011 14 1.0
306.6 295.8924 14 1.0
306.7 295.9837 14 1.0
306.8 296.075 14 1.0
306.9 296.1663 14 1.0
307.0 296.2576 14 1.0
307.1 296.3489 14 1.0
307.2 296.4401 14 1.0
307.3 296.5314 14 1.0
307.4 296.6227 14 1.0
307.5 296.714 14 1.0
307.6 296.8053 14 1.0
307.7 296.8966 14 1.0
307.8 296.9879 14 1.0
307.9 297.0791 14 1.0
308.0 297.1704 14 1.0
308.1 297.2617 14 1.0
308.2 297.353 14 1.0
308.3 297.4443 14 1.0
308.4 297.5356 14 1.0
308.5 297.6269 14 1.0
308.6 297.7181 14 1.0
308.7 297.8094 14 1.0
308.8 297.9007 14 1.0
308.9 297.992 14 1.0
309.0 298.0833 14 1.0
309.1 298.1746 14 1.0
309.2 298.2658 14 1.0
309.3 298.3571 14 1.0
309.4 298.4484 14 1.0
309.5 298.5397 14 1.0
309.6 298.631 14 1.0
309.7 298.7223 14 1.0
309.8 298.8136 14 1.0
309.9 298.9048 14 1.0
310.0 298.9961 14 1.0
310.1 299.0874 14 1.0
310.2 299.1787 14 1.0
310.3 299.27 14 1.0
310.4 299.3613 14 1.0
310.5 299.4526 14 1.0
310.6 299.5438 14 1.0
310.7 299.6351 14 1.0
310.8 299.7264 14 1.0
310.9 299.8177 14 1.0
311.0 299.909 14 1.0
311.1 300.0003 14 1.0
311.2 300.0916 14 1.0
311.3 300.1828 14 1.0
311.4 300.2741 14 1.0
311.5 300.3654 14 1.0
311.6 300.4567 14 1.0
311.7 300.548 14 1.0
311.8 300.6393 14 1.0
311.9 300.7306 14 1.0
312.0 300.8218 14 1.0
312.1 300.9131 14 1.0
312.2 301.0044 14 1.0
312.3 301.0957 14 1.0
312.4 301.187 14 1.0
312.5 301.2783 14 1.0
312.6 301.3696 14 1.0
312.7 301.4608 14 1.0
312.8 301.5521 14 1.0
312.9 301.6434 14 1.0
313.0 301.7347 14 1.0
313.1 301.826 14 1.0
313.2 301.9173 14 1.0
313.3 302.0086 14 1.0
313.4 302.0998 14 1.0
313.5 302.1911 14 1.0
313.6 302.2824 14 1.0
313.7 302.3737 14 1.0
313.8 302.465 14 1.0
313.9 302.5563 14 1.0
314.0 302.6476 14 1.0
314.1 302.7388 14 1.0
314.2 302.8301 14 1.0
314.3 302.9214 14 1.0
314.4 303.0127 14 1.0
314.5 303.104 14 1.0
314.6 303.1953 14 1.0
314.7 303.2865 14 1.0
314.8 303.3778 14 1.0
314.9 303.4691 14 1.0
315.0 303.5604 14 1.0
315.1 303.6517 14 1.0
315.2 303.743 14 1.0
315.3 303.8343 14 1.0
315.4 303.9255 14 1.0
315.5 304.0168 14 1.0
315.6 304.1081 14 1.0
315.7 304.1994 14 1.0
315.8 304.2907 14 1.0
315.9 304.382 14 1.0
316.0 304.4733 14 1.0
316.1 304.5645 14 1.0
316.2 304.6558 14 1.0
316.3 304.7471 14 1.0
316.4 304.8384 14 1.0
316.5 304.9297 14 1.0
316.6 305.021 14 1.0
316.7 305.1123 14 1.0
316.8 305.2035 14 1.0
316.9 305.2948 14 1.0
317.0 305.3861 14 1.0
317.1 305.4774 14 1.0
317.2 305.5687 14 1.0
317.3 305.66 14 1.0
317.4 305.7513 14 1.0
317.5 305.8425 14 1.0
317.6 305.9338 14 1.0
317.7 306.0251 14 1.0
317.8 306.1164 14 1.0
317.9 306.2077 14 1.0
318.0 306.299 14 1.0
318.1 306.3903 14 1.0
318.2 306.4815 14 1.0
318.3 306.5728 14 1.0
318.4 306.6641 14 1.0
318.5 306.7554 14 1.0
318.6 306.8467 14 1.0
318.7 306.938 14 1.0
318.8 307.0293 14 1.0
318.9 307.1205 14 1.0
319.0 307.2118 14 1.0
319.1 307.3031 14 1.0
319.2 307.3944 14 1.0
319.3 307.4857 14 1.0
319.4 307.577 14 1.0
319.5 307.6683 14 1.0
319.6 307.7595 14 1.0
319.7 307.8508 14 1.0
319.8 307.9421 14 1.0
319.9 308.0334 14 1.0
320.0 308.1247 14 1.0
320.1 308.216 14 1.0
320.2 308.3072 14 1.0
320.3 308.3985 14 1.0
320.4 308.4898 14 1.0
320.5 308.5811 14 1.0
320.6 308.6724 14 1.0
320.7 308.7637 14 1.0
320.8 308.855 14 1.0
320.9 308.9462 14 1.0
321.0 309.0375 14 1.0
321.1 309.1288 14 1.0
321.2 309.2201 14 1.0
321.3 309.3114 14 1.0
321.4 309.4027 14 1.0
321.5 309.494 14 1.0
321.6 309.5852 14 1.0
321.7 309.6765 14 1.0
321.8 309.7678 14 1.0
321.9 309.8591 14 1.0
322.0 309.9504 14 1.0
322.1 310.0417 14 1.0
322.2 310.133 14 1.0
322.3 310.2242 14 1.0
322.4 310.3155 14 1.0
322.5 310.4068 14 1.0
322.6 310.4981 14 1.0
322.7 310.5894 14 1.0
322.8 310.6807 14 1.0
322.9 310.772 14 1.0
323.0 310.8632 14 1.0
323.1 310.9545 14 1.0
323.2 311.0458 14 1.0
323.3 311.1371 14 1.0
323.4 311.2284 14 1.0
323.5 311.3197 14 1.0
323.6 311.411 14 1.0
323.7 311.5022 14 1.0
323.8 311.5935 14 1.0
323.9 311.6848 14 1.0
324.0 311.7761 14 1.0
324.1 311.8674 14 1.0
324.2 311.9587 14 1.0
324.3 312.05 14 1.0
324.4 312.1412 14 1.0
324.5 312.2325 14 1.0
324.6 312.3238 14 1.0
324.7 312.4151 14 1.0
324.8 312.5064 14 1.0
324.9 312.5977 14 1.0
325.0 312.689 14 1.0
325.1 312.7802 14 1.0
325.2 312.8715 14 1.0
325.3 312.9628 14 1.0
325.4 313.0541 14 1.0
325.5 313.1454 14 1.0
325.6 313.2367 14 1.0
325.7 313.3279 14 1.0
325.8 313.4192 14 1.0
325.9 313.5105 14 1.0
326.0 313.6018 14 1.0
326.1 313.6931 14 1.0
326.2 313.7844 14 1.0
326.3 313.8757 14 1.0
326.4 313.9669 14 1.0
326.5 314.0582 14 1.0
326.6 314.1495 14 1.0
326.7 314.2408 14 1.0
326.8 314.3321 14 1.0
326.9 314.4234 14 1.0
327.0 314.5147 14 1.0
327.1 314.6059 14 1.0
327.2 314.6972 14 1.0
327.3 314.7885 14 1.0
327.4 314.8798 14 1.0
327.5 314.9711 14 1.0
327.6 315.0624 14 1.0
327.7 315.1537 14 1.0
327.8 315.2449 14 1.0
327.9 315.3362 14 1.0
328.0 315.4275 14 1.0
328.1 315.5188 14 1.0
328.2 315.6101 14 1.0
328.3 315.7014 14 1.0
328.4 315.7927 14 1.0
328.5 315.8839 14 1.0
328.6 315.9752 14 1.0
328.7 316.0665 14 1.0
328.8 316.1578 14 1.0
328.9 316.2491 14 1.0
329.0 316.3404 14 1.0
329.1 316.4317 14 1.0
329.2 316.5229 14 1.0
329.3 316.6142 14 1.0
329.4 316.7055 14 1.0
329.5 316.7968 14 1.0
329.6 316.8881 14 1.0
329.7 316.9794 14 1.0
329.8 317.0707 14 1.0
329.9 317.1619 14 1.0
330.0 317.2532 14 1.0
330.1 317.3445 14 1.0
330.2 317.4358 14 1.0
330.3 317.5271 14 1.0
330.4 317.6184 14 1.0
330.5 317.7097 14 1.0
330.6 317.8009 14 1.0
330.7 317.8922 14 1.0
330.8 317.9835 14 1.0
330.9 318.0748 14 1.0
331.0 318.1661 14 1.0
331.1 318.2574 14 1.0
331.2 318.3486 14 1.0
331.3 318.4399 14 1.0
331.4 318.5312 14 1.0
331.5 318.6225 14 1.0
331.6 318.7138 14 1.0
331.7 318.8051 14 1.0
331.8 318.8964 14 1.0
331.9 318.9876 14 1.0
332.0 319.0789 14 1.0
332.1 319.1702 14 1.0
332.2 319.2615 14 1.0
332.3 319.3528 14 1.0
332.4 319.4441 14 1.0
332.5 319.5354 14 1.0
332.6 319.6266 14 1.0
332.7 319.7179 14 1.0
332.8 319.8092 14 1.0
332.9 319.9005 14 1.0
333.0 319.9918 14 1.0
333.1 320.0831 14 1.0
333.2 320.1744 14 1.0
333.3 320.2656 14 1.0
333.4 320.3569 14 1.0
333.5 320.4482 14 1.0
333.6 320.5395 14 1.0
333.7 320.6308 14 1.0
333.8 320.7221 14 1.0
333.9 320.8134 14 1.0
334.0 320.9046 14 1.0
334.1 320.9959 14 1.0
334.2 321.0872 14 1.0
334.3 321.1785 14 1.0
334.4 321.2698 14 1.0
334.5 321.3611 14 1.0
334.6 321.4524 14 1.0
334.7 321.5436 14 1.0
334.8 321.6349 14 1.0
334.9 321.7262 14 1.0
335.0 321.8175 14 1.0
335.1 321.9088 14 1.0
335.2 322.0001 14 1.0
335.3 322.0914 14 1.0
335.4 322.1826 14 1.0
335.5 322.2739 14 1.0
335.6 322.3652 14 1.0
335.7 322.4565 14 1.0
335.8 322.5478 14 1.0
335.9 322.6391 14 1.0
336.0 322.7304 14 1.0
336.1 322.8216 14 1.0
336.2 322.9129 14 1.0
336.3 323.0042 14 1.0
336.4 323.0955 14 1.0
336.5 323.1868 14 1.0
336.6 323.2781 14 1.0
336.7 323.3693 14 1.0
336.8 323.4606 14 1.0
336.9 323.5519 14 1.0
337.0 323.6432 14 1.0
337.1 323.7345 14 1.0
337.2 323.8258 14 1.0
337.3 323.9171 14 1.0
337.4 324.0083 14 1.0
337.5 324.0996 14 1.0
337.6 324.1909 14 1.0
337.7 324.2822 14 1.0
337.8 324.3735 14 1.0
337.9 324.4648 14 1.0
338.0 324.5561 14 1.0
338.1 324.6473 14 1.0
338.2 324.7386 14 1.0
338.3 324.8299 14 1.0
338.4 324.9212 14 1.0
338.5 325.0125 14 1.0
338.6 325.1038 14 1.0
338.7 325.1951 14 1.0
338.8 325.2863 14 1.0
338.9 325.3776 14 1.0
339.0 325.4689 14 1.0
339.1 325.5602 14 1.0
339.2 325.6515 14 1.0
339.3 325.7428 14 1.0
339.4 325.8341 14 1.0
339.5 325.9253 14 1.0
339.6 326.0166 14 1.0
339.7 326.1079 14 1.0
339.8 326.1992 14 1.0
339.9 326.2905 14 1.0
340.0 326.3818 14 1.0
340.1 326.4731 14 1.0
340.2 326.5643 14 1.0
340.3 326.6556 14 1.0
340.4 326.7469 14 1.0
340.5 326.8382 14 1.0
340.6 326.9295 14 1.0
340.7 327.0208 14 1.0
340.8 327.1121 14 1.0
340.9 327.2033 14 1.0
341.0 327.2946 14 1.0
341.1 327.3859 14 1.0
341.2 327.4772 14 1.0
341.3 327.5685 14 1.0
341.4 327.6598 14 1.0
341.5 327.7511 14 1.0
341.6 327.8423 14 1.0
341.7 327.9336 14 1.0
341.8 328.0249 14 1.0
341.9 328.1162 14 1.0
342.0 328.2075 14 1.0
342.1 328.2988 14 1.0
342.2 328.39 14 1.0
342.3 328.4813 14 1.0
342.4 328.5726 14 1.0
342.5 328.6639 14 1.0
342.6 328.7552 14 1.0
342.7 328.8465 14 1.0
342.8 328.9378 14 1.0
342.9 329.029 14 1.0
343.0 329.1203 14 1.0
343.1 329.2116 14 1.0
343.2 329.3029 14 1.0
343.3 329.3942 14 1.0
343.4 329.4855 14 1.0
343.5 329.5768 14 1.0
343.6 329.668 14 1.0
343.7 329.7593 14 1.0
343.8 329.8506 14 1.0
343.9 329.9419 14 1.0
344.0 330.0332 14 1.0
344.1 330.1245 14 1.0
344.2 330.2158 14 1.0
344.3 330.307 14 1.0
344.4 330.3983 14 1.0
344.5 330.4896 14 1.0
344.6 330.5809 14 1.0
344.7 330.6722 14 1.0
344.8 330.7635 14 1.0
344.9 330.8548 14 1.0
345.0 330.946 14 1.0
345.1 331.0373 14 1.0
345.2 331.1286 14 1.0
345.3 331.2199 14 1.0
345.4 331.3112 14 1.0
345.5 331.4025 14 1.0
345.6 331.4938 14 1.0
345.7 331.585 14 1.0
345.8 331.6763 14 1.0
345.9 331.7676 14 1.0
346.0 331.8589 14 1.0
346.1 331.9502 14 1.0
346.2 332.0415 14 1.0
346.3 332.1328 14 1.0
346.4 332.224 14 1.0
346.5 332.3153 14 1.0
346.6 332.4066 14 1.0
346.7 332.4979 14 1.0
346.8 332.5892 14 1.0
346.9 332.6805 14 1.0
347.0 332.7718 14 1.0
347.1 332.863 14 1.0
347.2 332.9543 14 1.0
347.3 333.0456 14 1.0
347.4 333.1369 14 1.0
347.5 333.2282 14 1.0
347.6 333.3195 14 1.0
347.7 333.4107 14 1.0
347.8 333.502 14 1.0
347.9 333.5933 14 1.0
348.0 333.6846 14 1.0
348.1 333.7759 14 1.0
348.2 333.8672 14 1.0
348.3 333.9585 14 1.0
348.4 334.0497 14 1.0
348.5 334.141 14 1.0
348.6 334.2323 14 1.0
348.7 334.3236 14 1.0
348.8 334.4149 14 1.0
348.9 334.5062 14 1.0
349.0 334.5975 14 1.0
349.1 334.6887 14 1.0
349.2 334.78 14 1.0
349.3 334.8713 14 1.0
349.4 334.9626 14 1.0
349.5 335.0539 14 1.0
349.6 335.1452 14 1.0
349.7 335.2365 14 1.0
349.8 335.3277 14 1.0
349.9 335.419 14 1.0
350.0 335.5103 14 1.0
350.1 335.6023 14 1.0
350.2 335.6942 14 1.0
350.3 335.7862 14 1.0
350.4 335.8781 14 1.0
350.5 335.9701 14 1.0
350.6 336.062 14 1.0
350.7 336.154 14 1.0
350.8 336.2459 14 1.0
350.9 336.3379 14 1.0
351.0 336.4298 14 1.0
351.1 336.5218 14 1.0
351.2 336.6137 14 1.0
351.3 336.7057 14 1.0
351.4 336.7976 14 1.0
351.5 336.8896 14 1.0
351.6 336.9815 14 1.0
351.7 337.0735 14 1.0
351.8 337.1654 14 1.0
351.9 337.2574 14 1.0
352.0 337.3493 14 1.0
352.1 337.4413 14 1.0
352.2 337.5332 14 1.0
352.3 337.6252 14 1.0
352.4 337.7171 14 1.0
352.5 337.809 14 1.0
352.6 337.901 14 1.0
352.7 337.9929 14 1.0
352.8 338.0849 14 1.0
352.9 338.1768 14 1.0
353.0 338.2688 14 1.0
353.1 338.3607 14 1.0
353.2 338.4527 14 1.0
353.3 338.5446 14 1.0
353.4 338.6366 14 1.0
353.5 338.7285 14 1.0
353.6 338.8205 14 1.0
353.7 338.9124 14 1.0
353.8 339.0044 14 1.0
353.9 339.0963 14 1.0
354.0 339.1883 14 1.0
354.1 339.2802 14 1.0
354.2 339.3722 14 1.0
354.3 339.4641 14 1.0
354.4 339.5561 14 1.0
354.5 339.648 14 1.0
354.6 339.74 14 1.0
354.7 339.8319 14 1.0
354.8 339.9239 14 1.0
354.9 340.0158 14 1.0
355.0 340.1078 14 1.0
355.1 340.1997 14 1.0
355.2 340.2917 14 1.0
355.3 340.3836 14 1.0
355.4 340.4756 14 1.0
355.5 340.5675 14 1.0
355.6 340.6595 14 1.0
355.7 340.7514 14 1.0
355.8 340.8434 14 1.0
355.9 340.9353 14 1.0
356.0 341.0273 14 1.0
356.1 341.1192 14 1.0
356.2 341.2112 14 1.0
356.3 341.3031 14 1.0
356.4 341.3951 14 1.0
356.5 341.487 14 1.0
356.6 341.579 14 1.0
356.7 341.6709 14 1.0
356.8 341.7629 14 1.0
356.9 341.8548 14 1.0
357.0 341.9468 14 1.0
357.1 342.0387 14 1.0
357.2 342.1307 14 1.0
357.3 342.2226 14 1.0
357.4 342.3146 14 1.0
357.5 342.4065 14 1.0
357.6 342.4985 14 1.0
357.7 342.5904 14 1.0
357.8 342.6824 14 1.0
357.9 342.7743 14 1.0
358.0 342.8663 14 1.0
358.1 342.9582 14 1.0
358.2 343.0502 14 1.0
358.3 343.1421 14 1.0
358.4 343.2341 14 1.0
358.5 343.326 14 1.0
358.6 343.418 14 1.0
358.7 343.5099 14 1.0
358.8 343.6019 14 1.0
358.9 343.6938 14 1.0
359.0 343.7858 14 1.0
359.1 343.8777 14 1.0
359.2 343.9697 14 1.0
359.3 344.0616 14 1.0
359.4 344.1536 14 1.0
359.5 344.2455 14 1.0
359.6 344.3375 14 1.0
359.7 344.4294 14 1.0
359.8 344.5214 14 1.0
359.9 344.6133 14 1.0
360.0 344.7053 14 1.0
360.1 344.7972 14 1.0
360.2 344.8892 14 1.0
360.3 344.9811 14 1.0
360.4 345.0731 14 1.0
360.5 345.165 14 1.0
360.6 345.257 14 1.0
360.7 345.3489 14 1.0
360.8 345.4409 14 1.0
360.9 345.5328 14 1.0
361.0 345.6248 14 1.0
361.1 345.7167 14 1.0
361.2 345.8086 14 1.0
361.3 345.9006 14 1.0
361.4 345.9925 14 1.0
361.5 346.0845 14 1.0
361.6 346.1764 14 1.0
361.7 346.2684 14 1.0
361.8 346.3603 14 1.0
361.9 346.4523 14 1.0
362.0 346.5442 14 1.0
362.1 346.6362 14 1.0
362.2 346.7281 14 1.0
362.3 346.8201 14 1.0
362.4 346.912 14 1.0
362.5 347.004 14 1.0
362.6 347.0959 14 1.0
362.7 347.1879 14 1.0
362.8 347.2798 14 1.0
362.9 347.3718 14 1.0
363.0 347.4637 14 1.0
363.1 347.5557 14 1.0
363.2 347.6476 14 1.0
363.3 347.7396 14 1.0
363.4 347.8315 14 1.0
363.5 347.9235 14 1.0
363.6 348.0154 14 1.0
363.7 348.1074 14 1.0
363.8 348.1993 14 1.0
363.9 348.2913 14 1.0
364.0 348.3832 14 1.0
364.1 348.4752 14 1.0
364.2 348.5671 14 1.0
364.3 348.6591 14 1.0
364.4 348.751 14 1.0
364.5 348.843 14 1.0
364.6 348.9349 14 1.0
364.7 349.0269 14 1.0
364.8 349.1188 14 1.0
364.9 349.2108 14 1.0
365.0 349.3027 14 1.0
365.1 349.3947 14 1.0
365.2 349.4866 14 1.0
365.3 349.5786 14 1.0
365.4 349.6705 14 1.0
365.5 349.7625 14 1.0
365.6 349.8544 14 1.0
365.7 349.9464 14 1.0
365.8 350.0383 14 1.0
365.9 350.1303 14 1.0
366.0 350.2222 14 1.0
366.1 350.3142 14 1.0
366.2 350.4061 14 1.0
366.3 350.4981 14 1.0
366.4 350.59 14 1.0
366.5 350.682 14 1.0
366.6 350.7739 14 1.0
366.7 350.8659 14 1.0
366.8 350.9578 14 1.0
366.9 351.0498 14 1.0
367.0 351.1417 14 1.0
367.1 351.2337 14 1.0
367.2 351.3256 14 1.0
367.3 351.4176 14 1.0
367.4 351.5095 14 1.0
367.5 351.6015 14 1.0
367.6 351.6934 14 1.0
367.7 351.7854 14 1.0
367.8 351.8773 14 1.0
367.9 351.9693 14 1.0
368.0 352.0612 14 1.0
368.1 352.1532 14 1.0
368.2 352.2451 14 1.0
368.3 352.3371 14 1.0
368.4 352.429 14 1.0
368.5 352.521 14 1.0
368.6 352.6129 14 1.0
368.7 352.7049 14 1.0
368.8 352.7968 14 1.0
368.9 352.8888 14 1.0
369.0 352.9807 14 1.0
369.1 353.0727 14 1.0
369.2 353.1646 14 1.0
369.3 353.2566 14 1.0
369.4 353.3485 14 1.0
369.5 353.4405 14 1.0
369.6 353.5324 14 1.0
369.7 353.6244 14 1.0
369.8 353.7163 14 1.0
369.9 353.8083 14 1.0
370.0 353.9002 14 1.0
370.1 353.9921 14 1.0
370.2 354.0841 14 1.0
370.3 354.176 14 1.0
370.4 354.268 14 1.0
370.5 354.3599 14 1.0
370.6 354.4519 14 1.0
370.7 354.5438 14 1.0
370.8 354.6358 14 1.0
370.9 354.7277 14 1.0
371.0 354.8197 14 1.0
371.1 354.9116 14 1.0
371.2 355.0036 14 1.0
371.3 355.0955 14 1.0
371.4 355.1875 14 1.0
371.5 355.2794 14 1.0
371.6 355.3714 14 1.0
371.7 355.4633 14 1.0
371.8 355.5553 14 1.0
371.9 355.6472 14 1.0
372.0 355.7392 14 1.0
372.1 355.8311 14 1.0
372.2 355.9231 14 1.0
372.3 356.015 14 1.0
372.4 356.107 14 1.0
372.5 356.1989 14 1.0
372.6 356.2909 14 1.0
372.7 356.3828 14 1.0
372.8 356.4748 14 1.0
372.9 356.5667 14 1.0
373.0 356.6587 14 1.0
373.1 356.7506 14 1.0
373.2 356.8426 14 1.0
373.3 356.9345 14 1.0
373.4 357.0265 14 1.0
373.5 357.1184 14 1.0
373.6 357.2104 14 1.0
373.7 357.3023 14 1.0
373.8 357.3943 14 1.0
373.9 357.4862 14 1.0
374.0 357.5782 14 1.0
374.1 357.6701 14 1.0
374.2 357.7621 14 1.0
374.3 357.854 14 1.0
374.4 357.946 14 1.0
374.5 358.0379 14 1.0
374.6 358.1299 14 1.0
374.7 358.2218 14 1.0
374.8 358.3138 14 1.0
374.9 358.4057 14 1.0
375.0 358.4977 14 1.0
375.1 358.5896 14 1.0
375.2 358.6816 14 1.0
375.3 358.7735 14 1.0
375.4 358.8655 14 1.0
375.5 358.9574 14 1.0
375.6 359.0494 14 1.0
375.7 359.1413 14 1.0
375.8 359.2333 14 1.0
375.9 359.3252 14 1.0
376.0 359.4172 14 1.0
376.1 359.5091 14 1.0
376.2 359.6011 14 1.0
376.3 359.693 14 1.0
376.4 359.785 14 1.0
376.5 359.8769 14 1.0
376.6 359.9689 14 1.0
376.7 360.0608 14 1.0
376.8 360.1528 14 1.0
376.9 360.2447 14 1.0
377.0 360.3367 14 1.0
377.1 360.4286 14 1.0
377.2 360.5206 14 1.0
377.3 360.6125 14 1.0
377.4 360.7045 14 1.0
377.5 360.7964 14 1.0
377.6 360.8884 14 1.0
377.7 360.9803 14 1.0
377.8 361.0723 14 1.0
377.9 361.1642 14 1.0
378.0 361.2562 14 1.0
378.1 361.3481 14 1.0
378.2 361.4401 14 1.0
378.3 361.532 14 1.0
378.4 361.624 14 1.0
378.5 361.7159 14 1.0
378.6 361.8079 14 1.0
378.7 361.8998 14 1.0
378.8 361.9917 14 1.0
378.9 362.0837 14 1.0
379.0 362.1756 14 1.0
379.1 362.2676 14 1.0
379.2 362.3595 14 1.0
379.3 362.4515 14 1.0
379.4 362.5434 14 1.0
379.5 362.6354 14 1.0
379.6 362.7273 14 1.0
379.7 362.8193 14 1.0
379.8 362.9112 14 1.0
379.9 363.0032 14 1.0
380.0 363.0951 14 1.0
380.1 363.1871 14 1.0
380.2 363.279 14 1.0
380.3 363.371 14 1.0
380.4 363.4629 14 1.0
380.5 363.5549 14 1.0
380.6 363.6468 14 1.0
380.7 363.7388 14 1.0
380.8 363.8307 14 1.0
380.9 363.9227 14 1.0
381.0 364.0146 14 1.0
381.1 364.1066 14 1.0
381.2 364.1985 14 1.0
381.3 364.2905 14 1.0
381.4 364.3824 14 1.0
381.5 364.4744 14 1.0
381.6 364.5663 14 1.0
381.7 364.6583 14 1.0
381.8 364.7502 14 1.0
381.9 364.8422 14 1.0
382.0 364.9341 14 1.0
382.1 365.0261 14 1.0
382.2 365.118 14 1.0
382.3 365.21 14 1.0
382.4 365.3019 14 1.0
382.5 365.3939 14 1.0
382.6 365.4858 14 1.0
382.7 365.5778 14 1.0
382.8 365.6697 14 1.0
382.9 365.7617 14 1.0
383.0 365.8536 14 1.0
383.1 365.9456 14 1.0
383.2 366.0375 14 1.0
383.3 366.1295 14 1.0
383.4 366.2214 14 1.0
383.5 366.3134 14 1.0
383.6 366.4053 14 1.0
383.7 366.4973 14 1.0
383.8 366.5892 14 1.0
383.9 366.6812 14 1.0
384.0 366.7731 14 1.0
384.1 366.8651 14 1.0
384.2 366.957 14 1.0
384.3 367.049 14 1.0
384.4 367.1409 14 1.0
384.5 367.2329 14 1.0
384.6 367.3248 14 1.0
384.7 367.4168 14 1.0
384.8 367.5087 14 1.0
384.9 367.6007 14 1.0
385.0 367.6926 14 1.0
385.1 367.7846 14 1.0
385.2 367.8765 14 1.0
385.3 367.9685 14 1.0
385.4 368.0604 14 1.0
385.5 368.1524 14 1.0
385.6 368.2443 14 1.0
385.7 368.3363 14 1.0
385.8 368.4282 14 1.0
385.9 368.5202 14 1.0
386.0 368.6121 14 1.0
386.1 368.7041 14 1.0
386.2 368.796 14 1.0
386.3 368.888 14 1.0
386.4 368.9799 14 1.0
386.5 369.0719 14 1.0
386.6 369.1638 14 1.0
386.7 369.2558 14 1.0
386.8 369.3477 14 1.0
386.9 369.4397 14 1.0
387.0 369.5316 14 1.0
387.1 369.6236 14 1.0
387.2 369.7155 14 1.0
387.3 369.8075 14 1.0
387.4 369.8994 14 1.0
387.5 369.9913 14 1.0
387.6 370.0833 14 1.0
387.7 370.1752 14 1.0
387.8 370.2672 14 1.0
387.9 370.3591 14 1.0
388.0 370.4511 14 1.0
388.1 370.543 14 1.0
388.2 370.635 14 1.0
388.3 370.7269 14 1.0
388.4 370.8189 14 1.0
388.5 370.9108 14 1.0
388.6 371.0028 14 1.0
388.7 371.0947 14 1.0
388.8 371.1867 14 1.0
388.9 371.2786 14 1.0
389.0 371.3706 14 1.0
389.1 371.4625 14 1.0
389.2 371.5545 14 1.0
389.3 371.6464 14 1.0
389.4 371.7384 14 1.0
389.5 371.8303 14 1.0
389.6 371.9223 14 1.0
389.7 372.0142 14 1.0
389.8 372.1062 14 1.0
389.9 372.1981 14 1.0
390.0 372.2901 14 1.0
390.1 372.382 14 1.0
390.2 372.474 14 1.0
390.3 372.5659 14 1.0
390.4 372.6579 14 1.0
390.5 372.7498 14 1.0
390.6 372.8418 14 1.0
390.7 372.9337 14 1.0
390.8 373.0257 14 1.0
390.9 373.1176 14 1.0
391.0 373.2096 14 1.0
391.1 373.3015 14 1.0
391.2 373.3935 14 1.0
391.3 373.4854 14 1.0
391.4 373.5774 14 1.0
391.5 373.6693 14 1.0
391.6 373.7613 14 1.0
391.7 373.8532 14 1.0
391.8 373.9452 14 1.0
391.9 374.0371 14 1.0
392.0 374.1291 14 1.0
392.1 374.221 14 1.0
392.2 374.313 14 1.0
392.3 374.4049 14 1.0
392.4 374.4969 14 1.0
392.5 374.5888 14 1.0
392.6 374.6808 14 1.0
392.7 374.7727 14 1.0
392.8 374.8647 14 1.0
392.9 374.9566 14 1.0
393.0 375.0486 14 1.0
393.1 375.1405 14 1.0
393.2 375.2325 14 1.0
393.3 375.3244 14 1.0
393.4 375.4164 14 1.0
393.5 375.5083 14 1.0
393.6 375.6003 14 1.0
393.7 375.6922 14 1.0
393.8 375.7842 14 1.0
393.9 375.8761 14 1.0
394.0 375.9681 14 1.0
394.1 376.06 14 1.0
394.2 376.152 14 1.0
394.3 376.2439 14 1.0
394.4 376.3359 14 1.0
394.5 376.4278 14 1.0
394.6 376.5198 14 1.0
394.7 376.6117 14 1.0
394.8 376.7037 14 1.0
394.9 376.7956 14 1.0
395.0 376.8876 14 1.0
395.1 376.9795 14 1.0
395.2 377.0715 14 1.0
395.3 377.1634 14 1.0
395.4 377.2554 14 1.0
395.5 377.3473 14 1.0
395.6 377.4393 14 1.0
395.7 377.5312 14 1.0
395.8 377.6232 14 1.0
395.9 377.7151 14 1.0
396.0 377.8071 14 1.0
396.1 377.899 14 1.0
396.2 377.9909 14 1.0
396.3 378.0829 14 1.0
396.4 378.1748 14 1.0
396.5 378.2668 14 1.0
396.6 378.3587 14 1.0
396.7 378.4507 14 1.0
396.8 378.5426 14 1.0
396.9 378.6346 14 1.0
397.0 378.7265 14 1.0
397.1 378.8185 14 1.0
397.2 378.9104 14 1.0
397.3 379.0024 14 1.0
397.4 379.0943 14 1.0
397.5 379.1863 14 1.0
397.6 379.2782 14 1.0
397.7 379.3702 14 1.0
397.8 379.4621 14 1.0
397.9 379.5541 14 1.0
398.0 379.646 14 1.0
398.1 379.738 14 1.0
398.2 379.8299 14 1.0
398.3 379.9219 14 1.0
398.4 380.0138 14 1.0
398.5 380.1058 14 1.0
398.6 380.1977 14 1.0
398.7 380.2897 14 1.0
398.8 380.3816 14 1.0
398.9 380.4736 14 1.0
399.0 380.5655 14 1.0
399.1 380.6575 14 1.0
399.2 380.7494 14 1.0
399.3 380.8414 14 1.0
399.4 380.9333 14 1.0
399.5 381.0253 14 1.0
399.6 381.1172 14 1.0
399.7 381.2092 14 1.0
399.8 381.3011 14 1.0
399.9 381.3931 14 1.0
400.0 381.485 14 1.0
400.1 381.5745 14 1.0
400.2 381.664 14 1.0
400.3 381.7535 14 1.0
400.4 381.8431 14 1.0
400.5 381.9326 14 1.0
400.6 382.0221 14 1.0
400.7 382.1116 14 1.0
400.8 382.2011 14 1.0
400.9 382.2906 14 1.0
401.0 382.3801 14 1.0
401.1 382.4696 14 1.0
401.2 382.5591 14 1.0
401.3 382.6486 14 1.0
401.4 382.7381 14 1.0
401.5 382.8276 14 1.0
401.6 382.9171 14 1.0
401.7 383.0066 14 1.0
401.8 383.0961 14 1.0
401.9 383.1857 14 1.0
402.0 383.2752 14 1.0
402.1 383.3647 14 1.0
402.2 383.4542 14 1.0
402.3 383.5437 14 1.0
402.4 383.6332 14 1.0
402.5 383.7227 14 1.0
402.6 383.8122 14 1.0
402.7 383.9017 14 1.0
402.8 383.9912 14 1.0
402.9 384.0807 14 1.0
403.0 384.1702 14 1.0
403.1 384.2597 14 1.0
403.2 384.3492 14 1.0
403.3 384.4387 14 1.0
403.4 384.5283 14 1.0
403.5 384.6178 14 1.0
403.6 384.7073 14 1.0
403.7 384.7968 14 1.0
403.8 384.8863 14 1.0
403.9 384.9758 14 1.0
404.0 385.0653 14 1.0
404.1 385.1548 14 1.0
404.2 385.2443 14 1.0
404.3 385.3338 14 1.0
404.4 385.4233 14 1.0
404.5 385.5128 14 1.0
404.6 385.6023 14 1.0
404.7 385.6918 14 1.0
404.8 385.7813 14 1.0
404.9 385.8708 14 1.0
405.0 385.9604 14 1.0
405.1 386.0499 14 1.0
405.2 386.1394 14 1.0
405.3 386.2289 14 1.0
405.4 386.3184 14 1.0
405.5 386.4079 14 1.0
405.6 386.4974 14 1.0
405.7 386.5869 14 1.0
405.8 386.6764 14 1.0
405.9 386.7659 14 1.0
406.0 386.8554 14 1.0
406.1 386.9449 14 1.0
406.2 387.0344 14 1.0
406.3 387.1239 14 1.0
406.4 387.2134 14 1.0
406.5 387.303 14 1.0
406.6 387.3925 14 1.0
406.7 387.482 14 1.0
406.8 387.5715 14 1.0
406.9 387.661 14 1.0
407.0 387.7505 14 1.0
407.1 387.84 14 1.0
407.2 387.9295 14 1.0
407.3 388.019 14 1.0
407.4 388.1085 14 1.0
407.5 388.198 14 1.0
407.6 388.2875 14 1.0
407.7 388.377 14 1.0
407.8 388.4665 14 1.0
407.9 388.556 14 1.0
408.0 388.6456 14 1.0
408.1 388.7351 14 1.0
408.2 388.8246 14 1.0
408.3 388.9141 14 1.0
408.4 389.0036 14 1.0
408.5 389.0931 14 1.0
408.6 389.1826 14 1.0
408.7 389.2721 14 1.0
408.8 389.3616 14 1.0
408.9 389.4511 14 1.0
409.0 389.5406 14 1.0
409.1 389.6301 14 1.0
409.2 389.7196 14 1.0
409.3 389.8091 14 1.0
409.4 389.8986 14 1.0
409.5 389.9882 14 1.0
409.6 390.0777 14 1.0
409.7 390.1672 14 1.0
409.8 390.2567 14 1.0
409.9 390.3462 14 1.0
410.0 390.4357 14 1.0
410.1 390.5252 14 1.0
410.2 390.6147 14 1.0
410.3 390.7042 14 1.0
410.4 390.7937 14 1.0
410.5 390.8832 14 1.0
410.6 390.9727 14 1.0
410.7 391.0622 14 1.0
410.8 391.1517 14 1.0
410.9 391.2412 14 1.0
411.0 391.3308 14 1.0
411.1 391.4203 14 1.0
411.2 391.5098 14 1.0
411.3 391.5993 14 1.0
411.4 391.6888 14 1.0
411.5 391.7783 14 1.0
411.6 391.8678 14 1.0
411.7 391.9573 14 1.0
411.8 392.0468 14 1.0
411.9 392.1363 14 1.0
412.0 392.2258 14 1.0
412.1 392.3153 14 1.0
412.2 392.4048 14 1.0
412.3 392.4943 14 1.0
412.4 392.5838 14 1.0
412.5 392.6733 14 1.0
412.6 392.7629 14 1.0
412.7 392.8524 14 1.0
412.8 392.9419 14 1.0
412.9 393.0314 14 1.0
413.0 393.1209 14 1.0
413.1 393.2104 14 1.0
413.2 393.2999 14 1.0
413.3 393.3894 14 1.0
413.4 393.4789 14 1.0
413.5 393.5684 14 1.0
413.6 393.6579 14 1.0
413.7 393.7474 14 1.0
413.8 393.8369 14 1.0
413.9 393.9264 14 1.0
414.0 394.0159 14 1.0
414.1 394.1055 14 1.0
414.2 394.195 14 1.0
414.3 394.2845 14 1.0
414.4 394.374 14 1.0
414.5 394.4635 14 1.0
414.6 394.553 14 1.0
414.7 394.6425 14 1.0
414.8 394.732 14 1.0
414.9 394.8215 14 1.0
415.0 394.911 14 1.0
415.1 395.0005 14 1.0
415.2 395.09 14 1.0
415.3 395.1795 14 1.0
415.4 395.269 14 1.0
415.5 395.3585 14 1.0
415.6 395.4481 14 1.0
415.7 395.5376 14 1.0
415.8 395.6271 14 1.0
415.9 395.7166 14 1.0
416.0 395.8061 14 1.0
416.1 395.8956 14 1.0
416.2 395.9851 14 1.0
416.3 396.0746 14 1.0
416.4 396.1641 14 1.0
416.5 396.2536 14 1.0
416.6 396.3431 14 1.0
416.7 396.4326 14 1.0
416.8 396.5221 14 1.0
416.9 396.6116 14 1.0
417.0 396.7011 14 1.0
417.1 396.7907 14 1.0
417.2 396.8802 14 1.0
417.3 396.9697 14 1.0
417.4 397.0592 14 1.0
417.5 397.1487 14 1.0
417.6 397.2382 14 1.0
417.7 397.3277 14 1.0
417.8 397.4172 14 1.0
417.9 397.5067 14 1.0
418.0 397.5962 14 1.0
418.1 397.6857 14 1.0
418.2 397.7752 14 1.0
418.3 397.8647 14 1.0
418.4 397.9542 14 1.0
418.5 398.0437 14 1.0
418.6 398.1332 14 1.0
418.7 398.2228 14 1.0
418.8 398.3123 14 1.0
418.9 398.4018 14 1.0
419.0 398.4913 14 1.0
419.1 398.5808 14 1.0
419.2 398.6703 14 1.0
419.3 398.7598 14 1.0
419.4 398.8493 14 1.0
419.5 398.9388 14 1.0
419.6 399.0283 14 1.0
419.7 399.1178 14 1.0
419.8 399.2073 14 1.0
419.9 399.2968 14 1.0
420.0 399.3863 14 1.0
420.1 399.4758 14 1.0
420.2 399.5654 14 1.0
420.3 399.6549 14 1.0
420.4 399.7444 14 1.0
420.5 399.8339 14 1.0
420.6 399.9234 14 1.0
420.7 400.0129 14 1.0
420.8 400.1024 14 1.0
420.9 400.1919 14 1.0
421.0 400.2814 14 1.0
421.1 400.3709 14 1.0
421.2 400.4604 14 1.0
421.3 400.5499 14 1.0
421.4 400.6394 14 1.0
421.5 400.7289 14 1.0
421.6 400.8184 14 1.0
421.7 400.908 14 1.0
421.8 400.9975 14 1.0
421.9 401.087 14 1.0
422.0 401.1765 14 1.0
422.1 401.266 14 1.0
422.2 401.3555 14 1.0
422.3 401.445 14 1.0
422.4 401.5345 14 1.0
422.5 401.624 14 1.0
422.6 401.7135 14 1.0
422.7 401.803 14 1.0
422.8 401.8925 14 1.0
422.9 401.982 14 1.0
423.0 402.0715 14 1.0
423.1 402.161 14 1.0
423.2 402.2506 14 1.0
423.3 402.3401 14 1.0
423.4 402.4296 14 1.0
423.5 402.5191 14 1.0
423.6 402.6086 14 1.0
423.7 402.6981 14 1.0
423.8 402.7876 14 1.0
423.9 402.8771 14 1.0
424.0 402.9666 14 1.0
424.1 403.0561 14 1.0
424.2 403.1456 14 1.0
424.3 403.2351 14 1.0
424.4 403.3246 14 1.0
424.5 403.4141 14 1.0
424.6 403.5036 14 1.0
424.7 403.5932 14 1.0
424.8 403.6827 14 1.0
424.9 403.7722 14 1.0
425.0 403.8617 14 1.0
425.1 403.9512 14 1.0
425.2 404.0407 14 1.0
425.3 404.1302 14 1.0
425.4 404.2197 14 1.0
425.5 404.3092 14 1.0
425.6 404.3987 14 1.0
425.7 404.4882 14 1.0
425.8 404.5777 14 1.0
425.9 404.6672 14 1.0
426.0 404.7567 14 1.0
426.1 404.8462 14 1.0
426.2 404.9357 14 1.0
426.3 405.0253 14 1.0
426.4 405.1148 14 1.0
426.5 405.2043 14 1.0
426.6 405.2938 14 1.0
426.7 405.3833 14 1.0
426.8 405.4728 14 1.0
426.9 405.5623 14 1.0
427.0 405.6518 14 1.0
427.1 405.7413 14 1.0
427.2 405.8308 14 1.0
427.3 405.9203 14 1.0
427.4 406.0098 14 1.0
427.5 406.0993 14 1.0
427.6 406.1888 14 1.0
427.7 406.2783 14 1.0
427.8 406.3679 14 1.0
427.9 406.4574 14 1.0
428.0 406.5469 14 1.0
428.1 406.6364 14 1.0
428.2 406.7259 14 1.0
428.3 406.8154 14 1.0
428.4 406.9049 14 1.0
428.5 406.9944 14 1.0
428.6 407.0839 14 1.0
428.7 407.1734 14 1.0
428.8 407.2629 14 1.0
428.9 407.3524 14 1.0
429.0 407.4419 14 1.0
429.1 407.5314 14 1.0
429.2 407.6209 14 1.0
429.3 407.7105 14 1.0
429.4 407.8 14 1.0
429.5 407.8895 14 1.0
429.6 407.979 14 1.0
429.7 408.0685 14 1.0
429.8 408.158 14 1.0
429.9 408.2475 14 1.0
430.0 408.337 14 1.0
430.1 408.4265 14 1.0
430.2 408.516 14 1.0
430.3 408.6055 14 1.0
430.4 408.695 14 1.0
430.5 408.7845 14 1.0
430.6 408.874 14 1.0
430.7 408.9635 14 1.0
430.8 409.0531 14 1.0
430.9 409.1426 14 1.0
431.0 409.2321 14 1.0
431.1 409.3216 14 1.0
431.2 409.4111 14 1.0
431.3 409.5006 14 1.0
431.4 409.5901 14 1.0
431.5 409.6796 14 1.0
431.6 409.7691 14 1.0
431.7 409.8586 14 1.0
431.8 409.9481 14 1.0
431.9 410.0376 14 1.0
432.0 410.1271 14 1.0
432.1 410.2166 14 1.0
432.2 410.3061 14 1.0
432.3 410.3956 14 1.0
432.4 410.4852 14 1.0
432.5 410.5747 14 1.0
432.6 410.6642 14 1.0
432.7 410.7537 14 1.0
432.8 410.8432 14 1.0
432.9 410.9327 14 1.0
433.0 411.0222 14 1.0
433.1 411.1117 14 1.0
433.2 411.2012 14 1.0
433.3 411.2907 14 1.0
433.4 411.3802 14 1.0
433.5 411.4697 14 1.0
433.6 411.5592 14 1.0
433.7 411.6487 14 1.0
433.8 411.7382 14 1.0
433.9 411.8278 14 1.0
434.0 411.9173 14 1.0
434.1 412.0068 14 1.0
434.2 412.0963 14 1.0
434.3 412.1858 14 1.0
434.4 412.2753 14 1.0
434.5 412.3648 14 1.0
434.6 412.4543 14 1.0
434.7 412.5438 14 1.0
434.8 412.6333 14 1.0
434.9 412.7228 14 1.0
435.0 412.8123 14 1.0
435.1 412.9018 14 1.0
435.2 412.9913 14 1.0
435.3 413.0808 14 1.0
435.4 413.1704 14 1.0
435.5 413.2599 14 1.0
435.6 413.3494 14 1.0
435.7 413.4389 14 1.0
435.8 413.5284 14 1.0
435.9 413.6179 14 1.0
436.0 413.7074 14 1.0
436.1 413.7969 14 1.0
436.2 413.8864 14 1.0
436.3 413.9759 14 1.0
436.4 414.0654 14 1.0
436.5 414.1549 14 1.0
436.6 414.2444 14 1.0
436.7 414.3339 14 1.0
436.8 414.4234 14 1.0
436.9 414.513 14 1.0
437.0 414.6025 14 1.0
437.1 414.692 14 1.0
437.2 414.7815 14 1.0
437.3 414.871 14 1.0
437.4 414.9605 14 1.0
437.5 415.05 14 1.0
437.6 415.1395 14 1.0
437.7 415.229 14 1.0
437.8 415.3185 14 1.0
437.9 415.408 14 1.0
438.0 415.4975 14 1.0
438.1 415.587 14 1.0
438.2 415.6765 14 1.0
438.3 415.766 14 1.0
438.4 415.8555 14 1.0
438.5 415.9451 14 1.0
438.6 416.0346 14 1.0
438.7 416.1241 14 1.0
438.8 416.2136 14 1.0
438.9 416.3031 14 1.0
439.0 416.3926 14 1.0
439.1 416.4821 14 1.0
439.2 416.5716 14 1.0
439.3 416.6611 14 1.0
439.4 416.7506 14 1.0
439.5 416.8401 14 1.0
439.6 416.9296 14 1.0
439.7 417.0191 14 1.0
439.8 417.1086 14 1.0
439.9 417.1981 14 1.0
440.0 417.2877 14 1.0
440.1 417.3772 14 1.0
440.2 417.4667 14 1.0
440.3 417.5562 14 1.0
440.4 417.6457 14 1.0
440.5 417.7352 14 1.0
440.6 417.8247 14 1.0
440.7 417.9142 14 1.0
440.8 418.0037 14 1.0
440.9 418.0932 14 1.0
441.0 418.1827 14 1.0
441.1 418.2722 14 1.0
441.2 418.3617 14 1.0
441.3 418.4512 14 1.0
441.4 418.5407 14 1.0
441.5 418.6303 14 1.0
441.6 418.7198 14 1.0
441.7 418.8093 14 1.0
441.8 418.8988 14 1.0
441.9 418.9883 14 1.0
442.0 419.0778 14 1.0
442.1 419.1673 14 1.0
442.2 419.2568 14 1.0
442.3 419.3463 14 1.0
442.4 419.4358 14 1.0
442.5 419.5253 14 1.0
442.6 419.6148 14 1.0
442.7 419.7043 14 1.0
442.8 419.7938 14 1.0
442.9 419.8833 14 1.0
443.0 419.9729 14 1.0
443.1 420.0624 14 1.0
443.2 420.1519 14 1.0
443.3 420.2414 14 1.0
443.4 420.3309 14 1.0
443.5 420.4204 14 1.0
443.6 420.5099 14 1.0
443.7 420.5994 14 1.0
443.8 420.6889 14 1.0
443.9 420.7784 14 1.0
444.0 420.8679 14 1.0
444.1 420.9574 14 1.0
444.2 421.0469 14 1.0
444.3 421.1364 14 1.0
444.4 421.2259 14 1.0
444.5 421.3155 14 1.0
444.6 421.405 14 1.0
444.7 421.4945 14 1.0
444.8 421.584 14 1.0
444.9 421.6735 14 1.0
445.0 421.763 14 1.0
445.1 421.8525 14 1.0
445.2 421.942 14 1.0
445.3 422.0315 14 1.0
445.4 422.121 14 1.0
445.5 422.2105 14 1.0
445.6 422.3 14 1.0
445.7 422.3895 14 1.0
445.8 422.479 14 1.0
445.9 422.5685 14 1.0
446.0 422.658 14 1.0
446.1 422.7476 14 1.0
446.2 422.8371 14 1.0
446.3 422.9266 14 1.0
446.4 423.0161 14 1.0
446.5 423.1056 14 1.0
446.6 423.1951 14 1.0
446.7 423.2846 14 1.0
446.8 423.3741 14 1.0
446.9 423.4636 14 1.0
447.0 423.5531 14 1.0
447.1 423.6426 14 1.0
447.2 423.7321 14 1.0
447.3 423.8216 14 1.0
447.4 423.9111 14 1.0
447.5 424.0006 14 1.0
447.6 424.0902 14 1.0
447.7 424.1797 14 1.0
447.8 424.2692 14 1.0
447.9 424.3587 14 1.0
448.0 424.4482 14 1.0
448.1 424.5377 14 1.0
448.2 424.6272 14 1.0
448.3 424.7167 14 1.0
448.4 424.8062 14 1.0
448.5 424.8957 14 1.0
448.6 424.9852 14 1.0
448.7 425.0747 14 1.0
448.8 425.1642 14 1.0
448.9 425.2537 14 1.0
449.0 425.3432 14 1.0
449.1 425.4328 14 1.0
449.2 425.5223 14 1.0
449.3 425.6118 14 1.0
449.4 425.7013 14 1.0
449.5 425.7908 14 1.0
449.6 425.8803 14 1.0
449.7 425.9698 14 1.0
449.8 426.0593 14 1.0
449.9 426.1488 14 1.0
450.0 426.2383 14 1.0
