15.0 1.5138 13 0.03888095312030959
15.1 1.527524 13 0.03982027869225835
15.2 1.541225 13 0.04074677463793286
15.3 1.554904 13 0.04165333621409606
15.4 1.568559 13 0.04255226350237029
15.5 1.582192 13 0.043440824259650124
15.6 1.595803 13 0.044314275355671784
15.7 1.609391 13 0.045169692920511095
15.8 1.622957 13 0.046024704403432426
15.9 1.636501 13 0.04686681794379466
16.0 1.672705 13 0.0463824024295153
16.1 1.724644 13 0.050474918721090445
16.2 1.77697 13 0.05457329287646473
16.3 1.829677 13 0.05868109170393243
16.4 1.882757 13 0.0627916851209932
16.5 1.936203 13 0.06690789261137853
16.6 1.99001 13 0.07102726956741556
16.7 2.044169 13 0.07515920778280238
16.8 2.098675 13 0.07929550632152516
16.9 2.153521 13 0.08343470126692132
17.0 2.208701 13 0.0875789925762318
17.1 2.264208 13 0.09173159381653684
17.2 2.320038 13 0.09588383688238444
17.3 2.376182 13 0.10004968125066749
17.4 2.432637 13 0.10421077213440477
17.5 2.489395 13 0.10838348097833106
17.6 2.546452 13 0.1125575664091415
17.7 2.612268 13 0.11673699643181501
17.8 2.692665 13 0.12092268958009478
17.9 2.773958 13 0.1251109619102122
18.0 2.856146 13 0.12930572891704806
18.1 2.944113 13 0.13379919757215852
18.2 3.03303 14 0.13829610699943573
18.3 3.122897 14 0.14279940798348478
18.4 3.213715 14 0.1473052216848184
18.5 3.305484 14 0.15181525057781753
18.6 3.398202 14 0.1563327918361117
18.7 3.491871 14 0.1608480940557101
18.8 3.586491 14 0.16537316697252724
18.9 3.682061 14 0.16989997288951952
19.0 3.778581 14 0.17443076441802785
19.1 3.876052 14 0.17896470275125587
19.2 3.974473 14 0.18350369073704564
19.3 4.073845 14 0.18804426960126686
19.4 4.174167 14 0.1925935494586104
19.5 4.27544 14 0.19713794216626646
19.6 4.377663 14 0.20169267578473726
19.7 4.480836 14 0.20624509376362843
19.8 4.58496 14 0.21080734451654037
19.9 4.690034 14 0.21537253729111372
20.0 4.796058 14 0.21993719403237566
20.1 4.910758 14 0.224913996411776
20.2 5.026494 14 0.22989536621823614
20.3 5.143267 14 0.23487903804120225
20.4 5.261076 14 0.23986727822777398
20.5 5.379922 14 0.2448588677133664
20.6 5.499804 14 0.2498507856114025
20.7 5.620723 14 0.2548495851257355
20.8 5.742678 14 0.2598453831302844
20.9 5.86567 14 0.2648511693188239
21.0 5.989698 14 0.26985806400095824
21.1 6.114763 14 0.2748656098062042
21.2 6.240864 14 0.2798786440761749
21.3 6.368002 14 0.28489239032833447
21.4 6.496177 14 0.28990835464620635
21.5 6.625388 14 0.29492981494962833
21.6 6.755635 14 0.29995387320898326
21.7 6.886919 14 0.3049798212894419
21.8 7.01924 14 0.31000804152350314
21.9 7.152597 14 0.31503809718847176
22.0 7.286991 14 0.32007106380734895
22.1 7.434955 14 0.325745029239766
22.2 7.58406 14 0.3314235788377887
22.3 7.734305 14 0.3371004197610591
22.4 7.885691 14 0.34278355847003583
22.5 8.038218 14 0.3484678501973376
22.6 8.191885 14 0.3541538252915506
22.7 8.412669 14 0.3599362758934601
22.8 8.568022 14 0.36562638094567157
22.9 8.724516 14 0.37131823235679184
23.0 8.88215 14 0.37701194624866097
23.1 9.040925 14 0.38271093792991406
23.2 9.20084 14 0.3884085551540485
23.3 9.361896 14 0.3941097214094206
23.4 9.524093 14 0.3998146154886941
23.5 9.68743 14 0.4055194244283572
23.6 9.851908 14 0.4112273381935887
23.7 10.01753 14 0.4169385894358597
23.8 10.18429 14 0.42265090202410316
23.9 10.35219 14 0.42836479069258315
24.0 10.52123 14 0.4340811779457694
24.1 10.70026 14 0.4401726060653909
24.2 10.88053 14 0.4462624106935058
24.3 11.06203 14 0.45235927804708587
24.4 11.24475 14 0.45845494591112046
24.5 11.4287 14 0.4645553227212974
24.6 11.61388 14 0.4706553829602894
24.7 11.80029 14 0.4767574365620423
24.8 11.98793 14 0.48286148223735725
24.9 12.17679 14 0.48896814808358857
25.0 12.36689 14 0.4950758610251027
25.1 12.55821 14 0.5011870934473517
25.2 12.75076 14 0.5073005764291175
25.3 12.94454 14 0.5134119943975213
25.4 13.13955 14 0.5195287450894505
25.5 13.33578 14 0.525648014966958
25.6 13.53325 14 0.5317671232273989
25.7 13.73194 14 0.5378885236952541
25.8 13.93186 14 0.5440115366714058
25.9 14.13301 14 0.550136263939589
26.0 14.33539 14 0.5562624642330702
26.1 14.52884 14 0.561975384291329
26.2 14.72344 14 0.5676876274760604
26.3 14.91919 14 0.5734040404040404
26.4 15.11608 14 0.5791198635411972
26.5 15.31412 14 0.5848392787469112
26.6 15.5133 14 0.590559411390407
26.7 15.71363 14 0.596280247872867
26.8 15.91511 14 0.6020038765183959
26.9 16.11773 14 0.6077288625708301
27.0 16.3215 14 0.613453948306431
27.1 16.52641 14 0.619183189457762
27.2 16.73247 14 0.6249105680816224
27.3 16.93968 14 0.6306400871014117
27.4 17.14803 14 0.6363716757972644
27.5 17.35752 14 0.6421058613787196
27.6 17.56816 14 0.6478382300166949
27.7 17.77995 14 0.6535749859399245
27.8 17.99289 14 0.659312315034983
27.9 18.20697 14 0.6650494103315375
28.0 18.42219 14 0.670789099867557
28.1 18.6509 14 0.67705442342779
28.2 18.88083 14 0.6833193485229889
28.3 19.11198 14 0.6895876750995857
28.4 19.34435 14 0.6958564885280021
28.5 19.57795 14 0.7021269052330175
28.6 19.81276 14 0.7083986556948325
28.7 20.0488 14 0.7146691615317611
28.8 20.28606 14 0.7209430277021265
28.9 20.52454 14 0.7272186378046299
29.0 20.76424 14 0.7334947152492872
29.1 21.00516 14 0.7397716150081566
29.2 21.24731 14 0.7460503978388273
29.3 21.49067 14 0.7523300184563628
29.4 21.73526 14 0.7586111823544499
29.5 21.98107 14 0.7648935669526397
29.6 22.2281 14 0.7711762393489301
29.7 22.47636 14 0.7774600688031544
29.8 22.72583 14 0.7837455722719482
29.9 22.97652 14 0.7900321799138605
30.0 23.22844 14 0.7963197673306163
30.1 23.48832 14 0.8028779584785788
30.2 23.74945 14 0.8094367186485498
30.3 24.01184 14 0.8159969615044141
30.4 24.2755 14 0.8225581226211545
30.5 24.54041 14 0.8291204697839519
30.6 24.80658 14 0.835684080543793
30.7 25.07401 14 0.8422482529002723
30.8 25.34269 14 0.848813383893896
30.9 25.61264 14 0.8553802229130719
31.0 25.88385 14 0.8619474075082938
31.1 26.15631 14 0.868515672935841
31.2 26.43004 14 0.8750852859401789
31.3 26.70502 14 0.8816556960261902
31.4 26.98126 14 0.8882270449558303
31.5 27.25876 14 0.8947996443361514
31.6 27.53752 14 0.9013725362436878
31.7 27.81754 14 0.907946972174795
31.8 28.09882 14 0.9145223548979382
31.9 28.38136 14 0.9210983369557735
32.0 28.66515 14 0.9276754917716938
32.1 28.95021 14 0.934253442381429
32.2 29.23652 14 0.9408319321318523
32.3 29.52409 14 0.9474119770258493
32.4 29.81293 14 0.9539925744145211
32.5 30.10302 14 0.960574104314636
32.6 30.39437 14 0.9671564680041678
32.7 30.68698 14 0.9737395638899741
32.8 30.98085 14 0.9803237570852765
32.9 31.27597 14 0.986908638605523
33.0 31.57236 14 0.9934944494679697
33.1 31.86749 14 1.0
33.2 31.96111 14 1.0
33.3 32.05474 14 1.0
33.4 32.14836 14 1.0
33.5 32.24199 14 1.0
33.6 32.33561 14 1.0
33.7 32.42924 14 1.0
33.8 32.52286 14 1.0
33.9 32.61649 14 1.0
34.0 32.71011 14 1.0
34.1 32.80373 14 1.0
34.2 32.89736 14 1.0
34.3 32.99098 14 1.0
34.4 33.08461 14 1.0
34.5 33.17823 14 1.0
34.6 33.27186 14 1.0
34.7 33.36548 14 1.0
34.8 33.45911 14 1.0
34.9 33.55273 14 1.0
35.0 33.64636 14 1.0
35.1 33.73047 14 1.0
35.2 33.81459 14 1.0
35.3 33.8987 14 1.0
35.4 33.98282 14 1.0
35.5 34.06693 14 1.0
35.6 34.15104 14 1.0
35.7 34.23516 14 1.0
35.8 34.31927 14 1.0
35.9 34.40339 14 1.0
36.0 34.4875 14 1.0
36.1 34.57162 14 1.0
36.2 34.65573 14 1.0
36.3 34.73984 14 1.0
36.4 34.82396 14 1.0
36.5 34.90807 14 1.0
36.6 34.99219 14 1.0
36.7 35.0763 14 1.0
36.8 35.16042 14 1.0
36.9 35.24453 14 1.0
37.0 35.32865 14 1.0
37.1 35.41276 14 1.0
37.2 35.49687 14 1.0
37.3 35.58099 14 1.0
37.4 35.6651 14 1.0
37.5 35.74922 14 1.0
37.6 35.83333 14 1.0
37.7 35.91745 14 1.0
37.8 36.00156 14 1.0
37.9 36.08567 14 1.0
38.0 36.16979 14 1.0
38.1 36.2539 14 1.0
38.2 36.33802 14 1.0
38.3 36.42213 14 1.0
38.4 36.50625 14 1.0
38.5 36.59036 14 1.0
38.6 36.67447 14 1.0
38.7 36.75859 14 1.0
38.8 36.8427 14 1.0
38.9 36.92682 14 1.0
39.0 37.01093 14 1.0
39.1 37.09505 14 1.0
39.2 37.17916 14 1.0
39.3 37.26327 14 1.0
39.4 37.34739 14 1.0
39.5 37.4315 14 1.0
39.6 37.51562 14 1.0
39.7 37.59973 14 1.0
39.8 37.68385 14 1.0
39.9 37.76796 14 1.0
40.0 37.85208 14 1.0
40.1 37.93836 14 1.0
40.2 38.02465 14 1.0
40.3 38.11093 14 1.0
40.4 38.19722 14 1.0
40.5 38.2835 14 1.0
40.6 38.36979 14 1.0
40.7 38.45607 14 1.0
40.8 38.54236 14 1.0
40.9 38.62864 14 1.0
41.0 38.71493 14 1.0
41.1 38.80121 14 1.0
41.2 38.8875 14 1.0
41.3 38.97378 14 1.0
41.4 39.06006 14 1.0
41.5 39.14635 14 1.0
41.6 39.23263 14 1.0
41.7 39.31892 14 1.0
41.8 39.4052 14 1.0
41.9 39.49149 14 1.0
42.0 39.57777 14 1.0
42.1 39.66406 14 1.0
42.2 39.75034 14 1.0
42.3 39.83663 14 1.0
42.4 39.92291 14 1.0
42.5 40.0092 14 1.0
42.6 40.09548 14 1.0
42.7 40.18177 14 1.0
42.8 40.26805 14 1.0
42.9 40.35434 14 1.0
43.0 40.44062 14 1.0
43.1 40.52691 14 1.0
43.2 40.61319 14 1.0
43.3 40.69948 14 1.0
43.4 40.78576 14 1.0
43.5 40.87205 14 1.0
43.6 40.95833 14 1.0
43.7 41.04462 14 1.0
43.8 41.1309 14 1.0
43.9 41.21719 14 1.0
44.0 41.30347 14 1.0
44.1 41.38976 14 1.0
44.2 41.47604 14 1.0
44.3 41.56233 14 1.0
44.4 41.64861 14 1.0
44.5 41.7349 14 1.0
44.6 41.82118 14 1.0
44.7 41.90747 14 1.0
44.8 41.99375 14 1.0
44.9 42.08004 14 1.0
45.0 42.16632 14 1.0
45.1 42.25261 14 1.0
45.2 42.33889 14 1.0
45.3 42.42518 14 1.0
45.4 42.51146 14 1.0
45.5 42.59775 14 1.0
45.6 42.68403 14 1.0
45.7 42.77032 14 1.0
45.8 42.8566 14 1.0
45.9 42.94289 14 1.0
46.0 43.02917 14 1.0
46.1 43.11546 14 1.0
46.2 43.20174 14 1.0
46.3 43.28803 14 1.0
46.4 43.37431 14 1.0
46.5 43.4606 14 1.0
46.6 43.54688 14 1.0
46.7 43.63317 14 1.0
46.8 43.71945 14 1.0
46.9 43.80574 14 1.0
47.0 43.89202 14 1.0
47.1 43.97831 14 1.0
47.2 44.06459 14 1.0
47.3 44.15088 14 1.0
47.4 44.23716 14 1.0
47.5 44.32345 14 1.0
47.6 44.40973 14 1.0
47.7 44.49602 14 1.0
47.8 44.5823 14 1.0
47.9 44.66859 14 1.0
48.0 44.75487 14 1.0
48.1 44.84116 14 1.0
48.2 44.92744 14 1.0
48.3 45.01373 14 1.0
48.4 45.10001 14 1.0
48.5 45.1863 14 1.0
48.6 45.27258 14 1.0
48.7 45.35887 14 1.0
48.8 45.44515 14 1.0
48.9 45.53144 14 1.0
49.0 45.61772 14 1.0
49.1 45.70401 14 1.0
49.2 45.79029 14 1.0
49.3 45.87658 14 1.0
49.4 45.96286 14 1.0
49.5 46.04915 14 1.0
49.6 46.13543 14 1.0
49.7 46.22172 14 1.0
49.8 46.308 14 1.0
49.9 46.39429 14 1.0
50.0 46.48057 14 1.0
50.1 46.55662 14 1.0
50.2 46.63267 14 1.0
50.3 46.70872 14 1.0
50.4 46.78477 14 1.0
50.5 46.86082 14 1.0
50.6 46.93687 14 1.0
50.7 47.01292 14 1.0
50.8 47.08897 14 1.0
50.9 47.16502 14 1.0
51.0 47.24107 14 1.0
51.1 47.31711 14 1.0
51.2 47.39316 14 1.0
51.3 47.46921 14 1.0
51.4 47.54526 14 1.0
51.5 47.62131 14 1.0
51.6 47.69736 14 1.0
51.7 47.77341 14 1.0
51.8 47.84946 14 1.0
51.9 47.92551 14 1.0
52.0 48.00156 14 1.0
52.1 48.07761 14 1.0
52.2 48.15366 14 1.0
52.3 48.22971 14 1.0
52.4 48.30575 14 1.0
52.5 48.3818 14 1.0
52.6 48.45785 14 1.0
52.7 48.5339 14 1.0
52.8 48.60995 14 1.0
52.9 48.686 14 1.0
53.0 48.76205 14 1.0
53.1 48.8381 14 1.0
53.2 48.91415 14 1.0
53.3 48.9902 14 1.0
53.4 49.06625 14 1.0
53.5 49.1423 14 1.0
53.6 49.21835 14 1.0
53.7 49.29439 14 1.0
53.8 49.37044 14 1.0
53.9 49.44649 14 1.0
54.0 49.52254 14 1.0
54.1 49.59859 14 1.0
54.2 49.67464 14 1.0
54.3 49.75069 14 1.0
54.4 49.82674 14 1.0
54.5 49.90279 14 1.0
54.6 49.97884 14 1.0
54.7 50.05489 14 1.0
54.8 50.13094 14 1.0
54.9 50.20699 14 1.0
55.0 50.28303 14 1.0
55.1 50.35908 14 1.0
55.2 50.43513 14 1.0
55.3 50.51118 14 1.0
55.4 50.58723 14 1.0
55.5 50.66328 14 1.0
55.6 50.73933 14 1.0
55.7 50.81538 14 1.0
55.8 50.89143 14 1.0
55.9 50.96748 14 1.0
56.0 51.04353 14 1.0
56.1 51.11958 14 1.0
56.2 51.19563 14 1.0
56.3 51.27167 14 1.0
56.4 51.34772 14 1.0
56.5 51.42377 14 1.0
56.6 51.49982 14 1.0
56.7 51.57587 14 1.0
56.8 51.65192 14 1.0
56.9 51.72797 14 1.0
57.0 51.80402 14 1.0
57.1 51.88007 14 1.0
57.2 51.95612 14 1.0
57.3 52.03217 14 1.0
57.4 52.10822 14 1.0
57.5 52.18427 14 1.0
57.6 52.26031 14 1.0
57.7 52.33636 14 1.0
57.8 52.41241 14 1.0
57.9 52.48846 14 1.0
58.0 52.56451 14 1.0
58.1 52.64056 14 1.0
58.2 52.71661 14 1.0
58.3 52.79266 14 1.0
58.4 52.86871 14 1.0
58.5 52.94476 14 1.0
58.6 53.02081 14 1.0
58.7 53.09686 14 1.0
58.8 53.17291 14 1.0
58.9 53.24895 14 1.0
59.0 53.325 14 1.0
59.1 53.40105 14 1.0
59.2 53.4771 14 1.0
59.3 53.55315 14 1.0
59.4 53.6292 14 1.0
59.5 53.70525 14 1.0
59.6 53.7813 14 1.0
59.7 53.85735 14 1.0
59.8 53.9334 14 1.0
59.9 54.00945 14 1.0
60.0 54.0855 14 1.0
60.1 54.16048 14 1.0
60.2 54.23546 14 1.0
60.3 54.31044 14 1.0
60.4 54.38542 14 1.0
60.5 54.4604 14 1.0
60.6 54.53538 14 1.0
60.7 54.61036 14 1.0
60.8 54.68534 14 1.0
60.9 54.76032 14 1.0
61.0 54.8353 14 1.0
61.1 54.91028 14 1.0
61.2 54.98526 14 1.0
61.3 55.06024 14 1.0
61.4 55.13522 14 1.0
61.5 55.2102 14 1.0
61.6 55.28519 14 1.0
61.7 55.36017 14 1.0
61.8 55.43515 14 1.0
61.9 55.51013 14 1.0
62.0 55.58511 14 1.0
62.1 55.66009 14 1.0
62.2 55.73507 14 1.0
62.3 55.81005 14 1.0
62.4 55.88503 14 1.0
62.5 55.96001 14 1.0
62.6 56.03499 14 1.0
62.7 56.10997 14 1.0
62.8 55.99262 14 1.0
62.9 55.69431 14 1.0
63.0 55.39537 14 1.0
63.1 55.09579 14 1.0
63.2 54.79557 14 1.0
63.3 54.49472 14 1.0
63.4 54.19323 14 1.0
63.5 53.89111 14 1.0
63.6 53.58835 14 1.0
63.7 53.28495 14 1.0
63.8 52.98092 14 1.0
63.9 52.67625 14 1.0
64.0 52.37094 14 1.0
64.1 52.065 14 1.0
64.2 51.75842 14 1.0
64.3 51.45121 14 1.0
64.4 51.14336 14 1.0
64.5 50.83487 14 1.0
64.6 50.52574 14 1.0
64.7 50.21598 14 1.0
64.8 49.90559 14 1.0
64.9 49.59455 14 1.0
65.0 49.28288 14 1.0
65.1 48.97058 14 1.0
65.2 48.65763 14 1.0
65.3 48.34405 14 1.0
65.4 48.02984 14 1.0
65.5 47.71499 14 1.0
65.6 47.3995 14 1.0
65.7 47.08337 14 1.0
65.8 46.76661 14 1.0
65.9 46.44921 14 1.0
66.0 46.13118 14 1.0
66.1 45.81251 14 1.0
66.2 45.4932 14 1.0
66.3 45.17326 14 1.0
66.4 44.85268 14 1.0
66.5 44.53146 14 1.0
66.6 44.20961 14 1.0
66.7 43.88712 14 1.0
66.8 43.564 14 1.0
66.9 43.24024 14 1.0
67.0 42.91584 14 1.0
67.1 42.59081 14 1.0
67.2 42.26513 14 1.0
67.3 41.93883 14 1.0
67.4 41.61188 14 1.0
67.5 41.2843 14 1.0
67.6 40.95609 14 1.0
67.7 40.62724 14 1.0
67.8 40.29775 14 1.0
67.9 39.96762 14 1.0
68.0 39.63686 14 1.0
68.1 39.30546 14 1.0
68.2 38.97343 14 1.0
68.3 38.64076 14 1.0
68.4 38.30745 14 1.0
68.5 37.97351 14 1.0
68.6 37.63893 14 1.0
68.7 37.30371 14 1.0
68.8 36.96786 14 1.0
68.9 36.63137 14 1.0
69.0 36.29424 14 1.0
69.1 35.95648 14 1.0
69.2 35.61808 14 1.0
69.3 35.27905 14 1.0
69.4 34.93937 14 1.0
69.5 34.59907 14 1.0
69.6 34.25812 14 1.0
69.7 33.91654 14 1.0
69.8 33.57433 14 1.0
69.9 33.23147 14 1.0
70.0 32.88798 14 1.0
70.1 32.61311 14 1.0
70.2 32.33794 14 1.0
70.3 32.06247 14 1.0
70.4 31.78671 14 1.0
70.5 31.51066 14 1.0
70.6 31.23431 14 1.0
70.7 30.95767 14 1.0
70.8 30.68073 14 1.0
70.9 30.56366 14 1.0
71.0 30.60266 14 1.0
71.1 30.64166 14 1.0
71.2 30.68066 14 1.0
71.3 30.71966 14 1.0
71.4 30.75866 14 1.0
71.5 30.79766 14 1.0
71.6 30.83666 14 1.0
71.7 30.87566 14 1.0
71.8 30.91466 14 1.0
71.9 30.95366 14 1.0
72.0 30.99266 14 1.0
72.1 31.03166 14 1.0
72.2 31.07066 14 1.0
72.3 31.10966 14 1.0
72.4 31.14866 14 1.0
72.5 31.18766 14 1.0
72.6 31.22665 14 1.0
72.7 31.26565 14 1.0
72.8 31.30465 14 1.0
72.9 31.34365 14 1.0
73.0 31.38265 14 1.0
73.1 31.42165 14 1.0
73.2 31.46065 14 1.0
73.3 31.49965 14 1.0
73.4 31.53865 14 1.0
73.5 31.57765 14 1.0
73.6 31.61665 14 1.0
73.7 31.65565 14 1.0
73.8 31.69465 14 1.0
73.9 31.73365 14 1.0
74.0 31.77265 14 1.0
74.1 31.81165 14 1.0
74.2 31.85065 14 1.0
74.3 31.88965 14 1.0
74.4 31.92865 14 1.0
74.5 31.96765 14 1.0
74.6 32.00665 14 1.0
74.7 32.04564 14 1.0
74.8 32.08464 14 1.0
74.9 32.12364 14 1.0
75.0 32.16264 14 1.0
75.1 32.20164 14 1.0
75.2 32.24064 14 1.0
75.3 32.27964 14 1.0
75.4 32.31864 14 1.0
75.5 32.35764 14 1.0
75.6 32.39664 14 1.0
75.7 32.43564 14 1.0
75.8 32.47464 14 1.0
75.9 32.51364 14 1.0
76.0 32.55264 14 1.0
76.1 32.59164 14 1.0
76.2 32.63064 14 1.0
76.3 32.66964 14 1.0
76.4 32.70864 14 1.0
76.5 32.74764 14 1.0
76.6 32.78664 14 1.0
76.7 32.82564 14 1.0
76.8 32.86463 14 1.0
76.9 32.90363 14 1.0
77.0 32.94263 14 1.0
77.1 32.98163 14 1.0
77.2 33.02063 14 1.0
77.3 33.05963 14 1.0
77.4 33.09863 14 1.0
77.5 33.13763 14 1.0
77.6 33.17663 14 1.0
77.7 33.21563 14 1.0
77.8 33.25463 14 1.0
77.9 33.29363 14 1.0
78.0 33.33263 14 1.0
78.1 33.37163 14 1.0
78.2 33.41063 14 1.0
78.3 33.44963 14 1.0
78.4 33.48863 14 1.0
78.5 33.52763 14 1.0
78.6 33.56663 14 1.0
78.7 33.60563 14 1.0
78.8 33.64463 14 1.0
78.9 33.68363 14 1.0
79.0 33.72262 14 1.0
79.1 33.76162 14 1.0
79.2 33.80062 14 1.0
79.3 33.83962 14 1.0
79.4 33.87862 14 1.0
79.5 33.91762 14 1.0
79.6 33.95662 14 1.0
79.7 33.99562 14 1.0
79.8 34.03462 14 1.0
79.9 34.07362 14 1.0
80.0 34.11262 14 1.0
80.1 34.06729 14 1.0
80.2 34.02197 14 1.0
80.3 33.97664 14 1.0
80.4 33.93131 14 1.0
80.5 33.88598 14 1.0
80.6 33.84066 14 1.0
80.7 33.79533 14 1.0
80.8 33.75 14 1.0
80.9 33.70468 14 1.0
81.0 33.65935 14 1.0
81.1 33.61402 14 1.0
81.2 33.56869 14 1.0
81.3 33.52337 14 1.0
81.4 33.47804 14 1.0
81.5 33.43271 14 1.0
81.6 33.38739 14 1.0
81.7 33.34206 14 1.0
81.8 33.29673 14 1.0
81.9 33.25141 14 1.0
82.0 33.20608 14 1.0
82.1 33.16075 14 1.0
82.2 33.11542 14 1.0
82.3 33.0701 14 1.0
82.4 33.02477 14 1.0
82.5 32.97944 14 1.0
82.6 32.93412 14 1.0
82.7 32.88879 14 1.0
82.8 32.84346 14 1.0
82.9 32.79813 14 1.0
83.0 32.75281 14 1.0
83.1 32.70748 14 1.0
83.2 32.66215 14 1.0
83.3 32.61683 14 1.0
83.4 32.5715 14 1.0
83.5 32.52617 14 1.0
83.6 32.48084 14 1.0
83.7 32.43552 14 1.0
83.8 32.39019 14 1.0
83.9 32.34486 14 1.0
84.0 32.29954 14 1.0
84.1 32.25421 14 1.0
84.2 32.20888 14 1.0
84.3 32.16355 14 1.0
84.4 32.11823 14 1.0
84.5 32.0729 14 1.0
84.6 32.02757 14 1.0
84.7 31.98225 14 1.0
84.8 31.93692 14 1.0
84.9 31.89159 14 1.0
85.0 31.84626 14 1.0
85.1 31.80094 14 1.0
85.2 31.75561 14 1.0
85.3 31.71028 14 1.0
85.4 31.66496 14 1.0
85.5 31.61963 14 1.0
85.6 31.5743 14 1.0
85.7 31.52897 14 1.0
85.8 31.48365 14 1.0
85.9 31.9873 14 1.0
86.0 32.57783 14 1.0
86.1 33.1722 14 1.0
86.2 33.77041 14 1.0
86.3 34.37246 14 1.0
86.4 34.97836 14 1.0
86.5 35.58809 14 1.0
86.6 36.20167 14 1.0
86.7 36.81909 14 1.0
86.8 37.44035 14 1.0
86.9 38.06545 14 1.0
87.0 38.69439 14 1.0
87.1 39.32717 14 1.0
87.2 39.9638 14 1.0
87.3 40.60427 14 1.0
87.4 41.24857 14 1.0
87.5 41.89672 14 1.0
87.6 42.54871 14 1.0
87.7 43.20454 14 1.0
87.8 43.86421 14 1.0
87.9 44.52773 14 1.0
88.0 45.19508 14 1.0
88.1 45.86628 14 1.0
88.2 46.54131 14 1.0
88.3 47.22019 14 1.0
88.4 47.90291 14 1.0
88.5 48.58947 14 1.0
88.6 49.27987 14 1.0
88.7 49.97412 14 1.0
88.8 50.6722 14 1.0
88.9 51.37413 14 1.0
89.0 52.07989 14 1.0
89.1 52.7895 14 1.0
89.2 53.50295 14 1.0
89.3 54.22024 14 1.0
89.4 54.94137 14 1.0
89.5 55.66635 14 1.0
89.6 56.39516 14 1.0
89.7 57.12782 14 1.0
89.8 57.86431 14 1.0
89.9 58.60465 14 1.0
90.0 59.34883 14 1.0
90.1 58.81651 14 1.0
90.2 58.28505 14 1.0
90.3 57.75445 14 1.0
90.4 57.22471 14 1.0
90.5 56.69583 14 1.0
90.6 56.16781 14 1.0
90.7 55.64065 14 1.0
90.8 55.11436 14 1.0
90.9 54.58892 14 1.0
91.0 54.06434 14 1.0
91.1 53.54063 14 1.0
91.2 53.01778 14 1.0
91.3 52.49578 14 1.0
91.4 51.97465 14 1.0
91.5 51.45438 14 1.0
91.6 50.93497 14 1.0
91.7 50.41642 14 1.0
91.8 49.89873 14 1.0
91.9 49.3819 14 1.0
92.0 48.86593 14 1.0
92.1 48.35082 14 1.0
92.2 47.83657 14 1.0
92.3 47.32319 14 1.0
92.4 46.81066 14 1.0
92.5 46.299 14 1.0
92.6 45.78819 14 1.0
92.7 45.27825 14 1.0
92.8 44.76916 14 1.0
92.9 44.26094 14 1.0
93.0 43.75358 14 1.0
93.1 43.24708 14 1.0
93.2 42.74144 14 1.0
93.3 42.23666 14 1.0
93.4 41.73274 14 1.0
93.5 41.22968 14 1.0
93.6 40.72748 14 1.0
93.7 40.22615 14 1.0
93.8 39.72567 14 1.0
93.9 39.22606 14 1.0
94.0 38.7273 14 1.0
94.1 38.22941 14 1.0
94.2 37.73237 14 1.0
94.3 37.2362 14 1.0
94.4 36.74089 14 1.0
94.5 36.24644 14 1.0
94.6 35.75285 14 1.0
94.7 35.26012 14 1.0
94.8 34.76825 14 1.0
94.9 34.27724 14 1.0
95.0 33.78709 14 1.0
95.1 33.2978 14 1.0
95.2 32.80938 14 1.0
95.3 32.32181 14 1.0
95.4 31.83511 14 1.0
95.5 31.8737 14 1.0
95.6 31.9154 14 1.0
95.7 31.95711 14 1.0
95.8 31.99881 14 1.0
95.9 32.04052 14 1.0
96.0 32.08222 14 1.0
96.1 32.12393 14 1.0
96.2 32.16563 14 1.0
96.3 32.20734 14 1.0
96.4 32.24904 14 1.0
96.5 32.29075 14 1.0
96.6 32.33245 14 1.0
96.7 32.37416 14 1.0
96.8 32.41586 14 1.0
96.9 32.45757 14 1.0
97.0 32.49928 14 1.0
97.1 32.54098 14 1.0
97.2 32.58269 14 1.0
97.3 32.62439 14 1.0
97.4 32.6661 14 1.0
97.5 32.7078 14 1.0
97.6 32.74951 14 1.0
97.7 32.79121 14 1.0
97.8 32.83292 14 1.0
97.9 32.87462 14 1.0
98.0 32.91633 14 1.0
98.1 32.95803 14 1.0
98.2 32.99974 14 1.0
98.3 33.04144 14 1.0
98.4 33.08315 14 1.0
98.5 33.12485 14 1.0
98.6 33.16656 14 1.0
98.7 33.20826 14 1.0
98.8 33.24997 14 1.0
98.9 33.29167 14 1.0
99.0 33.33338 14 1.0
99.1 33.37509 14 1.0
99.2 33.41679 14 1.0
99.3 33.4585 14 1.0
99.4 33.5002 14 1.0
99.5 33.54191 14 1.0
99.6 33.58361 14 1.0
99.7 33.62532 14 1.0
99.8 33.66702 14 1.0
99.9 33.70873 14 1.0
100.0 33.75043 14 1.0
100.1 33.79542 14 1.0
100.2 33.8404 14 1.0
100.3 33.88539 14 1.0
100.4 33.93037 14 1.0
100.5 33.97536 14 1.0
100.6 34.02034 14 1.0
100.7 34.06533 14 1.0
100.8 34.11031 14 1.0
100.9 34.1553 14 1.0
101.0 34.20028 14 1.0
101.1 34.24526 14 1.0
101.2 34.29025 14 1.0
101.3 34.33523 14 1.0
101.4 34.38022 14 1.0
101.5 34.4252 14 1.0
101.6 34.47019 14 1.0
101.7 34.51517 14 1.0
101.8 34.56016 14 1.0
101.9 34.60514 14 1.0
102.0 34.65013 14 1.0
102.1 34.69511 14 1.0
102.2 34.7401 14 1.0
102.3 34.78508 14 1.0
102.4 34.83007 14 1.0
102.5 34.87505 14 1.0
102.6 34.92004 14 1.0
102.7 34.96502 14 1.0
102.8 35.01001 14 1.0
102.9 35.05499 14 1.0
103.0 35.09998 14 1.0
103.1 35.14496 14 1.0
103.2 35.18995 14 1.0
103.3 35.23493 14 1.0
103.4 35.27992 14 1.0
103.5 35.3249 14 1.0
103.6 35.36988 14 1.0
103.7 35.41487 14 1.0
103.8 35.45985 14 1.0
103.9 35.50484 14 1.0
104.0 35.54982 14 1.0
104.1 35.59481 14 1.0
104.2 35.63979 14 1.0
104.3 35.68478 14 1.0
104.4 35.72976 14 1.0
104.5 35.77475 14 1.0
104.6 35.81973 14 1.0
104.7 35.86472 14 1.0
104.8 35.9097 14 1.0
104.9 35.95469 14 1.0
105.0 35.99967 14 1.0
105.1 36.04466 14 1.0
105.2 36.08964 14 1.0
105.3 36.13463 14 1.0
105.4 36.17961 14 1.0
105.5 36.2246 14 1.0
105.6 36.26958 14 1.0
105.7 36.31457 14 1.0
105.8 36.35955 14 1.0
105.9 36.40453 14 1.0
106.0 36.44952 14 1.0
106.1 36.4945 14 1.0
106.2 36.53949 14 1.0
106.3 36.58447 14 1.0
106.4 36.62946 14 1.0
106.5 36.67444 14 1.0
106.6 36.71943 14 1.0
106.7 36.76441 14 1.0
106.8 36.8094 14 1.0
106.9 36.85438 14 1.0
107.0 36.89937 14 1.0
107.1 36.94435 14 1.0
107.2 36.98934 14 1.0
107.3 37.03432 14 1.0
107.4 37.07931 14 1.0
107.5 37.12429 14 1.0
107.6 37.16928 14 1.0
107.7 37.21426 14 1.0
107.8 37.25925 14 1.0
107.9 37.30423 14 1.0
108.0 37.34922 14 1.0
108.1 37.3942 14 1.0
108.2 37.43919 14 1.0
108.3 37.48417 14 1.0
108.4 37.52915 14 1.0
108.5 37.57414 14 1.0
108.6 37.61912 14 1.0
108.7 37.66411 14 1.0
108.8 37.70909 14 1.0
108.9 37.75408 14 1.0
109.0 37.79906 14 1.0
109.1 37.84405 14 1.0
109.2 37.88903 14 1.0
109.3 37.93402 14 1.0
109.4 37.979 14 1.0
109.5 38.02399 14 1.0
109.6 38.06897 14 1.0
109.7 38.11396 14 1.0
109.8 38.15894 14 1.0
109.9 38.20393 14 1.0
110.0 38.24891 14 1.0
110.1 38.2931 14 1.0
110.2 38.33729 14 1.0
110.3 38.38148 14 1.0
110.4 38.42566 14 1.0
110.5 38.46985 14 1.0
110.6 38.51404 14 1.0
110.7 38.55823 14 1.0
110.8 38.60242 14 1.0
110.9 38.64661 14 1.0
111.0 38.69079 14 1.0
111.1 38.73498 14 1.0
111.2 38.77917 14 1.0
111.3 38.82336 14 1.0
111.4 38.86755 14 1.0
111.5 38.91174 14 1.0
111.6 38.95592 14 1.0
111.7 39.00011 14 1.0
111.8 39.0443 14 1.0
111.9 39.08849 14 1.0
112.0 39.13268 14 1.0
112.1 39.17687 14 1.0
112.2 39.22105 14 1.0
112.3 39.26524 14 1.0
112.4 39.30943 14 1.0
112.5 39.35362 14 1.0
112.6 39.39781 14 1.0
112.7 39.44199 14 1.0
112.8 39.48618 14 1.0
112.9 39.53037 14 1.0
113.0 39.57456 14 1.0
113.1 39.61875 14 1.0
113.2 39.66294 14 1.0
113.3 39.70712 14 1.0
113.4 39.75131 14 1.0
113.5 39.7955 14 1.0
113.6 39.83969 14 1.0
113.7 39.88388 14 1.0
113.8 39.92807 14 1.0
113.9 39.97225 14 1.0
114.0 40.01644 14 1.0
114.1 40.06063 14 1.0
114.2 40.10482 14 1.0
114.3 40.14901 14 1.0
114.4 40.1932 14 1.0
114.5 40.23738 14 1.0
114.6 40.28157 14 1.0
114.7 40.32576 14 1.0
114.8 40.36995 14 1.0
114.9 40.41414 14 1.0
115.0 40.45833 14 1.0
115.1 40.50251 14 1.0
115.2 40.5467 14 1.0
115.3 40.59089 14 1.0
115.4 40.63508 14 1.0
115.5 40.67927 14 1.0
115.6 40.72345 14 1.0
115.7 40.76764 14 1.0
115.8 40.81183 14 1.0
115.9 40.85602 14 1.0
116.0 40.90021 14 1.0
116.1 40.9444 14 1.0
116.2 40.98858 14 1.0
116.3 41.03277 14 1.0
116.4 41.07696 14 1.0
116.5 41.12115 14 1.0
116.6 41.16534 14 1.0
116.7 41.20953 14 1.0
116.8 41.25371 14 1.0
116.9 41.2979 14 1.0
117.0 41.34209 14 1.0
117.1 41.38628 14 1.0
117.2 41.43047 14 1.0
117.3 41.47466 14 1.0
117.4 41.51884 14 1.0
117.5 41.56303 14 1.0
117.6 41.60722 14 1.0
117.7 41.65141 14 1.0
117.8 41.6956 14 1.0
117.9 41.73979 14 1.0
118.0 41.78397 14 1.0
118.1 41.82816 14 1.0
118.2 41.87235 14 1.0
118.3 41.91654 14 1.0
118.4 41.96073 14 1.0
118.5 42.00491 14 1.0
118.6 42.0491 14 1.0
118.7 42.09329 14 1.0
118.8 42.13748 14 1.0
118.9 42.18167 14 1.0
119.0 42.22586 14 1.0
119.1 42.27004 14 1.0
119.2 42.31423 14 1.0
119.3 42.35842 14 1.0
119.4 42.40261 14 1.0
119.5 42.4468 14 1.0
119.6 42.49099 14 1.0
119.7 42.53517 14 1.0
119.8 42.57936 14 1.0
119.9 42.62355 14 1.0
120.0 42.66774 14 1.0
120.1 42.71406 14 1.0
120.2 42.76038 14 1.0
120.3 42.8067 14 1.0
120.4 42.85303 14 1.0
120.5 42.89935 14 1.0
120.6 42.94567 14 1.0
120.7 42.99199 14 1.0
120.8 43.03831 14 1.0
120.9 43.08463 14 1.0
121.0 43.13095 14 1.0
121.1 43.17728 14 1.0
121.2 43.2236 14 1.0
121.3 43.26992 14 1.0
121.4 43.31624 14 1.0
121.5 43.36256 14 1.0
121.6 43.40888 14 1.0
121.7 43.45521 14 1.0
121.8 43.50153 14 1.0
121.9 43.54785 14 1.0
122.0 43.59417 14 1.0
122.1 43.64049 14 1.0
122.2 43.68681 14 1.0
122.3 43.73314 14 1.0
122.4 43.77946 14 1.0
122.5 43.82578 14 1.0
122.6 43.8721 14 1.0
122.7 43.91842 14 1.0
122.8 43.96474 14 1.0
122.9 44.01106 14 1.0
123.0 44.05739 14 1.0
123.1 44.10371 14 1.0
123.2 44.15003 14 1.0
123.3 44.19635 14 1.0
123.4 44.24267 14 1.0
123.5 44.28899 14 1.0
123.6 44.33532 14 1.0
123.7 44.38164 14 1.0
123.8 44.42796 14 1.0
123.9 44.47428 14 1.0
124.0 44.5206 14 1.0
124.1 44.56692 14 1.0
124.2 44.61325 14 1.0
124.3 44.65957 14 1.0
124.4 44.70589 14 1.0
124.5 44.75221 14 1.0
124.6 44.79853 14 1.0
124.7 44.84485 14 1.0
124.8 44.89117 14 1.0
124.9 44.9375 14 1.0
125.0 44.98382 14 1.0
125.1 45.03014 14 1.0
125.2 45.07646 14 1.0
125.3 45.12278 14 1.0
125.4 45.1691 14 1.0
125.5 45.21543 14 1.0
125.6 45.26175 14 1.0
125.7 45.30807 14 1.0
125.8 45.35439 14 1.0
125.9 45.40071 14 1.0
126.0 45.44703 14 1.0
126.1 45.49336 14 1.0
126.2 45.53968 14 1.0
126.3 45.586 14 1.0
126.4 45.63232 14 1.0
126.5 45.67864 14 1.0
126.6 45.72496 14 1.0
126.7 45.77128 14 1.0
126.8 45.81761 14 1.0
126.9 45.86393 14 1.0
127.0 45.91025 14 1.0
127.1 45.95657 14 1.0
127.2 46.00289 14 1.0
127.3 46.04921 14 1.0
127.4 46.09554 14 1.0
127.5 46.14186 14 1.0
127.6 46.18818 14 1.0
127.7 46.2345 14 1.0
127.8 46.28082 14 1.0
127.9 46.32714 14 1.0
128.0 46.37347 14 1.0
128.1 46.41979 14 1.0
128.2 46.46611 14 1.0
128.3 46.51243 14 1.0
128.4 46.55875 14 1.0
128.5 46.60507 14 1.0
128.6 46.65139 14 1.0
128.7 46.69772 14 1.0
128.8 46.74404 14 1.0
128.9 46.79036 14 1.0
129.0 46.83668 14 1.0
129.1 46.883 14 1.0
129.2 46.92932 14 1.0
129.3 46.97565 14 1.0
129.4 47.02197 14 1.0
129.5 47.06829 14 1.0
129.6 47.11461 14 1.0
129.7 47.16093 14 1.0
129.8 47.20725 14 1.0
129.9 47.25358 14 1.0
130.0 47.2999 14 1.0
130.1 47.34163 14 1.0
130.2 47.38337 14 1.0
130.3 47.42511 14 1.0
130.4 47.46684 14 1.0
130.4 47.50858 14 1.0
130.5 47.55032 14 1.0
130.6 47.59206 14 1.0
130.7 47.63379 14 1.0
130.8 47.67553 14 1.0
130.9 47.71727 14 1.0
131.0 47.759 14 1.0
131.1 47.80074 14 1.0
131.2 47.84248 14 1.0
131.3 47.88422 14 1.0
131.4 47.92595 14 1.0
131.5 47.96769 14 1.0
131.6 48.00943 14 1.0
131.7 48.05116 14 1.0
131.8 48.0929 14 1.0
131.9 48.13464 14 1.0
132.0 48.17637 14 1.0
132.1 48.21811 14 1.0
132.2 48.25985 14 1.0
132.3 48.30159 14 1.0
132.4 48.34332 14 1.0
132.5 48.38506 14 1.0
132.6 48.4268 14 1.0
132.7 48.46853 14 1.0
132.8 48.51027 14 1.0
132.9 48.55201 14 1.0
133.0 48.59374 14 1.0
133.1 48.63548 14 1.0
133.2 48.67722 14 1.0
133.3 48.71896 14 1.0
133.4 48.76069 14 1.0
133.5 48.80243 14 1.0
133.6 48.84417 14 1.0
133.7 48.8859 14 1.0
133.8 48.92764 14 1.0
133.9 48.96938 14 1.0
134.0 49.01112 14 1.0
134.1 49.05285 14 1.0
134.2 49.09459 14 1.0
134.3 49.13633 14 1.0
134.4 49.17806 14 1.0
134.5 49.2198 14 1.0
134.6 49.26154 14 1.0
134.7 49.30327 14 1.0
134.8 49.34501 14 1.0
134.9 49.38675 14 1.0
135.0 49.42849 14 1.0
135.1 49.47022 14 1.0
135.2 49.51196 14 1.0
135.3 49.5537 14 1.0
135.4 49.59543 14 1.0
135.5 49.63717 14 1.0
135.6 49.67891 14 1.0
135.7 49.72064 14 1.0
135.8 49.76238 14 1.0
135.9 49.80412 14 1.0
136.0 49.84586 14 1.0
136.1 49.88759 14 1.0
136.2 49.92933 14 1.0
136.3 49.97107 14 1.0
136.4 50.0128 14 1.0
136.5 50.05454 14 1.0
136.6 50.09628 14 1.0
136.7 50.13801 14 1.0
136.8 50.17975 14 1.0
136.9 50.22149 14 1.0
137.0 50.26323 14 1.0
137.1 50.30496 14 1.0
137.2 50.3467 14 1.0
137.3 50.38844 14 1.0
137.4 50.43017 14 1.0
137.5 50.09136 14 1.0
137.6 49.51232 14 1.0
137.7 48.93227 14 1.0
137.8 48.3512 14 1.0
137.9 47.76911 14 1.0
138.0 47.18602 14 1.0
138.1 46.6019 14 1.0
138.2 46.01677 14 1.0
138.3 45.43063 14 1.0
138.4 44.84347 14 1.0
138.5 44.25529 14 1.0
138.6 43.6661 14 1.0
138.7 43.07589 14 1.0
138.8 42.48467 14 1.0
138.9 41.89243 14 1.0
139.0 41.29918 14 1.0
139.1 40.70491 14 1.0
139.2 40.10963 14 1.0
139.3 39.51333 14 1.0
139.4 38.91602 14 1.0
139.5 38.31769 14 1.0
139.6 37.71835 14 1.0
139.7 37.11799 14 1.0
139.8 36.51662 14 1.0
139.9 35.91423 14 1.0
140.0 35.28036 14 1.0
140.1 34.64539 14 1.0
140.2 34.00933 14 1.0
140.3 33.37218 14 1.0
140.4 32.73393 14 1.0
140.5 32.09458 14 1.0
140.6 31.45413 14 1.0
140.7 30.81259 14 1.0
140.8 30.16996 14 1.0
140.9 29.52622 14 1.0
141.0 28.8814 14 1.0
141.1 28.23547 14 1.0
141.2 27.58845 14 1.0
141.3 26.94033 14 1.0
141.4 26.29112 14 1.0
141.5 25.64081 14 1.0
141.6 24.98941 14 1.0
141.7 24.33691 14 1.0
141.8 23.68331 14 1.0
141.9 23.02862 14 1.0
142.0 22.37283 14 1.0
142.1 21.71595 14 1.0
142.2 21.05797 14 1.0
142.3 20.39889 14 1.0
142.4 19.73872 14 1.0
142.5 19.07745 14 1.0
142.6 18.41508 14 1.0
142.7 17.75162 14 1.0
142.8 17.08707 14 1.0
142.9 16.42141 14 1.0
143.0 15.75467 14 1.0
143.1 15.08682 14 1.0
143.2 14.41788 14 1.0
143.3 13.74784 14 1.0
143.4 13.07671 14 1.0
143.5 12.40448 14 1.0
143.6 11.73116 14 1.0
143.7 11.05674 14 1.0
143.8 10.38122 14 1.0
143.9 9.704608 14 1.0
144.0 9.0269 14 1.0
144.1 8.348095 14 1.0
144.2 7.668194 14 1.0
144.3 6.987197 14 1.0
144.4 6.305104 14 1.0
144.5 5.621916 14 1.0
144.6 4.937631 14 1.0
144.7 4.25225 14 1.0
144.8 0.0 15 0.0
144.9 0.0 15 0.0
145.0 0.0 15 0.0
145.1 0.0 15 0.0
145.2 0.0 15 0.0
145.3 0.0 15 0.0
145.4 0.0 15 0.0
145.5 0.0 15 0.0
145.6 0.0 15 0.0
145.7 0.0 15 0.0
145.8 0.0 15 0.0
145.9 0.0 15 0.0
146.0 0.0 15 0.0
146.1 0.0 15 0.0
146.2 0.0 15 0.0
146.3 0.0 15 0.0
146.4 0.0 15 0.0
146.5 0.0 15 0.0
146.6 0.0 15 0.0
146.7 0.0 15 0.0
146.8 0.0 15 0.0
146.9 0.0 15 0.0
147.0 0.0 15 0.0
147.1 0.0 15 0.0
147.2 0.0 15 0.0
147.3 0.0 15 0.0
147.4 0.0 15 0.0
147.5 0.0 15 0.0
147.6 0.0 15 0.0
147.7 0.0 15 0.0
147.8 0.0 15 0.0
147.9 0.0 15 0.0
148.0 0.0 15 0.0
148.1 0.0 15 0.0
148.2 0.0 15 0.0
148.3 0.0 15 0.0
148.4 0.0 15 0.0
148.5 0.0 15 0.0
148.6 0.0 15 0.0
148.7 0.0 15 0.0
148.8 0.0 15 0.0
148.9 0.0 15 0.0
149.0 0.0 15 0.0
149.1 0.0 15 0.0
149.2 0.0 15 0.0
149.3 0.0 15 0.0
149.4 0.0 15 0.0
149.5 0.0 15 0.0
149.6 0.0 15 0.0
149.7 0.0 15 0.0
149.8 0.0 15 0.0
149.9 0.0 15 0.0
150.0 0.0 15 0.0
150.1 0.0 15 0.0
150.2 0.0 15 0.0
150.3 0.0 15 0.0
150.4 0.0 15 0.0
150.5 0.0 15 0.0
150.6 0.0 15 0.0
150.7 0.0 15 0.0
150.8 0.0 15 0.0
150.9 0.0 15 0.0
151.0 0.0 15 0.0
151.1 0.0 15 0.0
151.2 0.0 15 0.0
151.3 0.0 15 0.0
151.4 0.0 15 0.0
151.5 0.0 15 0.0
151.6 0.0 15 0.0
151.7 0.0 15 0.0
151.8 0.0 15 0.0
151.9 0.0 15 0.0
152.0 0.0 15 0.0
152.1 0.0 15 0.0
152.2 0.0 15 0.0
152.3 0.0 15 0.0
152.4 0.0 15 0.0
152.5 0.0 15 0.0
152.6 0.0 15 0.0
152.7 0.0 15 0.0
152.8 0.0 15 0.0
152.9 0.0 15 0.0
153.0 0.0 15 0.0
153.1 0.0 15 0.0
153.2 0.0 15 0.0
153.3 0.0 15 0.0
153.4 0.0 15 0.0
153.5 0.0 15 0.0
153.6 0.0 15 0.0
153.7 0.0 15 0.0
153.8 0.0 15 0.0
153.9 0.0 15 0.0
154.0 0.0 15 0.0
154.1 0.0 15 0.0
154.2 0.0 15 0.0
154.3 0.0 15 0.0
154.4 0.0 15 0.0
154.5 0.0 15 0.0
154.6 0.0 15 0.0
154.7 0.0 15 0.0
154.8 0.0 15 0.0
154.9 0.0 15 0.0
155.0 0.0 15 0.0
155.1 0.0 15 0.0
155.2 0.0 15 0.0
155.3 0.0 15 0.0
155.4 0.0 15 0.0
155.5 0.0 15 0.0
155.6 0.0 15 0.0
155.7 0.0 15 0.0
155.8 0.0 15 0.0
155.9 0.0 15 0.0
156.0 0.0 15 0.0
156.1 0.0 15 0.0
156.2 0.0 15 0.0
156.3 0.0 15 0.0
156.4 0.0 15 0.0
156.5 0.0 15 0.0
156.6 0.0 15 0.0
156.7 0.0 15 0.0
156.8 0.0 15 0.0
156.9 0.0 15 0.0
157.0 0.0 15 0.0
157.1 0.0 15 0.0
157.2 0.0 15 0.0
157.3 0.0 15 0.0
157.4 0.0 15 0.0
157.5 0.0 15 0.0
157.6 0.0 15 0.0
157.7 0.0 15 0.0
157.8 0.0 15 0.0
157.9 0.0 15 0.0
158.0 0.0 15 0.0
158.1 0.0 15 0.0
158.2 0.0 15 0.0
158.3 0.0 15 0.0
158.4 0.0 15 0.0
158.5 0.0 15 0.0
158.6 0.0 15 0.0
158.7 0.0 15 0.0
158.8 0.0 15 0.0
158.9 0.0 15 0.0
159.0 0.0 15 0.0
159.1 0.0 15 0.0
159.2 0.0 15 0.0
159.3 0.0 15 0.0
159.4 0.0 15 0.0
159.5 0.0 15 0.0
159.6 0.0 15 0.0
159.7 0.0 15 0.0
159.8 0.0 15 0.0
159.9 0.0 15 0.0
160.0 0.0 15 0.0
160.1 0.0 15 0.0
160.2 0.0 15 0.0
160.3 0.0 15 0.0
160.4 0.0 15 0.0
160.5 0.0 15 0.0
160.6 0.0 15 0.0
160.7 0.0 15 0.0
160.8 0.0 15 0.0
160.9 0.0 15 0.0
161.0 0.0 15 0.0
161.1 0.0 15 0.0
161.2 0.0 15 0.0
161.3 0.0 15 0.0
161.4 0.0 15 0.0
161.5 0.0 15 0.0
161.6 0.0 15 0.0
161.7 0.0 15 0.0
161.8 0.0 15 0.0
161.9 0.0 15 0.0
162.0 0.0 15 0.0
162.1 0.0 15 0.0
162.2 0.0 15 0.0
162.3 0.0 15 0.0
162.4 0.0 15 0.0
162.5 0.0 15 0.0
162.6 0.0 15 0.0
162.7 0.0 15 0.0
162.8 0.0 15 0.0
162.9 0.0 15 0.0
163.0 0.0 15 0.0
163.1 0.0 15 0.0
163.2 0.0 15 0.0
163.3 0.0 15 0.0
163.4 0.0 15 0.0
163.5 0.0 15 0.0
163.6 0.0 15 0.0
163.7 0.0 15 0.0
163.8 0.0 15 0.0
163.9 0.0 15 0.0
164.0 0.0 15 0.0
164.1 0.0 15 0.0
164.2 0.0 15 0.0
164.3 0.0 15 0.0
164.4 0.0 15 0.0
164.5 0.0 15 0.0
164.6 0.0 15 0.0
164.7 0.0 15 0.0
164.8 0.0 15 0.0
164.9 0.0 15 0.0
165.0 0.0 15 0.0
165.1 0.0 15 0.0
165.2 0.0 15 0.0
165.3 0.0 15 0.0
165.4 0.0 15 0.0
165.5 0.0 15 0.0
165.6 0.0 15 0.0
165.7 0.0 15 0.0
165.8 0.0 15 0.0
165.9 0.0 15 0.0
166.0 0.0 15 0.0
166.1 0.0 15 0.0
166.2 0.0 15 0.0
166.3 0.0 15 0.0
166.4 0.0 15 0.0
166.5 0.0 15 0.0
166.6 0.0 15 0.0
166.7 0.0 15 0.0
166.8 0.0 15 0.0
166.9 0.0 15 0.0
167.0 0.0 15 0.0
167.1 0.0 15 0.0
167.2 0.0 15 0.0
167.3 0.0 15 0.0
167.4 0.0 15 0.0
167.5 0.0 15 0.0
167.6 0.0 15 0.0
167.7 0.0 15 0.0
167.8 0.0 15 0.0
167.9 0.0 15 0.0
168.0 0.0 15 0.0
168.1 0.0 15 0.0
168.2 0.0 15 0.0
168.3 0.0 15 0.0
168.4 0.0 15 0.0
168.5 0.0 15 0.0
168.6 0.0 15 0.0
168.7 0.0 15 0.0
168.8 0.0 15 0.0
168.9 0.0 15 0.0
169.0 0.0 15 0.0
169.1 0.0 15 0.0
169.2 0.0 15 0.0
169.3 0.0 15 0.0
169.4 0.0 15 0.0
169.5 0.0 15 0.0
169.6 0.0 15 0.0
169.7 0.0 15 0.0
169.8 0.0 15 0.0
169.9 0.0 15 0.0
170.0 0.0 15 0.0
170.1 0.0 15 0.0
170.2 0.0 15 0.0
170.3 0.0 15 0.0
170.4 0.0 15 0.0
170.5 0.0 15 0.0
170.6 0.0 15 0.0
170.7 0.0 15 0.0
170.8 0.0 15 0.0
170.9 0.0 15 0.0
171.0 0.0 15 0.0
171.1 0.0 15 0.0
171.2 0.0 15 0.0
171.3 0.0 15 0.0
171.4 0.0 15 0.0
171.5 0.0 15 0.0
171.6 0.0 15 0.0
171.7 0.0 15 0.0
171.8 0.0 15 0.0
171.9 0.0 15 0.0
172.0 0.0 15 0.0
172.1 0.0 15 0.0
172.2 0.0 15 0.0
172.3 0.0 15 0.0
172.4 0.0 15 0.0
172.5 0.0 15 0.0
172.6 0.0 15 0.0
172.7 0.0 15 0.0
172.8 0.0 15 0.0
172.9 0.0 15 0.0
173.0 0.0 15 0.0
173.1 0.0 15 0.0
173.2 0.0 15 0.0
173.3 0.0 15 0.0
173.4 0.0 15 0.0
173.5 0.0 15 0.0
173.6 0.0 15 0.0
173.7 0.0 15 0.0
173.8 0.0 15 0.0
173.9 0.0 15 0.0
174.0 0.0 15 0.0
174.1 0.0 15 0.0
174.2 0.0 15 0.0
174.3 0.0 15 0.0
174.4 0.0 15 0.0
174.5 0.0 15 0.0
174.6 0.0 15 0.0
174.7 0.0 15 0.0
174.8 0.0 15 0.0
174.9 0.0 15 0.0
175.0 0.0 15 0.0
175.1 0.0 15 0.0
175.2 0.0 15 0.0
175.3 0.0 15 0.0
175.4 0.0 15 0.0
175.5 0.0 15 0.0
175.6 0.0 15 0.0
175.7 0.0 15 0.0
175.8 0.0 15 0.0
175.9 0.0 15 0.0
176.0 0.0 15 0.0
176.1 0.0 15 0.0
176.2 0.0 15 0.0
176.3 0.0 15 0.0
176.4 0.0 15 0.0
176.5 0.0 15 0.0
176.6 0.0 15 0.0
176.7 0.0 15 0.0
176.8 0.0 15 0.0
176.9 0.0 15 0.0
177.0 0.0 15 0.0
177.1 0.0 15 0.0
177.2 0.0 15 0.0
177.3 0.0 15 0.0
177.4 0.0 15 0.0
177.5 0.0 15 0.0
177.6 0.0 15 0.0
177.7 0.0 15 0.0
177.8 0.0 15 0.0
177.9 0.0 15 0.0
178.0 0.0 15 0.0
178.1 0.0 15 0.0
178.2 0.0 15 0.0
178.3 0.0 15 0.0
178.4 0.0 15 0.0
178.5 0.0 15 0.0
178.6 0.0 15 0.0
178.7 0.0 15 0.0
178.8 0.0 15 0.0
178.9 0.0 15 0.0
179.0 0.0 15 0.0
179.1 0.0 15 0.0
179.2 0.0 15 0.0
179.3 0.0 15 0.0
179.4 0.0 15 0.0
179.5 0.0 15 0.0
179.6 0.0 15 0.0
179.7 0.0 15 0.0
179.8 0.0 15 0.0
179.9 0.0 15 0.0
180.0 0.0 15 0.0
180.1 0.0 15 0.0
180.2 0.0 15 0.0
180.3 0.0 15 0.0
180.4 0.0 15 0.0
180.5 0.0 15 0.0
180.6 0.0 15 0.0
180.7 0.0 15 0.0
180.8 0.0 15 0.0
180.9 0.0 15 0.0
181.0 0.0 15 0.0
181.1 0.0 15 0.0
181.2 0.0 15 0.0
181.3 0.0 15 0.0
181.4 0.0 15 0.0
181.5 0.0 15 0.0
181.6 0.0 15 0.0
181.7 0.0 15 0.0
181.8 0.0 15 0.0
181.9 0.0 15 0.0
182.0 0.0 15 0.0
182.1 0.0 15 0.0
182.2 0.0 15 0.0
182.3 0.0 15 0.0
182.4 0.0 15 0.0
182.5 0.0 15 0.0
182.6 0.0 15 0.0
182.7 0.0 15 0.0
182.8 0.0 15 0.0
182.9 0.0 15 0.0
183.0 0.0 15 0.0
183.1 0.0 15 0.0
183.2 0.0 15 0.0
183.3 0.0 15 0.0
183.4 0.0 15 0.0
183.5 0.0 15 0.0
183.6 0.0 15 0.0
183.7 0.0 15 0.0
183.8 0.0 15 0.0
183.9 0.0 15 0.0
184.0 0.0 15 0.0
184.1 0.0 15 0.0
184.2 0.0 15 0.0
184.3 0.0 15 0.0
184.4 0.0 15 0.0
184.5 0.0 15 0.0
184.6 0.0 15 0.0
184.7 0.0 15 0.0
184.8 0.0 15 0.0
184.9 0.0 15 0.0
185.0 0.0 15 0.0
185.1 0.0 15 0.0
185.2 0.0 15 0.0
185.3 0.0 15 0.0
185.4 0.0 15 0.0
185.5 0.0 15 0.0
185.6 0.0 15 0.0
185.7 0.0 15 0.0
185.8 0.0 15 0.0
185.9 0.0 15 0.0
186.0 0.0 15 0.0
186.1 0.0 15 0.0
186.2 0.0 15 0.0
186.3 0.0 15 0.0
186.4 0.0 15 0.0
186.5 0.0 15 0.0
186.6 0.0 15 0.0
186.7 0.0 15 0.0
186.8 0.0 15 0.0
186.9 0.0 15 0.0
187.0 0.0 15 0.0
187.1 0.0 15 0.0
187.2 0.0 15 0.0
187.3 0.0 15 0.0
187.4 0.0 15 0.0
187.5 0.0 15 0.0
187.6 0.0 15 0.0
187.7 0.0 15 0.0
187.8 0.0 15 0.0
187.9 0.0 15 0.0
188.0 0.0 15 0.0
188.1 0.0 15 0.0
188.2 0.0 15 0.0
188.3 0.0 15 0.0
188.4 0.0 15 0.0
188.5 0.0 15 0.0
188.6 0.0 15 0.0
188.7 0.0 15 0.0
188.8 0.0 15 0.0
188.9 0.0 15 0.0
189.0 0.0 15 0.0
189.1 0.0 15 0.0
189.2 0.0 15 0.0
189.3 0.0 15 0.0
189.4 0.0 15 0.0
189.5 0.0 15 0.0
189.6 0.0 15 0.0
189.7 0.0 15 0.0
189.8 0.0 15 0.0
189.9 0.0 15 0.0
190.0 0.0 15 0.0
190.1 0.0 15 0.0
190.2 0.0 15 0.0
190.3 0.0 15 0.0
190.4 0.0 15 0.0
190.5 0.0 15 0.0
190.6 0.0 15 0.0
190.7 0.0 15 0.0
190.8 0.0 15 0.0
190.9 0.0 15 0.0
191.0 0.0 15 0.0
191.1 0.0 15 0.0
191.2 0.0 15 0.0
191.3 0.0 15 0.0
191.4 0.0 15 0.0
191.5 0.0 15 0.0
191.6 0.0 15 0.0
191.7 0.0 15 0.0
191.8 0.0 15 0.0
191.9 0.0 15 0.0
192.0 0.0 15 0.0
192.1 0.0 15 0.0
192.2 0.0 15 0.0
192.3 0.0 15 0.0
192.4 0.0 15 0.0
192.5 0.0 15 0.0
192.6 0.0 15 0.0
192.7 0.0 15 0.0
192.8 0.0 15 0.0
192.9 0.0 15 0.0
193.0 0.0 15 0.0
193.1 0.0 15 0.0
193.2 0.0 15 0.0
193.3 0.0 15 0.0
193.4 0.0 15 0.0
193.5 0.0 15 0.0
193.6 0.0 15 0.0
193.7 0.0 15 0.0
193.8 0.0 15 0.0
193.9 0.0 15 0.0
194.0 0.0 15 0.0
194.1 0.0 15 0.0
194.2 0.0 15 0.0
194.3 0.0 15 0.0
194.4 0.0 15 0.0
194.5 0.0 15 0.0
194.6 0.0 15 0.0
194.7 0.0 15 0.0
194.8 0.0 15 0.0
194.9 0.0 15 0.0
195.0 0.0 15 0.0
195.1 0.0 15 0.0
195.2 0.0 15 0.0
195.3 0.0 15 0.0
195.4 0.0 15 0.0
195.5 0.0 15 0.0
195.6 0.0 15 0.0
195.7 0.0 15 0.0
195.8 0.0 15 0.0
195.9 0.0 15 0.0
196.0 0.0 15 0.0
196.1 0.0 15 0.0
196.2 0.0 15 0.0
196.3 0.0 15 0.0
196.4 0.0 15 0.0
196.5 0.0 15 0.0
196.6 0.0 15 0.0
196.7 0.0 15 0.0
196.8 0.0 15 0.0
196.9 0.0 15 0.0
197.0 0.0 15 0.0
197.1 0.0 15 0.0
197.2 0.0 15 0.0
197.3 0.0 15 0.0
197.4 0.0 15 0.0
197.5 0.0 15 0.0
197.6 0.0 15 0.0
197.7 0.0 15 0.0
197.8 0.0 15 0.0
197.9 0.0 15 0.0
198.0 0.0 15 0.0
198.1 0.0 15 0.0
198.2 0.0 15 0.0
198.3 0.0 15 0.0
198.4 0.0 15 0.0
198.5 0.0 15 0.0
198.6 0.0 15 0.0
198.7 0.0 15 0.0
198.8 0.0 15 0.0
198.9 0.0 15 0.0
199.0 0.0 15 0.0
199.1 0.0 15 0.0
199.2 0.0 15 0.0
199.3 0.0 15 0.0
199.4 0.0 15 0.0
199.5 0.0 15 0.0
199.6 0.0 15 0.0
199.7 0.0 15 0.0
199.8 0.0 15 0.0
199.9 0.0 15 0.0
200.0 0.0 15 0.0
200.1 0.0 15 0.0
200.2 0.0 15 0.0
200.3 0.0 15 0.0
200.4 0.0 15 0.0
200.5 0.0 15 0.0
200.6 0.0 15 0.0
200.7 0.0 15 0.0
200.8 0.0 15 0.0
200.9 0.0 15 0.0
201.0 0.0 15 0.0
201.1 0.0 15 0.0
201.2 0.0 15 0.0
201.3 0.0 15 0.0
201.4 0.0 15 0.0
201.5 0.0 15 0.0
201.6 0.0 15 0.0
201.7 0.0 15 0.0
201.8 0.0 15 0.0
201.9 0.0 15 0.0
202.0 0.0 15 0.0
202.1 0.0 15 0.0
202.2 0.0 15 0.0
202.3 0.0 15 0.0
202.4 0.0 15 0.0
202.5 0.0 15 0.0
202.6 0.0 15 0.0
202.7 0.0 15 0.0
202.8 0.0 15 0.0
202.9 0.0 15 0.0
203.0 0.0 15 0.0
203.1 0.0 15 0.0
203.2 0.0 15 0.0
203.3 0.0 15 0.0
203.4 0.0 15 0.0
203.5 0.0 15 0.0
203.6 0.0 15 0.0
203.7 0.0 15 0.0
203.8 0.0 15 0.0
203.9 0.0 15 0.0
204.0 0.0 15 0.0
204.1 0.0 15 0.0
204.2 0.0 15 0.0
204.3 0.0 15 0.0
204.4 0.0 15 0.0
204.5 0.0 15 0.0
204.6 0.0 15 0.0
204.7 0.0 15 0.0
204.8 0.0 15 0.0
204.9 0.0 15 0.0
205.0 0.0 15 0.0
205.1 0.0 15 0.0
205.2 0.0 15 0.0
205.3 0.0 15 0.0
205.4 0.0 15 0.0
205.5 0.0 15 0.0
205.6 0.0 15 0.0
205.7 0.0 15 0.0
205.8 0.0 15 0.0
205.9 0.0 15 0.0
206.0 0.0 15 0.0
206.1 0.0 15 0.0
206.2 0.0 15 0.0
206.3 0.0 15 0.0
206.4 0.0 15 0.0
206.5 0.0 15 0.0
206.6 0.0 15 0.0
206.7 0.0 15 0.0
206.8 0.0 15 0.0
206.9 0.0 15 0.0
207.0 0.0 15 0.0
207.1 0.0 15 0.0
207.2 0.0 15 0.0
207.3 0.0 15 0.0
207.4 0.0 15 0.0
207.5 0.0 15 0.0
207.6 0.0 15 0.0
207.7 0.0 15 0.0
207.8 0.0 15 0.0
207.9 0.0 15 0.0
208.0 0.0 15 0.0
208.1 0.0 15 0.0
208.2 0.0 15 0.0
208.3 0.0 15 0.0
208.4 0.0 15 0.0
208.5 0.0 15 0.0
208.6 0.0 15 0.0
208.7 0.0 15 0.0
208.8 0.0 15 0.0
208.9 0.0 15 0.0
209.0 0.0 15 0.0
209.1 0.0 15 0.0
209.2 0.0 15 0.0
209.3 0.0 15 0.0
209.4 0.0 15 0.0
209.5 0.0 15 0.0
209.6 0.0 15 0.0
209.7 0.0 15 0.0
209.8 0.0 15 0.0
209.9 0.0 15 0.0
210.0 0.0 15 0.0
210.1 0.0 15 0.0
210.2 0.0 15 0.0
210.3 0.0 15 0.0
210.4 0.0 15 0.0
210.5 0.0 15 0.0
210.6 0.0 15 0.0
210.7 0.0 15 0.0
210.8 0.0 15 0.0
210.9 0.0 15 0.0
211.0 0.0 15 0.0
211.1 0.0 15 0.0
211.2 0.0 15 0.0
211.3 0.0 15 0.0
211.4 0.0 15 0.0
211.5 0.0 15 0.0
211.6 0.0 15 0.0
211.7 0.0 15 0.0
211.8 0.0 15 0.0
211.9 0.0 15 0.0
212.0 0.0 15 0.0
212.1 0.0 15 0.0
212.2 0.0 15 0.0
212.3 0.0 15 0.0
212.4 0.0 15 0.0
212.5 0.0 15 0.0
212.6 0.0 15 0.0
212.7 0.0 15 0.0
212.8 0.0 15 0.0
212.9 0.0 15 0.0
213.0 0.0 15 0.0
213.1 0.0 15 0.0
213.2 0.0 15 0.0
213.3 0.0 15 0.0
213.4 0.0 15 0.0
213.5 0.0 15 0.0
213.6 0.0 15 0.0
213.7 0.0 15 0.0
213.8 0.0 15 0.0
213.9 0.0 15 0.0
214.0 0.0 15 0.0
214.1 0.0 15 0.0
214.2 0.0 15 0.0
214.3 0.0 15 0.0
214.4 0.0 15 0.0
214.5 0.0 15 0.0
214.6 0.0 15 0.0
214.7 0.0 15 0.0
214.8 0.0 15 0.0
214.9 0.0 15 0.0
215.0 0.0 15 0.0
215.1 0.0 15 0.0
215.2 0.0 15 0.0
215.3 0.0 15 0.0
215.4 0.0 15 0.0
215.5 0.0 15 0.0
215.6 0.0 15 0.0
215.7 0.0 15 0.0
215.8 0.0 15 0.0
215.9 0.0 15 0.0
216.0 0.0 15 0.0
216.1 0.0 15 0.0
216.2 0.0 15 0.0
216.3 0.0 15 0.0
216.4 0.0 15 0.0
216.5 0.0 15 0.0
216.6 0.0 15 0.0
216.7 0.0 15 0.0
216.8 0.0 15 0.0
216.9 0.0 15 0.0
217.0 0.0 15 0.0
217.1 0.0 15 0.0
217.2 0.0 15 0.0
217.3 0.0 15 0.0
217.4 0.0 15 0.0
217.5 0.0 15 0.0
217.6 0.0 15 0.0
217.7 0.0 15 0.0
217.8 0.0 15 0.0
217.9 0.0 15 0.0
218.0 0.0 15 0.0
218.1 0.0 15 0.0
218.2 0.0 15 0.0
218.3 0.0 15 0.0
218.4 0.0 15 0.0
218.5 0.0 15 0.0
218.6 0.0 15 0.0
218.7 0.0 15 0.0
218.8 0.0 15 0.0
218.9 0.0 15 0.0
219.0 0.0 15 0.0
219.1 0.0 15 0.0
219.2 0.0 15 0.0
219.3 0.0 15 0.0
219.4 0.0 15 0.0
219.5 0.0 15 0.0
219.6 0.0 15 0.0
219.7 0.0 15 0.0
219.8 0.0 15 0.0
219.9 0.0 15 0.0
220.0 0.0 15 0.0
220.1 0.0 15 0.0
220.2 0.0 15 0.0
220.3 0.0 15 0.0
220.4 0.0 15 0.0
220.5 0.0 15 0.0
220.6 0.0 15 0.0
220.7 0.0 15 0.0
220.8 0.0 15 0.0
220.9 0.0 15 0.0
221.0 0.0 15 0.0
221.1 0.0 15 0.0
221.2 0.0 15 0.0
221.3 0.0 15 0.0
221.4 0.0 15 0.0
221.5 0.0 15 0.0
221.6 0.0 15 0.0
221.7 0.0 15 0.0
221.8 0.0 15 0.0
221.9 0.0 15 0.0
222.0 0.0 15 0.0
222.1 0.0 15 0.0
222.2 0.0 15 0.0
222.3 0.0 15 0.0
222.4 0.0 15 0.0
222.5 0.0 15 0.0
222.6 0.0 15 0.0
222.7 0.0 15 0.0
222.8 0.0 15 0.0
222.9 0.0 15 0.0
223.0 0.0 15 0.0
223.1 0.0 15 0.0
223.2 0.0 15 0.0
223.3 0.0 15 0.0
223.4 0.0 15 0.0
223.5 0.0 15 0.0
223.6 0.0 15 0.0
223.7 0.0 15 0.0
223.8 0.0 15 0.0
223.9 0.0 15 0.0
224.0 0.0 15 0.0
224.1 0.0 15 0.0
224.2 0.0 15 0.0
224.3 0.0 15 0.0
224.4 0.0 15 0.0
224.5 0.0 15 0.0
224.6 0.0 15 0.0
224.7 0.0 15 0.0
224.8 0.0 15 0.0
224.9 0.0 15 0.0
225.0 0.0 15 0.0
225.1 0.0 15 0.0
225.2 0.0 15 0.0
225.3 0.0 15 0.0
225.4 0.0 15 0.0
225.5 0.0 15 0.0
225.6 0.0 15 0.0
225.7 0.0 15 0.0
225.8 0.0 15 0.0
225.9 0.0 15 0.0
226.0 0.0 15 0.0
226.1 0.0 15 0.0
226.2 0.0 15 0.0
226.3 0.0 15 0.0
226.4 0.0 15 0.0
226.5 0.0 15 0.0
226.6 0.0 15 0.0
226.7 0.0 15 0.0
226.8 0.0 15 0.0
226.9 0.0 15 0.0
227.0 0.0 15 0.0
227.1 0.0 15 0.0
227.2 0.0 15 0.0
227.3 0.0 15 0.0
227.4 0.0 15 0.0
227.5 0.0 15 0.0
227.6 0.0 15 0.0
227.7 0.0 15 0.0
227.8 0.0 15 0.0
227.9 0.0 15 0.0
228.0 0.0 15 0.0
228.1 0.0 15 0.0
228.2 0.0 15 0.0
228.3 0.0 15 0.0
228.4 0.0 15 0.0
228.5 0.0 15 0.0
228.6 0.0 15 0.0
228.7 0.0 15 0.0
228.8 0.0 15 0.0
228.9 0.0 15 0.0
229.0 0.0 15 0.0
229.1 0.0 15 0.0
229.2 0.0 15 0.0
229.3 0.0 15 0.0
229.4 0.0 15 0.0
229.5 0.0 15 0.0
229.6 0.0 15 0.0
229.7 0.0 15 0.0
229.8 0.0 15 0.0
229.9 0.0 15 0.0
230.0 0.0 15 0.0
230.1 0.0 15 0.0
230.2 0.0 15 0.0
230.3 0.0 15 0.0
230.4 0.0 15 0.0
230.5 0.0 15 0.0
230.6 0.0 15 0.0
230.7 0.0 15 0.0
230.8 0.0 15 0.0
230.9 0.0 15 0.0
231.0 0.0 15 0.0
231.1 0.0 15 0.0
231.2 0.0 15 0.0
231.3 0.0 15 0.0
231.4 0.0 15 0.0
231.5 0.0 15 0.0
231.6 0.0 15 0.0
231.7 0.0 15 0.0
231.8 0.0 15 0.0
231.9 0.0 15 0.0
232.0 0.0 15 0.0
232.1 0.0 15 0.0
232.2 0.0 15 0.0
232.3 0.0 15 0.0
232.4 0.0 15 0.0
232.5 0.0 15 0.0
232.6 0.0 15 0.0
232.7 0.0 15 0.0
232.8 0.0 15 0.0
232.9 0.0 15 0.0
233.0 0.0 15 0.0
233.1 0.0 15 0.0
233.2 0.0 15 0.0
233.3 0.0 15 0.0
233.4 0.0 15 0.0
233.5 0.0 15 0.0
233.6 0.0 15 0.0
233.7 0.0 15 0.0
233.8 0.0 15 0.0
233.9 0.0 15 0.0
234.0 0.0 15 0.0
234.1 0.0 15 0.0
234.2 0.0 15 0.0
234.3 0.0 15 0.0
234.4 0.0 15 0.0
234.5 0.0 15 0.0
234.6 0.0 15 0.0
234.7 0.0 15 0.0
234.8 0.0 15 0.0
234.9 0.0 15 0.0
235.0 0.0 15 0.0
235.1 0.0 15 0.0
235.2 0.0 15 0.0
235.3 0.0 15 0.0
235.4 0.0 15 0.0
235.5 0.0 15 0.0
235.6 0.0 15 0.0
235.7 0.0 15 0.0
235.8 0.0 15 0.0
235.9 0.0 15 0.0
236.0 0.0 15 0.0
236.1 0.0 15 0.0
236.2 0.0 15 0.0
236.3 0.0 15 0.0
236.4 0.0 15 0.0
236.5 0.0 15 0.0
236.6 0.0 15 0.0
236.7 0.0 15 0.0
236.8 0.0 15 0.0
236.9 0.0 15 0.0
237.0 0.0 15 0.0
237.1 0.0 15 0.0
237.2 0.0 15 0.0
237.3 0.0 15 0.0
237.4 0.0 15 0.0
237.5 0.0 15 0.0
237.6 0.0 15 0.0
237.7 0.0 15 0.0
237.8 0.0 15 0.0
237.9 0.0 15 0.0
238.0 0.0 15 0.0
238.1 0.0 15 0.0
238.2 0.0 15 0.0
238.3 0.0 15 0.0
238.4 0.0 15 0.0
238.5 0.0 15 0.0
238.6 0.0 15 0.0
238.7 0.0 15 0.0
238.8 0.0 15 0.0
238.9 0.0 15 0.0
239.0 0.0 15 0.0
239.1 0.0 15 0.0
239.2 0.0 15 0.0
239.3 0.0 15 0.0
239.4 0.0 15 0.0
239.5 0.0 15 0.0
239.6 0.0 15 0.0
239.7 0.0 15 0.0
239.8 0.0 15 0.0
239.9 0.0 15 0.0
240.0 0.0 15 0.0
240.1 0.0 15 0.0
240.2 0.0 15 0.0
240.3 0.0 15 0.0
240.4 0.0 15 0.0
240.5 0.0 15 0.0
240.6 0.0 15 0.0
240.7 0.0 15 0.0
240.8 0.0 15 0.0
240.9 0.0 15 0.0
241.0 0.0 15 0.0
241.1 0.0 15 0.0
241.2 0.0 15 0.0
241.3 0.0 15 0.0
241.4 0.0 15 0.0
241.5 0.0 15 0.0
241.6 0.0 15 0.0
241.7 0.0 15 0.0
241.8 0.0 15 0.0
241.9 0.0 15 0.0
242.0 0.0 15 0.0
242.1 0.0 15 0.0
242.2 0.0 15 0.0
242.3 0.0 15 0.0
242.4 0.0 15 0.0
242.5 0.0 15 0.0
242.6 0.0 15 0.0
242.7 0.0 15 0.0
242.8 0.0 15 0.0
242.9 0.0 15 0.0
243.0 0.0 15 0.0
243.1 0.0 15 0.0
243.2 0.0 15 0.0
243.3 0.0 15 0.0
243.4 0.0 15 0.0
243.5 0.0 15 0.0
243.6 0.0 15 0.0
243.7 0.0 15 0.0
243.8 0.0 15 0.0
243.9 0.0 15 0.0
244.0 0.0 15 0.0
244.1 0.0 15 0.0
244.2 0.0 15 0.0
244.3 0.0 15 0.0
244.4 0.0 15 0.0
244.5 0.0 15 0.0
244.6 0.0 15 0.0
244.7 0.0 15 0.0
244.8 0.0 15 0.0
244.9 0.0 15 0.0
245.0 0.0 15 0.0
245.1 0.0 15 0.0
245.2 0.0 15 0.0
245.3 0.0 15 0.0
245.4 0.0 15 0.0
245.5 0.0 15 0.0
245.6 0.0 15 0.0
245.7 0.0 15 0.0
245.8 0.0 15 0.0
245.9 0.0 15 0.0
246.0 0.0 15 0.0
246.1 0.0 15 0.0
246.2 0.0 15 0.0
246.3 0.0 15 0.0
246.4 0.0 15 0.0
246.5 0.0 15 0.0
246.6 0.0 15 0.0
246.7 0.0 15 0.0
246.8 0.0 15 0.0
246.9 0.0 15 0.0
247.0 0.0 15 0.0
247.1 0.0 15 0.0
247.2 0.0 15 0.0
247.3 0.0 15 0.0
247.4 0.0 15 0.0
247.5 0.0 15 0.0
247.6 0.0 15 0.0
247.7 0.0 15 0.0
247.8 0.0 15 0.0
247.9 0.0 15 0.0
248.0 187.4689 14 1.0
248.1 187.5309 14 1.0
248.2 187.5929 14 1.0
248.3 187.655 14 1.0
248.4 187.717 14 1.0
248.5 187.779 14 1.0
248.6 187.841 14 1.0
248.7 187.903 14 1.0
248.8 187.965 14 1.0
248.9 188.027 14 1.0
249.0 188.089 14 1.0
249.1 188.1511 14 1.0
249.2 188.2131 14 1.0
249.3 188.2751 14 1.0
249.4 188.3371 14 1.0
249.5 188.3991 14 1.0
249.6 188.4611 14 1.0
249.7 188.5231 14 1.0
249.8 188.5851 14 1.0
249.9 188.6472 14 1.0
250.0 188.6982 14 1.0
250.1 188.7493 14 1.0
250.2 188.8003 14 1.0
250.3 188.8514 14 1.0
250.4 188.9024 14 1.0
250.5 188.9535 14 1.0
250.6 189.0045 14 1.0
250.7 189.0556 14 1.0
250.8 189.1066 14 1.0
250.9 189.1577 14 1.0
251.0 189.2087 14 1.0
251.1 189.2598 14 1.0
251.2 189.3108 14 1.0
251.3 189.3619 14 1.0
251.4 189.413 14 1.0
251.5 189.464 14 1.0
251.6 189.5151 14 1.0
251.7 189.5661 14 1.0
251.8 189.6172 14 1.0
251.9 189.6682 14 1.0
252.0 189.7193 14 1.0
252.1 189.7703 14 1.0
252.2 189.8214 14 1.0
252.3 189.8724 14 1.0
252.4 189.9235 14 1.0
252.5 189.9745 14 1.0
252.6 190.0256 14 1.0
252.7 190.0766 14 1.0
252.8 190.1277 14 1.0
252.9 190.1788 14 1.0
253.0 190.2298 14 1.0
253.1 190.2809 14 1.0
253.2 190.3319 14 1.0
253.3 190.383 14 1.0
253.4 190.434 14 1.0
253.5 190.4851 14 1.0
253.6 190.5361 14 1.0
253.7 190.5872 14 1.0
253.8 190.6382 14 1.0
253.9 190.6893 14 1.0
254.0 190.7403 14 1.0
254.1 190.7914 14 1.0
254.2 190.8424 14 1.0
254.3 190.8935 14 1.0
254.4 190.9446 14 1.0
254.5 190.9956 14 1.0
254.6 191.0467 14 1.0
254.7 191.0977 14 1.0
254.8 191.1488 14 1.0
254.9 191.1998 14 1.0
255.0 191.2509 14 1.0
255.1 191.3019 14 1.0
255.2 191.353 14 1.0
255.3 191.404 14 1.0
255.4 191.4551 14 1.0
255.5 191.5061 14 1.0
255.6 191.5572 14 1.0
255.7 191.6082 14 1.0
255.8 191.6593 14 1.0
255.9 191.7103 14 1.0
256.0 191.7614 14 1.0
256.1 191.8125 14 1.0
256.2 191.8635 14 1.0
256.3 191.9146 14 1.0
256.4 191.9656 14 1.0
256.5 192.0167 14 1.0
256.6 192.0677 14 1.0
256.7 192.1188 14 1.0
256.8 192.1698 14 1.0
256.9 192.2209 14 1.0
257.0 192.2719 14 1.0
257.1 192.323 14 1.0
257.2 192.374 14 1.0
257.3 192.4251 14 1.0
257.4 192.4761 14 1.0
257.5 192.5272 14 1.0
257.6 192.5783 14 1.0
257.7 192.6293 14 1.0
257.8 192.6804 14 1.0
257.9 192.7314 14 1.0
258.0 192.7825 14 1.0
258.1 192.8335 14 1.0
258.2 192.8846 14 1.0
258.3 192.9356 14 1.0
258.4 192.9867 14 1.0
258.5 193.0377 14 1.0
258.6 193.0888 14 1.0
258.7 193.1398 14 1.0
258.8 193.1909 14 1.0
258.9 193.2419 14 1.0
259.0 193.293 14 1.0
259.1 193.344 14 1.0
259.2 193.3951 14 1.0
259.3 193.4462 14 1.0
259.4 193.4972 14 1.0
259.5 193.5483 14 1.0
259.6 193.5993 14 1.0
259.7 193.6504 14 1.0
259.8 193.7014 14 1.0
259.9 193.7525 14 1.0
260.0 193.8035 14 1.0
260.1 193.8546 14 1.0
260.2 193.9056 14 1.0
260.3 193.9567 14 1.0
260.4 194.0077 14 1.0
260.5 194.0588 14 1.0
260.6 194.1098 14 1.0
260.7 194.1609 14 1.0
260.8 194.212 14 1.0
260.9 194.263 14 1.0
261.0 194.3141 14 1.0
261.1 194.3651 14 1.0
261.2 194.4162 14 1.0
261.3 194.4672 14 1.0
261.4 194.5183 14 1.0
261.5 194.5693 14 1.0
261.6 194.6204 14 1.0
261.7 194.6714 14 1.0
261.8 194.7225 14 1.0
261.9 194.7735 14 1.0
262.0 194.8246 14 1.0
262.1 194.8756 14 1.0
262.2 194.9267 14 1.0
262.3 194.9778 14 1.0
262.4 195.0288 14 1.0
262.5 195.0799 14 1.0
262.6 195.1309 14 1.0
262.7 195.182 14 1.0
262.8 195.233 14 1.0
262.9 195.2841 14 1.0
263.0 195.3351 14 1.0
263.1 195.3862 14 1.0
263.2 195.4372 14 1.0
263.3 195.4883 14 1.0
263.4 195.5393 14 1.0
263.5 195.5904 14 1.0
263.6 195.6414 14 1.0
263.7 195.6925 14 1.0
263.8 195.7435 14 1.0
263.9 195.7946 14 1.0
264.0 195.8457 14 1.0
264.1 195.8967 14 1.0
264.2 195.9478 14 1.0
264.3 195.9988 14 1.0
264.4 196.0499 14 1.0
264.5 196.1009 14 1.0
264.6 196.152 14 1.0
264.7 196.203 14 1.0
264.8 196.2541 14 1.0
264.9 196.3051 14 1.0
265.0 196.3562 14 1.0
265.1 196.4072 14 1.0
265.2 196.4583 14 1.0
265.3 196.5093 14 1.0
265.4 196.5604 14 1.0
265.5 196.6115 14 1.0
265.6 196.6625 14 1.0
265.7 196.7136 14 1.0
265.8 196.7646 14 1.0
265.9 196.8157 14 1.0
266.0 196.8667 14 1.0
266.1 196.9178 14 1.0
266.2 196.9688 14 1.0
266.3 197.0199 14 1.0
266.4 197.0709 14 1.0
266.5 197.122 14 1.0
266.6 197.173 14 1.0
266.7 197.2241 14 1.0
266.8 197.2751 14 1.0
266.9 197.3262 14 1.0
267.0 197.3773 14 1.0
267.1 197.4283 14 1.0
267.2 197.4794 14 1.0
267.3 197.5304 14 1.0
267.4 197.5815 14 1.0
267.5 197.6325 14 1.0
267.6 197.6836 14 1.0
267.7 197.7346 14 1.0
267.8 197.7857 14 1.0
267.9 197.8367 14 1.0
268.0 197.8878 14 1.0
268.1 197.9388 14 1.0
268.2 197.9899 14 1.0
268.3 198.0409 14 1.0
268.4 198.092 14 1.0
268.5 198.143 14 1.0
268.6 198.1941 14 1.0
268.7 198.2452 14 1.0
268.8 198.2962 14 1.0
268.9 198.3473 14 1.0
269.0 198.3983 14 1.0
269.1 198.4494 14 1.0
269.2 198.5004 14 1.0
269.3 198.5515 14 1.0
269.4 198.6025 14 1.0
269.5 198.6536 14 1.0
269.6 198.7046 14 1.0
269.7 198.7557 14 1.0
269.8 198.8067 14 1.0
269.9 198.8578 14 1.0
270.0 198.9088 14 1.0
270.1 198.9599 14 1.0
270.2 199.011 14 1.0
270.3 199.062 14 1.0
270.4 199.1131 14 1.0
270.5 199.1641 14 1.0
270.6 199.2152 14 1.0
270.7 199.2662 14 1.0
270.8 199.3173 14 1.0
270.9 199.3683 14 1.0
271.0 199.4194 14 1.0
271.1 199.4704 14 1.0
271.2 199.5215 14 1.0
271.3 199.5725 14 1.0
271.4 199.6236 14 1.0
271.5 199.6746 14 1.0
271.6 199.7257 14 1.0
271.7 199.7768 14 1.0
271.8 199.8278 14 1.0
271.9 199.8789 14 1.0
272.0 199.9299 14 1.0
272.1 199.981 14 1.0
272.2 200.032 14 1.0
272.3 200.0831 14 1.0
272.4 200.1341 14 1.0
272.5 200.1852 14 1.0
272.6 200.2362 14 1.0
272.7 200.2873 14 1.0
272.8 200.3383 14 1.0
272.9 200.3894 14 1.0
273.0 200.4404 14 1.0
273.1 200.4915 14 1.0
273.2 200.5425 14 1.0
273.3 200.5936 14 1.0
273.4 200.6447 14 1.0
273.5 200.6957 14 1.0
273.6 200.7468 14 1.0
273.7 200.7978 14 1.0
273.8 200.8489 14 1.0
273.9 200.8999 14 1.0
274.0 200.951 14 1.0
274.1 201.002 14 1.0
274.2 201.0531 14 1.0
274.3 201.1041 14 1.0
274.4 201.1552 14 1.0
274.5 201.2062 14 1.0
274.6 201.2573 14 1.0
274.7 201.3083 14 1.0
274.8 201.3594 14 1.0
274.9 201.4105 14 1.0
275.0 201.4615 14 1.0
275.1 201.5126 14 1.0
275.2 201.5636 14 1.0
275.3 201.6147 14 1.0
275.4 201.6657 14 1.0
275.5 201.7168 14 1.0
275.6 201.7678 14 1.0
275.7 201.8189 14 1.0
275.8 201.8699 14 1.0
275.9 201.921 14 1.0
276.0 201.972 14 1.0
276.1 202.0231 14 1.0
276.2 202.0741 14 1.0
276.3 202.1252 14 1.0
276.4 202.1763 14 1.0
276.5 202.2273 14 1.0
276.6 202.2784 14 1.0
276.7 202.3294 14 1.0
276.8 202.3805 14 1.0
276.9 202.4315 14 1.0
277.0 202.4826 14 1.0
277.1 202.5336 14 1.0
277.2 202.5847 14 1.0
277.3 202.6357 14 1.0
277.4 202.6868 14 1.0
277.5 202.7378 14 1.0
277.6 202.7889 14 1.0
277.7 202.8399 14 1.0
277.8 202.891 14 1.0
277.9 202.942 14 1.0
278.0 202.9931 14 1.0
278.1 203.0442 14 1.0
278.2 203.0952 14 1.0
278.3 203.1463 14 1.0
278.4 203.1973 14 1.0
278.5 203.2484 14 1.0
278.6 203.2994 14 1.0
278.7 203.3505 14 1.0
278.8 203.4015 14 1.0
278.9 203.4526 14 1.0
279.0 203.5036 14 1.0
279.1 203.5547 14 1.0
279.2 203.6057 14 1.0
279.3 203.6568 14 1.0
279.4 203.7078 14 1.0
279.5 203.7589 14 1.0
279.6 203.81 14 1.0
279.7 203.861 14 1.0
279.8 203.9121 14 1.0
279.9 203.9631 14 1.0
280.0 204.0142 14 1.0
280.1 204.0652 14 1.0
280.2 204.1163 14 1.0
280.3 204.1673 14 1.0
280.4 204.2184 14 1.0
280.5 204.2694 14 1.0
280.6 204.3205 14 1.0
280.7 204.3715 14 1.0
280.8 204.4226 14 1.0
280.9 204.4736 14 1.0
281.0 204.5247 14 1.0
281.1 204.5757 14 1.0
281.2 204.6268 14 1.0
281.3 204.6779 14 1.0
281.4 204.7289 14 1.0
281.5 204.78 14 1.0
281.6 204.831 14 1.0
281.7 204.8821 14 1.0
281.8 204.9331 14 1.0
281.9 204.9842 14 1.0
282.0 205.0352 14 1.0
282.1 205.0863 14 1.0
282.2 205.1373 14 1.0
282.3 205.1884 14 1.0
282.4 205.2394 14 1.0
282.5 205.2905 14 1.0
282.6 205.3415 14 1.0
282.7 205.3926 14 1.0
282.8 205.4437 14 1.0
282.9 205.4947 14 1.0
283.0 205.5458 14 1.0
283.1 205.5968 14 1.0
283.2 205.6479 14 1.0
283.3 205.6989 14 1.0
283.4 205.75 14 1.0
283.5 205.801 14 1.0
283.6 205.8521 14 1.0
283.7 205.9031 14 1.0
283.8 205.9542 14 1.0
283.9 206.0052 14 1.0
284.0 206.0563 14 1.0
284.1 206.1073 14 1.0
284.2 206.1584 14 1.0
284.3 206.2095 14 1.0
284.4 206.2605 14 1.0
284.5 206.3116 14 1.0
284.6 206.3626 14 1.0
284.7 206.4137 14 1.0
284.8 206.4647 14 1.0
284.9 206.5158 14 1.0
285.0 206.5668 14 1.0
285.1 206.6179 14 1.0
285.2 206.6689 14 1.0
285.3 206.72 14 1.0
285.4 206.771 14 1.0
285.5 206.8221 14 1.0
285.6 206.8731 14 1.0
285.7 206.9242 14 1.0
285.8 206.9752 14 1.0
285.9 207.0263 14 1.0
286.0 207.0774 14 1.0
286.1 207.1284 14 1.0
286.2 207.1795 14 1.0
286.3 207.2305 14 1.0
286.4 207.2816 14 1.0
286.5 207.3326 14 1.0
286.6 207.3837 14 1.0
286.7 207.4347 14 1.0
286.8 207.4858 14 1.0
286.9 207.5368 14 1.0
287.0 207.5879 14 1.0
287.1 207.6389 14 1.0
287.2 207.69 14 1.0
287.3 207.741 14 1.0
287.4 207.7921 14 1.0
287.5 207.8432 14 1.0
287.6 207.8942 14 1.0
287.7 207.9453 14 1.0
287.8 207.9963 14 1.0
287.9 208.0474 14 1.0
288.0 208.0984 14 1.0
288.1 208.1495 14 1.0
288.2 208.2005 14 1.0
288.3 208.2516 14 1.0
288.4 208.3026 14 1.0
288.5 208.3537 14 1.0
288.6 208.4047 14 1.0
288.7 208.4558 14 1.0
288.8 208.5068 14 1.0
288.9 208.5579 14 1.0
289.0 208.609 14 1.0
289.1 208.66 14 1.0
289.2 208.7111 14 1.0
289.3 208.7621 14 1.0
289.4 208.8132 14 1.0
289.5 208.8642 14 1.0
289.6 208.9153 14 1.0
289.7 208.9663 14 1.0
289.8 209.0174 14 1.0
289.9 209.0684 14 1.0
290.0 209.1195 14 1.0
290.1 209.1705 14 1.0
290.2 209.2216 14 1.0
290.3 209.2726 14 1.0
290.4 209.3237 14 1.0
290.5 209.3747 14 1.0
290.6 209.4258 14 1.0
290.7 209.4769 14 1.0
290.8 209.5279 14 1.0
290.9 209.579 14 1.0
291.0 209.63 14 1.0
291.1 209.6811 14 1.0
291.2 209.7321 14 1.0
291.3 209.7832 14 1.0
291.4 209.8342 14 1.0
291.5 209.8853 14 1.0
291.6 209.9363 14 1.0
291.7 209.9874 14 1.0
291.8 210.0384 14 1.0
291.9 210.0895 14 1.0
292.0 210.1405 14 1.0
292.1 210.1916 14 1.0
292.2 210.2427 14 1.0
292.3 210.2937 14 1.0
292.4 210.3448 14 1.0
292.5 210.3958 14 1.0
292.6 210.4469 14 1.0
292.7 210.4979 14 1.0
292.8 210.549 14 1.0
292.9 210.6 14 1.0
293.0 210.6511 14 1.0
293.1 210.7021 14 1.0
293.2 210.7532 14 1.0
293.3 210.8042 14 1.0
293.4 210.8553 14 1.0
293.5 210.9063 14 1.0
293.6 210.9574 14 1.0
293.7 211.0085 14 1.0
293.8 211.0595 14 1.0
293.9 211.1106 14 1.0
294.0 211.1616 14 1.0
294.1 211.2127 14 1.0
294.2 211.2637 14 1.0
294.3 211.3148 14 1.0
294.4 211.3658 14 1.0
294.5 211.4169 14 1.0
294.6 211.4679 14 1.0
294.7 211.519 14 1.0
294.8 211.57 14 1.0
294.9 211.6211 14 1.0
295.0 211.6721 14 1.0
295.1 211.7232 14 1.0
295.2 211.7742 14 1.0
295.3 211.8253 14 1.0
295.4 211.8764 14 1.0
295.5 211.9274 14 1.0
295.6 211.9785 14 1.0
295.7 212.0295 14 1.0
295.8 212.0806 14 1.0
295.9 212.1316 14 1.0
296.0 212.1827 14 1.0
296.1 212.2337 14 1.0
296.2 212.2848 14 1.0
296.3 212.3358 14 1.0
296.4 212.3869 14 1.0
296.5 212.4379 14 1.0
296.6 212.489 14 1.0
296.7 212.54 14 1.0
296.8 212.5911 14 1.0
296.9 212.6422 14 1.0
297.0 212.6932 14 1.0
297.1 212.7443 14 1.0
297.2 212.7953 14 1.0
297.3 212.8464 14 1.0
297.4 212.8974 14 1.0
297.5 212.9485 14 1.0
297.6 212.9995 14 1.0
297.7 213.0506 14 1.0
297.8 213.1016 14 1.0
297.9 213.1527 14 1.0
298.0 213.2037 14 1.0
298.1 213.2548 14 1.0
298.2 213.3058 14 1.0
298.3 213.3569 14 1.0
298.4 213.4079 14 1.0
298.4 213.459 14 1.0
298.5 213.5101 14 1.0
298.6 213.5611 14 1.0
298.7 213.6122 14 1.0
298.8 213.6632 14 1.0
298.9 213.7143 14 1.0
299.0 213.7653 14 1.0
299.1 213.8164 14 1.0
299.2 213.8674 14 1.0
299.3 213.9185 14 1.0
299.4 213.9695 14 1.0
299.5 214.0206 14 1.0
299.6 214.0716 14 1.0
299.7 214.1227 14 1.0
299.8 214.1737 14 1.0
299.9 214.2498 14 1.0
300.0 214.3259 14 1.0
300.1 214.402 14 1.0
300.2 214.4781 14 1.0
300.3 214.5541 14 1.0
300.4 214.6302 14 1.0
300.5 214.7063 14 1.0
300.6 214.7824 14 1.0
300.7 214.8585 14 1.0
300.8 214.9345 14 1.0
300.9 215.0106 14 1.0
301.0 215.0867 14 1.0
301.1 215.1628 14 1.0
301.2 215.2389 14 1.0
301.3 215.3149 14 1.0
301.4 215.391 14 1.0
301.5 215.4671 14 1.0
301.6 215.5432 14 1.0
301.7 215.6192 14 1.0
301.8 215.6953 14 1.0
301.9 215.7714 14 1.0
302.0 215.8475 14 1.0
302.1 215.9236 14 1.0
302.2 215.9996 14 1.0
302.3 216.0757 14 1.0
302.4 216.1518 14 1.0
302.5 216.2279 14 1.0
302.6 216.304 14 1.0
302.7 216.38 14 1.0
302.8 216.4561 14 1.0
302.9 216.5322 14 1.0
303.0 216.6083 14 1.0
303.1 216.6843 14 1.0
303.2 216.7604 14 1.0
303.3 216.8365 14 1.0
303.4 216.9126 14 1.0
303.5 216.9887 14 1.0
303.6 217.0647 14 1.0
303.7 217.1408 14 1.0
303.8 217.2169 14 1.0
303.9 217.293 14 1.0
304.0 217.3691 14 1.0
304.1 217.4451 14 1.0
304.2 217.5212 14 1.0
304.3 217.5973 14 1.0
304.4 217.6734 14 1.0
304.5 217.7495 14 1.0
304.6 217.8255 14 1.0
304.7 217.9016 14 1.0
304.8 217.9777 14 1.0
304.9 218.0538 14 1.0
305.0 218.1298 14 1.0
305.1 218.2059 14 1.0
305.2 218.282 14 1.0
305.3 218.3581 14 1.0
305.4 218.4342 14 1.0
305.5 218.5102 14 1.0
305.6 218.5863 14 1.0
305.7 218.6624 14 1.0
305.8 218.7385 14 1.0
305.9 218.8146 14 1.0
306.0 218.8906 14 1.0
306.1 218.9667 14 1.0
306.2 219.0428 14 1.0
306.3 219.1189 14 1.0
306.4 219.195 14 1.0
306.5 219.271 14 1.0
306.6 219.3471 14 1.0
306.7 219.4232 14 1.0
306.8 219.4993 14 1.0
306.9 219.5753 14 1.0
307.0 219.6514 14 1.0
307.1 219.7275 14 1.0
307.2 219.8036 14 1.0
307.3 219.8797 14 1.0
307.4 219.9557 14 1.0
307.5 220.0318 14 1.0
307.6 220.1079 14 1.0
307.7 220.184 14 1.0
307.8 220.2601 14 1.0
307.9 220.3361 14 1.0
308.0 220.4122 14 1.0
308.1 220.4883 14 1.0
308.2 220.5644 14 1.0
308.3 220.6404 14 1.0
308.4 220.7165 14 1.0
308.5 220.7926 14 1.0
308.6 220.8687 14 1.0
308.7 220.9448 14 1.0
308.8 221.0208 14 1.0
308.9 221.0969 14 1.0
309.0 221.173 14 1.0
309.1 221.2491 14 1.0
309.2 221.3252 14 1.0
309.3 221.4012 14 1.0
309.4 221.4773 14 1.0
309.5 221.5534 14 1.0
309.6 221.6295 14 1.0
309.7 221.7056 14 1.0
309.8 221.7816 14 1.0
309.9 221.8577 14 1.0
310.0 221.9338 14 1.0
310.1 222.0099 14 1.0
310.2 222.0859 14 1.0
310.3 222.162 14 1.0
310.4 222.2381 14 1.0
310.5 222.3142 14 1.0
310.6 222.3903 14 1.0
310.7 222.4663 14 1.0
310.8 222.5424 14 1.0
310.9 222.6185 14 1.0
311.0 222.6946 14 1.0
311.1 222.7707 14 1.0
311.2 222.8467 14 1.0
311.3 222.9228 14 1.0
311.4 222.9989 14 1.0
311.5 223.075 14 1.0
311.6 223.1511 14 1.0
311.7 223.2271 14 1.0
311.8 223.3032 14 1.0
311.9 223.3793 14 1.0
312.0 223.4554 14 1.0
312.1 223.5314 14 1.0
312.2 223.6075 14 1.0
312.3 223.6836 14 1.0
312.4 223.7597 14 1.0
312.5 223.8358 14 1.0
312.6 223.9118 14 1.0
312.7 223.9879 14 1.0
312.8 224.064 14 1.0
312.9 224.1401 14 1.0
313.0 224.2162 14 1.0
313.1 224.2922 14 1.0
313.2 224.3683 14 1.0
313.3 224.4444 14 1.0
313.4 224.5205 14 1.0
313.5 224.5965 14 1.0
313.6 224.6726 14 1.0
313.7 224.7487 14 1.0
313.8 224.8248 14 1.0
313.9 224.9009 14 1.0
314.0 224.9769 14 1.0
314.1 225.053 14 1.0
314.2 225.1291 14 1.0
314.3 225.2052 14 1.0
314.4 225.2813 14 1.0
314.5 225.3573 14 1.0
314.6 225.4334 14 1.0
314.7 225.5095 14 1.0
314.8 225.5856 14 1.0
314.9 225.6617 14 1.0
315.0 225.7377 14 1.0
315.1 225.8138 14 1.0
315.2 225.8899 14 1.0
315.3 225.966 14 1.0
315.4 226.042 14 1.0
315.5 226.1181 14 1.0
315.6 226.1942 14 1.0
315.7 226.2703 14 1.0
315.8 226.3464 14 1.0
315.9 226.4224 14 1.0
316.0 226.4985 14 1.0
316.1 226.5746 14 1.0
316.2 226.6507 14 1.0
316.3 226.7268 14 1.0
316.4 226.8028 14 1.0
316.5 226.8789 14 1.0
316.6 226.955 14 1.0
316.7 227.0311 14 1.0
316.8 227.1072 14 1.0
316.9 227.1832 14 1.0
317.0 227.2593 14 1.0
317.1 227.3354 14 1.0
317.2 227.4115 14 1.0
317.3 227.4875 14 1.0
317.4 227.5636 14 1.0
317.5 227.6397 14 1.0
317.6 227.7158 14 1.0
317.7 227.7919 14 1.0
317.8 227.8679 14 1.0
317.9 227.944 14 1.0
318.0 228.0201 14 1.0
318.1 228.0962 14 1.0
318.2 228.1723 14 1.0
318.3 228.2483 14 1.0
318.4 228.3244 14 1.0
318.5 228.4005 14 1.0
318.6 228.4766 14 1.0
318.7 228.5526 14 1.0
318.8 228.6287 14 1.0
318.9 228.7048 14 1.0
319.0 228.7809 14 1.0
319.1 228.857 14 1.0
319.2 228.933 14 1.0
319.3 229.0091 14 1.0
319.4 229.0852 14 1.0
319.5 229.1613 14 1.0
319.6 229.2374 14 1.0
319.7 229.3134 14 1.0
319.8 229.3895 14 1.0
319.9 229.4656 14 1.0
320.0 229.5417 14 1.0
320.1 229.6178 14 1.0
320.2 229.6938 14 1.0
320.3 229.7699 14 1.0
320.4 229.846 14 1.0
320.5 229.9221 14 1.0
320.6 229.9981 14 1.0
320.7 230.0742 14 1.0
320.8 230.1503 14 1.0
320.9 230.2264 14 1.0
321.0 230.3025 14 1.0
321.1 230.3785 14 1.0
321.2 230.4546 14 1.0
321.3 230.5307 14 1.0
321.4 230.6068 14 1.0
321.5 230.6829 14 1.0
321.6 230.7589 14 1.0
321.7 230.835 14 1.0
321.8 230.9111 14 1.0
321.9 230.9872 14 1.0
322.0 231.0633 14 1.0
322.1 231.1393 14 1.0
322.2 231.2154 14 1.0
322.3 231.2915 14 1.0
322.4 231.3676 14 1.0
322.5 231.4436 14 1.0
322.6 231.5197 14 1.0
322.7 231.5958 14 1.0
322.8 231.6719 14 1.0
322.9 231.748 14 1.0
323.0 231.824 14 1.0
323.1 231.9001 14 1.0
323.2 231.9762 14 1.0
323.3 232.0523 14 1.0
323.4 232.1284 14 1.0
323.5 232.2044 14 1.0
323.6 232.2805 14 1.0
323.7 232.3566 14 1.0
323.8 232.4327 14 1.0
323.9 232.5087 14 1.0
324.0 232.5848 14 1.0
324.1 232.6609 14 1.0
324.2 232.737 14 1.0
324.3 232.8131 14 1.0
324.4 232.8891 14 1.0
324.5 232.9652 14 1.0
324.6 233.0413 14 1.0
324.7 233.1174 14 1.0
324.8 233.1935 14 1.0
324.9 233.2695 14 1.0
325.0 233.3456 14 1.0
325.1 233.4217 14 1.0
325.2 233.4978 14 1.0
325.3 233.5739 14 1.0
325.4 233.6499 14 1.0
325.5 233.726 14 1.0
325.6 233.8021 14 1.0
325.7 233.8782 14 1.0
325.8 233.9542 14 1.0
325.9 234.0303 14 1.0
326.0 234.1064 14 1.0
326.1 234.1825 14 1.0
326.2 234.2586 14 1.0
326.3 234.3346 14 1.0
326.4 234.4107 14 1.0
326.5 234.4868 14 1.0
326.6 234.5629 14 1.0
326.7 234.639 14 1.0
326.8 234.715 14 1.0
326.9 234.7911 14 1.0
327.0 234.8672 14 1.0
327.1 234.9433 14 1.0
327.2 235.0194 14 1.0
327.3 235.0954 14 1.0
327.4 235.1715 14 1.0
327.5 235.2476 14 1.0
327.6 235.3237 14 1.0
327.7 235.3997 14 1.0
327.8 235.4758 14 1.0
327.9 235.5519 14 1.0
328.0 235.628 14 1.0
328.1 235.7041 14 1.0
328.2 235.7801 14 1.0
328.3 235.8562 14 1.0
328.4 235.9323 14 1.0
328.5 236.0084 14 1.0
328.6 236.0845 14 1.0
328.7 236.1605 14 1.0
328.8 236.2366 14 1.0
328.9 236.3127 14 1.0
329.0 236.3888 14 1.0
329.1 236.4648 14 1.0
329.2 236.5409 14 1.0
329.3 236.617 14 1.0
329.4 236.6931 14 1.0
329.5 236.7692 14 1.0
329.6 236.8452 14 1.0
329.7 236.9213 14 1.0
329.8 236.9974 14 1.0
329.9 237.0735 14 1.0
330.0 237.1496 14 1.0
330.1 237.2256 14 1.0
330.2 237.3017 14 1.0
330.3 237.3778 14 1.0
330.4 237.4539 14 1.0
330.5 237.53 14 1.0
330.6 237.606 14 1.0
330.7 237.6821 14 1.0
330.8 237.7582 14 1.0
330.9 237.8343 14 1.0
331.0 237.9103 14 1.0
331.1 237.9864 14 1.0
331.2 238.0625 14 1.0
331.3 238.1386 14 1.0
331.4 238.2147 14 1.0
331.5 238.2907 14 1.0
331.6 238.3668 14 1.0
331.7 238.4429 14 1.0
331.8 238.519 14 1.0
331.9 238.5951 14 1.0
332.0 238.6711 14 1.0
332.1 238.7472 14 1.0
332.2 238.8233 14 1.0
332.3 238.8994 14 1.0
332.4 238.9755 14 1.0
332.5 239.0515 14 1.0
332.6 239.1276 14 1.0
332.7 239.2037 14 1.0
332.8 239.2798 14 1.0
332.9 239.3558 14 1.0
333.0 239.4319 14 1.0
333.1 239.508 14 1.0
333.2 239.5841 14 1.0
333.3 239.6602 14 1.0
333.4 239.7362 14 1.0
333.5 239.8123 14 1.0
333.6 239.8884 14 1.0
333.7 239.9645 14 1.0
333.8 240.0406 14 1.0
333.9 240.1166 14 1.0
334.0 240.1927 14 1.0
334.1 240.2688 14 1.0
334.2 240.3449 14 1.0
334.3 240.4209 14 1.0
334.4 240.497 14 1.0
334.5 240.5731 14 1.0
334.6 240.6492 14 1.0
334.7 240.7253 14 1.0
334.8 240.8013 14 1.0
334.9 240.8774 14 1.0
335.0 240.9535 14 1.0
335.1 241.0296 14 1.0
335.2 241.1057 14 1.0
335.3 241.1817 14 1.0
335.4 241.2578 14 1.0
335.5 241.3339 14 1.0
335.6 241.41 14 1.0
335.7 241.4861 14 1.0
335.8 241.5621 14 1.0
335.9 241.6382 14 1.0
336.0 241.7143 14 1.0
336.1 241.7904 14 1.0
336.2 241.8664 14 1.0
336.3 241.9425 14 1.0
336.4 242.0186 14 1.0
336.5 242.0947 14 1.0
336.6 242.1708 14 1.0
336.7 242.2468 14 1.0
336.8 242.3229 14 1.0
336.9 242.399 14 1.0
337.0 242.4751 14 1.0
337.1 242.5512 14 1.0
337.2 242.6272 14 1.0
337.3 242.7033 14 1.0
337.4 242.7794 14 1.0
337.5 242.8555 14 1.0
337.6 242.9316 14 1.0
337.7 243.0076 14 1.0
337.8 243.0837 14 1.0
337.9 243.1598 14 1.0
338.0 243.2359 14 1.0
338.1 243.3119 14 1.0
338.2 243.388 14 1.0
338.3 243.4641 14 1.0
338.4 243.5402 14 1.0
338.5 243.6163 14 1.0
338.6 243.6923 14 1.0
338.7 243.7684 14 1.0
338.8 243.8445 14 1.0
338.9 243.9206 14 1.0
339.0 243.9967 14 1.0
339.1 244.0727 14 1.0
339.2 244.1488 14 1.0
339.3 244.2249 14 1.0
339.4 244.301 14 1.0
339.5 244.377 14 1.0
339.6 244.4531 14 1.0
339.7 244.5292 14 1.0
339.8 244.6053 14 1.0
339.9 244.6814 14 1.0
340.0 244.7574 14 1.0
340.1 244.8335 14 1.0
340.2 244.9096 14 1.0
340.3 244.9857 14 1.0
340.4 245.0618 14 1.0
340.5 245.1378 14 1.0
340.6 245.2139 14 1.0
340.7 245.29 14 1.0
340.8 245.3661 14 1.0
340.9 245.4422 14 1.0
341.0 245.5182 14 1.0
341.1 245.5943 14 1.0
341.2 245.6704 14 1.0
341.3 245.7465 14 1.0
341.4 245.8225 14 1.0
341.5 245.8986 14 1.0
341.6 245.9747 14 1.0
341.7 246.0508 14 1.0
341.8 246.1269 14 1.0
341.9 246.2029 14 1.0
342.0 246.279 14 1.0
342.1 246.3551 14 1.0
342.2 246.4312 14 1.0
342.3 246.5073 14 1.0
342.4 246.5833 14 1.0
342.5 246.6594 14 1.0
342.6 246.7355 14 1.0
342.7 246.8116 14 1.0
342.8 246.8877 14 1.0
342.9 246.9637 14 1.0
343.0 247.0398 14 1.0
343.1 247.1159 14 1.0
343.2 247.192 14 1.0
343.3 247.268 14 1.0
343.4 247.3441 14 1.0
343.5 247.4202 14 1.0
343.6 247.4963 14 1.0
343.7 247.5724 14 1.0
343.8 247.6484 14 1.0
343.9 247.7245 14 1.0
344.0 247.8006 14 1.0
344.1 247.8767 14 1.0
344.2 247.9528 14 1.0
344.3 248.0288 14 1.0
344.4 248.1049 14 1.0
344.5 248.181 14 1.0
344.6 248.2571 14 1.0
344.7 248.3331 14 1.0
344.8 248.4092 14 1.0
344.9 248.4853 14 1.0
345.0 248.5614 14 1.0
345.1 248.6375 14 1.0
345.2 248.7135 14 1.0
345.3 248.7896 14 1.0
345.4 248.8657 14 1.0
345.5 248.9418 14 1.0
345.6 249.0179 14 1.0
345.7 249.0939 14 1.0
345.8 249.17 14 1.0
345.9 249.2461 14 1.0
346.0 249.3222 14 1.0
346.1 249.3983 14 1.0
346.2 249.4743 14 1.0
346.3 249.5504 14 1.0
346.4 249.6265 14 1.0
346.5 249.7026 14 1.0
346.6 249.7786 14 1.0
346.7 249.8547 14 1.0
346.8 249.9308 14 1.0
346.9 250.0069 14 1.0
347.0 250.083 14 1.0
347.1 250.159 14 1.0
347.2 250.2351 14 1.0
347.3 250.3112 14 1.0
347.4 250.3873 14 1.0
347.5 250.4634 14 1.0
347.6 250.5394 14 1.0
347.7 250.6155 14 1.0
347.8 250.6916 14 1.0
347.9 250.7677 14 1.0
348.0 250.8438 14 1.0
348.1 250.9198 14 1.0
348.2 250.9959 14 1.0
348.3 251.072 14 1.0
348.4 251.1481 14 1.0
348.5 251.2241 14 1.0
348.6 251.3002 14 1.0
348.7 251.3763 14 1.0
348.8 251.4524 14 1.0
348.9 251.5285 14 1.0
349.0 251.6045 14 1.0
349.1 251.6806 14 1.0
349.2 251.7567 14 1.0
349.3 251.8328 14 1.0
349.4 251.9089 14 1.0
349.5 251.9849 14 1.0
349.6 252.061 14 1.0
349.7 252.1371 14 1.0
349.8 252.2132 14 1.0
349.9 252.2902 14 1.0
350.0 252.3672 14 1.0
350.1 252.4443 14 1.0
350.2 252.5213 14 1.0
350.3 252.5983 14 1.0
350.4 252.6754 14 1.0
350.5 252.7524 14 1.0
350.6 252.8294 14 1.0
350.7 252.9065 14 1.0
350.8 252.9835 14 1.0
350.9 253.0605 14 1.0
351.0 253.1376 14 1.0
351.1 253.2146 14 1.0
351.2 253.2916 14 1.0
351.3 253.3687 14 1.0
351.4 253.4457 14 1.0
351.5 253.5227 14 1.0
351.6 253.5998 14 1.0
351.7 253.6768 14 1.0
351.8 253.7538 14 1.0
351.9 253.8309 14 1.0
352.0 253.9079 14 1.0
352.1 253.9849 14 1.0
352.2 254.062 14 1.0
352.3 254.139 14 1.0
352.4 254.2161 14 1.0
352.5 254.2931 14 1.0
352.6 254.3701 14 1.0
352.7 254.4472 14 1.0
352.8 254.5242 14 1.0
352.9 254.6012 14 1.0
353.0 254.6783 14 1.0
353.1 254.7553 14 1.0
353.2 254.8323 14 1.0
353.3 254.9094 14 1.0
353.4 254.9864 14 1.0
353.5 255.0634 14 1.0
353.6 255.1405 14 1.0
353.7 255.2175 14 1.0
353.8 255.2945 14 1.0
353.9 255.3716 14 1.0
354.0 255.4486 14 1.0
354.1 255.5256 14 1.0
354.2 255.6027 14 1.0
354.3 255.6797 14 1.0
354.4 255.7567 14 1.0
354.5 255.8338 14 1.0
354.6 255.9108 14 1.0
354.7 255.9878 14 1.0
354.8 256.0649 14 1.0
354.9 256.1419 14 1.0
355.0 256.2189 14 1.0
355.1 256.296 14 1.0
355.2 256.373 14 1.0
355.3 256.45 14 1.0
355.4 256.5271 14 1.0
355.5 256.6041 14 1.0
355.6 256.6811 14 1.0
355.7 256.7582 14 1.0
355.8 256.8352 14 1.0
355.9 256.9122 14 1.0
356.0 256.9893 14 1.0
356.1 257.0663 14 1.0
356.2 257.1433 14 1.0
356.3 257.2204 14 1.0
356.4 257.2974 14 1.0
356.5 257.3744 14 1.0
356.6 257.4515 14 1.0
356.7 257.5285 14 1.0
356.8 257.6055 14 1.0
356.9 257.6826 14 1.0
357.0 257.7596 14 1.0
357.1 257.8366 14 1.0
357.2 257.9137 14 1.0
357.3 257.9907 14 1.0
357.4 258.0677 14 1.0
357.5 258.1448 14 1.0
357.6 258.2218 14 1.0
357.7 258.2988 14 1.0
357.8 258.3759 14 1.0
357.9 258.4529 14 1.0
358.0 258.53 14 1.0
358.1 258.607 14 1.0
358.2 258.684 14 1.0
358.3 258.7611 14 1.0
358.4 258.8381 14 1.0
358.5 258.9151 14 1.0
358.6 258.9922 14 1.0
358.7 259.0692 14 1.0
358.8 259.1462 14 1.0
358.9 259.2233 14 1.0
359.0 259.3003 14 1.0
359.1 259.3773 14 1.0
359.2 259.4544 14 1.0
359.3 259.5314 14 1.0
359.4 259.6084 14 1.0
359.5 259.6855 14 1.0
359.6 259.7625 14 1.0
359.7 259.8395 14 1.0
359.8 259.9166 14 1.0
359.9 259.9936 14 1.0
360.0 260.0706 14 1.0
360.1 260.1477 14 1.0
360.2 260.2247 14 1.0
360.3 260.3017 14 1.0
360.4 260.3788 14 1.0
360.5 260.4558 14 1.0
360.6 260.5328 14 1.0
360.7 260.6099 14 1.0
360.8 260.6869 14 1.0
360.9 260.7639 14 1.0
361.0 260.841 14 1.0
361.1 260.918 14 1.0
361.2 260.995 14 1.0
361.3 261.0721 14 1.0
361.4 261.1491 14 1.0
361.5 261.2261 14 1.0
361.6 261.3032 14 1.0
361.7 261.3802 14 1.0
361.8 261.4572 14 1.0
361.9 261.5343 14 1.0
362.0 261.6113 14 1.0
362.1 261.6883 14 1.0
362.2 261.7654 14 1.0
362.3 261.8424 14 1.0
362.4 261.9194 14 1.0
362.5 261.9965 14 1.0
362.6 262.0735 14 1.0
362.7 262.1505 14 1.0
362.8 262.2276 14 1.0
362.9 262.3046 14 1.0
363.0 262.3816 14 1.0
363.1 262.4587 14 1.0
363.2 262.5357 14 1.0
363.3 262.6127 14 1.0
363.4 262.6898 14 1.0
363.5 262.7668 14 1.0
363.6 262.8438 14 1.0
363.7 262.9209 14 1.0
363.8 262.9979 14 1.0
363.9 263.075 14 1.0
364.0 263.152 14 1.0
364.1 263.229 14 1.0
364.2 263.3061 14 1.0
364.3 263.3831 14 1.0
364.4 263.4601 14 1.0
364.5 263.5372 14 1.0
364.6 263.6142 14 1.0
364.7 263.6912 14 1.0
364.8 263.7683 14 1.0
364.9 263.8453 14 1.0
365.0 263.9223 14 1.0
365.1 263.9994 14 1.0
365.2 264.0764 14 1.0
365.3 264.1534 14 1.0
365.4 264.2305 14 1.0
365.5 264.3075 14 1.0
365.6 264.3845 14 1.0
365.7 264.4616 14 1.0
365.8 264.5386 14 1.0
365.9 264.6156 14 1.0
366.0 264.6927 14 1.0
366.1 264.7697 14 1.0
366.2 264.8467 14 1.0
366.3 264.9238 14 1.0
366.4 265.0008 14 1.0
366.5 265.0778 14 1.0
366.6 265.1549 14 1.0
366.7 265.2319 14 1.0
366.8 265.3089 14 1.0
366.9 265.386 14 1.0
367.0 265.463 14 1.0
367.1 265.54 14 1.0
367.2 265.6171 14 1.0
367.3 265.6941 14 1.0
367.4 265.7711 14 1.0
367.5 265.8482 14 1.0
367.6 265.9252 14 1.0
367.7 266.0022 14 1.0
367.8 266.0793 14 1.0
367.9 266.1563 14 1.0
368.0 266.2333 14 1.0
368.1 266.3104 14 1.0
368.2 266.3874 14 1.0
368.3 266.4644 14 1.0
368.4 266.5415 14 1.0
368.5 266.6185 14 1.0
368.6 266.6955 14 1.0
368.7 266.7726 14 1.0
368.8 266.8496 14 1.0
368.9 266.9266 14 1.0
369.0 267.0037 14 1.0
369.1 267.0807 14 1.0
369.2 267.1577 14 1.0
369.3 267.2348 14 1.0
369.4 267.3118 14 1.0
369.5 267.3888 14 1.0
369.6 267.4659 14 1.0
369.7 267.5429 14 1.0
369.8 267.62 14 1.0
369.9 267.697 14 1.0
370.0 267.774 14 1.0
370.1 267.8511 14 1.0
370.2 267.9281 14 1.0
370.3 268.0051 14 1.0
370.4 268.0822 14 1.0
370.5 268.1592 14 1.0
370.6 268.2362 14 1.0
370.7 268.3133 14 1.0
370.8 268.3903 14 1.0
370.9 268.4673 14 1.0
371.0 268.5444 14 1.0
371.1 268.6214 14 1.0
371.2 268.6984 14 1.0
371.3 268.7755 14 1.0
371.4 268.8525 14 1.0
371.5 268.9295 14 1.0
371.6 269.0066 14 1.0
371.7 269.0836 14 1.0
371.8 269.1606 14 1.0
371.9 269.2377 14 1.0
372.0 269.3147 14 1.0
372.1 269.3917 14 1.0
372.2 269.4688 14 1.0
372.3 269.5458 14 1.0
372.4 269.6228 14 1.0
372.5 269.6999 14 1.0
372.6 269.7769 14 1.0
372.7 269.8539 14 1.0
372.8 269.931 14 1.0
372.9 270.008 14 1.0
373.0 270.085 14 1.0
373.1 270.1621 14 1.0
373.2 270.2391 14 1.0
373.3 270.3161 14 1.0
373.4 270.3932 14 1.0
373.5 270.4702 14 1.0
373.6 270.5472 14 1.0
373.7 270.6243 14 1.0
373.8 270.7013 14 1.0
373.9 270.7783 14 1.0
374.0 270.8554 14 1.0
374.1 270.9324 14 1.0
374.2 271.0094 14 1.0
374.3 271.0865 14 1.0
374.4 271.1635 14 1.0
374.5 271.2405 14 1.0
374.6 271.3176 14 1.0
374.7 271.3946 14 1.0
374.8 271.4716 14 1.0
374.9 271.5487 14 1.0
375.0 271.6257 14 1.0
375.1 271.7027 14 1.0
375.2 271.7798 14 1.0
375.3 271.8568 14 1.0
375.4 271.9338 14 1.0
375.5 272.0109 14 1.0
375.6 272.0879 14 1.0
375.7 272.165 14 1.0
375.8 272.242 14 1.0
375.9 272.319 14 1.0
376.0 272.3961 14 1.0
376.1 272.4731 14 1.0
376.2 272.5501 14 1.0
376.3 272.6272 14 1.0
376.4 272.7042 14 1.0
376.5 272.7812 14 1.0
376.6 272.8583 14 1.0
376.7 272.9353 14 1.0
376.8 273.0123 14 1.0
376.9 273.0894 14 1.0
377.0 273.1664 14 1.0
377.1 273.2434 14 1.0
377.2 273.3205 14 1.0
377.3 273.3975 14 1.0
377.4 273.4745 14 1.0
377.5 273.5516 14 1.0
377.6 273.6286 14 1.0
377.7 273.7056 14 1.0
377.8 273.7827 14 1.0
377.9 273.8597 14 1.0
378.0 273.9367 14 1.0
378.1 274.0138 14 1.0
378.2 274.0908 14 1.0
378.3 274.1678 14 1.0
378.4 274.2449 14 1.0
378.5 274.3219 14 1.0
378.6 274.3989 14 1.0
378.7 274.476 14 1.0
378.8 274.553 14 1.0
378.9 274.63 14 1.0
379.0 274.7071 14 1.0
379.1 274.7841 14 1.0
379.2 274.8611 14 1.0
379.3 274.9382 14 1.0
379.4 275.0152 14 1.0
379.5 275.0922 14 1.0
379.6 275.1693 14 1.0
379.7 275.2463 14 1.0
379.8 275.3233 14 1.0
379.9 275.4004 14 1.0
380.0 275.4774 14 1.0
380.1 275.5544 14 1.0
380.2 275.6315 14 1.0
380.3 275.7085 14 1.0
380.4 275.7855 14 1.0
380.5 275.8626 14 1.0
380.6 275.9396 14 1.0
380.7 276.0166 14 1.0
380.8 276.0937 14 1.0
380.9 276.1707 14 1.0
381.0 276.2477 14 1.0
381.1 276.3248 14 1.0
381.2 276.4018 14 1.0
381.3 276.4788 14 1.0
381.4 276.5559 14 1.0
381.5 276.6329 14 1.0
381.6 276.71 14 1.0
381.7 276.787 14 1.0
381.8 276.864 14 1.0
381.9 276.9411 14 1.0
382.0 277.0181 14 1.0
382.1 277.0951 14 1.0
382.2 277.1722 14 1.0
382.3 277.2492 14 1.0
382.4 277.3262 14 1.0
382.5 277.4033 14 1.0
382.6 277.4803 14 1.0
382.7 277.5573 14 1.0
382.8 277.6344 14 1.0
382.9 277.7114 14 1.0
383.0 277.7884 14 1.0
383.1 277.8655 14 1.0
383.2 277.9425 14 1.0
383.3 278.0195 14 1.0
383.4 278.0966 14 1.0
383.5 278.1736 14 1.0
383.6 278.2506 14 1.0
383.7 278.3277 14 1.0
383.8 278.4047 14 1.0
383.9 278.4817 14 1.0
384.0 278.5588 14 1.0
384.1 278.6358 14 1.0
384.2 278.7128 14 1.0
384.3 278.7899 14 1.0
384.4 278.8669 14 1.0
384.5 278.9439 14 1.0
384.6 279.021 14 1.0
384.7 279.098 14 1.0
384.8 279.175 14 1.0
384.9 279.2521 14 1.0
385.0 279.3291 14 1.0
385.1 279.4061 14 1.0
385.2 279.4832 14 1.0
385.3 279.5602 14 1.0
385.4 279.6372 14 1.0
385.5 279.7143 14 1.0
385.6 279.7913 14 1.0
385.7 279.8683 14 1.0
385.8 279.9454 14 1.0
385.9 280.0224 14 1.0
386.0 280.0994 14 1.0
386.1 280.1765 14 1.0
386.2 280.2535 14 1.0
386.3 280.3305 14 1.0
386.4 280.4076 14 1.0
386.5 280.4846 14 1.0
386.6 280.5616 14 1.0
386.7 280.6387 14 1.0
386.8 280.7157 14 1.0
386.9 280.7927 14 1.0
387.0 280.8698 14 1.0
387.1 280.9468 14 1.0
387.2 281.0238 14 1.0
387.3 281.1009 14 1.0
387.4 281.1779 14 1.0
387.5 281.255 14 1.0
387.6 281.332 14 1.0
387.7 281.409 14 1.0
387.8 281.4861 14 1.0
387.9 281.5631 14 1.0
388.0 281.6401 14 1.0
388.1 281.7172 14 1.0
388.2 281.7942 14 1.0
388.3 281.8712 14 1.0
388.4 281.9483 14 1.0
388.5 282.0253 14 1.0
388.6 282.1023 14 1.0
388.7 282.1794 14 1.0
388.8 282.2564 14 1.0
388.9 282.3334 14 1.0
389.0 282.4105 14 1.0
389.1 282.4875 14 1.0
389.2 282.5645 14 1.0
389.3 282.6416 14 1.0
389.4 282.7186 14 1.0
389.5 282.7956 14 1.0
389.6 282.8727 14 1.0
389.7 282.9497 14 1.0
389.8 283.0267 14 1.0
389.9 283.1038 14 1.0
390.0 283.1808 14 1.0
390.1 283.2578 14 1.0
390.2 283.3349 14 1.0
390.3 283.4119 14 1.0
390.4 283.4889 14 1.0
390.5 283.566 14 1.0
390.6 283.643 14 1.0
390.7 283.72 14 1.0
390.8 283.7971 14 1.0
390.9 283.8741 14 1.0
391.0 283.9511 14 1.0
391.1 284.0282 14 1.0
391.2 284.1052 14 1.0
391.3 284.1822 14 1.0
391.4 284.2593 14 1.0
391.5 284.3363 14 1.0
391.6 284.4133 14 1.0
391.7 284.4904 14 1.0
391.8 284.5674 14 1.0
391.9 284.6444 14 1.0
392.0 284.7215 14 1.0
392.1 284.7985 14 1.0
392.2 284.8755 14 1.0
392.3 284.9526 14 1.0
392.4 285.0296 14 1.0
392.5 285.1066 14 1.0
392.6 285.1837 14 1.0
392.7 285.2607 14 1.0
392.8 285.3377 14 1.0
392.9 285.4148 14 1.0
393.0 285.4918 14 1.0
393.1 285.5689 14 1.0
393.2 285.6459 14 1.0
393.3 285.7229 14 1.0
393.4 285.8 14 1.0
393.5 285.877 14 1.0
393.6 285.954 14 1.0
393.7 286.0311 14 1.0
393.8 286.1081 14 1.0
393.9 286.1851 14 1.0
394.0 286.2622 14 1.0
394.1 286.3392 14 1.0
394.2 286.4162 14 1.0
394.3 286.4933 14 1.0
394.4 286.5703 14 1.0
394.5 286.6473 14 1.0
394.6 286.7244 14 1.0
394.7 286.8014 14 1.0
394.8 286.8784 14 1.0
394.9 286.9555 14 1.0
395.0 287.0325 14 1.0
395.1 287.1095 14 1.0
395.2 287.1866 14 1.0
395.3 287.2636 14 1.0
395.4 287.3406 14 1.0
395.5 287.4177 14 1.0
395.6 287.4947 14 1.0
395.7 287.5717 14 1.0
395.8 287.6488 14 1.0
395.9 287.7258 14 1.0
396.0 287.8028 14 1.0
396.1 287.8799 14 1.0
396.2 287.9569 14 1.0
396.3 288.0339 14 1.0
396.4 288.111 14 1.0
396.5 288.188 14 1.0
396.6 288.265 14 1.0
396.7 288.3421 14 1.0
396.8 288.4191 14 1.0
396.9 288.4961 14 1.0
397.0 288.5732 14 1.0
397.1 288.6502 14 1.0
397.2 288.7272 14 1.0
397.3 288.8043 14 1.0
397.4 288.8813 14 1.0
397.5 288.9583 14 1.0
397.6 289.0354 14 1.0
397.7 289.1124 14 1.0
397.8 289.1894 14 1.0
397.9 289.2665 14 1.0
398.0 289.3435 14 1.0
398.1 289.4205 14 1.0
398.2 289.4976 14 1.0
398.3 289.5746 14 1.0
398.4 289.6516 14 1.0
398.5 289.7287 14 1.0
398.6 289.8057 14 1.0
398.7 289.8827 14 1.0
398.8 289.9598 14 1.0
398.9 290.0368 14 1.0
399.0 290.1139 14 1.0
399.1 290.1909 14 1.0
399.2 290.2679 14 1.0
399.3 290.345 14 1.0
399.4 290.422 14 1.0
399.5 290.499 14 1.0
399.6 290.5761 14 1.0
399.7 290.6531 14 1.0
399.8 290.7301 14 1.0
399.9 290.806 14 1.0
400.0 290.882 14 1.0
400.1 290.9579 14 1.0
400.2 291.0338 14 1.0
400.3 291.1097 14 1.0
400.4 291.1856 14 1.0
400.5 291.2615 14 1.0
400.6 291.3375 14 1.0
400.7 291.4134 14 1.0
400.8 291.4893 14 1.0
400.9 291.5652 14 1.0
401.0 291.6411 14 1.0
401.1 291.717 14 1.0
401.2 291.793 14 1.0
401.3 291.8689 14 1.0
401.4 291.9448 14 1.0
401.5 292.0207 14 1.0
401.6 292.0966 14 1.0
401.7 292.1726 14 1.0
401.8 292.2485 14 1.0
401.9 292.3244 14 1.0
402.0 292.4003 14 1.0
402.1 292.4762 14 1.0
402.2 292.5521 14 1.0
402.3 292.6281 14 1.0
402.4 292.704 14 1.0
402.5 292.7799 14 1.0
402.6 292.8558 14 1.0
402.7 292.9317 14 1.0
402.8 293.0076 14 1.0
402.9 293.0836 14 1.0
403.0 293.1595 14 1.0
403.1 293.2354 14 1.0
403.2 293.3113 14 1.0
403.3 293.3872 14 1.0
403.4 293.4631 14 1.0
403.5 293.5391 14 1.0
403.6 293.615 14 1.0
403.7 293.6909 14 1.0
403.8 293.7668 14 1.0
403.9 293.8427 14 1.0
404.0 293.9187 14 1.0
404.1 293.9946 14 1.0
404.2 294.0705 14 1.0
404.3 294.1464 14 1.0
404.4 294.2223 14 1.0
404.5 294.2982 14 1.0
404.6 294.3742 14 1.0
404.7 294.4501 14 1.0
404.8 294.526 14 1.0
404.9 294.6019 14 1.0
405.0 294.6778 14 1.0
405.1 294.7537 14 1.0
405.2 294.8297 14 1.0
405.3 294.9056 14 1.0
405.4 294.9815 14 1.0
405.5 295.0574 14 1.0
405.6 295.1333 14 1.0
405.7 295.2092 14 1.0
405.8 295.2852 14 1.0
405.9 295.3611 14 1.0
406.0 295.437 14 1.0
406.1 295.5129 14 1.0
406.2 295.5888 14 1.0
406.3 295.6648 14 1.0
406.4 295.7407 14 1.0
406.5 295.8166 14 1.0
406.6 295.8925 14 1.0
406.7 295.9684 14 1.0
406.8 296.0443 14 1.0
406.9 296.1203 14 1.0
407.0 296.1962 14 1.0
407.1 296.2721 14 1.0
407.2 296.348 14 1.0
407.3 296.4239 14 1.0
407.4 296.4998 14 1.0
407.5 296.5758 14 1.0
407.6 296.6517 14 1.0
407.7 296.7276 14 1.0
407.8 296.8035 14 1.0
407.9 296.8794 14 1.0
408.0 296.9553 14 1.0
408.1 297.0313 14 1.0
408.2 297.1072 14 1.0
408.3 297.1831 14 1.0
408.4 297.259 14 1.0
408.5 297.3349 14 1.0
408.6 297.4109 14 1.0
408.7 297.4868 14 1.0
408.8 297.5627 14 1.0
408.9 297.6386 14 1.0
409.0 297.7145 14 1.0
409.1 297.7904 14 1.0
409.2 297.8664 14 1.0
409.3 297.9423 14 1.0
409.4 298.0182 14 1.0
409.5 298.0941 14 1.0
409.6 298.17 14 1.0
409.7 298.2459 14 1.0
409.8 298.3219 14 1.0
409.9 298.3978 14 1.0
410.0 298.4737 14 1.0
410.1 298.5496 14 1.0
410.2 298.6255 14 1.0
410.3 298.7014 14 1.0
410.4 298.7774 14 1.0
410.5 298.8533 14 1.0
410.6 298.9292 14 1.0
410.7 299.0051 14 1.0
410.8 299.081 14 1.0
410.9 299.157 14 1.0
411.0 299.2329 14 1.0
411.1 299.3088 14 1.0
411.2 299.3847 14 1.0
411.3 299.4606 14 1.0
411.4 299.5365 14 1.0
411.5 299.6125 14 1.0
411.6 299.6884 14 1.0
411.7 299.7643 14 1.0
411.8 299.8402 14 1.0
411.9 299.9161 14 1.0
412.0 299.992 14 1.0
412.1 300.068 14 1.0
412.2 300.1439 14 1.0
412.3 300.2198 14 1.0
412.4 300.2957 14 1.0
412.5 300.3716 14 1.0
412.6 300.4475 14 1.0
412.7 300.5235 14 1.0
412.8 300.5994 14 1.0
412.9 300.6753 14 1.0
413.0 300.7512 14 1.0
413.1 300.8271 14 1.0
413.2 300.9031 14 1.0
413.3 300.979 14 1.0
413.4 301.0549 14 1.0
413.5 301.1308 14 1.0
413.6 301.2067 14 1.0
413.7 301.2826 14 1.0
413.8 301.3586 14 1.0
413.9 301.4345 14 1.0
414.0 301.5104 14 1.0
414.1 301.5863 14 1.0
414.2 301.6622 14 1.0
414.3 301.7381 14 1.0
414.4 301.8141 14 1.0
414.5 301.89 14 1.0
414.6 301.9659 14 1.0
414.7 302.0418 14 1.0
414.8 302.1177 14 1.0
414.9 302.1936 14 1.0
415.0 302.2696 14 1.0
415.1 302.3455 14 1.0
415.2 302.4214 14 1.0
415.3 302.4973 14 1.0
415.4 302.5732 14 1.0
415.5 302.6492 14 1.0
415.6 302.7251 14 1.0
415.7 302.801 14 1.0
415.8 302.8769 14 1.0
415.9 302.9528 14 1.0
416.0 303.0287 14 1.0
416.1 303.1047 14 1.0
416.2 303.1806 14 1.0
416.3 303.2565 14 1.0
416.4 303.3324 14 1.0
416.5 303.4083 14 1.0
416.6 303.4842 14 1.0
416.7 303.5602 14 1.0
416.8 303.6361 14 1.0
416.9 303.712 14 1.0
417.0 303.7879 14 1.0
417.1 303.8638 14 1.0
417.2 303.9397 14 1.0
417.3 304.0157 14 1.0
417.4 304.0916 14 1.0
417.5 304.1675 14 1.0
417.6 304.2434 14 1.0
417.7 304.3193 14 1.0
417.8 304.3953 14 1.0
417.9 304.4712 14 1.0
418.0 304.5471 14 1.0
418.1 304.623 14 1.0
418.2 304.6989 14 1.0
418.3 304.7748 14 1.0
418.4 304.8508 14 1.0
418.5 304.9267 14 1.0
418.6 305.0026 14 1.0
418.7 305.0785 14 1.0
418.8 305.1544 14 1.0
418.9 305.2303 14 1.0
419.0 305.3063 14 1.0
419.1 305.3822 14 1.0
419.2 305.4581 14 1.0
419.3 305.534 14 1.0
419.4 305.6099 14 1.0
419.5 305.6858 14 1.0
419.6 305.7618 14 1.0
419.7 305.8377 14 1.0
419.8 305.9136 14 1.0
419.9 305.9895 14 1.0
420.0 306.0654 14 1.0
420.1 306.1414 14 1.0
420.2 306.2173 14 1.0
420.3 306.2932 14 1.0
420.4 306.3691 14 1.0
420.5 306.445 14 1.0
420.6 306.5209 14 1.0
420.7 306.5969 14 1.0
420.8 306.6728 14 1.0
420.9 306.7487 14 1.0
421.0 306.8246 14 1.0
421.1 306.9005 14 1.0
421.2 306.9764 14 1.0
421.3 307.0524 14 1.0
421.4 307.1283 14 1.0
421.5 307.2042 14 1.0
421.6 307.2801 14 1.0
421.7 307.356 14 1.0
421.8 307.4319 14 1.0
421.9 307.5079 14 1.0
422.0 307.5838 14 1.0
422.1 307.6597 14 1.0
422.2 307.7356 14 1.0
422.3 307.8115 14 1.0
422.4 307.8875 14 1.0
422.5 307.9634 14 1.0
422.6 308.0393 14 1.0
422.7 308.1152 14 1.0
422.8 308.1911 14 1.0
422.9 308.267 14 1.0
423.0 308.343 14 1.0
423.1 308.4189 14 1.0
423.2 308.4948 14 1.0
423.3 308.5707 14 1.0
423.4 308.6466 14 1.0
423.5 308.7225 14 1.0
423.6 308.7985 14 1.0
423.7 308.8744 14 1.0
423.8 308.9503 14 1.0
423.9 309.0262 14 1.0
424.0 309.1021 14 1.0
424.1 309.178 14 1.0
424.2 309.254 14 1.0
424.3 309.3299 14 1.0
424.4 309.4058 14 1.0
424.5 309.4817 14 1.0
424.6 309.5576 14 1.0
424.7 309.6336 14 1.0
424.8 309.7095 14 1.0
424.9 309.7854 14 1.0
425.0 309.8613 14 1.0
425.1 309.9372 14 1.0
425.2 310.0131 14 1.0
425.3 310.0891 14 1.0
425.4 310.165 14 1.0
425.5 310.2409 14 1.0
425.6 310.3168 14 1.0
425.7 310.3927 14 1.0
425.8 310.4686 14 1.0
425.9 310.5446 14 1.0
426.0 310.6205 14 1.0
426.1 310.6964 14 1.0
426.2 310.7723 14 1.0
426.3 310.8482 14 1.0
426.4 310.9241 14 1.0
426.5 311.0001 14 1.0
426.6 311.076 14 1.0
426.7 311.1519 14 1.0
426.8 311.2278 14 1.0
426.9 311.3037 14 1.0
427.0 311.3797 14 1.0
427.1 311.4556 14 1.0
427.2 311.5315 14 1.0
427.3 311.6074 14 1.0
427.4 311.6833 14 1.0
427.5 311.7592 14 1.0
427.6 311.8352 14 1.0
427.7 311.9111 14 1.0
427.8 311.987 14 1.0
427.9 312.0629 14 1.0
428.0 312.1388 14 1.0
428.1 312.2147 14 1.0
428.2 312.2907 14 1.0
428.3 312.3666 14 1.0
428.4 312.4425 14 1.0
428.5 312.5184 14 1.0
428.6 312.5943 14 1.0
428.7 312.6702 14 1.0
428.8 312.7462 14 1.0
428.9 312.8221 14 1.0
429.0 312.898 14 1.0
429.1 312.9739 14 1.0
429.2 313.0498 14 1.0
429.3 313.1258 14 1.0
429.4 313.2017 14 1.0
429.5 313.2776 14 1.0
429.6 313.3535 14 1.0
429.7 313.4294 14 1.0
429.8 313.5053 14 1.0
429.9 313.5813 14 1.0
430.0 313.6572 14 1.0
430.1 313.7331 14 1.0
430.2 313.809 14 1.0
430.3 313.8849 14 1.0
430.4 313.9608 14 1.0
430.5 314.0368 14 1.0
430.6 314.1127 14 1.0
430.7 314.1886 14 1.0
430.8 314.2645 14 1.0
430.9 314.3404 14 1.0
431.0 314.4163 14 1.0
431.1 314.4923 14 1.0
431.2 314.5682 14 1.0
431.3 314.6441 14 1.0
431.4 314.72 14 1.0
431.5 314.7959 14 1.0
431.6 314.8719 14 1.0
431.7 314.9478 14 1.0
431.8 315.0237 14 1.0
431.9 315.0996 14 1.0
432.0 315.1755 14 1.0
432.1 315.2514 14 1.0
432.2 315.3274 14 1.0
432.3 315.4033 14 1.0
432.4 315.4792 14 1.0
432.5 315.5551 14 1.0
432.6 315.631 14 1.0
432.7 315.7069 14 1.0
432.8 315.7829 14 1.0
432.9 315.8588 14 1.0
433.0 315.9347 14 1.0
433.1 316.0106 14 1.0
433.2 316.0865 14 1.0
433.3 316.1624 14 1.0
433.4 316.2384 14 1.0
433.5 316.3143 14 1.0
433.6 316.3902 14 1.0
433.7 316.4661 14 1.0
433.8 316.542 14 1.0
433.9 316.618 14 1.0
434.0 316.6939 14 1.0
434.1 316.7698 14 1.0
434.2 316.8457 14 1.0
434.3 316.9216 14 1.0
434.4 316.9975 14 1.0
434.5 317.0735 14 1.0
434.6 317.1494 14 1.0
434.7 317.2253 14 1.0
434.8 317.3012 14 1.0
434.9 317.3771 14 1.0
435.0 317.453 14 1.0
435.1 317.529 14 1.0
435.2 317.6049 14 1.0
435.3 317.6808 14 1.0
435.4 317.7567 14 1.0
435.5 317.8326 14 1.0
435.6 317.9085 14 1.0
435.7 317.9845 14 1.0
435.8 318.0604 14 1.0
435.9 318.1363 14 1.0
436.0 318.2122 14 1.0
436.1 318.2881 14 1.0
436.2 318.3641 14 1.0
436.3 318.44 14 1.0
436.4 318.5159 14 1.0
436.5 318.5918 14 1.0
436.6 318.6677 14 1.0
436.7 318.7436 14 1.0
436.8 318.8196 14 1.0
436.9 318.8955 14 1.0
437.0 318.9714 14 1.0
437.1 319.0473 14 1.0
437.2 319.1232 14 1.0
437.3 319.1991 14 1.0
437.4 319.2751 14 1.0
437.5 319.351 14 1.0
437.6 319.4269 14 1.0
437.7 319.5028 14 1.0
437.8 319.5787 14 1.0
437.9 319.6546 14 1.0
438.0 319.7306 14 1.0
438.1 319.8065 14 1.0
438.2 319.8824 14 1.0
438.3 319.9583 14 1.0
438.4 320.0342 14 1.0
438.5 320.1102 14 1.0
438.6 320.1861 14 1.0
438.7 320.262 14 1.0
438.8 320.3379 14 1.0
438.9 320.4138 14 1.0
439.0 320.4897 14 1.0
439.1 320.5657 14 1.0
439.2 320.6416 14 1.0
439.3 320.7175 14 1.0
439.4 320.7934 14 1.0
439.5 320.8693 14 1.0
439.6 320.9452 14 1.0
439.7 321.0212 14 1.0
439.8 321.0971 14 1.0
439.9 321.173 14 1.0
440.0 321.2489 14 1.0
440.1 321.3248 14 1.0
440.2 321.4007 14 1.0
440.3 321.4767 14 1.0
440.4 321.5526 14 1.0
440.5 321.6285 14 1.0
440.6 321.7044 14 1.0
440.7 321.7803 14 1.0
440.8 321.8563 14 1.0
440.9 321.9322 14 1.0
441.0 322.0081 14 1.0
441.1 322.084 14 1.0
441.2 322.1599 14 1.0
441.3 322.2358 14 1.0
441.4 322.3118 14 1.0
441.5 322.3877 14 1.0
441.6 322.4636 14 1.0
441.7 322.5395 14 1.0
441.8 322.6154 14 1.0
441.9 322.6913 14 1.0
442.0 322.7673 14 1.0
442.1 322.8432 14 1.0
442.2 322.9191 14 1.0
442.3 322.995 14 1.0
442.4 323.0709 14 1.0
442.5 323.1468 14 1.0
442.6 323.2228 14 1.0
442.7 323.2987 14 1.0
442.8 323.3746 14 1.0
442.9 323.4505 14 1.0
443.0 323.5264 14 1.0
443.1 323.6024 14 1.0
443.2 323.6783 14 1.0
443.3 323.7542 14 1.0
443.4 323.8301 14 1.0
443.5 323.906 14 1.0
443.6 323.9819 14 1.0
443.7 324.0579 14 1.0
443.8 324.1338 14 1.0
443.9 324.2097 14 1.0
444.0 324.2856 14 1.0
444.1 324.3615 14 1.0
444.2 324.4374 14 1.0
444.3 324.5134 14 1.0
444.4 324.5893 14 1.0
444.5 324.6652 14 1.0
444.6 324.7411 14 1.0
444.7 324.817 14 1.0
444.8 324.8929 14 1.0
444.9 324.9689 14 1.0
445.0 325.0448 14 1.0
445.1 325.1207 14 1.0
445.2 325.1966 14 1.0
445.3 325.2725 14 1.0
445.4 325.3485 14 1.0
445.5 325.4244 14 1.0
445.6 325.5003 14 1.0
445.7 325.5762 14 1.0
445.8 325.6521 14 1.0
445.9 325.728 14 1.0
446.0 325.804 14 1.0
446.1 325.8799 14 1.0
446.2 325.9558 14 1.0
446.3 326.0317 14 1.0
446.4 326.1076 14 1.0
446.5 326.1835 14 1.0
446.6 326.2595 14 1.0
446.7 326.3354 14 1.0
446.8 326.4113 14 1.0
446.9 326.4872 14 1.0
447.0 326.5631 14 1.0
447.1 326.639 14 1.0
447.2 326.715 14 1.0
447.3 326.7909 14 1.0
447.4 326.8668 14 1.0
447.5 326.9427 14 1.0
447.6 327.0186 14 1.0
447.7 327.0946 14 1.0
447.8 327.1705 14 1.0
447.9 327.2464 14 1.0
448.0 327.3223 14 1.0
448.1 327.3982 14 1.0
448.2 327.4741 14 1.0
448.3 327.5501 14 1.0
448.4 327.626 14 1.0
448.5 327.7019 14 1.0
448.6 327.7778 14 1.0
448.7 327.8537 14 1.0
448.8 327.9296 14 1.0
448.9 328.0056 14 1.0
449.0 328.0815 14 1.0
449.1 328.1574 14 1.0
449.2 328.2333 14 1.0
449.3 328.3092 14 1.0
449.4 328.3851 14 1.0
449.5 328.4611 14 1.0
449.6 328.537 14 1.0
449.7 328.6129 14 1.0
449.8 328.6888 14 1.0
