15.0 1.512414 13 0.03862990031932756
15.1 1.52559 13 0.03951730154114563
15.2 1.538745 13 0.040390342579932126
15.3 1.551879 13 0.04125377384472295
15.4 1.564992 13 0.04210329199258034
15.5 1.578084 13 0.04294159703433997
15.6 1.591156 13 0.04376629047337122
15.7 1.604207 13 0.04458291385442037
15.8 1.617237 13 0.045385884154808154
15.9 1.630247 13 0.04618151300803264
16.0 1.643236 13 0.04696185777884743
16.1 1.698252 13 0.04806956784882688
16.2 1.749523 13 0.05206017526194595
16.3 1.801185 13 0.05605890730583918
16.4 1.85323 13 0.06006247395010322
16.5 1.905653 13 0.06407167378765832
16.6 1.958445 13 0.06808903492553531
16.7 2.011599 13 0.0721120095681339
16.8 2.065111 13 0.07613671912190756
16.9 2.118972 13 0.0801706793588648
17.0 2.173177 13 0.0842092275679931
17.1 2.227719 13 0.08825065274151422
17.2 2.282592 13 0.09230103475925633
17.3 2.33779 13 0.0963534531269794
17.4 2.393307 13 0.10041258026154387
17.5 2.449137 13 0.10447574491506328
17.6 2.505275 13 0.10854317531094637
17.7 2.561714 13 0.11261728209901323
17.8 2.632653 13 0.11669553549335088
17.9 2.712322 13 0.1207781163232089
18.0 2.792881 13 0.12486504351658034
18.1 2.884692 13 0.12957509992857774
18.2 2.977517 13 0.13429562803608597
18.3 3.071354 14 0.13900705281279502
18.4 3.166206 14 0.14373059459171134
18.5 3.26207 14 0.14846096971231015
18.6 3.358949 14 0.15319216182048045
18.7 3.45684 14 0.15792756056608293
18.8 3.555745 14 0.16266889373962434
18.9 3.655664 14 0.16741378672769636
19.0 3.756596 14 0.17216246373577326
19.1 3.858541 14 0.17691586167804274
19.2 3.9615 14 0.18167221644972065
19.3 4.065473 14 0.18643233244467305
19.4 4.170459 14 0.19119617025053115
19.5 4.276458 14 0.19596263860731966
19.6 4.383471 14 0.20073528693449172
19.7 4.491497 14 0.20551043533612934
19.8 4.600537 14 0.21028350061630563
19.9 4.71059 14 0.21506865322816238
20.0 4.821656 14 0.2198553588155655
20.1 4.938236 14 0.22488272468564152
20.2 5.055878 14 0.2299142866899636
20.3 5.174582 14 0.23495042492917861
20.4 5.294347 14 0.23998816728895
20.5 5.415175 14 0.2450282700431894
20.6 5.537064 14 0.25007685382402656
20.7 5.660016 14 0.2551217719253388
20.8 5.784029 14 0.26017298556959745
20.9 5.909104 14 0.2652252093238756
21.0 6.035242 14 0.2702820251846241
21.1 6.162441 14 0.275342954533377
21.2 6.290702 14 0.2804048374261665
21.3 6.420025 14 0.28547115481918284
21.4 6.55041 14 0.29053860517394536
21.5 6.681857 14 0.29560910810459584
21.6 6.814366 14 0.30068277698741264
21.7 6.947937 14 0.30575958534080017
21.8 7.08257 14 0.31083860421385523
21.9 7.218264 14 0.315920386269133
22.0 7.355021 14 0.3210034404357085
22.1 7.508473 14 0.32685148218385063
22.2 7.663136 14 0.33270070125225437
22.3 7.819009 14 0.33854836601756766
22.4 7.976092 14 0.34440450033574377
22.5 8.134386 14 0.35026162963550234
22.6 8.360243 14 0.35621156117530595
22.7 8.520345 14 0.3620720250172428
22.8 8.681656 14 0.3679377359424162
22.9 8.844178 14 0.3737999982529546
23.0 9.007911 14 0.37966862724503725
23.1 9.172854 14 0.38553747086728185
23.2 9.339007 14 0.391408663255441
23.3 9.506371 14 0.3972839852832851
23.4 9.674945 14 0.40316101617193
23.5 9.844729 14 0.40904115928976614
23.6 10.01572 14 0.41492258940159366
23.7 10.18793 14 0.42080667916433145
23.8 10.36135 14 0.42669214181425574
23.9 10.53597 14 0.43257979458401485
24.0 10.71181 14 0.4384708345691255
24.1 10.88942 14 0.4443996875903251
24.2 11.06825 14 0.45033363473485033
24.3 11.24828 14 0.4562670261200713
24.4 11.42952 14 0.46220416637553285
24.5 11.61197 14 0.46814274913451204
24.6 11.79563 14 0.47408338092518565
24.7 11.98051 14 0.4800270834715338
24.8 12.16659 14 0.48597225081726014
24.9 12.35388 14 0.49191980479657615
25.0 12.54238 14 0.4978669050964364
25.1 12.73209 14 0.5038175296983755
25.2 12.92301 14 0.5097686475460633
25.3 13.11514 14 0.515722279139412
25.4 13.30848 14 0.5216778729459031
25.5 13.50303 14 0.5276360837212712
25.6 13.69879 14 0.5335955260687864
25.7 13.89575 14 0.5395550044145254
25.8 14.09393 14 0.5455179661471725
25.9 14.29332 14 0.5514826920804946
26.0 14.49392 14 0.5574475645449359
26.1 14.69979 14 0.5635710763161139
26.2 14.9069 14 0.569696167302351
26.3 15.11526 14 0.5758249528598366
26.4 15.32486 14 0.5819541973958149
26.5 15.53572 14 0.5880818566641413
26.6 15.74781 14 0.5942156929871107
26.7 15.96115 14 0.600348808385566
26.8 16.17574 14 0.6064825297285523
26.9 16.39158 14 0.6126210011427465
27.0 16.60866 14 0.6187602139837719
27.1 16.82698 14 0.6248964394829997
27.2 17.04655 14 0.6310375182127246
27.3 17.26737 14 0.6371814092953523
27.4 17.48943 14 0.6433253583198089
27.5 17.71274 14 0.6494719896148706
27.6 17.9373 14 0.6556185551805076
27.7 18.1631 14 0.6617671558773026
27.8 18.39014 14 0.6679150015939617
27.9 18.61843 14 0.674065838185663
28.0 18.84797 14 0.6802190257706927
28.1 19.08171 14 0.6864762420468391
28.2 19.31672 14 0.6927325751516689
28.3 19.553 14 0.6989940304030695
28.4 19.79056 14 0.7052539429132823
28.5 20.02938 14 0.7115167939908669
28.6 20.26947 14 0.7177797311271975
28.7 20.51084 14 0.724043287327478
28.8 20.75347 14 0.7303101154614055
28.9 20.99738 14 0.7365774710596615
29.0 21.24255 14 0.7428456186346677
29.1 21.489 14 0.7491147995609075
29.2 21.73671 14 0.7553862410788417
29.3 21.9857 14 0.7616579977909429
29.4 22.23596 14 0.7679312946951211
29.5 22.48749 14 0.7742062266874723
29.6 22.74028 14 0.7804814779665307
29.7 22.99435 14 0.7867581978457171
29.8 23.24969 14 0.7930358845074286
29.9 23.5063 14 0.799314807765512
30.0 23.76418 14 0.805595113453209
30.1 24.0316 14 0.8121976972815883
30.2 24.30034 14 0.8188021238904742
30.3 24.5704 14 0.8254074339821911
30.4 24.84178 14 0.8320135361208996
30.5 25.11447 14 0.8386208394342121
30.6 25.38849 14 0.8452291090389596
30.7 25.66383 14 0.8518386904121751
30.8 25.94049 14 0.8584499398199767
30.9 26.21847 14 0.8650608380443101
31.0 26.49776 14 0.8716734554151545
31.1 26.77838 14 0.8782871554231584
31.2 27.06032 14 0.8849015478185055
31.3 27.34357 14 0.8915178132073615
31.4 27.62815 14 0.898134165653042
31.5 27.91404 14 0.9047517294981113
31.6 28.20126 14 0.911370441922241
31.7 28.4898 14 0.9179900394506767
31.8 28.77965 14 0.9246104051033478
31.9 29.07083 14 0.9312319336076276
32.0 29.36332 14 0.9378542125618055
32.1 29.65713 14 0.944477949332175
32.2 29.95227 14 0.9511018947000786
32.3 30.24872 14 0.9577269672783126
32.4 30.5465 14 0.9643530819668016
32.5 30.84559 14 0.9709800470902208
32.6 31.146 14 0.9776078578042117
32.7 31.44774 14 0.984236529877046
32.8 31.75079 14 0.9908661048205022
32.9 32.05516 14 0.9974965207846131
33.0 32.23111 14 1.0
33.1 32.32862 14 1.0
33.2 32.42613 14 1.0
33.3 32.52364 14 1.0
33.4 32.62114 14 1.0
33.5 32.71865 14 1.0
33.6 32.81616 14 1.0
33.7 32.91367 14 1.0
33.8 33.01118 14 1.0
33.9 33.10868 14 1.0
34.0 33.20619 14 1.0
34.1 33.3037 14 1.0
34.2 33.40121 14 1.0
34.3 33.49872 14 1.0
34.4 33.59623 14 1.0
34.5 33.69373 14 1.0
34.6 33.79124 14 1.0
34.7 33.88875 14 1.0
34.8 33.98626 14 1.0
34.9 34.08377 14 1.0
35.0 34.18127 14 1.0
35.1 34.27934 14 1.0
35.2 34.3774 14 1.0
35.3 34.47546 14 1.0
35.4 34.57353 14 1.0
35.5 34.67159 14 1.0
35.6 34.76965 14 1.0
35.7 34.86772 14 1.0
35.8 34.96578 14 1.0
35.9 35.06384 14 1.0
36.0 35.16191 14 1.0
36.1 35.25997 14 1.0
36.2 35.35803 14 1.0
36.3 35.4561 14 1.0
36.4 35.55416 14 1.0
36.5 35.65222 14 1.0
36.6 35.75029 14 1.0
36.7 35.84835 14 1.0
36.8 35.94641 14 1.0
36.9 36.04447 14 1.0
37.0 36.14254 14 1.0
37.1 36.2406 14 1.0
37.2 36.33866 14 1.0
37.3 36.43673 14 1.0
37.4 36.53479 14 1.0
37.5 36.63285 14 1.0
37.6 36.73092 14 1.0
37.7 36.82898 14 1.0
37.8 36.92704 14 1.0
37.9 37.02511 14 1.0
38.0 37.12317 14 1.0
38.1 37.22123 14 1.0
38.2 37.3193 14 1.0
38.3 37.41736 14 1.0
38.4 37.51542 14 1.0
38.5 37.61349 14 1.0
38.6 37.71155 14 1.0
38.7 37.80961 14 1.0
38.8 37.90768 14 1.0
38.9 38.00574 14 1.0
39.0 38.1038 14 1.0
39.1 38.20186 14 1.0
39.2 38.29993 14 1.0
39.3 38.39799 14 1.0
39.4 38.49605 14 1.0
39.5 38.59412 14 1.0
39.6 38.69218 14 1.0
39.7 38.79024 14 1.0
39.8 38.88831 14 1.0
39.9 38.98637 14 1.0
40.0 39.08443 14 1.0
40.1 39.17833 14 1.0
40.2 39.27223 14 1.0
40.3 39.36613 14 1.0
40.4 39.46003 14 1.0
40.5 39.55393 14 1.0
40.6 39.64783 14 1.0
40.7 39.74173 14 1.0
40.8 39.83563 14 1.0
40.9 39.92953 14 1.0
41.0 40.02343 14 1.0
41.1 40.11733 14 1.0
41.2 40.21123 14 1.0
41.3 40.30513 14 1.0
41.4 40.39903 14 1.0
41.5 40.49293 14 1.0
41.6 40.58683 14 1.0
41.7 40.68072 14 1.0
41.8 40.77462 14 1.0
41.9 40.86852 14 1.0
42.0 40.96242 14 1.0
42.1 41.05632 14 1.0
42.2 41.15022 14 1.0
42.3 41.24412 14 1.0
42.4 41.33802 14 1.0
42.5 41.43192 14 1.0
42.6 41.52582 14 1.0
42.7 41.61972 14 1.0
42.8 41.71362 14 1.0
42.9 41.80752 14 1.0
43.0 41.90142 14 1.0
43.1 41.99532 14 1.0
43.2 42.08922 14 1.0
43.3 42.18312 14 1.0
43.4 42.27702 14 1.0
43.5 42.37092 14 1.0
43.6 42.46482 14 1.0
43.7 42.55871 14 1.0
43.8 42.65261 14 1.0
43.9 42.74651 14 1.0
44.0 42.84041 14 1.0
44.1 42.93431 14 1.0
44.2 43.02821 14 1.0
44.3 43.12211 14 1.0
44.4 43.21601 14 1.0
44.5 43.30991 14 1.0
44.6 43.40381 14 1.0
44.7 43.49771 14 1.0
44.8 43.59161 14 1.0
44.9 43.68551 14 1.0
45.0 43.77941 14 1.0
45.1 43.87331 14 1.0
45.2 43.96721 14 1.0
45.3 44.06111 14 1.0
45.4 44.15501 14 1.0
45.5 44.24891 14 1.0
45.6 44.34281 14 1.0
45.7 44.4367 14 1.0
45.8 44.5306 14 1.0
45.9 44.6245 14 1.0
46.0 44.7184 14 1.0
46.1 44.8123 14 1.0
46.2 44.9062 14 1.0
46.3 45.0001 14 1.0
46.4 45.094 14 1.0
46.5 45.1879 14 1.0
46.6 45.2818 14 1.0
46.7 45.3757 14 1.0
46.8 45.4696 14 1.0
46.9 45.5635 14 1.0
47.0 45.6574 14 1.0
47.1 45.7513 14 1.0
47.2 45.8452 14 1.0
47.3 45.9391 14 1.0
47.4 46.033 14 1.0
47.5 46.1269 14 1.0
47.6 46.22079 14 1.0
47.7 46.31469 14 1.0
47.8 46.40859 14 1.0
47.9 46.50249 14 1.0
48.0 46.59639 14 1.0
48.1 46.69029 14 1.0
48.2 46.78419 14 1.0
48.3 46.87809 14 1.0
48.4 46.97199 14 1.0
48.5 47.06589 14 1.0
48.6 47.15979 14 1.0
48.7 47.25369 14 1.0
48.8 47.34759 14 1.0
48.9 47.44149 14 1.0
49.0 47.53539 14 1.0
49.1 47.62929 14 1.0
49.2 47.72319 14 1.0
49.3 47.81709 14 1.0
49.4 47.91099 14 1.0
49.5 48.00489 14 1.0
49.6 48.09878 14 1.0
49.7 48.19268 14 1.0
49.8 48.28658 14 1.0
49.9 48.38048 14 1.0
50.0 48.47438 14 1.0
50.1 48.56215 14 1.0
50.2 48.64991 14 1.0
50.3 48.73768 14 1.0
50.4 48.82544 14 1.0
50.5 48.91321 14 1.0
50.6 49.00097 14 1.0
50.7 49.08874 14 1.0
50.8 49.1765 14 1.0
50.9 49.26427 14 1.0
51.0 49.35203 14 1.0
51.1 49.4398 14 1.0
51.2 49.52756 14 1.0
51.3 49.61533 14 1.0
51.4 49.70309 14 1.0
51.5 49.79086 14 1.0
51.6 49.87862 14 1.0
51.7 49.96639 14 1.0
51.8 50.05415 14 1.0
51.9 50.14191 14 1.0
52.0 50.22968 14 1.0
52.1 50.31744 14 1.0
52.2 50.40521 14 1.0
52.3 50.49297 14 1.0
52.4 50.58074 14 1.0
52.5 50.6685 14 1.0
52.6 50.75627 14 1.0
52.7 50.84403 14 1.0
52.8 50.9318 14 1.0
52.9 51.01956 14 1.0
53.0 51.10733 14 1.0
53.1 51.19509 14 1.0
53.2 51.28286 14 1.0
53.3 51.37062 14 1.0
53.4 51.45839 14 1.0
53.5 51.54615 14 1.0
53.6 51.63392 14 1.0
53.7 51.72168 14 1.0
53.8 51.80945 14 1.0
53.9 51.89721 14 1.0
54.0 51.98498 14 1.0
54.1 52.07274 14 1.0
54.2 52.16051 14 1.0
54.3 52.24827 14 1.0
54.4 52.33604 14 1.0
54.5 52.4238 14 1.0
54.6 52.51157 14 1.0
54.7 52.59933 14 1.0
54.8 52.6871 14 1.0
54.9 52.77486 14 1.0
55.0 52.86263 14 1.0
55.1 52.95039 14 1.0
55.2 53.03815 14 1.0
55.3 53.12592 14 1.0
55.4 53.21368 14 1.0
55.5 53.30145 14 1.0
55.6 53.38921 14 1.0
55.7 53.47698 14 1.0
55.8 53.56474 14 1.0
55.9 53.65251 14 1.0
56.0 53.74027 14 1.0
56.1 53.82804 14 1.0
56.2 53.9158 14 1.0
56.3 54.00357 14 1.0
56.4 54.09133 14 1.0
56.5 54.1791 14 1.0
56.6 54.26686 14 1.0
56.7 54.35463 14 1.0
56.8 54.44239 14 1.0
56.9 54.53016 14 1.0
57.0 54.61792 14 1.0
57.1 54.70569 14 1.0
57.2 54.79345 14 1.0
57.3 54.88122 14 1.0
57.4 54.96898 14 1.0
57.5 55.05675 14 1.0
57.6 55.14451 14 1.0
57.7 55.23228 14 1.0
57.8 55.32004 14 1.0
57.9 55.40781 14 1.0
58.0 55.49557 14 1.0
58.1 55.58334 14 1.0
58.2 55.6711 14 1.0
58.3 55.75887 14 1.0
58.4 55.84663 14 1.0
58.5 55.9344 14 1.0
58.6 56.02216 14 1.0
58.7 56.10992 14 1.0
58.8 56.19769 14 1.0
58.9 56.28545 14 1.0
59.0 56.37322 14 1.0
59.1 56.46098 14 1.0
59.2 56.54875 14 1.0
59.3 56.63651 14 1.0
59.4 56.72428 14 1.0
59.5 56.81204 14 1.0
59.6 56.89981 14 1.0
59.7 56.98757 14 1.0
59.8 57.07534 14 1.0
59.9 57.1631 14 1.0
60.0 57.25087 14 1.0
60.1 57.34141 14 1.0
60.2 57.43195 14 1.0
60.3 57.5225 14 1.0
60.4 57.61304 14 1.0
60.5 57.70358 14 1.0
60.6 57.79413 14 1.0
60.7 57.88467 14 1.0
60.8 57.97521 14 1.0
60.9 58.06575 14 1.0
61.0 58.1563 14 1.0
61.1 58.24684 14 1.0
61.2 58.33738 14 1.0
61.3 58.42793 14 1.0
61.4 58.51847 14 1.0
61.5 58.60901 14 1.0
61.6 58.69956 14 1.0
61.7 58.7901 14 1.0
61.8 58.88064 14 1.0
61.9 58.97118 14 1.0
62.0 59.06173 14 1.0
62.1 59.15227 14 1.0
62.2 59.24281 14 1.0
62.3 59.33336 14 1.0
62.4 59.20958 14 1.0
62.5 58.89453 14 1.0
62.6 58.57848 14 1.0
62.7 58.26145 14 1.0
62.8 57.94342 14 1.0
62.9 57.62441 14 1.0
63.0 57.3044 14 1.0
63.1 56.98341 14 1.0
63.2 56.66142 14 1.0
63.3 56.33844 14 1.0
63.4 56.01447 14 1.0
63.5 55.68952 14 1.0
63.6 55.36357 14 1.0
63.7 55.03663 14 1.0
63.8 54.7087 14 1.0
63.9 54.37978 14 1.0
64.0 54.04987 14 1.0
64.1 53.71897 14 1.0
64.2 53.38708 14 1.0
64.3 53.05419 14 1.0
64.4 52.72032 14 1.0
64.5 52.38546 14 1.0
64.6 52.0496 14 1.0
64.7 51.71276 14 1.0
64.8 51.37493 14 1.0
64.9 51.0361 14 1.0
65.0 50.69628 14 1.0
65.1 50.35548 14 1.0
65.2 50.01368 14 1.0
65.3 49.6709 14 1.0
65.4 49.32712 14 1.0
65.5 48.98235 14 1.0
65.6 48.63659 14 1.0
65.7 48.28984 14 1.0
65.8 47.9421 14 1.0
65.9 47.59337 14 1.0
66.0 47.24365 14 1.0
66.1 46.89294 14 1.0
66.2 46.54124 14 1.0
66.3 46.18855 14 1.0
66.4 45.83487 14 1.0
66.5 45.4802 14 1.0
66.6 45.12453 14 1.0
66.7 44.76788 14 1.0
66.8 44.41023 14 1.0
66.9 44.0516 14 1.0
67.0 43.69198 14 1.0
67.1 43.33136 14 1.0
67.2 42.96975 14 1.0
67.3 42.60716 14 1.0
67.4 42.24357 14 1.0
67.5 41.87899 14 1.0
67.6 41.51342 14 1.0
67.7 41.14687 14 1.0
67.8 40.77932 14 1.0
67.9 40.41078 14 1.0
68.0 40.04125 14 1.0
68.1 39.67073 14 1.0
68.2 39.29922 14 1.0
68.3 38.92672 14 1.0
68.4 38.55322 14 1.0
68.5 38.17874 14 1.0
68.6 37.80327 14 1.0
68.7 37.42681 14 1.0
68.8 37.04935 14 1.0
68.9 36.67091 14 1.0
69.0 36.29147 14 1.0
69.1 35.91105 14 1.0
69.2 35.52963 14 1.0
69.3 35.14723 14 1.0
69.4 34.76383 14 1.0
69.5 34.37944 14 1.0
69.6 33.99407 14 1.0
69.7 33.6077 14 1.0
69.8 33.22034 14 1.0
69.9 32.83199 14 1.0
70.0 32.44265 14 1.0
70.1 32.0574 14 1.0
70.2 31.6715 14 1.0
70.3 31.28495 14 1.0
70.4 31.01129 14 1.0
70.5 31.05985 14 1.0
70.6 31.10841 14 1.0
70.7 31.15696 14 1.0
70.8 31.20552 14 1.0
70.9 31.25408 14 1.0
71.0 31.30264 14 1.0
71.1 31.35119 14 1.0
71.2 31.39975 14 1.0
71.3 31.44831 14 1.0
71.4 31.49686 14 1.0
71.5 31.54542 14 1.0
71.6 31.59398 14 1.0
71.7 31.64253 14 1.0
71.8 31.69109 14 1.0
71.9 31.73965 14 1.0
72.0 31.78821 14 1.0
72.1 31.83676 14 1.0
72.2 31.88532 14 1.0
72.3 31.93388 14 1.0
72.4 31.98243 14 1.0
72.5 32.03099 14 1.0
72.6 32.07955 14 1.0
72.7 32.12811 14 1.0
72.8 32.17666 14 1.0
72.9 32.22522 14 1.0
73.0 32.27378 14 1.0
73.1 32.32233 14 1.0
73.2 32.37089 14 1.0
73.3 32.41945 14 1.0
73.4 32.46801 14 1.0
73.5 32.51656 14 1.0
73.6 32.56512 14 1.0
73.7 32.61368 14 1.0
73.8 32.66223 14 1.0
73.9 32.71079 14 1.0
74.0 32.75935 14 1.0
74.1 32.80791 14 1.0
74.2 32.85646 14 1.0
74.3 32.90502 14 1.0
74.4 32.95358 14 1.0
74.5 33.00213 14 1.0
74.6 33.05069 14 1.0
74.7 33.09925 14 1.0
74.8 33.1478 14 1.0
74.9 33.19636 14 1.0
75.0 33.24492 14 1.0
75.1 33.29348 14 1.0
75.2 33.34203 14 1.0
75.3 33.39059 14 1.0
75.4 33.43915 14 1.0
75.5 33.4877 14 1.0
75.6 33.53626 14 1.0
75.7 33.58482 14 1.0
75.8 33.63338 14 1.0
75.9 33.68193 14 1.0
76.0 33.73049 14 1.0
76.1 33.77905 14 1.0
76.2 33.8276 14 1.0
76.3 33.87616 14 1.0
76.4 33.92472 14 1.0
76.5 33.97328 14 1.0
76.6 34.02183 14 1.0
76.7 34.07039 14 1.0
76.8 34.11895 14 1.0
76.9 34.1675 14 1.0
77.0 34.21606 14 1.0
77.1 34.26462 14 1.0
77.2 34.31318 14 1.0
77.3 34.36173 14 1.0
77.4 34.41029 14 1.0
77.5 34.45885 14 1.0
77.6 34.5074 14 1.0
77.7 34.55596 14 1.0
77.8 34.60452 14 1.0
77.9 34.65307 14 1.0
78.0 34.70163 14 1.0
78.1 34.75019 14 1.0
78.2 34.79875 14 1.0
78.3 34.8473 14 1.0
78.4 34.89586 14 1.0
78.5 34.94442 14 1.0
78.6 34.99297 14 1.0
78.7 35.04153 14 1.0
78.8 35.09009 14 1.0
78.9 35.13865 14 1.0
79.0 35.1872 14 1.0
79.1 35.23576 14 1.0
79.2 35.28432 14 1.0
79.3 35.33287 14 1.0
79.4 35.38143 14 1.0
79.5 35.42999 14 1.0
79.6 35.47855 14 1.0
79.7 35.5271 14 1.0
79.8 35.57566 14 1.0
79.9 35.62422 14 1.0
80.0 35.67277 14 1.0
80.1 35.62716 14 1.0
80.2 35.58154 14 1.0
80.3 35.53592 14 1.0
80.4 35.49031 14 1.0
80.5 35.44469 14 1.0
80.6 35.39908 14 1.0
80.7 35.35346 14 1.0
80.8 35.30784 14 1.0
80.9 35.26223 14 1.0
81.0 35.21661 14 1.0
81.1 35.17099 14 1.0
81.2 35.12538 14 1.0
81.3 35.07976 14 1.0
81.4 35.03415 14 1.0
81.5 34.98853 14 1.0
81.6 34.94291 14 1.0
81.7 34.8973 14 1.0
81.8 34.85168 14 1.0
81.9 34.80606 14 1.0
82.0 34.76045 14 1.0
82.1 34.71483 14 1.0
82.2 34.66922 14 1.0
82.3 34.6236 14 1.0
82.4 34.57798 14 1.0
82.5 34.53237 14 1.0
82.6 34.48675 14 1.0
82.7 34.44113 14 1.0
82.8 34.39552 14 1.0
82.9 34.3499 14 1.0
83.0 34.30429 14 1.0
83.1 34.25867 14 1.0
83.2 34.21305 14 1.0
83.3 34.16744 14 1.0
83.4 34.12182 14 1.0
83.5 34.0762 14 1.0
83.6 34.03059 14 1.0
83.7 33.98497 14 1.0
83.8 33.93935 14 1.0
83.9 33.89374 14 1.0
84.0 33.84812 14 1.0
84.1 33.80251 14 1.0
84.2 33.75689 14 1.0
84.3 33.71127 14 1.0
84.4 33.66566 14 1.0
84.5 33.62004 14 1.0
84.6 33.57442 14 1.0
84.7 33.52881 14 1.0
84.8 33.48319 14 1.0
84.9 33.43758 14 1.0
85.0 33.39196 14 1.0
85.1 33.34634 14 1.0
85.2 33.30073 14 1.0
85.3 33.25511 14 1.0
85.4 33.20949 14 1.0
85.5 33.16388 14 1.0
85.6 33.11826 14 1.0
85.7 33.07265 14 1.0
85.8 33.02703 14 1.0
85.9 32.98141 14 1.0
86.0 32.9358 14 1.0
86.1 32.89018 14 1.0
86.2 32.84456 14 1.0
86.3 32.79895 14 1.0
86.4 32.75333 14 1.0
86.5 32.70772 14 1.0
86.6 32.6621 14 1.0
86.7 32.61648 14 1.0
86.8 32.57087 14 1.0
86.9 32.52525 14 1.0
87.0 32.47963 14 1.0
87.1 32.43402 14 1.0
87.2 32.40992 14 1.0
87.3 33.15481 14 1.0
87.4 33.90424 14 1.0
87.5 34.65819 14 1.0
87.6 35.41668 14 1.0
87.7 36.17969 14 1.0
87.8 36.94724 14 1.0
87.9 37.71932 14 1.0
88.0 38.49593 14 1.0
88.1 39.27707 14 1.0
88.2 40.06274 14 1.0
88.3 40.85294 14 1.0
88.4 41.64767 14 1.0
88.5 42.44693 14 1.0
88.6 43.25072 14 1.0
88.7 44.05905 14 1.0
88.8 44.8719 14 1.0
88.9 45.68929 14 1.0
89.0 46.5112 14 1.0
89.1 47.33765 14 1.0
89.2 48.16862 14 1.0
89.3 49.00413 14 1.0
89.4 49.84417 14 1.0
89.5 50.68874 14 1.0
89.6 51.53784 14 1.0
89.7 52.39147 14 1.0
89.8 53.24963 14 1.0
89.9 54.11232 14 1.0
90.0 54.97954 14 1.0
90.1 55.10894 14 1.0
90.2 55.23861 14 1.0
90.3 55.36854 14 1.0
90.4 55.49873 14 1.0
90.5 55.62919 14 1.0
90.6 55.75991 14 1.0
90.7 55.8909 14 1.0
90.8 56.02215 14 1.0
90.9 56.15367 14 1.0
91.0 56.28545 14 1.0
91.1 56.41749 14 1.0
91.2 56.5498 14 1.0
91.3 56.68238 14 1.0
91.4 56.81521 14 1.0
91.5 56.94832 14 1.0
91.6 57.08168 14 1.0
91.7 57.21532 14 1.0
91.8 57.34921 14 1.0
91.9 57.48337 14 1.0
92.0 57.6178 14 1.0
92.1 57.75249 14 1.0
92.2 57.88744 14 1.0
92.3 58.02266 14 1.0
92.4 58.15814 14 1.0
92.5 58.29389 14 1.0
92.6 58.4299 14 1.0
92.7 58.56618 14 1.0
92.8 58.70272 14 1.0
92.9 58.83952 14 1.0
93.0 58.97659 14 1.0
93.1 59.11392 14 1.0
93.2 59.25152 14 1.0
93.3 59.38939 14 1.0
93.4 59.52751 14 1.0
93.5 59.6659 14 1.0
93.6 59.80456 14 1.0
93.7 59.94348 14 1.0
93.8 60.08267 14 1.0
93.9 60.22211 14 1.0
94.0 60.36183 14 1.0
94.1 60.50181 14 1.0
94.2 60.64205 14 1.0
94.3 60.78256 14 1.0
94.4 60.92333 14 1.0
94.5 61.06436 14 1.0
94.6 61.20566 14 1.0
94.7 61.34723 14 1.0
94.8 61.48906 14 1.0
94.9 61.63115 14 1.0
95.0 61.77351 14 1.0
95.1 61.91613 14 1.0
95.2 62.05902 14 1.0
95.3 62.20217 14 1.0
95.4 62.34559 14 1.0
95.5 62.48927 14 1.0
95.6 62.63321 14 1.0
95.7 62.77742 14 1.0
95.8 62.92189 14 1.0
95.9 63.06663 14 1.0
96.0 63.21163 14 1.0
96.1 63.3569 14 1.0
96.2 63.50243 14 1.0
96.3 63.64823 14 1.0
96.4 63.79429 14 1.0
96.5 63.94061 14 1.0
96.6 64.0872 14 1.0
96.7 64.23405 14 1.0
96.8 64.38117 14 1.0
96.9 64.52855 14 1.0
97.0 64.6762 14 1.0
97.1 64.82411 14 1.0
97.2 64.97229 14 1.0
97.3 65.12073 14 1.0
97.4 65.26943 14 1.0
97.5 65.4184 14 1.0
97.6 65.56763 14 1.0
97.7 65.71713 14 1.0
97.8 65.86689 14 1.0
97.9 66.01692 14 1.0
98.0 66.16721 14 1.0
98.1 66.31777 14 1.0
98.2 66.46859 14 1.0
98.3 66.61967 14 1.0
98.4 66.77102 14 1.0
98.5 66.92263 14 1.0
98.6 67.07451 14 1.0
98.7 67.22665 14 1.0
98.8 67.37906 14 1.0
98.9 67.53173 14 1.0
99.0 67.68467 14 1.0
99.1 67.83787 14 1.0
99.2 67.99133 14 1.0
99.3 68.14506 14 1.0
99.4 68.29905 14 1.0
99.5 68.45331 14 1.0
99.6 68.60783 14 1.0
99.7 68.76262 14 1.0
99.8 68.91767 14 1.0
99.9 69.07298 14 1.0
100.0 69.22856 14 1.0
100.1 68.42724 14 1.0
100.2 67.62532 14 1.0
100.3 66.82279 14 1.0
100.4 66.01965 14 1.0
100.5 65.21592 14 1.0
100.6 64.41158 14 1.0
100.7 63.60664 14 1.0
100.8 62.80109 14 1.0
100.9 61.99495 14 1.0
101.0 61.18819 14 1.0
101.1 60.38084 14 1.0
101.2 59.57288 14 1.0
101.3 58.76432 14 1.0
101.4 57.95516 14 1.0
101.5 57.14539 14 1.0
101.6 56.33502 14 1.0
101.7 55.52405 14 1.0
101.8 54.71247 14 1.0
101.9 53.90029 14 1.0
102.0 53.08751 14 1.0
102.1 52.27412 14 1.0
102.2 51.46013 14 1.0
102.3 50.64554 14 1.0
102.4 49.83035 14 1.0
102.5 49.01455 14 1.0
102.6 48.19814 14 1.0
102.7 47.38114 14 1.0
102.8 46.56353 14 1.0
102.9 45.74532 14 1.0
103.0 44.92651 14 1.0
103.1 44.10709 14 1.0
103.2 43.28707 14 1.0
103.3 42.46644 14 1.0
103.4 41.64522 14 1.0
103.5 40.82339 14 1.0
103.6 40.00095 14 1.0
103.7 39.17791 14 1.0
103.8 38.35427 14 1.0
103.9 37.53003 14 1.0
104.0 36.70519 14 1.0
104.1 35.87974 14 1.0
104.2 35.05368 14 1.0
104.3 34.22703 14 1.0
104.4 33.74922 14 1.0
104.5 33.80623 14 1.0
104.6 33.86325 14 1.0
104.7 33.92026 14 1.0
104.8 33.97727 14 1.0
104.9 34.03428 14 1.0
105.0 34.0913 14 1.0
105.1 34.14831 14 1.0
105.2 34.20532 14 1.0
105.3 34.26233 14 1.0
105.4 34.31935 14 1.0
105.5 34.37636 14 1.0
105.6 34.43337 14 1.0
105.7 34.49038 14 1.0
105.8 34.5474 14 1.0
105.9 34.60441 14 1.0
106.0 34.66142 14 1.0
106.1 34.71843 14 1.0
106.2 34.77544 14 1.0
106.3 34.83246 14 1.0
106.4 34.88947 14 1.0
106.5 34.94648 14 1.0
106.6 35.00349 14 1.0
106.7 35.06051 14 1.0
106.8 35.11752 14 1.0
106.9 35.17453 14 1.0
107.0 35.23154 14 1.0
107.1 35.28856 14 1.0
107.2 35.34557 14 1.0
107.3 35.40258 14 1.0
107.4 35.45959 14 1.0
107.5 35.51661 14 1.0
107.6 35.57362 14 1.0
107.7 35.63063 14 1.0
107.8 35.68764 14 1.0
107.9 35.74466 14 1.0
108.0 35.80167 14 1.0
108.1 35.85868 14 1.0
108.2 35.91569 14 1.0
108.3 35.97271 14 1.0
108.4 36.02972 14 1.0
108.5 36.08673 14 1.0
108.6 36.14374 14 1.0
108.7 36.20075 14 1.0
108.8 36.25777 14 1.0
108.9 36.31478 14 1.0
109.0 36.37179 14 1.0
109.1 36.4288 14 1.0
109.2 36.48582 14 1.0
109.3 36.54283 14 1.0
109.4 36.59984 14 1.0
109.5 36.65685 14 1.0
109.6 36.71387 14 1.0
109.7 36.77088 14 1.0
109.8 36.82789 14 1.0
109.9 36.8849 14 1.0
110.0 36.94192 14 1.0
110.1 36.98869 14 1.0
110.2 37.03547 14 1.0
110.3 37.08224 14 1.0
110.4 37.12902 14 1.0
110.5 37.1758 14 1.0
110.6 37.22257 14 1.0
110.7 37.26935 14 1.0
110.8 37.31613 14 1.0
110.9 37.3629 14 1.0
111.0 37.40968 14 1.0
111.1 37.45646 14 1.0
111.2 37.50323 14 1.0
111.3 37.55001 14 1.0
111.4 37.59678 14 1.0
111.5 37.64356 14 1.0
111.6 37.69034 14 1.0
111.7 37.73711 14 1.0
111.8 37.78389 14 1.0
111.9 37.83067 14 1.0
112.0 37.87744 14 1.0
112.1 37.92422 14 1.0
112.2 37.97099 14 1.0
112.3 38.01777 14 1.0
112.4 38.06455 14 1.0
112.5 38.11132 14 1.0
112.6 38.1581 14 1.0
112.7 38.20488 14 1.0
112.8 38.25165 14 1.0
112.9 38.29843 14 1.0
113.0 38.34521 14 1.0
113.1 38.39198 14 1.0
113.2 38.43876 14 1.0
113.3 38.48553 14 1.0
113.4 38.53231 14 1.0
113.5 38.57909 14 1.0
113.6 38.62586 14 1.0
113.7 38.67264 14 1.0
113.8 38.71942 14 1.0
113.9 38.76619 14 1.0
114.0 38.81297 14 1.0
114.1 38.85974 14 1.0
114.2 38.90652 14 1.0
114.3 38.9533 14 1.0
114.4 39.00007 14 1.0
114.5 39.04685 14 1.0
114.6 39.09363 14 1.0
114.7 39.1404 14 1.0
114.8 39.18718 14 1.0
114.9 39.23396 14 1.0
115.0 39.28073 14 1.0
115.1 39.32751 14 1.0
115.2 39.37428 14 1.0
115.3 39.42106 14 1.0
115.4 39.46784 14 1.0
115.5 39.51461 14 1.0
115.6 39.56139 14 1.0
115.7 39.60817 14 1.0
115.8 39.65494 14 1.0
115.9 39.70172 14 1.0
116.0 39.74849 14 1.0
116.1 39.79527 14 1.0
116.2 39.84205 14 1.0
116.3 39.88882 14 1.0
116.4 39.9356 14 1.0
116.5 39.98238 14 1.0
116.6 40.02915 14 1.0
116.7 40.07593 14 1.0
116.8 40.12271 14 1.0
116.9 40.16948 14 1.0
117.0 40.21626 14 1.0
117.1 40.26303 14 1.0
117.2 40.30981 14 1.0
117.3 40.35659 14 1.0
117.4 40.40336 14 1.0
117.5 40.45014 14 1.0
117.6 40.49692 14 1.0
117.7 40.54369 14 1.0
117.8 40.59047 14 1.0
117.9 40.63724 14 1.0
118.0 40.68402 14 1.0
118.1 40.7308 14 1.0
118.2 40.77757 14 1.0
118.3 40.82435 14 1.0
118.4 40.87113 14 1.0
118.5 40.9179 14 1.0
118.6 40.96468 14 1.0
118.7 41.01146 14 1.0
118.8 41.05823 14 1.0
118.9 41.10501 14 1.0
119.0 41.15178 14 1.0
119.1 41.19856 14 1.0
119.2 41.24534 14 1.0
119.3 41.29211 14 1.0
119.4 41.33889 14 1.0
119.5 41.38567 14 1.0
119.6 41.43244 14 1.0
119.7 41.47922 14 1.0
119.8 41.52599 14 1.0
119.9 41.57277 14 1.0
120.0 41.61955 14 1.0
120.1 41.63754 14 1.0
120.2 41.65553 14 1.0
120.3 41.67353 14 1.0
120.4 41.69152 14 1.0
120.5 41.70952 14 1.0
120.6 41.72751 14 1.0
120.7 41.7455 14 1.0
120.8 41.7635 14 1.0
120.9 41.78149 14 1.0
121.0 41.79949 14 1.0
121.1 41.81748 14 1.0
121.2 41.83547 14 1.0
121.3 41.85347 14 1.0
121.4 41.87146 14 1.0
121.5 41.88945 14 1.0
121.6 41.90745 14 1.0
121.7 41.92544 14 1.0
121.8 41.94344 14 1.0
121.9 41.96143 14 1.0
122.0 41.97942 14 1.0
122.1 41.99742 14 1.0
122.2 42.01541 14 1.0
122.3 42.03341 14 1.0
122.4 42.0514 14 1.0
122.5 42.06939 14 1.0
122.6 42.08739 14 1.0
122.7 42.10538 14 1.0
122.8 42.12337 14 1.0
122.9 42.14137 14 1.0
123.0 42.15936 14 1.0
123.1 42.17736 14 1.0
123.2 42.19535 14 1.0
123.3 42.21334 14 1.0
123.4 42.23134 14 1.0
123.5 42.24933 14 1.0
123.6 42.26732 14 1.0
123.7 42.28532 14 1.0
123.8 42.30331 14 1.0
123.9 42.32131 14 1.0
124.0 42.3393 14 1.0
124.1 42.35729 14 1.0
124.2 42.37529 14 1.0
124.3 42.39328 14 1.0
124.4 42.41128 14 1.0
124.5 42.42927 14 1.0
124.6 42.44726 14 1.0
124.7 42.46526 14 1.0
124.8 42.48325 14 1.0
124.9 42.50124 14 1.0
125.0 42.51924 14 1.0
125.1 42.53723 14 1.0
125.2 42.55523 14 1.0
125.3 42.57322 14 1.0
125.4 42.59121 14 1.0
125.5 42.60921 14 1.0
125.6 42.6272 14 1.0
125.7 42.6452 14 1.0
125.8 42.66319 14 1.0
125.9 42.68118 14 1.0
126.0 42.69918 14 1.0
126.1 42.71717 14 1.0
126.2 42.73516 14 1.0
126.3 42.75316 14 1.0
126.4 42.77115 14 1.0
126.5 42.78915 14 1.0
126.6 42.80714 14 1.0
126.7 42.82513 14 1.0
126.8 42.84313 14 1.0
126.9 42.86112 14 1.0
127.0 42.87912 14 1.0
127.1 42.89711 14 1.0
127.2 42.9151 14 1.0
127.3 42.9331 14 1.0
127.4 42.95109 14 1.0
127.5 42.96908 14 1.0
127.6 42.98708 14 1.0
127.7 43.00507 14 1.0
127.8 43.02307 14 1.0
127.9 43.04106 14 1.0
128.0 43.05905 14 1.0
128.1 43.07705 14 1.0
128.2 43.09504 14 1.0
128.3 43.11303 14 1.0
128.4 43.13103 14 1.0
128.5 43.14902 14 1.0
128.6 43.16702 14 1.0
128.7 43.18501 14 1.0
128.8 43.203 14 1.0
128.9 43.221 14 1.0
129.0 43.23899 14 1.0
129.1 43.25699 14 1.0
129.2 43.27498 14 1.0
129.3 43.29297 14 1.0
129.4 43.31097 14 1.0
129.5 43.32896 14 1.0
129.6 43.34695 14 1.0
129.7 43.36495 14 1.0
129.8 43.38294 14 1.0
129.9 43.40094 14 1.0
130.0 43.41893 14 1.0
130.1 43.46116 14 1.0
130.2 43.50339 14 1.0
130.3 43.54562 14 1.0
130.4 43.58785 14 1.0
130.5 43.63008 14 1.0
130.6 43.67231 14 1.0
130.7 43.71454 14 1.0
130.8 43.75677 14 1.0
130.9 43.79899 14 1.0
131.0 43.84122 14 1.0
131.1 43.88345 14 1.0
131.2 43.92568 14 1.0
131.3 43.96791 14 1.0
131.4 44.01014 14 1.0
131.5 44.05237 14 1.0
131.6 44.0946 14 1.0
131.7 44.13683 14 1.0
131.8 44.17906 14 1.0
131.9 44.22129 14 1.0
132.0 44.26352 14 1.0
132.1 44.30575 14 1.0
132.2 44.34798 14 1.0
132.3 44.39021 14 1.0
132.4 44.43244 14 1.0
132.5 44.47467 14 1.0
132.6 44.51689 14 1.0
132.7 44.55912 14 1.0
132.8 44.60135 14 1.0
132.9 44.64358 14 1.0
133.0 44.68581 14 1.0
133.1 44.72804 14 1.0
133.2 44.77027 14 1.0
133.3 44.8125 14 1.0
133.4 44.85473 14 1.0
133.5 44.89696 14 1.0
133.6 44.93919 14 1.0
133.7 44.98142 14 1.0
133.8 45.02365 14 1.0
133.9 45.06588 14 1.0
134.0 45.10811 14 1.0
134.1 45.15034 14 1.0
134.2 45.19257 14 1.0
134.3 45.23479 14 1.0
134.4 45.27702 14 1.0
134.5 45.31925 14 1.0
134.6 45.36148 14 1.0
134.7 45.40371 14 1.0
134.8 45.44594 14 1.0
134.9 45.48817 14 1.0
135.0 45.5304 14 1.0
135.1 45.57263 14 1.0
135.2 45.61486 14 1.0
135.3 45.65709 14 1.0
135.4 45.69932 14 1.0
135.5 45.74155 14 1.0
135.6 45.78378 14 1.0
135.7 45.82601 14 1.0
135.8 45.86824 14 1.0
135.9 45.91047 14 1.0
136.0 45.95269 14 1.0
136.1 45.99492 14 1.0
136.2 46.03715 14 1.0
136.3 46.07938 14 1.0
136.4 46.12161 14 1.0
136.5 46.16384 14 1.0
136.6 46.20607 14 1.0
136.7 46.2483 14 1.0
136.8 46.29053 14 1.0
136.9 46.33276 14 1.0
137.0 46.37499 14 1.0
137.1 46.41722 14 1.0
137.2 46.45945 14 1.0
137.3 46.50168 14 1.0
137.4 46.54391 14 1.0
137.5 46.58614 14 1.0
137.6 46.62837 14 1.0
137.7 46.6706 14 1.0
137.8 46.71282 14 1.0
137.9 46.75505 14 1.0
138.0 46.79728 14 1.0
138.1 46.83951 14 1.0
138.2 46.88174 14 1.0
138.3 46.92397 14 1.0
138.4 46.9662 14 1.0
138.5 47.00843 14 1.0
138.6 47.05066 14 1.0
138.7 47.09289 14 1.0
138.8 47.13512 14 1.0
138.9 47.17735 14 1.0
139.0 47.21958 14 1.0
139.1 47.26181 14 1.0
139.2 47.30404 14 1.0
139.3 47.34627 14 1.0
139.4 47.3885 14 1.0
139.5 47.43072 14 1.0
139.6 47.47295 14 1.0
139.7 47.51518 14 1.0
139.8 47.55741 14 1.0
139.9 47.59964 14 1.0
140.0 47.64187 14 1.0
140.1 47.64702 14 1.0
140.2 47.65217 14 1.0
140.3 47.65732 14 1.0
140.4 47.66248 14 1.0
140.5 47.66763 14 1.0
140.6 47.67278 14 1.0
140.7 47.67793 14 1.0
140.8 47.68308 14 1.0
140.9 47.68823 14 1.0
141.0 47.69338 14 1.0
141.1 47.69853 14 1.0
141.2 47.70368 14 1.0
141.3 47.70883 14 1.0
141.4 47.71398 14 1.0
141.5 47.71914 14 1.0
141.6 47.72429 14 1.0
141.7 47.72944 14 1.0
141.8 47.73459 14 1.0
141.9 47.73974 14 1.0
142.0 47.74489 14 1.0
142.1 47.75004 14 1.0
142.2 47.75519 14 1.0
142.3 47.76034 14 1.0
142.4 47.76549 14 1.0
142.5 47.77064 14 1.0
142.6 47.7758 14 1.0
142.7 47.78095 14 1.0
142.8 47.7861 14 1.0
142.9 47.79125 14 1.0
143.0 47.7964 14 1.0
143.1 47.80155 14 1.0
143.2 47.8067 14 1.0
143.3 47.81185 14 1.0
143.4 47.817 14 1.0
143.5 47.82215 14 1.0
143.6 47.8273 14 1.0
143.7 47.83246 14 1.0
143.8 47.83761 14 1.0
143.9 47.84276 14 1.0
144.0 47.84791 14 1.0
144.1 47.85306 14 1.0
144.2 47.85821 14 1.0
144.3 47.86336 14 1.0
144.4 47.86851 14 1.0
144.5 47.87366 14 1.0
144.6 47.87881 14 1.0
144.7 47.88396 14 1.0
144.8 47.88912 14 1.0
144.9 47.89427 14 1.0
145.0 47.89942 14 1.0
145.1 47.90457 14 1.0
145.2 47.90972 14 1.0
145.3 47.91487 14 1.0
145.4 47.92002 14 1.0
145.5 47.92517 14 1.0
145.6 47.93032 14 1.0
145.7 47.93547 14 1.0
145.8 47.94062 14 1.0
145.9 47.94578 14 1.0
146.0 47.95093 14 1.0
146.1 47.95608 14 1.0
146.2 47.96123 14 1.0
146.3 47.96638 14 1.0
146.4 47.97153 14 1.0
146.5 47.97668 14 1.0
146.6 47.98183 14 1.0
146.7 47.98698 14 1.0
146.8 47.99213 14 1.0
146.9 47.99728 14 1.0
147.0 48.00243 14 1.0
147.1 48.00759 14 1.0
147.2 48.01274 14 1.0
147.3 48.01789 14 1.0
147.4 48.02304 14 1.0
147.5 48.02819 14 1.0
147.6 48.03334 14 1.0
147.7 48.03849 14 1.0
147.8 48.04364 14 1.0
147.9 48.04879 14 1.0
148.0 48.05394 14 1.0
148.1 48.06604 14 1.0
148.2 48.07996 14 1.0
148.3 48.09388 14 1.0
148.4 48.1078 14 1.0
148.5 48.12173 14 1.0
148.6 48.13565 14 1.0
148.7 48.14957 14 1.0
148.8 48.16349 14 1.0
148.9 48.17742 14 1.0
149.0 48.19134 14 1.0
149.1 48.20527 14 1.0
149.2 48.21919 14 1.0
149.3 48.23313 14 1.0
149.4 48.24697 14 1.0
149.5 48.26092 14 1.0
149.6 48.27487 14 1.0
149.7 48.28881 14 1.0
149.8 48.30276 14 1.0
149.9 48.31671 14 1.0
150.0 48.33066 14 1.0
150.1 48.37952 14 1.0
150.2 48.42838 14 1.0
150.3 48.47723 14 1.0
150.4 48.52609 14 1.0
150.5 48.57495 14 1.0
150.6 48.62381 14 1.0
150.7 48.67266 14 1.0
150.8 48.72152 14 1.0
150.9 48.77037 14 1.0
151.0 48.81923 14 1.0
151.1 48.86809 14 1.0
151.2 48.91695 14 1.0
151.3 48.9658 14 1.0
151.4 49.01466 14 1.0
151.5 49.06352 14 1.0
151.6 49.11238 14 1.0
151.7 49.16123 14 1.0
151.8 49.21009 14 1.0
151.9 49.25895 14 1.0
152.0 49.3078 14 1.0
152.1 49.35666 14 1.0
152.2 49.40552 14 1.0
152.3 49.45438 14 1.0
152.4 49.50323 14 1.0
152.5 49.55209 14 1.0
152.6 49.60095 14 1.0
152.7 49.6498 14 1.0
152.8 49.69866 14 1.0
152.9 49.74752 14 1.0
153.0 49.79638 14 1.0
153.1 49.84523 14 1.0
153.2 49.89409 14 1.0
153.3 49.94295 14 1.0
153.4 49.9918 14 1.0
153.5 50.04066 14 1.0
153.6 50.08952 14 1.0
153.7 50.13837 14 1.0
153.8 50.18723 14 1.0
153.9 50.23608 14 1.0
154.0 50.28494 14 1.0
154.1 50.3338 14 1.0
154.2 50.38266 14 1.0
154.3 50.43152 14 1.0
154.4 50.48038 14 1.0
154.5 50.52923 14 1.0
154.6 50.57809 14 1.0
154.7 50.62695 14 1.0
154.8 50.6758 14 1.0
154.9 50.72466 14 1.0
155.0 50.77352 14 1.0
155.1 50.82238 14 1.0
155.2 50.87123 14 1.0
155.3 50.92009 14 1.0
155.4 50.96895 14 1.0
155.5 51.0178 14 1.0
155.6 51.06666 14 1.0
155.7 51.11552 14 1.0
155.8 51.16438 14 1.0
155.9 51.21323 14 1.0
156.0 51.26208 14 1.0
156.1 51.31094 14 1.0
156.2 51.3598 14 1.0
156.3 51.40866 14 1.0
156.4 51.45751 14 1.0
156.5 51.50638 14 1.0
156.6 51.55523 14 1.0
156.7 51.60409 14 1.0
156.8 51.65294 14 1.0
156.9 51.7018 14 1.0
157.0 51.75066 14 1.0
157.1 51.79951 14 1.0
157.2 51.84837 14 1.0
157.3 51.89723 14 1.0
157.4 51.94608 14 1.0
157.5 51.99494 14 1.0
157.6 52.0438 14 1.0
157.7 52.09266 14 1.0
157.8 52.14151 14 1.0
157.9 52.19037 14 1.0
158.0 52.23923 14 1.0
158.1 52.28808 14 1.0
158.2 52.33694 14 1.0
158.3 52.3858 14 1.0
158.4 52.43466 14 1.0
158.5 52.48351 14 1.0
158.6 52.53237 14 1.0
158.7 52.58123 14 1.0
158.8 52.63008 14 1.0
158.9 52.67894 14 1.0
159.0 52.7278 14 1.0
159.1 52.77666 14 1.0
159.2 52.82551 14 1.0
159.3 52.87437 14 1.0
159.4 52.92323 14 1.0
159.5 52.97208 14 1.0
159.6 53.02094 14 1.0
159.7 53.0698 14 1.0
159.8 53.11866 14 1.0
159.9 53.16751 14 1.0
160.0 53.21637 14 1.0
160.1 53.26523 14 1.0
160.2 53.31408 14 1.0
160.3 53.36294 14 1.0
160.4 53.4118 14 1.0
160.5 53.46066 14 1.0
160.6 53.50951 14 1.0
160.7 53.55837 14 1.0
160.8 53.60723 14 1.0
160.9 53.65608 14 1.0
161.0 53.70494 14 1.0
161.1 53.7538 14 1.0
161.2 53.80266 14 1.0
161.3 53.85151 14 1.0
161.4 53.90037 14 1.0
161.5 53.94923 14 1.0
161.6 53.99808 14 1.0
161.7 54.04694 14 1.0
161.8 54.0958 14 1.0
161.9 54.14466 14 1.0
162.0 54.19352 14 1.0
162.1 54.24238 14 1.0
162.2 54.24318 14 1.0
162.3 53.48902 14 1.0
162.4 52.73343 14 1.0
162.5 51.9764 14 1.0
162.6 51.21795 14 1.0
162.7 50.45807 14 1.0
162.8 49.69675 14 1.0
162.9 48.93401 14 1.0
163.0 48.16983 14 1.0
163.1 47.40423 14 1.0
163.2 46.63719 14 1.0
163.3 45.86872 14 1.0
163.4 45.09882 14 1.0
163.5 44.32749 14 1.0
163.6 43.55473 14 1.0
163.7 42.78054 14 1.0
163.8 42.00492 14 1.0
163.9 41.22787 14 1.0
164.0 40.44938 14 1.0
164.1 39.66947 14 1.0
164.2 38.88812 14 1.0
164.3 38.10535 14 1.0
164.4 37.32114 14 1.0
164.5 36.5355 14 1.0
164.6 35.74844 14 1.0
164.7 34.95994 14 1.0
164.8 34.17001 14 1.0
164.9 33.37865 14 1.0
165.0 32.58586 14 1.0
165.1 31.79164 14 1.0
165.2 30.99598 14 1.0
165.3 30.1989 14 1.0
165.4 29.40039 14 1.0
165.5 28.60044 14 1.0
165.6 27.79907 14 1.0
165.7 26.99626 14 1.0
165.8 26.19202 14 1.0
165.9 25.38636 14 1.0
166.0 24.57926 14 1.0
166.1 23.77073 14 1.0
166.2 22.96077 14 1.0
166.3 22.14938 14 1.0
166.4 21.33656 14 1.0
166.5 20.52231 14 1.0
166.6 19.70662 14 1.0
166.7 18.88951 14 1.0
166.8 18.07097 14 1.0
166.9 17.25099 14 1.0
167.0 16.42959 14 1.0
167.1 15.60675 14 1.0
167.2 14.78248 14 1.0
167.3 13.95678 14 1.0
167.4 13.12966 14 1.0
167.5 12.3011 14 1.0
167.6 11.47111 14 1.0
167.7 10.63969 14 1.0
167.8 9.806834 14 1.0
167.9 8.972551 14 1.0
168.0 8.136838 14 1.0
168.1 7.299694 14 1.0
168.2 6.46112 14 1.0
168.3 5.621114 14 1.0
168.4 4.779678 14 1.0
168.5 0.0 15 0.0
168.6 0.0 15 0.0
168.7 0.0 15 0.0
168.8 0.0 15 0.0
168.9 0.0 15 0.0
169.0 0.0 15 0.0
169.1 0.0 15 0.0
169.2 0.0 15 0.0
169.3 0.0 15 0.0
169.4 0.0 15 0.0
169.5 0.0 15 0.0
169.6 0.0 15 0.0
169.7 0.0 15 0.0
169.8 0.0 15 0.0
169.9 0.0 15 0.0
170.0 0.0 15 0.0
170.1 0.0 15 0.0
170.2 0.0 15 0.0
170.3 0.0 15 0.0
170.4 0.0 15 0.0
170.5 0.0 15 0.0
170.6 0.0 15 0.0
170.7 0.0 15 0.0
170.8 0.0 15 0.0
170.9 0.0 15 0.0
171.0 0.0 15 0.0
171.1 0.0 15 0.0
171.2 0.0 15 0.0
171.3 0.0 15 0.0
171.4 0.0 15 0.0
171.5 0.0 15 0.0
171.6 0.0 15 0.0
171.7 0.0 15 0.0
171.8 0.0 15 0.0
171.9 0.0 15 0.0
172.0 0.0 15 0.0
172.1 0.0 15 0.0
172.2 0.0 15 0.0
172.3 0.0 15 0.0
172.4 0.0 15 0.0
172.5 0.0 15 0.0
172.6 0.0 15 0.0
172.7 0.0 15 0.0
172.8 0.0 15 0.0
172.9 0.0 15 0.0
173.0 0.0 15 0.0
173.1 0.0 15 0.0
173.2 0.0 15 0.0
173.3 0.0 15 0.0
173.4 0.0 15 0.0
173.5 0.0 15 0.0
173.6 0.0 15 0.0
173.7 0.0 15 0.0
173.8 0.0 15 0.0
173.9 0.0 15 0.0
174.0 0.0 15 0.0
174.1 0.0 15 0.0
174.2 0.0 15 0.0
174.3 0.0 15 0.0
174.4 0.0 15 0.0
174.5 0.0 15 0.0
174.6 0.0 15 0.0
174.7 0.0 15 0.0
174.8 0.0 15 0.0
174.9 0.0 15 0.0
175.0 0.0 15 0.0
175.1 0.0 15 0.0
175.2 0.0 15 0.0
175.3 0.0 15 0.0
175.4 0.0 15 0.0
175.5 0.0 15 0.0
175.6 0.0 15 0.0
175.7 0.0 15 0.0
175.8 0.0 15 0.0
175.9 0.0 15 0.0
176.0 0.0 15 0.0
176.1 0.0 15 0.0
176.2 0.0 15 0.0
176.3 0.0 15 0.0
176.4 0.0 15 0.0
176.5 0.0 15 0.0
176.6 0.0 15 0.0
176.7 0.0 15 0.0
176.8 0.0 15 0.0
176.9 0.0 15 0.0
177.0 0.0 15 0.0
177.1 0.0 15 0.0
177.2 0.0 15 0.0
177.3 0.0 15 0.0
177.4 0.0 15 0.0
177.5 0.0 15 0.0
177.6 0.0 15 0.0
177.7 0.0 15 0.0
177.8 0.0 15 0.0
177.9 0.0 15 0.0
178.0 0.0 15 0.0
178.1 0.0 15 0.0
178.2 0.0 15 0.0
178.3 0.0 15 0.0
178.4 0.0 15 0.0
178.5 0.0 15 0.0
178.6 0.0 15 0.0
178.7 0.0 15 0.0
178.8 0.0 15 0.0
178.9 0.0 15 0.0
179.0 0.0 15 0.0
179.1 0.0 15 0.0
179.2 0.0 15 0.0
179.3 0.0 15 0.0
179.4 0.0 15 0.0
179.5 0.0 15 0.0
179.6 0.0 15 0.0
179.7 0.0 15 0.0
179.8 0.0 15 0.0
179.9 0.0 15 0.0
180.0 0.0 15 0.0
180.1 0.0 15 0.0
180.2 0.0 15 0.0
180.3 0.0 15 0.0
180.4 0.0 15 0.0
180.5 0.0 15 0.0
180.6 0.0 15 0.0
180.7 0.0 15 0.0
180.8 0.0 15 0.0
180.9 0.0 15 0.0
181.0 0.0 15 0.0
181.1 0.0 15 0.0
181.2 0.0 15 0.0
181.3 0.0 15 0.0
181.4 0.0 15 0.0
181.5 0.0 15 0.0
181.6 0.0 15 0.0
181.7 0.0 15 0.0
181.8 0.0 15 0.0
181.9 0.0 15 0.0
182.0 0.0 15 0.0
182.1 0.0 15 0.0
182.2 0.0 15 0.0
182.3 0.0 15 0.0
182.4 0.0 15 0.0
182.5 0.0 15 0.0
182.6 0.0 15 0.0
182.7 0.0 15 0.0
182.8 0.0 15 0.0
182.9 0.0 15 0.0
183.0 0.0 15 0.0
183.1 0.0 15 0.0
183.2 0.0 15 0.0
183.3 0.0 15 0.0
183.4 0.0 15 0.0
183.5 0.0 15 0.0
183.6 0.0 15 0.0
183.7 0.0 15 0.0
183.8 0.0 15 0.0
183.9 0.0 15 0.0
184.0 0.0 15 0.0
184.1 0.0 15 0.0
184.2 0.0 15 0.0
184.3 0.0 15 0.0
184.4 0.0 15 0.0
184.5 0.0 15 0.0
184.6 0.0 15 0.0
184.7 0.0 15 0.0
184.8 0.0 15 0.0
184.9 0.0 15 0.0
185.0 0.0 15 0.0
185.1 0.0 15 0.0
185.2 0.0 15 0.0
185.3 0.0 15 0.0
185.4 0.0 15 0.0
185.5 0.0 15 0.0
185.6 0.0 15 0.0
185.7 0.0 15 0.0
185.8 0.0 15 0.0
185.9 0.0 15 0.0
186.0 0.0 15 0.0
186.1 0.0 15 0.0
186.2 0.0 15 0.0
186.3 0.0 15 0.0
186.4 0.0 15 0.0
186.5 0.0 15 0.0
186.6 0.0 15 0.0
186.7 0.0 15 0.0
186.8 0.0 15 0.0
186.9 0.0 15 0.0
187.0 0.0 15 0.0
187.1 0.0 15 0.0
187.2 0.0 15 0.0
187.3 0.0 15 0.0
187.4 0.0 15 0.0
187.5 0.0 15 0.0
187.6 0.0 15 0.0
187.7 0.0 15 0.0
187.8 0.0 15 0.0
187.9 0.0 15 0.0
188.0 0.0 15 0.0
188.1 0.0 15 0.0
188.2 0.0 15 0.0
188.3 0.0 15 0.0
188.4 0.0 15 0.0
188.5 0.0 15 0.0
188.6 0.0 15 0.0
188.7 0.0 15 0.0
188.8 0.0 15 0.0
188.9 0.0 15 0.0
189.0 0.0 15 0.0
189.1 0.0 15 0.0
189.2 0.0 15 0.0
189.3 0.0 15 0.0
189.4 0.0 15 0.0
189.5 0.0 15 0.0
189.6 0.0 15 0.0
189.7 0.0 15 0.0
189.8 0.0 15 0.0
189.9 0.0 15 0.0
190.0 0.0 15 0.0
190.1 0.0 15 0.0
190.2 0.0 15 0.0
190.3 0.0 15 0.0
190.4 0.0 15 0.0
190.5 0.0 15 0.0
190.6 0.0 15 0.0
190.7 0.0 15 0.0
190.8 0.0 15 0.0
190.9 0.0 15 0.0
191.0 0.0 15 0.0
191.1 0.0 15 0.0
191.2 0.0 15 0.0
191.3 0.0 15 0.0
191.4 0.0 15 0.0
191.5 0.0 15 0.0
191.6 0.0 15 0.0
191.7 0.0 15 0.0
191.8 0.0 15 0.0
191.9 0.0 15 0.0
192.0 0.0 15 0.0
192.1 0.0 15 0.0
192.2 0.0 15 0.0
192.3 0.0 15 0.0
192.4 0.0 15 0.0
192.5 0.0 15 0.0
192.6 0.0 15 0.0
192.7 0.0 15 0.0
192.8 0.0 15 0.0
192.9 0.0 15 0.0
193.0 0.0 15 0.0
193.1 0.0 15 0.0
193.2 0.0 15 0.0
193.3 0.0 15 0.0
193.4 0.0 15 0.0
193.5 0.0 15 0.0
193.6 0.0 15 0.0
193.7 0.0 15 0.0
193.8 0.0 15 0.0
193.9 0.0 15 0.0
194.0 0.0 15 0.0
194.1 0.0 15 0.0
194.2 0.0 15 0.0
194.3 0.0 15 0.0
194.4 0.0 15 0.0
194.5 0.0 15 0.0
194.6 0.0 15 0.0
194.7 0.0 15 0.0
194.8 0.0 15 0.0
194.9 0.0 15 0.0
195.0 0.0 15 0.0
195.1 0.0 15 0.0
195.2 0.0 15 0.0
195.3 0.0 15 0.0
195.4 0.0 15 0.0
195.5 0.0 15 0.0
195.6 0.0 15 0.0
195.7 0.0 15 0.0
195.8 0.0 15 0.0
195.9 0.0 15 0.0
196.0 0.0 15 0.0
196.1 0.0 15 0.0
196.2 0.0 15 0.0
196.3 0.0 15 0.0
196.4 0.0 15 0.0
196.5 0.0 15 0.0
196.6 0.0 15 0.0
196.7 0.0 15 0.0
196.8 0.0 15 0.0
196.9 0.0 15 0.0
197.0 0.0 15 0.0
197.1 0.0 15 0.0
197.2 0.0 15 0.0
197.3 0.0 15 0.0
197.4 0.0 15 0.0
197.5 0.0 15 0.0
197.6 0.0 15 0.0
197.7 0.0 15 0.0
197.8 0.0 15 0.0
197.9 0.0 15 0.0
198.0 0.0 15 0.0
198.1 0.0 15 0.0
198.2 0.0 15 0.0
198.3 0.0 15 0.0
198.4 0.0 15 0.0
198.5 0.0 15 0.0
198.6 0.0 15 0.0
198.7 0.0 15 0.0
198.8 0.0 15 0.0
198.9 0.0 15 0.0
199.0 0.0 15 0.0
199.1 0.0 15 0.0
199.2 0.0 15 0.0
199.3 0.0 15 0.0
199.4 0.0 15 0.0
199.5 0.0 15 0.0
199.6 0.0 15 0.0
199.7 0.0 15 0.0
199.8 0.0 15 0.0
199.9 0.0 15 0.0
200.0 0.0 15 0.0
200.1 0.0 15 0.0
200.2 0.0 15 0.0
200.3 0.0 15 0.0
200.4 0.0 15 0.0
200.5 0.0 15 0.0
200.6 0.0 15 0.0
200.7 0.0 15 0.0
200.8 0.0 15 0.0
200.9 0.0 15 0.0
201.0 0.0 15 0.0
201.1 0.0 15 0.0
201.2 0.0 15 0.0
201.3 0.0 15 0.0
201.4 0.0 15 0.0
201.5 0.0 15 0.0
201.6 0.0 15 0.0
201.7 0.0 15 0.0
201.8 0.0 15 0.0
201.9 0.0 15 0.0
202.0 0.0 15 0.0
202.1 0.0 15 0.0
202.2 0.0 15 0.0
202.3 0.0 15 0.0
202.4 0.0 15 0.0
202.5 0.0 15 0.0
202.6 0.0 15 0.0
202.7 0.0 15 0.0
202.8 0.0 15 0.0
202.9 0.0 15 0.0
203.0 0.0 15 0.0
203.1 0.0 15 0.0
203.2 0.0 15 0.0
203.3 0.0 15 0.0
203.4 0.0 15 0.0
203.5 0.0 15 0.0
203.6 0.0 15 0.0
203.7 0.0 15 0.0
203.8 0.0 15 0.0
203.9 0.0 15 0.0
204.0 0.0 15 0.0
204.1 0.0 15 0.0
204.2 0.0 15 0.0
204.3 0.0 15 0.0
204.4 0.0 15 0.0
204.5 0.0 15 0.0
204.6 0.0 15 0.0
204.7 0.0 15 0.0
204.8 0.0 15 0.0
204.9 0.0 15 0.0
205.0 0.0 15 0.0
205.1 0.0 15 0.0
205.2 0.0 15 0.0
205.3 0.0 15 0.0
205.4 0.0 15 0.0
205.5 0.0 15 0.0
205.6 0.0 15 0.0
205.7 0.0 15 0.0
205.8 0.0 15 0.0
205.9 0.0 15 0.0
206.0 0.0 15 0.0
206.1 0.0 15 0.0
206.2 0.0 15 0.0
206.3 0.0 15 0.0
206.4 0.0 15 0.0
206.5 0.0 15 0.0
206.6 0.0 15 0.0
206.7 0.0 15 0.0
206.8 0.0 15 0.0
206.9 0.0 15 0.0
207.0 0.0 15 0.0
207.1 0.0 15 0.0
207.2 0.0 15 0.0
207.3 0.0 15 0.0
207.4 0.0 15 0.0
207.5 0.0 15 0.0
207.6 0.0 15 0.0
207.7 0.0 15 0.0
207.8 0.0 15 0.0
207.9 0.0 15 0.0
208.0 0.0 15 0.0
208.1 0.0 15 0.0
208.2 0.0 15 0.0
208.3 0.0 15 0.0
208.4 0.0 15 0.0
208.5 0.0 15 0.0
208.6 0.0 15 0.0
208.7 0.0 15 0.0
208.8 0.0 15 0.0
208.9 0.0 15 0.0
209.0 0.0 15 0.0
209.1 0.0 15 0.0
209.2 0.0 15 0.0
209.3 0.0 15 0.0
209.4 0.0 15 0.0
209.5 0.0 15 0.0
209.6 0.0 15 0.0
209.7 0.0 15 0.0
209.8 0.0 15 0.0
209.9 0.0 15 0.0
210.0 0.0 15 0.0
210.1 0.0 15 0.0
210.2 0.0 15 0.0
210.3 0.0 15 0.0
210.4 0.0 15 0.0
210.5 0.0 15 0.0
210.6 0.0 15 0.0
210.7 0.0 15 0.0
210.8 0.0 15 0.0
210.9 0.0 15 0.0
211.0 0.0 15 0.0
211.1 0.0 15 0.0
211.2 0.0 15 0.0
211.3 0.0 15 0.0
211.4 0.0 15 0.0
211.5 0.0 15 0.0
211.6 0.0 15 0.0
211.7 0.0 15 0.0
211.8 0.0 15 0.0
211.9 0.0 15 0.0
212.0 0.0 15 0.0
212.1 0.0 15 0.0
212.2 0.0 15 0.0
212.3 0.0 15 0.0
212.4 0.0 15 0.0
212.5 0.0 15 0.0
212.6 0.0 15 0.0
212.7 0.0 15 0.0
212.8 0.0 15 0.0
212.9 0.0 15 0.0
213.0 0.0 15 0.0
213.1 0.0 15 0.0
213.2 0.0 15 0.0
213.3 0.0 15 0.0
213.4 0.0 15 0.0
213.5 0.0 15 0.0
213.6 0.0 15 0.0
213.7 0.0 15 0.0
213.8 0.0 15 0.0
213.9 0.0 15 0.0
214.0 0.0 15 0.0
214.1 0.0 15 0.0
214.2 0.0 15 0.0
214.3 0.0 15 0.0
214.4 0.0 15 0.0
214.5 0.0 15 0.0
214.6 0.0 15 0.0
214.7 0.0 15 0.0
214.8 0.0 15 0.0
214.9 0.0 15 0.0
215.0 0.0 15 0.0
215.1 0.0 15 0.0
215.2 0.0 15 0.0
215.3 0.0 15 0.0
215.4 0.0 15 0.0
215.5 0.0 15 0.0
215.6 0.0 15 0.0
215.7 0.0 15 0.0
215.8 0.0 15 0.0
215.9 0.0 15 0.0
216.0 0.0 15 0.0
216.1 0.0 15 0.0
216.2 0.0 15 0.0
216.3 0.0 15 0.0
216.4 0.0 15 0.0
216.5 0.0 15 0.0
216.6 0.0 15 0.0
216.7 0.0 15 0.0
216.8 0.0 15 0.0
216.9 0.0 15 0.0
217.0 0.0 15 0.0
217.1 0.0 15 0.0
217.2 0.0 15 0.0
217.3 0.0 15 0.0
217.4 0.0 15 0.0
217.5 0.0 15 0.0
217.6 0.0 15 0.0
217.7 0.0 15 0.0
217.8 0.0 15 0.0
217.9 0.0 15 0.0
218.0 0.0 15 0.0
218.1 0.0 15 0.0
218.2 0.0 15 0.0
218.3 0.0 15 0.0
218.4 0.0 15 0.0
218.5 0.0 15 0.0
218.6 0.0 15 0.0
218.7 0.0 15 0.0
218.8 0.0 15 0.0
218.9 0.0 15 0.0
219.0 0.0 15 0.0
219.1 0.0 15 0.0
219.2 0.0 15 0.0
219.3 0.0 15 0.0
219.4 0.0 15 0.0
219.5 0.0 15 0.0
219.6 0.0 15 0.0
219.7 0.0 15 0.0
219.8 0.0 15 0.0
219.9 0.0 15 0.0
220.0 0.0 15 0.0
220.1 0.0 15 0.0
220.2 0.0 15 0.0
220.3 0.0 15 0.0
220.4 0.0 15 0.0
220.5 0.0 15 0.0
220.6 0.0 15 0.0
220.7 0.0 15 0.0
220.8 0.0 15 0.0
220.9 0.0 15 0.0
221.0 0.0 15 0.0
221.1 0.0 15 0.0
221.2 0.0 15 0.0
221.3 0.0 15 0.0
221.4 0.0 15 0.0
221.5 0.0 15 0.0
221.6 0.0 15 0.0
221.7 0.0 15 0.0
221.8 0.0 15 0.0
221.9 0.0 15 0.0
222.0 0.0 15 0.0
222.1 0.0 15 0.0
222.2 0.0 15 0.0
222.3 0.0 15 0.0
222.4 0.0 15 0.0
222.5 0.0 15 0.0
222.6 0.0 15 0.0
222.7 0.0 15 0.0
222.8 0.0 15 0.0
222.9 0.0 15 0.0
223.0 0.0 15 0.0
223.1 0.0 15 0.0
223.2 0.0 15 0.0
223.3 0.0 15 0.0
223.4 0.0 15 0.0
223.5 0.0 15 0.0
223.6 0.0 15 0.0
223.7 0.0 15 0.0
223.8 0.0 15 0.0
223.9 0.0 15 0.0
224.0 0.0 15 0.0
224.1 0.0 15 0.0
224.2 0.0 15 0.0
224.3 0.0 15 0.0
224.4 0.0 15 0.0
224.5 0.0 15 0.0
224.6 0.0 15 0.0
224.7 0.0 15 0.0
224.8 0.0 15 0.0
224.9 0.0 15 0.0
225.0 0.0 15 0.0
225.1 0.0 15 0.0
225.2 0.0 15 0.0
225.3 0.0 15 0.0
225.4 0.0 15 0.0
225.5 0.0 15 0.0
225.6 0.0 15 0.0
225.7 0.0 15 0.0
225.8 0.0 15 0.0
225.9 0.0 15 0.0
226.0 0.0 15 0.0
226.1 0.0 15 0.0
226.2 0.0 15 0.0
226.3 0.0 15 0.0
226.4 0.0 15 0.0
226.5 0.0 15 0.0
226.6 0.0 15 0.0
226.7 0.0 15 0.0
226.8 0.0 15 0.0
226.9 0.0 15 0.0
227.0 0.0 15 0.0
227.1 0.0 15 0.0
227.2 0.0 15 0.0
227.3 0.0 15 0.0
227.4 0.0 15 0.0
227.5 0.0 15 0.0
227.6 0.0 15 0.0
227.7 0.0 15 0.0
227.8 0.0 15 0.0
227.9 0.0 15 0.0
228.0 0.0 15 0.0
228.1 0.0 15 0.0
228.2 0.0 15 0.0
228.3 0.0 15 0.0
228.4 0.0 15 0.0
228.5 0.0 15 0.0
228.6 0.0 15 0.0
228.7 0.0 15 0.0
228.8 0.0 15 0.0
228.9 0.0 15 0.0
229.0 0.0 15 0.0
229.1 0.0 15 0.0
229.2 0.0 15 0.0
229.3 0.0 15 0.0
229.4 0.0 15 0.0
229.5 0.0 15 0.0
229.6 0.0 15 0.0
229.7 0.0 15 0.0
229.8 0.0 15 0.0
229.9 0.0 15 0.0
230.0 0.0 15 0.0
230.1 0.0 15 0.0
230.2 0.0 15 0.0
230.3 0.0 15 0.0
230.4 0.0 15 0.0
230.5 0.0 15 0.0
230.6 0.0 15 0.0
230.7 0.0 15 0.0
230.8 0.0 15 0.0
230.9 0.0 15 0.0
231.0 0.0 15 0.0
231.1 0.0 15 0.0
231.2 0.0 15 0.0
231.3 0.0 15 0.0
231.4 0.0 15 0.0
231.5 0.0 15 0.0
231.6 0.0 15 0.0
231.7 0.0 15 0.0
231.8 0.0 15 0.0
231.9 0.0 15 0.0
232.0 0.0 15 0.0
232.1 0.0 15 0.0
232.2 0.0 15 0.0
232.3 0.0 15 0.0
232.4 0.0 15 0.0
232.5 0.0 15 0.0
232.6 0.0 15 0.0
232.7 0.0 15 0.0
232.8 0.0 15 0.0
232.9 0.0 15 0.0
233.0 0.0 15 0.0
233.1 0.0 15 0.0
233.2 0.0 15 0.0
233.3 0.0 15 0.0
233.4 0.0 15 0.0
233.5 0.0 15 0.0
233.6 0.0 15 0.0
233.7 0.0 15 0.0
233.8 0.0 15 0.0
233.9 0.0 15 0.0
234.0 0.0 15 0.0
234.1 0.0 15 0.0
234.2 0.0 15 0.0
234.3 0.0 15 0.0
234.4 0.0 15 0.0
234.5 0.0 15 0.0
234.6 0.0 15 0.0
234.7 0.0 15 0.0
234.8 0.0 15 0.0
234.9 0.0 15 0.0
235.0 0.0 15 0.0
235.0 0.0 15 0.0
235.2 0.0 15 0.0
235.2 0.0 15 0.0
235.4 0.0 15 0.0
235.4 0.0 15 0.0
235.5 0.0 15 0.0
235.6 0.0 15 0.0
235.7 0.0 15 0.0
235.8 0.0 15 0.0
235.9 0.0 15 0.0
236.0 0.0 15 0.0
236.1 0.0 15 0.0
236.2 0.0 15 0.0
236.3 0.0 15 0.0
236.4 0.0 15 0.0
236.5 0.0 15 0.0
236.6 0.0 15 0.0
236.7 0.0 15 0.0
236.8 0.0 15 0.0
236.9 0.0 15 0.0
237.0 0.0 15 0.0
237.1 0.0 15 0.0
237.2 0.0 15 0.0
237.3 0.0 15 0.0
237.4 0.0 15 0.0
237.5 0.0 15 0.0
237.6 0.0 15 0.0
237.7 0.0 15 0.0
237.8 0.0 15 0.0
237.9 0.0 15 0.0
238.0 0.0 15 0.0
238.1 0.0 15 0.0
238.2 0.0 15 0.0
238.3 0.0 15 0.0
238.4 0.0 15 0.0
238.5 0.0 15 0.0
238.6 0.0 15 0.0
238.7 0.0 15 0.0
238.8 0.0 15 0.0
238.9 0.0 15 0.0
239.0 0.0 15 0.0
239.1 0.0 15 0.0
239.2 0.0 15 0.0
239.3 0.0 15 0.0
239.4 0.0 15 0.0
239.5 0.0 15 0.0
239.6 0.0 15 0.0
239.7 0.0 15 0.0
239.8 0.0 15 0.0
239.9 0.0 15 0.0
240.0 0.0 15 0.0
240.1 0.0 15 0.0
240.2 0.0 15 0.0
240.3 0.0 15 0.0
240.4 0.0 15 0.0
240.5 0.0 15 0.0
240.6 0.0 15 0.0
240.7 0.0 15 0.0
240.8 0.0 15 0.0
240.9 0.0 15 0.0
241.0 0.0 15 0.0
241.1 0.0 15 0.0
241.2 0.0 15 0.0
241.3 0.0 15 0.0
241.4 0.0 15 0.0
241.5 0.0 15 0.0
241.6 0.0 15 0.0
241.7 0.0 15 0.0
241.8 0.0 15 0.0
241.9 0.0 15 0.0
242.0 0.0 15 0.0
242.1 0.0 15 0.0
242.2 0.0 15 0.0
242.3 0.0 15 0.0
242.4 0.0 15 0.0
242.5 0.0 15 0.0
242.6 0.0 15 0.0
242.7 0.0 15 0.0
242.8 0.0 15 0.0
242.9 0.0 15 0.0
243.0 0.0 15 0.0
243.1 0.0 15 0.0
243.2 0.0 15 0.0
243.3 0.0 15 0.0
243.4 0.0 15 0.0
243.5 0.0 15 0.0
243.6 0.0 15 0.0
243.7 0.0 15 0.0
243.8 0.0 15 0.0
243.9 0.0 15 0.0
244.0 0.0 15 0.0
244.1 0.0 15 0.0
244.2 0.0 15 0.0
244.3 0.0 15 0.0
244.4 0.0 15 0.0
244.5 0.0 15 0.0
244.6 0.0 15 0.0
244.7 0.0 15 0.0
244.8 0.0 15 0.0
244.9 0.0 15 0.0
245.0 0.0 15 0.0
245.1 0.0 15 0.0
245.2 0.0 15 0.0
245.3 0.0 15 0.0
245.4 0.0 15 0.0
245.5 0.0 15 0.0
245.6 0.0 15 0.0
245.7 0.0 15 0.0
245.8 0.0 15 0.0
245.9 0.0 15 0.0
246.0 0.0 15 0.0
246.1 0.0 15 0.0
246.2 0.0 15 0.0
246.3 0.0 15 0.0
246.4 0.0 15 0.0
246.5 0.0 15 0.0
246.6 0.0 15 0.0
246.7 0.0 15 0.0
246.8 0.0 15 0.0
246.9 0.0 15 0.0
247.0 0.0 15 0.0
247.1 0.0 15 0.0
247.2 0.0 15 0.0
247.3 0.0 15 0.0
247.4 0.0 15 0.0
247.5 0.0 15 0.0
247.6 0.0 15 0.0
247.7 0.0 15 0.0
247.8 0.0 15 0.0
247.9 0.0 15 0.0
248.0 0.0 15 0.0
248.1 0.0 15 0.0
248.2 0.0 15 0.0
248.3 0.0 15 0.0
248.4 0.0 15 0.0
248.5 0.0 15 0.0
248.6 0.0 15 0.0
248.7 0.0 15 0.0
248.8 0.0 15 0.0
248.9 0.0 15 0.0
249.0 0.0 15 0.0
249.1 0.0 15 0.0
249.2 0.0 15 0.0
249.3 0.0 15 0.0
249.4 0.0 15 0.0
249.5 0.0 15 0.0
249.6 0.0 15 0.0
249.7 0.0 15 0.0
249.8 0.0 15 0.0
249.9 0.0 15 0.0
250.0 0.0 15 0.0
250.1 0.0 15 0.0
250.2 0.0 15 0.0
250.3 0.0 15 0.0
250.4 0.0 15 0.0
250.5 0.0 15 0.0
250.6 0.0 15 0.0
250.7 0.0 15 0.0
250.8 0.0 15 0.0
250.9 0.0 15 0.0
251.0 0.0 15 0.0
251.1 0.0 15 0.0
251.2 0.0 15 0.0
251.3 0.0 15 0.0
251.4 0.0 15 0.0
251.5 0.0 15 0.0
251.6 0.0 15 0.0
251.7 0.0 15 0.0
251.8 0.0 15 0.0
251.9 0.0 15 0.0
252.0 0.0 15 0.0
252.1 0.0 15 0.0
252.2 0.0 15 0.0
252.3 0.0 15 0.0
252.4 0.0 15 0.0
252.5 0.0 15 0.0
252.6 0.0 15 0.0
252.7 0.0 15 0.0
252.8 0.0 15 0.0
252.9 0.0 15 0.0
253.0 0.0 15 0.0
253.1 0.0 15 0.0
253.2 0.0 15 0.0
253.3 0.0 15 0.0
253.4 0.0 15 0.0
253.5 0.0 15 0.0
253.6 0.0 15 0.0
253.7 0.0 15 0.0
253.8 0.0 15 0.0
253.9 0.0 15 0.0
254.0 0.0 15 0.0
254.1 0.0 15 0.0
254.2 0.0 15 0.0
254.3 0.0 15 0.0
254.4 0.0 15 0.0
254.5 0.0 15 0.0
254.6 0.0 15 0.0
254.7 0.0 15 0.0
254.8 0.0 15 0.0
254.9 0.0 15 0.0
255.0 0.0 15 0.0
255.1 0.0 15 0.0
255.2 0.0 15 0.0
255.3 0.0 15 0.0
255.4 0.0 15 0.0
255.5 0.0 15 0.0
255.6 0.0 15 0.0
255.7 0.0 15 0.0
255.8 0.0 15 0.0
255.9 0.0 15 0.0
256.0 0.0 15 0.0
256.1 0.0 15 0.0
256.2 0.0 15 0.0
256.3 0.0 15 0.0
256.4 0.0 15 0.0
256.5 0.0 15 0.0
256.6 0.0 15 0.0
256.7 0.0 15 0.0
256.8 0.0 15 0.0
256.9 0.0 15 0.0
257.0 0.0 15 0.0
257.1 0.0 15 0.0
257.2 0.0 15 0.0
257.3 0.0 15 0.0
257.4 0.0 15 0.0
257.5 0.0 15 0.0
257.6 0.0 15 0.0
257.7 0.0 15 0.0
257.8 0.0 15 0.0
257.9 0.0 15 0.0
258.0 0.0 15 0.0
258.1 0.0 15 0.0
258.2 0.0 15 0.0
258.3 0.0 15 0.0
258.4 0.0 15 0.0
258.5 0.0 15 0.0
258.6 0.0 15 0.0
258.7 0.0 15 0.0
258.8 0.0 15 0.0
258.9 0.0 15 0.0
259.0 0.0 15 0.0
259.1 0.0 15 0.0
259.2 0.0 15 0.0
259.3 0.0 15 0.0
259.4 0.0 15 0.0
259.5 0.0 15 0.0
259.6 0.0 15 0.0
259.7 0.0 15 0.0
259.8 0.0 15 0.0
259.9 0.0 15 0.0
260.0 0.0 15 0.0
260.1 0.0 15 0.0
260.2 0.0 15 0.0
260.3 0.0 15 0.0
260.4 0.0 15 0.0
260.5 0.0 15 0.0
260.6 0.0 15 0.0
260.7 0.0 15 0.0
260.8 0.0 15 0.0
260.9 0.0 15 0.0
261.0 0.0 15 0.0
261.1 0.0 15 0.0
261.2 0.0 15 0.0
261.3 0.0 15 0.0
261.4 0.0 15 0.0
261.5 0.0 15 0.0
261.6 0.0 15 0.0
261.7 0.0 15 0.0
261.8 0.0 15 0.0
261.9 0.0 15 0.0
262.0 0.0 15 0.0
262.1 0.0 15 0.0
262.2 0.0 15 0.0
262.3 0.0 15 0.0
262.4 0.0 15 0.0
262.5 0.0 15 0.0
262.6 0.0 15 0.0
262.7 0.0 15 0.0
262.8 0.0 15 0.0
262.9 0.0 15 0.0
263.0 0.0 15 0.0
263.1 0.0 15 0.0
263.2 0.0 15 0.0
263.3 0.0 15 0.0
263.4 0.0 15 0.0
263.5 0.0 15 0.0
263.6 0.0 15 0.0
263.7 0.0 15 0.0
263.8 0.0 15 0.0
263.9 0.0 15 0.0
264.0 0.0 15 0.0
264.1 0.0 15 0.0
264.2 0.0 15 0.0
264.3 0.0 15 0.0
264.4 0.0 15 0.0
264.5 0.0 15 0.0
264.6 0.0 15 0.0
264.7 0.0 15 0.0
264.8 0.0 15 0.0
264.9 0.0 15 0.0
265.0 0.0 15 0.0
265.1 0.0 15 0.0
265.2 0.0 15 0.0
265.3 0.0 15 0.0
265.4 0.0 15 0.0
265.5 0.0 15 0.0
265.6 0.0 15 0.0
265.7 0.0 15 0.0
265.8 0.0 15 0.0
265.9 0.0 15 0.0
266.0 0.0 15 0.0
266.1 0.0 15 0.0
266.2 0.0 15 0.0
266.3 0.0 15 0.0
266.4 0.0 15 0.0
266.5 0.0 15 0.0
266.6 0.0 15 0.0
266.7 0.0 15 0.0
266.8 0.0 15 0.0
266.9 0.0 15 0.0
267.0 0.0 15 0.0
267.1 0.0 15 0.0
267.2 0.0 15 0.0
267.3 0.0 15 0.0
267.4 0.0 15 0.0
267.5 0.0 15 0.0
267.6 0.0 15 0.0
267.7 0.0 15 0.0
267.8 0.0 15 0.0
267.9 0.0 15 0.0
268.0 0.0 15 0.0
268.1 0.0 15 0.0
268.2 0.0 15 0.0
268.3 0.0 15 0.0
268.4 0.0 15 0.0
268.5 0.0 15 0.0
268.6 0.0 15 0.0
268.7 0.0 15 0.0
268.8 0.0 15 0.0
268.9 0.0 15 0.0
269.0 0.0 15 0.0
269.1 0.0 15 0.0
269.2 0.0 15 0.0
269.3 0.0 15 0.0
269.4 0.0 15 0.0
269.5 0.0 15 0.0
269.6 0.0 15 0.0
269.7 0.0 15 0.0
269.8 0.0 15 0.0
269.9 0.0 15 0.0
270.0 0.0 15 0.0
270.1 0.0 15 0.0
270.2 0.0 15 0.0
270.3 0.0 15 0.0
270.4 0.0 15 0.0
270.5 0.0 15 0.0
270.6 0.0 15 0.0
270.7 0.0 15 0.0
270.8 0.0 15 0.0
270.9 0.0 15 0.0
271.0 0.0 15 0.0
271.1 0.0 15 0.0
271.2 0.0 15 0.0
271.3 0.0 15 0.0
271.4 0.0 15 0.0
271.5 0.0 15 0.0
271.6 0.0 15 0.0
271.7 0.0 15 0.0
271.8 0.0 15 0.0
271.9 0.0 15 0.0
272.0 0.0 15 0.0
272.1 0.0 15 0.0
272.2 0.0 15 0.0
272.3 0.0 15 0.0
272.4 0.0 15 0.0
272.5 0.0 15 0.0
272.6 0.0 15 0.0
272.7 0.0 15 0.0
272.8 0.0 15 0.0
272.9 0.0 15 0.0
273.0 0.0 15 0.0
273.1 0.0 15 0.0
273.2 0.0 15 0.0
273.3 0.0 15 0.0
273.4 0.0 15 0.0
273.5 0.0 15 0.0
273.6 0.0 15 0.0
273.7 0.0 15 0.0
273.8 0.0 15 0.0
273.9 0.0 15 0.0
274.0 0.0 15 0.0
274.1 0.0 15 0.0
274.2 0.0 15 0.0
274.3 0.0 15 0.0
274.4 0.0 15 0.0
274.5 0.0 15 0.0
274.6 0.0 15 0.0
274.7 0.0 15 0.0
274.8 0.0 15 0.0
274.9 0.0 15 0.0
275.0 0.0 15 0.0
275.1 0.0 15 0.0
275.2 0.0 15 0.0
275.3 0.0 15 0.0
275.4 0.0 15 0.0
275.5 0.0 15 0.0
275.6 0.0 15 0.0
275.7 0.0 15 0.0
275.8 0.0 15 0.0
275.9 0.0 15 0.0
276.0 0.0 15 0.0
276.1 0.0 15 0.0
276.2 0.0 15 0.0
276.3 0.0 15 0.0
276.4 0.0 15 0.0
276.5 0.0 15 0.0
276.6 0.0 15 0.0
276.7 0.0 15 0.0
276.8 0.0 15 0.0
276.9 0.0 15 0.0
277.0 0.0 15 0.0
277.1 0.0 15 0.0
277.2 0.0 15 0.0
277.3 0.0 15 0.0
277.4 0.0 15 0.0
277.5 0.0 15 0.0
277.6 0.0 15 0.0
277.7 0.0 15 0.0
277.8 0.0 15 0.0
277.9 0.0 15 0.0
278.0 0.0 15 0.0
278.1 0.0 15 0.0
278.2 0.0 15 0.0
278.3 0.0 15 0.0
278.4 0.0 15 0.0
278.5 0.0 15 0.0
278.6 0.0 15 0.0
278.7 0.0 15 0.0
278.8 0.0 15 0.0
278.9 0.0 15 0.0
279.0 0.0 15 0.0
279.1 0.0 15 0.0
279.2 0.0 15 0.0
279.3 0.0 15 0.0
279.4 0.0 15 0.0
279.5 0.0 15 0.0
279.6 0.0 15 0.0
279.7 0.0 15 0.0
279.8 0.0 15 0.0
279.9 0.0 15 0.0
280.0 0.0 15 0.0
280.1 0.0 15 0.0
280.2 0.0 15 0.0
280.3 0.0 15 0.0
280.4 0.0 15 0.0
280.5 0.0 15 0.0
280.6 0.0 15 0.0
280.7 0.0 15 0.0
280.8 0.0 15 0.0
280.9 0.0 15 0.0
281.0 0.0 15 0.0
281.1 0.0 15 0.0
281.2 0.0 15 0.0
281.3 0.0 15 0.0
281.4 0.0 15 0.0
281.5 0.0 15 0.0
281.6 0.0 15 0.0
281.7 0.0 15 0.0
281.8 0.0 15 0.0
281.9 0.0 15 0.0
282.0 0.0 15 0.0
282.1 0.0 15 0.0
282.2 0.0 15 0.0
282.3 0.0 15 0.0
282.4 0.0 15 0.0
282.5 0.0 15 0.0
282.6 0.0 15 0.0
282.7 0.0 15 0.0
282.8 0.0 15 0.0
282.9 0.0 15 0.0
283.0 0.0 15 0.0
283.1 0.0 15 0.0
283.2 0.0 15 0.0
283.3 0.0 15 0.0
283.4 0.0 15 0.0
283.5 0.0 15 0.0
283.6 0.0 15 0.0
283.7 0.0 15 0.0
283.8 0.0 15 0.0
283.9 0.0 15 0.0
284.0 0.0 15 0.0
284.1 0.0 15 0.0
284.2 0.0 15 0.0
284.3 0.0 15 0.0
284.4 0.0 15 0.0
284.5 0.0 15 0.0
284.6 0.0 15 0.0
284.7 0.0 15 0.0
284.8 0.0 15 0.0
284.9 0.0 15 0.0
285.0 0.0 15 0.0
285.1 0.0 15 0.0
285.2 0.0 15 0.0
285.3 0.0 15 0.0
285.4 0.0 15 0.0
285.5 0.0 15 0.0
285.6 0.0 15 0.0
285.7 0.0 15 0.0
285.8 0.0 15 0.0
285.9 0.0 15 0.0
286.0 0.0 15 0.0
286.1 0.0 15 0.0
286.2 0.0 15 0.0
286.3 0.0 15 0.0
286.4 0.0 15 0.0
286.5 0.0 15 0.0
286.6 0.0 15 0.0
286.7 0.0 15 0.0
286.8 0.0 15 0.0
286.9 0.0 15 0.0
287.0 0.0 15 0.0
287.1 0.0 15 0.0
287.2 0.0 15 0.0
287.3 0.0 15 0.0
287.4 0.0 15 0.0
287.5 0.0 15 0.0
287.6 0.0 15 0.0
287.7 0.0 15 0.0
287.8 0.0 15 0.0
287.9 0.0 15 0.0
288.0 0.0 15 0.0
288.1 0.0 15 0.0
288.2 0.0 15 0.0
288.3 0.0 15 0.0
288.4 0.0 15 0.0
288.5 0.0 15 0.0
288.6 0.0 15 0.0
288.7 0.0 15 0.0
288.8 0.0 15 0.0
288.9 0.0 15 0.0
289.0 0.0 15 0.0
289.1 0.0 15 0.0
289.2 0.0 15 0.0
289.3 0.0 15 0.0
289.4 0.0 15 0.0
289.5 0.0 15 0.0
289.6 0.0 15 0.0
289.7 0.0 15 0.0
289.8 0.0 15 0.0
289.9 0.0 15 0.0
290.0 0.0 15 0.0
290.1 0.0 15 0.0
290.2 0.0 15 0.0
290.3 0.0 15 0.0
290.4 0.0 15 0.0
290.5 0.0 15 0.0
290.6 0.0 15 0.0
290.7 0.0 15 0.0
290.8 0.0 15 0.0
290.9 0.0 15 0.0
291.0 0.0 15 0.0
291.1 0.0 15 0.0
291.2 0.0 15 0.0
291.3 0.0 15 0.0
291.4 0.0 15 0.0
291.5 0.0 15 0.0
291.6 0.0 15 0.0
291.7 0.0 15 0.0
291.8 0.0 15 0.0
291.9 0.0 15 0.0
292.0 0.0 15 0.0
292.1 0.0 15 0.0
292.2 0.0 15 0.0
292.3 0.0 15 0.0
292.4 0.0 15 0.0
292.5 0.0 15 0.0
292.6 0.0 15 0.0
292.7 0.0 15 0.0
292.8 0.0 15 0.0
292.9 0.0 15 0.0
293.0 0.0 15 0.0
293.1 0.0 15 0.0
293.2 0.0 15 0.0
293.3 0.0 15 0.0
293.4 0.0 15 0.0
293.5 0.0 15 0.0
293.6 0.0 15 0.0
293.7 0.0 15 0.0
293.8 0.0 15 0.0
293.9 0.0 15 0.0
294.0 0.0 15 0.0
294.1 0.0 15 0.0
294.2 0.0 15 0.0
294.3 0.0 15 0.0
294.4 0.0 15 0.0
294.5 0.0 15 0.0
294.6 0.0 15 0.0
294.7 0.0 15 0.0
294.8 0.0 15 0.0
294.9 0.0 15 0.0
295.0 0.0 15 0.0
295.1 0.0 15 0.0
295.2 0.0 15 0.0
295.3 0.0 15 0.0
295.4 0.0 15 0.0
295.5 0.0 15 0.0
295.6 0.0 15 0.0
295.7 0.0 15 0.0
295.8 0.0 15 0.0
295.9 0.0 15 0.0
296.0 0.0 15 0.0
296.1 0.0 15 0.0
296.2 0.0 15 0.0
296.3 0.0 15 0.0
296.4 0.0 15 0.0
296.5 0.0 15 0.0
296.6 0.0 15 0.0
296.7 0.0 15 0.0
296.8 0.0 15 0.0
296.9 0.0 15 0.0
297.0 263.2604 14 1.0
297.1 263.343 14 1.0
297.2 263.4257 14 1.0
297.3 263.5083 14 1.0
297.4 263.5909 14 1.0
297.5 263.6735 14 1.0
297.6 263.7561 14 1.0
297.7 263.8387 14 1.0
297.8 263.9213 14 1.0
297.9 264.0039 14 1.0
298.0 264.0865 14 1.0
298.1 264.1691 14 1.0
298.2 264.2518 14 1.0
298.3 264.3344 14 1.0
298.4 264.417 14 1.0
298.5 264.4996 14 1.0
298.6 264.5822 14 1.0
298.7 264.6648 14 1.0
298.8 264.7474 14 1.0
298.9 264.83 14 1.0
299.0 264.9126 14 1.0
299.1 264.9952 14 1.0
299.2 265.0778 14 1.0
299.3 265.1605 14 1.0
299.4 265.2431 14 1.0
299.5 265.3257 14 1.0
299.6 265.4083 14 1.0
299.7 265.4909 14 1.0
299.8 265.5735 14 1.0
299.9 265.6561 14 1.0
300.0 265.7363 14 1.0
300.1 265.8165 14 1.0
300.2 265.8967 14 1.0
300.3 265.9769 14 1.0
300.4 266.0571 14 1.0
300.5 266.1373 14 1.0
300.6 266.2175 14 1.0
300.7 266.2977 14 1.0
300.8 266.3779 14 1.0
300.9 266.4581 14 1.0
301.0 266.5383 14 1.0
301.1 266.6185 14 1.0
301.2 266.6987 14 1.0
301.3 266.7789 14 1.0
301.4 266.8591 14 1.0
301.5 266.9393 14 1.0
301.6 267.0195 14 1.0
301.7 267.0997 14 1.0
301.8 267.1798 14 1.0
301.9 267.26 14 1.0
302.0 267.3402 14 1.0
302.1 267.4204 14 1.0
302.2 267.5006 14 1.0
302.3 267.5808 14 1.0
302.4 267.661 14 1.0
302.5 267.7412 14 1.0
302.6 267.8214 14 1.0
302.7 267.9016 14 1.0
302.8 267.9818 14 1.0
302.9 268.062 14 1.0
303.0 268.1422 14 1.0
303.1 268.2224 14 1.0
303.2 268.3026 14 1.0
303.3 268.3828 14 1.0
303.4 268.463 14 1.0
303.5 268.5432 14 1.0
303.6 268.6234 14 1.0
303.7 268.7036 14 1.0
303.8 268.7838 14 1.0
303.9 268.864 14 1.0
304.0 268.9442 14 1.0
304.1 269.0244 14 1.0
304.2 269.1046 14 1.0
304.3 269.1848 14 1.0
304.4 269.265 14 1.0
304.5 269.3451 14 1.0
304.6 269.4253 14 1.0
304.7 269.5055 14 1.0
304.8 269.5857 14 1.0
304.9 269.6659 14 1.0
305.0 269.7461 14 1.0
305.1 269.8263 14 1.0
305.2 269.9065 14 1.0
305.3 269.9867 14 1.0
305.4 270.0669 14 1.0
305.5 270.1471 14 1.0
305.6 270.2273 14 1.0
305.7 270.3075 14 1.0
305.8 270.3877 14 1.0
305.9 270.4679 14 1.0
306.0 270.5481 14 1.0
306.1 270.6283 14 1.0
306.2 270.7085 14 1.0
306.3 270.7887 14 1.0
306.4 270.8689 14 1.0
306.5 270.9491 14 1.0
306.6 271.0293 14 1.0
306.7 271.1095 14 1.0
306.8 271.1897 14 1.0
306.9 271.2699 14 1.0
307.0 271.3501 14 1.0
307.1 271.4303 14 1.0
307.2 271.5104 14 1.0
307.3 271.5906 14 1.0
307.4 271.6708 14 1.0
307.5 271.751 14 1.0
307.6 271.8312 14 1.0
307.7 271.9114 14 1.0
307.8 271.9916 14 1.0
307.9 272.0718 14 1.0
308.0 272.152 14 1.0
308.1 272.2322 14 1.0
308.2 272.3124 14 1.0
308.3 272.3926 14 1.0
308.4 272.4728 14 1.0
308.5 272.553 14 1.0
308.6 272.6332 14 1.0
308.7 272.7134 14 1.0
308.8 272.7936 14 1.0
308.9 272.8738 14 1.0
309.0 272.954 14 1.0
309.1 273.0342 14 1.0
309.2 273.1144 14 1.0
309.3 273.1946 14 1.0
309.4 273.2748 14 1.0
309.5 273.355 14 1.0
309.6 273.4352 14 1.0
309.7 273.5154 14 1.0
309.8 273.5956 14 1.0
309.9 273.6757 14 1.0
310.0 273.7559 14 1.0
310.1 273.8361 14 1.0
310.2 273.9163 14 1.0
310.3 273.9965 14 1.0
310.4 274.0767 14 1.0
310.5 274.1569 14 1.0
310.6 274.2371 14 1.0
310.7 274.3173 14 1.0
310.8 274.3975 14 1.0
310.9 274.4777 14 1.0
311.0 274.5579 14 1.0
311.1 274.6381 14 1.0
311.2 274.7183 14 1.0
311.3 274.7985 14 1.0
311.4 274.8787 14 1.0
311.5 274.9589 14 1.0
311.6 275.0391 14 1.0
311.7 275.1193 14 1.0
311.8 275.1995 14 1.0
311.9 275.2797 14 1.0
312.0 275.3599 14 1.0
312.1 275.4401 14 1.0
312.2 275.5203 14 1.0
312.3 275.6005 14 1.0
312.4 275.6807 14 1.0
312.5 275.7609 14 1.0
312.6 275.841 14 1.0
312.7 275.9212 14 1.0
312.8 276.0014 14 1.0
312.9 276.0816 14 1.0
313.0 276.1618 14 1.0
313.1 276.242 14 1.0
313.2 276.3222 14 1.0
313.3 276.4024 14 1.0
313.4 276.4826 14 1.0
313.5 276.5628 14 1.0
313.6 276.643 14 1.0
313.7 276.7232 14 1.0
313.8 276.8034 14 1.0
313.9 276.8836 14 1.0
314.0 276.9638 14 1.0
314.1 277.044 14 1.0
314.2 277.1242 14 1.0
314.3 277.2044 14 1.0
314.4 277.2846 14 1.0
314.5 277.3648 14 1.0
314.6 277.445 14 1.0
314.7 277.5252 14 1.0
314.8 277.6054 14 1.0
314.9 277.6856 14 1.0
315.0 277.7658 14 1.0
315.1 277.846 14 1.0
315.2 277.9262 14 1.0
315.3 278.0063 14 1.0
315.4 278.0865 14 1.0
315.5 278.1667 14 1.0
315.6 278.2469 14 1.0
315.7 278.3271 14 1.0
315.8 278.4073 14 1.0
315.9 278.4875 14 1.0
316.0 278.5677 14 1.0
316.1 278.6479 14 1.0
316.2 278.7281 14 1.0
316.3 278.8083 14 1.0
316.4 278.8885 14 1.0
316.5 278.9687 14 1.0
316.6 279.0489 14 1.0
316.7 279.1291 14 1.0
316.8 279.2093 14 1.0
316.9 279.2895 14 1.0
317.0 279.3697 14 1.0
317.1 279.4499 14 1.0
317.2 279.5301 14 1.0
317.3 279.6103 14 1.0
317.4 279.6905 14 1.0
317.5 279.7707 14 1.0
317.6 279.8509 14 1.0
317.7 279.9311 14 1.0
317.8 280.0113 14 1.0
317.9 280.0914 14 1.0
318.0 280.1716 14 1.0
318.1 280.2518 14 1.0
318.2 280.332 14 1.0
318.3 280.4122 14 1.0
318.4 280.4924 14 1.0
318.5 280.5726 14 1.0
318.6 280.6528 14 1.0
318.7 280.733 14 1.0
318.8 280.8132 14 1.0
318.9 280.8934 14 1.0
319.0 280.9736 14 1.0
319.1 281.0538 14 1.0
319.2 281.134 14 1.0
319.3 281.2142 14 1.0
319.4 281.2944 14 1.0
319.5 281.3746 14 1.0
319.6 281.4548 14 1.0
319.7 281.535 14 1.0
319.8 281.6152 14 1.0
319.9 281.6954 14 1.0
320.0 281.7756 14 1.0
320.1 281.8558 14 1.0
320.2 281.936 14 1.0
320.3 282.0162 14 1.0
320.4 282.0964 14 1.0
320.5 282.1766 14 1.0
320.6 282.2567 14 1.0
320.7 282.3369 14 1.0
320.8 282.4171 14 1.0
320.9 282.4973 14 1.0
321.0 282.5775 14 1.0
321.1 282.6577 14 1.0
321.2 282.7379 14 1.0
321.3 282.8181 14 1.0
321.4 282.8983 14 1.0
321.5 282.9785 14 1.0
321.6 283.0587 14 1.0
321.7 283.1389 14 1.0
321.8 283.2191 14 1.0
321.9 283.2993 14 1.0
322.0 283.3795 14 1.0
322.1 283.4597 14 1.0
322.2 283.5399 14 1.0
322.3 283.6201 14 1.0
322.4 283.7003 14 1.0
322.5 283.7805 14 1.0
322.6 283.8607 14 1.0
322.7 283.9409 14 1.0
322.8 284.0211 14 1.0
322.9 284.1013 14 1.0
323.0 284.1815 14 1.0
323.1 284.2617 14 1.0
323.2 284.3419 14 1.0
323.3 284.422 14 1.0
323.4 284.5022 14 1.0
323.5 284.5824 14 1.0
323.6 284.6626 14 1.0
323.7 284.7428 14 1.0
323.8 284.823 14 1.0
323.9 284.9032 14 1.0
324.0 284.9834 14 1.0
324.1 285.0636 14 1.0
324.2 285.1438 14 1.0
324.3 285.224 14 1.0
324.4 285.3042 14 1.0
324.5 285.3844 14 1.0
324.6 285.4646 14 1.0
324.7 285.5448 14 1.0
324.8 285.625 14 1.0
324.9 285.7052 14 1.0
325.0 285.7854 14 1.0
325.1 285.8656 14 1.0
325.2 285.9458 14 1.0
325.3 286.026 14 1.0
325.4 286.1062 14 1.0
325.5 286.1864 14 1.0
325.6 286.2666 14 1.0
325.7 286.3468 14 1.0
325.8 286.427 14 1.0
325.9 286.5072 14 1.0
326.0 286.5873 14 1.0
326.1 286.6675 14 1.0
326.2 286.7477 14 1.0
326.3 286.8279 14 1.0
326.4 286.9081 14 1.0
326.5 286.9883 14 1.0
326.6 287.0685 14 1.0
326.7 287.1487 14 1.0
326.8 287.2289 14 1.0
326.9 287.3091 14 1.0
327.0 287.3893 14 1.0
327.1 287.4695 14 1.0
327.2 287.5497 14 1.0
327.3 287.6299 14 1.0
327.4 287.7101 14 1.0
327.5 287.7903 14 1.0
327.6 287.8705 14 1.0
327.7 287.9507 14 1.0
327.8 288.0309 14 1.0
327.9 288.1111 14 1.0
328.0 288.1913 14 1.0
328.1 288.2715 14 1.0
328.2 288.3517 14 1.0
328.3 288.4319 14 1.0
328.4 288.5121 14 1.0
328.5 288.5923 14 1.0
328.6 288.6725 14 1.0
328.7 288.7526 14 1.0
328.8 288.8328 14 1.0
328.9 288.913 14 1.0
329.0 288.9932 14 1.0
329.1 289.0734 14 1.0
329.2 289.1536 14 1.0
329.3 289.2338 14 1.0
329.4 289.314 14 1.0
329.5 289.3942 14 1.0
329.6 289.4744 14 1.0
329.7 289.5546 14 1.0
329.8 289.6348 14 1.0
329.9 289.715 14 1.0
330.0 289.7952 14 1.0
330.1 289.8754 14 1.0
330.2 289.9556 14 1.0
330.3 290.0358 14 1.0
330.4 290.116 14 1.0
330.5 290.1962 14 1.0
330.6 290.2764 14 1.0
330.7 290.3566 14 1.0
330.8 290.4368 14 1.0
330.9 290.517 14 1.0
331.0 290.5972 14 1.0
331.1 290.6774 14 1.0
331.2 290.7576 14 1.0
331.3 290.8378 14 1.0
331.4 290.9179 14 1.0
331.5 290.9981 14 1.0
331.6 291.0783 14 1.0
331.7 291.1585 14 1.0
331.8 291.2387 14 1.0
331.9 291.3189 14 1.0
332.0 291.3991 14 1.0
332.1 291.4793 14 1.0
332.2 291.5595 14 1.0
332.3 291.6397 14 1.0
332.4 291.7199 14 1.0
332.5 291.8001 14 1.0
332.6 291.8803 14 1.0
332.7 291.9605 14 1.0
332.8 292.0407 14 1.0
332.9 292.1209 14 1.0
333.0 292.2011 14 1.0
333.1 292.2813 14 1.0
333.2 292.3615 14 1.0
333.3 292.4417 14 1.0
333.4 292.5219 14 1.0
333.5 292.6021 14 1.0
333.6 292.6823 14 1.0
333.7 292.7625 14 1.0
333.8 292.8427 14 1.0
333.9 292.9229 14 1.0
334.0 293.0031 14 1.0
334.1 293.0832 14 1.0
334.2 293.1634 14 1.0
334.3 293.2436 14 1.0
334.4 293.3238 14 1.0
334.5 293.404 14 1.0
334.6 293.4842 14 1.0
334.7 293.5644 14 1.0
334.8 293.6446 14 1.0
334.9 293.7248 14 1.0
335.0 293.805 14 1.0
335.1 293.8852 14 1.0
335.2 293.9654 14 1.0
335.3 294.0456 14 1.0
335.4 294.1258 14 1.0
335.5 294.206 14 1.0
335.6 294.2862 14 1.0
335.7 294.3664 14 1.0
335.8 294.4466 14 1.0
335.9 294.5268 14 1.0
336.0 294.607 14 1.0
336.1 294.6872 14 1.0
336.2 294.7674 14 1.0
336.3 294.8476 14 1.0
336.4 294.9278 14 1.0
336.5 295.008 14 1.0
336.6 295.0882 14 1.0
336.7 295.1684 14 1.0
336.8 295.2485 14 1.0
336.9 295.3287 14 1.0
337.0 295.4089 14 1.0
337.1 295.4891 14 1.0
337.2 295.5693 14 1.0
337.3 295.6495 14 1.0
337.4 295.7297 14 1.0
337.5 295.8099 14 1.0
337.6 295.8901 14 1.0
337.7 295.9703 14 1.0
337.8 296.0505 14 1.0
337.9 296.1307 14 1.0
338.0 296.2109 14 1.0
338.1 296.2911 14 1.0
338.2 296.3713 14 1.0
338.3 296.4515 14 1.0
338.4 296.5317 14 1.0
338.5 296.6119 14 1.0
338.6 296.6921 14 1.0
338.7 296.7723 14 1.0
338.8 296.8525 14 1.0
338.9 296.9327 14 1.0
339.0 297.0129 14 1.0
339.1 297.0931 14 1.0
339.2 297.1733 14 1.0
339.3 297.2535 14 1.0
339.4 297.3337 14 1.0
339.5 297.4138 14 1.0
339.6 297.494 14 1.0
339.7 297.5742 14 1.0
339.8 297.6544 14 1.0
339.9 297.7346 14 1.0
340.0 297.8148 14 1.0
340.1 297.895 14 1.0
340.2 297.9752 14 1.0
340.3 298.0554 14 1.0
340.4 298.1356 14 1.0
340.5 298.2158 14 1.0
340.6 298.296 14 1.0
340.7 298.3762 14 1.0
340.8 298.4564 14 1.0
340.9 298.5366 14 1.0
341.0 298.6168 14 1.0
341.1 298.697 14 1.0
341.2 298.7772 14 1.0
341.3 298.8574 14 1.0
341.4 298.9376 14 1.0
341.5 299.0178 14 1.0
341.6 299.098 14 1.0
341.7 299.1782 14 1.0
341.8 299.2584 14 1.0
341.9 299.3386 14 1.0
342.0 299.4188 14 1.0
342.1 299.499 14 1.0
342.2 299.5791 14 1.0
342.3 299.6593 14 1.0
342.4 299.7395 14 1.0
342.5 299.8197 14 1.0
342.6 299.8999 14 1.0
342.7 299.9801 14 1.0
342.8 300.0603 14 1.0
342.9 300.1405 14 1.0
343.0 300.2207 14 1.0
343.1 300.3009 14 1.0
343.2 300.3811 14 1.0
343.3 300.4613 14 1.0
343.4 300.5415 14 1.0
343.5 300.6217 14 1.0
343.6 300.7019 14 1.0
343.7 300.7821 14 1.0
343.8 300.8623 14 1.0
343.9 300.9425 14 1.0
344.0 301.0227 14 1.0
344.1 301.1029 14 1.0
344.2 301.1831 14 1.0
344.3 301.2633 14 1.0
344.4 301.3435 14 1.0
344.5 301.4237 14 1.0
344.6 301.5039 14 1.0
344.7 301.5841 14 1.0
344.8 301.6643 14 1.0
344.9 301.7444 14 1.0
345.0 301.8246 14 1.0
345.1 301.9048 14 1.0
345.2 301.985 14 1.0
345.3 302.0652 14 1.0
345.4 302.1454 14 1.0
345.5 302.2256 14 1.0
345.6 302.3058 14 1.0
345.7 302.386 14 1.0
345.8 302.4662 14 1.0
345.9 302.5464 14 1.0
346.0 302.6266 14 1.0
346.1 302.7068 14 1.0
346.2 302.787 14 1.0
346.3 302.8672 14 1.0
346.4 302.9474 14 1.0
346.5 303.0276 14 1.0
346.6 303.1078 14 1.0
346.7 303.188 14 1.0
346.8 303.2682 14 1.0
346.9 303.3484 14 1.0
347.0 303.4286 14 1.0
347.1 303.5088 14 1.0
347.2 303.589 14 1.0
347.3 303.6692 14 1.0
347.4 303.7494 14 1.0
347.5 303.8296 14 1.0
347.6 303.9097 14 1.0
347.7 303.9899 14 1.0
347.8 304.0701 14 1.0
347.9 304.1503 14 1.0
348.0 304.2305 14 1.0
348.1 304.3107 14 1.0
348.2 304.3909 14 1.0
348.3 304.4711 14 1.0
348.4 304.5513 14 1.0
348.5 304.6315 14 1.0
348.6 304.7117 14 1.0
348.7 304.7919 14 1.0
348.8 304.8721 14 1.0
348.9 304.9523 14 1.0
349.0 305.0325 14 1.0
349.1 305.1127 14 1.0
349.2 305.1929 14 1.0
349.3 305.2731 14 1.0
349.4 305.3533 14 1.0
349.5 305.4335 14 1.0
349.6 305.5137 14 1.0
349.7 305.5939 14 1.0
349.8 305.6741 14 1.0
349.9 305.7543 14 1.0
350.0 305.8335 14 1.0
350.1 305.9127 14 1.0
350.2 305.9919 14 1.0
350.3 306.0711 14 1.0
350.4 306.1503 14 1.0
350.5 306.2296 14 1.0
350.6 306.3088 14 1.0
350.7 306.388 14 1.0
350.8 306.4672 14 1.0
350.9 306.5464 14 1.0
351.0 306.6256 14 1.0
351.1 306.7049 14 1.0
351.2 306.7841 14 1.0
351.3 306.8633 14 1.0
351.4 306.9425 14 1.0
351.5 307.0217 14 1.0
351.6 307.1009 14 1.0
351.7 307.1802 14 1.0
351.8 307.2594 14 1.0
351.9 307.3386 14 1.0
352.0 307.4178 14 1.0
352.1 307.497 14 1.0
352.2 307.5762 14 1.0
352.3 307.6555 14 1.0
352.4 307.7347 14 1.0
352.5 307.8139 14 1.0
352.6 307.8931 14 1.0
352.7 307.9723 14 1.0
352.8 308.0515 14 1.0
352.9 308.1308 14 1.0
353.0 308.21 14 1.0
353.1 308.2892 14 1.0
353.2 308.3684 14 1.0
353.3 308.4476 14 1.0
353.4 308.5268 14 1.0
353.5 308.6061 14 1.0
353.6 308.6853 14 1.0
353.7 308.7645 14 1.0
353.8 308.8437 14 1.0
353.9 308.9229 14 1.0
354.0 309.0021 14 1.0
354.1 309.0813 14 1.0
354.2 309.1606 14 1.0
354.3 309.2398 14 1.0
354.4 309.319 14 1.0
354.5 309.3982 14 1.0
354.6 309.4774 14 1.0
354.7 309.5566 14 1.0
354.8 309.6359 14 1.0
354.9 309.7151 14 1.0
355.0 309.7943 14 1.0
355.1 309.8735 14 1.0
355.2 309.9527 14 1.0
355.3 310.0319 14 1.0
355.4 310.1112 14 1.0
355.5 310.1904 14 1.0
355.6 310.2696 14 1.0
355.7 310.3488 14 1.0
355.8 310.428 14 1.0
355.9 310.5072 14 1.0
356.0 310.5865 14 1.0
356.1 310.6657 14 1.0
356.2 310.7449 14 1.0
356.3 310.8241 14 1.0
356.4 310.9033 14 1.0
356.5 310.9825 14 1.0
356.6 311.0618 14 1.0
356.7 311.141 14 1.0
356.8 311.2202 14 1.0
356.9 311.2994 14 1.0
357.0 311.3786 14 1.0
357.1 311.4578 14 1.0
357.2 311.5371 14 1.0
357.3 311.6163 14 1.0
357.4 311.6955 14 1.0
357.5 311.7747 14 1.0
357.6 311.8539 14 1.0
357.7 311.9331 14 1.0
357.8 312.0124 14 1.0
357.9 312.0916 14 1.0
358.0 312.1708 14 1.0
358.1 312.25 14 1.0
358.2 312.3292 14 1.0
358.3 312.4084 14 1.0
358.4 312.4876 14 1.0
358.5 312.5669 14 1.0
358.6 312.6461 14 1.0
358.7 312.7253 14 1.0
358.8 312.8045 14 1.0
358.9 312.8837 14 1.0
359.0 312.9629 14 1.0
359.1 313.0422 14 1.0
359.2 313.1214 14 1.0
359.3 313.2006 14 1.0
359.4 313.2798 14 1.0
359.5 313.359 14 1.0
359.6 313.4382 14 1.0
359.7 313.5175 14 1.0
359.8 313.5967 14 1.0
359.9 313.6759 14 1.0
360.0 313.7551 14 1.0
360.1 313.8343 14 1.0
360.2 313.9135 14 1.0
360.3 313.9928 14 1.0
360.4 314.072 14 1.0
360.5 314.1512 14 1.0
360.6 314.2304 14 1.0
360.7 314.3096 14 1.0
360.8 314.3888 14 1.0
360.9 314.4681 14 1.0
361.0 314.5473 14 1.0
361.1 314.6265 14 1.0
361.2 314.7057 14 1.0
361.3 314.7849 14 1.0
361.4 314.8641 14 1.0
361.5 314.9434 14 1.0
361.6 315.0226 14 1.0
361.7 315.1018 14 1.0
361.8 315.181 14 1.0
361.9 315.2602 14 1.0
362.0 315.3394 14 1.0
362.1 315.4187 14 1.0
362.2 315.4979 14 1.0
362.3 315.5771 14 1.0
362.4 315.6563 14 1.0
362.5 315.7355 14 1.0
362.6 315.8147 14 1.0
362.7 315.894 14 1.0
362.8 315.9732 14 1.0
362.9 316.0524 14 1.0
363.0 316.1316 14 1.0
363.1 316.2108 14 1.0
363.2 316.29 14 1.0
363.3 316.3692 14 1.0
363.4 316.4485 14 1.0
363.5 316.5277 14 1.0
363.6 316.6069 14 1.0
363.7 316.6861 14 1.0
363.8 316.7653 14 1.0
363.9 316.8445 14 1.0
364.0 316.9238 14 1.0
364.1 317.003 14 1.0
364.2 317.0822 14 1.0
364.3 317.1614 14 1.0
364.4 317.2406 14 1.0
364.5 317.3198 14 1.0
364.6 317.3991 14 1.0
364.7 317.4783 14 1.0
364.8 317.5575 14 1.0
364.9 317.6367 14 1.0
365.0 317.7159 14 1.0
365.1 317.7951 14 1.0
365.2 317.8744 14 1.0
365.3 317.9536 14 1.0
365.4 318.0328 14 1.0
365.5 318.112 14 1.0
365.6 318.1912 14 1.0
365.7 318.2704 14 1.0
365.8 318.3497 14 1.0
365.9 318.4289 14 1.0
366.0 318.5081 14 1.0
366.1 318.5873 14 1.0
366.2 318.6665 14 1.0
366.3 318.7457 14 1.0
366.4 318.825 14 1.0
366.5 318.9042 14 1.0
366.6 318.9834 14 1.0
366.7 319.0626 14 1.0
366.8 319.1418 14 1.0
366.9 319.221 14 1.0
367.0 319.3003 14 1.0
367.1 319.3795 14 1.0
367.2 319.4587 14 1.0
367.3 319.5379 14 1.0
367.4 319.6171 14 1.0
367.5 319.6963 14 1.0
367.6 319.7755 14 1.0
367.7 319.8548 14 1.0
367.8 319.934 14 1.0
367.9 320.0132 14 1.0
368.0 320.0924 14 1.0
368.1 320.1716 14 1.0
368.2 320.2508 14 1.0
368.3 320.3301 14 1.0
368.4 320.4093 14 1.0
368.5 320.4885 14 1.0
368.6 320.5677 14 1.0
368.7 320.6469 14 1.0
368.8 320.7261 14 1.0
368.9 320.8054 14 1.0
369.0 320.8846 14 1.0
369.1 320.9638 14 1.0
369.2 321.043 14 1.0
369.3 321.1222 14 1.0
369.4 321.2014 14 1.0
369.5 321.2807 14 1.0
369.6 321.3599 14 1.0
369.7 321.4391 14 1.0
369.8 321.5183 14 1.0
369.9 321.5975 14 1.0
370.0 321.6767 14 1.0
370.1 321.756 14 1.0
370.2 321.8352 14 1.0
370.3 321.9144 14 1.0
370.4 321.9936 14 1.0
370.5 322.0728 14 1.0
370.6 322.152 14 1.0
370.7 322.2313 14 1.0
370.8 322.3105 14 1.0
370.9 322.3897 14 1.0
371.0 322.4689 14 1.0
371.1 322.5481 14 1.0
371.2 322.6273 14 1.0
371.3 322.7066 14 1.0
371.4 322.7858 14 1.0
371.5 322.865 14 1.0
371.6 322.9442 14 1.0
371.7 323.0234 14 1.0
371.8 323.1026 14 1.0
371.9 323.1819 14 1.0
372.0 323.2611 14 1.0
372.1 323.3403 14 1.0
372.2 323.4195 14 1.0
372.3 323.4987 14 1.0
372.4 323.5779 14 1.0
372.5 323.6571 14 1.0
372.6 323.7364 14 1.0
372.7 323.8156 14 1.0
372.8 323.8948 14 1.0
372.9 323.974 14 1.0
373.0 324.0532 14 1.0
373.1 324.1324 14 1.0
373.2 324.2117 14 1.0
373.3 324.2909 14 1.0
373.4 324.3701 14 1.0
373.5 324.4493 14 1.0
373.6 324.5285 14 1.0
373.7 324.6077 14 1.0
373.8 324.687 14 1.0
373.9 324.7662 14 1.0
374.0 324.8454 14 1.0
374.1 324.9246 14 1.0
374.2 325.0038 14 1.0
374.3 325.083 14 1.0
374.4 325.1623 14 1.0
374.5 325.2415 14 1.0
374.6 325.3207 14 1.0
374.7 325.3999 14 1.0
374.8 325.4791 14 1.0
374.9 325.5583 14 1.0
375.0 325.6376 14 1.0
375.1 325.7168 14 1.0
375.2 325.796 14 1.0
375.3 325.8752 14 1.0
375.4 325.9544 14 1.0
375.5 326.0336 14 1.0
375.6 326.1129 14 1.0
375.7 326.1921 14 1.0
375.8 326.2713 14 1.0
375.9 326.3505 14 1.0
376.0 326.4297 14 1.0
376.1 326.5089 14 1.0
376.2 326.5882 14 1.0
376.3 326.6674 14 1.0
376.4 326.7466 14 1.0
376.5 326.8258 14 1.0
376.6 326.905 14 1.0
376.7 326.9842 14 1.0
376.8 327.0634 14 1.0
376.9 327.1427 14 1.0
377.0 327.2219 14 1.0
377.1 327.3011 14 1.0
377.2 327.3803 14 1.0
377.3 327.4595 14 1.0
377.4 327.5387 14 1.0
377.5 327.618 14 1.0
377.6 327.6972 14 1.0
377.7 327.7764 14 1.0
377.8 327.8556 14 1.0
377.9 327.9348 14 1.0
378.0 328.014 14 1.0
378.1 328.0933 14 1.0
378.2 328.1725 14 1.0
378.3 328.2517 14 1.0
378.4 328.3309 14 1.0
378.5 328.4101 14 1.0
378.6 328.4893 14 1.0
378.7 328.5686 14 1.0
378.8 328.6478 14 1.0
378.9 328.727 14 1.0
379.0 328.8062 14 1.0
379.1 328.8854 14 1.0
379.2 328.9646 14 1.0
379.3 329.0439 14 1.0
379.4 329.1231 14 1.0
379.5 329.2023 14 1.0
379.6 329.2815 14 1.0
379.7 329.3607 14 1.0
379.8 329.4399 14 1.0
379.9 329.5192 14 1.0
380.0 329.5984 14 1.0
380.1 329.6776 14 1.0
380.2 329.7568 14 1.0
380.3 329.836 14 1.0
380.4 329.9152 14 1.0
380.5 329.9945 14 1.0
380.6 330.0737 14 1.0
380.7 330.1529 14 1.0
380.8 330.2321 14 1.0
380.9 330.3113 14 1.0
381.0 330.3905 14 1.0
381.1 330.4698 14 1.0
381.2 330.549 14 1.0
381.3 330.6282 14 1.0
381.4 330.7074 14 1.0
381.5 330.7866 14 1.0
381.6 330.8658 14 1.0
381.7 330.945 14 1.0
381.8 331.0243 14 1.0
381.9 331.1035 14 1.0
382.0 331.1827 14 1.0
382.1 331.2619 14 1.0
382.2 331.3411 14 1.0
382.3 331.4203 14 1.0
382.4 331.4996 14 1.0
382.5 331.5788 14 1.0
382.6 331.658 14 1.0
382.7 331.7372 14 1.0
382.8 331.8164 14 1.0
382.9 331.8956 14 1.0
383.0 331.9749 14 1.0
383.1 332.0541 14 1.0
383.2 332.1333 14 1.0
383.3 332.2125 14 1.0
383.4 332.2917 14 1.0
383.5 332.3709 14 1.0
383.6 332.4502 14 1.0
383.7 332.5294 14 1.0
383.8 332.6086 14 1.0
383.9 332.6878 14 1.0
384.0 332.767 14 1.0
384.1 332.8462 14 1.0
384.2 332.9255 14 1.0
384.3 333.0047 14 1.0
384.4 333.0839 14 1.0
384.5 333.1631 14 1.0
384.6 333.2423 14 1.0
384.7 333.3215 14 1.0
384.8 333.4008 14 1.0
384.9 333.48 14 1.0
385.0 333.5592 14 1.0
385.1 333.6384 14 1.0
385.2 333.7176 14 1.0
385.3 333.7968 14 1.0
385.4 333.8761 14 1.0
385.5 333.9553 14 1.0
385.6 334.0345 14 1.0
385.7 334.1137 14 1.0
385.8 334.1929 14 1.0
385.9 334.2721 14 1.0
386.0 334.3513 14 1.0
386.1 334.4306 14 1.0
386.2 334.5098 14 1.0
386.3 334.589 14 1.0
386.4 334.6682 14 1.0
386.5 334.7474 14 1.0
386.6 334.8266 14 1.0
386.7 334.9059 14 1.0
386.8 334.9851 14 1.0
386.9 335.0643 14 1.0
387.0 335.1435 14 1.0
387.1 335.2227 14 1.0
387.2 335.3019 14 1.0
387.3 335.3812 14 1.0
387.4 335.4604 14 1.0
387.5 335.5396 14 1.0
387.6 335.6188 14 1.0
387.7 335.698 14 1.0
387.8 335.7772 14 1.0
387.9 335.8565 14 1.0
388.0 335.9357 14 1.0
388.1 336.0149 14 1.0
388.2 336.0941 14 1.0
388.3 336.1733 14 1.0
388.4 336.2525 14 1.0
388.5 336.3318 14 1.0
388.6 336.411 14 1.0
388.7 336.4902 14 1.0
388.8 336.5694 14 1.0
388.9 336.6486 14 1.0
389.0 336.7278 14 1.0
389.1 336.8071 14 1.0
389.2 336.8863 14 1.0
389.3 336.9655 14 1.0
389.4 337.0447 14 1.0
389.5 337.1239 14 1.0
389.6 337.2031 14 1.0
389.7 337.2824 14 1.0
389.8 337.3616 14 1.0
389.9 337.4408 14 1.0
390.0 337.52 14 1.0
390.1 337.5992 14 1.0
390.2 337.6784 14 1.0
390.3 337.7576 14 1.0
390.4 337.8369 14 1.0
390.5 337.9161 14 1.0
390.6 337.9953 14 1.0
390.7 338.0745 14 1.0
390.8 338.1537 14 1.0
390.9 338.2329 14 1.0
391.0 338.3122 14 1.0
391.1 338.3914 14 1.0
391.2 338.4706 14 1.0
391.3 338.5498 14 1.0
391.4 338.629 14 1.0
391.5 338.7082 14 1.0
391.6 338.7875 14 1.0
391.7 338.8667 14 1.0
391.8 338.9459 14 1.0
391.9 339.0251 14 1.0
392.0 339.1043 14 1.0
392.1 339.1835 14 1.0
392.2 339.2628 14 1.0
392.3 339.342 14 1.0
392.4 339.4212 14 1.0
392.5 339.5004 14 1.0
392.6 339.5796 14 1.0
392.7 339.6588 14 1.0
392.8 339.7381 14 1.0
392.9 339.8173 14 1.0
393.0 339.8965 14 1.0
393.1 339.9757 14 1.0
393.2 340.0549 14 1.0
393.3 340.1341 14 1.0
393.4 340.2134 14 1.0
393.5 340.2926 14 1.0
393.6 340.3718 14 1.0
393.7 340.451 14 1.0
393.8 340.5302 14 1.0
393.9 340.6094 14 1.0
394.0 340.6887 14 1.0
394.1 340.7679 14 1.0
394.2 340.8471 14 1.0
394.3 340.9263 14 1.0
394.4 341.0055 14 1.0
394.5 341.0847 14 1.0
394.6 341.164 14 1.0
394.7 341.2432 14 1.0
394.8 341.3224 14 1.0
394.9 341.4016 14 1.0
395.0 341.4808 14 1.0
395.1 341.56 14 1.0
395.2 341.6392 14 1.0
395.3 341.7185 14 1.0
395.4 341.7977 14 1.0
395.5 341.8769 14 1.0
395.6 341.9561 14 1.0
395.7 342.0353 14 1.0
395.8 342.1145 14 1.0
395.9 342.1938 14 1.0
396.0 342.273 14 1.0
396.1 342.3522 14 1.0
396.2 342.4314 14 1.0
396.3 342.5106 14 1.0
396.4 342.5898 14 1.0
396.5 342.6691 14 1.0
396.6 342.7483 14 1.0
396.7 342.8275 14 1.0
396.8 342.9067 14 1.0
396.9 342.9859 14 1.0
397.0 343.0651 14 1.0
397.1 343.1444 14 1.0
397.2 343.2236 14 1.0
397.3 343.3028 14 1.0
397.4 343.382 14 1.0
397.5 343.4612 14 1.0
397.6 343.5404 14 1.0
397.7 343.6197 14 1.0
397.8 343.6989 14 1.0
397.9 343.7781 14 1.0
398.0 343.8573 14 1.0
398.1 343.9365 14 1.0
398.2 344.0157 14 1.0
398.3 344.095 14 1.0
398.4 344.1742 14 1.0
398.5 344.2534 14 1.0
398.6 344.3326 14 1.0
398.7 344.4118 14 1.0
398.8 344.491 14 1.0
398.9 344.5703 14 1.0
399.0 344.6495 14 1.0
399.1 344.7287 14 1.0
399.2 344.8079 14 1.0
399.3 344.8871 14 1.0
399.4 344.9663 14 1.0
399.5 345.0455 14 1.0
399.6 345.1248 14 1.0
399.7 345.204 14 1.0
399.8 345.2832 14 1.0
399.9 345.3624 14 1.0
400.0 345.434 14 1.0
400.1 345.5056 14 1.0
400.2 345.5771 14 1.0
400.3 345.6487 14 1.0
400.4 345.7203 14 1.0
400.5 345.7919 14 1.0
400.6 345.8634 14 1.0
400.7 345.935 14 1.0
400.8 346.0066 14 1.0
400.9 346.0782 14 1.0
401.0 346.1497 14 1.0
401.1 346.2213 14 1.0
401.2 346.2929 14 1.0
401.3 346.3645 14 1.0
401.4 346.436 14 1.0
401.5 346.5076 14 1.0
401.6 346.5792 14 1.0
401.7 346.6508 14 1.0
401.8 346.7223 14 1.0
401.9 346.7939 14 1.0
402.0 346.8655 14 1.0
402.1 346.9371 14 1.0
402.2 347.0086 14 1.0
402.3 347.0802 14 1.0
402.4 347.1518 14 1.0
402.5 347.2234 14 1.0
402.6 347.2949 14 1.0
402.7 347.3665 14 1.0
402.8 347.4381 14 1.0
402.9 347.5097 14 1.0
403.0 347.5812 14 1.0
403.1 347.6528 14 1.0
403.2 347.7244 14 1.0
403.3 347.796 14 1.0
403.4 347.8675 14 1.0
403.5 347.9391 14 1.0
403.6 348.0107 14 1.0
403.7 348.0823 14 1.0
403.8 348.1538 14 1.0
403.9 348.2254 14 1.0
404.0 348.297 14 1.0
404.1 348.3686 14 1.0
404.2 348.4401 14 1.0
404.3 348.5117 14 1.0
404.4 348.5833 14 1.0
404.5 348.6549 14 1.0
404.6 348.7264 14 1.0
404.7 348.798 14 1.0
404.8 348.8696 14 1.0
404.9 348.9412 14 1.0
405.0 349.0127 14 1.0
405.1 349.0843 14 1.0
405.2 349.1559 14 1.0
405.3 349.2275 14 1.0
405.4 349.299 14 1.0
405.5 349.3706 14 1.0
405.6 349.4422 14 1.0
405.7 349.5138 14 1.0
405.8 349.5853 14 1.0
405.9 349.6569 14 1.0
406.0 349.7285 14 1.0
406.1 349.8001 14 1.0
406.2 349.8716 14 1.0
406.3 349.9432 14 1.0
406.4 350.0148 14 1.0
406.5 350.0864 14 1.0
406.6 350.1579 14 1.0
406.7 350.2295 14 1.0
406.8 350.3011 14 1.0
406.9 350.3727 14 1.0
407.0 350.4442 14 1.0
407.1 350.5158 14 1.0
407.2 350.5874 14 1.0
407.3 350.6589 14 1.0
407.4 350.7305 14 1.0
407.5 350.8021 14 1.0
407.6 350.8737 14 1.0
407.7 350.9452 14 1.0
407.8 351.0168 14 1.0
407.9 351.0884 14 1.0
408.0 351.16 14 1.0
408.1 351.2315 14 1.0
408.2 351.3031 14 1.0
408.3 351.3747 14 1.0
408.4 351.4463 14 1.0
408.5 351.5178 14 1.0
408.6 351.5894 14 1.0
408.7 351.661 14 1.0
408.8 351.7326 14 1.0
408.9 351.8041 14 1.0
409.0 351.8757 14 1.0
409.1 351.9473 14 1.0
409.2 352.0189 14 1.0
409.3 352.0904 14 1.0
409.4 352.162 14 1.0
409.5 352.2336 14 1.0
409.6 352.3052 14 1.0
409.7 352.3767 14 1.0
409.8 352.4483 14 1.0
409.9 352.5199 14 1.0
410.0 352.5915 14 1.0
410.1 352.663 14 1.0
410.2 352.7346 14 1.0
410.3 352.8062 14 1.0
410.4 352.8778 14 1.0
410.5 352.9493 14 1.0
410.6 353.0209 14 1.0
410.7 353.0925 14 1.0
410.8 353.1641 14 1.0
410.9 353.2356 14 1.0
411.0 353.3072 14 1.0
411.1 353.3788 14 1.0
411.2 353.4504 14 1.0
411.3 353.5219 14 1.0
411.4 353.5935 14 1.0
411.5 353.6651 14 1.0
411.6 353.7367 14 1.0
411.7 353.8082 14 1.0
411.8 353.8798 14 1.0
411.9 353.9514 14 1.0
412.0 354.023 14 1.0
412.1 354.0945 14 1.0
412.2 354.1661 14 1.0
412.3 354.2377 14 1.0
412.4 354.3093 14 1.0
412.5 354.3808 14 1.0
412.6 354.4524 14 1.0
412.7 354.524 14 1.0
412.8 354.5956 14 1.0
412.9 354.6671 14 1.0
413.0 354.7387 14 1.0
413.1 354.8103 14 1.0
413.2 354.8819 14 1.0
413.3 354.9534 14 1.0
413.4 355.025 14 1.0
413.5 355.0966 14 1.0
413.6 355.1682 14 1.0
413.7 355.2397 14 1.0
413.8 355.3113 14 1.0
413.9 355.3829 14 1.0
414.0 355.4545 14 1.0
414.1 355.526 14 1.0
414.2 355.5976 14 1.0
414.3 355.6692 14 1.0
414.4 355.7408 14 1.0
414.5 355.8123 14 1.0
414.6 355.8839 14 1.0
414.7 355.9555 14 1.0
414.8 356.0271 14 1.0
414.9 356.0986 14 1.0
415.0 356.1702 14 1.0
415.1 356.2418 14 1.0
415.2 356.3134 14 1.0
415.3 356.3849 14 1.0
415.4 356.4565 14 1.0
415.5 356.5281 14 1.0
415.6 356.5997 14 1.0
415.7 356.6712 14 1.0
415.8 356.7428 14 1.0
415.9 356.8144 14 1.0
416.0 356.886 14 1.0
416.1 356.9575 14 1.0
416.2 357.0291 14 1.0
416.3 357.1007 14 1.0
416.4 357.1723 14 1.0
416.5 357.2438 14 1.0
416.6 357.3154 14 1.0
416.7 357.387 14 1.0
416.8 357.4586 14 1.0
416.9 357.5301 14 1.0
417.0 357.6017 14 1.0
417.1 357.6733 14 1.0
417.2 357.7449 14 1.0
417.3 357.8164 14 1.0
417.4 357.888 14 1.0
417.5 357.9596 14 1.0
417.6 358.0312 14 1.0
417.7 358.1027 14 1.0
417.8 358.1743 14 1.0
417.9 358.2459 14 1.0
418.0 358.3175 14 1.0
418.1 358.389 14 1.0
418.2 358.4606 14 1.0
418.3 358.5322 14 1.0
418.4 358.6038 14 1.0
418.5 358.6753 14 1.0
418.6 358.7469 14 1.0
418.7 358.8185 14 1.0
418.8 358.8901 14 1.0
418.9 358.9616 14 1.0
419.0 359.0332 14 1.0
419.1 359.1048 14 1.0
419.2 359.1764 14 1.0
419.3 359.2479 14 1.0
419.4 359.3195 14 1.0
419.5 359.3911 14 1.0
419.6 359.4626 14 1.0
419.7 359.5342 14 1.0
419.8 359.6058 14 1.0
419.9 359.6774 14 1.0
420.0 359.7489 14 1.0
420.1 359.8205 14 1.0
420.2 359.8921 14 1.0
420.3 359.9637 14 1.0
420.4 360.0352 14 1.0
420.5 360.1068 14 1.0
420.6 360.1784 14 1.0
420.7 360.25 14 1.0
420.8 360.3215 14 1.0
420.9 360.3931 14 1.0
421.0 360.4647 14 1.0
421.1 360.5363 14 1.0
421.2 360.6078 14 1.0
421.3 360.6794 14 1.0
421.4 360.751 14 1.0
421.5 360.8226 14 1.0
421.6 360.8941 14 1.0
421.7 360.9657 14 1.0
421.8 361.0373 14 1.0
421.9 361.1089 14 1.0
422.0 361.1804 14 1.0
422.1 361.252 14 1.0
422.2 361.3236 14 1.0
422.3 361.3952 14 1.0
422.4 361.4667 14 1.0
422.5 361.5383 14 1.0
422.6 361.6099 14 1.0
422.7 361.6815 14 1.0
422.8 361.753 14 1.0
422.9 361.8246 14 1.0
423.0 361.8962 14 1.0
423.1 361.9678 14 1.0
423.2 362.0393 14 1.0
423.3 362.1109 14 1.0
423.4 362.1825 14 1.0
423.5 362.2541 14 1.0
423.6 362.3256 14 1.0
423.7 362.3972 14 1.0
423.8 362.4688 14 1.0
423.9 362.5404 14 1.0
424.0 362.6119 14 1.0
424.1 362.6835 14 1.0
424.2 362.7551 14 1.0
424.3 362.8267 14 1.0
424.4 362.8982 14 1.0
424.5 362.9698 14 1.0
424.6 363.0414 14 1.0
424.7 363.113 14 1.0
424.8 363.1845 14 1.0
424.9 363.2561 14 1.0
425.0 363.3277 14 1.0
425.1 363.3993 14 1.0
425.2 363.4708 14 1.0
425.3 363.5424 14 1.0
425.4 363.614 14 1.0
425.5 363.6856 14 1.0
425.6 363.7571 14 1.0
425.7 363.8287 14 1.0
425.8 363.9003 14 1.0
425.9 363.9719 14 1.0
426.0 364.0434 14 1.0
426.1 364.115 14 1.0
426.2 364.1866 14 1.0
426.3 364.2582 14 1.0
426.4 364.3297 14 1.0
426.5 364.4013 14 1.0
426.6 364.4729 14 1.0
426.7 364.5445 14 1.0
426.8 364.616 14 1.0
426.9 364.6876 14 1.0
427.0 364.7592 14 1.0
427.1 364.8308 14 1.0
427.2 364.9023 14 1.0
427.3 364.9739 14 1.0
427.4 365.0455 14 1.0
427.5 365.1171 14 1.0
427.6 365.1886 14 1.0
427.7 365.2602 14 1.0
427.8 365.3318 14 1.0
427.9 365.4034 14 1.0
428.0 365.4749 14 1.0
428.1 365.5465 14 1.0
428.2 365.6181 14 1.0
428.3 365.6897 14 1.0
428.4 365.7612 14 1.0
428.5 365.8328 14 1.0
428.6 365.9044 14 1.0
428.7 365.976 14 1.0
428.8 366.0475 14 1.0
428.9 366.1191 14 1.0
429.0 366.1907 14 1.0
429.1 366.2623 14 1.0
429.2 366.3338 14 1.0
429.3 366.4054 14 1.0
429.4 366.477 14 1.0
429.5 366.5486 14 1.0
429.6 366.6201 14 1.0
429.7 366.6917 14 1.0
429.8 366.7633 14 1.0
429.9 366.8349 14 1.0
430.0 366.9064 14 1.0
430.1 366.978 14 1.0
430.2 367.0496 14 1.0
430.3 367.1212 14 1.0
430.4 367.1927 14 1.0
430.5 367.2643 14 1.0
430.6 367.3359 14 1.0
430.7 367.4075 14 1.0
430.8 367.479 14 1.0
430.9 367.5506 14 1.0
431.0 367.6222 14 1.0
431.1 367.6938 14 1.0
431.2 367.7653 14 1.0
431.3 367.8369 14 1.0
431.4 367.9085 14 1.0
431.5 367.9801 14 1.0
431.6 368.0516 14 1.0
431.7 368.1232 14 1.0
431.8 368.1948 14 1.0
431.9 368.2663 14 1.0
432.0 368.3379 14 1.0
432.1 368.4095 14 1.0
432.2 368.4811 14 1.0
432.3 368.5526 14 1.0
432.4 368.6242 14 1.0
432.5 368.6958 14 1.0
432.6 368.7674 14 1.0
432.7 368.8389 14 1.0
432.8 368.9105 14 1.0
432.9 368.9821 14 1.0
433.0 369.0537 14 1.0
433.1 369.1252 14 1.0
433.2 369.1968 14 1.0
433.3 369.2684 14 1.0
433.4 369.34 14 1.0
433.5 369.4115 14 1.0
433.6 369.4831 14 1.0
433.7 369.5547 14 1.0
433.8 369.6263 14 1.0
433.9 369.6978 14 1.0
434.0 369.7694 14 1.0
434.1 369.841 14 1.0
434.2 369.9126 14 1.0
434.3 369.9841 14 1.0
434.4 370.0557 14 1.0
434.5 370.1273 14 1.0
434.6 370.1989 14 1.0
434.7 370.2704 14 1.0
434.8 370.342 14 1.0
434.9 370.4136 14 1.0
435.0 370.4852 14 1.0
435.1 370.5567 14 1.0
435.2 370.6283 14 1.0
435.3 370.6999 14 1.0
435.4 370.7715 14 1.0
435.5 370.843 14 1.0
435.6 370.9146 14 1.0
435.7 370.9862 14 1.0
435.8 371.0578 14 1.0
435.9 371.1293 14 1.0
436.0 371.2009 14 1.0
436.1 371.2725 14 1.0
436.2 371.3441 14 1.0
436.3 371.4156 14 1.0
436.4 371.4872 14 1.0
436.5 371.5588 14 1.0
436.6 371.6304 14 1.0
436.7 371.7019 14 1.0
436.8 371.7735 14 1.0
436.9 371.8451 14 1.0
437.0 371.9167 14 1.0
437.1 371.9882 14 1.0
437.2 372.0598 14 1.0
437.3 372.1314 14 1.0
437.4 372.203 14 1.0
437.5 372.2745 14 1.0
437.6 372.3461 14 1.0
437.7 372.4177 14 1.0
437.8 372.4893 14 1.0
437.9 372.5608 14 1.0
438.0 372.6324 14 1.0
438.1 372.704 14 1.0
438.2 372.7756 14 1.0
438.3 372.8471 14 1.0
438.4 372.9187 14 1.0
438.5 372.9903 14 1.0
438.6 373.0619 14 1.0
438.7 373.1334 14 1.0
438.8 373.205 14 1.0
438.9 373.2766 14 1.0
439.0 373.3482 14 1.0
439.1 373.4197 14 1.0
439.2 373.4913 14 1.0
439.3 373.5629 14 1.0
439.4 373.6345 14 1.0
439.5 373.706 14 1.0
439.6 373.7776 14 1.0
439.7 373.8492 14 1.0
439.8 373.9208 14 1.0
439.9 373.9923 14 1.0
440.0 374.0639 14 1.0
440.1 374.1355 14 1.0
440.2 374.2071 14 1.0
440.3 374.2786 14 1.0
440.4 374.3502 14 1.0
440.5 374.4218 14 1.0
440.6 374.4934 14 1.0
440.7 374.5649 14 1.0
440.8 374.6365 14 1.0
440.9 374.7081 14 1.0
441.0 374.7797 14 1.0
441.1 374.8512 14 1.0
441.2 374.9228 14 1.0
441.3 374.9944 14 1.0
441.4 375.066 14 1.0
441.5 375.1375 14 1.0
441.6 375.2091 14 1.0
441.7 375.2807 14 1.0
441.8 375.3523 14 1.0
441.9 375.4238 14 1.0
442.0 375.4954 14 1.0
442.1 375.567 14 1.0
442.2 375.6386 14 1.0
442.3 375.7101 14 1.0
442.4 375.7817 14 1.0
442.5 375.8533 14 1.0
442.6 375.9249 14 1.0
442.7 375.9964 14 1.0
442.8 376.068 14 1.0
442.9 376.1396 14 1.0
443.0 376.2112 14 1.0
443.1 376.2827 14 1.0
443.2 376.3543 14 1.0
443.3 376.4259 14 1.0
443.4 376.4975 14 1.0
443.5 376.569 14 1.0
443.6 376.6406 14 1.0
443.7 376.7122 14 1.0
443.8 376.7837 14 1.0
443.9 376.8553 14 1.0
444.0 376.9269 14 1.0
444.1 376.9985 14 1.0
444.2 377.07 14 1.0
444.3 377.1416 14 1.0
444.4 377.2132 14 1.0
444.5 377.2848 14 1.0
444.6 377.3563 14 1.0
444.7 377.4279 14 1.0
444.8 377.4995 14 1.0
444.9 377.5711 14 1.0
445.0 377.6426 14 1.0
445.1 377.7142 14 1.0
445.2 377.7858 14 1.0
445.3 377.8574 14 1.0
445.4 377.9289 14 1.0
445.5 378.0005 14 1.0
445.6 378.0721 14 1.0
445.7 378.1437 14 1.0
445.8 378.2152 14 1.0
445.9 378.2868 14 1.0
446.0 378.3584 14 1.0
446.1 378.43 14 1.0
446.2 378.5015 14 1.0
446.3 378.5731 14 1.0
446.4 378.6447 14 1.0
446.5 378.7163 14 1.0
446.6 378.7878 14 1.0
446.7 378.8594 14 1.0
446.8 378.931 14 1.0
446.9 379.0026 14 1.0
447.0 379.0741 14 1.0
447.1 379.1457 14 1.0
447.2 379.2173 14 1.0
447.3 379.2889 14 1.0
447.4 379.3604 14 1.0
447.5 379.432 14 1.0
447.6 379.5036 14 1.0
447.7 379.5752 14 1.0
447.8 379.6467 14 1.0
447.9 379.7183 14 1.0
448.0 379.7899 14 1.0
448.1 379.8615 14 1.0
448.2 379.933 14 1.0
448.3 380.0046 14 1.0
448.4 380.0762 14 1.0
448.5 380.1478 14 1.0
448.6 380.2193 14 1.0
448.7 380.2909 14 1.0
448.8 380.3625 14 1.0
448.9 380.4341 14 1.0
449.0 380.5056 14 1.0
449.1 380.5772 14 1.0
449.2 380.6488 14 1.0
449.3 380.7204 14 1.0
449.4 380.7919 14 1.0
449.5 380.8635 14 1.0
449.6 380.9351 14 1.0
449.7 381.0067 14 1.0
449.8 381.0782 14 1.0
449.9 381.1498 14 1.0
