15.0 1.511002 13 0.03852377287198683
15.1 1.523985 13 0.03939225360461829
15.2 1.536948 13 0.04025375200422243
15.3 1.54989 13 0.041099011559725285
15.4 1.562813 13 0.04193507238982075
15.5 1.575714 13 0.04275767272071729
15.6 1.588596 13 0.04356835725016839
15.7 1.601458 13 0.044368552667212846
15.8 1.614299 13 0.0451597073673079
15.9 1.627121 13 0.04593539462774621
16.0 1.639923 13 0.04670651604950793
16.1 1.685925 13 0.047054251389325286
16.2 1.737328 13 0.051058986921800775
16.3 1.789123 13 0.05506984734769349
16.4 1.841303 13 0.05908748500376648
16.5 1.89386 13 0.06311298496566753
16.6 1.946787 13 0.06714135910654184
16.7 2.000078 13 0.07117747759913229
16.8 2.053727 13 0.07521827472995946
16.9 2.107726 13 0.07926650384032174
17.0 2.162069 13 0.08331450496452741
17.1 2.21675 13 0.08737550122881899
17.2 2.271762 13 0.09143272023233295
17.3 2.3271 13 0.09550893296180951
17.4 2.382757 13 0.09957627118644075
17.5 2.438729 13 0.10365383491213365
17.6 2.495008 13 0.10773786214335268
17.7 2.551589 13 0.11182306796334507
17.8 2.618757 13 0.11591588789890794
17.9 2.698539 13 0.12001371154340568
18.0 2.779215 13 0.12411441400417245
18.1 2.870364 13 0.12879345881741278
18.2 2.962517 13 0.13347538374345613
18.3 3.055677 14 0.13816268543769727
18.4 3.149841 14 0.14285561432479366
18.5 3.245011 14 0.14755473628771343
18.6 3.341187 14 0.1522529057156442
18.7 3.438368 14 0.15695916536531873
18.8 3.536555 14 0.16166899174390714
18.9 3.635747 14 0.16637851544490545
19.0 3.735944 14 0.1710994026831727
19.1 3.837147 14 0.17581964614116308
19.2 3.939355 14 0.18054388825748213
19.3 4.042569 14 0.18527386918578936
19.4 4.146788 14 0.19000628711347878
19.5 4.252013 14 0.19474189498559924
19.6 4.358243 14 0.19948052342292943
19.7 4.465478 14 0.2042254696356951
19.8 4.573719 14 0.20897347296794433
19.9 4.682966 14 0.21372509491650704
20.0 4.793218 14 0.21847468822869343
20.1 4.909243 14 0.22348529406522588
20.2 5.026326 14 0.22850242117850417
20.3 5.144465 14 0.23351981826196044
20.4 5.263661 14 0.238540591728987
20.5 5.383914 14 0.2435665471350562
20.6 5.505224 14 0.24859171377696965
20.7 5.627591 14 0.25362076861428073
20.8 5.751015 14 0.2586558090244854
20.9 5.875496 14 0.26369245648948514
21.0 6.001033 14 0.26873044978966654
21.1 6.127627 14 0.27377252127777174
21.2 6.255279 14 0.27882038407616305
21.3 6.383987 14 0.28386745879005937
21.4 6.513752 14 0.2889180919127874
21.5 6.644573 14 0.2939725630573776
21.6 6.776452 14 0.2990275684755026
21.7 6.909388 14 0.30408811268531777
21.8 7.04338 14 0.3091513999308676
21.9 7.178429 14 0.3142136689378028
22.0 7.314536 14 0.31928002537943945
22.1 7.468926 14 0.32518991990824564
22.2 7.624535 14 0.33109920094309797
22.3 7.781363 14 0.3370157091802455
22.4 7.939411 14 0.34293085818913926
22.5 8.098679 14 0.34884962727839064
22.6 8.325659 14 0.3548635524861602
22.7 8.486746 14 0.36078307806121046
22.8 8.649051 14 0.3667094406063952
22.9 8.812576 14 0.3726360292659152
23.0 8.977321 14 0.37856783333537936
23.1 9.143285 14 0.38449971806277794
23.2 9.310468 14 0.39043333239687705
23.3 9.47887 14 0.3963707005602072
23.4 9.648492 14 0.40230939584852
23.5 9.819333 14 0.40825140036820873
23.6 9.991394 14 0.41419528454787313
23.7 10.16467 14 0.4201394618313379
23.8 10.33917 14 0.4260902232813709
23.9 10.51489 14 0.4320399926342069
24.0 10.69183 14 0.43799220182779286
24.1 10.86853 14 0.4438970881531711
24.2 11.04642 14 0.449803575830389
24.3 11.22552 14 0.4557150413756623
24.4 11.40581 14 0.4616250660929495
24.5 11.58731 14 0.46754024683306517
24.6 11.77 14 0.47345474756156647
24.7 11.9539 14 0.4793706623861008
24.8 12.13899 14 0.4852934681800115
24.9 12.32529 14 0.4912126917673024
25.0 12.51278 14 0.49713686157348125
25.1 12.70148 14 0.5030602426164503
25.2 12.89137 14 0.5089872768038035
25.3 13.08246 14 0.5149138929955648
25.4 13.27476 14 0.5208457066207693
25.5 13.46825 14 0.5267777397284208
25.6 13.66294 14 0.5327129288295969
25.7 13.85883 14 0.5386482394326112
25.8 14.05593 14 0.5445827771269784
25.9 14.25422 14 0.5505242939601269
26.0 14.45371 14 0.5564653826640128
26.1 14.65738 14 0.5625160707935553
26.2 14.86228 14 0.5685708265088169
26.3 15.0684 14 0.574627996025495
26.4 15.27576 14 0.5806843384159978
26.5 15.48434 14 0.5867459994939466
26.6 15.69415 14 0.5928055330471185
26.7 15.90518 14 0.5988690542674366
26.8 16.11745 14 0.604932669335071
26.9 16.33094 14 0.6109973175936236
27.0 16.54566 14 0.617063369873137
27.1 16.7616 14 0.6231323742336958
27.2 16.97878 14 0.6292026897214218
27.3 17.19718 14 0.6352738725628183
27.4 17.41681 14 0.6413468315499455
27.5 17.63766 14 0.6474205490648588
27.6 17.85975 14 0.653496406629402
27.7 18.08306 14 0.65957505908387
27.8 18.3076 14 0.6656518244253508
27.9 18.53337 14 0.6717326698458774
28.0 18.76036 14 0.6778124012751658
28.1 18.99409 14 0.6840959209228621
28.2 19.22909 14 0.6903781172229073
28.3 19.46536 14 0.6966613145872534
28.4 19.7029 14 0.702947348770141
28.5 19.94172 14 0.7092347013416177
28.6 20.1818 14 0.7155233333672752
28.7 20.42316 14 0.7218121639269721
28.8 20.66579 14 0.728103160619338
28.9 20.90969 14 0.734394955886023
29.0 21.15486 14 0.7406882356227251
29.1 21.4013 14 0.7469827331719545
29.2 21.64902 14 0.7532777879509247
29.3 21.89801 14 0.7595749107072223
29.4 22.14826 14 0.7658732031971653
29.5 22.39979 14 0.7721724080721547
29.6 22.65259 14 0.7784725518114223
29.7 22.90667 14 0.7847740075107297
29.8 23.16201 14 0.7910766657636541
29.9 23.41863 14 0.7973806335638425
30.0 23.67651 14 0.8036851699771679
30.1 23.94337 14 0.8102998715042664
30.2 24.21153 14 0.8169157491457564
30.3 24.48101 14 0.8235323114202059
30.4 24.75181 14 0.8301502966456443
30.5 25.02392 14 0.8367693443670667
30.6 25.29735 14 0.8433894080996884
30.7 25.57209 14 0.850010541145605
30.8 25.84814 14 0.8566336026394823
30.9 26.12551 14 0.8632566574262781
31.0 26.4042 14 0.869880354309889
31.1 26.6842 14 0.8765062616666812
31.2 26.96551 14 0.8831328012227222
31.3 27.24814 14 0.8897597709766144
31.4 27.53209 14 0.8963881682370982
31.5 27.81735 14 0.9030177385385554
31.6 28.10392 14 0.9096477741685645
31.7 28.39181 14 0.9162793457284361
31.8 28.68101 14 0.9229113835904994
31.9 28.97153 14 0.9295445037541245
32.0 29.26336 14 0.9361786877775665
32.1 29.55651 14 0.9428138805327019
32.2 29.85097 14 0.9494495319368003
32.3 30.14675 14 0.9560865135221165
32.4 30.44384 14 0.9627243154138206
32.5 30.74224 14 0.9693628470099058
32.6 31.04197 14 0.9760024751648811
32.7 31.343 14 0.9826427855783336
32.8 31.64535 14 0.9892840779733875
32.9 31.94902 14 0.9959262177888611
33.0 32.17339 14 1.0
33.1 32.27035 14 1.0
33.2 32.36732 14 1.0
33.3 32.46428 14 1.0
33.4 32.56124 14 1.0
33.5 32.6582 14 1.0
33.6 32.75517 14 1.0
33.7 32.85213 14 1.0
33.8 32.94909 14 1.0
33.9 33.04605 14 1.0
34.0 33.14301 14 1.0
34.1 33.23998 14 1.0
34.2 33.33694 14 1.0
34.3 33.4339 14 1.0
34.4 33.53086 14 1.0
34.5 33.62783 14 1.0
34.6 33.72479 14 1.0
34.7 33.82175 14 1.0
34.8 33.91871 14 1.0
34.9 34.01567 14 1.0
35.0 34.11264 14 1.0
35.1 34.21 14 1.0
35.2 34.30737 14 1.0
35.3 34.40473 14 1.0
35.4 34.5021 14 1.0
35.5 34.59946 14 1.0
35.6 34.69683 14 1.0
35.7 34.79419 14 1.0
35.8 34.89156 14 1.0
35.9 34.98892 14 1.0
36.0 35.08629 14 1.0
36.1 35.18365 14 1.0
36.2 35.28102 14 1.0
36.3 35.37838 14 1.0
36.4 35.47575 14 1.0
36.5 35.57311 14 1.0
36.6 35.67048 14 1.0
36.7 35.76784 14 1.0
36.8 35.86521 14 1.0
36.9 35.96257 14 1.0
37.0 36.05994 14 1.0
37.1 36.1573 14 1.0
37.2 36.25467 14 1.0
37.3 36.35203 14 1.0
37.4 36.4494 14 1.0
37.5 36.54676 14 1.0
37.6 36.64413 14 1.0
37.7 36.74149 14 1.0
37.8 36.83886 14 1.0
37.9 36.93622 14 1.0
38.0 37.03359 14 1.0
38.1 37.13096 14 1.0
38.2 37.22832 14 1.0
38.3 37.32569 14 1.0
38.4 37.42305 14 1.0
38.5 37.52042 14 1.0
38.6 37.61778 14 1.0
38.7 37.71515 14 1.0
38.8 37.81251 14 1.0
38.9 37.90988 14 1.0
39.0 38.00724 14 1.0
39.1 38.10461 14 1.0
39.2 38.20197 14 1.0
39.3 38.29934 14 1.0
39.4 38.3967 14 1.0
39.5 38.49407 14 1.0
39.6 38.59143 14 1.0
39.7 38.6888 14 1.0
39.8 38.78616 14 1.0
39.9 38.88353 14 1.0
40.0 38.98089 14 1.0
40.1 39.07341 14 1.0
40.2 39.16592 14 1.0
40.3 39.25843 14 1.0
40.4 39.35094 14 1.0
40.5 39.44346 14 1.0
40.6 39.53597 14 1.0
40.7 39.62848 14 1.0
40.8 39.72099 14 1.0
40.9 39.81351 14 1.0
41.0 39.90602 14 1.0
41.1 39.99853 14 1.0
41.2 40.09105 14 1.0
41.3 40.18356 14 1.0
41.4 40.27607 14 1.0
41.5 40.36858 14 1.0
41.6 40.4611 14 1.0
41.7 40.55361 14 1.0
41.8 40.64612 14 1.0
41.9 40.73864 14 1.0
42.0 40.83115 14 1.0
42.1 40.92366 14 1.0
42.2 41.01617 14 1.0
42.3 41.10869 14 1.0
42.4 41.2012 14 1.0
42.5 41.29371 14 1.0
42.6 41.38623 14 1.0
42.7 41.47874 14 1.0
42.8 41.57125 14 1.0
42.9 41.66376 14 1.0
43.0 41.75628 14 1.0
43.1 41.84879 14 1.0
43.2 41.9413 14 1.0
43.3 42.03382 14 1.0
43.4 42.12633 14 1.0
43.5 42.21884 14 1.0
43.6 42.31135 14 1.0
43.7 42.40387 14 1.0
43.8 42.49638 14 1.0
43.9 42.58889 14 1.0
44.0 42.6814 14 1.0
44.1 42.77392 14 1.0
44.2 42.86643 14 1.0
44.3 42.95894 14 1.0
44.4 43.05146 14 1.0
44.5 43.14397 14 1.0
44.6 43.23648 14 1.0
44.7 43.32899 14 1.0
44.8 43.42151 14 1.0
44.9 43.51402 14 1.0
45.0 43.60653 14 1.0
45.1 43.69905 14 1.0
45.2 43.79156 14 1.0
45.3 43.88407 14 1.0
45.4 43.97658 14 1.0
45.5 44.0691 14 1.0
45.6 44.16161 14 1.0
45.7 44.25412 14 1.0
45.8 44.34664 14 1.0
45.9 44.43915 14 1.0
46.0 44.53166 14 1.0
46.1 44.62417 14 1.0
46.2 44.71669 14 1.0
46.3 44.8092 14 1.0
46.4 44.90171 14 1.0
46.5 44.99423 14 1.0
46.6 45.08674 14 1.0
46.7 45.17925 14 1.0
46.8 45.27176 14 1.0
46.9 45.36428 14 1.0
47.0 45.45679 14 1.0
47.1 45.5493 14 1.0
47.2 45.64181 14 1.0
47.3 45.73433 14 1.0
47.4 45.82684 14 1.0
47.5 45.91935 14 1.0
47.6 46.01187 14 1.0
47.7 46.10438 14 1.0
47.8 46.19689 14 1.0
47.9 46.2894 14 1.0
48.0 46.38192 14 1.0
48.1 46.47443 14 1.0
48.2 46.56694 14 1.0
48.3 46.65946 14 1.0
48.4 46.75197 14 1.0
48.5 46.84448 14 1.0
48.6 46.93699 14 1.0
48.7 47.02951 14 1.0
48.8 47.12202 14 1.0
48.9 47.21453 14 1.0
49.0 47.30705 14 1.0
49.1 47.39956 14 1.0
49.2 47.49207 14 1.0
49.3 47.58458 14 1.0
49.4 47.6771 14 1.0
49.5 47.76961 14 1.0
49.6 47.86212 14 1.0
49.7 47.95464 14 1.0
49.8 48.04715 14 1.0
49.9 48.13966 14 1.0
50.0 48.23217 14 1.0
50.1 48.31732 14 1.0
50.2 48.40247 14 1.0
50.3 48.48762 14 1.0
50.4 48.57276 14 1.0
50.5 48.65791 14 1.0
50.6 48.74306 14 1.0
50.7 48.82821 14 1.0
50.8 48.91335 14 1.0
50.9 48.9985 14 1.0
51.0 49.08365 14 1.0
51.1 49.1688 14 1.0
51.2 49.25395 14 1.0
51.3 49.33909 14 1.0
51.4 49.42424 14 1.0
51.5 49.50939 14 1.0
51.6 49.59454 14 1.0
51.7 49.67968 14 1.0
51.8 49.76483 14 1.0
51.9 49.84998 14 1.0
52.0 49.93513 14 1.0
52.1 50.02027 14 1.0
52.2 50.10542 14 1.0
52.3 50.19057 14 1.0
52.4 50.27572 14 1.0
52.5 50.36086 14 1.0
52.6 50.44601 14 1.0
52.7 50.53116 14 1.0
52.8 50.61631 14 1.0
52.9 50.70145 14 1.0
53.0 50.7866 14 1.0
53.1 50.87175 14 1.0
53.2 50.9569 14 1.0
53.3 51.04205 14 1.0
53.4 51.12719 14 1.0
53.5 51.21234 14 1.0
53.6 51.29749 14 1.0
53.7 51.38264 14 1.0
53.8 51.46778 14 1.0
53.9 51.55293 14 1.0
54.0 51.63808 14 1.0
54.1 51.72323 14 1.0
54.2 51.80837 14 1.0
54.3 51.89352 14 1.0
54.4 51.97867 14 1.0
54.5 52.06382 14 1.0
54.6 52.14896 14 1.0
54.7 52.23411 14 1.0
54.8 52.31926 14 1.0
54.9 52.40441 14 1.0
55.0 52.48955 14 1.0
55.1 52.5747 14 1.0
55.2 52.65985 14 1.0
55.3 52.745 14 1.0
55.4 52.83014 14 1.0
55.5 52.91529 14 1.0
55.6 53.00044 14 1.0
55.7 53.08559 14 1.0
55.8 53.17074 14 1.0
55.9 53.25588 14 1.0
56.0 53.34103 14 1.0
56.1 53.42618 14 1.0
56.2 53.51133 14 1.0
56.3 53.59647 14 1.0
56.4 53.68162 14 1.0
56.5 53.76677 14 1.0
56.6 53.85192 14 1.0
56.7 53.93706 14 1.0
56.8 54.02221 14 1.0
56.9 54.10736 14 1.0
57.0 54.19251 14 1.0
57.1 54.27765 14 1.0
57.2 54.3628 14 1.0
57.3 54.44795 14 1.0
57.4 54.5331 14 1.0
57.5 54.61824 14 1.0
57.6 54.70339 14 1.0
57.7 54.78854 14 1.0
57.8 54.87369 14 1.0
57.9 54.95884 14 1.0
58.0 55.04398 14 1.0
58.1 55.12913 14 1.0
58.2 55.21428 14 1.0
58.3 55.29943 14 1.0
58.4 55.38457 14 1.0
58.5 55.46972 14 1.0
58.6 55.55487 14 1.0
58.7 55.64002 14 1.0
58.8 55.72516 14 1.0
58.9 55.81031 14 1.0
59.0 55.89546 14 1.0
59.1 55.98061 14 1.0
59.2 56.06575 14 1.0
59.3 56.1509 14 1.0
59.4 56.23605 14 1.0
59.5 56.3212 14 1.0
59.6 56.40634 14 1.0
59.7 56.49149 14 1.0
59.8 56.57664 14 1.0
59.9 56.66179 14 1.0
60.0 56.74694 14 1.0
60.1 56.83529 14 1.0
60.2 56.92364 14 1.0
60.3 57.01199 14 1.0
60.4 57.10034 14 1.0
60.5 57.18869 14 1.0
60.6 57.27704 14 1.0
60.7 57.36539 14 1.0
60.8 57.45374 14 1.0
60.9 57.5421 14 1.0
61.0 57.63045 14 1.0
61.1 57.7188 14 1.0
61.2 57.80715 14 1.0
61.3 57.8955 14 1.0
61.4 57.98385 14 1.0
61.5 58.0722 14 1.0
61.6 58.16055 14 1.0
61.7 58.2489 14 1.0
61.8 58.33726 14 1.0
61.9 58.42561 14 1.0
62.0 58.51396 14 1.0
62.1 58.60231 14 1.0
62.2 58.69066 14 1.0
62.3 58.77901 14 1.0
62.4 58.83247 14 1.0
62.5 58.5185 14 1.0
62.6 58.20359 14 1.0
62.7 57.88773 14 1.0
62.8 57.57094 14 1.0
62.9 57.2532 14 1.0
63.0 56.93453 14 1.0
63.1 56.61492 14 1.0
63.2 56.29436 14 1.0
63.3 55.97286 14 1.0
63.4 55.65043 14 1.0
63.5 55.32705 14 1.0
63.6 55.00273 14 1.0
63.7 54.67748 14 1.0
63.8 54.35128 14 1.0
63.9 54.02414 14 1.0
64.0 53.69606 14 1.0
64.1 53.36704 14 1.0
64.2 53.03708 14 1.0
64.3 52.70618 14 1.0
64.4 52.37434 14 1.0
64.5 52.04156 14 1.0
64.6 51.70784 14 1.0
64.7 51.37317 14 1.0
64.8 51.03757 14 1.0
64.9 50.70103 14 1.0
65.0 50.36354 14 1.0
65.1 50.02512 14 1.0
65.2 49.68575 14 1.0
65.3 49.34545 14 1.0
65.4 49.0042 14 1.0
65.5 48.66202 14 1.0
65.6 48.31889 14 1.0
65.7 47.97482 14 1.0
65.8 47.62981 14 1.0
65.9 47.28387 14 1.0
66.0 46.93698 14 1.0
66.1 46.58915 14 1.0
66.2 46.24038 14 1.0
66.3 45.89067 14 1.0
66.4 45.54002 14 1.0
66.5 45.18843 14 1.0
66.6 44.8359 14 1.0
66.7 44.48242 14 1.0
66.8 44.12801 14 1.0
66.9 43.77266 14 1.0
67.0 43.41636 14 1.0
67.1 43.05913 14 1.0
67.2 42.70096 14 1.0
67.3 42.34184 14 1.0
67.4 41.98179 14 1.0
67.5 41.62079 14 1.0
67.6 41.25885 14 1.0
67.7 40.89598 14 1.0
67.8 40.53216 14 1.0
67.9 40.1674 14 1.0
68.0 39.8017 14 1.0
68.1 39.43506 14 1.0
68.2 39.06748 14 1.0
68.3 38.69897 14 1.0
68.4 38.32951 14 1.0
68.5 37.9591 14 1.0
68.6 37.58776 14 1.0
68.7 37.21548 14 1.0
68.8 36.84226 14 1.0
68.9 36.4681 14 1.0
69.0 36.09299 14 1.0
69.1 35.71695 14 1.0
69.2 35.33997 14 1.0
69.3 34.96204 14 1.0
69.4 34.58318 14 1.0
69.5 34.20337 14 1.0
69.6 33.82263 14 1.0
69.7 33.44094 14 1.0
69.8 33.05831 14 1.0
69.9 32.67475 14 1.0
70.0 32.29024 14 1.0
70.1 31.91559 14 1.0
70.2 31.54041 14 1.0
70.3 31.16469 14 1.0
70.4 30.94067 14 1.0
70.5 30.98832 14 1.0
70.6 31.03597 14 1.0
70.7 31.08361 14 1.0
70.8 31.13126 14 1.0
70.9 31.17891 14 1.0
71.0 31.22656 14 1.0
71.1 31.2742 14 1.0
71.2 31.32185 14 1.0
71.3 31.3695 14 1.0
71.4 31.41715 14 1.0
71.5 31.4648 14 1.0
71.6 31.51244 14 1.0
71.7 31.56009 14 1.0
71.8 31.60774 14 1.0
71.9 31.65539 14 1.0
72.0 31.70303 14 1.0
72.1 31.75068 14 1.0
72.2 31.79833 14 1.0
72.3 31.84598 14 1.0
72.4 31.89363 14 1.0
72.5 31.94127 14 1.0
72.6 31.98892 14 1.0
72.7 32.03657 14 1.0
72.8 32.08422 14 1.0
72.9 32.13186 14 1.0
73.0 32.17951 14 1.0
73.1 32.22716 14 1.0
73.2 32.27481 14 1.0
73.3 32.32246 14 1.0
73.4 32.3701 14 1.0
73.5 32.41775 14 1.0
73.6 32.4654 14 1.0
73.7 32.51305 14 1.0
73.8 32.56069 14 1.0
73.9 32.60834 14 1.0
74.0 32.65599 14 1.0
74.1 32.70364 14 1.0
74.2 32.75129 14 1.0
74.3 32.79893 14 1.0
74.4 32.84658 14 1.0
74.5 32.89423 14 1.0
74.6 32.94188 14 1.0
74.7 32.98952 14 1.0
74.8 33.03717 14 1.0
74.9 33.08482 14 1.0
75.0 33.13247 14 1.0
75.1 33.18012 14 1.0
75.2 33.22776 14 1.0
75.3 33.27541 14 1.0
75.4 33.32306 14 1.0
75.5 33.37071 14 1.0
75.6 33.41835 14 1.0
75.7 33.466 14 1.0
75.8 33.51365 14 1.0
75.9 33.5613 14 1.0
76.0 33.60895 14 1.0
76.1 33.65659 14 1.0
76.2 33.70424 14 1.0
76.3 33.75189 14 1.0
76.4 33.79954 14 1.0
76.5 33.84718 14 1.0
76.6 33.89483 14 1.0
76.7 33.94248 14 1.0
76.8 33.99013 14 1.0
76.9 34.03778 14 1.0
77.0 34.08542 14 1.0
77.1 34.13307 14 1.0
77.2 34.18072 14 1.0
77.3 34.22837 14 1.0
77.4 34.27601 14 1.0
77.5 34.32366 14 1.0
77.6 34.37131 14 1.0
77.7 34.41896 14 1.0
77.8 34.46661 14 1.0
77.9 34.51425 14 1.0
78.0 34.5619 14 1.0
78.1 34.60955 14 1.0
78.2 34.6572 14 1.0
78.3 34.70484 14 1.0
78.4 34.75249 14 1.0
78.5 34.80014 14 1.0
78.6 34.84779 14 1.0
78.7 34.89544 14 1.0
78.8 34.94308 14 1.0
78.9 34.99073 14 1.0
79.0 35.03838 14 1.0
79.1 35.08603 14 1.0
79.2 35.13367 14 1.0
79.3 35.18132 14 1.0
79.4 35.22897 14 1.0
79.5 35.27662 14 1.0
79.6 35.32427 14 1.0
79.7 35.37191 14 1.0
79.8 35.41956 14 1.0
79.9 35.46721 14 1.0
80.0 35.51486 14 1.0
80.1 35.45344 14 1.0
80.2 35.39203 14 1.0
80.3 35.33061 14 1.0
80.4 35.2692 14 1.0
80.5 35.20778 14 1.0
80.6 35.14637 14 1.0
80.7 35.08495 14 1.0
80.8 35.02354 14 1.0
80.9 34.96212 14 1.0
81.0 34.90071 14 1.0
81.1 34.83929 14 1.0
81.2 34.77788 14 1.0
81.3 34.71646 14 1.0
81.4 34.65505 14 1.0
81.5 34.59363 14 1.0
81.6 34.53222 14 1.0
81.7 34.4708 14 1.0
81.8 34.40939 14 1.0
81.9 34.34797 14 1.0
82.0 34.28656 14 1.0
82.1 34.22514 14 1.0
82.2 34.16373 14 1.0
82.3 34.10231 14 1.0
82.4 34.0409 14 1.0
82.5 33.97948 14 1.0
82.6 33.91807 14 1.0
82.7 33.85665 14 1.0
82.8 33.79524 14 1.0
82.9 33.73382 14 1.0
83.0 33.67241 14 1.0
83.1 33.611 14 1.0
83.2 33.54958 14 1.0
83.3 33.48817 14 1.0
83.4 33.42675 14 1.0
83.5 33.36534 14 1.0
83.6 33.30392 14 1.0
83.7 33.24251 14 1.0
83.8 33.18109 14 1.0
83.9 33.11968 14 1.0
84.0 33.05826 14 1.0
84.1 32.99685 14 1.0
84.2 32.93543 14 1.0
84.3 32.87402 14 1.0
84.4 32.8126 14 1.0
84.5 32.75119 14 1.0
84.6 32.68977 14 1.0
84.7 32.62836 14 1.0
84.8 32.56694 14 1.0
84.9 32.50553 14 1.0
85.0 32.44411 14 1.0
85.1 32.3827 14 1.0
85.2 32.32128 14 1.0
85.3 32.25987 14 1.0
85.4 32.19845 14 1.0
85.5 32.13704 14 1.0
85.6 32.54711 14 1.0
85.7 33.45236 14 1.0
85.8 34.36409 14 1.0
85.9 35.28228 14 1.0
86.0 36.20695 14 1.0
86.1 37.13808 14 1.0
86.2 38.07569 14 1.0
86.3 39.01977 14 1.0
86.4 39.97031 14 1.0
86.5 40.92733 14 1.0
86.6 41.89082 14 1.0
86.7 42.86078 14 1.0
86.8 43.83721 14 1.0
86.9 44.82011 14 1.0
87.0 45.80948 14 1.0
87.1 46.80533 14 1.0
87.2 47.80764 14 1.0
87.3 48.81642 14 1.0
87.4 49.83168 14 1.0
87.5 50.8534 14 1.0
87.6 51.8816 14 1.0
87.7 52.91626 14 1.0
87.8 53.9574 14 1.0
87.9 55.005 14 1.0
88.0 56.05908 14 1.0
88.1 57.11963 14 1.0
88.2 58.18665 14 1.0
88.3 59.26014 14 1.0
88.4 60.3401 14 1.0
88.5 61.42653 14 1.0
88.6 62.51943 14 1.0
88.7 63.6188 14 1.0
88.8 64.72464 14 1.0
88.9 65.83696 14 1.0
89.0 66.95574 14 1.0
89.1 68.08099 14 1.0
89.2 69.21272 14 1.0
89.3 70.35091 14 1.0
89.4 71.49558 14 1.0
89.5 72.64671 14 1.0
89.6 73.80432 14 1.0
89.7 74.9684 14 1.0
89.8 76.13895 14 1.0
89.9 77.31597 14 1.0
90.0 78.49946 14 1.0
90.1 78.36245 14 1.0
90.2 78.22506 14 1.0
90.3 78.08729 14 1.0
90.4 77.94913 14 1.0
90.5 77.81058 14 1.0
90.6 77.67165 14 1.0
90.7 77.53234 14 1.0
90.8 77.39264 14 1.0
90.9 77.25255 14 1.0
91.0 77.11208 14 1.0
91.1 76.97122 14 1.0
91.2 76.82998 14 1.0
91.3 76.68835 14 1.0
91.4 76.54633 14 1.0
91.5 76.40393 14 1.0
91.6 76.26115 14 1.0
91.7 76.11798 14 1.0
91.8 75.97443 14 1.0
91.9 75.83048 14 1.0
92.0 75.68616 14 1.0
92.1 75.54145 14 1.0
92.2 75.39635 14 1.0
92.3 75.25087 14 1.0
92.4 75.105 14 1.0
92.5 74.95875 14 1.0
92.6 74.81211 14 1.0
92.7 74.66509 14 1.0
92.8 74.51768 14 1.0
92.9 74.36988 14 1.0
93.0 74.2217 14 1.0
93.1 74.07314 14 1.0
93.2 73.92419 14 1.0
93.3 73.77485 14 1.0
93.4 73.62513 14 1.0
93.5 73.47502 14 1.0
93.6 73.32453 14 1.0
93.7 73.17365 14 1.0
93.8 73.02239 14 1.0
93.9 72.87074 14 1.0
94.0 72.71871 14 1.0
94.1 72.56629 14 1.0
94.2 72.41348 14 1.0
94.3 72.26029 14 1.0
94.4 72.10672 14 1.0
94.5 71.95276 14 1.0
94.6 71.79841 14 1.0
94.7 71.64368 14 1.0
94.8 71.48856 14 1.0
94.9 71.33306 14 1.0
95.0 71.17717 14 1.0
95.1 71.0209 14 1.0
95.2 70.86424 14 1.0
95.3 70.7072 14 1.0
95.4 70.54977 14 1.0
95.5 70.39195 14 1.0
95.6 70.23375 14 1.0
95.7 70.07517 14 1.0
95.8 69.9162 14 1.0
95.9 69.75684 14 1.0
96.0 69.5971 14 1.0
96.1 69.43697 14 1.0
96.2 69.27646 14 1.0
96.3 69.11556 14 1.0
96.4 68.95428 14 1.0
96.5 68.79261 14 1.0
96.6 68.63056 14 1.0
96.7 68.46812 14 1.0
96.8 68.30529 14 1.0
96.9 68.14208 14 1.0
97.0 67.97849 14 1.0
97.1 67.81451 14 1.0
97.2 67.65014 14 1.0
97.3 67.48539 14 1.0
97.4 67.32025 14 1.0
97.5 67.15473 14 1.0
97.6 66.98882 14 1.0
97.7 66.82253 14 1.0
97.8 66.65585 14 1.0
97.9 66.48879 14 1.0
98.0 66.32134 14 1.0
98.1 66.1535 14 1.0
98.2 65.98528 14 1.0
98.3 65.81668 14 1.0
98.4 65.64769 14 1.0
98.5 65.47831 14 1.0
98.6 65.30855 14 1.0
98.7 65.1384 14 1.0
98.8 64.96787 14 1.0
98.9 64.79695 14 1.0
99.0 64.62565 14 1.0
99.1 64.45396 14 1.0
99.2 64.28189 14 1.0
99.3 64.10943 14 1.0
99.4 63.93658 14 1.0
99.5 63.76335 14 1.0
99.6 63.58974 14 1.0
99.7 63.41574 14 1.0
99.8 63.24135 14 1.0
99.9 63.06658 14 1.0
100.0 62.89142 14 1.0
100.1 62.54922 14 1.0
100.2 62.20648 14 1.0
100.3 61.8632 14 1.0
100.4 61.51937 14 1.0
100.5 61.17501 14 1.0
100.6 60.83011 14 1.0
100.7 60.48467 14 1.0
100.8 60.13869 14 1.0
100.9 59.79217 14 1.0
101.0 59.44511 14 1.0
101.1 59.09751 14 1.0
101.2 58.74937 14 1.0
101.3 58.4007 14 1.0
101.4 58.05148 14 1.0
101.5 57.70172 14 1.0
101.6 57.35142 14 1.0
101.7 57.00058 14 1.0
101.8 56.64921 14 1.0
101.9 56.29729 14 1.0
102.0 55.94483 14 1.0
102.1 55.59184 14 1.0
102.2 55.2383 14 1.0
102.3 54.88422 14 1.0
102.4 54.52961 14 1.0
102.5 54.17445 14 1.0
102.6 53.81876 14 1.0
102.7 53.46252 14 1.0
102.8 53.10575 14 1.0
102.9 52.74843 14 1.0
103.0 52.39058 14 1.0
103.1 52.03219 14 1.0
103.2 51.67325 14 1.0
103.3 51.31378 14 1.0
103.4 50.95377 14 1.0
103.5 50.59321 14 1.0
103.6 50.23212 14 1.0
103.7 49.87049 14 1.0
103.8 49.50832 14 1.0
103.9 49.14561 14 1.0
104.0 48.78235 14 1.0
104.1 48.41856 14 1.0
104.2 48.05423 14 1.0
104.3 47.68936 14 1.0
104.4 47.32395 14 1.0
104.5 46.958 14 1.0
104.6 46.59151 14 1.0
104.7 46.22448 14 1.0
104.8 45.85691 14 1.0
104.9 45.4888 14 1.0
105.0 45.12016 14 1.0
105.1 44.75097 14 1.0
105.2 44.38124 14 1.0
105.3 44.01097 14 1.0
105.4 43.64016 14 1.0
105.5 43.26882 14 1.0
105.6 42.89693 14 1.0
105.7 42.5245 14 1.0
105.8 42.15154 14 1.0
105.9 41.77803 14 1.0
106.0 41.40399 14 1.0
106.1 41.0294 14 1.0
106.2 40.65427 14 1.0
106.3 40.27861 14 1.0
106.4 39.9024 14 1.0
106.5 39.52566 14 1.0
106.6 39.14838 14 1.0
106.7 38.77055 14 1.0
106.8 38.39219 14 1.0
106.9 38.01328 14 1.0
107.0 37.63384 14 1.0
107.1 37.25386 14 1.0
107.2 36.87334 14 1.0
107.3 36.49227 14 1.0
107.4 36.11067 14 1.0
107.5 35.72853 14 1.0
107.6 35.34585 14 1.0
107.7 34.96263 14 1.0
107.8 34.57887 14 1.0
107.9 34.19457 14 1.0
108.0 33.80973 14 1.0
108.1 33.79255 14 1.0
108.2 33.82246 14 1.0
108.3 33.85237 14 1.0
108.4 33.88228 14 1.0
108.5 33.91219 14 1.0
108.6 33.9421 14 1.0
108.7 33.97201 14 1.0
108.8 34.00192 14 1.0
108.9 34.03183 14 1.0
109.0 34.06174 14 1.0
109.1 34.09165 14 1.0
109.2 34.12156 14 1.0
109.3 34.15147 14 1.0
109.4 34.18138 14 1.0
109.5 34.21129 14 1.0
109.6 34.2412 14 1.0
109.7 34.27111 14 1.0
109.8 34.30102 14 1.0
109.9 34.33093 14 1.0
110.0 34.36084 14 1.0
110.1 34.40766 14 1.0
110.2 34.45448 14 1.0
110.3 34.50129 14 1.0
110.4 34.54811 14 1.0
110.5 34.59493 14 1.0
110.6 34.64175 14 1.0
110.7 34.68856 14 1.0
110.8 34.73538 14 1.0
110.9 34.7822 14 1.0
111.0 34.82901 14 1.0
111.1 34.87583 14 1.0
111.2 34.92265 14 1.0
111.3 34.96947 14 1.0
111.4 35.01628 14 1.0
111.5 35.0631 14 1.0
111.6 35.10992 14 1.0
111.7 35.15674 14 1.0
111.8 35.20355 14 1.0
111.9 35.25037 14 1.0
112.0 35.29719 14 1.0
112.1 35.344 14 1.0
112.2 35.39082 14 1.0
112.3 35.43764 14 1.0
112.4 35.48446 14 1.0
112.5 35.53127 14 1.0
112.6 35.57809 14 1.0
112.7 35.62491 14 1.0
112.8 35.67173 14 1.0
112.9 35.71854 14 1.0
113.0 35.76536 14 1.0
113.1 35.81218 14 1.0
113.2 35.85899 14 1.0
113.3 35.90581 14 1.0
113.4 35.95263 14 1.0
113.5 35.99945 14 1.0
113.6 36.04626 14 1.0
113.7 36.09308 14 1.0
113.8 36.1399 14 1.0
113.9 36.18672 14 1.0
114.0 36.23353 14 1.0
114.1 36.28035 14 1.0
114.2 36.32717 14 1.0
114.3 36.37398 14 1.0
114.4 36.4208 14 1.0
114.5 36.46762 14 1.0
114.6 36.51444 14 1.0
114.7 36.56125 14 1.0
114.8 36.60807 14 1.0
114.9 36.65489 14 1.0
115.0 36.70171 14 1.0
115.1 36.74852 14 1.0
115.2 36.79534 14 1.0
115.3 36.84216 14 1.0
115.4 36.88897 14 1.0
115.5 36.93579 14 1.0
115.6 36.98261 14 1.0
115.7 37.02943 14 1.0
115.8 37.07624 14 1.0
115.9 37.12306 14 1.0
116.0 37.16988 14 1.0
116.1 37.2167 14 1.0
116.2 37.26351 14 1.0
116.3 37.31033 14 1.0
116.4 37.35715 14 1.0
116.5 37.40396 14 1.0
116.6 37.45078 14 1.0
116.7 37.4976 14 1.0
116.8 37.54442 14 1.0
116.9 37.59123 14 1.0
117.0 37.63805 14 1.0
117.1 37.68487 14 1.0
117.2 37.73169 14 1.0
117.3 37.7785 14 1.0
117.4 37.82532 14 1.0
117.5 37.87214 14 1.0
117.6 37.91895 14 1.0
117.7 37.96577 14 1.0
117.8 38.01259 14 1.0
117.9 38.05941 14 1.0
118.0 38.10622 14 1.0
118.1 38.15304 14 1.0
118.2 38.19986 14 1.0
118.3 38.24668 14 1.0
118.4 38.29349 14 1.0
118.5 38.34031 14 1.0
118.6 38.38713 14 1.0
118.7 38.43394 14 1.0
118.8 38.48076 14 1.0
118.9 38.52758 14 1.0
119.0 38.5744 14 1.0
119.1 38.62121 14 1.0
119.2 38.66803 14 1.0
119.3 38.72095 14 1.0
119.4 38.77453 14 1.0
119.5 38.82812 14 1.0
119.6 38.8817 14 1.0
119.7 38.9357 14 1.0
119.8 38.98929 14 1.0
119.9 39.04289 14 1.0
120.0 39.09657 14 1.0
120.1 39.10759 14 1.0
120.2 39.11995 14 1.0
120.3 39.1323 14 1.0
120.4 39.14465 14 1.0
120.5 39.15701 14 1.0
120.6 39.16936 14 1.0
120.7 39.18171 14 1.0
120.8 39.19406 14 1.0
120.9 39.20641 14 1.0
121.0 39.21877 14 1.0
121.1 39.23112 14 1.0
121.2 39.24347 14 1.0
121.3 39.25583 14 1.0
121.4 39.26818 14 1.0
121.5 39.28053 14 1.0
121.6 39.29288 14 1.0
121.7 39.30524 14 1.0
121.8 39.3176 14 1.0
121.9 39.32995 14 1.0
122.0 39.34231 14 1.0
122.1 39.35466 14 1.0
122.2 39.36701 14 1.0
122.3 39.37936 14 1.0
122.4 39.39171 14 1.0
122.5 39.40406 14 1.0
122.6 39.41641 14 1.0
122.7 39.42876 14 1.0
122.8 39.44111 14 1.0
122.9 39.45346 14 1.0
123.0 39.46581 14 1.0
123.1 39.47816 14 1.0
123.2 39.49051 14 1.0
123.3 39.50285 14 1.0
123.4 39.51519 14 1.0
123.5 39.52752 14 1.0
123.6 39.53985 14 1.0
123.7 39.55219 14 1.0
123.8 39.56452 14 1.0
123.9 39.57685 14 1.0
124.0 39.58919 14 1.0
124.1 39.60152 14 1.0
124.2 39.61385 14 1.0
124.3 39.62611 14 1.0
124.4 39.63844 14 1.0
124.5 39.65077 14 1.0
124.6 39.6631 14 1.0
124.7 39.67543 14 1.0
124.8 39.68776 14 1.0
124.9 39.70009 14 1.0
125.0 39.71242 14 1.0
125.1 39.72475 14 1.0
125.2 39.73707 14 1.0
125.3 39.7494 14 1.0
125.4 39.76173 14 1.0
125.5 39.77406 14 1.0
125.6 39.78638 14 1.0
125.7 39.79871 14 1.0
125.8 39.81103 14 1.0
125.9 39.82336 14 1.0
126.0 39.83568 14 1.0
126.1 39.84801 14 1.0
126.2 39.86033 14 1.0
126.3 39.87266 14 1.0
126.4 39.88498 14 1.0
126.5 39.8973 14 1.0
126.6 39.90963 14 1.0
126.7 39.92195 14 1.0
126.8 39.93427 14 1.0
126.9 39.94661 14 1.0
127.0 39.95895 14 1.0
127.1 39.97149 14 1.0
127.2 39.98382 14 1.0
127.3 39.99614 14 1.0
127.4 40.00846 14 1.0
127.5 40.02177 14 1.0
127.6 40.03331 14 1.0
127.7 40.04563 14 1.0
127.8 40.05796 14 1.0
127.9 40.07028 14 1.0
128.0 40.0826 14 1.0
128.1 40.09492 14 1.0
128.2 40.10725 14 1.0
128.3 40.11957 14 1.0
128.4 40.13189 14 1.0
128.5 40.14421 14 1.0
128.6 40.15653 14 1.0
128.7 40.16885 14 1.0
128.8 40.18117 14 1.0
128.9 40.1935 14 1.0
129.0 40.20584 14 1.0
129.1 40.21818 14 1.0
129.2 40.23052 14 1.0
129.3 40.24287 14 1.0
129.4 40.25521 14 1.0
129.5 40.26772 14 1.0
129.6 40.28004 14 1.0
129.7 40.29236 14 1.0
129.8 40.30468 14 1.0
129.9 40.317 14 1.0
130.0 40.32928 14 1.0
130.1 40.36995 14 1.0
130.2 40.41048 14 1.0
130.3 40.45109 14 1.0
130.4 40.4919 14 1.0
130.5 40.53299 14 1.0
130.6 40.57363 14 1.0
130.7 40.61444 14 1.0
130.8 40.65522 14 1.0
130.9 40.69601 14 1.0
131.0 40.73668 14 1.0
131.1 40.77724 14 1.0
131.2 40.81777 14 1.0
131.3 40.85827 14 1.0
131.4 40.89874 14 1.0
131.5 40.94037 14 1.0
131.6 40.98113 14 1.0
131.7 41.0219 14 1.0
131.8 41.06266 14 1.0
131.9 41.10343 14 1.0
132.0 41.1442 14 1.0
132.1 41.18498 14 1.0
132.2 41.22576 14 1.0
132.3 41.2665 14 1.0
132.4 41.30713 14 1.0
132.5 41.34776 14 1.0
132.6 41.38837 14 1.0
132.7 41.42898 14 1.0
132.8 41.46958 14 1.0
132.9 41.51016 14 1.0
133.0 41.55074 14 1.0
133.1 41.5913 14 1.0
133.2 41.63186 14 1.0
133.3 41.6724 14 1.0
133.4 41.71294 14 1.0
133.5 41.75346 14 1.0
133.6 41.79398 14 1.0
133.7 41.83449 14 1.0
133.8 41.87498 14 1.0
133.9 41.91547 14 1.0
134.0 41.95593 14 1.0
134.1 41.99641 14 1.0
134.2 42.03687 14 1.0
134.3 42.07732 14 1.0
134.4 42.11776 14 1.0
134.5 42.15819 14 1.0
134.6 42.19882 14 1.0
134.7 42.23952 14 1.0
134.8 42.28022 14 1.0
134.9 42.32093 14 1.0
135.0 42.36163 14 1.0
135.1 42.40234 14 1.0
135.2 42.44306 14 1.0
135.3 42.48378 14 1.0
135.4 42.52449 14 1.0
135.5 42.56521 14 1.0
135.6 42.60593 14 1.0
135.7 42.64665 14 1.0
135.8 42.68738 14 1.0
135.9 42.72811 14 1.0
136.0 42.76884 14 1.0
136.1 42.80957 14 1.0
136.2 42.85031 14 1.0
136.3 42.89105 14 1.0
136.4 42.93179 14 1.0
136.5 42.97254 14 1.0
136.6 43.01329 14 1.0
136.7 43.05404 14 1.0
136.8 43.09479 14 1.0
136.9 43.13088 14 1.0
137.0 43.17148 14 1.0
137.1 43.21208 14 1.0
137.2 43.25269 14 1.0
137.3 43.29329 14 1.0
137.4 43.33388 14 1.0
137.5 43.37449 14 1.0
137.6 43.4151 14 1.0
137.7 43.4557 14 1.0
137.8 43.4963 14 1.0
137.9 43.53691 14 1.0
138.0 43.57751 14 1.0
138.1 43.6181 14 1.0
138.2 43.65871 14 1.0
138.3 43.69932 14 1.0
138.4 43.73992 14 1.0
138.5 43.78052 14 1.0
138.6 43.82113 14 1.0
138.7 43.86173 14 1.0
138.8 43.90233 14 1.0
138.9 43.94293 14 1.0
139.0 43.98354 14 1.0
139.1 44.02414 14 1.0
139.2 44.06474 14 1.0
139.3 44.10535 14 1.0
139.4 44.14595 14 1.0
139.5 44.18655 14 1.0
139.6 44.22715 14 1.0
139.7 44.26775 14 1.0
139.8 44.30836 14 1.0
139.9 44.34896 14 1.0
140.0 44.39578 14 1.0
140.1 44.43438 14 1.0
140.2 44.47298 14 1.0
140.3 44.51158 14 1.0
140.4 44.55018 14 1.0
140.5 44.5893 14 1.0
140.6 44.62878 14 1.0
140.7 44.66826 14 1.0
140.8 44.70775 14 1.0
140.9 44.74723 14 1.0
141.0 44.78671 14 1.0
141.1 44.82619 14 1.0
141.2 44.86567 14 1.0
141.3 44.90514 14 1.0
141.4 44.94462 14 1.0
141.5 44.98411 14 1.0
141.6 45.02359 14 1.0
141.7 45.06307 14 1.0
141.8 45.10254 14 1.0
141.9 45.14202 14 1.0
142.0 45.1815 14 1.0
142.1 45.22097 14 1.0
142.2 45.26045 14 1.0
142.3 45.29994 14 1.0
142.4 45.33944 14 1.0
142.5 45.37893 14 1.0
142.6 45.41843 14 1.0
142.7 45.45807 14 1.0
142.8 45.49753 14 1.0
142.9 45.5368 14 1.0
143.0 45.57799 14 1.0
143.1 45.61724 14 1.0
143.2 45.65649 14 1.0
143.3 45.69573 14 1.0
143.4 45.73497 14 1.0
143.5 45.77421 14 1.0
143.6 45.81345 14 1.0
143.7 45.85269 14 1.0
143.8 45.89193 14 1.0
143.9 45.93116 14 1.0
144.0 45.9704 14 1.0
144.1 46.00963 14 1.0
144.2 46.04886 14 1.0
144.3 46.08809 14 1.0
144.4 46.12732 14 1.0
144.5 46.16655 14 1.0
144.6 46.20577 14 1.0
144.7 46.245 14 1.0
144.8 46.28422 14 1.0
144.9 46.32345 14 1.0
145.0 46.36266 14 1.0
145.1 46.40188 14 1.0
145.2 46.44111 14 1.0
145.3 46.48032 14 1.0
145.4 46.51954 14 1.0
145.5 46.55876 14 1.0
145.6 46.59798 14 1.0
145.7 46.63719 14 1.0
145.8 46.6764 14 1.0
145.9 46.71561 14 1.0
146.0 46.75482 14 1.0
146.1 46.79403 14 1.0
146.2 46.83323 14 1.0
146.3 46.87244 14 1.0
146.4 46.91164 14 1.0
146.5 46.95085 14 1.0
146.6 46.99005 14 1.0
146.7 47.02925 14 1.0
146.8 47.06845 14 1.0
146.9 47.10594 14 1.0
147.0 47.1452 14 1.0
147.1 47.18445 14 1.0
147.2 47.2237 14 1.0
147.3 47.26296 14 1.0
147.4 47.3022 14 1.0
147.5 47.34145 14 1.0
147.6 47.38069 14 1.0
147.7 47.41994 14 1.0
147.8 47.45918 14 1.0
147.9 47.49846 14 1.0
148.0 47.53745 14 1.0
148.1 47.57674 14 1.0
148.2 47.61599 14 1.0
148.3 47.65523 14 1.0
148.4 47.69448 14 1.0
148.5 47.73372 14 1.0
148.6 47.77296 14 1.0
148.7 47.8122 14 1.0
148.8 47.85144 14 1.0
148.9 47.89067 14 1.0
149.0 47.92991 14 1.0
149.1 47.96949 14 1.0
149.2 48.00868 14 1.0
149.3 48.04787 14 1.0
149.4 48.08707 14 1.0
149.5 48.12626 14 1.0
149.6 48.16544 14 1.0
149.7 48.20463 14 1.0
149.8 48.24382 14 1.0
149.9 48.283 14 1.0
150.0 48.32217 14 1.0
150.1 48.36406 14 1.0
150.2 48.40595 14 1.0
150.3 48.44783 14 1.0
150.4 48.48972 14 1.0
150.5 48.53161 14 1.0
150.6 48.5735 14 1.0
150.7 48.61539 14 1.0
150.8 48.65727 14 1.0
150.9 48.69917 14 1.0
151.0 48.74106 14 1.0
151.1 48.78295 14 1.0
151.2 48.82483 14 1.0
151.3 48.86672 14 1.0
151.4 48.90861 14 1.0
151.5 48.9505 14 1.0
151.6 48.99239 14 1.0
151.7 49.03428 14 1.0
151.8 49.07617 14 1.0
151.9 49.11805 14 1.0
152.0 49.15994 14 1.0
152.1 49.20182 14 1.0
152.2 49.24371 14 1.0
152.3 49.2856 14 1.0
152.4 49.3275 14 1.0
152.5 49.36938 14 1.0
152.6 49.41127 14 1.0
152.7 49.45316 14 1.0
152.8 49.49505 14 1.0
152.9 49.53694 14 1.0
153.0 49.57883 14 1.0
153.1 49.62071 14 1.0
153.2 49.6626 14 1.0
153.3 49.70449 14 1.0
153.4 49.74638 14 1.0
153.5 49.78827 14 1.0
153.6 49.83015 14 1.0
153.7 49.87204 14 1.0
153.8 49.91393 14 1.0
153.9 49.95581 14 1.0
154.0 49.9977 14 1.0
154.1 50.03959 14 1.0
154.2 50.08149 14 1.0
154.3 50.12337 14 1.0
154.4 50.16526 14 1.0
154.5 50.20715 14 1.0
154.6 50.24904 14 1.0
154.7 50.29093 14 1.0
154.8 50.33282 14 1.0
154.9 50.3747 14 1.0
155.0 50.41659 14 1.0
155.1 50.45848 14 1.0
155.2 50.50037 14 1.0
155.3 50.54226 14 1.0
155.4 50.58415 14 1.0
155.5 50.62603 14 1.0
155.6 50.66792 14 1.0
155.7 50.70981 14 1.0
155.8 50.7517 14 1.0
155.9 50.79359 14 1.0
156.0 50.83548 14 1.0
156.1 50.87736 14 1.0
156.2 50.91925 14 1.0
156.3 50.96114 14 1.0
156.4 51.00303 14 1.0
156.5 51.04492 14 1.0
156.6 51.08681 14 1.0
156.7 51.12869 14 1.0
156.8 51.17058 14 1.0
156.9 51.21246 14 1.0
157.0 51.25435 14 1.0
157.1 51.29624 14 1.0
157.2 51.33813 14 1.0
157.3 51.38002 14 1.0
157.4 51.42191 14 1.0
157.5 51.46379 14 1.0
157.6 51.50568 14 1.0
157.7 51.54757 14 1.0
157.8 51.58946 14 1.0
157.9 51.63135 14 1.0
158.0 51.67324 14 1.0
158.1 51.71512 14 1.0
158.2 51.75701 14 1.0
158.3 51.7989 14 1.0
158.4 51.84079 14 1.0
158.5 51.88268 14 1.0
158.6 51.92457 14 1.0
158.7 51.96645 14 1.0
158.8 52.00834 14 1.0
158.9 52.05023 14 1.0
159.0 52.09212 14 1.0
159.1 52.13401 14 1.0
159.2 52.1759 14 1.0
159.3 52.21778 14 1.0
159.4 52.25967 14 1.0
159.5 52.30155 14 1.0
159.6 52.34344 14 1.0
159.7 52.38533 14 1.0
159.8 52.42722 14 1.0
159.9 52.46911 14 1.0
160.0 52.511 14 1.0
160.1 52.55289 14 1.0
160.2 52.59477 14 1.0
160.3 52.63666 14 1.0
160.4 52.67855 14 1.0
160.5 52.72044 14 1.0
160.6 52.76233 14 1.0
160.7 52.80422 14 1.0
160.8 52.84611 14 1.0
160.9 52.888 14 1.0
161.0 52.92989 14 1.0
161.1 52.97178 14 1.0
161.2 53.01366 14 1.0
161.3 53.05555 14 1.0
161.4 53.09744 14 1.0
161.5 53.13933 14 1.0
161.6 53.18122 14 1.0
161.7 53.22311 14 1.0
161.8 53.26499 14 1.0
161.9 53.30688 14 1.0
162.0 53.34877 14 1.0
162.1 53.39067 14 1.0
162.2 53.43255 14 1.0
162.3 53.47444 14 1.0
162.4 53.51633 14 1.0
162.5 53.55821 14 1.0
162.6 53.6001 14 1.0
162.7 53.64199 14 1.0
162.8 53.68388 14 1.0
162.9 53.72577 14 1.0
163.0 53.76765 14 1.0
163.1 53.80954 14 1.0
163.2 53.85143 14 1.0
163.3 53.89332 14 1.0
163.4 53.93521 14 1.0
163.5 53.9771 14 1.0
163.6 54.01898 14 1.0
163.7 54.06087 14 1.0
163.8 54.10276 14 1.0
163.9 53.93601 14 1.0
164.0 53.31617 14 1.0
164.1 52.69533 14 1.0
164.2 52.07347 14 1.0
164.3 51.4506 14 1.0
164.4 50.82671 14 1.0
164.5 50.20181 14 1.0
164.6 49.5759 14 1.0
164.7 48.94897 14 1.0
164.8 48.32103 14 1.0
164.9 47.69208 14 1.0
165.0 47.06211 14 1.0
165.1 46.43113 14 1.0
165.2 45.79914 14 1.0
165.3 45.16613 14 1.0
165.4 44.53211 14 1.0
165.5 43.89708 14 1.0
165.6 43.26103 14 1.0
165.7 42.62397 14 1.0
165.8 41.9859 14 1.0
165.9 41.34681 14 1.0
166.0 40.70671 14 1.0
166.1 40.06559 14 1.0
166.2 39.42346 14 1.0
166.3 38.78032 14 1.0
166.4 38.13617 14 1.0
166.5 37.491 14 1.0
166.6 36.84482 14 1.0
166.7 36.19776 14 1.0
166.8 35.54955 14 1.0
166.9 34.90032 14 1.0
167.0 34.25009 14 1.0
167.1 33.59884 14 1.0
167.2 32.94658 14 1.0
167.3 32.2933 14 1.0
167.4 31.63901 14 1.0
167.5 30.98371 14 1.0
167.6 30.32739 14 1.0
167.7 29.67006 14 1.0
167.8 29.01172 14 1.0
167.9 28.35236 14 1.0
168.0 27.69199 14 1.0
168.1 27.03061 14 1.0
168.2 26.36821 14 1.0
168.3 25.7048 14 1.0
168.4 25.04037 14 1.0
168.5 24.37493 14 1.0
168.6 23.70848 14 1.0
168.7 23.04102 14 1.0
168.8 22.37254 14 1.0
168.9 21.70305 14 1.0
169.0 21.03254 14 1.0
169.1 20.36102 14 1.0
169.2 19.68849 14 1.0
169.3 19.01495 14 1.0
169.4 18.34039 14 1.0
169.5 17.66481 14 1.0
169.6 16.98823 14 1.0
169.7 16.31063 14 1.0
169.8 15.63201 14 1.0
169.9 14.95239 14 1.0
170.0 14.27175 14 1.0
170.1 13.59009 14 1.0
170.2 12.90743 14 1.0
170.3 12.22375 14 1.0
170.4 11.53905 14 1.0
170.5 10.85334 14 1.0
170.6 10.16662 14 1.0
170.7 9.47889 14 1.0
170.8 8.790142 14 1.0
170.9 8.10038 14 1.0
171.0 7.409606 14 1.0
171.1 6.717817 14 1.0
171.2 6.025016 14 1.0
171.3 5.3312 14 1.0
171.4 4.636372 14 1.0
171.5 0.0 15 0.0
171.6 0.0 15 0.0
171.7 0.0 15 0.0
171.8 0.0 15 0.0
171.9 0.0 15 0.0
172.0 0.0 15 0.0
172.1 0.0 15 0.0
172.2 0.0 15 0.0
172.3 0.0 15 0.0
172.4 0.0 15 0.0
172.5 0.0 15 0.0
172.6 0.0 15 0.0
172.7 0.0 15 0.0
172.8 0.0 15 0.0
172.9 0.0 15 0.0
173.0 0.0 15 0.0
173.1 0.0 15 0.0
173.2 0.0 15 0.0
173.3 0.0 15 0.0
173.4 0.0 15 0.0
173.5 0.0 15 0.0
173.6 0.0 15 0.0
173.7 0.0 15 0.0
173.8 0.0 15 0.0
173.9 0.0 15 0.0
174.0 0.0 15 0.0
174.1 0.0 15 0.0
174.2 0.0 15 0.0
174.3 0.0 15 0.0
174.4 0.0 15 0.0
174.5 0.0 15 0.0
174.6 0.0 15 0.0
174.7 0.0 15 0.0
174.8 0.0 15 0.0
174.9 0.0 15 0.0
175.0 0.0 15 0.0
175.1 0.0 15 0.0
175.2 0.0 15 0.0
175.3 0.0 15 0.0
175.4 0.0 15 0.0
175.5 0.0 15 0.0
175.6 0.0 15 0.0
175.7 0.0 15 0.0
175.8 0.0 15 0.0
175.9 0.0 15 0.0
176.0 0.0 15 0.0
176.1 0.0 15 0.0
176.2 0.0 15 0.0
176.3 0.0 15 0.0
176.4 0.0 15 0.0
176.5 0.0 15 0.0
176.6 0.0 15 0.0
176.7 0.0 15 0.0
176.8 0.0 15 0.0
176.9 0.0 15 0.0
177.0 0.0 15 0.0
177.1 0.0 15 0.0
177.2 0.0 15 0.0
177.3 0.0 15 0.0
177.4 0.0 15 0.0
177.5 0.0 15 0.0
177.6 0.0 15 0.0
177.7 0.0 15 0.0
177.8 0.0 15 0.0
177.9 0.0 15 0.0
178.0 0.0 15 0.0
178.1 0.0 15 0.0
178.2 0.0 15 0.0
178.3 0.0 15 0.0
178.4 0.0 15 0.0
178.5 0.0 15 0.0
178.6 0.0 15 0.0
178.7 0.0 15 0.0
178.8 0.0 15 0.0
178.9 0.0 15 0.0
179.0 0.0 15 0.0
179.1 0.0 15 0.0
179.2 0.0 15 0.0
179.3 0.0 15 0.0
179.4 0.0 15 0.0
179.5 0.0 15 0.0
179.6 0.0 15 0.0
179.7 0.0 15 0.0
179.8 0.0 15 0.0
179.9 0.0 15 0.0
180.0 0.0 15 0.0
180.1 0.0 15 0.0
180.2 0.0 15 0.0
180.3 0.0 15 0.0
180.4 0.0 15 0.0
180.5 0.0 15 0.0
180.6 0.0 15 0.0
180.7 0.0 15 0.0
180.8 0.0 15 0.0
180.9 0.0 15 0.0
181.0 0.0 15 0.0
181.1 0.0 15 0.0
181.2 0.0 15 0.0
181.3 0.0 15 0.0
181.4 0.0 15 0.0
181.5 0.0 15 0.0
181.6 0.0 15 0.0
181.7 0.0 15 0.0
181.8 0.0 15 0.0
181.9 0.0 15 0.0
182.0 0.0 15 0.0
182.1 0.0 15 0.0
182.2 0.0 15 0.0
182.3 0.0 15 0.0
182.4 0.0 15 0.0
182.5 0.0 15 0.0
182.6 0.0 15 0.0
182.7 0.0 15 0.0
182.8 0.0 15 0.0
182.9 0.0 15 0.0
183.0 0.0 15 0.0
183.1 0.0 15 0.0
183.2 0.0 15 0.0
183.3 0.0 15 0.0
183.4 0.0 15 0.0
183.5 0.0 15 0.0
183.6 0.0 15 0.0
183.7 0.0 15 0.0
183.8 0.0 15 0.0
183.9 0.0 15 0.0
184.0 0.0 15 0.0
184.1 0.0 15 0.0
184.2 0.0 15 0.0
184.3 0.0 15 0.0
184.4 0.0 15 0.0
184.5 0.0 15 0.0
184.6 0.0 15 0.0
184.7 0.0 15 0.0
184.8 0.0 15 0.0
184.9 0.0 15 0.0
185.0 0.0 15 0.0
185.1 0.0 15 0.0
185.2 0.0 15 0.0
185.3 0.0 15 0.0
185.4 0.0 15 0.0
185.5 0.0 15 0.0
185.6 0.0 15 0.0
185.7 0.0 15 0.0
185.8 0.0 15 0.0
185.9 0.0 15 0.0
186.0 0.0 15 0.0
186.1 0.0 15 0.0
186.2 0.0 15 0.0
186.3 0.0 15 0.0
186.4 0.0 15 0.0
186.5 0.0 15 0.0
186.6 0.0 15 0.0
186.7 0.0 15 0.0
186.8 0.0 15 0.0
186.9 0.0 15 0.0
187.0 0.0 15 0.0
187.1 0.0 15 0.0
187.2 0.0 15 0.0
187.3 0.0 15 0.0
187.4 0.0 15 0.0
187.5 0.0 15 0.0
187.6 0.0 15 0.0
187.7 0.0 15 0.0
187.8 0.0 15 0.0
187.9 0.0 15 0.0
188.0 0.0 15 0.0
188.1 0.0 15 0.0
188.2 0.0 15 0.0
188.3 0.0 15 0.0
188.4 0.0 15 0.0
188.5 0.0 15 0.0
188.6 0.0 15 0.0
188.7 0.0 15 0.0
188.8 0.0 15 0.0
188.9 0.0 15 0.0
189.0 0.0 15 0.0
189.1 0.0 15 0.0
189.2 0.0 15 0.0
189.3 0.0 15 0.0
189.4 0.0 15 0.0
189.5 0.0 15 0.0
189.6 0.0 15 0.0
189.7 0.0 15 0.0
189.8 0.0 15 0.0
189.9 0.0 15 0.0
190.0 0.0 15 0.0
190.1 0.0 15 0.0
190.2 0.0 15 0.0
190.3 0.0 15 0.0
190.4 0.0 15 0.0
190.5 0.0 15 0.0
190.6 0.0 15 0.0
190.7 0.0 15 0.0
190.8 0.0 15 0.0
190.9 0.0 15 0.0
191.0 0.0 15 0.0
191.1 0.0 15 0.0
191.2 0.0 15 0.0
191.3 0.0 15 0.0
191.4 0.0 15 0.0
191.5 0.0 15 0.0
191.6 0.0 15 0.0
191.7 0.0 15 0.0
191.8 0.0 15 0.0
191.9 0.0 15 0.0
192.0 0.0 15 0.0
192.1 0.0 15 0.0
192.2 0.0 15 0.0
192.3 0.0 15 0.0
192.4 0.0 15 0.0
192.5 0.0 15 0.0
192.6 0.0 15 0.0
192.7 0.0 15 0.0
192.8 0.0 15 0.0
192.9 0.0 15 0.0
193.0 0.0 15 0.0
193.1 0.0 15 0.0
193.2 0.0 15 0.0
193.3 0.0 15 0.0
193.4 0.0 15 0.0
193.5 0.0 15 0.0
193.6 0.0 15 0.0
193.7 0.0 15 0.0
193.8 0.0 15 0.0
193.9 0.0 15 0.0
194.0 0.0 15 0.0
194.1 0.0 15 0.0
194.2 0.0 15 0.0
194.3 0.0 15 0.0
194.4 0.0 15 0.0
194.5 0.0 15 0.0
194.6 0.0 15 0.0
194.7 0.0 15 0.0
194.8 0.0 15 0.0
194.9 0.0 15 0.0
195.0 0.0 15 0.0
195.1 0.0 15 0.0
195.2 0.0 15 0.0
195.3 0.0 15 0.0
195.4 0.0 15 0.0
195.5 0.0 15 0.0
195.6 0.0 15 0.0
195.7 0.0 15 0.0
195.8 0.0 15 0.0
195.9 0.0 15 0.0
196.0 0.0 15 0.0
196.1 0.0 15 0.0
196.2 0.0 15 0.0
196.3 0.0 15 0.0
196.4 0.0 15 0.0
196.5 0.0 15 0.0
196.6 0.0 15 0.0
196.7 0.0 15 0.0
196.8 0.0 15 0.0
196.9 0.0 15 0.0
197.0 0.0 15 0.0
197.1 0.0 15 0.0
197.2 0.0 15 0.0
197.3 0.0 15 0.0
197.4 0.0 15 0.0
197.5 0.0 15 0.0
197.6 0.0 15 0.0
197.7 0.0 15 0.0
197.8 0.0 15 0.0
197.9 0.0 15 0.0
198.0 0.0 15 0.0
198.1 0.0 15 0.0
198.2 0.0 15 0.0
198.3 0.0 15 0.0
198.4 0.0 15 0.0
198.5 0.0 15 0.0
198.6 0.0 15 0.0
198.7 0.0 15 0.0
198.8 0.0 15 0.0
198.9 0.0 15 0.0
199.0 0.0 15 0.0
199.1 0.0 15 0.0
199.2 0.0 15 0.0
199.3 0.0 15 0.0
199.4 0.0 15 0.0
199.5 0.0 15 0.0
199.6 0.0 15 0.0
199.7 0.0 15 0.0
199.8 0.0 15 0.0
199.9 0.0 15 0.0
200.0 0.0 15 0.0
200.1 0.0 15 0.0
200.2 0.0 15 0.0
200.3 0.0 15 0.0
200.4 0.0 15 0.0
200.5 0.0 15 0.0
200.6 0.0 15 0.0
200.7 0.0 15 0.0
200.8 0.0 15 0.0
200.9 0.0 15 0.0
201.0 0.0 15 0.0
201.1 0.0 15 0.0
201.2 0.0 15 0.0
201.3 0.0 15 0.0
201.4 0.0 15 0.0
201.5 0.0 15 0.0
201.6 0.0 15 0.0
201.7 0.0 15 0.0
201.8 0.0 15 0.0
201.9 0.0 15 0.0
202.0 0.0 15 0.0
202.1 0.0 15 0.0
202.2 0.0 15 0.0
202.3 0.0 15 0.0
202.4 0.0 15 0.0
202.5 0.0 15 0.0
202.6 0.0 15 0.0
202.7 0.0 15 0.0
202.8 0.0 15 0.0
202.9 0.0 15 0.0
203.0 0.0 15 0.0
203.1 0.0 15 0.0
203.2 0.0 15 0.0
203.3 0.0 15 0.0
203.4 0.0 15 0.0
203.5 0.0 15 0.0
203.6 0.0 15 0.0
203.6 0.0 15 0.0
203.8 0.0 15 0.0
203.8 0.0 15 0.0
203.9 0.0 15 0.0
204.0 0.0 15 0.0
204.1 0.0 15 0.0
204.2 0.0 15 0.0
204.3 0.0 15 0.0
204.4 0.0 15 0.0
204.5 0.0 15 0.0
204.6 0.0 15 0.0
204.7 0.0 15 0.0
204.8 0.0 15 0.0
204.9 0.0 15 0.0
205.0 0.0 15 0.0
205.1 0.0 15 0.0
205.2 0.0 15 0.0
205.3 0.0 15 0.0
205.4 0.0 15 0.0
205.5 0.0 15 0.0
205.6 0.0 15 0.0
205.7 0.0 15 0.0
205.8 0.0 15 0.0
205.9 0.0 15 0.0
206.0 0.0 15 0.0
206.1 0.0 15 0.0
206.2 0.0 15 0.0
206.3 0.0 15 0.0
206.4 0.0 15 0.0
206.5 0.0 15 0.0
206.6 0.0 15 0.0
206.7 0.0 15 0.0
206.8 0.0 15 0.0
206.9 0.0 15 0.0
207.0 0.0 15 0.0
207.1 0.0 15 0.0
207.2 0.0 15 0.0
207.3 0.0 15 0.0
207.4 0.0 15 0.0
207.5 0.0 15 0.0
207.6 0.0 15 0.0
207.7 0.0 15 0.0
207.8 0.0 15 0.0
207.9 0.0 15 0.0
208.0 0.0 15 0.0
208.1 0.0 15 0.0
208.2 0.0 15 0.0
208.3 0.0 15 0.0
208.4 0.0 15 0.0
208.5 0.0 15 0.0
208.6 0.0 15 0.0
208.7 0.0 15 0.0
208.8 0.0 15 0.0
208.9 0.0 15 0.0
209.0 0.0 15 0.0
209.1 0.0 15 0.0
209.2 0.0 15 0.0
209.3 0.0 15 0.0
209.4 0.0 15 0.0
209.5 0.0 15 0.0
209.6 0.0 15 0.0
209.7 0.0 15 0.0
209.8 0.0 15 0.0
209.9 0.0 15 0.0
210.0 0.0 15 0.0
210.1 0.0 15 0.0
210.2 0.0 15 0.0
210.3 0.0 15 0.0
210.4 0.0 15 0.0
210.5 0.0 15 0.0
210.6 0.0 15 0.0
210.7 0.0 15 0.0
210.8 0.0 15 0.0
210.9 0.0 15 0.0
211.0 0.0 15 0.0
211.1 0.0 15 0.0
211.2 0.0 15 0.0
211.3 0.0 15 0.0
211.4 0.0 15 0.0
211.5 0.0 15 0.0
211.6 0.0 15 0.0
211.7 0.0 15 0.0
211.8 0.0 15 0.0
211.9 0.0 15 0.0
212.0 0.0 15 0.0
212.1 0.0 15 0.0
212.2 0.0 15 0.0
212.3 0.0 15 0.0
212.4 0.0 15 0.0
212.5 0.0 15 0.0
212.6 0.0 15 0.0
212.7 0.0 15 0.0
212.8 0.0 15 0.0
212.9 0.0 15 0.0
213.0 0.0 15 0.0
213.1 0.0 15 0.0
213.2 0.0 15 0.0
213.3 0.0 15 0.0
213.4 0.0 15 0.0
213.5 0.0 15 0.0
213.6 0.0 15 0.0
213.7 0.0 15 0.0
213.8 0.0 15 0.0
213.9 0.0 15 0.0
214.0 0.0 15 0.0
214.1 0.0 15 0.0
214.2 0.0 15 0.0
214.3 0.0 15 0.0
214.4 0.0 15 0.0
214.5 0.0 15 0.0
214.6 0.0 15 0.0
214.7 0.0 15 0.0
214.8 0.0 15 0.0
214.9 0.0 15 0.0
215.0 0.0 15 0.0
215.1 0.0 15 0.0
215.2 0.0 15 0.0
215.3 0.0 15 0.0
215.4 0.0 15 0.0
215.5 0.0 15 0.0
215.6 0.0 15 0.0
215.7 0.0 15 0.0
215.8 0.0 15 0.0
215.9 0.0 15 0.0
216.0 0.0 15 0.0
216.1 0.0 15 0.0
216.2 0.0 15 0.0
216.3 0.0 15 0.0
216.4 0.0 15 0.0
216.5 0.0 15 0.0
216.6 0.0 15 0.0
216.7 0.0 15 0.0
216.8 0.0 15 0.0
216.9 0.0 15 0.0
217.0 0.0 15 0.0
217.1 0.0 15 0.0
217.2 0.0 15 0.0
217.3 0.0 15 0.0
217.4 0.0 15 0.0
217.5 0.0 15 0.0
217.6 0.0 15 0.0
217.7 0.0 15 0.0
217.8 0.0 15 0.0
217.9 0.0 15 0.0
218.0 0.0 15 0.0
218.1 0.0 15 0.0
218.2 0.0 15 0.0
218.3 0.0 15 0.0
218.4 0.0 15 0.0
218.5 0.0 15 0.0
218.6 0.0 15 0.0
218.7 0.0 15 0.0
218.8 0.0 15 0.0
218.9 0.0 15 0.0
219.0 0.0 15 0.0
219.1 0.0 15 0.0
219.2 0.0 15 0.0
219.3 0.0 15 0.0
219.4 0.0 15 0.0
219.5 0.0 15 0.0
219.6 0.0 15 0.0
219.7 0.0 15 0.0
219.8 0.0 15 0.0
219.9 0.0 15 0.0
220.0 0.0 15 0.0
220.1 0.0 15 0.0
220.2 0.0 15 0.0
220.3 0.0 15 0.0
220.4 0.0 15 0.0
220.5 0.0 15 0.0
220.6 0.0 15 0.0
220.7 0.0 15 0.0
220.8 0.0 15 0.0
220.9 0.0 15 0.0
221.0 0.0 15 0.0
221.1 0.0 15 0.0
221.2 0.0 15 0.0
221.3 0.0 15 0.0
221.4 0.0 15 0.0
221.5 0.0 15 0.0
221.6 0.0 15 0.0
221.7 0.0 15 0.0
221.8 0.0 15 0.0
221.9 0.0 15 0.0
222.0 0.0 15 0.0
222.1 0.0 15 0.0
222.2 0.0 15 0.0
222.3 0.0 15 0.0
222.4 0.0 15 0.0
222.5 0.0 15 0.0
222.6 0.0 15 0.0
222.7 0.0 15 0.0
222.8 0.0 15 0.0
222.9 0.0 15 0.0
223.0 0.0 15 0.0
223.1 0.0 15 0.0
223.2 0.0 15 0.0
223.3 0.0 15 0.0
223.4 0.0 15 0.0
223.5 0.0 15 0.0
223.6 0.0 15 0.0
223.7 0.0 15 0.0
223.8 0.0 15 0.0
223.9 0.0 15 0.0
224.0 0.0 15 0.0
224.1 0.0 15 0.0
224.2 0.0 15 0.0
224.3 0.0 15 0.0
224.4 0.0 15 0.0
224.5 0.0 15 0.0
224.6 0.0 15 0.0
224.7 0.0 15 0.0
224.8 0.0 15 0.0
224.9 0.0 15 0.0
225.0 0.0 15 0.0
225.1 0.0 15 0.0
225.2 0.0 15 0.0
225.3 0.0 15 0.0
225.4 0.0 15 0.0
225.5 0.0 15 0.0
225.6 0.0 15 0.0
225.7 0.0 15 0.0
225.8 0.0 15 0.0
225.9 0.0 15 0.0
226.0 0.0 15 0.0
226.1 0.0 15 0.0
226.2 0.0 15 0.0
226.3 0.0 15 0.0
226.4 0.0 15 0.0
226.5 0.0 15 0.0
226.6 0.0 15 0.0
226.7 0.0 15 0.0
226.8 0.0 15 0.0
226.9 0.0 15 0.0
227.0 0.0 15 0.0
227.1 0.0 15 0.0
227.2 0.0 15 0.0
227.3 0.0 15 0.0
227.4 0.0 15 0.0
227.5 0.0 15 0.0
227.6 0.0 15 0.0
227.7 0.0 15 0.0
227.8 0.0 15 0.0
227.9 0.0 15 0.0
228.0 0.0 15 0.0
228.1 0.0 15 0.0
228.2 0.0 15 0.0
228.3 0.0 15 0.0
228.4 0.0 15 0.0
228.5 0.0 15 0.0
228.6 0.0 15 0.0
228.7 0.0 15 0.0
228.8 0.0 15 0.0
228.9 0.0 15 0.0
229.0 0.0 15 0.0
229.1 0.0 15 0.0
229.2 0.0 15 0.0
229.3 0.0 15 0.0
229.4 0.0 15 0.0
229.5 0.0 15 0.0
229.6 0.0 15 0.0
229.7 0.0 15 0.0
229.8 0.0 15 0.0
229.9 0.0 15 0.0
230.0 0.0 15 0.0
230.1 0.0 15 0.0
230.2 0.0 15 0.0
230.3 0.0 15 0.0
230.4 0.0 15 0.0
230.5 0.0 15 0.0
230.6 0.0 15 0.0
230.7 0.0 15 0.0
230.8 0.0 15 0.0
230.9 0.0 15 0.0
231.0 0.0 15 0.0
231.1 0.0 15 0.0
231.2 0.0 15 0.0
231.3 0.0 15 0.0
231.4 0.0 15 0.0
231.5 0.0 15 0.0
231.6 0.0 15 0.0
231.7 0.0 15 0.0
231.8 0.0 15 0.0
231.9 0.0 15 0.0
232.0 0.0 15 0.0
232.1 0.0 15 0.0
232.2 0.0 15 0.0
232.3 0.0 15 0.0
232.4 0.0 15 0.0
232.5 0.0 15 0.0
232.6 0.0 15 0.0
232.7 0.0 15 0.0
232.8 0.0 15 0.0
232.9 0.0 15 0.0
233.0 0.0 15 0.0
233.1 0.0 15 0.0
233.2 0.0 15 0.0
233.3 0.0 15 0.0
233.4 0.0 15 0.0
233.5 0.0 15 0.0
233.6 0.0 15 0.0
233.7 0.0 15 0.0
233.8 0.0 15 0.0
233.9 0.0 15 0.0
234.0 0.0 15 0.0
234.1 0.0 15 0.0
234.2 0.0 15 0.0
234.3 0.0 15 0.0
234.4 0.0 15 0.0
234.5 0.0 15 0.0
234.6 0.0 15 0.0
234.7 0.0 15 0.0
234.8 0.0 15 0.0
234.9 0.0 15 0.0
235.0 0.0 15 0.0
235.1 0.0 15 0.0
235.2 0.0 15 0.0
235.3 0.0 15 0.0
235.4 0.0 15 0.0
235.5 0.0 15 0.0
235.6 0.0 15 0.0
235.7 0.0 15 0.0
235.8 0.0 15 0.0
235.9 0.0 15 0.0
236.0 0.0 15 0.0
236.1 0.0 15 0.0
236.2 0.0 15 0.0
236.3 0.0 15 0.0
236.4 0.0 15 0.0
236.5 0.0 15 0.0
236.6 0.0 15 0.0
236.7 0.0 15 0.0
236.8 0.0 15 0.0
236.9 0.0 15 0.0
237.0 0.0 15 0.0
237.1 0.0 15 0.0
237.2 0.0 15 0.0
237.3 0.0 15 0.0
237.4 0.0 15 0.0
237.5 0.0 15 0.0
237.6 0.0 15 0.0
237.7 0.0 15 0.0
237.8 0.0 15 0.0
237.9 0.0 15 0.0
238.0 0.0 15 0.0
238.1 0.0 15 0.0
238.2 0.0 15 0.0
238.3 0.0 15 0.0
238.4 0.0 15 0.0
238.5 0.0 15 0.0
238.6 0.0 15 0.0
238.7 0.0 15 0.0
238.8 0.0 15 0.0
238.9 0.0 15 0.0
239.0 0.0 15 0.0
239.1 0.0 15 0.0
239.2 0.0 15 0.0
239.3 0.0 15 0.0
239.4 0.0 15 0.0
239.5 0.0 15 0.0
239.6 0.0 15 0.0
239.7 0.0 15 0.0
239.8 0.0 15 0.0
239.9 0.0 15 0.0
240.0 0.0 15 0.0
240.1 0.0 15 0.0
240.2 0.0 15 0.0
240.3 0.0 15 0.0
240.4 0.0 15 0.0
240.5 0.0 15 0.0
240.6 0.0 15 0.0
240.7 0.0 15 0.0
240.8 0.0 15 0.0
240.9 0.0 15 0.0
241.0 0.0 15 0.0
241.1 0.0 15 0.0
241.2 0.0 15 0.0
241.3 0.0 15 0.0
241.4 0.0 15 0.0
241.5 0.0 15 0.0
241.6 0.0 15 0.0
241.7 0.0 15 0.0
241.8 0.0 15 0.0
241.9 0.0 15 0.0
242.0 0.0 15 0.0
242.1 0.0 15 0.0
242.2 0.0 15 0.0
242.3 0.0 15 0.0
242.4 0.0 15 0.0
242.5 0.0 15 0.0
242.6 0.0 15 0.0
242.7 0.0 15 0.0
242.8 0.0 15 0.0
242.9 0.0 15 0.0
243.0 0.0 15 0.0
243.1 0.0 15 0.0
243.2 0.0 15 0.0
243.3 0.0 15 0.0
243.4 0.0 15 0.0
243.5 0.0 15 0.0
243.6 0.0 15 0.0
243.7 0.0 15 0.0
243.8 0.0 15 0.0
243.9 0.0 15 0.0
244.0 0.0 15 0.0
244.1 0.0 15 0.0
244.2 0.0 15 0.0
244.3 0.0 15 0.0
244.4 0.0 15 0.0
244.5 0.0 15 0.0
244.6 0.0 15 0.0
244.7 0.0 15 0.0
244.8 0.0 15 0.0
244.9 0.0 15 0.0
245.0 0.0 15 0.0
245.1 0.0 15 0.0
245.2 0.0 15 0.0
245.3 0.0 15 0.0
245.4 0.0 15 0.0
245.5 0.0 15 0.0
245.6 0.0 15 0.0
245.7 0.0 15 0.0
245.8 0.0 15 0.0
245.9 0.0 15 0.0
246.0 0.0 15 0.0
246.1 0.0 15 0.0
246.2 0.0 15 0.0
246.3 0.0 15 0.0
246.4 0.0 15 0.0
246.5 0.0 15 0.0
246.6 0.0 15 0.0
246.7 0.0 15 0.0
246.8 0.0 15 0.0
246.9 0.0 15 0.0
247.0 0.0 15 0.0
247.1 0.0 15 0.0
247.2 0.0 15 0.0
247.3 0.0 15 0.0
247.4 0.0 15 0.0
247.5 0.0 15 0.0
247.6 0.0 15 0.0
247.7 0.0 15 0.0
247.8 0.0 15 0.0
247.9 0.0 15 0.0
248.0 0.0 15 0.0
248.1 0.0 15 0.0
248.2 0.0 15 0.0
248.3 0.0 15 0.0
248.4 0.0 15 0.0
248.5 0.0 15 0.0
248.6 0.0 15 0.0
248.7 0.0 15 0.0
248.8 0.0 15 0.0
248.9 0.0 15 0.0
249.0 0.0 15 0.0
249.1 0.0 15 0.0
249.2 0.0 15 0.0
249.3 0.0 15 0.0
249.4 0.0 15 0.0
249.5 0.0 15 0.0
249.6 0.0 15 0.0
249.7 0.0 15 0.0
249.8 0.0 15 0.0
249.9 0.0 15 0.0
250.0 0.0 15 0.0
250.1 0.0 15 0.0
250.2 0.0 15 0.0
250.3 0.0 15 0.0
250.4 0.0 15 0.0
250.5 0.0 15 0.0
250.6 0.0 15 0.0
250.7 0.0 15 0.0
250.8 0.0 15 0.0
250.9 0.0 15 0.0
251.0 0.0 15 0.0
251.1 0.0 15 0.0
251.2 0.0 15 0.0
251.3 0.0 15 0.0
251.4 0.0 15 0.0
251.5 0.0 15 0.0
251.6 0.0 15 0.0
251.7 0.0 15 0.0
251.8 0.0 15 0.0
251.9 0.0 15 0.0
252.0 0.0 15 0.0
252.1 0.0 15 0.0
252.2 0.0 15 0.0
252.3 0.0 15 0.0
252.4 0.0 15 0.0
252.5 0.0 15 0.0
252.6 0.0 15 0.0
252.7 0.0 15 0.0
252.8 0.0 15 0.0
252.9 0.0 15 0.0
253.0 0.0 15 0.0
253.1 0.0 15 0.0
253.2 0.0 15 0.0
253.3 0.0 15 0.0
253.4 0.0 15 0.0
253.5 0.0 15 0.0
253.6 0.0 15 0.0
253.7 0.0 15 0.0
253.8 0.0 15 0.0
253.9 0.0 15 0.0
254.0 0.0 15 0.0
254.1 0.0 15 0.0
254.2 0.0 15 0.0
254.3 0.0 15 0.0
254.4 0.0 15 0.0
254.5 0.0 15 0.0
254.6 0.0 15 0.0
254.7 0.0 15 0.0
254.8 0.0 15 0.0
254.9 0.0 15 0.0
255.0 0.0 15 0.0
255.1 0.0 15 0.0
255.2 0.0 15 0.0
255.3 0.0 15 0.0
255.4 0.0 15 0.0
255.5 0.0 15 0.0
255.6 0.0 15 0.0
255.7 0.0 15 0.0
255.8 0.0 15 0.0
255.9 0.0 15 0.0
256.0 0.0 15 0.0
256.1 0.0 15 0.0
256.2 0.0 15 0.0
256.3 0.0 15 0.0
256.4 0.0 15 0.0
256.5 0.0 15 0.0
256.6 0.0 15 0.0
256.7 0.0 15 0.0
256.8 0.0 15 0.0
256.9 0.0 15 0.0
257.0 0.0 15 0.0
257.1 0.0 15 0.0
257.2 0.0 15 0.0
257.3 0.0 15 0.0
257.4 0.0 15 0.0
257.5 0.0 15 0.0
257.6 0.0 15 0.0
257.7 0.0 15 0.0
257.8 0.0 15 0.0
257.9 0.0 15 0.0
258.0 0.0 15 0.0
258.1 0.0 15 0.0
258.2 0.0 15 0.0
258.3 0.0 15 0.0
258.4 0.0 15 0.0
258.5 0.0 15 0.0
258.6 0.0 15 0.0
258.7 0.0 15 0.0
258.8 0.0 15 0.0
258.9 0.0 15 0.0
259.0 0.0 15 0.0
259.1 0.0 15 0.0
259.2 0.0 15 0.0
259.3 0.0 15 0.0
259.4 0.0 15 0.0
259.5 0.0 15 0.0
259.6 0.0 15 0.0
259.7 0.0 15 0.0
259.8 0.0 15 0.0
259.9 0.0 15 0.0
260.0 0.0 15 0.0
260.1 0.0 15 0.0
260.2 0.0 15 0.0
260.3 0.0 15 0.0
260.4 0.0 15 0.0
260.5 0.0 15 0.0
260.6 0.0 15 0.0
260.7 0.0 15 0.0
260.8 0.0 15 0.0
260.9 0.0 15 0.0
261.0 0.0 15 0.0
261.1 0.0 15 0.0
261.2 0.0 15 0.0
261.3 0.0 15 0.0
261.4 0.0 15 0.0
261.5 0.0 15 0.0
261.6 0.0 15 0.0
261.7 0.0 15 0.0
261.8 0.0 15 0.0
261.9 0.0 15 0.0
262.0 0.0 15 0.0
262.1 0.0 15 0.0
262.2 0.0 15 0.0
262.3 0.0 15 0.0
262.4 0.0 15 0.0
262.5 0.0 15 0.0
262.6 0.0 15 0.0
262.7 0.0 15 0.0
262.8 0.0 15 0.0
262.9 0.0 15 0.0
263.0 0.0 15 0.0
263.1 0.0 15 0.0
263.2 0.0 15 0.0
263.3 0.0 15 0.0
263.4 0.0 15 0.0
263.5 0.0 15 0.0
263.6 0.0 15 0.0
263.7 0.0 15 0.0
263.8 0.0 15 0.0
263.9 0.0 15 0.0
264.0 0.0 15 0.0
264.1 0.0 15 0.0
264.2 0.0 15 0.0
264.3 0.0 15 0.0
264.4 0.0 15 0.0
264.5 0.0 15 0.0
264.6 0.0 15 0.0
264.7 0.0 15 0.0
264.8 0.0 15 0.0
264.9 0.0 15 0.0
265.0 0.0 15 0.0
265.1 0.0 15 0.0
265.2 0.0 15 0.0
265.3 0.0 15 0.0
265.4 0.0 15 0.0
265.5 0.0 15 0.0
265.6 0.0 15 0.0
265.7 0.0 15 0.0
265.8 0.0 15 0.0
265.9 0.0 15 0.0
266.0 0.0 15 0.0
266.1 0.0 15 0.0
266.2 0.0 15 0.0
266.3 0.0 15 0.0
266.4 0.0 15 0.0
266.5 0.0 15 0.0
266.6 0.0 15 0.0
266.7 0.0 15 0.0
266.8 0.0 15 0.0
266.9 0.0 15 0.0
267.0 0.0 15 0.0
267.1 0.0 15 0.0
267.2 0.0 15 0.0
267.3 0.0 15 0.0
267.4 0.0 15 0.0
267.5 0.0 15 0.0
267.6 0.0 15 0.0
267.7 0.0 15 0.0
267.8 0.0 15 0.0
267.9 0.0 15 0.0
268.0 0.0 15 0.0
268.1 0.0 15 0.0
268.2 0.0 15 0.0
268.3 0.0 15 0.0
268.4 0.0 15 0.0
268.5 0.0 15 0.0
268.6 0.0 15 0.0
268.7 0.0 15 0.0
268.8 0.0 15 0.0
268.9 0.0 15 0.0
269.0 0.0 15 0.0
269.1 0.0 15 0.0
269.2 0.0 15 0.0
269.3 0.0 15 0.0
269.4 0.0 15 0.0
269.5 0.0 15 0.0
269.6 0.0 15 0.0
269.7 0.0 15 0.0
269.8 0.0 15 0.0
269.9 0.0 15 0.0
270.0 0.0 15 0.0
270.1 0.0 15 0.0
270.2 0.0 15 0.0
270.3 0.0 15 0.0
270.4 0.0 15 0.0
270.5 0.0 15 0.0
270.6 0.0 15 0.0
270.7 0.0 15 0.0
270.8 0.0 15 0.0
270.9 0.0 15 0.0
271.0 0.0 15 0.0
271.1 0.0 15 0.0
271.2 0.0 15 0.0
271.3 0.0 15 0.0
271.4 0.0 15 0.0
271.5 0.0 15 0.0
271.6 0.0 15 0.0
271.7 0.0 15 0.0
271.8 0.0 15 0.0
271.9 0.0 15 0.0
272.0 0.0 15 0.0
272.1 0.0 15 0.0
272.2 0.0 15 0.0
272.3 0.0 15 0.0
272.4 0.0 15 0.0
272.5 0.0 15 0.0
272.6 0.0 15 0.0
272.7 0.0 15 0.0
272.8 0.0 15 0.0
272.9 0.0 15 0.0
273.0 0.0 15 0.0
273.1 0.0 15 0.0
273.2 0.0 15 0.0
273.3 0.0 15 0.0
273.4 0.0 15 0.0
273.5 0.0 15 0.0
273.6 0.0 15 0.0
273.7 0.0 15 0.0
273.8 0.0 15 0.0
273.9 0.0 15 0.0
274.0 0.0 15 0.0
274.1 0.0 15 0.0
274.2 0.0 15 0.0
274.3 0.0 15 0.0
274.4 0.0 15 0.0
274.5 0.0 15 0.0
274.6 0.0 15 0.0
274.7 0.0 15 0.0
274.8 0.0 15 0.0
274.9 0.0 15 0.0
275.0 0.0 15 0.0
275.1 0.0 15 0.0
275.2 0.0 15 0.0
275.3 0.0 15 0.0
275.4 0.0 15 0.0
275.5 0.0 15 0.0
275.6 0.0 15 0.0
275.7 0.0 15 0.0
275.8 0.0 15 0.0
275.9 0.0 15 0.0
276.0 0.0 15 0.0
276.1 0.0 15 0.0
276.2 0.0 15 0.0
276.3 0.0 15 0.0
276.4 0.0 15 0.0
276.5 0.0 15 0.0
276.6 0.0 15 0.0
276.7 0.0 15 0.0
276.8 0.0 15 0.0
276.9 0.0 15 0.0
277.0 0.0 15 0.0
277.1 0.0 15 0.0
277.2 0.0 15 0.0
277.3 0.0 15 0.0
277.4 0.0 15 0.0
277.5 0.0 15 0.0
277.6 0.0 15 0.0
277.7 0.0 15 0.0
277.8 0.0 15 0.0
277.9 0.0 15 0.0
278.0 0.0 15 0.0
278.1 0.0 15 0.0
278.2 0.0 15 0.0
278.3 0.0 15 0.0
278.4 0.0 15 0.0
278.5 0.0 15 0.0
278.6 0.0 15 0.0
278.7 0.0 15 0.0
278.8 0.0 15 0.0
278.9 0.0 15 0.0
279.0 0.0 15 0.0
279.1 0.0 15 0.0
279.2 0.0 15 0.0
279.3 0.0 15 0.0
279.4 0.0 15 0.0
279.5 0.0 15 0.0
279.6 0.0 15 0.0
279.7 0.0 15 0.0
279.8 0.0 15 0.0
279.9 0.0 15 0.0
280.0 0.0 15 0.0
280.1 0.0 15 0.0
280.2 0.0 15 0.0
280.3 0.0 15 0.0
280.4 0.0 15 0.0
280.5 0.0 15 0.0
280.6 0.0 15 0.0
280.7 0.0 15 0.0
280.8 0.0 15 0.0
280.9 0.0 15 0.0
281.0 0.0 15 0.0
281.1 0.0 15 0.0
281.2 0.0 15 0.0
281.3 0.0 15 0.0
281.4 0.0 15 0.0
281.5 0.0 15 0.0
281.6 0.0 15 0.0
281.7 0.0 15 0.0
281.8 0.0 15 0.0
281.9 0.0 15 0.0
282.0 0.0 15 0.0
282.1 0.0 15 0.0
282.2 0.0 15 0.0
282.3 0.0 15 0.0
282.4 0.0 15 0.0
282.5 0.0 15 0.0
282.6 0.0 15 0.0
282.7 0.0 15 0.0
282.8 0.0 15 0.0
282.9 0.0 15 0.0
283.0 0.0 15 0.0
283.1 0.0 15 0.0
283.2 0.0 15 0.0
283.3 0.0 15 0.0
283.4 0.0 15 0.0
283.5 0.0 15 0.0
283.6 0.0 15 0.0
283.7 0.0 15 0.0
283.8 0.0 15 0.0
283.9 0.0 15 0.0
284.0 0.0 15 0.0
284.1 0.0 15 0.0
284.2 0.0 15 0.0
284.3 0.0 15 0.0
284.4 0.0 15 0.0
284.5 0.0 15 0.0
284.6 0.0 15 0.0
284.7 0.0 15 0.0
284.8 0.0 15 0.0
284.9 0.0 15 0.0
285.0 0.0 15 0.0
285.1 0.0 15 0.0
285.2 0.0 15 0.0
285.3 0.0 15 0.0
285.4 0.0 15 0.0
285.5 0.0 15 0.0
285.6 0.0 15 0.0
285.7 0.0 15 0.0
285.8 0.0 15 0.0
285.9 0.0 15 0.0
286.0 0.0 15 0.0
286.1 0.0 15 0.0
286.2 0.0 15 0.0
286.3 0.0 15 0.0
286.4 0.0 15 0.0
286.5 0.0 15 0.0
286.6 0.0 15 0.0
286.7 0.0 15 0.0
286.8 0.0 15 0.0
286.9 0.0 15 0.0
287.0 0.0 15 0.0
287.1 0.0 15 0.0
287.2 0.0 15 0.0
287.3 0.0 15 0.0
287.4 0.0 15 0.0
287.5 0.0 15 0.0
287.6 0.0 15 0.0
287.7 0.0 15 0.0
287.8 0.0 15 0.0
287.9 0.0 15 0.0
288.0 0.0 15 0.0
288.1 0.0 15 0.0
288.2 0.0 15 0.0
288.3 0.0 15 0.0
288.4 0.0 15 0.0
288.5 0.0 15 0.0
288.6 0.0 15 0.0
288.7 0.0 15 0.0
288.8 0.0 15 0.0
288.9 0.0 15 0.0
289.0 0.0 15 0.0
289.1 0.0 15 0.0
289.2 0.0 15 0.0
289.3 0.0 15 0.0
289.4 0.0 15 0.0
289.5 0.0 15 0.0
289.6 0.0 15 0.0
289.7 0.0 15 0.0
289.8 0.0 15 0.0
289.9 0.0 15 0.0
290.0 0.0 15 0.0
290.1 0.0 15 0.0
290.2 0.0 15 0.0
290.3 0.0 15 0.0
290.4 0.0 15 0.0
290.5 0.0 15 0.0
290.6 0.0 15 0.0
290.7 0.0 15 0.0
290.8 0.0 15 0.0
290.9 0.0 15 0.0
291.0 0.0 15 0.0
291.1 0.0 15 0.0
291.2 0.0 15 0.0
291.3 0.0 15 0.0
291.4 0.0 15 0.0
291.5 0.0 15 0.0
291.6 0.0 15 0.0
291.7 0.0 15 0.0
291.8 0.0 15 0.0
291.9 0.0 15 0.0
292.0 0.0 15 0.0
292.1 0.0 15 0.0
292.2 0.0 15 0.0
292.3 0.0 15 0.0
292.4 0.0 15 0.0
292.5 0.0 15 0.0
292.6 0.0 15 0.0
292.7 0.0 15 0.0
292.8 0.0 15 0.0
292.9 0.0 15 0.0
293.0 0.0 15 0.0
293.1 0.0 15 0.0
293.2 0.0 15 0.0
293.3 0.0 15 0.0
293.4 0.0 15 0.0
293.5 0.0 15 0.0
293.6 0.0 15 0.0
293.7 0.0 15 0.0
293.8 0.0 15 0.0
293.9 0.0 15 0.0
294.0 0.0 15 0.0
294.1 0.0 15 0.0
294.2 0.0 15 0.0
294.3 0.0 15 0.0
294.4 0.0 15 0.0
294.5 0.0 15 0.0
294.6 0.0 15 0.0
294.7 0.0 15 0.0
294.8 0.0 15 0.0
294.9 0.0 15 0.0
295.0 0.0 15 0.0
295.1 0.0 15 0.0
295.2 0.0 15 0.0
295.3 0.0 15 0.0
295.4 0.0 15 0.0
295.5 0.0 15 0.0
295.6 0.0 15 0.0
295.7 0.0 15 0.0
295.8 0.0 15 0.0
295.9 0.0 15 0.0
296.0 0.0 15 0.0
296.1 0.0 15 0.0
296.2 0.0 15 0.0
296.3 0.0 15 0.0
296.4 0.0 15 0.0
296.5 0.0 15 0.0
296.6 0.0 15 0.0
296.7 0.0 15 0.0
296.8 0.0 15 0.0
296.9 0.0 15 0.0
297.0 0.0 15 0.0
297.1 0.0 15 0.0
297.2 0.0 15 0.0
297.3 0.0 15 0.0
297.4 0.0 15 0.0
297.5 0.0 15 0.0
297.6 0.0 15 0.0
297.7 0.0 15 0.0
297.8 0.0 15 0.0
297.9 0.0 15 0.0
298.0 0.0 15 0.0
298.1 0.0 15 0.0
298.2 0.0 15 0.0
298.3 0.0 15 0.0
298.4 0.0 15 0.0
298.5 0.0 15 0.0
298.6 0.0 15 0.0
298.7 0.0 15 0.0
298.8 0.0 15 0.0
298.9 0.0 15 0.0
299.0 0.0 15 0.0
299.1 0.0 15 0.0
299.2 0.0 15 0.0
299.3 0.0 15 0.0
299.4 0.0 15 0.0
299.5 0.0 15 0.0
299.6 0.0 15 0.0
299.7 0.0 15 0.0
299.8 0.0 15 0.0
299.9 0.0 15 0.0
300.0 0.0 15 0.0
300.1 0.0 15 0.0
300.2 0.0 15 0.0
300.3 0.0 15 0.0
300.4 0.0 15 0.0
300.5 0.0 15 0.0
300.6 0.0 15 0.0
300.7 0.0 15 0.0
300.8 0.0 15 0.0
300.9 0.0 15 0.0
301.0 0.0 15 0.0
301.1 0.0 15 0.0
301.2 0.0 15 0.0
301.3 0.0 15 0.0
301.4 0.0 15 0.0
301.5 0.0 15 0.0
301.6 0.0 15 0.0
301.7 0.0 15 0.0
301.8 0.0 15 0.0
301.9 0.0 15 0.0
302.0 0.0 15 0.0
302.1 0.0 15 0.0
302.2 0.0 15 0.0
302.3 0.0 15 0.0
302.4 0.0 15 0.0
302.5 0.0 15 0.0
302.6 0.0 15 0.0
302.7 0.0 15 0.0
302.8 0.0 15 0.0
302.9 0.0 15 0.0
303.0 0.0 15 0.0
303.1 0.0 15 0.0
303.2 0.0 15 0.0
303.3 0.0 15 0.0
303.4 0.0 15 0.0
303.5 0.0 15 0.0
303.6 0.0 15 0.0
303.7 0.0 15 0.0
303.8 0.0 15 0.0
303.9 0.0 15 0.0
304.0 0.0 15 0.0
304.1 0.0 15 0.0
304.2 0.0 15 0.0
304.3 0.0 15 0.0
304.4 0.0 15 0.0
304.5 0.0 15 0.0
304.6 0.0 15 0.0
304.7 0.0 15 0.0
304.8 0.0 15 0.0
304.9 0.0 15 0.0
305.0 0.0 15 0.0
305.1 0.0 15 0.0
305.2 0.0 15 0.0
305.3 0.0 15 0.0
305.4 0.0 15 0.0
305.5 0.0 15 0.0
305.6 0.0 15 0.0
305.7 0.0 15 0.0
305.8 0.0 15 0.0
305.9 0.0 15 0.0
306.0 0.0 15 0.0
306.1 0.0 15 0.0
306.2 0.0 15 0.0
306.3 0.0 15 0.0
306.4 0.0 15 0.0
306.5 0.0 15 0.0
306.6 0.0 15 0.0
306.7 0.0 15 0.0
306.8 0.0 15 0.0
306.9 0.0 15 0.0
307.0 0.0 15 0.0
307.1 0.0 15 0.0
307.2 0.0 15 0.0
307.3 0.0 15 0.0
307.4 0.0 15 0.0
307.5 0.0 15 0.0
307.6 0.0 15 0.0
307.7 0.0 15 0.0
307.8 0.0 15 0.0
307.9 0.0 15 0.0
308.0 0.0 15 0.0
308.1 0.0 15 0.0
308.2 0.0 15 0.0
308.3 0.0 15 0.0
308.4 0.0 15 0.0
308.5 0.0 15 0.0
308.6 0.0 15 0.0
308.7 0.0 15 0.0
308.8 0.0 15 0.0
308.9 0.0 15 0.0
309.0 0.0 15 0.0
309.1 0.0 15 0.0
309.2 0.0 15 0.0
309.3 0.0 15 0.0
309.4 0.0 15 0.0
309.5 0.0 15 0.0
309.6 0.0 15 0.0
309.7 0.0 15 0.0
309.8 0.0 15 0.0
309.9 0.0 15 0.0
310.0 0.0 15 0.0
310.1 0.0 15 0.0
310.2 0.0 15 0.0
310.3 0.0 15 0.0
310.4 0.0 15 0.0
310.5 0.0 15 0.0
310.6 0.0 15 0.0
310.7 0.0 15 0.0
310.8 0.0 15 0.0
310.9 0.0 15 0.0
311.0 0.0 15 0.0
311.1 0.0 15 0.0
311.2 0.0 15 0.0
311.3 0.0 15 0.0
311.4 0.0 15 0.0
311.5 0.0 15 0.0
311.6 0.0 15 0.0
311.7 0.0 15 0.0
311.8 0.0 15 0.0
311.9 0.0 15 0.0
312.0 0.0 15 0.0
312.1 0.0 15 0.0
312.2 0.0 15 0.0
312.3 0.0 15 0.0
312.4 0.0 15 0.0
312.5 0.0 15 0.0
312.6 0.0 15 0.0
312.7 0.0 15 0.0
312.8 0.0 15 0.0
312.9 0.0 15 0.0
313.0 0.0 15 0.0
313.1 0.0 15 0.0
313.2 0.0 15 0.0
313.3 0.0 15 0.0
313.4 0.0 15 0.0
313.5 0.0 15 0.0
313.6 0.0 15 0.0
313.7 0.0 15 0.0
313.8 0.0 15 0.0
313.9 0.0 15 0.0
314.0 0.0 15 0.0
314.1 0.0 15 0.0
314.2 0.0 15 0.0
314.3 0.0 15 0.0
314.4 269.9545 14 1.0
314.5 270.032 14 1.0
314.6 270.1096 14 1.0
314.7 270.1872 14 1.0
314.8 270.2647 14 1.0
314.9 270.3423 14 1.0
315.0 270.4198 14 1.0
315.1 270.4974 14 1.0
315.2 270.575 14 1.0
315.3 270.6525 14 1.0
315.4 270.7301 14 1.0
315.5 270.8076 14 1.0
315.6 270.8852 14 1.0
315.7 270.9628 14 1.0
315.8 271.0403 14 1.0
315.9 271.1179 14 1.0
316.0 271.1955 14 1.0
316.1 271.273 14 1.0
316.2 271.3506 14 1.0
316.3 271.4281 14 1.0
316.4 271.5057 14 1.0
316.5 271.5833 14 1.0
316.6 271.6608 14 1.0
316.7 271.7384 14 1.0
316.8 271.816 14 1.0
316.9 271.8935 14 1.0
317.0 271.9711 14 1.0
317.1 272.0486 14 1.0
317.2 272.1262 14 1.0
317.3 272.2038 14 1.0
317.4 272.2813 14 1.0
317.5 272.3589 14 1.0
317.6 272.4364 14 1.0
317.7 272.514 14 1.0
317.8 272.5916 14 1.0
317.9 272.6691 14 1.0
318.0 272.7467 14 1.0
318.1 272.8243 14 1.0
318.2 272.9018 14 1.0
318.3 272.9794 14 1.0
318.4 273.0569 14 1.0
318.5 273.1345 14 1.0
318.6 273.2121 14 1.0
318.7 273.2896 14 1.0
318.8 273.3672 14 1.0
318.9 273.4448 14 1.0
319.0 273.5223 14 1.0
319.1 273.5999 14 1.0
319.2 273.6774 14 1.0
319.3 273.755 14 1.0
319.4 273.8326 14 1.0
319.5 273.9101 14 1.0
319.6 273.9877 14 1.0
319.7 274.0652 14 1.0
319.8 274.1428 14 1.0
319.9 274.2204 14 1.0
320.0 274.2979 14 1.0
320.1 274.3755 14 1.0
320.2 274.4531 14 1.0
320.3 274.5306 14 1.0
320.4 274.6082 14 1.0
320.5 274.6857 14 1.0
320.6 274.7633 14 1.0
320.7 274.8409 14 1.0
320.8 274.9184 14 1.0
320.9 274.996 14 1.0
321.0 275.0736 14 1.0
321.1 275.1511 14 1.0
321.2 275.2287 14 1.0
321.3 275.3062 14 1.0
321.4 275.3838 14 1.0
321.5 275.4614 14 1.0
321.6 275.5389 14 1.0
321.7 275.6165 14 1.0
321.8 275.6941 14 1.0
321.9 275.7716 14 1.0
322.0 275.8492 14 1.0
322.1 275.9267 14 1.0
322.2 276.0043 14 1.0
322.3 276.0819 14 1.0
322.4 276.1594 14 1.0
322.5 276.237 14 1.0
322.6 276.3145 14 1.0
322.7 276.3921 14 1.0
322.8 276.4697 14 1.0
322.9 276.5472 14 1.0
323.0 276.6248 14 1.0
323.1 276.7024 14 1.0
323.2 276.7799 14 1.0
323.3 276.8575 14 1.0
323.4 276.935 14 1.0
323.5 277.0126 14 1.0
323.6 277.0902 14 1.0
323.7 277.1677 14 1.0
323.8 277.2453 14 1.0
323.9 277.3229 14 1.0
324.0 277.4004 14 1.0
324.1 277.478 14 1.0
324.2 277.5555 14 1.0
324.3 277.6331 14 1.0
324.4 277.7107 14 1.0
324.5 277.7882 14 1.0
324.6 277.8658 14 1.0
324.7 277.9433 14 1.0
324.8 278.0209 14 1.0
324.9 278.0985 14 1.0
325.0 278.176 14 1.0
325.1 278.2536 14 1.0
325.2 278.3312 14 1.0
325.3 278.4087 14 1.0
325.4 278.4863 14 1.0
325.5 278.5638 14 1.0
325.6 278.6414 14 1.0
325.7 278.719 14 1.0
325.8 278.7965 14 1.0
325.9 278.8741 14 1.0
326.0 278.9517 14 1.0
326.1 279.0292 14 1.0
326.2 279.1068 14 1.0
326.3 279.1843 14 1.0
326.4 279.2619 14 1.0
326.5 279.3395 14 1.0
326.6 279.417 14 1.0
326.7 279.4946 14 1.0
326.8 279.5721 14 1.0
326.9 279.6497 14 1.0
327.0 279.7273 14 1.0
327.1 279.8048 14 1.0
327.2 279.8824 14 1.0
327.3 279.96 14 1.0
327.4 280.0375 14 1.0
327.5 280.1151 14 1.0
327.6 280.1926 14 1.0
327.7 280.2702 14 1.0
327.8 280.3478 14 1.0
327.9 280.4253 14 1.0
328.0 280.5029 14 1.0
328.1 280.5805 14 1.0
328.2 280.658 14 1.0
328.3 280.7356 14 1.0
328.4 280.8131 14 1.0
328.5 280.8907 14 1.0
328.6 280.9683 14 1.0
328.7 281.0458 14 1.0
328.8 281.1234 14 1.0
328.9 281.201 14 1.0
329.0 281.2785 14 1.0
329.1 281.3561 14 1.0
329.2 281.4336 14 1.0
329.3 281.5112 14 1.0
329.4 281.5888 14 1.0
329.5 281.6663 14 1.0
329.6 281.7439 14 1.0
329.7 281.8214 14 1.0
329.8 281.899 14 1.0
329.9 281.9766 14 1.0
330.0 282.0541 14 1.0
330.1 282.1317 14 1.0
330.2 282.2093 14 1.0
330.3 282.2868 14 1.0
330.4 282.3644 14 1.0
330.5 282.4419 14 1.0
330.6 282.5195 14 1.0
330.7 282.5971 14 1.0
330.8 282.6746 14 1.0
330.9 282.7522 14 1.0
331.0 282.8298 14 1.0
331.1 282.9073 14 1.0
331.2 282.9849 14 1.0
331.3 283.0624 14 1.0
331.4 283.14 14 1.0
331.5 283.2176 14 1.0
331.6 283.2951 14 1.0
331.7 283.3727 14 1.0
331.8 283.4502 14 1.0
331.9 283.5278 14 1.0
332.0 283.6054 14 1.0
332.1 283.6829 14 1.0
332.2 283.7605 14 1.0
332.3 283.8381 14 1.0
332.4 283.9156 14 1.0
332.5 283.9932 14 1.0
332.6 284.0707 14 1.0
332.7 284.1483 14 1.0
332.8 284.2259 14 1.0
332.9 284.3034 14 1.0
333.0 284.381 14 1.0
333.1 284.4586 14 1.0
333.2 284.5361 14 1.0
333.3 284.6137 14 1.0
333.4 284.6912 14 1.0
333.5 284.7688 14 1.0
333.6 284.8464 14 1.0
333.7 284.9239 14 1.0
333.8 285.0015 14 1.0
333.9 285.079 14 1.0
334.0 285.1566 14 1.0
334.1 285.2342 14 1.0
334.2 285.3117 14 1.0
334.3 285.3893 14 1.0
334.4 285.4669 14 1.0
334.5 285.5444 14 1.0
334.6 285.622 14 1.0
334.7 285.6995 14 1.0
334.8 285.7771 14 1.0
334.9 285.8547 14 1.0
335.0 285.9322 14 1.0
335.1 286.0098 14 1.0
335.2 286.0874 14 1.0
335.3 286.1649 14 1.0
335.4 286.2425 14 1.0
335.5 286.32 14 1.0
335.6 286.3976 14 1.0
335.7 286.4752 14 1.0
335.8 286.5527 14 1.0
335.9 286.6303 14 1.0
336.0 286.7079 14 1.0
336.1 286.7854 14 1.0
336.2 286.863 14 1.0
336.3 286.9405 14 1.0
336.4 287.0181 14 1.0
336.5 287.0957 14 1.0
336.6 287.1732 14 1.0
336.7 287.2508 14 1.0
336.8 287.3283 14 1.0
336.9 287.4059 14 1.0
337.0 287.4835 14 1.0
337.1 287.561 14 1.0
337.2 287.6386 14 1.0
337.3 287.7162 14 1.0
337.4 287.7937 14 1.0
337.5 287.8713 14 1.0
337.6 287.9488 14 1.0
337.7 288.0264 14 1.0
337.8 288.104 14 1.0
337.9 288.1815 14 1.0
338.0 288.2591 14 1.0
338.1 288.3367 14 1.0
338.2 288.4142 14 1.0
338.3 288.4918 14 1.0
338.4 288.5693 14 1.0
338.5 288.6469 14 1.0
338.6 288.7245 14 1.0
338.7 288.802 14 1.0
338.8 288.8796 14 1.0
338.9 288.9571 14 1.0
339.0 289.0347 14 1.0
339.1 289.1123 14 1.0
339.2 289.1898 14 1.0
339.3 289.2674 14 1.0
339.4 289.345 14 1.0
339.5 289.4225 14 1.0
339.6 289.5001 14 1.0
339.7 289.5776 14 1.0
339.8 289.6552 14 1.0
339.9 289.7328 14 1.0
340.0 289.8103 14 1.0
340.1 289.8879 14 1.0
340.2 289.9655 14 1.0
340.3 290.043 14 1.0
340.4 290.1206 14 1.0
340.5 290.1981 14 1.0
340.6 290.2757 14 1.0
340.7 290.3533 14 1.0
340.8 290.4308 14 1.0
340.9 290.5084 14 1.0
341.0 290.586 14 1.0
341.1 290.6635 14 1.0
341.2 290.7411 14 1.0
341.3 290.8186 14 1.0
341.4 290.8962 14 1.0
341.5 290.9738 14 1.0
341.6 291.0513 14 1.0
341.7 291.1289 14 1.0
341.8 291.2064 14 1.0
341.9 291.284 14 1.0
342.0 291.3616 14 1.0
342.1 291.4391 14 1.0
342.2 291.5167 14 1.0
342.3 291.5943 14 1.0
342.4 291.6718 14 1.0
342.5 291.7494 14 1.0
342.6 291.8269 14 1.0
342.7 291.9045 14 1.0
342.8 291.9821 14 1.0
342.9 292.0596 14 1.0
343.0 292.1372 14 1.0
343.1 292.2148 14 1.0
343.2 292.2923 14 1.0
343.3 292.3699 14 1.0
343.4 292.4474 14 1.0
343.5 292.525 14 1.0
343.6 292.6026 14 1.0
343.7 292.6801 14 1.0
343.8 292.7577 14 1.0
343.9 292.8352 14 1.0
344.0 292.9128 14 1.0
344.1 292.9904 14 1.0
344.2 293.0679 14 1.0
344.3 293.1455 14 1.0
344.4 293.2231 14 1.0
344.5 293.3006 14 1.0
344.6 293.3782 14 1.0
344.7 293.4557 14 1.0
344.8 293.5333 14 1.0
344.9 293.6109 14 1.0
345.0 293.6884 14 1.0
345.1 293.766 14 1.0
345.2 293.8436 14 1.0
345.3 293.9211 14 1.0
345.4 293.9987 14 1.0
345.5 294.0762 14 1.0
345.6 294.1538 14 1.0
345.7 294.2314 14 1.0
345.8 294.3089 14 1.0
345.9 294.3865 14 1.0
346.0 294.464 14 1.0
346.1 294.5416 14 1.0
346.2 294.6192 14 1.0
346.3 294.6967 14 1.0
346.4 294.7743 14 1.0
346.5 294.8519 14 1.0
346.6 294.9294 14 1.0
346.7 295.007 14 1.0
346.8 295.0845 14 1.0
346.9 295.1621 14 1.0
347.0 295.2397 14 1.0
347.1 295.3172 14 1.0
347.2 295.3948 14 1.0
347.3 295.4724 14 1.0
347.4 295.5499 14 1.0
347.5 295.6275 14 1.0
347.6 295.705 14 1.0
347.7 295.7826 14 1.0
347.8 295.8602 14 1.0
347.9 295.9377 14 1.0
348.0 296.0153 14 1.0
348.1 296.0929 14 1.0
348.2 296.1704 14 1.0
348.3 296.248 14 1.0
348.4 296.3255 14 1.0
348.5 296.4031 14 1.0
348.6 296.4807 14 1.0
348.7 296.5582 14 1.0
348.8 296.6358 14 1.0
348.9 296.7133 14 1.0
349.0 296.7909 14 1.0
349.1 296.8685 14 1.0
349.2 296.946 14 1.0
349.3 297.0236 14 1.0
349.4 297.1012 14 1.0
349.5 297.1787 14 1.0
349.6 297.2563 14 1.0
349.7 297.3338 14 1.0
349.8 297.4114 14 1.0
349.9 297.489 14 1.0
350.0 297.5652 14 1.0
350.1 297.6415 14 1.0
350.2 297.7178 14 1.0
350.3 297.794 14 1.0
350.4 297.8703 14 1.0
350.5 297.9465 14 1.0
350.6 298.0228 14 1.0
350.7 298.0991 14 1.0
350.8 298.1753 14 1.0
350.9 298.2516 14 1.0
351.0 298.3279 14 1.0
351.1 298.4041 14 1.0
351.2 298.4804 14 1.0
351.3 298.5566 14 1.0
351.4 298.6329 14 1.0
351.5 298.7092 14 1.0
351.6 298.7854 14 1.0
351.7 298.8617 14 1.0
351.8 298.938 14 1.0
351.9 299.0142 14 1.0
352.0 299.0905 14 1.0
352.1 299.1667 14 1.0
352.2 299.243 14 1.0
352.3 299.3193 14 1.0
352.4 299.3955 14 1.0
352.5 299.4718 14 1.0
352.6 299.5481 14 1.0
352.7 299.6243 14 1.0
352.8 299.7006 14 1.0
352.9 299.7769 14 1.0
353.0 299.8531 14 1.0
353.1 299.9294 14 1.0
353.2 300.0056 14 1.0
353.3 300.0819 14 1.0
353.4 300.1582 14 1.0
353.5 300.2344 14 1.0
353.6 300.3107 14 1.0
353.7 300.387 14 1.0
353.8 300.4632 14 1.0
353.9 300.5395 14 1.0
354.0 300.6157 14 1.0
354.1 300.692 14 1.0
354.2 300.7683 14 1.0
354.3 300.8445 14 1.0
354.4 300.9208 14 1.0
354.5 300.9971 14 1.0
354.6 301.0733 14 1.0
354.7 301.1496 14 1.0
354.8 301.2258 14 1.0
354.9 301.3021 14 1.0
355.0 301.3784 14 1.0
355.1 301.4546 14 1.0
355.2 301.5309 14 1.0
355.3 301.6072 14 1.0
355.4 301.6834 14 1.0
355.5 301.7597 14 1.0
355.6 301.836 14 1.0
355.7 301.9122 14 1.0
355.8 301.9885 14 1.0
355.9 302.0647 14 1.0
356.0 302.141 14 1.0
356.1 302.2173 14 1.0
356.2 302.2935 14 1.0
356.3 302.3698 14 1.0
356.4 302.4461 14 1.0
356.5 302.5223 14 1.0
356.6 302.5986 14 1.0
356.7 302.6748 14 1.0
356.8 302.7511 14 1.0
356.9 302.8274 14 1.0
357.0 302.9036 14 1.0
357.1 302.9799 14 1.0
357.2 303.0562 14 1.0
357.3 303.1324 14 1.0
357.4 303.2087 14 1.0
357.5 303.2849 14 1.0
357.6 303.3612 14 1.0
357.7 303.4375 14 1.0
357.8 303.5137 14 1.0
357.9 303.59 14 1.0
358.0 303.6663 14 1.0
358.1 303.7425 14 1.0
358.2 303.8188 14 1.0
358.3 303.895 14 1.0
358.4 303.9713 14 1.0
358.5 304.0476 14 1.0
358.6 304.1238 14 1.0
358.7 304.2001 14 1.0
358.8 304.2764 14 1.0
358.9 304.3526 14 1.0
359.0 304.4289 14 1.0
359.1 304.5052 14 1.0
359.2 304.5814 14 1.0
359.3 304.6577 14 1.0
359.4 304.7339 14 1.0
359.5 304.8102 14 1.0
359.6 304.8865 14 1.0
359.7 304.9627 14 1.0
359.8 305.039 14 1.0
359.9 305.1153 14 1.0
360.0 305.1915 14 1.0
360.1 305.2678 14 1.0
360.2 305.344 14 1.0
360.3 305.4203 14 1.0
360.4 305.4966 14 1.0
360.5 305.5728 14 1.0
360.6 305.6491 14 1.0
360.7 305.7254 14 1.0
360.8 305.8016 14 1.0
360.9 305.8779 14 1.0
361.0 305.9541 14 1.0
361.1 306.0304 14 1.0
361.2 306.1067 14 1.0
361.3 306.1829 14 1.0
361.4 306.2592 14 1.0
361.5 306.3355 14 1.0
361.6 306.4117 14 1.0
361.7 306.488 14 1.0
361.8 306.5642 14 1.0
361.9 306.6405 14 1.0
362.0 306.7168 14 1.0
362.1 306.793 14 1.0
362.2 306.8693 14 1.0
362.3 306.9456 14 1.0
362.4 307.0218 14 1.0
362.5 307.0981 14 1.0
362.6 307.1744 14 1.0
362.7 307.2506 14 1.0
362.8 307.3269 14 1.0
362.9 307.4031 14 1.0
363.0 307.4794 14 1.0
363.1 307.5557 14 1.0
363.2 307.6319 14 1.0
363.3 307.7082 14 1.0
363.4 307.7845 14 1.0
363.5 307.8607 14 1.0
363.6 307.937 14 1.0
363.7 308.0132 14 1.0
363.8 308.0895 14 1.0
363.9 308.1658 14 1.0
364.0 308.242 14 1.0
364.1 308.3183 14 1.0
364.2 308.3946 14 1.0
364.3 308.4708 14 1.0
364.4 308.5471 14 1.0
364.5 308.6233 14 1.0
364.6 308.6996 14 1.0
364.7 308.7759 14 1.0
364.8 308.8521 14 1.0
364.9 308.9284 14 1.0
365.0 309.0047 14 1.0
365.1 309.0809 14 1.0
365.2 309.1572 14 1.0
365.3 309.2334 14 1.0
365.4 309.3097 14 1.0
365.5 309.386 14 1.0
365.6 309.4622 14 1.0
365.7 309.5385 14 1.0
365.8 309.6148 14 1.0
365.9 309.691 14 1.0
366.0 309.7673 14 1.0
366.1 309.8436 14 1.0
366.2 309.9198 14 1.0
366.3 309.9961 14 1.0
366.4 310.0723 14 1.0
366.5 310.1486 14 1.0
366.6 310.2249 14 1.0
366.7 310.3011 14 1.0
366.8 310.3774 14 1.0
366.9 310.4537 14 1.0
367.0 310.5299 14 1.0
367.1 310.6062 14 1.0
367.2 310.6824 14 1.0
367.3 310.7587 14 1.0
367.4 310.835 14 1.0
367.5 310.9112 14 1.0
367.6 310.9875 14 1.0
367.7 311.0638 14 1.0
367.8 311.14 14 1.0
367.9 311.2163 14 1.0
368.0 311.2925 14 1.0
368.1 311.3688 14 1.0
368.2 311.4451 14 1.0
368.3 311.5213 14 1.0
368.4 311.5976 14 1.0
368.5 311.6739 14 1.0
368.6 311.7501 14 1.0
368.7 311.8264 14 1.0
368.8 311.9026 14 1.0
368.9 311.9789 14 1.0
369.0 312.0552 14 1.0
369.1 312.1314 14 1.0
369.2 312.2077 14 1.0
369.3 312.284 14 1.0
369.4 312.3602 14 1.0
369.5 312.4365 14 1.0
369.6 312.5128 14 1.0
369.7 312.589 14 1.0
369.8 312.6653 14 1.0
369.9 312.7415 14 1.0
370.0 312.8178 14 1.0
370.1 312.8941 14 1.0
370.2 312.9703 14 1.0
370.3 313.0466 14 1.0
370.4 313.1229 14 1.0
370.5 313.1991 14 1.0
370.6 313.2754 14 1.0
370.7 313.3516 14 1.0
370.8 313.4279 14 1.0
370.9 313.5042 14 1.0
371.0 313.5804 14 1.0
371.1 313.6567 14 1.0
371.2 313.733 14 1.0
371.3 313.8092 14 1.0
371.4 313.8855 14 1.0
371.5 313.9617 14 1.0
371.6 314.038 14 1.0
371.7 314.1143 14 1.0
371.8 314.1905 14 1.0
371.9 314.2668 14 1.0
372.0 314.3431 14 1.0
372.1 314.4193 14 1.0
372.2 314.4956 14 1.0
372.3 314.5718 14 1.0
372.4 314.6481 14 1.0
372.5 314.7244 14 1.0
372.6 314.8006 14 1.0
372.7 314.8769 14 1.0
372.8 314.9532 14 1.0
372.9 315.0294 14 1.0
373.0 315.1057 14 1.0
373.1 315.182 14 1.0
373.2 315.2582 14 1.0
373.3 315.3345 14 1.0
373.4 315.4107 14 1.0
373.5 315.487 14 1.0
373.6 315.5633 14 1.0
373.7 315.6395 14 1.0
373.8 315.7158 14 1.0
373.9 315.7921 14 1.0
374.0 315.8683 14 1.0
374.1 315.9446 14 1.0
374.2 316.0208 14 1.0
374.3 316.0971 14 1.0
374.4 316.1734 14 1.0
374.5 316.2496 14 1.0
374.6 316.3259 14 1.0
374.7 316.4022 14 1.0
374.8 316.4784 14 1.0
374.9 316.5547 14 1.0
375.0 316.6309 14 1.0
375.1 316.7072 14 1.0
375.2 316.7835 14 1.0
375.3 316.8597 14 1.0
375.4 316.936 14 1.0
375.5 317.0123 14 1.0
375.6 317.0885 14 1.0
375.7 317.1648 14 1.0
375.8 317.2411 14 1.0
375.9 317.3173 14 1.0
376.0 317.3936 14 1.0
376.1 317.4698 14 1.0
376.2 317.5461 14 1.0
376.3 317.6224 14 1.0
376.4 317.6986 14 1.0
376.5 317.7749 14 1.0
376.6 317.8512 14 1.0
376.7 317.9274 14 1.0
376.8 318.0037 14 1.0
376.9 318.0799 14 1.0
377.0 318.1562 14 1.0
377.1 318.2325 14 1.0
377.2 318.3087 14 1.0
377.3 318.385 14 1.0
377.4 318.4613 14 1.0
377.5 318.5375 14 1.0
377.6 318.6138 14 1.0
377.7 318.69 14 1.0
377.8 318.7663 14 1.0
377.9 318.8426 14 1.0
378.0 318.9188 14 1.0
378.1 318.9951 14 1.0
378.2 319.0714 14 1.0
378.3 319.1476 14 1.0
378.4 319.2239 14 1.0
378.5 319.3001 14 1.0
378.6 319.3764 14 1.0
378.7 319.4527 14 1.0
378.8 319.5289 14 1.0
378.9 319.6052 14 1.0
379.0 319.6815 14 1.0
379.1 319.7577 14 1.0
379.2 319.834 14 1.0
379.3 319.9103 14 1.0
379.4 319.9865 14 1.0
379.5 320.0628 14 1.0
379.6 320.139 14 1.0
379.7 320.2153 14 1.0
379.8 320.2916 14 1.0
379.9 320.3678 14 1.0
380.0 320.4441 14 1.0
380.1 320.5204 14 1.0
380.2 320.5966 14 1.0
380.3 320.6729 14 1.0
380.4 320.7491 14 1.0
380.5 320.8254 14 1.0
380.6 320.9017 14 1.0
380.7 320.9779 14 1.0
380.8 321.0542 14 1.0
380.9 321.1305 14 1.0
381.0 321.2067 14 1.0
381.1 321.283 14 1.0
381.2 321.3592 14 1.0
381.3 321.4355 14 1.0
381.4 321.5118 14 1.0
381.5 321.588 14 1.0
381.6 321.6643 14 1.0
381.7 321.7406 14 1.0
381.8 321.8168 14 1.0
381.9 321.8931 14 1.0
382.0 321.9693 14 1.0
382.1 322.0456 14 1.0
382.2 322.1219 14 1.0
382.3 322.1981 14 1.0
382.4 322.2744 14 1.0
382.5 322.3507 14 1.0
382.6 322.4269 14 1.0
382.7 322.5032 14 1.0
382.8 322.5795 14 1.0
382.9 322.6557 14 1.0
383.0 322.732 14 1.0
383.1 322.8082 14 1.0
383.2 322.8845 14 1.0
383.3 322.9608 14 1.0
383.4 323.037 14 1.0
383.5 323.1133 14 1.0
383.6 323.1896 14 1.0
383.7 323.2658 14 1.0
383.8 323.3421 14 1.0
383.9 323.4183 14 1.0
384.0 323.4946 14 1.0
384.1 323.5709 14 1.0
384.2 323.6471 14 1.0
384.3 323.7234 14 1.0
384.4 323.7997 14 1.0
384.5 323.8759 14 1.0
384.6 323.9522 14 1.0
384.7 324.0284 14 1.0
384.8 324.1047 14 1.0
384.9 324.181 14 1.0
385.0 324.2572 14 1.0
385.1 324.3335 14 1.0
385.2 324.4098 14 1.0
385.3 324.486 14 1.0
385.4 324.5623 14 1.0
385.5 324.6385 14 1.0
385.6 324.7148 14 1.0
385.7 324.7911 14 1.0
385.8 324.8673 14 1.0
385.9 324.9436 14 1.0
386.0 325.0199 14 1.0
386.1 325.0961 14 1.0
386.2 325.1724 14 1.0
386.3 325.2487 14 1.0
386.4 325.3249 14 1.0
386.5 325.4012 14 1.0
386.6 325.4774 14 1.0
386.7 325.5537 14 1.0
386.8 325.63 14 1.0
386.9 325.7062 14 1.0
387.0 325.7825 14 1.0
387.1 325.8588 14 1.0
387.2 325.935 14 1.0
387.3 326.0113 14 1.0
387.4 326.0875 14 1.0
387.5 326.1638 14 1.0
387.6 326.2401 14 1.0
387.7 326.3163 14 1.0
387.8 326.3926 14 1.0
387.9 326.4689 14 1.0
388.0 326.5451 14 1.0
388.1 326.6214 14 1.0
388.2 326.6976 14 1.0
388.3 326.7739 14 1.0
388.4 326.8502 14 1.0
388.5 326.9264 14 1.0
388.6 327.0027 14 1.0
388.7 327.079 14 1.0
388.8 327.1552 14 1.0
388.9 327.2315 14 1.0
389.0 327.3077 14 1.0
389.1 327.384 14 1.0
389.2 327.4603 14 1.0
389.3 327.5365 14 1.0
389.4 327.6128 14 1.0
389.5 327.6891 14 1.0
389.6 327.7653 14 1.0
389.7 327.8416 14 1.0
389.8 327.9179 14 1.0
389.9 327.9941 14 1.0
390.0 328.0704 14 1.0
390.1 328.1466 14 1.0
390.2 328.2229 14 1.0
390.3 328.2992 14 1.0
390.4 328.3754 14 1.0
390.5 328.4517 14 1.0
390.6 328.528 14 1.0
390.7 328.6042 14 1.0
390.8 328.6805 14 1.0
390.9 328.7567 14 1.0
391.0 328.833 14 1.0
391.1 328.9093 14 1.0
391.2 328.9855 14 1.0
391.3 329.0618 14 1.0
391.4 329.1381 14 1.0
391.5 329.2143 14 1.0
391.6 329.2906 14 1.0
391.7 329.3668 14 1.0
391.8 329.4431 14 1.0
391.9 329.5194 14 1.0
392.0 329.5956 14 1.0
392.1 329.6719 14 1.0
392.2 329.7482 14 1.0
392.3 329.8244 14 1.0
392.4 329.9007 14 1.0
392.5 329.977 14 1.0
392.6 330.0532 14 1.0
392.7 330.1295 14 1.0
392.8 330.2057 14 1.0
392.9 330.282 14 1.0
393.0 330.3583 14 1.0
393.1 330.4345 14 1.0
393.2 330.5108 14 1.0
393.3 330.5871 14 1.0
393.4 330.6633 14 1.0
393.5 330.7396 14 1.0
393.6 330.8158 14 1.0
393.7 330.8921 14 1.0
393.8 330.9684 14 1.0
393.9 331.0446 14 1.0
394.0 331.1209 14 1.0
394.1 331.1972 14 1.0
394.2 331.2734 14 1.0
394.3 331.3497 14 1.0
394.4 331.4259 14 1.0
394.5 331.5022 14 1.0
394.6 331.5785 14 1.0
394.7 331.6547 14 1.0
394.8 331.731 14 1.0
394.9 331.8073 14 1.0
395.0 331.8835 14 1.0
395.1 331.9598 14 1.0
395.2 332.036 14 1.0
395.3 332.1123 14 1.0
395.4 332.1886 14 1.0
395.5 332.2648 14 1.0
395.6 332.3411 14 1.0
395.7 332.4174 14 1.0
395.8 332.4936 14 1.0
395.9 332.5699 14 1.0
396.0 332.6462 14 1.0
396.1 332.7224 14 1.0
396.2 332.7987 14 1.0
396.3 332.8749 14 1.0
396.4 332.9512 14 1.0
396.5 333.0275 14 1.0
396.6 333.1037 14 1.0
396.7 333.18 14 1.0
396.8 333.2563 14 1.0
396.9 333.3325 14 1.0
397.0 333.4088 14 1.0
397.1 333.485 14 1.0
397.2 333.5613 14 1.0
397.3 333.6376 14 1.0
397.4 333.7138 14 1.0
397.5 333.7901 14 1.0
397.6 333.8664 14 1.0
397.7 333.9426 14 1.0
397.8 334.0189 14 1.0
397.9 334.0951 14 1.0
398.0 334.1714 14 1.0
398.1 334.2477 14 1.0
398.2 334.3239 14 1.0
398.3 334.4002 14 1.0
398.4 334.4765 14 1.0
398.5 334.5527 14 1.0
398.6 334.629 14 1.0
398.7 334.7052 14 1.0
398.8 334.7815 14 1.0
398.9 334.8578 14 1.0
399.0 334.934 14 1.0
399.1 335.0103 14 1.0
399.2 335.0866 14 1.0
399.3 335.1628 14 1.0
399.4 335.2391 14 1.0
399.5 335.3154 14 1.0
399.6 335.3916 14 1.0
399.7 335.4679 14 1.0
399.8 335.5441 14 1.0
399.9 335.6204 14 1.0
400.0 335.688 14 1.0
400.1 335.7557 14 1.0
400.2 335.8233 14 1.0
400.3 335.8909 14 1.0
400.4 335.9585 14 1.0
400.5 336.0261 14 1.0
400.6 336.0938 14 1.0
400.7 336.1614 14 1.0
400.8 336.229 14 1.0
400.9 336.2966 14 1.0
401.0 336.3643 14 1.0
401.1 336.4319 14 1.0
401.2 336.4995 14 1.0
401.3 336.5671 14 1.0
401.4 336.6348 14 1.0
401.5 336.7024 14 1.0
401.6 336.77 14 1.0
401.7 336.8376 14 1.0
401.8 336.9053 14 1.0
401.9 336.9729 14 1.0
402.0 337.0405 14 1.0
402.1 337.1081 14 1.0
402.2 337.1758 14 1.0
402.3 337.2434 14 1.0
402.4 337.311 14 1.0
402.5 337.3786 14 1.0
402.6 337.4463 14 1.0
402.7 337.5139 14 1.0
402.8 337.5815 14 1.0
402.9 337.6491 14 1.0
403.0 337.7168 14 1.0
403.1 337.7844 14 1.0
403.2 337.852 14 1.0
403.3 337.9196 14 1.0
403.4 337.9873 14 1.0
403.5 338.0549 14 1.0
403.6 338.1225 14 1.0
403.7 338.1901 14 1.0
403.8 338.2578 14 1.0
403.9 338.3254 14 1.0
404.0 338.393 14 1.0
404.1 338.4606 14 1.0
404.2 338.5283 14 1.0
404.3 338.5959 14 1.0
404.4 338.6635 14 1.0
404.5 338.7311 14 1.0
404.6 338.7988 14 1.0
404.7 338.8664 14 1.0
404.8 338.934 14 1.0
404.9 339.0016 14 1.0
405.0 339.0693 14 1.0
405.1 339.1369 14 1.0
405.2 339.2045 14 1.0
405.3 339.2721 14 1.0
405.4 339.3397 14 1.0
405.5 339.4074 14 1.0
405.6 339.475 14 1.0
405.7 339.5426 14 1.0
405.8 339.6102 14 1.0
405.9 339.6779 14 1.0
406.0 339.7455 14 1.0
406.1 339.8131 14 1.0
406.2 339.8807 14 1.0
406.3 339.9484 14 1.0
406.4 340.016 14 1.0
406.5 340.0836 14 1.0
406.6 340.1512 14 1.0
406.7 340.2189 14 1.0
406.8 340.2865 14 1.0
406.9 340.3541 14 1.0
407.0 340.4217 14 1.0
407.1 340.4894 14 1.0
407.2 340.557 14 1.0
407.3 340.6246 14 1.0
407.4 340.6922 14 1.0
407.5 340.7599 14 1.0
407.6 340.8275 14 1.0
407.7 340.8951 14 1.0
407.8 340.9627 14 1.0
407.9 341.0304 14 1.0
408.0 341.098 14 1.0
408.1 341.1656 14 1.0
408.2 341.2332 14 1.0
408.3 341.3009 14 1.0
408.4 341.3685 14 1.0
408.5 341.4361 14 1.0
408.6 341.5037 14 1.0
408.7 341.5714 14 1.0
408.8 341.639 14 1.0
408.9 341.7066 14 1.0
409.0 341.7742 14 1.0
409.1 341.8419 14 1.0
409.2 341.9095 14 1.0
409.3 341.9771 14 1.0
409.4 342.0447 14 1.0
409.5 342.1124 14 1.0
409.6 342.18 14 1.0
409.7 342.2476 14 1.0
409.8 342.3152 14 1.0
409.9 342.3828 14 1.0
410.0 342.4505 14 1.0
410.1 342.5181 14 1.0
410.2 342.5857 14 1.0
410.3 342.6533 14 1.0
410.4 342.721 14 1.0
410.5 342.7886 14 1.0
410.6 342.8562 14 1.0
410.7 342.9238 14 1.0
410.8 342.9915 14 1.0
410.9 343.0591 14 1.0
411.0 343.1267 14 1.0
411.1 343.1943 14 1.0
411.2 343.262 14 1.0
411.3 343.3296 14 1.0
411.4 343.3972 14 1.0
411.5 343.4648 14 1.0
411.6 343.5325 14 1.0
411.7 343.6001 14 1.0
411.8 343.6677 14 1.0
411.9 343.7353 14 1.0
412.0 343.803 14 1.0
412.1 343.8706 14 1.0
412.2 343.9382 14 1.0
412.3 344.0058 14 1.0
412.4 344.0735 14 1.0
412.5 344.1411 14 1.0
412.6 344.2087 14 1.0
412.7 344.2763 14 1.0
412.8 344.344 14 1.0
412.9 344.4116 14 1.0
413.0 344.4792 14 1.0
413.1 344.5468 14 1.0
413.2 344.6145 14 1.0
413.3 344.6821 14 1.0
413.4 344.7497 14 1.0
413.5 344.8173 14 1.0
413.6 344.885 14 1.0
413.7 344.9526 14 1.0
413.8 345.0202 14 1.0
413.9 345.0878 14 1.0
414.0 345.1555 14 1.0
414.1 345.2231 14 1.0
414.2 345.2907 14 1.0
414.3 345.3583 14 1.0
414.4 345.4259 14 1.0
414.5 345.4936 14 1.0
414.6 345.5612 14 1.0
414.7 345.6288 14 1.0
414.8 345.6964 14 1.0
414.9 345.7641 14 1.0
415.0 345.8317 14 1.0
415.1 345.8993 14 1.0
415.2 345.9669 14 1.0
415.3 346.0346 14 1.0
415.4 346.1022 14 1.0
415.5 346.1698 14 1.0
415.6 346.2374 14 1.0
415.7 346.3051 14 1.0
415.8 346.3727 14 1.0
415.9 346.4403 14 1.0
416.0 346.5079 14 1.0
416.1 346.5756 14 1.0
416.2 346.6432 14 1.0
416.3 346.7108 14 1.0
416.4 346.7784 14 1.0
416.5 346.8461 14 1.0
416.6 346.9137 14 1.0
416.7 346.9813 14 1.0
416.8 347.0489 14 1.0
416.9 347.1166 14 1.0
417.0 347.1842 14 1.0
417.1 347.2518 14 1.0
417.2 347.3194 14 1.0
417.3 347.3871 14 1.0
417.4 347.4547 14 1.0
417.5 347.5223 14 1.0
417.6 347.5899 14 1.0
417.7 347.6576 14 1.0
417.8 347.7252 14 1.0
417.9 347.7928 14 1.0
418.0 347.8604 14 1.0
418.1 347.9281 14 1.0
418.2 347.9957 14 1.0
418.3 348.0633 14 1.0
418.4 348.1309 14 1.0
418.5 348.1986 14 1.0
418.6 348.2662 14 1.0
418.7 348.3338 14 1.0
418.8 348.4014 14 1.0
418.9 348.4691 14 1.0
419.0 348.5367 14 1.0
419.1 348.6043 14 1.0
419.2 348.6719 14 1.0
419.3 348.7395 14 1.0
419.4 348.8072 14 1.0
419.5 348.8748 14 1.0
419.6 348.9424 14 1.0
419.7 349.01 14 1.0
419.8 349.0777 14 1.0
419.9 349.1453 14 1.0
420.0 349.2129 14 1.0
420.1 349.2805 14 1.0
420.2 349.3482 14 1.0
420.3 349.4158 14 1.0
420.4 349.4834 14 1.0
420.5 349.551 14 1.0
420.6 349.6187 14 1.0
420.7 349.6863 14 1.0
420.8 349.7539 14 1.0
420.9 349.8215 14 1.0
421.0 349.8892 14 1.0
421.1 349.9568 14 1.0
421.2 350.0244 14 1.0
421.3 350.092 14 1.0
421.4 350.1597 14 1.0
421.5 350.2273 14 1.0
421.6 350.2949 14 1.0
421.7 350.3625 14 1.0
421.8 350.4302 14 1.0
421.9 350.4978 14 1.0
422.0 350.5654 14 1.0
422.1 350.633 14 1.0
422.2 350.7007 14 1.0
422.3 350.7683 14 1.0
422.4 350.8359 14 1.0
422.5 350.9035 14 1.0
422.6 350.9712 14 1.0
422.7 351.0388 14 1.0
422.8 351.1064 14 1.0
422.9 351.174 14 1.0
423.0 351.2417 14 1.0
423.1 351.3093 14 1.0
423.2 351.3769 14 1.0
423.3 351.4445 14 1.0
423.4 351.5122 14 1.0
423.5 351.5798 14 1.0
423.6 351.6474 14 1.0
423.7 351.715 14 1.0
423.8 351.7826 14 1.0
423.9 351.8503 14 1.0
424.0 351.9179 14 1.0
424.1 351.9855 14 1.0
424.2 352.0531 14 1.0
424.3 352.1208 14 1.0
424.4 352.1884 14 1.0
424.5 352.256 14 1.0
424.6 352.3236 14 1.0
424.7 352.3913 14 1.0
424.8 352.4589 14 1.0
424.9 352.5265 14 1.0
425.0 352.5941 14 1.0
425.1 352.6618 14 1.0
425.2 352.7294 14 1.0
425.3 352.797 14 1.0
425.4 352.8646 14 1.0
425.5 352.9323 14 1.0
425.6 352.9999 14 1.0
425.7 353.0675 14 1.0
425.8 353.1351 14 1.0
425.9 353.2028 14 1.0
426.0 353.2704 14 1.0
426.1 353.338 14 1.0
426.2 353.4056 14 1.0
426.3 353.4733 14 1.0
426.4 353.5409 14 1.0
426.5 353.6085 14 1.0
426.6 353.6761 14 1.0
426.7 353.7438 14 1.0
426.8 353.8114 14 1.0
426.9 353.879 14 1.0
427.0 353.9466 14 1.0
427.1 354.0143 14 1.0
427.2 354.0819 14 1.0
427.3 354.1495 14 1.0
427.4 354.2171 14 1.0
427.5 354.2848 14 1.0
427.6 354.3524 14 1.0
427.7 354.42 14 1.0
427.8 354.4876 14 1.0
427.9 354.5553 14 1.0
428.0 354.6229 14 1.0
428.1 354.6905 14 1.0
428.2 354.7581 14 1.0
428.3 354.8257 14 1.0
428.4 354.8934 14 1.0
428.5 354.961 14 1.0
428.6 355.0286 14 1.0
428.7 355.0962 14 1.0
428.8 355.1639 14 1.0
428.9 355.2315 14 1.0
429.0 355.2991 14 1.0
429.1 355.3667 14 1.0
429.2 355.4344 14 1.0
429.3 355.502 14 1.0
429.4 355.5696 14 1.0
429.5 355.6372 14 1.0
429.6 355.7049 14 1.0
429.7 355.7725 14 1.0
429.8 355.8401 14 1.0
429.9 355.9077 14 1.0
430.0 355.9754 14 1.0
430.1 356.043 14 1.0
430.2 356.1106 14 1.0
430.3 356.1782 14 1.0
430.4 356.2459 14 1.0
430.5 356.3135 14 1.0
430.6 356.3811 14 1.0
430.7 356.4487 14 1.0
430.8 356.5164 14 1.0
430.9 356.584 14 1.0
431.0 356.6516 14 1.0
431.1 356.7192 14 1.0
431.2 356.7869 14 1.0
431.3 356.8545 14 1.0
431.4 356.9221 14 1.0
431.5 356.9897 14 1.0
431.6 357.0574 14 1.0
431.7 357.125 14 1.0
431.8 357.1926 14 1.0
431.9 357.2602 14 1.0
432.0 357.3279 14 1.0
432.1 357.3955 14 1.0
432.2 357.4631 14 1.0
432.3 357.5307 14 1.0
432.4 357.5984 14 1.0
432.5 357.666 14 1.0
432.6 357.7336 14 1.0
432.7 357.8012 14 1.0
432.8 357.8689 14 1.0
432.9 357.9365 14 1.0
433.0 358.0041 14 1.0
433.1 358.0717 14 1.0
433.2 358.1393 14 1.0
433.3 358.207 14 1.0
433.4 358.2746 14 1.0
433.5 358.3422 14 1.0
433.6 358.4098 14 1.0
433.7 358.4775 14 1.0
433.8 358.5451 14 1.0
433.9 358.6127 14 1.0
434.0 358.6803 14 1.0
434.1 358.748 14 1.0
434.2 358.8156 14 1.0
434.3 358.8832 14 1.0
434.4 358.9508 14 1.0
434.5 359.0185 14 1.0
434.6 359.0861 14 1.0
434.7 359.1537 14 1.0
434.8 359.2213 14 1.0
434.9 359.289 14 1.0
435.0 359.3566 14 1.0
435.1 359.4242 14 1.0
435.2 359.4918 14 1.0
435.3 359.5595 14 1.0
435.4 359.6271 14 1.0
435.5 359.6947 14 1.0
435.6 359.7623 14 1.0
435.7 359.83 14 1.0
435.8 359.8976 14 1.0
435.9 359.9652 14 1.0
436.0 360.0328 14 1.0
436.1 360.1005 14 1.0
436.2 360.1681 14 1.0
436.3 360.2357 14 1.0
436.4 360.3033 14 1.0
436.5 360.371 14 1.0
436.6 360.4386 14 1.0
436.7 360.5062 14 1.0
436.8 360.5738 14 1.0
436.9 360.6415 14 1.0
437.0 360.7091 14 1.0
437.1 360.7767 14 1.0
437.2 360.8443 14 1.0
437.3 360.912 14 1.0
437.4 360.9796 14 1.0
437.5 361.0472 14 1.0
437.6 361.1148 14 1.0
437.7 361.1824 14 1.0
437.8 361.2501 14 1.0
437.9 361.3177 14 1.0
438.0 361.3853 14 1.0
438.1 361.4529 14 1.0
438.2 361.5206 14 1.0
438.3 361.5882 14 1.0
438.4 361.6558 14 1.0
438.5 361.7234 14 1.0
438.6 361.7911 14 1.0
438.7 361.8587 14 1.0
438.8 361.9263 14 1.0
438.9 361.9939 14 1.0
439.0 362.0616 14 1.0
439.1 362.1292 14 1.0
439.2 362.1968 14 1.0
439.3 362.2644 14 1.0
439.4 362.3321 14 1.0
439.5 362.3997 14 1.0
439.6 362.4673 14 1.0
439.7 362.5349 14 1.0
439.8 362.6026 14 1.0
439.9 362.6702 14 1.0
440.0 362.7378 14 1.0
440.1 362.8054 14 1.0
440.2 362.8731 14 1.0
440.3 362.9407 14 1.0
440.4 363.0083 14 1.0
440.5 363.0759 14 1.0
440.6 363.1436 14 1.0
440.7 363.2112 14 1.0
440.8 363.2788 14 1.0
440.9 363.3464 14 1.0
441.0 363.4141 14 1.0
441.1 363.4817 14 1.0
441.2 363.5493 14 1.0
441.3 363.6169 14 1.0
441.4 363.6846 14 1.0
441.5 363.7522 14 1.0
441.6 363.8198 14 1.0
441.7 363.8874 14 1.0
441.8 363.9551 14 1.0
441.9 364.0227 14 1.0
442.0 364.0903 14 1.0
442.1 364.1579 14 1.0
442.2 364.2255 14 1.0
442.3 364.2932 14 1.0
442.4 364.3608 14 1.0
442.5 364.4284 14 1.0
442.6 364.496 14 1.0
442.7 364.5637 14 1.0
442.8 364.6313 14 1.0
442.9 364.6989 14 1.0
443.0 364.7665 14 1.0
443.1 364.8342 14 1.0
443.2 364.9018 14 1.0
443.3 364.9694 14 1.0
443.4 365.037 14 1.0
443.5 365.1047 14 1.0
443.6 365.1723 14 1.0
443.7 365.2399 14 1.0
443.8 365.3075 14 1.0
443.9 365.3752 14 1.0
444.0 365.4428 14 1.0
444.1 365.5104 14 1.0
444.2 365.578 14 1.0
444.3 365.6457 14 1.0
444.4 365.7133 14 1.0
444.5 365.7809 14 1.0
444.6 365.8485 14 1.0
444.7 365.9162 14 1.0
444.8 365.9838 14 1.0
444.9 366.0514 14 1.0
445.0 366.119 14 1.0
445.1 366.1867 14 1.0
445.2 366.2543 14 1.0
445.3 366.3219 14 1.0
445.4 366.3895 14 1.0
445.5 366.4572 14 1.0
445.6 366.5248 14 1.0
445.7 366.5924 14 1.0
445.8 366.66 14 1.0
445.9 366.7277 14 1.0
446.0 366.7953 14 1.0
446.1 366.8629 14 1.0
446.2 366.9305 14 1.0
446.3 366.9982 14 1.0
446.4 367.0658 14 1.0
446.5 367.1334 14 1.0
446.6 367.201 14 1.0
446.7 367.2686 14 1.0
446.8 367.3363 14 1.0
446.9 367.4039 14 1.0
447.0 367.4715 14 1.0
447.1 367.5391 14 1.0
447.2 367.6068 14 1.0
447.3 367.6744 14 1.0
447.4 367.742 14 1.0
447.5 367.8096 14 1.0
447.6 367.8773 14 1.0
447.7 367.9449 14 1.0
447.8 368.0125 14 1.0
447.9 368.0801 14 1.0
448.0 368.1478 14 1.0
448.1 368.2154 14 1.0
448.2 368.283 14 1.0
448.3 368.3506 14 1.0
448.4 368.4183 14 1.0
448.5 368.4859 14 1.0
448.6 368.5535 14 1.0
448.7 368.6211 14 1.0
448.8 368.6888 14 1.0
448.9 368.7564 14 1.0
449.0 368.824 14 1.0
449.1 368.8916 14 1.0
449.2 368.9593 14 1.0
449.3 369.0269 14 1.0
449.4 369.0945 14 1.0
449.5 369.1621 14 1.0
449.6 369.2298 14 1.0
449.7 369.2974 14 1.0
449.8 369.365 14 1.0
449.9 369.4326 14 1.0
