15.0 1.459199 13 0.03519785744277637
15.1 1.472345 13 0.03615219758985355
15.2 1.48547 13 0.037095162129431536
15.3 1.498574 13 0.03802843199114092
15.4 1.511656 13 0.038945551128818146
15.5 1.524718 13 0.03984904694895741
15.6 1.537759 13 0.040742433122411104
15.7 1.55078 13 0.04162546424334723
15.8 1.563779 13 0.04249699879951985
15.9 1.576759 13 0.04335290135638992
16.0 1.589718 13 0.044201638189926395
16.1 1.603444 13 0.04511848982887767
16.2 1.617147 13 0.046023273597262326
16.3 1.630827 13 0.04691686163411912
16.4 1.644486 13 0.04779815704421331
16.5 1.702472 13 0.0492190471969538
16.6 1.75352 13 0.05329408614365938
16.7 1.804887 13 0.05737637588302935
16.8 1.856566 13 0.06146125125283142
16.9 1.908552 13 0.06555231357269886
17.0 1.960839 13 0.0696468408175015
17.1 2.013421 13 0.07374558772675766
17.2 2.066295 13 0.07785293596489962
17.3 2.119453 13 0.08196499229514409
17.4 2.172891 13 0.08607995044147398
17.5 2.226604 13 0.09019811663109456
17.6 2.280588 13 0.09432377437062278
17.7 2.334836 13 0.09845141857931494
17.8 2.389345 13 0.10258629890073401
17.9 2.444109 13 0.10672467627881344
18.0 2.499125 13 0.11086345030941436
18.1 2.561432 13 0.11581303516940644
18.2 2.640084 13 0.12076642358849154
18.3 2.727328 13 0.1257203688288404
18.4 2.815219 13 0.1306758215763104
18.5 2.903754 13 0.1356363949244188
18.6 2.992935 13 0.1405983755110396
18.7 3.082761 14 0.14556228631743184
18.8 3.173232 14 0.15052869475513075
18.9 3.264348 14 0.15549834054108413
19.0 3.35611 14 0.16046909983545088
19.1 3.448517 14 0.1654425559822631
19.2 3.541569 14 0.17042355621526462
19.3 3.635267 14 0.1754005564616713
19.4 3.729609 14 0.18038328348811583
19.5 3.824597 14 0.18536428324149357
19.6 3.920231 14 0.19034815731759247
19.7 4.016509 14 0.1953351308862813
19.8 4.113433 14 0.20032653987780946
19.9 4.211002 14 0.20532125355647368
20.0 4.309216 14 0.21031249375212424
20.1 4.402697 14 0.2155834113674413
20.2 4.496332 14 0.2208546258268802
20.3 4.590122 14 0.22612782236730777
20.4 4.684067 14 0.2313927276962816
20.5 4.778167 14 0.2366695871688631
20.6 4.872422 14 0.24194078237249705
20.7 4.966831 14 0.247213309959316
20.8 5.061396 14 0.25248740396365554
20.9 5.156115 14 0.257760717920711
21.0 5.250989 14 0.263033496899604
21.1 5.346018 14 0.26830812017509953
21.2 5.441202 14 0.27358174505191024
21.3 5.536541 14 0.27885745294694053
21.4 5.632034 14 0.2841304222814316
21.5 5.727683 14 0.28940685058106963
21.6 5.823486 14 0.2946839808251621
21.7 5.919444 14 0.2999604866133436
21.8 6.015557 14 0.30523355422660414
21.9 6.111825 14 0.3105125680717574
22.0 6.208248 14 0.3157904663599781
22.1 6.328143 14 0.32121066847225754
22.2 6.448944 14 0.3266356798389771
22.3 6.570651 14 0.3320681758456283
22.4 6.693263 14 0.3374958133582616
22.5 6.816781 14 0.3429310374957041
22.6 6.941204 14 0.3483675843350136
22.7 7.066532 14 0.3538073859347889
22.8 7.259162 14 0.3593758167422554
22.9 7.385727 14 0.36481971727493423
23.0 7.513197 14 0.37026592594681473
23.1 7.641573 14 0.3757101412977689
23.2 7.770855 14 0.3811634766038955
23.3 7.901042 14 0.3866142532786607
23.4 8.032134 14 0.39206964565054747
23.5 8.164132 14 0.3975265190399374
23.6 8.297035 14 0.4029879949848232
23.7 8.430844 14 0.4084497405001146
23.8 8.565559 14 0.41391586306111894
23.9 8.701179 14 0.4193839608641927
24.0 8.837704 14 0.4248527614179354
24.1 8.970799 14 0.43043695797198134
24.2 9.10464 14 0.4360233829334953
24.3 9.239226 14 0.44161132448714824
24.4 9.374558 14 0.44719756444451153
24.5 9.510635 14 0.4527903501743292
24.6 9.647457 14 0.4583834808259587
24.7 9.785025 14 0.46397652438606984
24.8 9.923339 14 0.4695743289798381
24.9 10.0624 14 0.47517398472206485
25.0 10.2022 14 0.4807719426527042
25.1 10.34275 14 0.4863738562720179
25.2 10.48405 14 0.4919754292656817
25.3 10.62609 14 0.4975787674331126
25.4 10.76887 14 0.5031853326092783
25.5 10.9124 14 0.5087925646851382
25.6 11.05668 14 0.5144025819754803
25.7 11.2017 14 0.5200107653397466
25.8 11.34747 14 0.5256258990035672
25.9 11.49399 14 0.5312390949983987
26.0 11.64124 14 0.5368520075382301
26.1 11.784 14 0.542370952946447
26.2 11.92742 14 0.5478873950671017
26.3 12.0715 14 0.5534065296911372
26.4 12.21624 14 0.5589275646697445
26.5 12.36165 14 0.5644490762242436
26.6 12.50772 14 0.5699725795394976
26.7 12.65446 14 0.5754978820486366
26.8 12.80185 14 0.5810232764846397
26.9 12.94991 14 0.5865502331496397
27.0 13.09864 14 0.5920766986615593
27.1 13.24803 14 0.597606879822189
27.2 13.39808 14 0.6031368797735934
27.3 13.54879 14 0.6086675746759347
27.4 13.70017 14 0.6141996804457373
27.5 13.85221 14 0.619733474221992
27.6 14.00492 14 0.6252684785506989
27.7 14.15828 14 0.6308045865201055
27.8 14.31231 14 0.636340382885669
27.9 14.46701 14 0.6418798789018754
28.0 14.62237 14 0.6474188161728132
28.1 14.7732 14 0.6538180941742487
28.2 14.92432 14 0.6602184604975538
28.3 15.07572 14 0.6666188636152386
28.4 15.22742 14 0.6730200815846292
28.5 15.37939 14 0.6794216307584424
28.6 15.53166 14 0.6858230855226384
28.7 15.68421 14 0.6922252346343138
28.8 15.83705 14 0.6986270198034344
28.9 15.99018 14 0.7050300885736986
29.0 16.1436 14 0.7114340622240689
29.1 16.2973 14 0.7178371992639208
29.2 16.45128 14 0.7242417560807006
29.3 16.60556 14 0.7306467131516101
29.4 16.76012 14 0.7370509700501265
29.5 16.91497 14 0.743456381083362
29.6 17.07011 14 0.7498624936303626
29.7 17.22553 14 0.7562682777633465
29.8 17.38124 14 0.7626754927295869
29.9 17.53723 14 0.7690820110174168
30.0 17.69352 14 0.7754897490231842
30.1 17.82743 14 0.7815893841054272
30.2 17.96135 14 0.7876887467985096
30.3 18.09529 14 0.7937880004458264
30.4 18.22925 14 0.7998873411823613
30.5 18.36323 14 0.8059868495363794
30.6 18.49722 14 0.812085246858824
30.7 18.63123 14 0.818186265397372
30.8 18.76525 14 0.8242849549432163
30.9 18.89929 14 0.8303847814199787
31.0 19.03335 14 0.836483833766611
31.1 19.16743 14 0.8425836121897536
31.2 19.30152 14 0.8486828940598021
31.3 19.43563 14 0.8547831192707648
31.4 19.56976 14 0.8608823422102669
31.5 19.7039 14 0.8669822565936394
31.6 19.83806 14 0.8730818237517147
31.7 19.97223 14 0.879181549451903
31.8 20.10642 14 0.8852810722579995
31.9 20.24063 14 0.8913805565594507
32.0 20.37486 14 0.897480939827664
32.1 20.5091 14 0.9035804403031171
32.2 20.64336 14 0.9096804090540276
32.3 20.77764 14 0.9157801291390992
32.4 20.91193 14 0.9218802430153916
32.5 21.04624 14 0.9279798377783515
32.6 21.18056 14 0.9340795866103939
32.7 21.31491 14 0.9401796025302929
32.8 21.44927 14 0.9462796459021211
32.9 21.58364 14 0.9523797777761217
33.0 21.71803 14 0.958479524548665
33.1 21.85244 14 0.964579583825413
33.2 21.98687 14 0.9706797211948031
33.3 22.12131 14 0.976779708596318
33.4 22.25577 14 0.9828797886393659
33.5 22.39025 14 0.9889798986919133
33.6 22.52474 14 0.995079993323955
33.7 22.63348 14 1.0
33.8 22.63481 14 1.0
33.9 22.63614 14 1.0
34.0 22.63747 14 1.0
34.1 22.6388 14 1.0
34.2 22.64013 14 1.0
34.3 22.64145 14 1.0
34.4 22.64278 14 1.0
34.5 22.64411 14 1.0
34.6 22.64544 14 1.0
34.7 22.64677 14 1.0
34.8 22.6481 14 1.0
34.9 22.64943 14 1.0
35.0 22.65075 14 1.0
35.1 22.63168 14 1.0
35.2 22.6126 14 1.0
35.3 22.59353 14 1.0
35.4 22.57445 14 1.0
35.5 22.55538 14 1.0
35.6 22.5363 14 1.0
35.7 22.51722 14 1.0
35.8 22.49815 14 1.0
35.9 22.47907 14 1.0
36.0 22.46 14 1.0
36.1 22.44092 14 1.0
36.2 22.42184 14 1.0
36.3 22.40277 14 1.0
36.4 22.38369 14 1.0
36.5 22.36462 14 1.0
36.6 22.34554 14 1.0
36.7 22.32646 14 1.0
36.8 22.30739 14 1.0
36.9 22.28831 14 1.0
37.0 22.26924 14 1.0
37.1 22.25016 14 1.0
37.2 22.23108 14 1.0
37.3 22.21201 14 1.0
37.4 22.19293 14 1.0
37.5 22.17386 14 1.0
37.6 22.15478 14 1.0
37.7 22.13571 14 1.0
37.8 22.11663 14 1.0
37.9 22.09755 14 1.0
38.0 22.07848 14 1.0
38.1 22.0594 14 1.0
38.2 22.04033 14 1.0
38.3 22.02125 14 1.0
38.4 22.00217 14 1.0
38.5 21.9831 14 1.0
38.6 21.96402 14 1.0
38.7 21.94495 14 1.0
38.8 21.92587 14 1.0
38.9 21.90679 14 1.0
39.0 21.88772 14 1.0
39.1 21.86864 14 1.0
39.2 21.84957 14 1.0
39.3 21.83049 14 1.0
39.4 21.81141 14 1.0
39.5 21.79234 14 1.0
39.6 21.77326 14 1.0
39.7 21.75419 14 1.0
39.8 21.73511 14 1.0
39.9 21.71604 14 1.0
40.0 21.69696 14 1.0
40.1 21.67832 14 1.0
40.2 21.65968 14 1.0
40.3 21.64104 14 1.0
40.4 21.6224 14 1.0
40.5 21.60376 14 1.0
40.6 21.58512 14 1.0
40.7 21.56648 14 1.0
40.8 21.54784 14 1.0
40.9 21.5292 14 1.0
41.0 21.51056 14 1.0
41.1 21.49192 14 1.0
41.2 21.47328 14 1.0
41.3 21.45464 14 1.0
41.4 21.436 14 1.0
41.5 21.41736 14 1.0
41.6 21.39872 14 1.0
41.7 21.38008 14 1.0
41.8 21.36144 14 1.0
41.9 21.3428 14 1.0
42.0 21.32416 14 1.0
42.1 21.30552 14 1.0
42.2 21.28688 14 1.0
42.3 21.26824 14 1.0
42.4 21.2496 14 1.0
42.4 21.23096 14 1.0
42.5 21.21232 14 1.0
42.6 21.19368 14 1.0
42.7 21.17504 14 1.0
42.8 21.15641 14 1.0
42.9 21.13777 14 1.0
43.0 21.11913 14 1.0
43.1 21.10049 14 1.0
43.2 21.08185 14 1.0
43.3 21.06321 14 1.0
43.4 21.04457 14 1.0
43.5 21.02593 14 1.0
43.6 21.00729 14 1.0
43.7 20.98865 14 1.0
43.8 20.97001 14 1.0
43.9 20.95137 14 1.0
44.0 20.93273 14 1.0
44.1 20.91409 14 1.0
44.2 20.89545 14 1.0
44.3 20.87681 14 1.0
44.4 20.85817 14 1.0
44.5 20.83953 14 1.0
44.6 20.82089 14 1.0
44.7 20.80225 14 1.0
44.8 20.78361 14 1.0
44.9 20.76497 14 1.0
45.0 20.74633 14 1.0
45.1 20.72769 14 1.0
45.2 20.70905 14 1.0
45.3 20.69041 14 1.0
45.4 20.67177 14 1.0
45.5 20.65313 14 1.0
45.6 20.63449 14 1.0
45.7 20.61585 14 1.0
45.8 20.59721 14 1.0
45.9 20.57857 14 1.0
46.0 20.55993 14 1.0
46.1 20.54129 14 1.0
46.2 20.52265 14 1.0
46.3 20.50401 14 1.0
46.4 20.48537 14 1.0
46.5 20.46673 14 1.0
46.6 20.44809 14 1.0
46.7 20.42945 14 1.0
46.8 20.41081 14 1.0
46.9 20.39217 14 1.0
47.0 20.37353 14 1.0
47.1 20.35489 14 1.0
47.2 20.33625 14 1.0
47.3 20.31761 14 1.0
47.4 20.29897 14 1.0
47.5 20.28033 14 1.0
47.6 20.26169 14 1.0
47.7 20.24305 14 1.0
47.8 20.22441 14 1.0
47.9 20.20577 14 1.0
48.0 20.18714 14 1.0
48.1 20.1685 14 1.0
48.2 20.14986 14 1.0
48.3 20.13122 14 1.0
48.4 20.11258 14 1.0
48.5 20.09394 14 1.0
48.6 20.0753 14 1.0
48.7 20.05666 14 1.0
48.8 20.03802 14 1.0
48.9 20.01938 14 1.0
49.0 20.00074 14 1.0
49.1 19.9821 14 1.0
49.2 19.96346 14 1.0
49.3 19.94482 14 1.0
49.4 19.92618 14 1.0
49.5 19.90754 14 1.0
49.6 19.8889 14 1.0
49.7 19.87026 14 1.0
49.8 19.85162 14 1.0
49.9 19.83298 14 1.0
50.0 19.87898 14 1.0
50.1 19.92498 14 1.0
50.2 19.97098 14 1.0
50.3 20.01698 14 1.0
50.4 20.06298 14 1.0
50.5 20.10898 14 1.0
50.6 20.15498 14 1.0
50.7 20.20098 14 1.0
50.8 20.24698 14 1.0
50.9 20.29298 14 1.0
51.0 20.33898 14 1.0
51.1 20.38498 14 1.0
51.2 20.43098 14 1.0
51.3 20.47698 14 1.0
51.4 20.52298 14 1.0
51.5 20.56898 14 1.0
51.6 20.61498 14 1.0
51.7 20.66098 14 1.0
51.8 20.70698 14 1.0
51.9 20.75298 14 1.0
52.0 20.79898 14 1.0
52.1 20.84498 14 1.0
52.2 20.89098 14 1.0
52.3 20.93698 14 1.0
52.4 20.98298 14 1.0
52.5 21.02898 14 1.0
52.6 21.07498 14 1.0
52.7 21.12098 14 1.0
52.8 21.16698 14 1.0
52.9 21.21298 14 1.0
53.0 21.25898 14 1.0
53.1 21.30498 14 1.0
53.2 21.35098 14 1.0
53.3 21.39698 14 1.0
53.4 21.44298 14 1.0
53.5 21.48898 14 1.0
53.6 21.53497 14 1.0
53.7 21.58097 14 1.0
53.8 21.62697 14 1.0
53.9 21.67297 14 1.0
54.0 21.71897 14 1.0
54.1 21.76497 14 1.0
54.2 21.81097 14 1.0
54.3 21.85697 14 1.0
54.4 21.90297 14 1.0
54.5 21.94897 14 1.0
54.6 21.99497 14 1.0
54.7 22.04097 14 1.0
54.8 22.08697 14 1.0
54.9 22.13297 14 1.0
55.0 22.17897 14 1.0
55.1 22.22497 14 1.0
55.2 22.27097 14 1.0
55.3 22.31697 14 1.0
55.4 22.36297 14 1.0
55.5 22.40897 14 1.0
55.6 22.45497 14 1.0
55.7 22.50097 14 1.0
55.8 22.54697 14 1.0
55.9 22.59297 14 1.0
56.0 22.63897 14 1.0
56.1 22.68497 14 1.0
56.2 22.73097 14 1.0
56.3 22.77697 14 1.0
56.4 22.82297 14 1.0
56.5 22.86897 14 1.0
56.6 22.91497 14 1.0
56.7 22.96097 14 1.0
56.8 23.00697 14 1.0
56.9 23.05297 14 1.0
57.0 23.09897 14 1.0
57.1 23.14497 14 1.0
57.2 23.19097 14 1.0
57.3 23.23697 14 1.0
57.4 23.28297 14 1.0
57.5 23.32897 14 1.0
57.6 23.37497 14 1.0
57.7 23.42097 14 1.0
57.8 23.46697 14 1.0
57.9 23.51297 14 1.0
58.0 23.55897 14 1.0
58.1 23.60497 14 1.0
58.2 23.65097 14 1.0
58.3 23.69697 14 1.0
58.4 23.74297 14 1.0
58.5 23.78897 14 1.0
58.6 23.83497 14 1.0
58.7 23.88097 14 1.0
58.8 23.92697 14 1.0
58.9 23.97297 14 1.0
59.0 24.01897 14 1.0
59.1 24.06497 14 1.0
59.2 24.11097 14 1.0
59.3 24.15697 14 1.0
59.4 24.20297 14 1.0
59.5 24.24897 14 1.0
59.6 24.29497 14 1.0
59.7 24.34097 14 1.0
59.8 24.38697 14 1.0
59.9 24.43297 14 1.0
60.0 24.4759 14 1.0
60.1 24.51883 14 1.0
60.2 24.56177 14 1.0
60.3 24.6047 14 1.0
60.4 24.64763 14 1.0
60.5 24.69057 14 1.0
60.6 24.7335 14 1.0
60.7 24.77643 14 1.0
60.8 24.81937 14 1.0
60.9 24.8623 14 1.0
61.0 24.90523 14 1.0
61.1 24.94817 14 1.0
61.2 24.9911 14 1.0
61.3 25.03403 14 1.0
61.4 25.07697 14 1.0
61.5 25.1199 14 1.0
61.6 25.16283 14 1.0
61.7 25.20576 14 1.0
61.8 25.2487 14 1.0
61.9 25.29163 14 1.0
62.0 25.33456 14 1.0
62.1 25.3775 14 1.0
62.2 25.42043 14 1.0
62.3 25.46336 14 1.0
62.4 25.5063 14 1.0
62.5 25.54923 14 1.0
62.6 25.59216 14 1.0
62.7 25.6351 14 1.0
62.8 25.67803 14 1.0
62.9 25.72096 14 1.0
63.0 25.7639 14 1.0
63.1 25.80683 14 1.0
63.2 25.84976 14 1.0
63.3 25.8927 14 1.0
63.4 25.93563 14 1.0
63.5 25.97856 14 1.0
63.6 26.02149 14 1.0
63.7 26.06443 14 1.0
63.8 26.10736 14 1.0
63.9 26.15029 14 1.0
64.0 26.19323 14 1.0
64.1 26.23616 14 1.0
64.2 26.27909 14 1.0
64.3 26.32203 14 1.0
64.4 26.36496 14 1.0
64.5 26.40789 14 1.0
64.6 26.45083 14 1.0
64.7 26.49376 14 1.0
64.8 26.53669 14 1.0
64.9 26.57963 14 1.0
65.0 26.62256 14 1.0
65.1 26.66549 14 1.0
65.2 26.70843 14 1.0
65.3 26.75136 14 1.0
65.4 26.79429 14 1.0
65.5 26.83722 14 1.0
65.6 26.88016 14 1.0
65.7 26.92309 14 1.0
65.8 26.96602 14 1.0
65.9 27.00896 14 1.0
66.0 27.05189 14 1.0
66.1 27.09482 14 1.0
66.2 27.13776 14 1.0
66.3 27.18069 14 1.0
66.4 27.22362 14 1.0
66.5 27.26656 14 1.0
66.6 27.30949 14 1.0
66.7 27.35242 14 1.0
66.8 27.39536 14 1.0
66.9 27.43829 14 1.0
67.0 27.48122 14 1.0
67.1 27.52415 14 1.0
67.2 27.56709 14 1.0
67.3 27.61002 14 1.0
67.4 27.65295 14 1.0
67.5 27.69589 14 1.0
67.6 27.73882 14 1.0
67.7 27.78175 14 1.0
67.8 27.82469 14 1.0
67.9 27.86762 14 1.0
68.0 27.91055 14 1.0
68.1 27.95349 14 1.0
68.2 27.99642 14 1.0
68.3 28.03935 14 1.0
68.4 28.08229 14 1.0
68.5 28.12522 14 1.0
68.6 28.16815 14 1.0
68.7 28.21109 14 1.0
68.8 28.25402 14 1.0
68.9 28.29695 14 1.0
69.0 28.33988 14 1.0
69.1 28.38282 14 1.0
69.2 28.42575 14 1.0
69.3 28.46868 14 1.0
69.4 28.51162 14 1.0
69.5 28.55455 14 1.0
69.6 28.59748 14 1.0
69.7 28.64042 14 1.0
69.8 28.68335 14 1.0
69.9 28.72628 14 1.0
70.0 28.77364 14 1.0
70.1 28.82099 14 1.0
70.2 28.86834 14 1.0
70.3 28.9157 14 1.0
70.4 28.96305 14 1.0
70.5 29.01041 14 1.0
70.6 29.05776 14 1.0
70.7 29.10511 14 1.0
70.8 29.15247 14 1.0
70.9 29.19982 14 1.0
71.0 29.24717 14 1.0
71.1 29.29453 14 1.0
71.2 29.34188 14 1.0
71.3 29.38924 14 1.0
71.4 29.43659 14 1.0
71.5 29.48394 14 1.0
71.6 29.5313 14 1.0
71.7 29.57865 14 1.0
71.8 29.626 14 1.0
71.9 29.67336 14 1.0
72.0 29.72071 14 1.0
72.1 29.76807 14 1.0
72.2 29.81542 14 1.0
72.3 29.86277 14 1.0
72.4 29.91013 14 1.0
72.5 29.95748 14 1.0
72.6 30.00484 14 1.0
72.7 30.05219 14 1.0
72.8 30.09954 14 1.0
72.9 30.1469 14 1.0
73.0 30.19425 14 1.0
73.1 30.2416 14 1.0
73.2 30.28896 14 1.0
73.3 30.33631 14 1.0
73.4 30.38367 14 1.0
73.5 30.43102 14 1.0
73.6 30.47837 14 1.0
73.7 30.52573 14 1.0
73.8 30.57308 14 1.0
73.9 30.62043 14 1.0
74.0 30.66779 14 1.0
74.1 30.71514 14 1.0
74.2 30.7625 14 1.0
74.2 30.80985 14 1.0
74.3 30.8572 14 1.0
74.4 30.90456 14 1.0
74.5 30.95191 14 1.0
74.6 30.99926 14 1.0
74.7 31.04662 14 1.0
74.8 31.09397 14 1.0
74.9 31.14133 14 1.0
75.0 31.18868 14 1.0
75.1 31.23603 14 1.0
75.2 31.28339 14 1.0
75.3 31.33074 14 1.0
75.4 31.3781 14 1.0
75.5 31.42545 14 1.0
75.6 31.4728 14 1.0
75.7 31.52016 14 1.0
75.8 31.56751 14 1.0
75.9 31.61486 14 1.0
76.0 31.66222 14 1.0
76.1 31.70957 14 1.0
76.2 31.75693 14 1.0
76.3 31.80428 14 1.0
76.4 31.85163 14 1.0
76.5 31.89899 14 1.0
76.6 31.94634 14 1.0
76.7 31.99369 14 1.0
76.8 32.04105 14 1.0
76.9 32.0884 14 1.0
77.0 32.13576 14 1.0
77.1 32.18311 14 1.0
77.2 32.21939 14 1.0
77.3 32.23902 14 1.0
77.4 32.25854 14 1.0
77.5 32.27794 14 1.0
77.6 32.29723 14 1.0
77.7 32.31641 14 1.0
77.8 32.33547 14 1.0
77.9 32.35442 14 1.0
78.0 32.37326 14 1.0
78.1 32.39198 14 1.0
78.2 32.41059 14 1.0
78.3 32.42909 14 1.0
78.4 32.44747 14 1.0
78.5 32.46574 14 1.0
78.6 32.4839 14 1.0
78.7 32.50195 14 1.0
78.8 32.51988 14 1.0
78.9 32.5377 14 1.0
79.0 32.5554 14 1.0
79.1 32.573 14 1.0
79.2 32.59047 14 1.0
79.3 32.60784 14 1.0
79.4 32.62509 14 1.0
79.5 32.64223 14 1.0
79.6 32.65926 14 1.0
79.7 32.67617 14 1.0
79.8 32.69297 14 1.0
79.9 32.7039 14 1.0
80.0 32.71494 14 1.0
80.1 32.72611 14 1.0
80.2 32.73741 14 1.0
80.3 32.74883 14 1.0
80.4 32.76038 14 1.0
80.5 32.77205 14 1.0
80.6 32.78385 14 1.0
80.7 32.79577 14 1.0
80.8 32.80781 14 1.0
80.9 32.81999 14 1.0
81.0 32.83228 14 1.0
81.1 32.8447 14 1.0
81.2 32.85725 14 1.0
81.3 32.86992 14 1.0
81.4 32.88272 14 1.0
81.5 32.89564 14 1.0
81.6 32.90868 14 1.0
81.7 32.92185 14 1.0
81.8 32.93515 14 1.0
81.9 32.94857 14 1.0
82.0 32.96211 14 1.0
82.1 32.97578 14 1.0
82.2 32.98958 14 1.0
82.3 33.0035 14 1.0
82.4 33.01755 14 1.0
82.5 33.03172 14 1.0
82.6 33.04601 14 1.0
82.7 33.06043 14 1.0
82.8 33.07498 14 1.0
82.9 33.08965 14 1.0
83.0 33.10444 14 1.0
83.1 33.11936 14 1.0
83.2 33.1344 14 1.0
83.3 33.14957 14 1.0
83.4 33.16487 14 1.0
83.5 33.18029 14 1.0
83.6 33.19583 14 1.0
83.7 33.2115 14 1.0
83.8 33.2273 14 1.0
83.9 33.24321 14 1.0
84.0 33.25926 14 1.0
84.1 33.27543 14 1.0
84.2 33.29172 14 1.0
84.3 33.30814 14 1.0
84.4 33.32468 14 1.0
84.5 33.34135 14 1.0
84.6 33.35815 14 1.0
84.7 33.37506 14 1.0
84.8 33.39211 14 1.0
84.9 33.40928 14 1.0
85.0 33.42657 14 1.0
85.1 33.44399 14 1.0
85.2 33.46153 14 1.0
85.3 33.4792 14 1.0
85.4 33.49699 14 1.0
85.5 33.51491 14 1.0
85.6 33.53295 14 1.0
85.7 33.55112 14 1.0
85.8 33.56941 14 1.0
85.9 33.58783 14 1.0
86.0 33.60638 14 1.0
86.1 33.62504 14 1.0
86.2 33.64384 14 1.0
86.3 33.66275 14 1.0
86.4 33.6818 14 1.0
86.5 33.70096 14 1.0
86.6 33.72025 14 1.0
86.7 33.73967 14 1.0
86.8 33.75921 14 1.0
86.9 33.77888 14 1.0
87.0 33.79867 14 1.0
87.1 33.81859 14 1.0
87.2 33.83863 14 1.0
87.3 33.8588 14 1.0
87.4 33.87909 14 1.0
87.5 33.89951 14 1.0
87.6 33.92005 14 1.0
87.7 33.94072 14 1.0
87.8 33.96151 14 1.0
87.9 33.98242 14 1.0
88.0 34.00346 14 1.0
88.1 34.02463 14 1.0
88.2 34.04592 14 1.0
88.3 34.06734 14 1.0
88.4 34.08888 14 1.0
88.5 34.11054 14 1.0
88.6 34.13234 14 1.0
88.7 34.15425 14 1.0
88.8 34.17629 14 1.0
88.9 34.19846 14 1.0
89.0 34.22075 14 1.0
89.1 34.24316 14 1.0
89.2 34.2657 14 1.0
89.3 34.28837 14 1.0
89.4 34.31116 14 1.0
89.5 34.33408 14 1.0
89.6 34.35712 14 1.0
89.7 34.38028 14 1.0
89.8 34.40357 14 1.0
89.9 34.41712 14 1.0
90.0 34.4305 14 1.0
90.1 34.44373 14 1.0
90.2 34.4568 14 1.0
90.3 34.46971 14 1.0
90.4 34.48246 14 1.0
90.5 34.49505 14 1.0
90.6 34.50748 14 1.0
90.7 34.57964 14 1.0
90.8 34.60167 14 1.0
90.9 34.62371 14 1.0
91.0 34.64576 14 1.0
91.1 34.66783 14 1.0
91.2 34.68991 14 1.0
91.3 34.71201 14 1.0
91.4 34.73412 14 1.0
91.5 34.75625 14 1.0
91.6 34.77839 14 1.0
91.7 34.80054 14 1.0
91.8 34.82271 14 1.0
91.9 34.8449 14 1.0
92.0 34.8671 14 1.0
92.1 34.88931 14 1.0
92.2 34.91154 14 1.0
92.3 34.93378 14 1.0
92.4 34.95604 14 1.0
92.5 34.97832 14 1.0
92.6 35.0006 14 1.0
92.7 35.0229 14 1.0
92.8 35.04522 14 1.0
92.9 35.06755 14 1.0
93.0 35.0899 14 1.0
93.1 35.11226 14 1.0
93.2 35.13463 14 1.0
93.3 35.15702 14 1.0
93.4 35.17943 14 1.0
93.5 35.20185 14 1.0
93.6 35.22428 14 1.0
93.7 35.24673 14 1.0
93.8 35.26919 14 1.0
93.9 35.29167 14 1.0
94.0 35.31416 14 1.0
94.1 35.33667 14 1.0
94.2 35.35919 14 1.0
94.3 35.38172 14 1.0
94.4 35.40427 14 1.0
94.5 35.42684 14 1.0
94.6 35.44942 14 1.0
94.7 35.47201 14 1.0
94.8 35.49462 14 1.0
94.9 35.51724 14 1.0
95.0 35.53988 14 1.0
95.1 35.56254 14 1.0
95.2 35.5852 14 1.0
95.3 35.60788 14 1.0
95.4 35.63058 14 1.0
95.5 35.65329 14 1.0
95.6 35.67602 14 1.0
95.7 35.69876 14 1.0
95.8 35.72151 14 1.0
95.9 35.74428 14 1.0
96.0 35.76707 14 1.0
96.1 35.78987 14 1.0
96.2 35.81268 14 1.0
96.3 35.83551 14 1.0
96.4 35.85835 14 1.0
96.4 35.88121 14 1.0
96.5 35.90408 14 1.0
96.6 35.92697 14 1.0
96.7 35.94987 14 1.0
96.8 35.97278 14 1.0
96.9 35.99571 14 1.0
97.0 36.01866 14 1.0
97.1 36.04162 14 1.0
97.2 36.06459 14 1.0
97.3 36.08758 14 1.0
97.4 36.11059 14 1.0
97.5 36.1336 14 1.0
97.6 36.15664 14 1.0
97.7 36.17968 14 1.0
97.8 36.20275 14 1.0
97.9 36.22582 14 1.0
98.0 36.24891 14 1.0
98.1 36.27202 14 1.0
98.2 36.29514 14 1.0
98.3 36.31828 14 1.0
98.4 36.34143 14 1.0
98.5 36.36459 14 1.0
98.6 36.38777 14 1.0
98.7 36.41096 14 1.0
98.8 36.43417 14 1.0
98.9 36.45739 14 1.0
99.0 36.48063 14 1.0
99.1 36.50388 14 1.0
99.2 36.52715 14 1.0
99.3 36.55043 14 1.0
99.4 36.57373 14 1.0
99.5 36.59704 14 1.0
99.6 36.62036 14 1.0
99.7 36.6437 14 1.0
99.8 36.6797 14 1.0
99.9 36.71562 14 1.0
100.0 36.75146 14 1.0
100.1 36.78722 14 1.0
100.2 36.82289 14 1.0
100.3 36.85849 14 1.0
100.4 36.894 14 1.0
100.5 36.92944 14 1.0
100.6 36.96479 14 1.0
100.7 37.00006 14 1.0
100.8 37.03525 14 1.0
100.9 37.07036 14 1.0
101.0 37.10539 14 1.0
101.1 37.14033 14 1.0
101.2 37.1752 14 1.0
101.3 37.20999 14 1.0
101.4 37.24469 14 1.0
101.5 37.27931 14 1.0
101.6 37.31385 14 1.0
101.7 37.34832 14 1.0
101.8 37.3827 14 1.0
101.9 37.417 14 1.0
102.0 37.45121 14 1.0
102.1 37.48535 14 1.0
102.2 37.51941 14 1.0
102.3 37.55338 14 1.0
102.4 37.58728 14 1.0
102.5 37.62109 14 1.0
102.6 37.65482 14 1.0
102.7 37.68847 14 1.0
102.8 37.72204 14 1.0
102.9 37.75553 14 1.0
103.0 37.78894 14 1.0
103.1 37.82227 14 1.0
103.2 37.85551 14 1.0
103.3 37.88868 14 1.0
103.4 37.92176 14 1.0
103.5 37.95477 14 1.0
103.6 37.98769 14 1.0
103.7 38.02053 14 1.0
103.8 38.05329 14 1.0
103.9 38.08597 14 1.0
104.0 38.11857 14 1.0
104.1 38.15109 14 1.0
104.2 38.18352 14 1.0
104.3 38.21588 14 1.0
104.4 38.24815 14 1.0
104.5 38.28034 14 1.0
104.6 38.31246 14 1.0
104.7 38.34449 14 1.0
104.8 38.37644 14 1.0
104.9 38.40831 14 1.0
105.0 38.4401 14 1.0
105.1 38.4718 14 1.0
105.2 38.50343 14 1.0
105.3 38.53497 14 1.0
105.4 38.56644 14 1.0
105.5 38.59782 14 1.0
105.6 38.62912 14 1.0
105.7 38.66035 14 1.0
105.8 38.69149 14 1.0
105.9 38.72255 14 1.0
106.0 38.75352 14 1.0
106.1 38.78442 14 1.0
106.2 38.81524 14 1.0
106.3 38.84597 14 1.0
106.4 38.87663 14 1.0
106.5 38.9072 14 1.0
106.6 38.93769 14 1.0
106.7 38.9681 14 1.0
106.8 38.99843 14 1.0
106.9 39.02868 14 1.0
107.0 39.05885 14 1.0
107.1 39.08894 14 1.0
107.2 39.11894 14 1.0
107.3 39.14887 14 1.0
107.4 39.17871 14 1.0
107.5 39.20848 14 1.0
107.6 39.23816 14 1.0
107.7 39.26776 14 1.0
107.8 39.29728 14 1.0
107.9 39.32672 14 1.0
108.0 39.35608 14 1.0
108.1 39.38536 14 1.0
108.2 39.41455 14 1.0
108.3 39.44367 14 1.0
108.4 39.4727 14 1.0
108.5 39.50165 14 1.0
108.6 39.53053 14 1.0
108.7 39.55932 14 1.0
108.8 39.58803 14 1.0
108.9 39.61666 14 1.0
109.0 39.64521 14 1.0
109.1 39.67367 14 1.0
109.2 39.70206 14 1.0
109.3 39.73036 14 1.0
109.4 39.75859 14 1.0
109.5 39.78673 14 1.0
109.6 39.81479 14 1.0
109.7 39.84278 14 1.0
109.8 39.86469 14 1.0
109.9 39.88658 14 1.0
110.0 39.90846 14 1.0
110.1 39.93032 14 1.0
110.2 39.95217 14 1.0
110.3 39.97399 14 1.0
110.4 39.9958 14 1.0
110.5 40.01759 14 1.0
110.6 40.03936 14 1.0
110.7 40.06112 14 1.0
110.8 40.08286 14 1.0
110.9 40.10458 14 1.0
111.0 40.12628 14 1.0
111.1 40.14797 14 1.0
111.2 40.16963 14 1.0
111.3 40.19128 14 1.0
111.4 40.21292 14 1.0
111.5 40.23453 14 1.0
111.6 40.25613 14 1.0
111.7 40.27771 14 1.0
111.8 40.29928 14 1.0
111.9 40.32082 14 1.0
112.0 40.34235 14 1.0
112.1 40.36386 14 1.0
112.2 40.38535 14 1.0
112.3 40.40683 14 1.0
112.4 40.42829 14 1.0
112.5 40.44973 14 1.0
112.6 40.47115 14 1.0
112.7 40.49256 14 1.0
112.8 40.51395 14 1.0
112.9 40.53532 14 1.0
113.0 40.55667 14 1.0
113.1 40.57801 14 1.0
113.2 40.59933 14 1.0
113.3 40.62063 14 1.0
113.4 40.64191 14 1.0
113.5 40.66318 14 1.0
113.6 40.68443 14 1.0
113.7 40.70566 14 1.0
113.8 40.72687 14 1.0
113.9 40.74807 14 1.0
114.0 40.76925 14 1.0
114.1 40.79041 14 1.0
114.2 40.81155 14 1.0
114.3 40.83268 14 1.0
114.4 40.85379 14 1.0
114.5 40.87488 14 1.0
114.6 40.89595 14 1.0
114.7 40.91701 14 1.0
114.8 40.93805 14 1.0
114.9 40.95907 14 1.0
115.0 40.98007 14 1.0
115.1 41.00106 14 1.0
115.2 41.02203 14 1.0
115.3 41.04298 14 1.0
115.4 41.06391 14 1.0
115.5 41.08483 14 1.0
115.6 41.10573 14 1.0
115.7 41.12661 14 1.0
115.8 41.14747 14 1.0
115.9 41.16832 14 1.0
116.0 41.18915 14 1.0
116.1 41.20996 14 1.0
116.2 41.23075 14 1.0
116.3 41.25153 14 1.0
116.4 41.27229 14 1.0
116.5 41.29303 14 1.0
116.6 41.31376 14 1.0
116.7 41.33446 14 1.0
116.8 41.35515 14 1.0
116.9 41.37582 14 1.0
117.0 41.39648 14 1.0
117.1 41.41711 14 1.0
117.2 41.43773 14 1.0
117.3 41.45834 14 1.0
117.4 41.47892 14 1.0
117.5 41.49949 14 1.0
117.6 41.52004 14 1.0
117.7 41.54057 14 1.0
117.8 41.56108 14 1.0
117.9 41.58158 14 1.0
118.0 41.60206 14 1.0
118.1 41.62252 14 1.0
118.2 41.64296 14 1.0
118.3 41.66339 14 1.0
118.4 41.6838 14 1.0
118.5 41.70419 14 1.0
118.6 41.72457 14 1.0
118.7 41.74492 14 1.0
118.8 41.76526 14 1.0
118.9 41.78559 14 1.0
119.0 41.80589 14 1.0
119.1 41.82618 14 1.0
119.2 41.84645 14 1.0
119.3 41.8667 14 1.0
119.4 41.88693 14 1.0
119.5 41.90715 14 1.0
119.6 41.92735 14 1.0
119.7 41.94753 14 1.0
119.8 41.9684 14 1.0
119.9 41.98929 14 1.0
120.0 42.01019 14 1.0
120.1 42.0311 14 1.0
120.2 42.05203 14 1.0
120.3 42.07298 14 1.0
120.4 42.09394 14 1.0
120.5 42.11492 14 1.0
120.6 42.13592 14 1.0
120.7 42.15693 14 1.0
120.8 42.17796 14 1.0
120.9 42.199 14 1.0
121.0 42.22006 14 1.0
121.1 42.24113 14 1.0
121.2 42.26222 14 1.0
121.3 42.28333 14 1.0
121.3 42.30445 14 1.0
121.4 42.32559 14 1.0
121.5 42.34674 14 1.0
121.6 42.36791 14 1.0
121.7 42.3891 14 1.0
121.8 42.4103 14 1.0
121.9 42.43152 14 1.0
122.0 42.45275 14 1.0
122.1 42.474 14 1.0
122.2 42.49527 14 1.0
122.3 42.51655 14 1.0
122.4 42.53785 14 1.0
122.5 42.55916 14 1.0
122.6 42.58049 14 1.0
122.7 42.60184 14 1.0
122.8 42.6232 14 1.0
122.9 42.64457 14 1.0
123.0 42.66597 14 1.0
123.1 42.68738 14 1.0
123.2 42.7088 14 1.0
123.3 42.73024 14 1.0
123.4 42.7517 14 1.0
123.5 42.77317 14 1.0
123.6 42.79466 14 1.0
123.7 42.81616 14 1.0
123.8 42.83768 14 1.0
123.9 42.85922 14 1.0
124.0 42.88077 14 1.0
124.1 42.90234 14 1.0
124.2 42.92392 14 1.0
124.3 42.94552 14 1.0
124.4 42.96714 14 1.0
124.5 42.98877 14 1.0
124.6 43.01042 14 1.0
124.7 43.03208 14 1.0
124.8 43.05376 14 1.0
124.9 43.07545 14 1.0
125.0 43.09716 14 1.0
125.1 43.11889 14 1.0
125.2 43.14063 14 1.0
125.3 43.16239 14 1.0
125.4 43.18417 14 1.0
125.5 43.20596 14 1.0
125.6 43.22776 14 1.0
125.7 43.24959 14 1.0
125.8 43.27142 14 1.0
125.9 43.29328 14 1.0
126.0 43.31515 14 1.0
126.1 43.33704 14 1.0
126.2 43.35894 14 1.0
126.3 43.38085 14 1.0
126.4 43.40279 14 1.0
126.5 43.42474 14 1.0
126.6 43.4467 14 1.0
126.7 43.46869 14 1.0
126.8 43.49068 14 1.0
126.9 43.5127 14 1.0
127.0 43.53473 14 1.0
127.1 43.55677 14 1.0
127.2 43.57883 14 1.0
127.3 43.60091 14 1.0
127.4 43.623 14 1.0
127.5 43.64511 14 1.0
127.6 43.66723 14 1.0
127.7 43.68937 14 1.0
127.8 43.71153 14 1.0
127.9 43.7337 14 1.0
128.0 43.75589 14 1.0
128.1 43.7781 14 1.0
128.2 43.80032 14 1.0
128.3 43.82255 14 1.0
128.4 43.8448 14 1.0
128.5 43.86707 14 1.0
128.6 43.88936 14 1.0
128.7 43.91165 14 1.0
128.8 43.93397 14 1.0
128.9 43.9563 14 1.0
129.0 43.97865 14 1.0
129.1 44.00101 14 1.0
129.2 44.02339 14 1.0
129.3 44.04579 14 1.0
129.4 44.0682 14 1.0
129.5 44.09062 14 1.0
129.6 44.11307 14 1.0
129.7 44.13238 14 1.0
129.8 44.15163 14 1.0
129.9 44.17081 14 1.0
130.0 44.18993 14 1.0
130.1 44.20898 14 1.0
130.2 44.22797 14 1.0
130.3 44.24689 14 1.0
130.4 44.26575 14 1.0
130.5 44.28455 14 1.0
130.6 44.30327 14 1.0
130.7 44.32194 14 1.0
130.8 44.34054 14 1.0
130.9 44.35907 14 1.0
131.0 44.37754 14 1.0
131.1 44.39594 14 1.0
131.2 44.41428 14 1.0
131.3 44.43255 14 1.0
131.4 44.45076 14 1.0
131.5 44.4689 14 1.0
131.6 44.48698 14 1.0
131.7 44.50499 14 1.0
131.8 44.52294 14 1.0
131.9 44.54082 14 1.0
132.0 44.55864 14 1.0
132.1 44.57639 14 1.0
132.2 44.59408 14 1.0
132.3 44.6117 14 1.0
132.4 44.62926 14 1.0
132.5 44.64675 14 1.0
132.6 44.66418 14 1.0
132.7 44.68155 14 1.0
132.8 44.69884 14 1.0
132.9 44.71608 14 1.0
133.0 44.73324 14 1.0
133.1 44.75035 14 1.0
133.2 44.76738 14 1.0
133.3 44.78436 14 1.0
133.4 44.80126 14 1.0
133.5 44.81811 14 1.0
133.6 44.83488 14 1.0
133.7 44.8516 14 1.0
133.8 44.86824 14 1.0
133.9 44.88483 14 1.0
134.0 44.90134 14 1.0
134.1 44.9178 14 1.0
134.2 44.93418 14 1.0
134.3 44.95051 14 1.0
134.4 44.96676 14 1.0
134.5 44.98296 14 1.0
134.6 44.99908 14 1.0
134.7 45.01515 14 1.0
134.8 45.03114 14 1.0
134.9 45.04708 14 1.0
135.0 45.06294 14 1.0
135.1 45.07875 14 1.0
135.2 45.09448 14 1.0
135.3 45.11016 14 1.0
135.4 45.12576 14 1.0
135.5 45.14131 14 1.0
135.6 45.15678 14 1.0
135.7 45.17219 14 1.0
135.8 45.18754 14 1.0
135.9 45.20282 14 1.0
136.0 45.21804 14 1.0
136.1 45.23319 14 1.0
136.2 45.24828 14 1.0
136.3 45.2633 14 1.0
136.4 45.27826 14 1.0
136.5 45.29315 14 1.0
136.6 45.30798 14 1.0
136.7 45.32274 14 1.0
136.8 45.33744 14 1.0
136.9 45.35207 14 1.0
137.0 45.36664 14 1.0
137.1 45.38114 14 1.0
137.2 45.39558 14 1.0
137.3 45.40995 14 1.0
137.4 45.42426 14 1.0
137.5 45.4385 14 1.0
137.6 45.45267 14 1.0
137.7 45.46679 14 1.0
137.8 45.48083 14 1.0
137.9 45.49482 14 1.0
138.0 45.50873 14 1.0
138.1 45.52258 14 1.0
138.2 45.53637 14 1.0
138.3 45.55009 14 1.0
138.4 45.56375 14 1.0
138.5 45.57734 14 1.0
138.6 45.59087 14 1.0
138.7 45.60433 14 1.0
138.8 45.61773 14 1.0
138.9 45.63106 14 1.0
139.0 45.64433 14 1.0
139.1 45.65753 14 1.0
139.2 45.67066 14 1.0
139.3 45.68374 14 1.0
139.4 45.69674 14 1.0
139.5 45.70968 14 1.0
139.6 45.72256 14 1.0
139.7 45.73725 14 1.0
139.8 45.75192 14 1.0
139.9 45.76658 14 1.0
140.0 45.78123 14 1.0
140.1 45.79585 14 1.0
140.2 45.81047 14 1.0
140.3 45.82506 14 1.0
140.4 45.83964 14 1.0
140.4 45.85421 14 1.0
140.5 45.86876 14 1.0
140.6 45.88329 14 1.0
140.7 45.89781 14 1.0
140.8 45.91231 14 1.0
140.9 45.9268 14 1.0
141.0 45.94127 14 1.0
141.1 45.95573 14 1.0
141.2 45.97017 14 1.0
141.3 45.92033 14 1.0
141.4 45.75469 14 1.0
141.5 45.58883 14 1.0
141.6 45.42273 14 1.0
141.7 45.25641 14 1.0
141.8 45.08986 14 1.0
141.9 44.92307 14 1.0
142.0 44.75606 14 1.0
142.1 44.58882 14 1.0
142.2 44.42135 14 1.0
142.3 44.25366 14 1.0
142.4 44.08573 14 1.0
142.5 43.91757 14 1.0
142.6 43.74919 14 1.0
142.7 43.58057 14 1.0
142.8 43.41173 14 1.0
142.9 43.24266 14 1.0
143.0 43.07336 14 1.0
143.1 42.90383 14 1.0
143.2 42.73407 14 1.0
143.3 42.56408 14 1.0
143.4 42.39386 14 1.0
143.5 42.22341 14 1.0
143.6 42.05274 14 1.0
143.7 41.88184 14 1.0
143.8 41.7107 14 1.0
143.9 41.53934 14 1.0
144.0 41.36775 14 1.0
144.1 41.19593 14 1.0
144.2 41.02388 14 1.0
144.3 40.8516 14 1.0
144.4 40.67909 14 1.0
144.5 40.50636 14 1.0
144.6 40.33339 14 1.0
144.7 40.1602 14 1.0
144.8 39.98677 14 1.0
144.9 39.81312 14 1.0
145.0 39.63924 14 1.0
145.1 39.46513 14 1.0
145.2 39.29079 14 1.0
145.3 39.11622 14 1.0
145.4 38.94142 14 1.0
145.5 38.7664 14 1.0
145.6 38.59114 14 1.0
145.7 38.41566 14 1.0
145.8 38.23994 14 1.0
145.9 38.064 14 1.0
146.0 37.88783 14 1.0
146.1 37.71143 14 1.0
146.2 37.5348 14 1.0
146.3 37.35794 14 1.0
146.4 37.18086 14 1.0
146.5 37.00354 14 1.0
146.6 36.82599 14 1.0
146.7 36.64822 14 1.0
146.8 36.47022 14 1.0
146.9 36.29198 14 1.0
147.0 36.11352 14 1.0
147.1 35.93483 14 1.0
147.2 35.75591 14 1.0
147.3 35.57676 14 1.0
147.4 35.39739 14 1.0
147.5 35.21778 14 1.0
147.6 35.03794 14 1.0
147.7 34.85788 14 1.0
147.8 34.67758 14 1.0
147.9 34.49706 14 1.0
148.0 34.31631 14 1.0
148.1 34.13533 14 1.0
148.2 33.95412 14 1.0
148.3 33.77268 14 1.0
148.4 33.59101 14 1.0
148.5 33.40912 14 1.0
148.6 33.22699 14 1.0
148.7 33.04464 14 1.0
148.8 32.86205 14 1.0
148.9 32.67924 14 1.0
149.0 32.4962 14 1.0
149.1 32.31293 14 1.0
149.2 32.12943 14 1.0
149.3 31.9457 14 1.0
149.4 31.76174 14 1.0
149.5 31.57756 14 1.0
149.6 31.37594 14 1.0
149.7 31.17404 14 1.0
149.8 30.97187 14 1.0
149.9 30.76943 14 1.0
150.0 30.5667 14 1.0
150.1 30.3637 14 1.0
150.2 30.16042 14 1.0
150.3 29.95687 14 1.0
150.4 29.75303 14 1.0
150.5 29.54892 14 1.0
150.6 29.34454 14 1.0
150.7 29.13988 14 1.0
150.8 28.93494 14 1.0
150.9 28.72972 14 1.0
151.0 28.52423 14 1.0
151.1 28.31846 14 1.0
151.2 28.11241 14 1.0
151.3 27.90609 14 1.0
151.4 27.69949 14 1.0
151.5 27.49261 14 1.0
151.6 27.28546 14 1.0
151.7 27.07803 14 1.0
151.8 26.87032 14 1.0
151.9 26.66234 14 1.0
152.0 26.45407 14 1.0
152.1 26.24554 14 1.0
152.2 26.03672 14 1.0
152.3 25.82763 14 1.0
152.4 25.61826 14 1.0
152.5 25.40862 14 1.0
152.6 25.1987 14 1.0
152.7 24.9885 14 1.0
152.8 24.77802 14 1.0
152.9 24.56727 14 1.0
153.0 24.35624 14 1.0
153.1 24.14493 14 1.0
153.2 23.93335 14 1.0
153.3 23.72149 14 1.0
153.4 23.50935 14 1.0
153.5 23.29694 14 1.0
153.6 23.08425 14 1.0
153.7 22.87128 14 1.0
153.8 22.65804 14 1.0
153.9 22.44452 14 1.0
154.0 22.23072 14 1.0
154.1 22.01665 14 1.0
154.2 21.8023 14 1.0
154.3 21.58767 14 1.0
154.4 21.37276 14 1.0
154.5 21.15758 14 1.0
154.6 20.94212 14 1.0
154.7 20.72639 14 1.0
154.8 20.51038 14 1.0
154.9 20.29409 14 1.0
155.0 20.07752 14 1.0
155.1 19.86068 14 1.0
155.2 19.64356 14 1.0
155.3 19.42616 14 1.0
155.4 19.20849 14 1.0
155.5 18.99054 14 1.0
155.6 18.77232 14 1.0
155.7 18.55381 14 1.0
155.8 18.33503 14 1.0
155.9 18.11597 14 1.0
156.0 17.89664 14 1.0
156.1 17.67703 14 1.0
156.2 17.45714 14 1.0
156.3 17.23698 14 1.0
156.4 17.01654 14 1.0
156.5 16.79582 14 1.0
156.6 16.57482 14 1.0
156.7 16.35355 14 1.0
156.8 16.132 14 1.0
156.9 15.91018 14 1.0
157.0 15.68808 14 1.0
157.1 15.4657 14 1.0
157.2 15.24304 14 1.0
157.2 15.02011 14 1.0
157.3 14.7969 14 1.0
157.4 14.57342 14 1.0
157.5 14.34965 14 1.0
157.6 14.12561 14 1.0
157.7 13.9013 14 1.0
157.8 13.6767 14 1.0
157.9 13.45183 14 1.0
158.0 13.22669 14 1.0
158.1 13.00126 14 1.0
158.2 12.77556 14 1.0
158.3 12.54958 14 1.0
158.4 12.32333 14 1.0
158.5 12.0968 14 1.0
158.6 11.86999 14 1.0
158.7 11.64291 14 1.0
158.8 11.41554 14 1.0
158.9 11.18791 14 1.0
159.0 10.95999 14 1.0
159.1 10.7318 14 1.0
159.2 10.50333 14 1.0
159.3 10.27458 14 1.0
159.4 10.04556 14 1.0
159.5 9.816262 14 1.0
159.6 9.586686 14 1.0
159.7 9.356833 14 1.0
159.8 9.126703 14 1.0
159.9 8.896296 14 1.0
160.0 8.665613 14 1.0
160.1 8.434653 14 1.0
160.2 8.203416 14 1.0
160.3 7.971902 14 1.0
160.4 7.740111 14 1.0
160.5 7.508044 14 1.0
160.6 7.275699 14 1.0
160.7 7.043078 14 1.0
160.8 6.81018 14 1.0
160.9 6.577006 14 1.0
161.0 6.343554 14 1.0
161.1 6.109826 14 1.0
161.2 5.87582 14 1.0
161.3 5.641538 14 1.0
161.4 5.406979 14 1.0
161.5 5.172144 14 1.0
161.6 4.937031 14 1.0
161.7 4.701642 14 1.0
161.8 4.465976 14 1.0
161.9 4.230033 14 1.0
162.0 0.0 15 0.0
162.1 0.0 15 0.0
162.2 0.0 15 0.0
162.3 0.0 15 0.0
162.4 0.0 15 0.0
162.5 0.0 15 0.0
162.6 0.0 15 0.0
162.7 0.0 15 0.0
162.8 0.0 15 0.0
162.9 0.0 15 0.0
163.0 0.0 15 0.0
163.1 0.0 15 0.0
163.2 0.0 15 0.0
163.3 0.0 15 0.0
163.4 0.0 15 0.0
163.5 0.0 15 0.0
163.6 0.0 15 0.0
163.7 0.0 15 0.0
163.8 0.0 15 0.0
163.9 0.0 15 0.0
164.0 0.0 15 0.0
164.1 0.0 15 0.0
164.2 0.0 15 0.0
164.3 0.0 15 0.0
164.4 0.0 15 0.0
164.5 0.0 15 0.0
164.6 0.0 15 0.0
164.7 0.0 15 0.0
164.8 0.0 15 0.0
164.9 0.0 15 0.0
165.0 0.0 15 0.0
165.1 0.0 15 0.0
165.2 0.0 15 0.0
165.3 0.0 15 0.0
165.4 0.0 15 0.0
165.5 0.0 15 0.0
165.6 0.0 15 0.0
165.7 0.0 15 0.0
165.8 0.0 15 0.0
165.9 0.0 15 0.0
166.0 0.0 15 0.0
166.1 0.0 15 0.0
166.2 0.0 15 0.0
166.3 0.0 15 0.0
166.4 0.0 15 0.0
166.5 0.0 15 0.0
166.6 0.0 15 0.0
166.7 0.0 15 0.0
166.8 0.0 15 0.0
166.9 0.0 15 0.0
167.0 0.0 15 0.0
167.1 0.0 15 0.0
167.2 0.0 15 0.0
167.3 0.0 15 0.0
167.4 0.0 15 0.0
167.5 0.0 15 0.0
167.6 0.0 15 0.0
167.7 0.0 15 0.0
167.8 0.0 15 0.0
167.9 0.0 15 0.0
168.0 0.0 15 0.0
168.1 0.0 15 0.0
168.2 0.0 15 0.0
168.3 0.0 15 0.0
168.4 0.0 15 0.0
168.5 0.0 15 0.0
168.6 0.0 15 0.0
168.7 0.0 15 0.0
168.8 0.0 15 0.0
168.9 0.0 15 0.0
169.0 0.0 15 0.0
169.1 0.0 15 0.0
169.2 0.0 15 0.0
169.3 0.0 15 0.0
169.4 0.0 15 0.0
169.5 0.0 15 0.0
169.6 0.0 15 0.0
169.7 0.0 15 0.0
169.8 0.0 15 0.0
169.9 0.0 15 0.0
170.0 0.0 15 0.0
170.1 0.0 15 0.0
170.2 0.0 15 0.0
170.3 0.0 15 0.0
170.4 0.0 15 0.0
170.5 0.0 15 0.0
170.6 0.0 15 0.0
170.7 0.0 15 0.0
170.8 0.0 15 0.0
170.9 0.0 15 0.0
171.0 0.0 15 0.0
171.1 0.0 15 0.0
171.2 0.0 15 0.0
171.3 0.0 15 0.0
171.4 0.0 15 0.0
171.5 0.0 15 0.0
171.6 0.0 15 0.0
171.7 0.0 15 0.0
171.8 0.0 15 0.0
171.9 0.0 15 0.0
172.0 0.0 15 0.0
172.1 0.0 15 0.0
172.2 0.0 15 0.0
172.3 0.0 15 0.0
172.4 0.0 15 0.0
172.5 0.0 15 0.0
172.6 0.0 15 0.0
172.7 0.0 15 0.0
172.8 0.0 15 0.0
172.9 0.0 15 0.0
173.0 0.0 15 0.0
173.1 0.0 15 0.0
173.2 0.0 15 0.0
173.3 0.0 15 0.0
173.4 0.0 15 0.0
173.5 0.0 15 0.0
173.5 0.0 15 0.0
173.6 0.0 15 0.0
173.7 0.0 15 0.0
173.8 0.0 15 0.0
173.9 0.0 15 0.0
174.0 0.0 15 0.0
174.1 0.0 15 0.0
174.2 0.0 15 0.0
174.3 0.0 15 0.0
174.4 0.0 15 0.0
174.5 0.0 15 0.0
174.6 0.0 15 0.0
174.7 0.0 15 0.0
174.8 0.0 15 0.0
174.9 0.0 15 0.0
175.0 0.0 15 0.0
175.1 0.0 15 0.0
175.2 0.0 15 0.0
175.3 0.0 15 0.0
175.4 0.0 15 0.0
175.5 0.0 15 0.0
175.6 0.0 15 0.0
175.7 0.0 15 0.0
175.8 0.0 15 0.0
175.9 0.0 15 0.0
176.0 0.0 15 0.0
176.1 0.0 15 0.0
176.2 0.0 15 0.0
176.3 0.0 15 0.0
176.4 0.0 15 0.0
176.5 0.0 15 0.0
176.6 0.0 15 0.0
176.7 0.0 15 0.0
176.8 0.0 15 0.0
176.9 0.0 15 0.0
177.0 0.0 15 0.0
177.1 0.0 15 0.0
177.2 0.0 15 0.0
177.3 0.0 15 0.0
177.4 0.0 15 0.0
177.5 0.0 15 0.0
177.6 0.0 15 0.0
177.7 0.0 15 0.0
177.8 0.0 15 0.0
177.9 0.0 15 0.0
178.0 0.0 15 0.0
178.1 0.0 15 0.0
178.2 0.0 15 0.0
178.3 0.0 15 0.0
178.4 0.0 15 0.0
178.5 0.0 15 0.0
178.6 0.0 15 0.0
178.7 0.0 15 0.0
178.8 0.0 15 0.0
178.9 0.0 15 0.0
179.0 0.0 15 0.0
179.1 0.0 15 0.0
179.2 0.0 15 0.0
179.3 0.0 15 0.0
179.4 0.0 15 0.0
179.5 0.0 15 0.0
179.6 0.0 15 0.0
179.7 0.0 15 0.0
179.8 0.0 15 0.0
179.9 0.0 15 0.0
180.0 0.0 15 0.0
180.1 0.0 15 0.0
180.2 0.0 15 0.0
180.3 0.0 15 0.0
180.4 0.0 15 0.0
180.5 0.0 15 0.0
180.6 0.0 15 0.0
180.7 0.0 15 0.0
180.8 0.0 15 0.0
180.9 0.0 15 0.0
181.0 0.0 15 0.0
181.1 0.0 15 0.0
181.2 0.0 15 0.0
181.3 0.0 15 0.0
181.4 0.0 15 0.0
181.5 0.0 15 0.0
181.6 0.0 15 0.0
181.7 0.0 15 0.0
181.8 0.0 15 0.0
181.9 0.0 15 0.0
182.0 0.0 15 0.0
182.1 0.0 15 0.0
182.2 0.0 15 0.0
182.3 0.0 15 0.0
182.4 0.0 15 0.0
182.5 0.0 15 0.0
182.6 0.0 15 0.0
182.7 0.0 15 0.0
182.8 0.0 15 0.0
182.9 0.0 15 0.0
183.0 0.0 15 0.0
183.1 0.0 15 0.0
183.2 0.0 15 0.0
183.3 0.0 15 0.0
183.4 0.0 15 0.0
183.5 0.0 15 0.0
183.6 0.0 15 0.0
183.7 0.0 15 0.0
183.8 0.0 15 0.0
183.9 0.0 15 0.0
184.0 0.0 15 0.0
184.1 0.0 15 0.0
184.2 0.0 15 0.0
184.3 0.0 15 0.0
184.4 0.0 15 0.0
184.5 0.0 15 0.0
184.6 0.0 15 0.0
184.7 0.0 15 0.0
184.8 0.0 15 0.0
184.9 0.0 15 0.0
185.0 0.0 15 0.0
185.1 0.0 15 0.0
185.2 0.0 15 0.0
185.3 0.0 15 0.0
185.4 0.0 15 0.0
185.5 0.0 15 0.0
185.6 0.0 15 0.0
185.7 0.0 15 0.0
185.8 0.0 15 0.0
185.9 0.0 15 0.0
186.0 0.0 15 0.0
186.1 0.0 15 0.0
186.2 0.0 15 0.0
186.3 0.0 15 0.0
186.4 0.0 15 0.0
186.5 0.0 15 0.0
186.6 0.0 15 0.0
186.7 0.0 15 0.0
186.8 0.0 15 0.0
186.9 0.0 15 0.0
187.0 0.0 15 0.0
187.1 0.0 15 0.0
187.2 0.0 15 0.0
187.3 0.0 15 0.0
187.4 0.0 15 0.0
187.5 0.0 15 0.0
187.6 0.0 15 0.0
187.7 0.0 15 0.0
187.8 0.0 15 0.0
187.9 0.0 15 0.0
188.0 0.0 15 0.0
188.1 0.0 15 0.0
188.2 0.0 15 0.0
188.3 0.0 15 0.0
188.4 0.0 15 0.0
188.5 0.0 15 0.0
188.6 0.0 15 0.0
188.7 0.0 15 0.0
188.8 0.0 15 0.0
188.9 0.0 15 0.0
189.0 0.0 15 0.0
189.1 0.0 15 0.0
189.2 0.0 15 0.0
189.3 0.0 15 0.0
189.4 0.0 15 0.0
189.5 0.0 15 0.0
189.6 0.0 15 0.0
189.7 0.0 15 0.0
189.8 0.0 15 0.0
189.8 0.0 15 0.0
189.9 0.0 15 0.0
190.0 0.0 15 0.0
190.1 0.0 15 0.0
190.2 0.0 15 0.0
190.3 0.0 15 0.0
190.4 0.0 15 0.0
190.5 0.0 15 0.0
190.6 0.0 15 0.0
190.7 0.0 15 0.0
190.8 0.0 15 0.0
190.9 0.0 15 0.0
191.0 0.0 15 0.0
191.1 0.0 15 0.0
191.2 0.0 15 0.0
191.3 0.0 15 0.0
191.4 0.0 15 0.0
191.5 0.0 15 0.0
191.6 0.0 15 0.0
191.7 0.0 15 0.0
191.8 0.0 15 0.0
191.9 0.0 15 0.0
192.0 0.0 15 0.0
192.1 0.0 15 0.0
192.2 0.0 15 0.0
192.3 0.0 15 0.0
192.4 0.0 15 0.0
192.5 0.0 15 0.0
192.6 0.0 15 0.0
192.7 0.0 15 0.0
192.8 0.0 15 0.0
192.9 0.0 15 0.0
193.0 0.0 15 0.0
193.1 0.0 15 0.0
193.2 0.0 15 0.0
193.3 0.0 15 0.0
193.4 0.0 15 0.0
193.5 0.0 15 0.0
193.6 0.0 15 0.0
193.7 0.0 15 0.0
193.8 0.0 15 0.0
193.9 0.0 15 0.0
194.0 0.0 15 0.0
194.1 0.0 15 0.0
194.2 0.0 15 0.0
194.3 0.0 15 0.0
194.4 0.0 15 0.0
194.5 0.0 15 0.0
194.6 0.0 15 0.0
194.7 0.0 15 0.0
194.8 0.0 15 0.0
194.9 0.0 15 0.0
195.0 0.0 15 0.0
195.1 0.0 15 0.0
195.2 0.0 15 0.0
195.3 0.0 15 0.0
195.4 0.0 15 0.0
195.5 0.0 15 0.0
195.6 0.0 15 0.0
195.7 0.0 15 0.0
195.8 0.0 15 0.0
195.9 0.0 15 0.0
196.0 0.0 15 0.0
196.1 0.0 15 0.0
196.2 0.0 15 0.0
196.3 0.0 15 0.0
196.4 0.0 15 0.0
196.5 0.0 15 0.0
196.6 0.0 15 0.0
196.7 0.0 15 0.0
196.8 0.0 15 0.0
196.9 0.0 15 0.0
197.0 0.0 15 0.0
197.1 0.0 15 0.0
197.2 0.0 15 0.0
197.3 0.0 15 0.0
197.4 0.0 15 0.0
197.5 0.0 15 0.0
197.6 0.0 15 0.0
197.7 0.0 15 0.0
197.8 0.0 15 0.0
197.9 0.0 15 0.0
198.0 0.0 15 0.0
198.1 0.0 15 0.0
198.2 0.0 15 0.0
198.3 0.0 15 0.0
198.4 0.0 15 0.0
198.5 0.0 15 0.0
198.6 0.0 15 0.0
198.7 0.0 15 0.0
198.8 0.0 15 0.0
198.9 0.0 15 0.0
199.0 0.0 15 0.0
199.1 0.0 15 0.0
199.2 0.0 15 0.0
199.3 0.0 15 0.0
199.4 0.0 15 0.0
199.5 0.0 15 0.0
199.6 0.0 15 0.0
199.7 0.0 15 0.0
199.8 0.0 15 0.0
199.9 0.0 15 0.0
200.0 0.0 15 0.0
200.1 0.0 15 0.0
200.2 0.0 15 0.0
200.3 0.0 15 0.0
200.4 0.0 15 0.0
200.5 0.0 15 0.0
200.6 0.0 15 0.0
200.7 0.0 15 0.0
200.8 0.0 15 0.0
200.9 0.0 15 0.0
201.0 0.0 15 0.0
201.1 0.0 15 0.0
201.2 0.0 15 0.0
201.3 0.0 15 0.0
201.4 0.0 15 0.0
201.5 0.0 15 0.0
201.6 0.0 15 0.0
201.7 0.0 15 0.0
201.8 0.0 15 0.0
201.9 0.0 15 0.0
202.0 0.0 15 0.0
202.1 0.0 15 0.0
202.2 0.0 15 0.0
202.3 0.0 15 0.0
202.4 0.0 15 0.0
202.5 0.0 15 0.0
202.6 0.0 15 0.0
202.7 0.0 15 0.0
202.8 0.0 15 0.0
202.9 0.0 15 0.0
203.0 0.0 15 0.0
203.1 0.0 15 0.0
203.2 0.0 15 0.0
203.3 0.0 15 0.0
203.4 0.0 15 0.0
203.5 0.0 15 0.0
203.6 0.0 15 0.0
203.7 0.0 15 0.0
203.8 0.0 15 0.0
203.9 0.0 15 0.0
204.0 0.0 15 0.0
204.1 0.0 15 0.0
204.2 0.0 15 0.0
204.3 0.0 15 0.0
204.4 0.0 15 0.0
204.5 0.0 15 0.0
204.6 0.0 15 0.0
204.7 0.0 15 0.0
204.8 0.0 15 0.0
204.9 0.0 15 0.0
205.0 0.0 15 0.0
205.1 0.0 15 0.0
205.2 0.0 15 0.0
205.3 0.0 15 0.0
205.4 0.0 15 0.0
205.5 0.0 15 0.0
205.6 0.0 15 0.0
205.7 0.0 15 0.0
205.8 0.0 15 0.0
205.9 0.0 15 0.0
206.0 0.0 15 0.0
206.1 0.0 15 0.0
206.2 0.0 15 0.0
206.2 0.0 15 0.0
206.3 0.0 15 0.0
206.4 0.0 15 0.0
206.5 0.0 15 0.0
206.6 0.0 15 0.0
206.7 0.0 15 0.0
206.8 0.0 15 0.0
206.9 0.0 15 0.0
207.0 0.0 15 0.0
207.1 0.0 15 0.0
207.2 0.0 15 0.0
207.3 0.0 15 0.0
207.4 0.0 15 0.0
207.5 0.0 15 0.0
207.6 0.0 15 0.0
207.7 0.0 15 0.0
207.8 0.0 15 0.0
207.9 0.0 15 0.0
208.0 0.0 15 0.0
208.1 0.0 15 0.0
208.2 0.0 15 0.0
208.3 0.0 15 0.0
208.4 0.0 15 0.0
208.5 0.0 15 0.0
208.6 0.0 15 0.0
208.7 0.0 15 0.0
208.8 0.0 15 0.0
208.9 0.0 15 0.0
209.0 0.0 15 0.0
209.1 0.0 15 0.0
209.2 0.0 15 0.0
209.3 0.0 15 0.0
209.4 0.0 15 0.0
209.5 0.0 15 0.0
209.6 0.0 15 0.0
209.7 0.0 15 0.0
209.8 0.0 15 0.0
209.9 0.0 15 0.0
210.0 0.0 15 0.0
210.1 0.0 15 0.0
210.2 0.0 15 0.0
210.3 0.0 15 0.0
210.4 0.0 15 0.0
210.5 0.0 15 0.0
210.6 0.0 15 0.0
210.7 0.0 15 0.0
210.8 0.0 15 0.0
210.9 0.0 15 0.0
211.0 0.0 15 0.0
211.1 0.0 15 0.0
211.2 0.0 15 0.0
211.3 0.0 15 0.0
211.4 0.0 15 0.0
211.5 0.0 15 0.0
211.6 0.0 15 0.0
211.7 0.0 15 0.0
211.8 0.0 15 0.0
211.9 0.0 15 0.0
212.0 0.0 15 0.0
212.1 0.0 15 0.0
212.2 0.0 15 0.0
212.3 0.0 15 0.0
212.4 0.0 15 0.0
212.5 0.0 15 0.0
212.6 0.0 15 0.0
212.7 0.0 15 0.0
212.8 0.0 15 0.0
212.9 0.0 15 0.0
213.0 0.0 15 0.0
213.1 0.0 15 0.0
213.2 0.0 15 0.0
213.3 0.0 15 0.0
213.4 0.0 15 0.0
213.5 0.0 15 0.0
213.6 0.0 15 0.0
213.7 0.0 15 0.0
213.8 0.0 15 0.0
213.9 0.0 15 0.0
214.0 0.0 15 0.0
214.1 0.0 15 0.0
214.2 0.0 15 0.0
214.3 0.0 15 0.0
214.4 0.0 15 0.0
214.5 0.0 15 0.0
214.6 0.0 15 0.0
214.7 0.0 15 0.0
214.8 0.0 15 0.0
214.9 0.0 15 0.0
215.0 0.0 15 0.0
215.1 0.0 15 0.0
215.2 0.0 15 0.0
215.3 0.0 15 0.0
215.4 0.0 15 0.0
215.5 0.0 15 0.0
215.6 0.0 15 0.0
215.7 0.0 15 0.0
215.8 0.0 15 0.0
215.9 0.0 15 0.0
216.0 0.0 15 0.0
216.1 0.0 15 0.0
216.2 0.0 15 0.0
216.3 0.0 15 0.0
216.4 0.0 15 0.0
216.5 0.0 15 0.0
216.6 0.0 15 0.0
216.7 0.0 15 0.0
216.8 0.0 15 0.0
216.9 0.0 15 0.0
217.0 0.0 15 0.0
217.1 0.0 15 0.0
217.2 0.0 15 0.0
217.3 0.0 15 0.0
217.4 0.0 15 0.0
217.5 0.0 15 0.0
217.6 0.0 15 0.0
217.7 0.0 15 0.0
217.8 0.0 15 0.0
217.9 0.0 15 0.0
218.0 0.0 15 0.0
218.1 0.0 15 0.0
218.2 0.0 15 0.0
218.3 0.0 15 0.0
218.4 0.0 15 0.0
218.5 0.0 15 0.0
218.6 0.0 15 0.0
218.7 0.0 15 0.0
218.8 0.0 15 0.0
218.9 0.0 15 0.0
219.0 0.0 15 0.0
219.1 0.0 15 0.0
219.2 0.0 15 0.0
219.3 0.0 15 0.0
219.4 0.0 15 0.0
219.5 0.0 15 0.0
219.6 0.0 15 0.0
219.7 0.0 15 0.0
219.8 0.0 15 0.0
219.9 0.0 15 0.0
220.0 0.0 15 0.0
220.1 0.0 15 0.0
220.2 0.0 15 0.0
220.3 0.0 15 0.0
220.4 0.0 15 0.0
220.5 0.0 15 0.0
220.6 0.0 15 0.0
220.7 0.0 15 0.0
220.8 0.0 15 0.0
220.9 0.0 15 0.0
221.0 0.0 15 0.0
221.1 0.0 15 0.0
221.2 0.0 15 0.0
221.3 0.0 15 0.0
221.4 0.0 15 0.0
221.5 0.0 15 0.0
221.6 0.0 15 0.0
221.7 0.0 15 0.0
221.8 0.0 15 0.0
221.9 0.0 15 0.0
222.0 0.0 15 0.0
222.1 0.0 15 0.0
222.2 0.0 15 0.0
222.3 0.0 15 0.0
222.4 0.0 15 0.0
222.5 0.0 15 0.0
222.6 0.0 15 0.0
222.7 0.0 15 0.0
222.8 0.0 15 0.0
222.8 0.0 15 0.0
222.9 0.0 15 0.0
223.0 0.0 15 0.0
223.1 0.0 15 0.0
223.2 0.0 15 0.0
223.3 0.0 15 0.0
223.4 0.0 15 0.0
223.5 0.0 15 0.0
223.6 0.0 15 0.0
223.7 0.0 15 0.0
223.8 0.0 15 0.0
223.9 0.0 15 0.0
224.0 0.0 15 0.0
224.1 0.0 15 0.0
224.2 0.0 15 0.0
224.3 0.0 15 0.0
224.4 0.0 15 0.0
224.5 0.0 15 0.0
224.6 0.0 15 0.0
224.7 0.0 15 0.0
224.8 0.0 15 0.0
224.9 0.0 15 0.0
225.0 0.0 15 0.0
225.1 0.0 15 0.0
225.2 0.0 15 0.0
225.3 0.0 15 0.0
225.4 0.0 15 0.0
225.5 0.0 15 0.0
225.6 0.0 15 0.0
225.7 0.0 15 0.0
225.8 0.0 15 0.0
225.9 0.0 15 0.0
226.0 0.0 15 0.0
226.1 0.0 15 0.0
226.2 0.0 15 0.0
226.3 0.0 15 0.0
226.4 0.0 15 0.0
226.5 0.0 15 0.0
226.6 0.0 15 0.0
226.7 0.0 15 0.0
226.8 0.0 15 0.0
226.9 0.0 15 0.0
227.0 0.0 15 0.0
227.1 0.0 15 0.0
227.2 0.0 15 0.0
227.3 0.0 15 0.0
227.4 0.0 15 0.0
227.5 0.0 15 0.0
227.6 0.0 15 0.0
227.7 0.0 15 0.0
227.8 0.0 15 0.0
227.9 0.0 15 0.0
228.0 0.0 15 0.0
228.1 0.0 15 0.0
228.2 0.0 15 0.0
228.3 0.0 15 0.0
228.4 0.0 15 0.0
228.5 0.0 15 0.0
228.6 0.0 15 0.0
228.7 0.0 15 0.0
228.8 0.0 15 0.0
228.9 0.0 15 0.0
229.0 0.0 15 0.0
229.1 0.0 15 0.0
229.2 0.0 15 0.0
229.3 0.0 15 0.0
229.4 0.0 15 0.0
229.5 0.0 15 0.0
229.6 0.0 15 0.0
229.7 0.0 15 0.0
229.8 0.0 15 0.0
229.9 0.0 15 0.0
230.0 0.0 15 0.0
230.1 0.0 15 0.0
230.2 0.0 15 0.0
230.3 0.0 15 0.0
230.4 0.0 15 0.0
230.5 0.0 15 0.0
230.6 0.0 15 0.0
230.7 0.0 15 0.0
230.8 0.0 15 0.0
230.9 0.0 15 0.0
231.0 0.0 15 0.0
231.1 0.0 15 0.0
231.2 0.0 15 0.0
231.3 0.0 15 0.0
231.4 0.0 15 0.0
231.5 0.0 15 0.0
231.6 0.0 15 0.0
231.7 0.0 15 0.0
231.8 0.0 15 0.0
231.9 0.0 15 0.0
232.0 0.0 15 0.0
232.1 0.0 15 0.0
232.2 0.0 15 0.0
232.3 0.0 15 0.0
232.4 0.0 15 0.0
232.5 0.0 15 0.0
232.6 0.0 15 0.0
232.7 0.0 15 0.0
232.8 0.0 15 0.0
232.9 0.0 15 0.0
233.0 0.0 15 0.0
233.1 0.0 15 0.0
233.2 0.0 15 0.0
233.3 0.0 15 0.0
233.4 0.0 15 0.0
233.5 0.0 15 0.0
233.6 0.0 15 0.0
233.7 0.0 15 0.0
233.8 0.0 15 0.0
233.9 0.0 15 0.0
234.0 0.0 15 0.0
234.1 0.0 15 0.0
234.2 0.0 15 0.0
234.3 0.0 15 0.0
234.4 0.0 15 0.0
234.5 0.0 15 0.0
234.6 0.0 15 0.0
234.7 0.0 15 0.0
234.8 0.0 15 0.0
234.9 0.0 15 0.0
235.0 0.0 15 0.0
235.1 0.0 15 0.0
235.2 0.0 15 0.0
235.3 0.0 15 0.0
235.4 0.0 15 0.0
235.5 0.0 15 0.0
235.6 0.0 15 0.0
235.7 0.0 15 0.0
235.8 0.0 15 0.0
235.9 0.0 15 0.0
236.0 0.0 15 0.0
236.1 0.0 15 0.0
236.2 0.0 15 0.0
236.3 0.0 15 0.0
236.4 0.0 15 0.0
236.5 0.0 15 0.0
236.6 0.0 15 0.0
236.7 0.0 15 0.0
236.8 0.0 15 0.0
236.9 0.0 15 0.0
237.0 0.0 15 0.0
237.1 0.0 15 0.0
237.2 0.0 15 0.0
237.3 0.0 15 0.0
237.4 0.0 15 0.0
237.5 0.0 15 0.0
237.6 0.0 15 0.0
237.7 0.0 15 0.0
237.8 0.0 15 0.0
237.9 0.0 15 0.0
238.0 0.0 15 0.0
238.1 0.0 15 0.0
238.2 0.0 15 0.0
238.3 0.0 15 0.0
238.4 0.0 15 0.0
238.5 0.0 15 0.0
238.6 0.0 15 0.0
238.7 0.0 15 0.0
238.8 0.0 15 0.0
238.9 0.0 15 0.0
239.0 0.0 15 0.0
239.1 0.0 15 0.0
239.2 0.0 15 0.0
239.3 0.0 15 0.0
239.3 0.0 15 0.0
239.4 0.0 15 0.0
239.5 0.0 15 0.0
239.6 0.0 15 0.0
239.7 0.0 15 0.0
239.8 0.0 15 0.0
239.9 0.0 15 0.0
240.0 0.0 15 0.0
240.1 0.0 15 0.0
240.2 0.0 15 0.0
240.3 0.0 15 0.0
240.4 0.0 15 0.0
240.5 0.0 15 0.0
240.6 0.0 15 0.0
240.7 0.0 15 0.0
240.8 0.0 15 0.0
240.9 0.0 15 0.0
241.0 0.0 15 0.0
241.1 0.0 15 0.0
241.2 0.0 15 0.0
241.3 0.0 15 0.0
241.4 0.0 15 0.0
241.5 0.0 15 0.0
241.6 0.0 15 0.0
241.7 0.0 15 0.0
241.8 0.0 15 0.0
241.9 0.0 15 0.0
242.0 0.0 15 0.0
242.1 0.0 15 0.0
242.2 0.0 15 0.0
242.3 0.0 15 0.0
242.4 0.0 15 0.0
242.5 0.0 15 0.0
242.6 0.0 15 0.0
242.7 0.0 15 0.0
242.8 0.0 15 0.0
242.9 0.0 15 0.0
243.0 0.0 15 0.0
243.1 0.0 15 0.0
243.2 0.0 15 0.0
243.3 0.0 15 0.0
243.4 0.0 15 0.0
243.5 0.0 15 0.0
243.6 0.0 15 0.0
243.7 0.0 15 0.0
243.8 0.0 15 0.0
243.9 0.0 15 0.0
244.0 0.0 15 0.0
244.1 0.0 15 0.0
244.2 0.0 15 0.0
244.3 0.0 15 0.0
244.4 0.0 15 0.0
244.5 0.0 15 0.0
244.6 0.0 15 0.0
244.7 0.0 15 0.0
244.8 0.0 15 0.0
244.9 0.0 15 0.0
245.0 0.0 15 0.0
245.1 0.0 15 0.0
245.2 0.0 15 0.0
245.3 0.0 15 0.0
245.4 0.0 15 0.0
245.5 0.0 15 0.0
245.6 0.0 15 0.0
245.7 0.0 15 0.0
245.8 0.0 15 0.0
245.9 0.0 15 0.0
246.0 0.0 15 0.0
246.1 0.0 15 0.0
246.2 0.0 15 0.0
246.3 0.0 15 0.0
246.4 0.0 15 0.0
246.5 0.0 15 0.0
246.6 0.0 15 0.0
246.7 0.0 15 0.0
246.8 0.0 15 0.0
246.9 0.0 15 0.0
247.0 0.0 15 0.0
247.1 0.0 15 0.0
247.2 0.0 15 0.0
247.3 0.0 15 0.0
247.4 0.0 15 0.0
247.5 0.0 15 0.0
247.6 0.0 15 0.0
247.7 0.0 15 0.0
247.8 0.0 15 0.0
247.9 0.0 15 0.0
248.0 0.0 15 0.0
248.1 0.0 15 0.0
248.2 0.0 15 0.0
248.3 0.0 15 0.0
248.4 0.0 15 0.0
248.5 0.0 15 0.0
248.6 0.0 15 0.0
248.7 0.0 15 0.0
248.8 0.0 15 0.0
248.9 0.0 15 0.0
249.0 0.0 15 0.0
249.1 0.0 15 0.0
249.2 0.0 15 0.0
249.3 0.0 15 0.0
249.4 0.0 15 0.0
249.5 0.0 15 0.0
249.6 0.0 15 0.0
249.7 0.0 15 0.0
249.8 0.0 15 0.0
249.9 0.0 15 0.0
250.0 0.0 15 0.0
250.1 0.0 15 0.0
250.2 0.0 15 0.0
250.3 0.0 15 0.0
250.4 0.0 15 0.0
250.5 0.0 15 0.0
250.6 0.0 15 0.0
250.7 0.0 15 0.0
250.8 0.0 15 0.0
250.9 0.0 15 0.0
251.0 0.0 15 0.0
251.1 0.0 15 0.0
251.1 0.0 15 0.0
251.2 0.0 15 0.0
251.3 0.0 15 0.0
251.4 0.0 15 0.0
251.5 0.0 15 0.0
251.6 0.0 15 0.0
251.7 0.0 15 0.0
251.8 0.0 15 0.0
251.9 0.0 15 0.0
252.0 0.0 15 0.0
252.1 0.0 15 0.0
252.2 0.0 15 0.0
252.3 0.0 15 0.0
252.4 0.0 15 0.0
252.5 0.0 15 0.0
252.6 0.0 15 0.0
252.7 0.0 15 0.0
252.8 0.0 15 0.0
252.9 0.0 15 0.0
253.0 0.0 15 0.0
253.1 0.0 15 0.0
253.2 0.0 15 0.0
253.3 0.0 15 0.0
253.4 0.0 15 0.0
253.5 0.0 15 0.0
253.6 0.0 15 0.0
253.7 0.0 15 0.0
253.8 0.0 15 0.0
253.9 0.0 15 0.0
254.0 0.0 15 0.0
254.1 0.0 15 0.0
254.2 0.0 15 0.0
254.3 0.0 15 0.0
254.4 0.0 15 0.0
254.5 0.0 15 0.0
254.6 0.0 15 0.0
254.7 0.0 15 0.0
254.8 0.0 15 0.0
254.9 0.0 15 0.0
255.0 0.0 15 0.0
255.1 0.0 15 0.0
255.2 0.0 15 0.0
255.3 0.0 15 0.0
255.4 0.0 15 0.0
255.5 0.0 15 0.0
255.6 0.0 15 0.0
255.7 0.0 15 0.0
255.8 0.0 15 0.0
255.9 0.0 15 0.0
256.0 0.0 15 0.0
256.1 0.0 15 0.0
256.2 0.0 15 0.0
256.3 0.0 15 0.0
256.4 0.0 15 0.0
256.4 0.0 15 0.0
256.5 0.0 15 0.0
256.6 0.0 15 0.0
256.7 0.0 15 0.0
256.8 0.0 15 0.0
256.9 0.0 15 0.0
257.0 0.0 15 0.0
257.1 0.0 15 0.0
257.2 0.0 15 0.0
257.3 0.0 15 0.0
257.4 0.0 15 0.0
257.5 0.0 15 0.0
257.6 0.0 15 0.0
257.7 0.0 15 0.0
257.8 0.0 15 0.0
257.9 0.0 15 0.0
258.0 0.0 15 0.0
258.1 0.0 15 0.0
258.2 0.0 15 0.0
258.3 0.0 15 0.0
258.4 0.0 15 0.0
258.5 0.0 15 0.0
258.6 0.0 15 0.0
258.7 0.0 15 0.0
258.8 0.0 15 0.0
258.9 0.0 15 0.0
259.0 0.0 15 0.0
259.1 0.0 15 0.0
259.2 0.0 15 0.0
259.3 0.0 15 0.0
259.4 0.0 15 0.0
259.5 0.0 15 0.0
259.6 0.0 15 0.0
259.7 0.0 15 0.0
259.8 0.0 15 0.0
259.9 0.0 15 0.0
260.0 0.0 15 0.0
260.1 0.0 15 0.0
260.2 0.0 15 0.0
260.3 0.0 15 0.0
260.4 0.0 15 0.0
260.5 0.0 15 0.0
260.6 0.0 15 0.0
260.7 0.0 15 0.0
260.8 0.0 15 0.0
260.9 0.0 15 0.0
261.0 0.0 15 0.0
261.1 0.0 15 0.0
261.2 0.0 15 0.0
261.3 0.0 15 0.0
261.4 0.0 15 0.0
261.5 0.0 15 0.0
261.6 0.0 15 0.0
261.7 0.0 15 0.0
261.7 0.0 15 0.0
261.8 0.0 15 0.0
261.9 0.0 15 0.0
262.0 0.0 15 0.0
262.1 0.0 15 0.0
262.2 0.0 15 0.0
262.3 0.0 15 0.0
262.4 0.0 15 0.0
262.5 0.0 15 0.0
262.6 0.0 15 0.0
262.7 0.0 15 0.0
262.8 0.0 15 0.0
262.9 0.0 15 0.0
263.0 0.0 15 0.0
263.1 0.0 15 0.0
263.2 0.0 15 0.0
263.3 0.0 15 0.0
263.4 0.0 15 0.0
263.5 0.0 15 0.0
263.6 0.0 15 0.0
263.7 0.0 15 0.0
263.8 0.0 15 0.0
263.9 0.0 15 0.0
264.0 0.0 15 0.0
264.1 0.0 15 0.0
264.2 0.0 15 0.0
264.3 0.0 15 0.0
264.4 0.0 15 0.0
264.5 0.0 15 0.0
264.6 0.0 15 0.0
264.7 0.0 15 0.0
264.8 0.0 15 0.0
264.9 0.0 15 0.0
265.0 0.0 15 0.0
265.1 0.0 15 0.0
265.2 0.0 15 0.0
265.3 0.0 15 0.0
265.4 0.0 15 0.0
265.5 0.0 15 0.0
265.6 0.0 15 0.0
265.7 0.0 15 0.0
265.8 0.0 15 0.0
265.9 0.0 15 0.0
266.0 0.0 15 0.0
266.1 0.0 15 0.0
266.2 0.0 15 0.0
266.3 0.0 15 0.0
266.4 0.0 15 0.0
266.5 0.0 15 0.0
266.6 0.0 15 0.0
266.7 0.0 15 0.0
266.8 0.0 15 0.0
266.9 0.0 15 0.0
267.0 0.0 15 0.0
267.0 0.0 15 0.0
267.1 0.0 15 0.0
267.2 0.0 15 0.0
267.3 0.0 15 0.0
267.4 0.0 15 0.0
267.5 0.0 15 0.0
267.6 0.0 15 0.0
267.7 0.0 15 0.0
267.8 0.0 15 0.0
267.9 0.0 15 0.0
268.0 0.0 15 0.0
268.1 0.0 15 0.0
268.2 0.0 15 0.0
268.3 0.0 15 0.0
268.4 0.0 15 0.0
268.5 0.0 15 0.0
268.6 0.0 15 0.0
268.7 0.0 15 0.0
268.8 0.0 15 0.0
268.9 0.0 15 0.0
269.0 0.0 15 0.0
269.1 0.0 15 0.0
269.2 0.0 15 0.0
269.3 0.0 15 0.0
269.4 0.0 15 0.0
269.5 0.0 15 0.0
269.6 0.0 15 0.0
269.7 0.0 15 0.0
269.8 0.0 15 0.0
269.9 0.0 15 0.0
270.0 0.0 15 0.0
270.1 0.0 15 0.0
270.2 0.0 15 0.0
270.3 0.0 15 0.0
270.4 0.0 15 0.0
270.5 0.0 15 0.0
270.6 0.0 15 0.0
270.7 0.0 15 0.0
270.8 0.0 15 0.0
270.9 0.0 15 0.0
271.0 0.0 15 0.0
271.1 0.0 15 0.0
271.2 0.0 15 0.0
271.3 0.0 15 0.0
271.4 0.0 15 0.0
271.5 0.0 15 0.0
271.6 0.0 15 0.0
271.7 0.0 15 0.0
271.8 0.0 15 0.0
271.9 0.0 15 0.0
272.0 0.0 15 0.0
272.1 0.0 15 0.0
272.2 0.0 15 0.0
272.3 0.0 15 0.0
272.3 0.0 15 0.0
272.4 0.0 15 0.0
272.5 0.0 15 0.0
272.6 0.0 15 0.0
272.7 0.0 15 0.0
272.8 0.0 15 0.0
272.9 0.0 15 0.0
273.0 0.0 15 0.0
273.1 0.0 15 0.0
273.2 0.0 15 0.0
273.3 0.0 15 0.0
273.4 0.0 15 0.0
273.5 0.0 15 0.0
273.6 0.0 15 0.0
273.7 0.0 15 0.0
273.8 0.0 15 0.0
273.9 0.0 15 0.0
274.0 0.0 15 0.0
274.1 0.0 15 0.0
274.2 0.0 15 0.0
274.3 0.0 15 0.0
274.4 0.0 15 0.0
274.5 0.0 15 0.0
274.6 0.0 15 0.0
274.7 0.0 15 0.0
274.8 0.0 15 0.0
274.9 0.0 15 0.0
275.0 0.0 15 0.0
275.1 0.0 15 0.0
275.2 0.0 15 0.0
275.3 0.0 15 0.0
275.4 0.0 15 0.0
275.5 0.0 15 0.0
275.6 0.0 15 0.0
275.7 0.0 15 0.0
275.8 0.0 15 0.0
275.9 0.0 15 0.0
276.0 0.0 15 0.0
276.1 0.0 15 0.0
276.2 0.0 15 0.0
276.3 0.0 15 0.0
276.4 0.0 15 0.0
276.5 0.0 15 0.0
276.6 0.0 15 0.0
276.7 0.0 15 0.0
276.8 0.0 15 0.0
276.9 0.0 15 0.0
277.0 0.0 15 0.0
277.1 0.0 15 0.0
277.2 0.0 15 0.0
277.3 0.0 15 0.0
277.4 0.0 15 0.0
277.5 0.0 15 0.0
277.6 0.0 15 0.0
277.6 0.0 15 0.0
277.7 0.0 15 0.0
277.8 0.0 15 0.0
277.9 0.0 15 0.0
278.0 0.0 15 0.0
278.1 0.0 15 0.0
278.2 0.0 15 0.0
278.3 0.0 15 0.0
278.4 0.0 15 0.0
278.5 0.0 15 0.0
278.6 0.0 15 0.0
278.7 0.0 15 0.0
278.8 0.0 15 0.0
278.9 0.0 15 0.0
279.0 0.0 15 0.0
279.1 0.0 15 0.0
279.2 0.0 15 0.0
279.3 0.0 15 0.0
279.4 0.0 15 0.0
279.5 0.0 15 0.0
279.6 0.0 15 0.0
279.7 0.0 15 0.0
279.8 0.0 15 0.0
279.9 0.0 15 0.0
280.0 0.0 15 0.0
280.1 0.0 15 0.0
280.2 0.0 15 0.0
280.3 0.0 15 0.0
280.4 0.0 15 0.0
280.5 0.0 15 0.0
280.6 0.0 15 0.0
280.7 0.0 15 0.0
280.8 0.0 15 0.0
280.9 0.0 15 0.0
281.0 0.0 15 0.0
281.1 0.0 15 0.0
281.2 0.0 15 0.0
281.3 0.0 15 0.0
281.4 0.0 15 0.0
281.5 0.0 15 0.0
281.6 0.0 15 0.0
281.7 0.0 15 0.0
281.8 0.0 15 0.0
281.9 0.0 15 0.0
282.0 0.0 15 0.0
282.1 0.0 15 0.0
282.2 0.0 15 0.0
282.3 0.0 15 0.0
282.4 0.0 15 0.0
282.5 0.0 15 0.0
282.6 0.0 15 0.0
282.7 0.0 15 0.0
282.8 0.0 15 0.0
282.9 0.0 15 0.0
282.9 0.0 15 0.0
283.0 0.0 15 0.0
283.1 0.0 15 0.0
283.2 0.0 15 0.0
283.3 0.0 15 0.0
283.4 0.0 15 0.0
283.5 0.0 15 0.0
283.6 0.0 15 0.0
283.7 0.0 15 0.0
283.8 0.0 15 0.0
283.9 0.0 15 0.0
284.0 0.0 15 0.0
284.1 0.0 15 0.0
284.2 0.0 15 0.0
284.3 0.0 15 0.0
284.4 0.0 15 0.0
284.5 0.0 15 0.0
284.6 0.0 15 0.0
284.7 0.0 15 0.0
284.8 0.0 15 0.0
284.9 0.0 15 0.0
285.0 0.0 15 0.0
285.1 0.0 15 0.0
285.2 0.0 15 0.0
285.3 0.0 15 0.0
285.4 0.0 15 0.0
285.5 0.0 15 0.0
285.6 0.0 15 0.0
285.7 0.0 15 0.0
285.8 0.0 15 0.0
285.9 0.0 15 0.0
286.0 0.0 15 0.0
286.1 0.0 15 0.0
286.2 0.0 15 0.0
286.3 0.0 15 0.0
286.4 0.0 15 0.0
286.5 0.0 15 0.0
286.6 0.0 15 0.0
286.7 0.0 15 0.0
286.8 0.0 15 0.0
286.9 0.0 15 0.0
287.0 0.0 15 0.0
287.1 0.0 15 0.0
287.2 0.0 15 0.0
287.3 0.0 15 0.0
287.4 0.0 15 0.0
287.5 0.0 15 0.0
287.6 0.0 15 0.0
287.7 0.0 15 0.0
287.8 0.0 15 0.0
287.9 0.0 15 0.0
288.0 0.0 15 0.0
288.1 0.0 15 0.0
288.2 0.0 15 0.0
288.2 0.0 15 0.0
288.3 0.0 15 0.0
288.4 0.0 15 0.0
288.5 0.0 15 0.0
288.6 0.0 15 0.0
288.7 0.0 15 0.0
288.8 0.0 15 0.0
288.9 0.0 15 0.0
289.0 0.0 15 0.0
289.1 0.0 15 0.0
289.2 0.0 15 0.0
289.3 0.0 15 0.0
289.4 0.0 15 0.0
289.5 0.0 15 0.0
289.6 0.0 15 0.0
289.7 0.0 15 0.0
289.8 0.0 15 0.0
289.9 0.0 15 0.0
290.0 0.0 15 0.0
290.1 0.0 15 0.0
290.2 0.0 15 0.0
290.3 0.0 15 0.0
290.4 0.0 15 0.0
290.5 0.0 15 0.0
290.6 0.0 15 0.0
290.7 0.0 15 0.0
290.8 0.0 15 0.0
290.9 0.0 15 0.0
291.0 0.0 15 0.0
291.1 0.0 15 0.0
291.2 0.0 15 0.0
291.3 0.0 15 0.0
291.4 0.0 15 0.0
291.5 0.0 15 0.0
291.6 0.0 15 0.0
291.7 0.0 15 0.0
291.8 0.0 15 0.0
291.9 0.0 15 0.0
292.0 0.0 15 0.0
292.1 0.0 15 0.0
292.2 0.0 15 0.0
292.3 0.0 15 0.0
292.4 0.0 15 0.0
292.5 0.0 15 0.0
292.6 0.0 15 0.0
292.7 0.0 15 0.0
292.8 0.0 15 0.0
292.9 0.0 15 0.0
293.0 0.0 15 0.0
293.1 0.0 15 0.0
293.2 0.0 15 0.0
293.3 0.0 15 0.0
293.4 0.0 15 0.0
293.5 0.0 15 0.0
293.5 0.0 15 0.0
293.6 0.0 15 0.0
293.7 0.0 15 0.0
293.8 0.0 15 0.0
293.9 0.0 15 0.0
294.0 0.0 15 0.0
294.1 0.0 15 0.0
294.2 0.0 15 0.0
294.3 0.0 15 0.0
294.4 0.0 15 0.0
294.5 0.0 15 0.0
294.6 0.0 15 0.0
294.7 0.0 15 0.0
294.8 0.0 15 0.0
294.9 0.0 15 0.0
295.0 0.0 15 0.0
295.1 0.0 15 0.0
295.2 0.0 15 0.0
295.3 0.0 15 0.0
295.4 0.0 15 0.0
295.5 0.0 15 0.0
295.6 0.0 15 0.0
295.7 0.0 15 0.0
295.8 0.0 15 0.0
295.9 0.0 15 0.0
296.0 0.0 15 0.0
296.1 0.0 15 0.0
296.2 0.0 15 0.0
296.3 0.0 15 0.0
296.4 0.0 15 0.0
296.5 0.0 15 0.0
296.6 0.0 15 0.0
296.7 0.0 15 0.0
296.8 0.0 15 0.0
296.9 0.0 15 0.0
297.0 0.0 15 0.0
297.1 0.0 15 0.0
297.2 0.0 15 0.0
297.3 0.0 15 0.0
297.4 0.0 15 0.0
297.5 0.0 15 0.0
297.6 0.0 15 0.0
297.7 0.0 15 0.0
297.8 0.0 15 0.0
297.9 0.0 15 0.0
298.0 0.0 15 0.0
298.1 0.0 15 0.0
298.2 0.0 15 0.0
298.3 0.0 15 0.0
298.4 0.0 15 0.0
298.5 0.0 15 0.0
298.6 0.0 15 0.0
298.7 0.0 15 0.0
298.8 0.0 15 0.0
298.8 0.0 15 0.0
298.9 0.0 15 0.0
299.0 0.0 15 0.0
299.1 0.0 15 0.0
299.2 0.0 15 0.0
299.3 0.0 15 0.0
299.4 0.0 15 0.0
299.5 0.0 15 0.0
299.6 0.0 15 0.0
299.7 0.0 15 0.0
299.8 0.0 15 0.0
299.9 0.0 15 0.0
300.0 0.0 15 0.0
300.1 0.0 15 0.0
300.2 0.0 15 0.0
300.3 0.0 15 0.0
300.4 0.0 15 0.0
300.5 0.0 15 0.0
300.6 0.0 15 0.0
300.7 0.0 15 0.0
300.8 0.0 15 0.0
300.9 0.0 15 0.0
301.0 0.0 15 0.0
301.1 0.0 15 0.0
301.2 0.0 15 0.0
301.3 0.0 15 0.0
301.4 0.0 15 0.0
301.5 0.0 15 0.0
301.6 0.0 15 0.0
301.7 0.0 15 0.0
301.8 0.0 15 0.0
301.9 0.0 15 0.0
302.0 0.0 15 0.0
302.1 0.0 15 0.0
302.2 0.0 15 0.0
302.3 0.0 15 0.0
302.4 0.0 15 0.0
302.5 0.0 15 0.0
302.6 0.0 15 0.0
302.7 0.0 15 0.0
302.8 0.0 15 0.0
302.9 0.0 15 0.0
303.0 0.0 15 0.0
303.1 0.0 15 0.0
303.2 0.0 15 0.0
303.3 0.0 15 0.0
303.4 0.0 15 0.0
303.5 0.0 15 0.0
303.6 0.0 15 0.0
303.7 0.0 15 0.0
303.8 0.0 15 0.0
303.9 0.0 15 0.0
303.9 0.0 15 0.0
304.0 0.0 15 0.0
304.1 0.0 15 0.0
304.2 0.0 15 0.0
304.3 0.0 15 0.0
304.4 0.0 15 0.0
304.5 0.0 15 0.0
304.6 0.0 15 0.0
304.7 0.0 15 0.0
304.8 0.0 15 0.0
304.9 0.0 15 0.0
305.0 0.0 15 0.0
305.1 0.0 15 0.0
305.2 0.0 15 0.0
305.3 0.0 15 0.0
305.4 0.0 15 0.0
305.5 0.0 15 0.0
305.6 0.0 15 0.0
305.7 0.0 15 0.0
305.8 0.0 15 0.0
305.9 0.0 15 0.0
306.0 0.0 15 0.0
306.1 0.0 15 0.0
306.2 0.0 15 0.0
306.3 0.0 15 0.0
306.4 0.0 15 0.0
306.5 0.0 15 0.0
306.6 0.0 15 0.0
306.7 0.0 15 0.0
306.8 0.0 15 0.0
306.9 0.0 15 0.0
307.0 0.0 15 0.0
307.1 0.0 15 0.0
307.2 0.0 15 0.0
307.3 0.0 15 0.0
307.4 0.0 15 0.0
307.5 0.0 15 0.0
307.6 0.0 15 0.0
307.7 0.0 15 0.0
307.8 0.0 15 0.0
307.9 0.0 15 0.0
308.0 0.0 15 0.0
308.1 0.0 15 0.0
308.2 0.0 15 0.0
308.3 0.0 15 0.0
308.4 0.0 15 0.0
308.5 0.0 15 0.0
308.6 0.0 15 0.0
308.7 0.0 15 0.0
308.8 0.0 15 0.0
308.9 0.0 15 0.0
309.0 0.0 15 0.0
309.0 0.0 15 0.0
309.1 0.0 15 0.0
309.2 0.0 15 0.0
309.3 0.0 15 0.0
309.4 0.0 15 0.0
309.5 0.0 15 0.0
309.6 0.0 15 0.0
309.7 0.0 15 0.0
309.8 0.0 15 0.0
309.9 0.0 15 0.0
310.0 0.0 15 0.0
310.1 0.0 15 0.0
310.2 0.0 15 0.0
310.3 0.0 15 0.0
310.4 0.0 15 0.0
310.5 0.0 15 0.0
310.6 0.0 15 0.0
310.7 0.0 15 0.0
310.8 0.0 15 0.0
310.9 0.0 15 0.0
311.0 0.0 15 0.0
311.1 0.0 15 0.0
311.2 0.0 15 0.0
311.3 0.0 15 0.0
311.4 0.0 15 0.0
311.5 0.0 15 0.0
311.6 0.0 15 0.0
311.7 0.0 15 0.0
311.8 0.0 15 0.0
311.9 0.0 15 0.0
312.0 0.0 15 0.0
312.1 0.0 15 0.0
312.2 0.0 15 0.0
312.3 0.0 15 0.0
312.4 0.0 15 0.0
312.5 0.0 15 0.0
312.6 0.0 15 0.0
312.7 0.0 15 0.0
312.8 0.0 15 0.0
312.9 0.0 15 0.0
313.0 0.0 15 0.0
313.1 0.0 15 0.0
313.2 0.0 15 0.0
313.3 0.0 15 0.0
313.4 0.0 15 0.0
313.5 0.0 15 0.0
313.6 0.0 15 0.0
313.7 0.0 15 0.0
313.8 0.0 15 0.0
313.9 0.0 15 0.0
314.0 0.0 15 0.0
314.1 0.0 15 0.0
314.1 0.0 15 0.0
314.2 0.0 15 0.0
314.3 0.0 15 0.0
314.4 0.0 15 0.0
314.5 0.0 15 0.0
314.6 0.0 15 0.0
314.7 0.0 15 0.0
314.8 0.0 15 0.0
314.9 0.0 15 0.0
315.0 0.0 15 0.0
315.1 0.0 15 0.0
315.2 0.0 15 0.0
315.3 0.0 15 0.0
315.4 0.0 15 0.0
315.5 0.0 15 0.0
315.6 0.0 15 0.0
315.7 0.0 15 0.0
315.8 0.0 15 0.0
315.9 0.0 15 0.0
316.0 0.0 15 0.0
316.1 0.0 15 0.0
316.2 0.0 15 0.0
316.3 0.0 15 0.0
316.4 0.0 15 0.0
316.5 0.0 15 0.0
316.6 0.0 15 0.0
316.7 0.0 15 0.0
316.8 0.0 15 0.0
316.9 0.0 15 0.0
317.0 0.0 15 0.0
317.1 0.0 15 0.0
317.2 0.0 15 0.0
317.3 0.0 15 0.0
317.4 0.0 15 0.0
317.5 0.0 15 0.0
317.6 0.0 15 0.0
317.7 0.0 15 0.0
317.8 0.0 15 0.0
317.9 0.0 15 0.0
318.0 0.0 15 0.0
318.1 0.0 15 0.0
318.2 0.0 15 0.0
318.3 0.0 15 0.0
318.4 0.0 15 0.0
318.5 0.0 15 0.0
318.6 0.0 15 0.0
318.7 0.0 15 0.0
318.8 0.0 15 0.0
318.9 0.0 15 0.0
319.0 0.0 15 0.0
319.1 0.0 15 0.0
319.2 0.0 15 0.0
319.2 0.0 15 0.0
319.3 0.0 15 0.0
319.4 0.0 15 0.0
319.5 0.0 15 0.0
319.6 0.0 15 0.0
319.7 0.0 15 0.0
319.8 0.0 15 0.0
319.9 0.0 15 0.0
320.0 0.0 15 0.0
320.1 0.0 15 0.0
320.2 0.0 15 0.0
320.3 0.0 15 0.0
320.4 0.0 15 0.0
320.5 0.0 15 0.0
320.6 0.0 15 0.0
320.7 0.0 15 0.0
320.8 0.0 15 0.0
320.9 0.0 15 0.0
321.0 0.0 15 0.0
321.1 0.0 15 0.0
321.2 0.0 15 0.0
321.3 0.0 15 0.0
321.4 0.0 15 0.0
321.5 0.0 15 0.0
321.6 0.0 15 0.0
321.7 0.0 15 0.0
321.8 0.0 15 0.0
321.9 0.0 15 0.0
322.0 0.0 15 0.0
322.1 0.0 15 0.0
322.2 0.0 15 0.0
322.3 0.0 15 0.0
322.4 0.0 15 0.0
322.5 0.0 15 0.0
322.6 0.0 15 0.0
322.7 0.0 15 0.0
322.8 0.0 15 0.0
322.9 0.0 15 0.0
323.0 0.0 15 0.0
323.1 0.0 15 0.0
323.2 0.0 15 0.0
323.3 0.0 15 0.0
323.4 0.0 15 0.0
323.5 0.0 15 0.0
323.6 0.0 15 0.0
323.7 0.0 15 0.0
323.8 0.0 15 0.0
323.9 0.0 15 0.0
324.0 0.0 15 0.0
324.1 0.0 15 0.0
324.2 0.0 15 0.0
324.3 0.0 15 0.0
324.4 0.0 15 0.0
324.4 0.0 15 0.0
324.5 0.0 15 0.0
324.6 0.0 15 0.0
324.7 0.0 15 0.0
324.8 0.0 15 0.0
324.9 0.0 15 0.0
325.0 0.0 15 0.0
325.1 0.0 15 0.0
325.2 0.0 15 0.0
325.3 0.0 15 0.0
325.4 0.0 15 0.0
325.5 0.0 15 0.0
325.6 0.0 15 0.0
325.7 0.0 15 0.0
325.8 0.0 15 0.0
325.9 0.0 15 0.0
326.0 0.0 15 0.0
326.1 0.0 15 0.0
326.2 0.0 15 0.0
326.3 0.0 15 0.0
326.4 0.0 15 0.0
326.5 0.0 15 0.0
326.6 0.0 15 0.0
326.7 0.0 15 0.0
326.8 0.0 15 0.0
326.9 0.0 15 0.0
327.0 0.0 15 0.0
327.1 0.0 15 0.0
327.2 0.0 15 0.0
327.3 0.0 15 0.0
327.4 0.0 15 0.0
327.5 0.0 15 0.0
327.6 0.0 15 0.0
327.7 0.0 15 0.0
327.8 0.0 15 0.0
327.9 0.0 15 0.0
328.0 0.0 15 0.0
328.1 0.0 15 0.0
328.2 0.0 15 0.0
328.3 0.0 15 0.0
328.4 0.0 15 0.0
328.5 0.0 15 0.0
328.6 0.0 15 0.0
328.7 0.0 15 0.0
328.8 0.0 15 0.0
328.9 0.0 15 0.0
329.0 0.0 15 0.0
329.1 0.0 15 0.0
329.2 0.0 15 0.0
329.3 0.0 15 0.0
329.4 0.0 15 0.0
329.5 0.0 15 0.0
329.5 0.0 15 0.0
329.6 0.0 15 0.0
329.7 0.0 15 0.0
329.8 0.0 15 0.0
329.9 0.0 15 0.0
330.0 0.0 15 0.0
330.1 0.0 15 0.0
330.2 0.0 15 0.0
330.3 0.0 15 0.0
330.4 0.0 15 0.0
330.5 0.0 15 0.0
330.6 0.0 15 0.0
330.7 0.0 15 0.0
330.8 0.0 15 0.0
330.9 0.0 15 0.0
331.0 0.0 15 0.0
331.1 0.0 15 0.0
331.2 0.0 15 0.0
331.3 0.0 15 0.0
331.4 0.0 15 0.0
331.5 0.0 15 0.0
331.6 0.0 15 0.0
331.7 0.0 15 0.0
331.8 0.0 15 0.0
331.9 0.0 15 0.0
332.0 0.0 15 0.0
332.1 0.0 15 0.0
332.2 0.0 15 0.0
332.3 0.0 15 0.0
332.4 0.0 15 0.0
332.5 0.0 15 0.0
332.6 0.0 15 0.0
332.7 0.0 15 0.0
332.8 0.0 15 0.0
332.9 0.0 15 0.0
333.0 0.0 15 0.0
333.1 0.0 15 0.0
333.2 0.0 15 0.0
333.3 0.0 15 0.0
333.4 0.0 15 0.0
333.5 0.0 15 0.0
333.6 0.0 15 0.0
333.7 0.0 15 0.0
333.8 0.0 15 0.0
333.9 0.0 15 0.0
334.0 0.0 15 0.0
334.1 0.0 15 0.0
334.2 0.0 15 0.0
334.3 0.0 15 0.0
334.4 0.0 15 0.0
334.5 0.0 15 0.0
334.6 0.0 15 0.0
334.6 0.0 15 0.0
334.7 0.0 15 0.0
334.8 0.0 15 0.0
334.9 0.0 15 0.0
335.0 0.0 15 0.0
335.1 0.0 15 0.0
335.2 0.0 15 0.0
335.3 0.0 15 0.0
335.4 0.0 15 0.0
335.5 0.0 15 0.0
335.6 0.0 15 0.0
335.7 0.0 15 0.0
335.8 0.0 15 0.0
335.9 0.0 15 0.0
336.0 0.0 15 0.0
336.1 0.0 15 0.0
336.2 0.0 15 0.0
336.3 0.0 15 0.0
336.4 0.0 15 0.0
336.5 0.0 15 0.0
336.6 0.0 15 0.0
336.7 0.0 15 0.0
336.8 0.0 15 0.0
336.9 0.0 15 0.0
337.0 0.0 15 0.0
337.1 0.0 15 0.0
337.2 0.0 15 0.0
337.3 0.0 15 0.0
337.4 0.0 15 0.0
337.5 0.0 15 0.0
337.6 0.0 15 0.0
337.7 0.0 15 0.0
337.8 0.0 15 0.0
337.9 0.0 15 0.0
338.0 0.0 15 0.0
338.1 0.0 15 0.0
338.2 0.0 15 0.0
338.3 0.0 15 0.0
338.4 0.0 15 0.0
338.5 0.0 15 0.0
338.6 0.0 15 0.0
338.7 0.0 15 0.0
338.8 0.0 15 0.0
338.9 0.0 15 0.0
339.0 0.0 15 0.0
339.1 0.0 15 0.0
339.2 0.0 15 0.0
339.3 0.0 15 0.0
339.4 0.0 15 0.0
339.5 0.0 15 0.0
339.6 0.0 15 0.0
339.7 0.0 15 0.0
339.7 0.0 15 0.0
339.8 0.0 15 0.0
339.9 0.0 15 0.0
340.0 0.0 15 0.0
340.1 0.0 15 0.0
340.2 0.0 15 0.0
340.3 0.0 15 0.0
340.4 0.0 15 0.0
340.5 0.0 15 0.0
340.6 0.0 15 0.0
340.7 0.0 15 0.0
340.8 0.0 15 0.0
340.9 0.0 15 0.0
341.0 0.0 15 0.0
341.1 0.0 15 0.0
341.2 0.0 15 0.0
341.3 0.0 15 0.0
341.4 0.0 15 0.0
341.5 0.0 15 0.0
341.6 0.0 15 0.0
341.7 0.0 15 0.0
341.8 0.0 15 0.0
341.9 0.0 15 0.0
342.0 0.0 15 0.0
342.1 0.0 15 0.0
342.2 0.0 15 0.0
342.3 0.0 15 0.0
342.4 0.0 15 0.0
342.5 0.0 15 0.0
342.6 0.0 15 0.0
342.7 0.0 15 0.0
342.8 0.0 15 0.0
342.9 0.0 15 0.0
343.0 0.0 15 0.0
343.1 0.0 15 0.0
343.2 0.0 15 0.0
343.3 0.0 15 0.0
343.4 0.0 15 0.0
343.5 0.0 15 0.0
343.6 0.0 15 0.0
343.7 0.0 15 0.0
343.8 0.0 15 0.0
343.9 0.0 15 0.0
344.0 0.0 15 0.0
344.1 0.0 15 0.0
344.2 0.0 15 0.0
344.3 0.0 15 0.0
344.4 0.0 15 0.0
344.5 0.0 15 0.0
344.6 0.0 15 0.0
344.7 0.0 15 0.0
344.8 0.0 15 0.0
344.8 0.0 15 0.0
344.9 0.0 15 0.0
345.0 0.0 15 0.0
345.1 0.0 15 0.0
345.2 0.0 15 0.0
345.3 0.0 15 0.0
345.4 0.0 15 0.0
345.5 0.0 15 0.0
345.6 0.0 15 0.0
345.7 0.0 15 0.0
345.8 0.0 15 0.0
345.9 0.0 15 0.0
346.0 0.0 15 0.0
346.1 0.0 15 0.0
346.2 0.0 15 0.0
346.3 0.0 15 0.0
346.4 0.0 15 0.0
346.5 0.0 15 0.0
346.6 0.0 15 0.0
346.7 0.0 15 0.0
346.8 0.0 15 0.0
346.9 0.0 15 0.0
347.0 0.0 15 0.0
347.1 0.0 15 0.0
347.2 0.0 15 0.0
347.3 0.0 15 0.0
347.4 0.0 15 0.0
347.5 0.0 15 0.0
347.6 0.0 15 0.0
347.7 0.0 15 0.0
347.8 0.0 15 0.0
347.9 0.0 15 0.0
348.0 0.0 15 0.0
348.1 0.0 15 0.0
348.2 0.0 15 0.0
348.3 0.0 15 0.0
348.4 0.0 15 0.0
348.5 0.0 15 0.0
348.6 0.0 15 0.0
348.7 0.0 15 0.0
348.8 0.0 15 0.0
348.9 0.0 15 0.0
349.0 0.0 15 0.0
349.1 0.0 15 0.0
349.2 0.0 15 0.0
349.3 0.0 15 0.0
349.4 0.0 15 0.0
349.5 0.0 15 0.0
349.6 0.0 15 0.0
349.7 0.0 15 0.0
349.7 0.0 15 0.0
349.8 0.0 15 0.0
349.9 0.0 15 0.0
350.0 0.0 15 0.0
350.1 0.0 15 0.0
350.2 0.0 15 0.0
350.3 0.0 15 0.0
350.4 0.0 15 0.0
350.5 0.0 15 0.0
350.6 0.0 15 0.0
350.7 0.0 15 0.0
350.8 0.0 15 0.0
350.9 0.0 15 0.0
351.0 0.0 15 0.0
351.1 0.0 15 0.0
351.2 0.0 15 0.0
351.3 0.0 15 0.0
351.4 0.0 15 0.0
351.5 0.0 15 0.0
351.6 0.0 15 0.0
351.7 0.0 15 0.0
351.8 0.0 15 0.0
351.9 0.0 15 0.0
352.0 0.0 15 0.0
352.1 0.0 15 0.0
352.2 0.0 15 0.0
352.3 0.0 15 0.0
352.4 0.0 15 0.0
352.5 0.0 15 0.0
352.6 0.0 15 0.0
352.7 0.0 15 0.0
352.8 0.0 15 0.0
352.9 0.0 15 0.0
353.0 0.0 15 0.0
353.1 0.0 15 0.0
353.2 0.0 15 0.0
353.3 0.0 15 0.0
353.4 0.0 15 0.0
353.5 0.0 15 0.0
353.6 0.0 15 0.0
353.7 0.0 15 0.0
353.8 0.0 15 0.0
353.9 0.0 15 0.0
354.0 0.0 15 0.0
354.1 0.0 15 0.0
354.2 135.714 14 1.0
354.3 135.7521 14 1.0
354.4 135.7901 14 1.0
354.5 135.8282 14 1.0
354.5 135.8662 14 1.0
354.6 135.9043 14 1.0
354.7 135.9423 14 1.0
354.8 135.9804 14 1.0
354.9 136.0184 14 1.0
355.0 136.0565 14 1.0
355.1 136.0945 14 1.0
355.2 136.1326 14 1.0
355.3 136.1706 14 1.0
355.4 136.2087 14 1.0
355.5 136.2467 14 1.0
355.6 136.2848 14 1.0
355.7 136.3228 14 1.0
355.8 136.3609 14 1.0
355.9 136.3989 14 1.0
356.0 136.437 14 1.0
356.1 136.475 14 1.0
356.2 136.5131 14 1.0
356.3 136.5511 14 1.0
356.4 136.5892 14 1.0
356.5 136.6272 14 1.0
356.6 136.6653 14 1.0
356.7 136.7033 14 1.0
356.8 136.7414 14 1.0
356.9 136.7794 14 1.0
357.0 136.8175 14 1.0
357.1 136.8555 14 1.0
357.2 136.8936 14 1.0
357.3 136.9316 14 1.0
357.4 136.9697 14 1.0
357.5 137.0077 14 1.0
357.6 137.0458 14 1.0
357.7 137.0838 14 1.0
357.8 137.1219 14 1.0
357.9 137.1599 14 1.0
358.0 137.198 14 1.0
358.1 137.236 14 1.0
358.2 137.2741 14 1.0
358.3 137.3121 14 1.0
358.4 137.3502 14 1.0
358.5 137.3882 14 1.0
358.6 137.4263 14 1.0
358.7 137.4643 14 1.0
358.8 137.5024 14 1.0
358.9 137.5404 14 1.0
359.0 137.5785 14 1.0
359.1 137.6165 14 1.0
359.2 137.6546 14 1.0
359.2 137.6926 14 1.0
359.3 137.7307 14 1.0
359.4 137.7687 14 1.0
359.5 137.8068 14 1.0
359.6 137.8449 14 1.0
359.7 137.8829 14 1.0
359.8 137.921 14 1.0
359.9 137.959 14 1.0
360.0 137.9971 14 1.0
360.1 138.0351 14 1.0
360.2 138.0732 14 1.0
360.3 138.1112 14 1.0
360.4 138.1493 14 1.0
360.5 138.1873 14 1.0
360.6 138.2254 14 1.0
360.7 138.2634 14 1.0
360.8 138.3015 14 1.0
360.9 138.3395 14 1.0
361.0 138.3776 14 1.0
361.1 138.4156 14 1.0
361.2 138.4537 14 1.0
361.3 138.4917 14 1.0
361.4 138.5298 14 1.0
361.5 138.5678 14 1.0
361.6 138.6059 14 1.0
361.7 138.6439 14 1.0
361.8 138.682 14 1.0
361.9 138.72 14 1.0
362.0 138.7581 14 1.0
362.1 138.7961 14 1.0
362.2 138.8342 14 1.0
362.3 138.8722 14 1.0
362.4 138.9103 14 1.0
362.5 138.9483 14 1.0
362.6 138.9864 14 1.0
362.7 139.0244 14 1.0
362.8 139.0625 14 1.0
362.9 139.1005 14 1.0
363.0 139.1386 14 1.0
363.1 139.1766 14 1.0
363.2 139.2147 14 1.0
363.3 139.2527 14 1.0
363.4 139.2908 14 1.0
363.5 139.3288 14 1.0
363.6 139.3669 14 1.0
363.7 139.4049 14 1.0
363.8 139.443 14 1.0
363.9 139.481 14 1.0
364.0 139.5191 14 1.0
364.0 139.5571 14 1.0
364.1 139.5952 14 1.0
364.2 139.6332 14 1.0
364.3 139.6713 14 1.0
364.4 139.7093 14 1.0
364.5 139.7474 14 1.0
364.6 139.7854 14 1.0
364.7 139.8235 14 1.0
364.8 139.8615 14 1.0
364.9 139.8996 14 1.0
365.0 139.9376 14 1.0
365.1 139.9757 14 1.0
365.2 140.0137 14 1.0
365.3 140.0518 14 1.0
365.4 140.0898 14 1.0
365.5 140.1279 14 1.0
365.6 140.1659 14 1.0
365.7 140.204 14 1.0
365.8 140.242 14 1.0
365.9 140.2801 14 1.0
366.0 140.3181 14 1.0
366.1 140.3562 14 1.0
366.2 140.3942 14 1.0
366.3 140.4323 14 1.0
366.4 140.4703 14 1.0
366.5 140.5084 14 1.0
366.6 140.5465 14 1.0
366.7 140.5845 14 1.0
366.8 140.6226 14 1.0
366.9 140.6606 14 1.0
367.0 140.6987 14 1.0
367.1 140.7367 14 1.0
367.2 140.7748 14 1.0
367.3 140.8128 14 1.0
367.4 140.8509 14 1.0
367.5 140.8889 14 1.0
367.6 140.927 14 1.0
367.7 140.965 14 1.0
367.8 141.0031 14 1.0
367.9 141.0411 14 1.0
368.0 141.0792 14 1.0
368.1 141.1172 14 1.0
368.2 141.1553 14 1.0
368.3 141.1933 14 1.0
368.4 141.2314 14 1.0
368.5 141.2694 14 1.0
368.6 141.3075 14 1.0
368.7 141.3455 14 1.0
368.7 141.3836 14 1.0
368.8 141.4216 14 1.0
368.9 141.4597 14 1.0
369.0 141.4977 14 1.0
369.1 141.5358 14 1.0
369.2 141.5738 14 1.0
369.3 141.6119 14 1.0
369.4 141.6499 14 1.0
369.5 141.688 14 1.0
369.6 141.726 14 1.0
369.7 141.7641 14 1.0
369.8 141.8021 14 1.0
369.9 141.8402 14 1.0
370.0 141.8782 14 1.0
370.1 141.9163 14 1.0
370.2 141.9543 14 1.0
370.3 141.9924 14 1.0
370.4 142.0304 14 1.0
370.5 142.0685 14 1.0
370.6 142.1065 14 1.0
370.7 142.1446 14 1.0
370.8 142.1826 14 1.0
370.9 142.2207 14 1.0
371.0 142.2587 14 1.0
371.1 142.2968 14 1.0
371.2 142.3348 14 1.0
371.3 142.3729 14 1.0
371.4 142.4109 14 1.0
371.5 142.449 14 1.0
371.6 142.487 14 1.0
371.7 142.5251 14 1.0
371.8 142.5631 14 1.0
371.9 142.6012 14 1.0
372.0 142.6392 14 1.0
372.1 142.6773 14 1.0
372.2 142.7153 14 1.0
372.3 142.7534 14 1.0
372.4 142.7914 14 1.0
372.5 142.8295 14 1.0
372.6 142.8675 14 1.0
372.7 142.9056 14 1.0
372.8 142.9436 14 1.0
372.9 142.9817 14 1.0
373.0 143.0197 14 1.0
373.1 143.0578 14 1.0
373.2 143.0958 14 1.0
373.3 143.1339 14 1.0
373.4 143.172 14 1.0
373.5 143.21 14 1.0
373.5 143.2481 14 1.0
373.6 143.2861 14 1.0
373.7 143.3242 14 1.0
373.8 143.3622 14 1.0
373.9 143.4003 14 1.0
374.0 143.4383 14 1.0
374.1 143.4764 14 1.0
374.2 143.5144 14 1.0
374.3 143.5525 14 1.0
374.4 143.5905 14 1.0
374.5 143.6286 14 1.0
374.6 143.6666 14 1.0
374.7 143.7047 14 1.0
374.8 143.7427 14 1.0
374.9 143.7808 14 1.0
375.0 143.8188 14 1.0
375.1 143.8569 14 1.0
375.2 143.8949 14 1.0
375.3 143.933 14 1.0
375.4 143.971 14 1.0
375.5 144.0091 14 1.0
375.6 144.0471 14 1.0
375.7 144.0852 14 1.0
375.8 144.1232 14 1.0
375.9 144.1613 14 1.0
376.0 144.1993 14 1.0
376.1 144.2374 14 1.0
376.2 144.2754 14 1.0
376.3 144.3135 14 1.0
376.4 144.3515 14 1.0
376.5 144.3896 14 1.0
376.6 144.4276 14 1.0
376.7 144.4657 14 1.0
376.8 144.5037 14 1.0
376.9 144.5418 14 1.0
377.0 144.5798 14 1.0
377.1 144.6179 14 1.0
377.2 144.6559 14 1.0
377.3 144.694 14 1.0
377.4 144.732 14 1.0
377.5 144.7701 14 1.0
377.6 144.8081 14 1.0
377.7 144.8462 14 1.0
377.8 144.8842 14 1.0
377.9 144.9223 14 1.0
378.0 144.9603 14 1.0
378.1 144.9984 14 1.0
378.2 145.0364 14 1.0
378.2 145.0745 14 1.0
378.3 145.1125 14 1.0
378.4 145.1506 14 1.0
378.5 145.1886 14 1.0
378.6 145.2267 14 1.0
378.7 145.2647 14 1.0
378.8 145.3028 14 1.0
378.9 145.3408 14 1.0
379.0 145.3789 14 1.0
379.1 145.4169 14 1.0
379.2 145.455 14 1.0
379.3 145.493 14 1.0
379.4 145.5311 14 1.0
379.5 145.5691 14 1.0
379.6 145.6072 14 1.0
379.7 145.6452 14 1.0
379.8 145.6833 14 1.0
379.9 145.7213 14 1.0
380.0 145.7594 14 1.0
380.1 145.7974 14 1.0
380.2 145.8355 14 1.0
380.3 145.8736 14 1.0
380.4 145.9116 14 1.0
380.5 145.9497 14 1.0
380.6 145.9877 14 1.0
380.7 146.0258 14 1.0
380.8 146.0638 14 1.0
380.9 146.1019 14 1.0
381.0 146.1399 14 1.0
381.1 146.178 14 1.0
381.2 146.216 14 1.0
381.3 146.2541 14 1.0
381.4 146.2921 14 1.0
381.5 146.3302 14 1.0
381.6 146.3682 14 1.0
381.7 146.4063 14 1.0
381.8 146.4443 14 1.0
381.9 146.4824 14 1.0
382.0 146.5204 14 1.0
382.1 146.5585 14 1.0
382.2 146.5965 14 1.0
382.3 146.6346 14 1.0
382.4 146.6726 14 1.0
382.5 146.7107 14 1.0
382.6 146.7487 14 1.0
382.7 146.7868 14 1.0
382.8 146.8248 14 1.0
382.9 146.8629 14 1.0
383.0 146.9009 14 1.0
383.0 146.939 14 1.0
383.1 146.977 14 1.0
383.2 147.0151 14 1.0
383.3 147.0531 14 1.0
383.4 147.0912 14 1.0
383.5 147.1292 14 1.0
383.6 147.1673 14 1.0
383.7 147.2053 14 1.0
383.8 147.2434 14 1.0
383.9 147.2814 14 1.0
384.0 147.3195 14 1.0
384.1 147.3575 14 1.0
384.2 147.3956 14 1.0
384.3 147.4336 14 1.0
384.4 147.4717 14 1.0
384.5 147.5097 14 1.0
384.6 147.5478 14 1.0
384.7 147.5858 14 1.0
384.8 147.6239 14 1.0
384.9 147.6619 14 1.0
385.0 147.7 14 1.0
385.1 147.738 14 1.0
385.2 147.7761 14 1.0
385.3 147.8141 14 1.0
385.4 147.8522 14 1.0
385.5 147.8902 14 1.0
385.6 147.9283 14 1.0
385.7 147.9663 14 1.0
385.8 148.0044 14 1.0
385.9 148.0424 14 1.0
386.0 148.0805 14 1.0
386.1 148.1185 14 1.0
386.2 148.1566 14 1.0
386.3 148.1946 14 1.0
386.4 148.2327 14 1.0
386.5 148.2707 14 1.0
386.6 148.3088 14 1.0
386.7 148.3468 14 1.0
386.8 148.3849 14 1.0
386.9 148.4229 14 1.0
387.0 148.461 14 1.0
387.1 148.4991 14 1.0
387.2 148.5371 14 1.0
387.3 148.5752 14 1.0
387.4 148.6132 14 1.0
387.5 148.6513 14 1.0
387.6 148.6893 14 1.0
387.7 148.7274 14 1.0
387.8 148.7654 14 1.0
387.8 148.8035 14 1.0
387.9 148.8415 14 1.0
388.0 148.8796 14 1.0
388.1 148.9176 14 1.0
388.2 148.9557 14 1.0
388.3 148.9937 14 1.0
388.4 149.0318 14 1.0
388.5 149.0698 14 1.0
388.6 149.1079 14 1.0
388.7 149.1459 14 1.0
388.8 149.184 14 1.0
388.9 149.222 14 1.0
389.0 149.2601 14 1.0
389.1 149.2981 14 1.0
389.2 149.3362 14 1.0
389.3 149.3742 14 1.0
389.4 149.4123 14 1.0
389.5 149.4503 14 1.0
389.6 149.4884 14 1.0
389.7 149.5264 14 1.0
389.8 149.5645 14 1.0
389.9 149.6025 14 1.0
390.0 149.6406 14 1.0
390.1 149.6786 14 1.0
390.2 149.7167 14 1.0
390.3 149.7547 14 1.0
390.4 149.7928 14 1.0
390.5 149.8308 14 1.0
390.6 149.8689 14 1.0
390.7 149.9069 14 1.0
390.8 149.945 14 1.0
390.9 149.983 14 1.0
391.0 150.0211 14 1.0
391.1 150.0591 14 1.0
391.2 150.0972 14 1.0
391.3 150.1352 14 1.0
391.4 150.1733 14 1.0
391.5 150.2113 14 1.0
391.6 150.2494 14 1.0
391.7 150.2874 14 1.0
391.8 150.3255 14 1.0
391.9 150.3635 14 1.0
392.0 150.4016 14 1.0
392.1 150.4396 14 1.0
392.2 150.4777 14 1.0
392.3 150.5157 14 1.0
392.4 150.5538 14 1.0
392.5 150.5918 14 1.0
392.5 150.6299 14 1.0
392.6 150.6679 14 1.0
392.7 150.706 14 1.0
392.8 150.744 14 1.0
392.9 150.7821 14 1.0
393.0 150.8201 14 1.0
393.1 150.8582 14 1.0
393.2 150.8962 14 1.0
393.3 150.9343 14 1.0
393.4 150.9723 14 1.0
393.5 151.0104 14 1.0
393.6 151.0484 14 1.0
393.7 151.0865 14 1.0
393.8 151.1245 14 1.0
393.9 151.1626 14 1.0
394.0 151.2007 14 1.0
394.1 151.2387 14 1.0
394.2 151.2768 14 1.0
394.3 151.3148 14 1.0
394.4 151.3529 14 1.0
394.5 151.3909 14 1.0
394.6 151.429 14 1.0
394.7 151.467 14 1.0
394.8 151.5051 14 1.0
394.9 151.5431 14 1.0
395.0 151.5812 14 1.0
395.1 151.6192 14 1.0
395.2 151.6573 14 1.0
395.3 151.6953 14 1.0
395.4 151.7334 14 1.0
395.5 151.7714 14 1.0
395.6 151.8095 14 1.0
395.7 151.8475 14 1.0
395.8 151.8856 14 1.0
395.9 151.9236 14 1.0
396.0 151.9617 14 1.0
396.1 152.0009 14 1.0
396.2 152.0402 14 1.0
396.3 152.0795 14 1.0
396.4 152.1188 14 1.0
396.5 152.158 14 1.0
396.6 152.1973 14 1.0
396.7 152.2366 14 1.0
396.8 152.2759 14 1.0
396.9 152.3151 14 1.0
397.0 152.3544 14 1.0
397.1 152.3937 14 1.0
397.2 152.4329 14 1.0
397.3 152.4722 14 1.0
397.4 152.5115 14 1.0
397.5 152.5508 14 1.0
397.6 152.59 14 1.0
397.7 152.6293 14 1.0
397.8 152.6686 14 1.0
397.9 152.7079 14 1.0
398.0 152.7471 14 1.0
398.1 152.7864 14 1.0
398.2 152.8257 14 1.0
398.3 152.8649 14 1.0
398.3 152.9042 14 1.0
398.4 152.9435 14 1.0
398.5 152.9828 14 1.0
398.6 153.022 14 1.0
398.7 153.0613 14 1.0
398.8 153.1006 14 1.0
398.9 153.1399 14 1.0
399.0 153.1791 14 1.0
399.1 153.2184 14 1.0
399.2 153.2577 14 1.0
399.3 153.2969 14 1.0
399.4 153.3362 14 1.0
399.5 153.3755 14 1.0
399.6 153.4148 14 1.0
399.7 153.454 14 1.0
399.8 153.4933 14 1.0
399.9 153.5326 14 1.0
400.0 153.5719 14 1.0
400.1 153.6111 14 1.0
400.2 153.6504 14 1.0
400.3 153.6897 14 1.0
400.4 153.729 14 1.0
400.5 153.7682 14 1.0
400.6 153.8075 14 1.0
400.7 153.8468 14 1.0
400.8 153.886 14 1.0
400.9 153.9253 14 1.0
401.0 153.9646 14 1.0
401.1 154.0039 14 1.0
401.2 154.0431 14 1.0
401.3 154.0824 14 1.0
401.4 154.1217 14 1.0
401.5 154.161 14 1.0
401.6 154.2002 14 1.0
401.7 154.2395 14 1.0
401.8 154.2788 14 1.0
401.9 154.318 14 1.0
402.0 154.3573 14 1.0
402.1 154.3966 14 1.0
402.2 154.4359 14 1.0
402.3 154.4751 14 1.0
402.4 154.5144 14 1.0
402.5 154.5537 14 1.0
402.6 154.593 14 1.0
402.7 154.6322 14 1.0
402.8 154.6715 14 1.0
402.9 154.7108 14 1.0
403.0 154.7501 14 1.0
403.1 154.7893 14 1.0
403.2 154.8286 14 1.0
403.3 154.8679 14 1.0
403.4 154.9071 14 1.0
403.5 154.9464 14 1.0
403.6 154.9857 14 1.0
403.7 155.025 14 1.0
403.8 155.0642 14 1.0
403.9 155.1035 14 1.0
404.0 155.1428 14 1.0
404.1 155.1821 14 1.0
404.2 155.2213 14 1.0
404.3 155.2606 14 1.0
404.4 155.2999 14 1.0
404.5 155.3391 14 1.0
404.6 155.3784 14 1.0
404.7 155.4177 14 1.0
404.8 155.457 14 1.0
404.9 155.4962 14 1.0
405.0 155.5355 14 1.0
405.1 155.5748 14 1.0
405.2 155.6141 14 1.0
405.3 155.6533 14 1.0
405.4 155.6926 14 1.0
405.5 155.7319 14 1.0
405.6 155.7712 14 1.0
405.7 155.8104 14 1.0
405.8 155.8497 14 1.0
405.9 155.889 14 1.0
406.0 155.9282 14 1.0
406.1 155.9675 14 1.0
406.2 156.0068 14 1.0
406.3 156.0461 14 1.0
406.4 156.0853 14 1.0
406.5 156.1246 14 1.0
406.6 156.1639 14 1.0
406.7 156.2032 14 1.0
406.7 156.2424 14 1.0
406.8 156.2817 14 1.0
406.9 156.321 14 1.0
407.0 156.3602 14 1.0
407.1 156.3995 14 1.0
407.2 156.4388 14 1.0
407.3 156.4781 14 1.0
407.4 156.5173 14 1.0
407.5 156.5566 14 1.0
407.6 156.5959 14 1.0
407.7 156.6352 14 1.0
407.8 156.6744 14 1.0
407.9 156.7137 14 1.0
408.0 156.753 14 1.0
408.1 156.7923 14 1.0
408.2 156.8315 14 1.0
408.3 156.8708 14 1.0
408.4 156.9101 14 1.0
408.5 156.9493 14 1.0
408.6 156.9886 14 1.0
408.7 157.0279 14 1.0
408.8 157.0672 14 1.0
408.9 157.1064 14 1.0
409.0 157.1457 14 1.0
409.1 157.185 14 1.0
409.2 157.2243 14 1.0
409.3 157.2635 14 1.0
409.4 157.3028 14 1.0
409.5 157.3421 14 1.0
409.6 157.3813 14 1.0
409.7 157.4206 14 1.0
409.8 157.4599 14 1.0
409.9 157.4992 14 1.0
410.0 157.5384 14 1.0
410.1 157.5777 14 1.0
410.2 157.617 14 1.0
410.3 157.6563 14 1.0
410.4 157.6955 14 1.0
410.5 157.7348 14 1.0
410.6 157.7741 14 1.0
410.7 157.8134 14 1.0
410.8 157.8526 14 1.0
410.9 157.8919 14 1.0
411.0 157.9312 14 1.0
411.1 157.9704 14 1.0
411.2 158.0097 14 1.0
411.3 158.049 14 1.0
411.4 158.0883 14 1.0
411.5 158.1275 14 1.0
411.6 158.1668 14 1.0
411.7 158.2061 14 1.0
411.8 158.2454 14 1.0
411.9 158.2846 14 1.0
412.0 158.3239 14 1.0
412.1 158.3632 14 1.0
412.2 158.4024 14 1.0
412.3 158.4417 14 1.0
412.4 158.481 14 1.0
412.5 158.5203 14 1.0
412.6 158.5595 14 1.0
412.7 158.5988 14 1.0
412.8 158.6381 14 1.0
412.9 158.6774 14 1.0
413.0 158.7166 14 1.0
413.1 158.7559 14 1.0
413.2 158.7952 14 1.0
413.3 158.8345 14 1.0
413.4 158.8737 14 1.0
413.5 158.913 14 1.0
413.6 158.9523 14 1.0
413.7 158.9915 14 1.0
413.8 159.0308 14 1.0
413.9 159.0701 14 1.0
414.0 159.1094 14 1.0
414.1 159.1486 14 1.0
414.2 159.1879 14 1.0
414.3 159.2272 14 1.0
414.4 159.2665 14 1.0
414.5 159.3057 14 1.0
414.6 159.345 14 1.0
414.7 159.3843 14 1.0
414.8 159.4235 14 1.0
414.9 159.4628 14 1.0
415.0 159.5021 14 1.0
415.0 159.5414 14 1.0
415.1 159.5806 14 1.0
415.2 159.6199 14 1.0
415.3 159.6592 14 1.0
415.4 159.6985 14 1.0
415.5 159.7377 14 1.0
415.6 159.777 14 1.0
415.7 159.8163 14 1.0
415.8 159.8556 14 1.0
415.9 159.8948 14 1.0
416.0 159.9341 14 1.0
416.1 159.9734 14 1.0
416.2 160.0126 14 1.0
416.3 160.0519 14 1.0
416.4 160.0912 14 1.0
416.5 160.1305 14 1.0
416.6 160.1697 14 1.0
416.7 160.209 14 1.0
416.8 160.2483 14 1.0
416.9 160.2876 14 1.0
417.0 160.3268 14 1.0
417.1 160.3661 14 1.0
417.2 160.4054 14 1.0
417.3 160.4446 14 1.0
417.4 160.4839 14 1.0
417.5 160.5232 14 1.0
417.6 160.5625 14 1.0
417.7 160.6017 14 1.0
417.8 160.641 14 1.0
417.9 160.6803 14 1.0
418.0 160.7196 14 1.0
418.1 160.7588 14 1.0
418.2 160.7981 14 1.0
418.3 160.8374 14 1.0
418.4 160.8767 14 1.0
418.5 160.9159 14 1.0
418.6 160.9552 14 1.0
418.7 160.9945 14 1.0
418.8 161.0337 14 1.0
418.9 161.073 14 1.0
419.0 161.1123 14 1.0
419.1 161.1516 14 1.0
419.2 161.1908 14 1.0
419.3 161.2301 14 1.0
419.4 161.2694 14 1.0
419.5 161.3087 14 1.0
419.6 161.3479 14 1.0
419.7 161.3872 14 1.0
419.8 161.4265 14 1.0
419.9 161.4657 14 1.0
420.0 161.505 14 1.0
420.1 161.5443 14 1.0
420.2 161.5836 14 1.0
420.3 161.6228 14 1.0
420.4 161.6621 14 1.0
420.5 161.7014 14 1.0
420.6 161.7407 14 1.0
420.7 161.7799 14 1.0
420.8 161.8192 14 1.0
420.9 161.8585 14 1.0
421.0 161.8978 14 1.0
421.1 161.937 14 1.0
421.2 161.9763 14 1.0
421.3 162.0156 14 1.0
421.4 162.0548 14 1.0
421.5 162.0941 14 1.0
421.6 162.1334 14 1.0
421.7 162.1727 14 1.0
421.8 162.2119 14 1.0
421.9 162.2512 14 1.0
422.0 162.2905 14 1.0
422.1 162.3298 14 1.0
422.2 162.369 14 1.0
422.3 162.4083 14 1.0
422.4 162.4476 14 1.0
422.5 162.4868 14 1.0
422.6 162.5261 14 1.0
422.7 162.5654 14 1.0
422.8 162.6047 14 1.0
422.9 162.6439 14 1.0
423.0 162.6832 14 1.0
423.1 162.7225 14 1.0
423.2 162.7618 14 1.0
423.3 162.801 14 1.0
423.4 162.8403 14 1.0
423.4 162.8796 14 1.0
423.5 162.9188 14 1.0
423.6 162.9581 14 1.0
423.7 162.9974 14 1.0
423.8 163.0367 14 1.0
423.9 163.0759 14 1.0
424.0 163.1152 14 1.0
424.1 163.1545 14 1.0
424.2 163.1938 14 1.0
424.3 163.233 14 1.0
424.4 163.2723 14 1.0
424.5 163.3116 14 1.0
424.6 163.3509 14 1.0
424.7 163.3901 14 1.0
424.8 163.4294 14 1.0
424.9 163.4687 14 1.0
425.0 163.5079 14 1.0
425.1 163.5472 14 1.0
425.2 163.5865 14 1.0
425.3 163.6258 14 1.0
425.4 163.665 14 1.0
425.5 163.7043 14 1.0
425.6 163.7436 14 1.0
425.7 163.7829 14 1.0
425.8 163.8221 14 1.0
425.9 163.8614 14 1.0
426.0 163.9007 14 1.0
426.1 163.9399 14 1.0
426.2 163.9792 14 1.0
426.3 164.0185 14 1.0
426.4 164.0578 14 1.0
426.5 164.097 14 1.0
426.6 164.1363 14 1.0
426.7 164.1756 14 1.0
426.8 164.2149 14 1.0
426.9 164.2541 14 1.0
427.0 164.2934 14 1.0
427.1 164.3327 14 1.0
427.2 164.372 14 1.0
427.3 164.4112 14 1.0
427.4 164.4505 14 1.0
427.5 164.4898 14 1.0
427.6 164.529 14 1.0
427.7 164.5683 14 1.0
427.8 164.6076 14 1.0
427.9 164.6469 14 1.0
428.0 164.6861 14 1.0
428.1 164.7254 14 1.0
428.2 164.7647 14 1.0
428.3 164.804 14 1.0
428.4 164.8432 14 1.0
428.5 164.8825 14 1.0
428.6 164.9218 14 1.0
428.7 164.961 14 1.0
428.8 165.0003 14 1.0
428.9 165.0396 14 1.0
429.0 165.0789 14 1.0
429.1 165.1181 14 1.0
429.2 165.1574 14 1.0
429.3 165.1967 14 1.0
429.4 165.236 14 1.0
429.5 165.2752 14 1.0
429.6 165.3145 14 1.0
429.7 165.3538 14 1.0
429.8 165.3931 14 1.0
429.9 165.4323 14 1.0
430.0 165.4716 14 1.0
430.1 165.5109 14 1.0
430.2 165.5501 14 1.0
430.3 165.5894 14 1.0
430.4 165.6287 14 1.0
430.5 165.668 14 1.0
430.6 165.7072 14 1.0
430.7 165.7465 14 1.0
430.8 165.7858 14 1.0
430.9 165.8251 14 1.0
431.0 165.8643 14 1.0
431.1 165.9036 14 1.0
431.2 165.9429 14 1.0
431.3 165.9821 14 1.0
431.4 166.0214 14 1.0
431.5 166.0607 14 1.0
431.6 166.1 14 1.0
431.7 166.1392 14 1.0
431.8 166.1785 14 1.0
431.8 166.2178 14 1.0
431.9 166.2571 14 1.0
432.0 166.2963 14 1.0
432.1 166.3356 14 1.0
432.2 166.3749 14 1.0
432.3 166.4142 14 1.0
432.4 166.4534 14 1.0
432.5 166.4927 14 1.0
432.6 166.532 14 1.0
432.7 166.5712 14 1.0
432.8 166.6105 14 1.0
432.9 166.6498 14 1.0
433.0 166.6891 14 1.0
433.1 166.7283 14 1.0
433.2 166.7676 14 1.0
433.3 166.8069 14 1.0
433.4 166.8462 14 1.0
433.5 166.8854 14 1.0
433.6 166.9247 14 1.0
433.7 166.964 14 1.0
433.8 167.0032 14 1.0
433.9 167.0425 14 1.0
434.0 167.0818 14 1.0
434.1 167.1211 14 1.0
434.2 167.1603 14 1.0
434.3 167.1996 14 1.0
434.4 167.2389 14 1.0
434.5 167.2782 14 1.0
434.6 167.3174 14 1.0
434.7 167.3567 14 1.0
434.8 167.396 14 1.0
434.9 167.4353 14 1.0
435.0 167.4745 14 1.0
435.1 167.5138 14 1.0
435.2 167.5531 14 1.0
435.3 167.5923 14 1.0
435.4 167.6316 14 1.0
435.5 167.6709 14 1.0
435.6 167.7102 14 1.0
435.7 167.7494 14 1.0
435.8 167.7887 14 1.0
435.9 167.828 14 1.0
436.0 167.8673 14 1.0
436.1 167.9065 14 1.0
436.2 167.9458 14 1.0
436.3 167.9851 14 1.0
436.4 168.0243 14 1.0
436.5 168.0636 14 1.0
436.6 168.1029 14 1.0
436.7 168.1422 14 1.0
436.8 168.1814 14 1.0
436.9 168.2207 14 1.0
437.0 168.26 14 1.0
437.1 168.2993 14 1.0
437.2 168.3385 14 1.0
437.3 168.3778 14 1.0
437.4 168.4171 14 1.0
437.5 168.4564 14 1.0
437.6 168.4956 14 1.0
437.7 168.5349 14 1.0
437.8 168.5742 14 1.0
437.9 168.6134 14 1.0
438.0 168.6527 14 1.0
438.1 168.692 14 1.0
438.2 168.7313 14 1.0
438.3 168.7705 14 1.0
438.4 168.8098 14 1.0
438.5 168.8491 14 1.0
438.6 168.8884 14 1.0
438.7 168.9276 14 1.0
438.8 168.9669 14 1.0
438.9 169.0062 14 1.0
439.0 169.0454 14 1.0
439.1 169.0847 14 1.0
439.2 169.124 14 1.0
439.3 169.1633 14 1.0
439.4 169.2025 14 1.0
439.5 169.2418 14 1.0
439.6 169.2811 14 1.0
439.7 169.3204 14 1.0
439.8 169.3596 14 1.0
439.9 169.3989 14 1.0
440.0 169.4382 14 1.0
440.1 169.4775 14 1.0
440.2 169.5167 14 1.0
440.2 169.556 14 1.0
440.3 169.5953 14 1.0
440.4 169.6345 14 1.0
440.5 169.6738 14 1.0
440.6 169.7131 14 1.0
440.7 169.7524 14 1.0
440.8 169.7916 14 1.0
440.9 169.8309 14 1.0
441.0 169.8702 14 1.0
441.1 169.9095 14 1.0
441.2 169.9487 14 1.0
441.3 169.988 14 1.0
441.4 170.0273 14 1.0
441.5 170.0665 14 1.0
441.6 170.1058 14 1.0
441.7 170.1451 14 1.0
441.8 170.1844 14 1.0
441.9 170.2236 14 1.0
442.0 170.2629 14 1.0
442.1 170.3022 14 1.0
442.2 170.3415 14 1.0
442.3 170.3807 14 1.0
442.4 170.42 14 1.0
442.5 170.4593 14 1.0
442.6 170.4986 14 1.0
442.7 170.5378 14 1.0
442.8 170.5771 14 1.0
442.9 170.6164 14 1.0
443.0 170.6556 14 1.0
443.1 170.6949 14 1.0
443.2 170.7342 14 1.0
443.3 170.7735 14 1.0
443.4 170.8127 14 1.0
443.5 170.852 14 1.0
443.6 170.8913 14 1.0
443.7 170.9306 14 1.0
443.8 170.9698 14 1.0
443.9 171.0091 14 1.0
444.0 171.0484 14 1.0
444.1 171.0876 14 1.0
444.2 171.1269 14 1.0
444.3 171.1662 14 1.0
444.4 171.2055 14 1.0
444.5 171.2447 14 1.0
444.6 171.284 14 1.0
444.7 171.3233 14 1.0
444.8 171.3626 14 1.0
444.9 171.4018 14 1.0
445.0 171.4411 14 1.0
445.1 171.4804 14 1.0
445.2 171.5197 14 1.0
445.3 171.5589 14 1.0
445.4 171.5982 14 1.0
