15.0 1.51114 13 0.03867201406369625
15.1 1.524846 13 0.03961031710585072
15.2 1.538529 13 0.04053292339226233
15.3 1.552189 13 0.04144606716880106
15.4 1.565827 13 0.042346200180196636
15.5 1.579442 13 0.04322882083340074
15.6 1.593034 13 0.044105178870021855
15.7 1.606604 13 0.044970686515797165
15.8 1.620152 13 0.04582064490423199
15.9 1.633678 13 0.046658693029611675
16.0 1.662066 13 0.045513957482453016
16.1 1.71417 13 0.04962267912923157
16.2 1.766662 13 0.05373877823827988
16.3 1.819535 13 0.057861108806159245
16.4 1.872781 13 0.06199084620368245
16.5 1.926394 13 0.06612676344864321
16.6 1.980367 13 0.07026679589562634
16.7 2.034693 13 0.07441379076317478
16.8 2.089365 13 0.07856583244570814
16.9 2.144378 13 0.08271958169773341
17.0 2.199725 13 0.08688634235519699
17.1 2.255399 13 0.09105412673320479
17.2 2.311395 13 0.09522634105605066
17.3 2.367707 13 0.09940523024225567
17.4 2.424328 13 0.10358699429931972
17.5 2.481253 13 0.10777528045289242
17.6 2.538476 13 0.11197028412236365
17.7 2.601412 13 0.11616838604588031
17.8 2.681975 13 0.12036971156941068
17.9 2.763435 13 0.12457933837069013
18.0 2.845793 13 0.12878962076636702
18.1 2.933709 13 0.13328788557799665
18.2 3.022574 14 0.13779252919063456
18.3 3.112387 14 0.14230193267881086
18.4 3.203149 14 0.14681186496003107
18.5 3.29486 14 0.15132847601303834
18.6 3.387519 14 0.15584781190910757
18.7 3.481127 14 0.16037660453450042
18.8 3.575684 14 0.16490430648868248
18.9 3.671189 14 0.1694351135628217
19.0 3.767643 14 0.17397200204881036
19.1 3.865046 14 0.17851406892190957
19.2 3.963397 14 0.18305834960026857
19.3 4.062697 14 0.1876058231968547
19.4 4.162946 14 0.19215908797812786
19.5 4.264143 14 0.19671487745761007
19.6 4.366289 14 0.2012702614769848
19.7 4.469384 14 0.20583152182834197
19.8 4.573427 14 0.21039936187999975
19.9 4.67842 14 0.2149644168336049
20.0 4.78436 14 0.21953891448301488
20.1 4.898375 14 0.22448838971956175
20.2 5.013417 14 0.22944689551275155
20.3 5.129487 14 0.234404910256522
20.4 5.246585 14 0.23936719018686226
20.5 5.364711 14 0.24433161586250218
20.6 5.483865 14 0.2493014651422344
20.7 5.604047 14 0.25427317134288663
20.8 5.725257 14 0.25924893076356137
20.9 5.847495 14 0.264224974708118
21.0 5.97076 14 0.2692055188332083
21.1 6.095054 14 0.2741888824432481
21.2 6.220375 14 0.27917525195183823
21.3 6.346725 14 0.2841650732092681
21.4 6.474102 14 0.2891574107221728
21.5 6.602507 14 0.2941508847001163
21.6 6.73194 14 0.2991467804292762
21.7 6.862402 14 0.3041485835251586
21.8 6.993891 14 0.30914901201874123
21.9 7.126407 14 0.314156926591014
22.0 7.259952 14 0.31916477907343566
22.1 7.407537 14 0.32483725695259635
22.2 7.556257 14 0.33051265174124866
22.3 7.706113 14 0.3361897538943489
22.4 7.857105 14 0.3418722662518021
22.5 8.009234 14 0.34755427457648214
22.6 8.162497 14 0.3532393954982135
22.7 8.382971 14 0.3590221843263244
22.8 8.537911 14 0.3647136933618951
22.9 8.693988 14 0.3704022376062034
23.0 8.8512 14 0.3760945094145075
23.1 9.009548 14 0.38179224318466565
23.2 9.169032 14 0.38749104176167837
23.3 9.329651 14 0.3931898927200883
23.4 9.491407 14 0.3988933364283679
23.5 9.654299 14 0.40460021138315816
23.6 9.818327 14 0.4103036969932272
23.7 9.98349 14 0.41601291979521227
23.8 10.14979 14 0.42172571133277104
23.9 10.31722 14 0.42743851488885454
24.0 10.4858 14 0.433155294098041
24.1 10.66303 14 0.43919412483653386
24.2 10.84146 14 0.44523775267966337
24.3 11.02111 14 0.451279731717792
24.4 11.20196 14 0.45732681481887805
24.5 11.38402 14 0.4633755243390888
24.6 11.56728 14 0.46942305160610853
24.7 11.75176 14 0.4754768836905777
24.8 11.93744 14 0.48152985584944874
24.9 12.12433 14 0.48758711573222324
25.0 12.31242 14 0.4936441919947673
25.1 12.50172 14 0.49970440268364213
25.2 12.69224 14 0.5057640628142082
25.3 12.88395 14 0.511829571872364
25.4 13.07688 14 0.5178943228048389
25.5 13.27101 14 0.5239612146696185
25.6 13.46635 14 0.5300306180960521
25.7 13.6629 14 0.5361033717612906
25.8 13.86065 14 0.5421716941583888
25.9 14.05962 14 0.5482474071523862
26.0 14.25979 14 0.5543228999034439
26.1 14.4534 14 0.5600757485466079
26.2 14.64816 14 0.5658313160796129
26.3 14.84407 14 0.5715863903478414
26.4 15.04112 14 0.5773466700833253
26.5 15.23932 14 0.5831032680542318
26.6 15.43867 14 0.5888648964524451
26.7 15.63916 14 0.59462837155605
26.8 15.8408 14 0.6003910524069104
26.9 16.04358 14 0.6061569975114692
27.0 16.24751 14 0.6119259714329596
27.1 16.45259 14 0.6176933488620983
27.2 16.65882 14 0.6234617945403986
27.3 16.86619 14 0.6292321491459765
27.4 17.07471 14 0.6350068285731252
27.5 17.28437 14 0.640778175095478
27.6 17.49518 14 0.6465556024181076
27.7 17.70714 14 0.6523311778265702
27.8 17.92024 14 0.6581085209217192
27.9 18.13449 14 0.6638881592551402
28.0 18.34989 14 0.6696668731098021
28.1 18.57756 14 0.675988628585418
28.2 18.80643 14 0.6823098535729198
28.3 19.03649 14 0.6886340507535077
28.4 19.26775 14 0.69495922127965
28.5 19.5002 14 0.70128522491436
28.6 19.73384 14 0.7076133323693153
28.7 19.96868 14 0.7139415467608854
28.8 20.20471 14 0.720271395433673
28.9 20.44194 14 0.7266011259494009
29.0 20.68036 14 0.7329334042068494
29.1 20.91997 14 0.7392675048830188
29.2 21.16078 14 0.7456014765439065
29.3 21.40278 14 0.7519369386832073
29.4 21.64597 14 0.7582737240823372
29.5 21.89036 14 0.7646115339428922
29.6 22.13594 14 0.7709503708660185
29.7 22.38272 14 0.7772905096314928
29.8 22.63069 14 0.7836314294874731
29.9 22.87985 14 0.789973534486128
30.0 23.13021 14 0.7963166053197627
30.1 23.38696 14 0.8028445080885641
30.2 23.64494 14 0.809373104302876
30.3 23.90416 14 0.8159023037542662
30.4 24.1646 14 0.8224329824056322
30.5 24.42627 14 0.8289639265988225
30.6 24.68917 14 0.8354968824265504
30.7 24.9533 14 0.8420301755577065
30.8 25.21865 14 0.8485649755604248
30.9 25.48524 14 0.8551005508989598
31.0 25.75306 14 0.8616371448014271
31.1 26.0221 14 0.868175015752993
31.2 26.29238 14 0.8747132568684983
31.3 26.56388 14 0.8812523659028285
31.4 26.83661 14 0.887793506551834
31.5 27.11057 14 0.8943349596301373
31.6 27.38576 14 0.9008775080823113
31.7 27.66218 14 0.9074206783506494
31.8 27.93983 14 0.913964810169651
31.9 28.21871 14 0.9205101763732285
32.0 28.49882 14 0.9270561817822263
32.1 28.78015 14 0.9336031117433709
32.2 29.06272 14 0.9401511456734662
32.3 29.34651 14 0.9466998667124081
32.4 29.63153 14 0.9532496279340329
32.5 29.91778 14 0.9598000330772354
32.6 30.20527 14 0.9663513449285249
32.7 30.49398 14 0.9729035986201907
32.8 30.78392 14 0.9794566177259485
32.9 31.07508 14 0.9860105457390776
33.0 31.36748 14 0.992565287669849
33.1 31.66111 14 0.9991208340980492
33.2 31.78008 14 1.0
33.3 31.8719 14 1.0
33.4 31.96372 14 1.0
33.5 32.05554 14 1.0
33.6 32.14736 14 1.0
33.7 32.23918 14 1.0
33.8 32.331 14 1.0
33.9 32.42282 14 1.0
34.0 32.51464 14 1.0
34.1 32.60646 14 1.0
34.2 32.69828 14 1.0
34.3 32.7901 14 1.0
34.4 32.88192 14 1.0
34.5 32.97374 14 1.0
34.6 33.06556 14 1.0
34.7 33.15738 14 1.0
34.8 33.2492 14 1.0
34.9 33.34102 14 1.0
35.0 33.43284 14 1.0
35.1 33.51232 14 1.0
35.2 33.59181 14 1.0
35.3 33.6713 14 1.0
35.4 33.75078 14 1.0
35.5 33.83027 14 1.0
35.6 33.90976 14 1.0
35.7 33.98924 14 1.0
35.8 34.06873 14 1.0
35.9 34.14822 14 1.0
36.0 34.2277 14 1.0
36.1 34.30719 14 1.0
36.2 34.38668 14 1.0
36.3 34.46616 14 1.0
36.4 34.54565 14 1.0
36.5 34.62514 14 1.0
36.6 34.70462 14 1.0
36.7 34.78411 14 1.0
36.8 34.8636 14 1.0
36.9 34.94308 14 1.0
37.0 35.02257 14 1.0
37.1 35.10206 14 1.0
37.2 35.18154 14 1.0
37.3 35.26103 14 1.0
37.4 35.34052 14 1.0
37.5 35.42 14 1.0
37.6 35.49949 14 1.0
37.7 35.57897 14 1.0
37.8 35.65846 14 1.0
37.9 35.73795 14 1.0
38.0 35.81743 14 1.0
38.1 35.89692 14 1.0
38.2 35.97641 14 1.0
38.3 36.05589 14 1.0
38.4 36.13538 14 1.0
38.5 36.21487 14 1.0
38.6 36.29435 14 1.0
38.7 36.37384 14 1.0
38.8 36.45333 14 1.0
38.9 36.53281 14 1.0
39.0 36.6123 14 1.0
39.1 36.69179 14 1.0
39.2 36.77127 14 1.0
39.3 36.85076 14 1.0
39.4 36.93025 14 1.0
39.5 37.00973 14 1.0
39.6 37.08922 14 1.0
39.7 37.16871 14 1.0
39.8 37.24819 14 1.0
39.9 37.32768 14 1.0
40.0 37.40717 14 1.0
40.1 37.49187 14 1.0
40.2 37.57657 14 1.0
40.3 37.66128 14 1.0
40.4 37.74598 14 1.0
40.5 37.83069 14 1.0
40.6 37.91539 14 1.0
40.7 38.0001 14 1.0
40.8 38.0848 14 1.0
40.9 38.16951 14 1.0
41.0 38.25421 14 1.0
41.1 38.33891 14 1.0
41.2 38.42362 14 1.0
41.3 38.50832 14 1.0
41.4 38.59303 14 1.0
41.5 38.67773 14 1.0
41.6 38.76244 14 1.0
41.7 38.84714 14 1.0
41.8 38.93185 14 1.0
41.9 39.01655 14 1.0
42.0 39.10125 14 1.0
42.1 39.18596 14 1.0
42.2 39.27066 14 1.0
42.3 39.35537 14 1.0
42.4 39.44007 14 1.0
42.5 39.52478 14 1.0
42.6 39.60948 14 1.0
42.7 39.69419 14 1.0
42.8 39.77889 14 1.0
42.9 39.86359 14 1.0
43.0 39.9483 14 1.0
43.1 40.033 14 1.0
43.2 40.11771 14 1.0
43.3 40.20241 14 1.0
43.4 40.28712 14 1.0
43.5 40.37182 14 1.0
43.6 40.45653 14 1.0
43.7 40.54123 14 1.0
43.8 40.62593 14 1.0
43.9 40.71064 14 1.0
44.0 40.79534 14 1.0
44.1 40.88005 14 1.0
44.2 40.96475 14 1.0
44.3 41.04946 14 1.0
44.4 41.13416 14 1.0
44.5 41.21887 14 1.0
44.6 41.30357 14 1.0
44.7 41.38827 14 1.0
44.8 41.47298 14 1.0
44.9 41.55768 14 1.0
45.0 41.64239 14 1.0
45.1 41.72709 14 1.0
45.2 41.8118 14 1.0
45.3 41.8965 14 1.0
45.4 41.98121 14 1.0
45.5 42.06591 14 1.0
45.6 42.15061 14 1.0
45.7 42.23532 14 1.0
45.8 42.32002 14 1.0
45.9 42.40473 14 1.0
46.0 42.48943 14 1.0
46.1 42.57414 14 1.0
46.2 42.65884 14 1.0
46.3 42.74355 14 1.0
46.4 42.82825 14 1.0
46.5 42.91295 14 1.0
46.6 42.99766 14 1.0
46.7 43.08236 14 1.0
46.8 43.16707 14 1.0
46.9 43.25177 14 1.0
47.0 43.33648 14 1.0
47.1 43.42118 14 1.0
47.2 43.50589 14 1.0
47.3 43.59059 14 1.0
47.4 43.67529 14 1.0
47.5 43.76 14 1.0
47.6 43.8447 14 1.0
47.7 43.92941 14 1.0
47.8 44.01411 14 1.0
47.9 44.09882 14 1.0
48.0 44.18352 14 1.0
48.1 44.26823 14 1.0
48.2 44.35293 14 1.0
48.3 44.43763 14 1.0
48.4 44.52234 14 1.0
48.5 44.60704 14 1.0
48.6 44.69175 14 1.0
48.7 44.77645 14 1.0
48.8 44.86116 14 1.0
48.9 44.94586 14 1.0
49.0 45.03057 14 1.0
49.1 45.11527 14 1.0
49.2 45.19997 14 1.0
49.3 45.28468 14 1.0
49.4 45.36938 14 1.0
49.5 45.45409 14 1.0
49.6 45.53879 14 1.0
49.7 45.6235 14 1.0
49.8 45.7082 14 1.0
49.9 45.79291 14 1.0
50.0 45.87761 14 1.0
50.1 45.95248 14 1.0
50.2 46.02735 14 1.0
50.3 46.10221 14 1.0
50.4 46.17708 14 1.0
50.5 46.25195 14 1.0
50.6 46.32681 14 1.0
50.7 46.40168 14 1.0
50.8 46.47655 14 1.0
50.9 46.55142 14 1.0
51.0 46.62628 14 1.0
51.1 46.70115 14 1.0
51.2 46.77602 14 1.0
51.3 46.85089 14 1.0
51.4 46.92575 14 1.0
51.5 47.00062 14 1.0
51.6 47.07549 14 1.0
51.7 47.15035 14 1.0
51.8 47.22522 14 1.0
51.9 47.30009 14 1.0
52.0 47.37496 14 1.0
52.1 47.44982 14 1.0
52.2 47.52469 14 1.0
52.3 47.59956 14 1.0
52.4 47.67443 14 1.0
52.5 47.74929 14 1.0
52.6 47.82416 14 1.0
52.7 47.89903 14 1.0
52.8 47.9739 14 1.0
52.9 48.04876 14 1.0
53.0 48.12363 14 1.0
53.1 48.1985 14 1.0
53.2 48.27336 14 1.0
53.3 48.34823 14 1.0
53.4 48.4231 14 1.0
53.5 48.49797 14 1.0
53.6 48.57283 14 1.0
53.7 48.6477 14 1.0
53.8 48.72257 14 1.0
53.9 48.79744 14 1.0
54.0 48.8723 14 1.0
54.1 48.94717 14 1.0
54.2 49.02204 14 1.0
54.3 49.0969 14 1.0
54.4 49.17177 14 1.0
54.5 49.24664 14 1.0
54.6 49.32151 14 1.0
54.7 49.39637 14 1.0
54.8 49.47124 14 1.0
54.9 49.54611 14 1.0
55.0 49.62098 14 1.0
55.1 49.69584 14 1.0
55.2 49.77071 14 1.0
55.3 49.84558 14 1.0
55.4 49.92045 14 1.0
55.5 49.99531 14 1.0
55.6 50.07018 14 1.0
55.7 50.14505 14 1.0
55.8 50.21991 14 1.0
55.9 50.29478 14 1.0
56.0 50.36965 14 1.0
56.1 50.44452 14 1.0
56.2 50.51938 14 1.0
56.3 50.59425 14 1.0
56.4 50.66912 14 1.0
56.5 50.74399 14 1.0
56.6 50.81885 14 1.0
56.7 50.89372 14 1.0
56.8 50.96859 14 1.0
56.9 51.04346 14 1.0
57.0 51.11832 14 1.0
57.1 51.19319 14 1.0
57.2 51.26806 14 1.0
57.3 51.34292 14 1.0
57.4 51.41779 14 1.0
57.5 51.49266 14 1.0
57.6 51.56753 14 1.0
57.7 51.64239 14 1.0
57.8 51.71726 14 1.0
57.9 51.79213 14 1.0
58.0 51.867 14 1.0
58.1 51.94186 14 1.0
58.2 52.01673 14 1.0
58.3 52.0916 14 1.0
58.4 52.16646 14 1.0
58.5 52.24133 14 1.0
58.6 52.3162 14 1.0
58.7 52.39107 14 1.0
58.8 52.46593 14 1.0
58.9 52.5408 14 1.0
59.0 52.61567 14 1.0
59.1 52.69054 14 1.0
59.2 52.7654 14 1.0
59.3 52.84027 14 1.0
59.4 52.91514 14 1.0
59.5 52.99001 14 1.0
59.6 53.06487 14 1.0
59.7 53.13974 14 1.0
59.8 53.21461 14 1.0
59.9 53.28947 14 1.0
60.0 53.36434 14 1.0
60.1 53.43387 14 1.0
60.2 53.50339 14 1.0
60.3 53.57291 14 1.0
60.4 53.64244 14 1.0
60.5 53.71196 14 1.0
60.6 53.78148 14 1.0
60.7 53.85101 14 1.0
60.8 53.92053 14 1.0
60.9 53.99005 14 1.0
61.0 54.05958 14 1.0
61.1 54.1291 14 1.0
61.2 54.19862 14 1.0
61.3 54.26815 14 1.0
61.4 54.33767 14 1.0
61.5 54.4072 14 1.0
61.6 54.47672 14 1.0
61.7 54.54624 14 1.0
61.8 54.61577 14 1.0
61.9 54.68529 14 1.0
62.0 54.75481 14 1.0
62.1 54.82434 14 1.0
62.2 54.89386 14 1.0
62.3 54.96338 14 1.0
62.4 55.03291 14 1.0
62.5 55.10243 14 1.0
62.6 55.17196 14 1.0
62.7 55.24148 14 1.0
62.8 55.311 14 1.0
62.9 55.38053 14 1.0
63.0 55.45005 14 1.0
63.1 55.42908 14 1.0
63.2 55.16476 14 1.0
63.3 54.89988 14 1.0
63.4 54.63446 14 1.0
63.5 54.36848 14 1.0
63.6 54.10194 14 1.0
63.7 53.83486 14 1.0
63.8 53.56722 14 1.0
63.9 53.29902 14 1.0
64.0 53.03028 14 1.0
64.1 52.76098 14 1.0
64.2 52.49113 14 1.0
64.3 52.22073 14 1.0
64.4 51.94978 14 1.0
64.5 51.67827 14 1.0
64.6 51.40621 14 1.0
64.7 51.1336 14 1.0
64.8 50.86043 14 1.0
64.9 50.58671 14 1.0
65.0 50.31244 14 1.0
65.1 50.03762 14 1.0
65.2 49.76224 14 1.0
65.3 49.48631 14 1.0
65.4 49.20983 14 1.0
65.5 48.93279 14 1.0
65.6 48.65521 14 1.0
65.7 48.37707 14 1.0
65.8 48.09837 14 1.0
65.9 47.81913 14 1.0
66.0 47.53933 14 1.0
66.1 47.25898 14 1.0
66.2 46.97808 14 1.0
66.3 46.69662 14 1.0
66.4 46.41461 14 1.0
66.5 46.13205 14 1.0
66.6 45.84893 14 1.0
66.7 45.56527 14 1.0
66.8 45.28105 14 1.0
66.9 44.99628 14 1.0
67.0 44.71095 14 1.0
67.1 44.42507 14 1.0
67.2 44.13864 14 1.0
67.3 43.85166 14 1.0
67.4 43.56412 14 1.0
67.5 43.27604 14 1.0
67.6 42.98739 14 1.0
67.7 42.6982 14 1.0
67.8 42.40845 14 1.0
67.9 42.11815 14 1.0
68.0 41.8273 14 1.0
68.1 41.5359 14 1.0
68.2 41.24394 14 1.0
68.3 40.95143 14 1.0
68.4 40.65837 14 1.0
68.5 40.36475 14 1.0
68.6 40.07058 14 1.0
68.7 39.77586 14 1.0
68.8 39.48059 14 1.0
68.9 39.18476 14 1.0
69.0 38.88839 14 1.0
69.1 38.59145 14 1.0
69.2 38.29397 14 1.0
69.3 37.99593 14 1.0
69.4 37.69734 14 1.0
69.5 37.3982 14 1.0
69.6 37.09851 14 1.0
69.7 36.79826 14 1.0
69.8 36.49746 14 1.0
69.9 36.19611 14 1.0
70.0 35.8942 14 1.0
70.1 35.64984 14 1.0
70.2 35.40522 14 1.0
70.3 35.16032 14 1.0
70.4 34.91515 14 1.0
70.5 34.66971 14 1.0
70.6 34.424 14 1.0
70.7 34.17801 14 1.0
70.8 33.93176 14 1.0
70.9 33.68523 14 1.0
71.0 33.43843 14 1.0
71.1 33.19136 14 1.0
71.2 32.94401 14 1.0
71.3 32.6964 14 1.0
71.4 32.44851 14 1.0
71.5 32.20035 14 1.0
71.6 31.95192 14 1.0
71.7 31.70322 14 1.0
71.8 31.45425 14 1.0
71.9 31.205 14 1.0
72.0 30.95549 14 1.0
72.1 30.7057 14 1.0
72.2 30.48667 14 1.0
72.3 30.52273 14 1.0
72.4 30.55879 14 1.0
72.5 30.59485 14 1.0
72.6 30.63092 14 1.0
72.7 30.66698 14 1.0
72.8 30.70304 14 1.0
72.9 30.7391 14 1.0
73.0 30.77516 14 1.0
73.1 30.81122 14 1.0
73.2 30.84728 14 1.0
73.3 30.88334 14 1.0
73.4 30.9194 14 1.0
73.5 30.95546 14 1.0
73.6 30.99152 14 1.0
73.7 31.02758 14 1.0
73.8 31.06364 14 1.0
73.9 31.0997 14 1.0
74.0 31.13577 14 1.0
74.1 31.17183 14 1.0
74.2 31.20789 14 1.0
74.3 31.24395 14 1.0
74.4 31.28001 14 1.0
74.5 31.31607 14 1.0
74.6 31.35213 14 1.0
74.7 31.38819 14 1.0
74.8 31.42425 14 1.0
74.9 31.46031 14 1.0
75.0 31.49637 14 1.0
75.1 31.53243 14 1.0
75.2 31.56849 14 1.0
75.3 31.60456 14 1.0
75.4 31.64062 14 1.0
75.5 31.67668 14 1.0
75.6 31.71274 14 1.0
75.7 31.7488 14 1.0
75.8 31.78486 14 1.0
75.9 31.82092 14 1.0
76.0 31.85698 14 1.0
76.1 31.89304 14 1.0
76.2 31.9291 14 1.0
76.3 31.96516 14 1.0
76.4 32.00122 14 1.0
76.5 32.03728 14 1.0
76.6 32.07335 14 1.0
76.7 32.10941 14 1.0
76.8 32.14547 14 1.0
76.9 32.18153 14 1.0
77.0 32.21759 14 1.0
77.1 32.25365 14 1.0
77.2 32.28971 14 1.0
77.3 32.32577 14 1.0
77.4 32.36183 14 1.0
77.5 32.39789 14 1.0
77.6 32.43395 14 1.0
77.7 32.47001 14 1.0
77.8 32.50607 14 1.0
77.9 32.54214 14 1.0
78.0 32.5782 14 1.0
78.1 32.61426 14 1.0
78.2 32.65032 14 1.0
78.3 32.68638 14 1.0
78.4 32.72244 14 1.0
78.5 32.7585 14 1.0
78.6 32.79456 14 1.0
78.7 32.83062 14 1.0
78.8 32.86668 14 1.0
78.9 32.90274 14 1.0
79.0 32.9388 14 1.0
79.1 32.97486 14 1.0
79.2 33.01093 14 1.0
79.3 33.04699 14 1.0
79.4 33.08305 14 1.0
79.5 33.11911 14 1.0
79.6 33.15517 14 1.0
79.7 33.19123 14 1.0
79.8 33.22729 14 1.0
79.9 33.26335 14 1.0
80.0 33.29941 14 1.0
80.1 33.27564 14 1.0
80.2 33.25187 14 1.0
80.3 33.2281 14 1.0
80.4 33.20433 14 1.0
80.5 33.18057 14 1.0
80.6 33.1568 14 1.0
80.7 33.13303 14 1.0
80.8 33.10926 14 1.0
80.9 33.08549 14 1.0
81.0 33.06172 14 1.0
81.1 33.03795 14 1.0
81.2 33.01418 14 1.0
81.3 32.99041 14 1.0
81.4 32.96664 14 1.0
81.5 32.94287 14 1.0
81.6 32.91911 14 1.0
81.7 32.89534 14 1.0
81.8 32.87157 14 1.0
81.9 32.8478 14 1.0
82.0 32.82403 14 1.0
82.1 32.80026 14 1.0
82.2 32.77649 14 1.0
82.3 32.75272 14 1.0
82.4 32.72895 14 1.0
82.5 32.70518 14 1.0
82.6 32.68141 14 1.0
82.7 32.65765 14 1.0
82.8 32.63388 14 1.0
82.9 32.61011 14 1.0
83.0 32.58634 14 1.0
83.1 32.56257 14 1.0
83.2 32.5388 14 1.0
83.3 32.51503 14 1.0
83.4 32.49126 14 1.0
83.5 32.46749 14 1.0
83.6 32.44372 14 1.0
83.7 32.41995 14 1.0
83.8 32.39618 14 1.0
83.9 32.37242 14 1.0
84.0 32.34865 14 1.0
84.1 32.32488 14 1.0
84.2 32.30111 14 1.0
84.3 32.27734 14 1.0
84.4 32.25357 14 1.0
84.5 32.2298 14 1.0
84.6 32.20603 14 1.0
84.7 32.18226 14 1.0
84.8 32.15849 14 1.0
84.9 32.13472 14 1.0
85.0 32.11096 14 1.0
85.1 32.08719 14 1.0
85.2 32.06342 14 1.0
85.3 32.03965 14 1.0
85.4 32.01588 14 1.0
85.5 31.99211 14 1.0
85.6 31.96834 14 1.0
85.7 31.94457 14 1.0
85.8 31.9208 14 1.0
85.9 31.89703 14 1.0
86.0 31.87326 14 1.0
86.1 31.8495 14 1.0
86.2 31.82573 14 1.0
86.3 31.80196 14 1.0
86.4 31.77819 14 1.0
86.5 31.75442 14 1.0
86.6 31.73065 14 1.0
86.7 31.70688 14 1.0
86.8 31.68311 14 1.0
86.9 31.65934 14 1.0
87.0 31.63557 14 1.0
87.1 31.6118 14 1.0
87.2 31.58803 14 1.0
87.3 31.56427 14 1.0
87.4 31.5405 14 1.0
87.5 31.51673 14 1.0
87.6 31.49296 14 1.0
87.7 31.46919 14 1.0
87.8 31.44542 14 1.0
87.9 31.42165 14 1.0
88.0 31.39788 14 1.0
88.1 31.37411 14 1.0
88.2 31.68064 14 1.0
88.3 32.00631 14 1.0
88.4 32.33348 14 1.0
88.5 32.66217 14 1.0
88.6 32.99237 14 1.0
88.7 33.32407 14 1.0
88.8 33.65729 14 1.0
88.9 33.99201 14 1.0
89.0 34.32825 14 1.0
89.1 34.66599 14 1.0
89.2 35.00525 14 1.0
89.3 35.34601 14 1.0
89.4 35.68829 14 1.0
89.5 36.03207 14 1.0
89.6 36.37736 14 1.0
89.7 36.72417 14 1.0
89.8 37.07248 14 1.0
89.9 37.4223 14 1.0
90.0 37.77364 14 1.0
90.1 37.31148 14 1.0
90.2 36.84993 14 1.0
90.3 36.38901 14 1.0
90.4 35.92871 14 1.0
90.5 35.46902 14 1.0
90.6 35.00995 14 1.0
90.7 34.5515 14 1.0
90.8 34.09367 14 1.0
90.9 33.63646 14 1.0
91.0 33.17986 14 1.0
91.1 32.72389 14 1.0
91.2 32.26853 14 1.0
91.3 31.81379 14 1.0
91.4 31.52787 14 1.0
91.5 31.57111 14 1.0
91.6 31.61436 14 1.0
91.7 31.6576 14 1.0
91.8 31.70084 14 1.0
91.9 31.74408 14 1.0
92.0 31.78732 14 1.0
92.1 31.83056 14 1.0
92.2 31.8738 14 1.0
92.3 31.91704 14 1.0
92.4 31.96028 14 1.0
92.5 32.00352 14 1.0
92.6 32.04677 14 1.0
92.7 32.09001 14 1.0
92.8 32.13325 14 1.0
92.9 32.17649 14 1.0
93.0 32.21973 14 1.0
93.1 32.26297 14 1.0
93.2 32.30621 14 1.0
93.3 32.34945 14 1.0
93.4 32.39269 14 1.0
93.5 32.43593 14 1.0
93.6 32.47918 14 1.0
93.7 32.52242 14 1.0
93.8 32.56566 14 1.0
93.9 32.6089 14 1.0
94.0 32.65214 14 1.0
94.1 32.69538 14 1.0
94.2 32.73862 14 1.0
94.3 32.78186 14 1.0
94.4 32.8251 14 1.0
94.5 32.86834 14 1.0
94.6 32.91159 14 1.0
94.7 32.95483 14 1.0
94.8 32.99807 14 1.0
94.9 33.04131 14 1.0
95.0 33.08455 14 1.0
95.1 33.12779 14 1.0
95.2 33.17103 14 1.0
95.3 33.21427 14 1.0
95.4 33.25751 14 1.0
95.5 33.30075 14 1.0
95.6 33.344 14 1.0
95.7 33.38724 14 1.0
95.8 33.43048 14 1.0
95.9 33.47372 14 1.0
96.0 33.51696 14 1.0
96.1 33.5602 14 1.0
96.2 33.60344 14 1.0
96.3 33.64668 14 1.0
96.4 33.68992 14 1.0
96.5 33.73316 14 1.0
96.6 33.77641 14 1.0
96.7 33.81965 14 1.0
96.8 33.86289 14 1.0
96.9 33.90613 14 1.0
97.0 33.94937 14 1.0
97.1 33.99261 14 1.0
97.2 34.03585 14 1.0
97.3 34.07909 14 1.0
97.4 34.12233 14 1.0
97.5 34.16557 14 1.0
97.6 34.20882 14 1.0
97.7 34.25206 14 1.0
97.8 34.2953 14 1.0
97.9 34.33854 14 1.0
98.0 34.38178 14 1.0
98.1 34.42502 14 1.0
98.2 34.46826 14 1.0
98.3 34.5115 14 1.0
98.4 34.55474 14 1.0
98.5 34.59798 14 1.0
98.6 34.64123 14 1.0
98.7 34.68447 14 1.0
98.8 34.72771 14 1.0
98.9 34.77095 14 1.0
99.0 34.81419 14 1.0
99.1 34.85743 14 1.0
99.2 34.90067 14 1.0
99.3 34.94391 14 1.0
99.4 34.98715 14 1.0
99.5 35.03039 14 1.0
99.6 35.07364 14 1.0
99.7 35.11688 14 1.0
99.8 35.16012 14 1.0
99.9 35.20336 14 1.0
100.0 35.2466 14 1.0
100.1 35.29179 14 1.0
100.2 35.33698 14 1.0
100.3 35.38217 14 1.0
100.4 35.42736 14 1.0
100.5 35.47255 14 1.0
100.6 35.51774 14 1.0
100.7 35.56292 14 1.0
100.8 35.60811 14 1.0
100.9 35.6533 14 1.0
101.0 35.69849 14 1.0
101.1 35.74368 14 1.0
101.2 35.78887 14 1.0
101.3 35.83406 14 1.0
101.4 35.87925 14 1.0
101.5 35.92444 14 1.0
101.6 35.96963 14 1.0
101.7 36.01482 14 1.0
101.8 36.06001 14 1.0
101.9 36.1052 14 1.0
102.0 36.15039 14 1.0
102.1 36.19557 14 1.0
102.2 36.24076 14 1.0
102.3 36.28595 14 1.0
102.4 36.33114 14 1.0
102.5 36.37633 14 1.0
102.6 36.42152 14 1.0
102.7 36.46671 14 1.0
102.8 36.5119 14 1.0
102.9 36.55709 14 1.0
103.0 36.60228 14 1.0
103.1 36.64747 14 1.0
103.2 36.69266 14 1.0
103.3 36.73785 14 1.0
103.4 36.78304 14 1.0
103.5 36.82823 14 1.0
103.6 36.87341 14 1.0
103.7 36.9186 14 1.0
103.8 36.96379 14 1.0
103.9 37.00898 14 1.0
104.0 37.05417 14 1.0
104.1 37.09936 14 1.0
104.2 37.14455 14 1.0
104.3 37.18974 14 1.0
104.4 37.23493 14 1.0
104.5 37.28012 14 1.0
104.6 37.32531 14 1.0
104.7 37.3705 14 1.0
104.8 37.41569 14 1.0
104.9 37.46088 14 1.0
105.0 37.50607 14 1.0
105.1 37.55125 14 1.0
105.2 37.59644 14 1.0
105.3 37.64163 14 1.0
105.4 37.68682 14 1.0
105.5 37.73201 14 1.0
105.6 37.7772 14 1.0
105.7 37.82239 14 1.0
105.8 37.86758 14 1.0
105.9 37.91277 14 1.0
106.0 37.95796 14 1.0
106.1 38.00315 14 1.0
106.2 38.04834 14 1.0
106.3 38.09353 14 1.0
106.4 38.13872 14 1.0
106.5 38.1839 14 1.0
106.6 38.22909 14 1.0
106.7 38.27428 14 1.0
106.8 38.31947 14 1.0
106.9 38.36466 14 1.0
107.0 38.40985 14 1.0
107.1 38.45504 14 1.0
107.2 38.50023 14 1.0
107.3 38.54542 14 1.0
107.4 38.59061 14 1.0
107.5 38.6358 14 1.0
107.6 38.68099 14 1.0
107.7 38.72618 14 1.0
107.8 38.77137 14 1.0
107.9 38.81656 14 1.0
108.0 38.86174 14 1.0
108.1 38.90693 14 1.0
108.2 38.95212 14 1.0
108.3 38.99731 14 1.0
108.4 39.0425 14 1.0
108.5 39.08769 14 1.0
108.6 39.13288 14 1.0
108.7 39.17807 14 1.0
108.8 39.22326 14 1.0
108.9 39.26845 14 1.0
109.0 39.31364 14 1.0
109.1 39.35883 14 1.0
109.2 39.40402 14 1.0
109.3 39.44921 14 1.0
109.4 39.4944 14 1.0
109.5 39.53958 14 1.0
109.6 39.58477 14 1.0
109.7 39.62996 14 1.0
109.8 39.67515 14 1.0
109.9 39.72034 14 1.0
110.0 39.76553 14 1.0
110.1 39.81111 14 1.0
110.2 39.85668 14 1.0
110.3 39.90226 14 1.0
110.4 39.94784 14 1.0
110.5 39.99342 14 1.0
110.6 40.03899 14 1.0
110.7 40.08457 14 1.0
110.8 40.13015 14 1.0
110.9 40.17572 14 1.0
111.0 40.2213 14 1.0
111.1 40.26688 14 1.0
111.2 40.31245 14 1.0
111.3 40.35803 14 1.0
111.4 40.40361 14 1.0
111.5 40.44918 14 1.0
111.6 40.49476 14 1.0
111.7 40.54034 14 1.0
111.8 40.58592 14 1.0
111.9 40.63149 14 1.0
112.0 40.67707 14 1.0
112.1 40.72265 14 1.0
112.2 40.76822 14 1.0
112.3 40.8138 14 1.0
112.4 40.85938 14 1.0
112.5 40.90495 14 1.0
112.6 40.95053 14 1.0
112.7 40.99611 14 1.0
112.8 41.04168 14 1.0
112.9 41.08726 14 1.0
113.0 41.13284 14 1.0
113.1 41.17842 14 1.0
113.2 41.22399 14 1.0
113.3 41.26957 14 1.0
113.4 41.31515 14 1.0
113.5 41.36072 14 1.0
113.6 41.4063 14 1.0
113.7 41.45188 14 1.0
113.8 41.49745 14 1.0
113.9 41.54303 14 1.0
114.0 41.58861 14 1.0
114.1 41.63418 14 1.0
114.2 41.67976 14 1.0
114.3 41.72534 14 1.0
114.4 41.77091 14 1.0
114.5 41.81649 14 1.0
114.6 41.86207 14 1.0
114.7 41.90765 14 1.0
114.8 41.95322 14 1.0
114.9 41.9988 14 1.0
115.0 42.04438 14 1.0
115.1 42.08995 14 1.0
115.2 42.13553 14 1.0
115.3 42.18111 14 1.0
115.4 42.22668 14 1.0
115.5 42.27226 14 1.0
115.6 42.31784 14 1.0
115.7 42.36341 14 1.0
115.8 42.40899 14 1.0
115.9 42.45457 14 1.0
116.0 42.50015 14 1.0
116.1 42.54572 14 1.0
116.2 42.5913 14 1.0
116.3 42.63688 14 1.0
116.4 42.68245 14 1.0
116.5 42.72803 14 1.0
116.6 42.77361 14 1.0
116.7 42.81918 14 1.0
116.8 42.86476 14 1.0
116.9 42.91034 14 1.0
117.0 42.95591 14 1.0
117.1 43.00149 14 1.0
117.2 43.04707 14 1.0
117.3 43.09265 14 1.0
117.4 43.13822 14 1.0
117.5 43.1838 14 1.0
117.6 43.22938 14 1.0
117.7 43.27495 14 1.0
117.8 43.32053 14 1.0
117.9 43.36611 14 1.0
118.0 43.41168 14 1.0
118.1 43.45726 14 1.0
118.2 43.50284 14 1.0
118.3 43.54841 14 1.0
118.4 43.59399 14 1.0
118.5 43.63957 14 1.0
118.6 43.68515 14 1.0
118.7 43.73072 14 1.0
118.8 43.7763 14 1.0
118.9 43.82188 14 1.0
119.0 43.86745 14 1.0
119.1 43.91303 14 1.0
119.2 43.95861 14 1.0
119.3 44.00418 14 1.0
119.4 44.04976 14 1.0
119.5 44.09534 14 1.0
119.6 44.14091 14 1.0
119.7 44.18649 14 1.0
119.8 44.23207 14 1.0
119.9 44.27764 14 1.0
120.0 44.32322 14 1.0
120.1 44.36985 14 1.0
120.2 44.41648 14 1.0
120.3 44.46311 14 1.0
120.4 44.50974 14 1.0
120.5 44.55636 14 1.0
120.6 44.60299 14 1.0
120.7 44.64962 14 1.0
120.8 44.69625 14 1.0
120.9 44.74288 14 1.0
121.0 44.78951 14 1.0
121.1 44.83613 14 1.0
121.2 44.88276 14 1.0
121.3 44.92939 14 1.0
121.4 44.97602 14 1.0
121.5 45.02265 14 1.0
121.6 45.06928 14 1.0
121.7 45.1159 14 1.0
121.8 45.16253 14 1.0
121.9 45.20916 14 1.0
122.0 45.25579 14 1.0
122.1 45.30242 14 1.0
122.2 45.34905 14 1.0
122.3 45.39568 14 1.0
122.4 45.4423 14 1.0
122.4 45.48893 14 1.0
122.6 45.53556 14 1.0
122.6 45.58219 14 1.0
122.7 45.62882 14 1.0
122.8 45.67545 14 1.0
122.9 45.72207 14 1.0
123.0 45.7687 14 1.0
123.1 45.81533 14 1.0
123.2 45.86196 14 1.0
123.3 45.90859 14 1.0
123.4 45.95522 14 1.0
123.5 46.00184 14 1.0
123.6 46.04847 14 1.0
123.7 46.0951 14 1.0
123.8 46.14173 14 1.0
123.9 46.18836 14 1.0
124.0 46.23499 14 1.0
124.1 46.28161 14 1.0
124.2 46.32824 14 1.0
124.3 46.37487 14 1.0
124.4 46.4215 14 1.0
124.5 46.46813 14 1.0
124.6 46.51476 14 1.0
124.7 46.56139 14 1.0
124.8 46.60801 14 1.0
124.9 46.65464 14 1.0
125.0 46.70127 14 1.0
125.1 46.7479 14 1.0
125.2 46.79453 14 1.0
125.3 46.84116 14 1.0
125.4 46.88778 14 1.0
125.5 46.93441 14 1.0
125.6 46.98104 14 1.0
125.7 47.02767 14 1.0
125.8 47.0743 14 1.0
125.9 47.12093 14 1.0
126.0 47.16755 14 1.0
126.1 47.21418 14 1.0
126.2 47.26081 14 1.0
126.3 47.30744 14 1.0
126.4 47.35407 14 1.0
126.5 47.4007 14 1.0
126.6 47.44732 14 1.0
126.7 47.49395 14 1.0
126.8 47.54058 14 1.0
126.9 47.58721 14 1.0
127.0 47.63384 14 1.0
127.1 47.68047 14 1.0
127.2 47.7271 14 1.0
127.3 47.77372 14 1.0
127.4 47.82035 14 1.0
127.5 47.86698 14 1.0
127.6 47.91361 14 1.0
127.7 47.96024 14 1.0
127.8 48.00687 14 1.0
127.9 48.05349 14 1.0
128.0 48.10012 14 1.0
128.1 48.14675 14 1.0
128.2 48.19338 14 1.0
128.3 48.24001 14 1.0
128.4 48.28664 14 1.0
128.5 48.33326 14 1.0
128.6 48.37989 14 1.0
128.7 48.42652 14 1.0
128.8 48.47315 14 1.0
128.9 48.51978 14 1.0
129.0 48.56641 14 1.0
129.1 48.61303 14 1.0
129.2 48.65966 14 1.0
129.3 48.70629 14 1.0
129.4 48.75292 14 1.0
129.5 48.79955 14 1.0
129.6 48.84618 14 1.0
129.7 48.89281 14 1.0
129.8 48.93943 14 1.0
129.9 48.98606 14 1.0
130.0 49.02926 14 1.0
130.1 49.07247 14 1.0
130.2 49.11567 14 1.0
130.3 49.15887 14 1.0
130.4 49.20207 14 1.0
130.5 49.24527 14 1.0
130.6 49.28848 14 1.0
130.7 49.33168 14 1.0
130.8 49.37488 14 1.0
130.9 49.41808 14 1.0
131.0 49.46128 14 1.0
131.1 49.50448 14 1.0
131.2 49.54769 14 1.0
131.3 49.59089 14 1.0
131.4 49.63409 14 1.0
131.5 49.67729 14 1.0
131.6 49.12697 14 1.0
131.7 48.52832 14 1.0
131.8 47.92855 14 1.0
131.9 47.32769 14 1.0
132.0 46.72572 14 1.0
132.1 46.12266 14 1.0
132.2 45.51848 14 1.0
132.3 44.91321 14 1.0
132.4 44.30684 14 1.0
132.5 43.69936 14 1.0
132.6 43.09078 14 1.0
132.7 42.48109 14 1.0
132.8 41.87031 14 1.0
132.9 41.25842 14 1.0
133.0 40.64543 14 1.0
133.1 40.03133 14 1.0
133.2 39.41614 14 1.0
133.3 38.79984 14 1.0
133.4 38.18244 14 1.0
133.5 37.56393 14 1.0
133.6 36.94433 14 1.0
133.7 36.32362 14 1.0
133.8 35.70181 14 1.0
133.9 35.07889 14 1.0
134.0 34.45488 14 1.0
134.1 33.82976 14 1.0
134.2 33.20354 14 1.0
134.3 32.57622 14 1.0
134.4 31.94779 14 1.0
134.5 31.31826 14 1.0
134.6 30.68763 14 1.0
134.7 30.0559 14 1.0
134.8 29.42306 14 1.0
134.9 28.78912 14 1.0
135.0 28.15408 14 1.0
135.1 27.51794 14 1.0
135.2 26.88069 14 1.0
135.3 26.24235 14 1.0
135.4 25.60289 14 1.0
135.5 24.96234 14 1.0
135.6 24.32069 14 1.0
135.7 23.67793 14 1.0
135.8 23.03407 14 1.0
135.9 22.3891 14 1.0
136.0 21.74304 14 1.0
136.1 21.09587 14 1.0
136.2 20.4476 14 1.0
136.3 19.79823 14 1.0
136.4 19.14775 14 1.0
136.5 18.49617 14 1.0
136.6 17.84349 14 1.0
136.7 17.18971 14 1.0
136.8 16.53482 14 1.0
136.9 15.87883 14 1.0
137.0 15.22174 14 1.0
137.1 14.56355 14 1.0
137.2 13.90426 14 1.0
137.3 13.24386 14 1.0
137.4 12.58236 14 1.0
137.5 11.91975 14 1.0
137.6 11.25605 14 1.0
137.7 10.59124 14 1.0
137.8 9.92533 14 1.0
137.9 9.258318 14 1.0
138.0 8.590202 14 1.0
138.1 7.920984 14 1.0
138.2 7.250664 14 1.0
138.3 6.579241 14 1.0
138.4 5.906716 14 1.0
138.5 5.233088 14 1.0
138.6 4.558357 14 1.0
138.7 0.0 15 0.0
138.8 0.0 15 0.0
138.9 0.0 15 0.0
139.0 0.0 15 0.0
139.1 0.0 15 0.0
139.2 0.0 15 0.0
139.3 0.0 15 0.0
139.4 0.0 15 0.0
139.5 0.0 15 0.0
139.6 0.0 15 0.0
139.7 0.0 15 0.0
139.8 0.0 15 0.0
139.9 0.0 15 0.0
140.0 0.0 15 0.0
140.1 0.0 15 0.0
140.2 0.0 15 0.0
140.3 0.0 15 0.0
140.4 0.0 15 0.0
140.5 0.0 15 0.0
140.6 0.0 15 0.0
140.7 0.0 15 0.0
140.8 0.0 15 0.0
140.9 0.0 15 0.0
141.0 0.0 15 0.0
141.1 0.0 15 0.0
141.2 0.0 15 0.0
141.3 0.0 15 0.0
141.4 0.0 15 0.0
141.5 0.0 15 0.0
141.6 0.0 15 0.0
141.7 0.0 15 0.0
141.8 0.0 15 0.0
141.9 0.0 15 0.0
142.0 0.0 15 0.0
142.1 0.0 15 0.0
142.2 0.0 15 0.0
142.3 0.0 15 0.0
142.4 0.0 15 0.0
142.5 0.0 15 0.0
142.6 0.0 15 0.0
142.7 0.0 15 0.0
142.8 0.0 15 0.0
142.9 0.0 15 0.0
143.0 0.0 15 0.0
143.1 0.0 15 0.0
143.2 0.0 15 0.0
143.3 0.0 15 0.0
143.4 0.0 15 0.0
143.5 0.0 15 0.0
143.6 0.0 15 0.0
143.7 0.0 15 0.0
143.8 0.0 15 0.0
143.9 0.0 15 0.0
144.0 0.0 15 0.0
144.1 0.0 15 0.0
144.2 0.0 15 0.0
144.3 0.0 15 0.0
144.4 0.0 15 0.0
144.5 0.0 15 0.0
144.6 0.0 15 0.0
144.7 0.0 15 0.0
144.8 0.0 15 0.0
144.9 0.0 15 0.0
145.0 0.0 15 0.0
145.1 0.0 15 0.0
145.2 0.0 15 0.0
145.3 0.0 15 0.0
145.4 0.0 15 0.0
145.5 0.0 15 0.0
145.6 0.0 15 0.0
145.7 0.0 15 0.0
145.8 0.0 15 0.0
145.9 0.0 15 0.0
146.0 0.0 15 0.0
146.1 0.0 15 0.0
146.2 0.0 15 0.0
146.3 0.0 15 0.0
146.4 0.0 15 0.0
146.5 0.0 15 0.0
146.6 0.0 15 0.0
146.7 0.0 15 0.0
146.8 0.0 15 0.0
146.9 0.0 15 0.0
147.0 0.0 15 0.0
147.1 0.0 15 0.0
147.2 0.0 15 0.0
147.3 0.0 15 0.0
147.4 0.0 15 0.0
147.5 0.0 15 0.0
147.6 0.0 15 0.0
147.7 0.0 15 0.0
147.8 0.0 15 0.0
147.9 0.0 15 0.0
148.0 0.0 15 0.0
148.1 0.0 15 0.0
148.2 0.0 15 0.0
148.3 0.0 15 0.0
148.4 0.0 15 0.0
148.5 0.0 15 0.0
148.6 0.0 15 0.0
148.7 0.0 15 0.0
148.8 0.0 15 0.0
148.9 0.0 15 0.0
149.0 0.0 15 0.0
149.1 0.0 15 0.0
149.2 0.0 15 0.0
149.3 0.0 15 0.0
149.4 0.0 15 0.0
149.5 0.0 15 0.0
149.6 0.0 15 0.0
149.7 0.0 15 0.0
149.8 0.0 15 0.0
149.9 0.0 15 0.0
150.0 0.0 15 0.0
150.1 0.0 15 0.0
150.2 0.0 15 0.0
150.3 0.0 15 0.0
150.4 0.0 15 0.0
150.5 0.0 15 0.0
150.6 0.0 15 0.0
150.7 0.0 15 0.0
150.8 0.0 15 0.0
150.9 0.0 15 0.0
151.0 0.0 15 0.0
151.1 0.0 15 0.0
151.2 0.0 15 0.0
151.3 0.0 15 0.0
151.4 0.0 15 0.0
151.5 0.0 15 0.0
151.6 0.0 15 0.0
151.7 0.0 15 0.0
151.8 0.0 15 0.0
151.9 0.0 15 0.0
152.0 0.0 15 0.0
152.1 0.0 15 0.0
152.2 0.0 15 0.0
152.3 0.0 15 0.0
152.4 0.0 15 0.0
152.5 0.0 15 0.0
152.6 0.0 15 0.0
152.7 0.0 15 0.0
152.8 0.0 15 0.0
152.9 0.0 15 0.0
153.0 0.0 15 0.0
153.1 0.0 15 0.0
153.2 0.0 15 0.0
153.3 0.0 15 0.0
153.4 0.0 15 0.0
153.5 0.0 15 0.0
153.6 0.0 15 0.0
153.7 0.0 15 0.0
153.8 0.0 15 0.0
153.9 0.0 15 0.0
154.0 0.0 15 0.0
154.1 0.0 15 0.0
154.2 0.0 15 0.0
154.3 0.0 15 0.0
154.4 0.0 15 0.0
154.5 0.0 15 0.0
154.6 0.0 15 0.0
154.7 0.0 15 0.0
154.8 0.0 15 0.0
154.9 0.0 15 0.0
155.0 0.0 15 0.0
155.1 0.0 15 0.0
155.2 0.0 15 0.0
155.3 0.0 15 0.0
155.4 0.0 15 0.0
155.5 0.0 15 0.0
155.6 0.0 15 0.0
155.7 0.0 15 0.0
155.8 0.0 15 0.0
155.9 0.0 15 0.0
156.0 0.0 15 0.0
156.1 0.0 15 0.0
156.2 0.0 15 0.0
156.3 0.0 15 0.0
156.4 0.0 15 0.0
156.5 0.0 15 0.0
156.6 0.0 15 0.0
156.7 0.0 15 0.0
156.8 0.0 15 0.0
156.9 0.0 15 0.0
157.0 0.0 15 0.0
157.1 0.0 15 0.0
157.2 0.0 15 0.0
157.3 0.0 15 0.0
157.4 0.0 15 0.0
157.5 0.0 15 0.0
157.6 0.0 15 0.0
157.7 0.0 15 0.0
157.8 0.0 15 0.0
157.9 0.0 15 0.0
158.0 0.0 15 0.0
158.1 0.0 15 0.0
158.2 0.0 15 0.0
158.3 0.0 15 0.0
158.4 0.0 15 0.0
158.5 0.0 15 0.0
158.6 0.0 15 0.0
158.7 0.0 15 0.0
158.8 0.0 15 0.0
158.9 0.0 15 0.0
159.0 0.0 15 0.0
159.1 0.0 15 0.0
159.2 0.0 15 0.0
159.3 0.0 15 0.0
159.4 0.0 15 0.0
159.5 0.0 15 0.0
159.6 0.0 15 0.0
159.7 0.0 15 0.0
159.8 0.0 15 0.0
159.9 0.0 15 0.0
160.0 0.0 15 0.0
160.1 0.0 15 0.0
160.2 0.0 15 0.0
160.3 0.0 15 0.0
160.4 0.0 15 0.0
160.5 0.0 15 0.0
160.6 0.0 15 0.0
160.7 0.0 15 0.0
160.8 0.0 15 0.0
160.9 0.0 15 0.0
161.0 0.0 15 0.0
161.1 0.0 15 0.0
161.2 0.0 15 0.0
161.3 0.0 15 0.0
161.4 0.0 15 0.0
161.5 0.0 15 0.0
161.6 0.0 15 0.0
161.7 0.0 15 0.0
161.8 0.0 15 0.0
161.9 0.0 15 0.0
162.0 0.0 15 0.0
162.1 0.0 15 0.0
162.2 0.0 15 0.0
162.3 0.0 15 0.0
162.4 0.0 15 0.0
162.5 0.0 15 0.0
162.6 0.0 15 0.0
162.7 0.0 15 0.0
162.8 0.0 15 0.0
162.9 0.0 15 0.0
163.0 0.0 15 0.0
163.1 0.0 15 0.0
163.2 0.0 15 0.0
163.3 0.0 15 0.0
163.4 0.0 15 0.0
163.5 0.0 15 0.0
163.6 0.0 15 0.0
163.7 0.0 15 0.0
163.8 0.0 15 0.0
163.9 0.0 15 0.0
164.0 0.0 15 0.0
164.1 0.0 15 0.0
164.2 0.0 15 0.0
164.3 0.0 15 0.0
164.4 0.0 15 0.0
164.5 0.0 15 0.0
164.6 0.0 15 0.0
164.7 0.0 15 0.0
164.8 0.0 15 0.0
164.9 0.0 15 0.0
165.0 0.0 15 0.0
165.1 0.0 15 0.0
165.2 0.0 15 0.0
165.3 0.0 15 0.0
165.4 0.0 15 0.0
165.5 0.0 15 0.0
165.6 0.0 15 0.0
165.7 0.0 15 0.0
165.8 0.0 15 0.0
165.9 0.0 15 0.0
166.0 0.0 15 0.0
166.1 0.0 15 0.0
166.2 0.0 15 0.0
166.3 0.0 15 0.0
166.4 0.0 15 0.0
166.5 0.0 15 0.0
166.6 0.0 15 0.0
166.7 0.0 15 0.0
166.8 0.0 15 0.0
166.9 0.0 15 0.0
167.0 0.0 15 0.0
167.1 0.0 15 0.0
167.2 0.0 15 0.0
167.3 0.0 15 0.0
167.4 0.0 15 0.0
167.5 0.0 15 0.0
167.6 0.0 15 0.0
167.7 0.0 15 0.0
167.8 0.0 15 0.0
167.9 0.0 15 0.0
168.0 0.0 15 0.0
168.1 0.0 15 0.0
168.2 0.0 15 0.0
168.3 0.0 15 0.0
168.4 0.0 15 0.0
168.5 0.0 15 0.0
168.6 0.0 15 0.0
168.7 0.0 15 0.0
168.8 0.0 15 0.0
168.9 0.0 15 0.0
169.0 0.0 15 0.0
169.1 0.0 15 0.0
169.2 0.0 15 0.0
169.3 0.0 15 0.0
169.4 0.0 15 0.0
169.5 0.0 15 0.0
169.6 0.0 15 0.0
169.7 0.0 15 0.0
169.8 0.0 15 0.0
169.9 0.0 15 0.0
170.0 0.0 15 0.0
170.1 0.0 15 0.0
170.2 0.0 15 0.0
170.3 0.0 15 0.0
170.4 0.0 15 0.0
170.5 0.0 15 0.0
170.6 0.0 15 0.0
170.7 0.0 15 0.0
170.8 0.0 15 0.0
170.9 0.0 15 0.0
171.0 0.0 15 0.0
171.1 0.0 15 0.0
171.2 0.0 15 0.0
171.3 0.0 15 0.0
171.4 0.0 15 0.0
171.5 0.0 15 0.0
171.6 0.0 15 0.0
171.7 0.0 15 0.0
171.8 0.0 15 0.0
171.9 0.0 15 0.0
172.0 0.0 15 0.0
172.1 0.0 15 0.0
172.2 0.0 15 0.0
172.3 0.0 15 0.0
172.4 0.0 15 0.0
172.5 0.0 15 0.0
172.6 0.0 15 0.0
172.7 0.0 15 0.0
172.8 0.0 15 0.0
172.9 0.0 15 0.0
173.0 0.0 15 0.0
173.1 0.0 15 0.0
173.2 0.0 15 0.0
173.3 0.0 15 0.0
173.4 0.0 15 0.0
173.5 0.0 15 0.0
173.6 0.0 15 0.0
173.7 0.0 15 0.0
173.8 0.0 15 0.0
173.9 0.0 15 0.0
174.0 0.0 15 0.0
174.1 0.0 15 0.0
174.2 0.0 15 0.0
174.3 0.0 15 0.0
174.4 0.0 15 0.0
174.5 0.0 15 0.0
174.6 0.0 15 0.0
174.7 0.0 15 0.0
174.8 0.0 15 0.0
174.9 0.0 15 0.0
175.0 0.0 15 0.0
175.1 0.0 15 0.0
175.2 0.0 15 0.0
175.3 0.0 15 0.0
175.4 0.0 15 0.0
175.5 0.0 15 0.0
175.6 0.0 15 0.0
175.7 0.0 15 0.0
175.8 0.0 15 0.0
175.9 0.0 15 0.0
176.0 0.0 15 0.0
176.1 0.0 15 0.0
176.2 0.0 15 0.0
176.3 0.0 15 0.0
176.4 0.0 15 0.0
176.5 0.0 15 0.0
176.6 0.0 15 0.0
176.7 0.0 15 0.0
176.8 0.0 15 0.0
176.9 0.0 15 0.0
177.0 0.0 15 0.0
177.1 0.0 15 0.0
177.2 0.0 15 0.0
177.3 0.0 15 0.0
177.4 0.0 15 0.0
177.5 0.0 15 0.0
177.6 0.0 15 0.0
177.7 0.0 15 0.0
177.8 0.0 15 0.0
177.9 0.0 15 0.0
178.0 0.0 15 0.0
178.1 0.0 15 0.0
178.2 0.0 15 0.0
178.3 0.0 15 0.0
178.4 0.0 15 0.0
178.5 0.0 15 0.0
178.6 0.0 15 0.0
178.7 0.0 15 0.0
178.8 0.0 15 0.0
178.9 0.0 15 0.0
179.0 0.0 15 0.0
179.1 0.0 15 0.0
179.2 0.0 15 0.0
179.3 0.0 15 0.0
179.4 0.0 15 0.0
179.5 0.0 15 0.0
179.6 0.0 15 0.0
179.7 0.0 15 0.0
179.8 0.0 15 0.0
179.9 0.0 15 0.0
180.0 0.0 15 0.0
180.1 0.0 15 0.0
180.2 0.0 15 0.0
180.3 0.0 15 0.0
180.4 0.0 15 0.0
180.5 0.0 15 0.0
180.6 0.0 15 0.0
180.7 0.0 15 0.0
180.8 0.0 15 0.0
180.9 0.0 15 0.0
181.0 0.0 15 0.0
181.1 0.0 15 0.0
181.2 0.0 15 0.0
181.3 0.0 15 0.0
181.4 0.0 15 0.0
181.5 0.0 15 0.0
181.6 0.0 15 0.0
181.7 0.0 15 0.0
181.8 0.0 15 0.0
181.9 0.0 15 0.0
182.0 0.0 15 0.0
182.1 0.0 15 0.0
182.2 0.0 15 0.0
182.3 0.0 15 0.0
182.4 0.0 15 0.0
182.5 0.0 15 0.0
182.6 0.0 15 0.0
182.7 0.0 15 0.0
182.8 0.0 15 0.0
182.9 0.0 15 0.0
183.0 0.0 15 0.0
183.1 0.0 15 0.0
183.2 0.0 15 0.0
183.3 0.0 15 0.0
183.4 0.0 15 0.0
183.5 0.0 15 0.0
183.6 0.0 15 0.0
183.7 0.0 15 0.0
183.8 0.0 15 0.0
183.9 0.0 15 0.0
184.0 0.0 15 0.0
184.1 0.0 15 0.0
184.2 0.0 15 0.0
184.3 0.0 15 0.0
184.4 0.0 15 0.0
184.5 0.0 15 0.0
184.6 0.0 15 0.0
184.7 0.0 15 0.0
184.8 0.0 15 0.0
184.9 0.0 15 0.0
185.0 0.0 15 0.0
185.1 0.0 15 0.0
185.2 0.0 15 0.0
185.3 0.0 15 0.0
185.4 0.0 15 0.0
185.5 0.0 15 0.0
185.6 0.0 15 0.0
185.7 0.0 15 0.0
185.8 0.0 15 0.0
185.9 0.0 15 0.0
186.0 0.0 15 0.0
186.1 0.0 15 0.0
186.2 0.0 15 0.0
186.3 0.0 15 0.0
186.4 0.0 15 0.0
186.5 0.0 15 0.0
186.6 0.0 15 0.0
186.7 0.0 15 0.0
186.8 0.0 15 0.0
186.9 0.0 15 0.0
187.0 0.0 15 0.0
187.1 0.0 15 0.0
187.2 0.0 15 0.0
187.3 0.0 15 0.0
187.4 0.0 15 0.0
187.5 0.0 15 0.0
187.6 0.0 15 0.0
187.7 0.0 15 0.0
187.8 0.0 15 0.0
187.9 0.0 15 0.0
188.0 0.0 15 0.0
188.1 0.0 15 0.0
188.2 0.0 15 0.0
188.3 0.0 15 0.0
188.4 0.0 15 0.0
188.5 0.0 15 0.0
188.6 0.0 15 0.0
188.7 0.0 15 0.0
188.8 0.0 15 0.0
188.9 0.0 15 0.0
189.0 0.0 15 0.0
189.1 0.0 15 0.0
189.2 0.0 15 0.0
189.3 0.0 15 0.0
189.4 0.0 15 0.0
189.5 0.0 15 0.0
189.6 0.0 15 0.0
189.7 0.0 15 0.0
189.8 0.0 15 0.0
189.9 0.0 15 0.0
190.0 0.0 15 0.0
190.1 0.0 15 0.0
190.2 0.0 15 0.0
190.3 0.0 15 0.0
190.4 0.0 15 0.0
190.5 0.0 15 0.0
190.6 0.0 15 0.0
190.7 0.0 15 0.0
190.8 0.0 15 0.0
190.9 0.0 15 0.0
191.0 0.0 15 0.0
191.1 0.0 15 0.0
191.2 0.0 15 0.0
191.3 0.0 15 0.0
191.4 0.0 15 0.0
191.5 0.0 15 0.0
191.6 0.0 15 0.0
191.7 0.0 15 0.0
191.8 0.0 15 0.0
191.9 0.0 15 0.0
192.0 0.0 15 0.0
192.1 0.0 15 0.0
192.2 0.0 15 0.0
192.3 0.0 15 0.0
192.4 0.0 15 0.0
192.5 0.0 15 0.0
192.6 0.0 15 0.0
192.7 0.0 15 0.0
192.8 0.0 15 0.0
192.9 0.0 15 0.0
193.0 0.0 15 0.0
193.1 0.0 15 0.0
193.2 0.0 15 0.0
193.3 0.0 15 0.0
193.4 0.0 15 0.0
193.5 0.0 15 0.0
193.6 0.0 15 0.0
193.7 0.0 15 0.0
193.8 0.0 15 0.0
193.9 0.0 15 0.0
194.0 0.0 15 0.0
194.1 0.0 15 0.0
194.2 0.0 15 0.0
194.3 0.0 15 0.0
194.4 0.0 15 0.0
194.5 0.0 15 0.0
194.6 0.0 15 0.0
194.7 0.0 15 0.0
194.8 0.0 15 0.0
194.9 0.0 15 0.0
195.0 0.0 15 0.0
195.1 0.0 15 0.0
195.2 0.0 15 0.0
195.3 0.0 15 0.0
195.4 0.0 15 0.0
195.5 0.0 15 0.0
195.6 0.0 15 0.0
195.7 0.0 15 0.0
195.8 0.0 15 0.0
195.9 0.0 15 0.0
196.0 0.0 15 0.0
196.1 0.0 15 0.0
196.2 0.0 15 0.0
196.3 0.0 15 0.0
196.4 0.0 15 0.0
196.5 0.0 15 0.0
196.6 0.0 15 0.0
196.7 0.0 15 0.0
196.8 0.0 15 0.0
196.9 0.0 15 0.0
197.0 0.0 15 0.0
197.1 0.0 15 0.0
197.2 0.0 15 0.0
197.3 0.0 15 0.0
197.4 0.0 15 0.0
197.5 0.0 15 0.0
197.6 0.0 15 0.0
197.7 0.0 15 0.0
197.8 0.0 15 0.0
197.9 0.0 15 0.0
198.0 0.0 15 0.0
198.1 0.0 15 0.0
198.2 0.0 15 0.0
198.3 0.0 15 0.0
198.4 0.0 15 0.0
198.5 0.0 15 0.0
198.6 0.0 15 0.0
198.7 0.0 15 0.0
198.8 0.0 15 0.0
198.9 0.0 15 0.0
199.0 0.0 15 0.0
199.1 0.0 15 0.0
199.2 0.0 15 0.0
199.3 0.0 15 0.0
199.4 0.0 15 0.0
199.5 0.0 15 0.0
199.6 0.0 15 0.0
199.7 0.0 15 0.0
199.8 0.0 15 0.0
199.9 0.0 15 0.0
200.0 0.0 15 0.0
200.1 0.0 15 0.0
200.2 0.0 15 0.0
200.3 0.0 15 0.0
200.4 0.0 15 0.0
200.5 0.0 15 0.0
200.6 0.0 15 0.0
200.7 0.0 15 0.0
200.8 0.0 15 0.0
200.9 0.0 15 0.0
201.0 0.0 15 0.0
201.1 0.0 15 0.0
201.2 0.0 15 0.0
201.3 0.0 15 0.0
201.4 0.0 15 0.0
201.5 0.0 15 0.0
201.6 0.0 15 0.0
201.7 0.0 15 0.0
201.8 0.0 15 0.0
201.9 0.0 15 0.0
202.0 0.0 15 0.0
202.1 0.0 15 0.0
202.2 0.0 15 0.0
202.3 0.0 15 0.0
202.4 0.0 15 0.0
202.5 0.0 15 0.0
202.6 0.0 15 0.0
202.7 0.0 15 0.0
202.8 0.0 15 0.0
202.9 0.0 15 0.0
203.0 0.0 15 0.0
203.1 0.0 15 0.0
203.2 0.0 15 0.0
203.3 0.0 15 0.0
203.4 0.0 15 0.0
203.5 0.0 15 0.0
203.6 0.0 15 0.0
203.7 0.0 15 0.0
203.8 0.0 15 0.0
203.9 0.0 15 0.0
204.0 0.0 15 0.0
204.1 0.0 15 0.0
204.2 0.0 15 0.0
204.3 0.0 15 0.0
204.4 0.0 15 0.0
204.5 0.0 15 0.0
204.6 0.0 15 0.0
204.7 0.0 15 0.0
204.8 0.0 15 0.0
204.9 0.0 15 0.0
205.0 0.0 15 0.0
205.1 0.0 15 0.0
205.2 0.0 15 0.0
205.3 0.0 15 0.0
205.4 0.0 15 0.0
205.5 0.0 15 0.0
205.6 0.0 15 0.0
205.7 0.0 15 0.0
205.8 0.0 15 0.0
205.9 0.0 15 0.0
206.0 0.0 15 0.0
206.1 0.0 15 0.0
206.2 0.0 15 0.0
206.3 0.0 15 0.0
206.4 0.0 15 0.0
206.5 0.0 15 0.0
206.6 0.0 15 0.0
206.7 0.0 15 0.0
206.8 0.0 15 0.0
206.9 0.0 15 0.0
207.0 0.0 15 0.0
207.1 0.0 15 0.0
207.2 0.0 15 0.0
207.3 0.0 15 0.0
207.4 0.0 15 0.0
207.5 0.0 15 0.0
207.6 0.0 15 0.0
207.7 0.0 15 0.0
207.8 0.0 15 0.0
207.9 0.0 15 0.0
208.0 0.0 15 0.0
208.1 0.0 15 0.0
208.2 0.0 15 0.0
208.3 0.0 15 0.0
208.4 0.0 15 0.0
208.5 0.0 15 0.0
208.6 0.0 15 0.0
208.7 0.0 15 0.0
208.8 0.0 15 0.0
208.9 0.0 15 0.0
209.0 0.0 15 0.0
209.1 0.0 15 0.0
209.2 0.0 15 0.0
209.3 0.0 15 0.0
209.4 0.0 15 0.0
209.5 0.0 15 0.0
209.6 0.0 15 0.0
209.7 0.0 15 0.0
209.8 0.0 15 0.0
209.9 0.0 15 0.0
210.0 0.0 15 0.0
210.1 0.0 15 0.0
210.2 0.0 15 0.0
210.3 0.0 15 0.0
210.4 0.0 15 0.0
210.5 0.0 15 0.0
210.6 0.0 15 0.0
210.7 0.0 15 0.0
210.8 0.0 15 0.0
210.9 0.0 15 0.0
211.0 0.0 15 0.0
211.1 0.0 15 0.0
211.2 0.0 15 0.0
211.3 0.0 15 0.0
211.4 0.0 15 0.0
211.5 0.0 15 0.0
211.6 0.0 15 0.0
211.7 0.0 15 0.0
211.8 0.0 15 0.0
211.9 0.0 15 0.0
212.0 0.0 15 0.0
212.1 0.0 15 0.0
212.2 0.0 15 0.0
212.3 0.0 15 0.0
212.4 0.0 15 0.0
212.5 0.0 15 0.0
212.6 0.0 15 0.0
212.7 0.0 15 0.0
212.8 0.0 15 0.0
212.9 0.0 15 0.0
213.0 0.0 15 0.0
213.1 0.0 15 0.0
213.2 0.0 15 0.0
213.3 0.0 15 0.0
213.4 0.0 15 0.0
213.5 0.0 15 0.0
213.6 0.0 15 0.0
213.7 0.0 15 0.0
213.8 0.0 15 0.0
213.9 0.0 15 0.0
214.0 0.0 15 0.0
214.1 0.0 15 0.0
214.2 0.0 15 0.0
214.3 0.0 15 0.0
214.4 0.0 15 0.0
214.5 0.0 15 0.0
214.6 0.0 15 0.0
214.7 0.0 15 0.0
214.8 0.0 15 0.0
214.9 0.0 15 0.0
215.0 0.0 15 0.0
215.1 0.0 15 0.0
215.2 0.0 15 0.0
215.3 0.0 15 0.0
215.4 0.0 15 0.0
215.5 0.0 15 0.0
215.6 0.0 15 0.0
215.7 0.0 15 0.0
215.8 0.0 15 0.0
215.9 0.0 15 0.0
216.0 0.0 15 0.0
216.1 0.0 15 0.0
216.2 0.0 15 0.0
216.3 0.0 15 0.0
216.4 0.0 15 0.0
216.5 0.0 15 0.0
216.6 0.0 15 0.0
216.7 0.0 15 0.0
216.8 0.0 15 0.0
216.9 0.0 15 0.0
217.0 0.0 15 0.0
217.1 0.0 15 0.0
217.2 0.0 15 0.0
217.3 0.0 15 0.0
217.4 0.0 15 0.0
217.5 0.0 15 0.0
217.6 0.0 15 0.0
217.7 0.0 15 0.0
217.8 0.0 15 0.0
217.9 0.0 15 0.0
218.0 0.0 15 0.0
218.1 0.0 15 0.0
218.2 0.0 15 0.0
218.3 0.0 15 0.0
218.4 0.0 15 0.0
218.5 0.0 15 0.0
218.6 0.0 15 0.0
218.7 0.0 15 0.0
218.8 0.0 15 0.0
218.9 0.0 15 0.0
219.0 0.0 15 0.0
219.1 0.0 15 0.0
219.2 0.0 15 0.0
219.3 0.0 15 0.0
219.4 0.0 15 0.0
219.5 0.0 15 0.0
219.6 0.0 15 0.0
219.7 0.0 15 0.0
219.8 0.0 15 0.0
219.9 0.0 15 0.0
220.0 0.0 15 0.0
220.1 0.0 15 0.0
220.2 0.0 15 0.0
220.3 0.0 15 0.0
220.4 0.0 15 0.0
220.5 0.0 15 0.0
220.6 0.0 15 0.0
220.7 0.0 15 0.0
220.8 0.0 15 0.0
220.9 0.0 15 0.0
221.0 0.0 15 0.0
221.1 0.0 15 0.0
221.2 0.0 15 0.0
221.3 0.0 15 0.0
221.4 0.0 15 0.0
221.5 0.0 15 0.0
221.6 0.0 15 0.0
221.7 0.0 15 0.0
221.8 0.0 15 0.0
221.9 0.0 15 0.0
222.0 0.0 15 0.0
222.1 0.0 15 0.0
222.2 0.0 15 0.0
222.3 0.0 15 0.0
222.4 0.0 15 0.0
222.5 0.0 15 0.0
222.6 0.0 15 0.0
222.7 0.0 15 0.0
222.8 0.0 15 0.0
222.9 0.0 15 0.0
223.0 0.0 15 0.0
223.1 0.0 15 0.0
223.2 0.0 15 0.0
223.3 0.0 15 0.0
223.4 0.0 15 0.0
223.5 0.0 15 0.0
223.6 0.0 15 0.0
223.7 0.0 15 0.0
223.8 0.0 15 0.0
223.9 0.0 15 0.0
224.0 0.0 15 0.0
224.1 0.0 15 0.0
224.2 0.0 15 0.0
224.3 0.0 15 0.0
224.4 0.0 15 0.0
224.5 0.0 15 0.0
224.6 0.0 15 0.0
224.7 0.0 15 0.0
224.8 0.0 15 0.0
224.9 0.0 15 0.0
225.0 0.0 15 0.0
225.1 0.0 15 0.0
225.2 0.0 15 0.0
225.3 0.0 15 0.0
225.4 0.0 15 0.0
225.5 0.0 15 0.0
225.6 0.0 15 0.0
225.7 0.0 15 0.0
225.8 0.0 15 0.0
225.9 0.0 15 0.0
226.0 0.0 15 0.0
226.1 0.0 15 0.0
226.2 0.0 15 0.0
226.3 0.0 15 0.0
226.4 0.0 15 0.0
226.5 0.0 15 0.0
226.6 0.0 15 0.0
226.7 0.0 15 0.0
226.8 0.0 15 0.0
226.9 0.0 15 0.0
227.0 0.0 15 0.0
227.1 0.0 15 0.0
227.2 0.0 15 0.0
227.3 0.0 15 0.0
227.4 0.0 15 0.0
227.5 0.0 15 0.0
227.6 0.0 15 0.0
227.7 0.0 15 0.0
227.8 0.0 15 0.0
227.9 0.0 15 0.0
228.0 0.0 15 0.0
228.1 0.0 15 0.0
228.2 0.0 15 0.0
228.3 0.0 15 0.0
228.4 0.0 15 0.0
228.5 0.0 15 0.0
228.6 0.0 15 0.0
228.7 0.0 15 0.0
228.8 0.0 15 0.0
228.9 0.0 15 0.0
229.0 0.0 15 0.0
229.1 0.0 15 0.0
229.2 0.0 15 0.0
229.3 0.0 15 0.0
229.4 0.0 15 0.0
229.5 0.0 15 0.0
229.6 0.0 15 0.0
229.7 0.0 15 0.0
229.8 0.0 15 0.0
229.9 0.0 15 0.0
230.0 0.0 15 0.0
230.1 0.0 15 0.0
230.2 0.0 15 0.0
230.3 0.0 15 0.0
230.4 0.0 15 0.0
230.5 0.0 15 0.0
230.6 0.0 15 0.0
230.7 0.0 15 0.0
230.8 0.0 15 0.0
230.9 0.0 15 0.0
231.0 0.0 15 0.0
231.1 0.0 15 0.0
231.2 0.0 15 0.0
231.3 0.0 15 0.0
231.4 0.0 15 0.0
231.5 0.0 15 0.0
231.6 0.0 15 0.0
231.7 0.0 15 0.0
231.8 0.0 15 0.0
231.9 0.0 15 0.0
232.0 0.0 15 0.0
232.1 0.0 15 0.0
232.2 0.0 15 0.0
232.3 0.0 15 0.0
232.4 0.0 15 0.0
232.5 0.0 15 0.0
232.6 0.0 15 0.0
232.7 0.0 15 0.0
232.8 0.0 15 0.0
232.9 0.0 15 0.0
233.0 0.0 15 0.0
233.1 0.0 15 0.0
233.2 0.0 15 0.0
233.3 0.0 15 0.0
233.4 0.0 15 0.0
233.5 0.0 15 0.0
233.6 0.0 15 0.0
233.7 0.0 15 0.0
233.8 0.0 15 0.0
233.9 0.0 15 0.0
234.0 0.0 15 0.0
234.1 0.0 15 0.0
234.2 0.0 15 0.0
234.3 0.0 15 0.0
234.4 0.0 15 0.0
234.5 0.0 15 0.0
234.6 0.0 15 0.0
234.7 0.0 15 0.0
234.8 0.0 15 0.0
234.9 0.0 15 0.0
235.0 0.0 15 0.0
235.1 0.0 15 0.0
235.2 0.0 15 0.0
235.3 0.0 15 0.0
235.4 0.0 15 0.0
235.5 0.0 15 0.0
235.6 0.0 15 0.0
235.7 0.0 15 0.0
235.8 0.0 15 0.0
235.9 0.0 15 0.0
236.0 0.0 15 0.0
236.1 0.0 15 0.0
236.2 0.0 15 0.0
236.3 0.0 15 0.0
236.4 0.0 15 0.0
236.5 0.0 15 0.0
236.6 0.0 15 0.0
236.7 0.0 15 0.0
236.8 0.0 15 0.0
236.9 0.0 15 0.0
237.0 0.0 15 0.0
237.1 0.0 15 0.0
237.2 0.0 15 0.0
237.3 0.0 15 0.0
237.4 0.0 15 0.0
237.5 0.0 15 0.0
237.6 0.0 15 0.0
237.7 0.0 15 0.0
237.8 0.0 15 0.0
237.9 0.0 15 0.0
238.0 0.0 15 0.0
238.1 0.0 15 0.0
238.2 0.0 15 0.0
238.3 0.0 15 0.0
238.4 0.0 15 0.0
238.5 0.0 15 0.0
238.6 0.0 15 0.0
238.7 0.0 15 0.0
238.8 0.0 15 0.0
238.9 0.0 15 0.0
239.0 0.0 15 0.0
239.1 0.0 15 0.0
239.2 0.0 15 0.0
239.3 0.0 15 0.0
239.4 0.0 15 0.0
239.5 0.0 15 0.0
239.6 0.0 15 0.0
239.7 0.0 15 0.0
239.8 0.0 15 0.0
239.9 0.0 15 0.0
240.0 0.0 15 0.0
240.1 0.0 15 0.0
240.2 0.0 15 0.0
240.3 0.0 15 0.0
240.4 0.0 15 0.0
240.5 0.0 15 0.0
240.6 0.0 15 0.0
240.7 0.0 15 0.0
240.8 0.0 15 0.0
240.9 0.0 15 0.0
241.0 0.0 15 0.0
241.1 0.0 15 0.0
241.2 0.0 15 0.0
241.3 0.0 15 0.0
241.4 0.0 15 0.0
241.5 0.0 15 0.0
241.6 0.0 15 0.0
241.7 0.0 15 0.0
241.8 0.0 15 0.0
241.9 0.0 15 0.0
242.0 0.0 15 0.0
242.1 0.0 15 0.0
242.2 0.0 15 0.0
242.3 0.0 15 0.0
242.4 0.0 15 0.0
242.5 0.0 15 0.0
242.6 0.0 15 0.0
242.7 0.0 15 0.0
242.8 0.0 15 0.0
242.9 0.0 15 0.0
243.0 0.0 15 0.0
243.1 0.0 15 0.0
243.2 0.0 15 0.0
243.3 0.0 15 0.0
243.4 0.0 15 0.0
243.5 0.0 15 0.0
243.6 0.0 15 0.0
243.7 0.0 15 0.0
243.8 0.0 15 0.0
243.9 0.0 15 0.0
244.0 0.0 15 0.0
244.1 0.0 15 0.0
244.2 0.0 15 0.0
244.3 0.0 15 0.0
244.4 0.0 15 0.0
244.5 0.0 15 0.0
244.6 0.0 15 0.0
244.7 0.0 15 0.0
244.8 0.0 15 0.0
244.9 0.0 15 0.0
245.0 0.0 15 0.0
245.1 0.0 15 0.0
245.2 0.0 15 0.0
245.3 0.0 15 0.0
245.4 0.0 15 0.0
245.5 0.0 15 0.0
245.6 0.0 15 0.0
245.7 0.0 15 0.0
245.8 0.0 15 0.0
245.9 183.3881 14 1.0
246.0 183.4516 14 1.0
246.1 183.5152 14 1.0
246.2 183.5787 14 1.0
246.3 183.6423 14 1.0
246.4 183.7058 14 1.0
246.5 183.7694 14 1.0
246.6 183.8329 14 1.0
246.7 183.8965 14 1.0
246.8 183.96 14 1.0
246.9 184.0235 14 1.0
247.0 184.0871 14 1.0
247.1 184.1506 14 1.0
247.2 184.2142 14 1.0
247.3 184.2777 14 1.0
247.4 184.3413 14 1.0
247.5 184.4048 14 1.0
247.6 184.4684 14 1.0
247.7 184.5319 14 1.0
247.8 184.5954 14 1.0
247.9 184.659 14 1.0
248.0 184.7225 14 1.0
248.1 184.7861 14 1.0
248.2 184.8496 14 1.0
248.3 184.9132 14 1.0
248.4 184.9767 14 1.0
248.5 185.0403 14 1.0
248.6 185.1038 14 1.0
248.7 185.1674 14 1.0
248.8 185.2309 14 1.0
248.9 185.2944 14 1.0
249.0 185.358 14 1.0
249.1 185.4215 14 1.0
249.2 185.4851 14 1.0
249.3 185.5486 14 1.0
249.4 185.6122 14 1.0
249.5 185.6757 14 1.0
249.6 185.7393 14 1.0
249.7 185.8028 14 1.0
249.8 185.8663 14 1.0
249.9 185.9299 14 1.0
250.0 185.9839 14 1.0
250.1 186.038 14 1.0
250.2 186.0921 14 1.0
250.3 186.1461 14 1.0
250.4 186.2002 14 1.0
250.5 186.2542 14 1.0
250.6 186.3083 14 1.0
250.7 186.3623 14 1.0
250.8 186.4164 14 1.0
250.9 186.4705 14 1.0
251.0 186.5245 14 1.0
251.1 186.5786 14 1.0
251.2 186.6326 14 1.0
251.3 186.6867 14 1.0
251.4 186.7407 14 1.0
251.5 186.7948 14 1.0
251.6 186.8488 14 1.0
251.7 186.9029 14 1.0
251.8 186.957 14 1.0
251.9 187.011 14 1.0
252.0 187.0651 14 1.0
252.1 187.1191 14 1.0
252.2 187.1732 14 1.0
252.3 187.2272 14 1.0
252.4 187.2813 14 1.0
252.5 187.3354 14 1.0
252.6 187.3894 14 1.0
252.7 187.4435 14 1.0
252.8 187.4975 14 1.0
252.9 187.5516 14 1.0
253.0 187.6056 14 1.0
253.1 187.6597 14 1.0
253.2 187.7137 14 1.0
253.3 187.7678 14 1.0
253.4 187.8219 14 1.0
253.5 187.8759 14 1.0
253.6 187.93 14 1.0
253.7 187.984 14 1.0
253.8 188.0381 14 1.0
253.9 188.0921 14 1.0
254.0 188.1462 14 1.0
254.1 188.2003 14 1.0
254.2 188.2543 14 1.0
254.3 188.3084 14 1.0
254.4 188.3624 14 1.0
254.5 188.4165 14 1.0
254.6 188.4705 14 1.0
254.7 188.5246 14 1.0
254.8 188.5786 14 1.0
254.9 188.6327 14 1.0
255.0 188.6868 14 1.0
255.1 188.7408 14 1.0
255.2 188.7949 14 1.0
255.3 188.8489 14 1.0
255.4 188.903 14 1.0
255.5 188.957 14 1.0
255.6 189.0111 14 1.0
255.7 189.0652 14 1.0
255.8 189.1192 14 1.0
255.9 189.1733 14 1.0
256.0 189.2273 14 1.0
256.1 189.2814 14 1.0
256.2 189.3354 14 1.0
256.3 189.3895 14 1.0
256.4 189.4436 14 1.0
256.5 189.4976 14 1.0
256.6 189.5517 14 1.0
256.7 189.6057 14 1.0
256.8 189.6598 14 1.0
256.9 189.7138 14 1.0
257.0 189.7679 14 1.0
257.1 189.8219 14 1.0
257.2 189.876 14 1.0
257.3 189.9301 14 1.0
257.4 189.9841 14 1.0
257.5 190.0382 14 1.0
257.6 190.0922 14 1.0
257.7 190.1463 14 1.0
257.8 190.2003 14 1.0
257.9 190.2544 14 1.0
258.0 190.3085 14 1.0
258.1 190.3625 14 1.0
258.2 190.4166 14 1.0
258.3 190.4706 14 1.0
258.4 190.5247 14 1.0
258.5 190.5787 14 1.0
258.6 190.6328 14 1.0
258.7 190.6868 14 1.0
258.8 190.7409 14 1.0
258.9 190.795 14 1.0
259.0 190.849 14 1.0
259.1 190.9031 14 1.0
259.2 190.9571 14 1.0
259.3 191.0112 14 1.0
259.4 191.0652 14 1.0
259.5 191.1193 14 1.0
259.6 191.1734 14 1.0
259.7 191.2274 14 1.0
259.8 191.2815 14 1.0
259.9 191.3355 14 1.0
260.0 191.3896 14 1.0
260.1 191.4436 14 1.0
260.2 191.4977 14 1.0
260.3 191.5517 14 1.0
260.4 191.6058 14 1.0
260.5 191.6599 14 1.0
260.6 191.7139 14 1.0
260.7 191.768 14 1.0
260.8 191.822 14 1.0
260.9 191.8761 14 1.0
261.0 191.9301 14 1.0
261.1 191.9842 14 1.0
261.2 192.0383 14 1.0
261.3 192.0923 14 1.0
261.4 192.1464 14 1.0
261.5 192.2004 14 1.0
261.6 192.2545 14 1.0
261.7 192.3085 14 1.0
261.8 192.3626 14 1.0
261.9 192.4167 14 1.0
262.0 192.4707 14 1.0
262.1 192.5248 14 1.0
262.2 192.5788 14 1.0
262.3 192.6329 14 1.0
262.4 192.6869 14 1.0
262.5 192.741 14 1.0
262.6 192.795 14 1.0
262.7 192.8491 14 1.0
262.8 192.9032 14 1.0
262.9 192.9572 14 1.0
263.0 193.0113 14 1.0
263.1 193.0653 14 1.0
263.2 193.1194 14 1.0
263.3 193.1734 14 1.0
263.4 193.2275 14 1.0
263.5 193.2816 14 1.0
263.6 193.3356 14 1.0
263.7 193.3897 14 1.0
263.8 193.4437 14 1.0
263.9 193.4978 14 1.0
264.0 193.5518 14 1.0
264.1 193.6059 14 1.0
264.2 193.6599 14 1.0
264.3 193.714 14 1.0
264.4 193.7681 14 1.0
264.5 193.8221 14 1.0
264.6 193.8762 14 1.0
264.7 193.9302 14 1.0
264.8 193.9843 14 1.0
264.9 194.0383 14 1.0
265.0 194.0924 14 1.0
265.1 194.1465 14 1.0
265.2 194.2005 14 1.0
265.3 194.2546 14 1.0
265.4 194.3086 14 1.0
265.5 194.3627 14 1.0
265.6 194.4167 14 1.0
265.7 194.4708 14 1.0
265.8 194.5248 14 1.0
265.9 194.5789 14 1.0
266.0 194.633 14 1.0
266.1 194.687 14 1.0
266.2 194.7411 14 1.0
266.3 194.7951 14 1.0
266.4 194.8492 14 1.0
266.5 194.9032 14 1.0
266.6 194.9573 14 1.0
266.7 195.0114 14 1.0
266.8 195.0654 14 1.0
266.9 195.1195 14 1.0
267.0 195.1735 14 1.0
267.1 195.2276 14 1.0
267.2 195.2816 14 1.0
267.3 195.3357 14 1.0
267.4 195.3898 14 1.0
267.5 195.4438 14 1.0
267.6 195.4979 14 1.0
267.7 195.5519 14 1.0
267.8 195.606 14 1.0
267.9 195.66 14 1.0
268.0 195.7141 14 1.0
268.1 195.7681 14 1.0
268.2 195.8222 14 1.0
268.3 195.8763 14 1.0
268.4 195.9303 14 1.0
268.5 195.9844 14 1.0
268.6 196.0384 14 1.0
268.7 196.0925 14 1.0
268.8 196.1465 14 1.0
268.9 196.2006 14 1.0
269.0 196.2547 14 1.0
269.1 196.3087 14 1.0
269.2 196.3628 14 1.0
269.3 196.4168 14 1.0
269.4 196.4709 14 1.0
269.5 196.5249 14 1.0
269.6 196.579 14 1.0
269.7 196.633 14 1.0
269.8 196.6871 14 1.0
269.9 196.7412 14 1.0
270.0 196.7952 14 1.0
270.1 196.8493 14 1.0
270.2 196.9033 14 1.0
270.3 196.9574 14 1.0
270.4 197.0114 14 1.0
270.5 197.0655 14 1.0
270.6 197.1196 14 1.0
270.7 197.1736 14 1.0
270.8 197.2277 14 1.0
270.9 197.2817 14 1.0
271.0 197.3358 14 1.0
271.1 197.3898 14 1.0
271.2 197.4439 14 1.0
271.3 197.4979 14 1.0
271.4 197.552 14 1.0
271.5 197.6061 14 1.0
271.6 197.6601 14 1.0
271.7 197.7142 14 1.0
271.8 197.7682 14 1.0
271.9 197.8223 14 1.0
272.0 197.8763 14 1.0
272.1 197.9304 14 1.0
272.2 197.9845 14 1.0
272.3 198.0385 14 1.0
272.4 198.0926 14 1.0
272.5 198.1466 14 1.0
272.6 198.2007 14 1.0
272.7 198.2547 14 1.0
272.8 198.3088 14 1.0
272.9 198.3629 14 1.0
273.0 198.4169 14 1.0
273.1 198.471 14 1.0
273.2 198.525 14 1.0
273.3 198.5791 14 1.0
273.4 198.6331 14 1.0
273.5 198.6872 14 1.0
273.6 198.7412 14 1.0
273.7 198.7953 14 1.0
273.8 198.8494 14 1.0
273.9 198.9034 14 1.0
274.0 198.9575 14 1.0
274.1 199.0115 14 1.0
274.2 199.0656 14 1.0
274.3 199.1196 14 1.0
274.4 199.1737 14 1.0
274.5 199.2278 14 1.0
274.6 199.2818 14 1.0
274.7 199.3359 14 1.0
274.8 199.3899 14 1.0
274.9 199.444 14 1.0
275.0 199.498 14 1.0
275.1 199.5521 14 1.0
275.2 199.6061 14 1.0
275.3 199.6602 14 1.0
275.4 199.7143 14 1.0
275.5 199.7683 14 1.0
275.6 199.8224 14 1.0
275.7 199.8764 14 1.0
275.8 199.9305 14 1.0
275.9 199.9845 14 1.0
276.0 200.0386 14 1.0
276.1 200.0927 14 1.0
276.2 200.1467 14 1.0
276.3 200.2008 14 1.0
276.4 200.2548 14 1.0
276.5 200.3089 14 1.0
276.6 200.3629 14 1.0
276.7 200.417 14 1.0
276.8 200.471 14 1.0
276.8 200.5251 14 1.0
276.9 200.5792 14 1.0
277.0 200.6332 14 1.0
277.1 200.6873 14 1.0
277.2 200.7413 14 1.0
277.3 200.7954 14 1.0
277.4 200.8494 14 1.0
277.5 200.9035 14 1.0
277.6 200.9576 14 1.0
277.7 201.0116 14 1.0
277.8 201.0657 14 1.0
277.9 201.1197 14 1.0
278.0 201.1738 14 1.0
278.1 201.2278 14 1.0
278.2 201.2819 14 1.0
278.3 201.336 14 1.0
278.4 201.39 14 1.0
278.5 201.4441 14 1.0
278.6 201.4981 14 1.0
278.7 201.5522 14 1.0
278.8 201.6062 14 1.0
278.9 201.6603 14 1.0
279.0 201.7143 14 1.0
279.1 201.7684 14 1.0
279.2 201.8225 14 1.0
279.3 201.8765 14 1.0
279.4 201.9306 14 1.0
279.5 201.9846 14 1.0
279.6 202.0387 14 1.0
279.7 202.0927 14 1.0
279.8 202.1468 14 1.0
279.9 202.2009 14 1.0
280.0 202.2549 14 1.0
280.1 202.309 14 1.0
280.2 202.363 14 1.0
280.3 202.4171 14 1.0
280.4 202.4711 14 1.0
280.5 202.5252 14 1.0
280.6 202.5792 14 1.0
280.7 202.6333 14 1.0
280.8 202.6874 14 1.0
280.9 202.7414 14 1.0
281.0 202.7955 14 1.0
281.1 202.8495 14 1.0
281.2 202.9036 14 1.0
281.3 202.9576 14 1.0
281.4 203.0117 14 1.0
281.5 203.0658 14 1.0
281.6 203.1198 14 1.0
281.7 203.1739 14 1.0
281.8 203.2279 14 1.0
281.9 203.282 14 1.0
282.0 203.336 14 1.0
282.1 203.3901 14 1.0
282.2 203.4442 14 1.0
282.3 203.4982 14 1.0
282.4 203.5523 14 1.0
282.5 203.6063 14 1.0
282.6 203.6604 14 1.0
282.7 203.7144 14 1.0
282.8 203.7685 14 1.0
282.9 203.8225 14 1.0
283.0 203.8766 14 1.0
283.1 203.9307 14 1.0
283.2 203.9847 14 1.0
283.3 204.0388 14 1.0
283.4 204.0928 14 1.0
283.5 204.1469 14 1.0
283.6 204.2009 14 1.0
283.7 204.255 14 1.0
283.8 204.3091 14 1.0
283.9 204.3631 14 1.0
284.0 204.4172 14 1.0
284.1 204.4712 14 1.0
284.2 204.5253 14 1.0
284.3 204.5793 14 1.0
284.4 204.6334 14 1.0
284.5 204.6874 14 1.0
284.6 204.7415 14 1.0
284.7 204.7956 14 1.0
284.8 204.8496 14 1.0
284.9 204.9037 14 1.0
285.0 204.9577 14 1.0
285.1 205.0118 14 1.0
285.2 205.0658 14 1.0
285.3 205.1199 14 1.0
285.4 205.174 14 1.0
285.5 205.228 14 1.0
285.6 205.2821 14 1.0
285.7 205.3361 14 1.0
285.8 205.3902 14 1.0
285.9 205.4442 14 1.0
286.0 205.4983 14 1.0
286.1 205.5523 14 1.0
286.2 205.6064 14 1.0
286.3 205.6605 14 1.0
286.4 205.7145 14 1.0
286.5 205.7686 14 1.0
286.6 205.8226 14 1.0
286.7 205.8767 14 1.0
286.8 205.9307 14 1.0
286.9 205.9848 14 1.0
287.0 206.0389 14 1.0
287.1 206.0929 14 1.0
287.2 206.147 14 1.0
287.3 206.201 14 1.0
287.4 206.2551 14 1.0
287.5 206.3091 14 1.0
287.6 206.3632 14 1.0
287.7 206.4173 14 1.0
287.8 206.4713 14 1.0
287.9 206.5254 14 1.0
288.0 206.5794 14 1.0
288.1 206.6335 14 1.0
288.2 206.6875 14 1.0
288.3 206.7416 14 1.0
288.4 206.7956 14 1.0
288.5 206.8497 14 1.0
288.6 206.9038 14 1.0
288.7 206.9578 14 1.0
288.8 207.0119 14 1.0
288.9 207.0659 14 1.0
289.0 207.12 14 1.0
289.1 207.174 14 1.0
289.2 207.2281 14 1.0
289.3 207.2822 14 1.0
289.4 207.3362 14 1.0
289.5 207.3903 14 1.0
289.6 207.4443 14 1.0
289.7 207.4984 14 1.0
289.8 207.5524 14 1.0
289.9 207.6065 14 1.0
290.0 207.6605 14 1.0
290.1 207.7146 14 1.0
290.2 207.7687 14 1.0
290.3 207.8227 14 1.0
290.4 207.8768 14 1.0
290.5 207.9308 14 1.0
290.6 207.9849 14 1.0
290.7 208.0389 14 1.0
290.8 208.093 14 1.0
290.9 208.1471 14 1.0
291.0 208.2011 14 1.0
291.1 208.2552 14 1.0
291.2 208.3092 14 1.0
291.3 208.3633 14 1.0
291.4 208.4173 14 1.0
291.5 208.4714 14 1.0
291.6 208.5254 14 1.0
291.7 208.5795 14 1.0
291.8 208.6336 14 1.0
291.9 208.6876 14 1.0
292.0 208.7417 14 1.0
292.1 208.7957 14 1.0
292.2 208.8498 14 1.0
292.3 208.9038 14 1.0
292.4 208.9579 14 1.0
292.5 209.012 14 1.0
292.6 209.066 14 1.0
292.7 209.1201 14 1.0
292.8 209.1741 14 1.0
292.9 209.2282 14 1.0
293.0 209.2822 14 1.0
293.1 209.3363 14 1.0
293.2 209.3904 14 1.0
293.3 209.4444 14 1.0
293.4 209.4985 14 1.0
293.5 209.5525 14 1.0
293.6 209.6066 14 1.0
293.7 209.6606 14 1.0
293.8 209.7147 14 1.0
293.9 209.7687 14 1.0
294.0 209.8228 14 1.0
294.1 209.8769 14 1.0
294.2 209.9309 14 1.0
294.3 209.985 14 1.0
294.4 210.039 14 1.0
294.5 210.0931 14 1.0
294.6 210.1471 14 1.0
294.7 210.2012 14 1.0
294.8 210.2553 14 1.0
294.9 210.3093 14 1.0
295.0 210.3634 14 1.0
295.1 210.4174 14 1.0
295.2 210.4715 14 1.0
295.3 210.5255 14 1.0
295.4 210.5796 14 1.0
295.5 210.6336 14 1.0
295.6 210.6877 14 1.0
295.7 210.7418 14 1.0
295.8 210.7958 14 1.0
295.9 210.8499 14 1.0
296.0 210.9039 14 1.0
296.1 210.958 14 1.0
296.2 211.012 14 1.0
296.3 211.0661 14 1.0
296.4 211.1202 14 1.0
296.5 211.1742 14 1.0
296.6 211.2283 14 1.0
296.7 211.2823 14 1.0
296.8 211.3364 14 1.0
296.9 211.3904 14 1.0
297.0 211.4445 14 1.0
297.1 211.4985 14 1.0
297.2 211.5526 14 1.0
297.3 211.6067 14 1.0
297.4 211.6607 14 1.0
297.5 211.7148 14 1.0
297.6 211.7688 14 1.0
297.7 211.8229 14 1.0
297.8 211.8769 14 1.0
297.9 211.931 14 1.0
298.0 211.9851 14 1.0
298.1 212.0391 14 1.0
298.2 212.0932 14 1.0
298.3 212.1472 14 1.0
298.4 212.2013 14 1.0
298.5 212.2553 14 1.0
298.6 212.3094 14 1.0
298.7 212.3635 14 1.0
298.8 212.4175 14 1.0
298.9 212.4716 14 1.0
299.0 212.5256 14 1.0
299.1 212.5797 14 1.0
299.2 212.6337 14 1.0
299.3 212.6878 14 1.0
299.4 212.7418 14 1.0
299.5 212.7959 14 1.0
299.6 212.85 14 1.0
299.7 212.904 14 1.0
299.8 212.9581 14 1.0
299.9 213.0336 14 1.0
300.0 213.1091 14 1.0
300.1 213.1846 14 1.0
300.2 213.2602 14 1.0
300.3 213.3357 14 1.0
300.4 213.4112 14 1.0
300.5 213.4867 14 1.0
300.6 213.5622 14 1.0
300.7 213.6378 14 1.0
300.8 213.7133 14 1.0
300.9 213.7888 14 1.0
301.0 213.8643 14 1.0
301.1 213.9399 14 1.0
301.2 214.0154 14 1.0
301.3 214.0909 14 1.0
301.4 214.1664 14 1.0
301.5 214.2419 14 1.0
301.6 214.3175 14 1.0
301.7 214.393 14 1.0
301.8 214.4685 14 1.0
301.9 214.544 14 1.0
302.0 214.6196 14 1.0
302.1 214.6951 14 1.0
302.2 214.7706 14 1.0
302.3 214.8461 14 1.0
302.4 214.9216 14 1.0
302.5 214.9972 14 1.0
302.6 215.0727 14 1.0
302.7 215.1482 14 1.0
302.8 215.2237 14 1.0
302.9 215.2993 14 1.0
303.0 215.3748 14 1.0
303.1 215.4503 14 1.0
303.2 215.5258 14 1.0
303.3 215.6013 14 1.0
303.4 215.6769 14 1.0
303.5 215.7524 14 1.0
303.6 215.8279 14 1.0
303.7 215.9034 14 1.0
303.8 215.979 14 1.0
303.9 216.0545 14 1.0
304.0 216.13 14 1.0
304.1 216.2055 14 1.0
304.2 216.281 14 1.0
304.3 216.3566 14 1.0
304.4 216.4321 14 1.0
304.5 216.5076 14 1.0
304.6 216.5831 14 1.0
304.7 216.6587 14 1.0
304.8 216.7342 14 1.0
304.9 216.8097 14 1.0
305.0 216.8852 14 1.0
305.1 216.9607 14 1.0
305.2 217.0363 14 1.0
305.3 217.1118 14 1.0
305.4 217.1873 14 1.0
305.5 217.2628 14 1.0
305.6 217.3384 14 1.0
305.7 217.4139 14 1.0
305.8 217.4894 14 1.0
305.9 217.5649 14 1.0
306.0 217.6404 14 1.0
306.1 217.716 14 1.0
306.2 217.7915 14 1.0
306.3 217.867 14 1.0
306.4 217.9425 14 1.0
306.5 218.0181 14 1.0
306.6 218.0936 14 1.0
306.7 218.1691 14 1.0
306.8 218.2446 14 1.0
306.9 218.3201 14 1.0
307.0 218.3957 14 1.0
307.1 218.4712 14 1.0
307.2 218.5467 14 1.0
307.3 218.6222 14 1.0
307.4 218.6978 14 1.0
307.5 218.7733 14 1.0
307.6 218.8488 14 1.0
307.7 218.9243 14 1.0
307.8 218.9998 14 1.0
307.9 219.0754 14 1.0
308.0 219.1509 14 1.0
308.1 219.2264 14 1.0
308.2 219.3019 14 1.0
308.3 219.3775 14 1.0
308.4 219.453 14 1.0
308.5 219.5285 14 1.0
308.6 219.604 14 1.0
308.7 219.6795 14 1.0
308.8 219.7551 14 1.0
308.9 219.8306 14 1.0
309.0 219.9061 14 1.0
309.1 219.9816 14 1.0
309.2 220.0572 14 1.0
309.3 220.1327 14 1.0
309.4 220.2082 14 1.0
309.5 220.2837 14 1.0
309.6 220.3592 14 1.0
309.7 220.4348 14 1.0
309.8 220.5103 14 1.0
309.9 220.5858 14 1.0
310.0 220.6613 14 1.0
310.1 220.7369 14 1.0
310.2 220.8124 14 1.0
310.3 220.8879 14 1.0
310.4 220.9634 14 1.0
310.5 221.0389 14 1.0
310.6 221.1145 14 1.0
310.7 221.19 14 1.0
310.8 221.2655 14 1.0
310.9 221.341 14 1.0
311.0 221.4166 14 1.0
311.1 221.4921 14 1.0
311.2 221.5676 14 1.0
311.3 221.6431 14 1.0
311.4 221.7186 14 1.0
311.5 221.7942 14 1.0
311.6 221.8697 14 1.0
311.7 221.9452 14 1.0
311.8 222.0207 14 1.0
311.9 222.0963 14 1.0
312.0 222.1718 14 1.0
312.1 222.2473 14 1.0
312.2 222.3228 14 1.0
312.3 222.3983 14 1.0
312.4 222.4739 14 1.0
312.5 222.5494 14 1.0
312.6 222.6249 14 1.0
312.7 222.7004 14 1.0
312.8 222.776 14 1.0
312.9 222.8515 14 1.0
313.0 222.927 14 1.0
313.1 223.0025 14 1.0
313.2 223.078 14 1.0
313.3 223.1536 14 1.0
313.4 223.2291 14 1.0
313.5 223.3046 14 1.0
313.6 223.3801 14 1.0
313.7 223.4557 14 1.0
313.8 223.5312 14 1.0
313.9 223.6067 14 1.0
314.0 223.6822 14 1.0
314.1 223.7577 14 1.0
314.2 223.8333 14 1.0
314.3 223.9088 14 1.0
314.4 223.9843 14 1.0
314.5 224.0598 14 1.0
314.6 224.1354 14 1.0
314.7 224.2109 14 1.0
314.8 224.2864 14 1.0
314.9 224.3619 14 1.0
315.0 224.4374 14 1.0
315.1 224.513 14 1.0
315.2 224.5885 14 1.0
315.3 224.664 14 1.0
315.4 224.7395 14 1.0
315.5 224.8151 14 1.0
315.6 224.8906 14 1.0
315.7 224.9661 14 1.0
315.8 225.0416 14 1.0
315.9 225.1171 14 1.0
316.0 225.1927 14 1.0
316.1 225.2682 14 1.0
316.2 225.3437 14 1.0
316.3 225.4192 14 1.0
316.4 225.4948 14 1.0
316.5 225.5703 14 1.0
316.6 225.6458 14 1.0
316.7 225.7213 14 1.0
316.8 225.7968 14 1.0
316.9 225.8724 14 1.0
317.0 225.9479 14 1.0
317.1 226.0234 14 1.0
317.2 226.0989 14 1.0
317.3 226.1745 14 1.0
317.4 226.25 14 1.0
317.5 226.3255 14 1.0
317.6 226.401 14 1.0
317.7 226.4765 14 1.0
317.8 226.5521 14 1.0
317.9 226.6276 14 1.0
318.0 226.7031 14 1.0
318.1 226.7786 14 1.0
318.2 226.8542 14 1.0
318.3 226.9297 14 1.0
318.4 227.0052 14 1.0
318.5 227.0807 14 1.0
318.6 227.1562 14 1.0
318.7 227.2318 14 1.0
318.8 227.3073 14 1.0
318.9 227.3828 14 1.0
319.0 227.4583 14 1.0
319.1 227.5339 14 1.0
319.2 227.6094 14 1.0
319.3 227.6849 14 1.0
319.4 227.7604 14 1.0
319.5 227.8359 14 1.0
319.6 227.9115 14 1.0
319.7 227.987 14 1.0
319.8 228.0625 14 1.0
319.9 228.138 14 1.0
320.0 228.2135 14 1.0
320.1 228.2891 14 1.0
320.2 228.3646 14 1.0
320.3 228.4401 14 1.0
320.4 228.5156 14 1.0
320.5 228.5912 14 1.0
320.6 228.6667 14 1.0
320.7 228.7422 14 1.0
320.8 228.8177 14 1.0
320.9 228.8932 14 1.0
321.0 228.9688 14 1.0
321.1 229.0443 14 1.0
321.2 229.1198 14 1.0
321.3 229.1953 14 1.0
321.4 229.2709 14 1.0
321.5 229.3464 14 1.0
321.6 229.4219 14 1.0
321.7 229.4974 14 1.0
321.8 229.5729 14 1.0
321.9 229.6485 14 1.0
322.0 229.724 14 1.0
322.1 229.7995 14 1.0
322.2 229.875 14 1.0
322.3 229.9506 14 1.0
322.4 230.0261 14 1.0
322.5 230.1016 14 1.0
322.6 230.1771 14 1.0
322.7 230.2526 14 1.0
322.8 230.3282 14 1.0
322.9 230.4037 14 1.0
323.0 230.4792 14 1.0
323.1 230.5547 14 1.0
323.2 230.6303 14 1.0
323.3 230.7058 14 1.0
323.4 230.7813 14 1.0
323.5 230.8568 14 1.0
323.6 230.9323 14 1.0
323.7 231.0079 14 1.0
323.8 231.0834 14 1.0
323.9 231.1589 14 1.0
324.0 231.2344 14 1.0
324.1 231.31 14 1.0
324.2 231.3855 14 1.0
324.3 231.461 14 1.0
324.4 231.5365 14 1.0
324.5 231.612 14 1.0
324.6 231.6876 14 1.0
324.7 231.7631 14 1.0
324.8 231.8386 14 1.0
324.9 231.9141 14 1.0
325.0 231.9897 14 1.0
325.1 232.0652 14 1.0
325.2 232.1407 14 1.0
325.3 232.2162 14 1.0
325.4 232.2917 14 1.0
325.5 232.3673 14 1.0
325.6 232.4428 14 1.0
325.7 232.5183 14 1.0
325.8 232.5938 14 1.0
325.9 232.6694 14 1.0
326.0 232.7449 14 1.0
326.1 232.8204 14 1.0
326.2 232.8959 14 1.0
326.3 232.9714 14 1.0
326.4 233.047 14 1.0
326.5 233.1225 14 1.0
326.6 233.198 14 1.0
326.7 233.2735 14 1.0
326.8 233.3491 14 1.0
326.9 233.4246 14 1.0
327.0 233.5001 14 1.0
327.1 233.5756 14 1.0
327.2 233.6511 14 1.0
327.3 233.7267 14 1.0
327.4 233.8022 14 1.0
327.5 233.8777 14 1.0
327.6 233.9532 14 1.0
327.7 234.0288 14 1.0
327.8 234.1043 14 1.0
327.9 234.1798 14 1.0
328.0 234.2553 14 1.0
328.1 234.3308 14 1.0
328.2 234.4064 14 1.0
328.3 234.4819 14 1.0
328.4 234.5574 14 1.0
328.5 234.6329 14 1.0
328.6 234.7085 14 1.0
328.7 234.784 14 1.0
328.8 234.8595 14 1.0
328.9 234.935 14 1.0
329.0 235.0105 14 1.0
329.1 235.0861 14 1.0
329.2 235.1616 14 1.0
329.3 235.2371 14 1.0
329.4 235.3126 14 1.0
329.5 235.3882 14 1.0
329.6 235.4637 14 1.0
329.7 235.5392 14 1.0
329.8 235.6147 14 1.0
329.9 235.6902 14 1.0
330.0 235.7658 14 1.0
330.1 235.8413 14 1.0
330.2 235.9168 14 1.0
330.3 235.9923 14 1.0
330.4 236.0679 14 1.0
330.5 236.1434 14 1.0
330.6 236.2189 14 1.0
330.7 236.2944 14 1.0
330.8 236.3699 14 1.0
330.9 236.4455 14 1.0
331.0 236.521 14 1.0
331.1 236.5965 14 1.0
331.2 236.672 14 1.0
331.3 236.7476 14 1.0
331.4 236.8231 14 1.0
331.5 236.8986 14 1.0
331.6 236.9741 14 1.0
331.7 237.0496 14 1.0
331.8 237.1252 14 1.0
331.9 237.2007 14 1.0
332.0 237.2762 14 1.0
332.1 237.3517 14 1.0
332.2 237.4273 14 1.0
332.3 237.5028 14 1.0
332.4 237.5783 14 1.0
332.5 237.6538 14 1.0
332.6 237.7293 14 1.0
332.7 237.8049 14 1.0
332.8 237.8804 14 1.0
332.9 237.9559 14 1.0
333.0 238.0314 14 1.0
333.1 238.107 14 1.0
333.2 238.1825 14 1.0
333.3 238.258 14 1.0
333.4 238.3335 14 1.0
333.5 238.409 14 1.0
333.6 238.4846 14 1.0
333.7 238.5601 14 1.0
333.8 238.6356 14 1.0
333.9 238.7111 14 1.0
334.0 238.7867 14 1.0
334.1 238.8622 14 1.0
334.2 238.9377 14 1.0
334.3 239.0132 14 1.0
334.4 239.0887 14 1.0
334.5 239.1643 14 1.0
334.6 239.2398 14 1.0
334.7 239.3153 14 1.0
334.8 239.3908 14 1.0
334.9 239.4664 14 1.0
335.0 239.5419 14 1.0
335.1 239.6174 14 1.0
335.2 239.6929 14 1.0
335.3 239.7684 14 1.0
335.4 239.844 14 1.0
335.5 239.9195 14 1.0
335.6 239.995 14 1.0
335.7 240.0705 14 1.0
335.8 240.1461 14 1.0
335.9 240.2216 14 1.0
336.0 240.2971 14 1.0
336.1 240.3726 14 1.0
336.2 240.4481 14 1.0
336.3 240.5237 14 1.0
336.4 240.5992 14 1.0
336.5 240.6747 14 1.0
336.6 240.7502 14 1.0
336.7 240.8258 14 1.0
336.8 240.9013 14 1.0
336.9 240.9768 14 1.0
337.0 241.0523 14 1.0
337.1 241.1278 14 1.0
337.2 241.2034 14 1.0
337.3 241.2789 14 1.0
337.4 241.3544 14 1.0
337.5 241.4299 14 1.0
337.6 241.5055 14 1.0
337.7 241.581 14 1.0
337.8 241.6565 14 1.0
337.9 241.732 14 1.0
338.0 241.8075 14 1.0
338.1 241.8831 14 1.0
338.2 241.9586 14 1.0
338.3 242.0341 14 1.0
338.4 242.1096 14 1.0
338.5 242.1852 14 1.0
338.6 242.2607 14 1.0
338.7 242.3362 14 1.0
338.8 242.4117 14 1.0
338.9 242.4872 14 1.0
339.0 242.5628 14 1.0
339.1 242.6383 14 1.0
339.2 242.7138 14 1.0
339.3 242.7893 14 1.0
339.4 242.8649 14 1.0
339.5 242.9404 14 1.0
339.6 243.0159 14 1.0
339.7 243.0914 14 1.0
339.8 243.1669 14 1.0
339.9 243.2425 14 1.0
340.0 243.318 14 1.0
340.1 243.3935 14 1.0
340.2 243.469 14 1.0
340.3 243.5446 14 1.0
340.4 243.6201 14 1.0
340.5 243.6956 14 1.0
340.6 243.7711 14 1.0
340.7 243.8466 14 1.0
340.8 243.9222 14 1.0
340.9 243.9977 14 1.0
341.0 244.0732 14 1.0
341.1 244.1487 14 1.0
341.2 244.2243 14 1.0
341.3 244.2998 14 1.0
341.4 244.3753 14 1.0
341.5 244.4508 14 1.0
341.6 244.5263 14 1.0
341.7 244.6019 14 1.0
341.8 244.6774 14 1.0
341.9 244.7529 14 1.0
342.0 244.8284 14 1.0
342.1 244.904 14 1.0
342.2 244.9795 14 1.0
342.3 245.055 14 1.0
342.4 245.1305 14 1.0
342.5 245.206 14 1.0
342.6 245.2816 14 1.0
342.7 245.3571 14 1.0
342.8 245.4326 14 1.0
342.9 245.5081 14 1.0
343.0 245.5836 14 1.0
343.1 245.6592 14 1.0
343.2 245.7347 14 1.0
343.3 245.8102 14 1.0
343.4 245.8857 14 1.0
343.5 245.9613 14 1.0
343.6 246.0368 14 1.0
343.7 246.1123 14 1.0
343.8 246.1878 14 1.0
343.9 246.2633 14 1.0
344.0 246.3389 14 1.0
344.1 246.4144 14 1.0
344.2 246.4899 14 1.0
344.3 246.5654 14 1.0
344.4 246.641 14 1.0
344.5 246.7165 14 1.0
344.6 246.792 14 1.0
344.7 246.8675 14 1.0
344.8 246.943 14 1.0
344.9 247.0186 14 1.0
345.0 247.0941 14 1.0
345.1 247.1696 14 1.0
345.2 247.2451 14 1.0
345.3 247.3207 14 1.0
345.4 247.3962 14 1.0
345.5 247.4717 14 1.0
345.6 247.5472 14 1.0
345.7 247.6227 14 1.0
345.8 247.6983 14 1.0
345.9 247.7738 14 1.0
346.0 247.8493 14 1.0
346.1 247.9248 14 1.0
346.2 248.0004 14 1.0
346.3 248.0759 14 1.0
346.4 248.1514 14 1.0
346.5 248.2269 14 1.0
346.6 248.3024 14 1.0
346.7 248.378 14 1.0
346.8 248.4535 14 1.0
346.9 248.529 14 1.0
347.0 248.6045 14 1.0
347.1 248.6801 14 1.0
347.2 248.7556 14 1.0
347.3 248.8311 14 1.0
347.4 248.9066 14 1.0
347.5 248.9821 14 1.0
347.6 249.0577 14 1.0
347.7 249.1332 14 1.0
347.8 249.2087 14 1.0
347.9 249.2842 14 1.0
348.0 249.3598 14 1.0
348.1 249.4353 14 1.0
348.2 249.5108 14 1.0
348.3 249.5863 14 1.0
348.4 249.6618 14 1.0
348.5 249.7374 14 1.0
348.6 249.8129 14 1.0
348.7 249.8884 14 1.0
348.8 249.9639 14 1.0
348.9 250.0395 14 1.0
349.0 250.115 14 1.0
349.1 250.1905 14 1.0
349.2 250.266 14 1.0
349.3 250.3415 14 1.0
349.4 250.4171 14 1.0
349.5 250.4926 14 1.0
349.6 250.5681 14 1.0
349.7 250.6436 14 1.0
349.8 250.7192 14 1.0
349.9 250.7961 14 1.0
350.0 250.8731 14 1.0
350.1 250.95 14 1.0
350.2 251.027 14 1.0
350.3 251.1039 14 1.0
350.4 251.1809 14 1.0
350.5 251.2578 14 1.0
350.6 251.3348 14 1.0
350.7 251.4118 14 1.0
350.8 251.4887 14 1.0
350.9 251.5657 14 1.0
351.0 251.6426 14 1.0
351.1 251.7196 14 1.0
351.2 251.7965 14 1.0
351.3 251.8735 14 1.0
351.4 251.9505 14 1.0
351.5 252.0274 14 1.0
351.6 252.1044 14 1.0
351.7 252.1813 14 1.0
351.8 252.2583 14 1.0
351.9 252.3352 14 1.0
352.0 252.4122 14 1.0
352.1 252.4891 14 1.0
352.2 252.5661 14 1.0
352.3 252.6431 14 1.0
352.4 252.72 14 1.0
352.5 252.797 14 1.0
352.6 252.8739 14 1.0
352.7 252.9509 14 1.0
352.8 253.0278 14 1.0
352.9 253.1048 14 1.0
353.0 253.1817 14 1.0
353.1 253.2587 14 1.0
353.2 253.3357 14 1.0
353.3 253.4126 14 1.0
353.4 253.4896 14 1.0
353.5 253.5665 14 1.0
353.6 253.6435 14 1.0
353.7 253.7204 14 1.0
353.8 253.7974 14 1.0
353.9 253.8744 14 1.0
354.0 253.9513 14 1.0
354.1 254.0283 14 1.0
354.2 254.1052 14 1.0
354.3 254.1822 14 1.0
354.4 254.2591 14 1.0
354.5 254.3361 14 1.0
354.6 254.413 14 1.0
354.7 254.49 14 1.0
354.8 254.567 14 1.0
354.9 254.6439 14 1.0
355.0 254.7209 14 1.0
355.1 254.7978 14 1.0
355.2 254.8748 14 1.0
355.3 254.9517 14 1.0
355.4 255.0287 14 1.0
355.5 255.1056 14 1.0
355.6 255.1826 14 1.0
355.7 255.2596 14 1.0
355.8 255.3365 14 1.0
355.9 255.4135 14 1.0
356.0 255.4904 14 1.0
356.1 255.5674 14 1.0
356.2 255.6443 14 1.0
356.3 255.7213 14 1.0
356.4 255.7982 14 1.0
356.5 255.8752 14 1.0
356.6 255.9522 14 1.0
356.7 256.0291 14 1.0
356.8 256.1061 14 1.0
356.9 256.183 14 1.0
357.0 256.26 14 1.0
357.1 256.3369 14 1.0
357.2 256.4139 14 1.0
357.3 256.4909 14 1.0
357.4 256.5678 14 1.0
357.5 256.6448 14 1.0
357.6 256.7217 14 1.0
357.7 256.7987 14 1.0
357.8 256.8756 14 1.0
357.9 256.9526 14 1.0
358.0 257.0295 14 1.0
358.1 257.1065 14 1.0
358.2 257.1835 14 1.0
358.3 257.2604 14 1.0
358.4 257.3374 14 1.0
358.5 257.4143 14 1.0
358.6 257.4913 14 1.0
358.7 257.5682 14 1.0
358.8 257.6452 14 1.0
358.9 257.7221 14 1.0
359.0 257.7991 14 1.0
359.1 257.8761 14 1.0
359.2 257.953 14 1.0
359.3 258.03 14 1.0
359.4 258.1069 14 1.0
359.5 258.1839 14 1.0
359.6 258.2608 14 1.0
359.7 258.3378 14 1.0
359.8 258.4148 14 1.0
359.9 258.4917 14 1.0
360.0 258.5687 14 1.0
360.1 258.6456 14 1.0
360.2 258.7226 14 1.0
360.3 258.7995 14 1.0
360.4 258.8765 14 1.0
360.5 258.9534 14 1.0
360.6 259.0304 14 1.0
360.7 259.1074 14 1.0
360.8 259.1843 14 1.0
360.9 259.2613 14 1.0
361.0 259.3382 14 1.0
361.1 259.4152 14 1.0
361.2 259.4921 14 1.0
361.3 259.5691 14 1.0
361.4 259.646 14 1.0
361.5 259.723 14 1.0
361.6 259.8 14 1.0
361.7 259.8769 14 1.0
361.8 259.9539 14 1.0
361.9 260.0308 14 1.0
362.0 260.1078 14 1.0
362.1 260.1847 14 1.0
362.2 260.2617 14 1.0
362.3 260.3386 14 1.0
362.4 260.4156 14 1.0
362.5 260.4926 14 1.0
362.6 260.5695 14 1.0
362.7 260.6465 14 1.0
362.8 260.7234 14 1.0
362.9 260.8004 14 1.0
363.0 260.8773 14 1.0
363.1 260.9543 14 1.0
363.2 261.0313 14 1.0
363.3 261.1082 14 1.0
363.4 261.1852 14 1.0
363.5 261.2621 14 1.0
363.6 261.3391 14 1.0
363.7 261.416 14 1.0
363.8 261.493 14 1.0
363.9 261.5699 14 1.0
364.0 261.6469 14 1.0
364.1 261.7239 14 1.0
364.2 261.8008 14 1.0
364.3 261.8778 14 1.0
364.4 261.9547 14 1.0
364.5 262.0317 14 1.0
364.6 262.1086 14 1.0
364.7 262.1856 14 1.0
364.8 262.2625 14 1.0
364.9 262.3395 14 1.0
365.0 262.4165 14 1.0
365.1 262.4934 14 1.0
365.2 262.5704 14 1.0
365.3 262.6473 14 1.0
365.4 262.7243 14 1.0
365.5 262.8012 14 1.0
365.6 262.8782 14 1.0
365.7 262.9552 14 1.0
365.8 263.0321 14 1.0
365.9 263.1091 14 1.0
366.0 263.186 14 1.0
366.1 263.263 14 1.0
366.2 263.3399 14 1.0
366.3 263.4169 14 1.0
366.4 263.4938 14 1.0
366.5 263.5708 14 1.0
366.6 263.6478 14 1.0
366.7 263.7247 14 1.0
366.8 263.8017 14 1.0
366.9 263.8786 14 1.0
367.0 263.9556 14 1.0
367.1 264.0325 14 1.0
367.2 264.1095 14 1.0
367.3 264.1864 14 1.0
367.4 264.2634 14 1.0
367.5 264.3404 14 1.0
367.6 264.4173 14 1.0
367.7 264.4943 14 1.0
367.8 264.5712 14 1.0
367.9 264.6482 14 1.0
368.0 264.7251 14 1.0
368.1 264.8021 14 1.0
368.2 264.8791 14 1.0
368.3 264.956 14 1.0
368.4 265.033 14 1.0
368.5 265.1099 14 1.0
368.6 265.1869 14 1.0
368.7 265.2638 14 1.0
368.8 265.3408 14 1.0
368.9 265.4177 14 1.0
369.0 265.4947 14 1.0
369.1 265.5717 14 1.0
369.2 265.6486 14 1.0
369.3 265.7256 14 1.0
369.4 265.8025 14 1.0
369.5 265.8795 14 1.0
369.6 265.9564 14 1.0
369.7 266.0334 14 1.0
369.8 266.1103 14 1.0
369.9 266.1873 14 1.0
370.0 266.2643 14 1.0
370.1 266.3412 14 1.0
370.2 266.4182 14 1.0
370.3 266.4951 14 1.0
370.4 266.5721 14 1.0
370.5 266.649 14 1.0
370.6 266.726 14 1.0
370.7 266.8029 14 1.0
370.8 266.8799 14 1.0
370.9 266.9569 14 1.0
371.0 267.0338 14 1.0
371.1 267.1108 14 1.0
371.2 267.1877 14 1.0
371.3 267.2647 14 1.0
371.4 267.3416 14 1.0
371.5 267.4186 14 1.0
371.6 267.4956 14 1.0
371.7 267.5725 14 1.0
371.8 267.6495 14 1.0
371.9 267.7264 14 1.0
372.0 267.8034 14 1.0
372.1 267.8803 14 1.0
372.2 267.9573 14 1.0
372.3 268.0342 14 1.0
372.4 268.1112 14 1.0
372.5 268.1882 14 1.0
372.6 268.2651 14 1.0
372.7 268.3421 14 1.0
372.8 268.419 14 1.0
372.9 268.496 14 1.0
373.0 268.5729 14 1.0
373.1 268.6499 14 1.0
373.2 268.7268 14 1.0
373.3 268.8038 14 1.0
373.4 268.8808 14 1.0
373.5 268.9577 14 1.0
373.6 269.0347 14 1.0
373.7 269.1116 14 1.0
373.8 269.1886 14 1.0
373.9 269.2655 14 1.0
374.0 269.3425 14 1.0
374.1 269.4195 14 1.0
374.2 269.4964 14 1.0
374.3 269.5734 14 1.0
374.4 269.6503 14 1.0
374.5 269.7273 14 1.0
374.6 269.8042 14 1.0
374.7 269.8812 14 1.0
374.8 269.9581 14 1.0
374.9 270.0351 14 1.0
375.0 270.1121 14 1.0
375.1 270.189 14 1.0
375.2 270.266 14 1.0
375.3 270.3429 14 1.0
375.4 270.4199 14 1.0
375.5 270.4968 14 1.0
375.6 270.5738 14 1.0
375.7 270.6507 14 1.0
375.8 270.7277 14 1.0
375.9 270.8047 14 1.0
376.0 270.8816 14 1.0
376.1 270.9586 14 1.0
376.2 271.0355 14 1.0
376.3 271.1125 14 1.0
376.4 271.1894 14 1.0
376.5 271.2664 14 1.0
376.6 271.3433 14 1.0
376.7 271.4203 14 1.0
376.8 271.4973 14 1.0
376.9 271.5742 14 1.0
377.0 271.6512 14 1.0
377.1 271.7281 14 1.0
377.2 271.8051 14 1.0
377.3 271.882 14 1.0
377.4 271.959 14 1.0
377.5 272.036 14 1.0
377.6 272.1129 14 1.0
377.7 272.1899 14 1.0
377.8 272.2668 14 1.0
377.9 272.3438 14 1.0
378.0 272.4207 14 1.0
378.1 272.4977 14 1.0
378.2 272.5746 14 1.0
378.3 272.6516 14 1.0
378.4 272.7286 14 1.0
378.5 272.8055 14 1.0
378.6 272.8825 14 1.0
378.7 272.9594 14 1.0
378.8 273.0364 14 1.0
378.9 273.1133 14 1.0
379.0 273.1903 14 1.0
379.1 273.2672 14 1.0
379.2 273.3442 14 1.0
379.3 273.4212 14 1.0
379.4 273.4981 14 1.0
379.5 273.5751 14 1.0
379.6 273.652 14 1.0
379.7 273.729 14 1.0
379.8 273.8059 14 1.0
379.9 273.8829 14 1.0
380.0 273.9599 14 1.0
380.1 274.0368 14 1.0
380.2 274.1138 14 1.0
380.3 274.1907 14 1.0
380.4 274.2677 14 1.0
380.5 274.3446 14 1.0
380.6 274.4216 14 1.0
380.7 274.4985 14 1.0
380.8 274.5755 14 1.0
380.9 274.6525 14 1.0
381.0 274.7294 14 1.0
381.1 274.8064 14 1.0
381.2 274.8833 14 1.0
381.3 274.9603 14 1.0
381.4 275.0372 14 1.0
381.5 275.1142 14 1.0
381.6 275.1911 14 1.0
381.7 275.2681 14 1.0
381.8 275.3451 14 1.0
381.9 275.422 14 1.0
382.0 275.499 14 1.0
382.1 275.5759 14 1.0
382.2 275.6529 14 1.0
382.3 275.7298 14 1.0
382.4 275.8068 14 1.0
382.5 275.8837 14 1.0
382.6 275.9607 14 1.0
382.7 276.0377 14 1.0
382.8 276.1146 14 1.0
382.9 276.1916 14 1.0
383.0 276.2685 14 1.0
383.1 276.3455 14 1.0
383.2 276.4224 14 1.0
383.3 276.4994 14 1.0
383.4 276.5764 14 1.0
383.5 276.6533 14 1.0
383.6 276.7303 14 1.0
383.7 276.8072 14 1.0
383.8 276.8842 14 1.0
383.9 276.9611 14 1.0
384.0 277.0381 14 1.0
384.1 277.115 14 1.0
384.2 277.192 14 1.0
384.3 277.269 14 1.0
384.4 277.3459 14 1.0
384.5 277.4229 14 1.0
384.6 277.4998 14 1.0
384.7 277.5768 14 1.0
384.8 277.6537 14 1.0
384.9 277.7307 14 1.0
385.0 277.8076 14 1.0
385.1 277.8846 14 1.0
385.2 277.9616 14 1.0
385.3 278.0385 14 1.0
385.4 278.1155 14 1.0
385.5 278.1924 14 1.0
385.6 278.2694 14 1.0
385.7 278.3463 14 1.0
385.8 278.4233 14 1.0
385.9 278.5003 14 1.0
386.0 278.5772 14 1.0
386.1 278.6542 14 1.0
386.2 278.7311 14 1.0
386.3 278.8081 14 1.0
386.4 278.885 14 1.0
386.5 278.962 14 1.0
386.6 279.0389 14 1.0
386.7 279.1159 14 1.0
386.8 279.1929 14 1.0
386.9 279.2698 14 1.0
387.0 279.3468 14 1.0
387.1 279.4237 14 1.0
387.2 279.5007 14 1.0
387.3 279.5776 14 1.0
387.4 279.6546 14 1.0
387.5 279.7315 14 1.0
387.6 279.8085 14 1.0
387.7 279.8855 14 1.0
387.8 279.9624 14 1.0
387.9 280.0394 14 1.0
388.0 280.1163 14 1.0
388.1 280.1933 14 1.0
388.2 280.2702 14 1.0
388.3 280.3472 14 1.0
388.4 280.4241 14 1.0
388.5 280.5011 14 1.0
388.6 280.5781 14 1.0
388.7 280.655 14 1.0
388.8 280.732 14 1.0
388.9 280.8089 14 1.0
389.0 280.8859 14 1.0
389.1 280.9628 14 1.0
389.2 281.0398 14 1.0
389.3 281.1168 14 1.0
389.4 281.1937 14 1.0
389.5 281.2707 14 1.0
389.6 281.3476 14 1.0
389.7 281.4246 14 1.0
389.8 281.5015 14 1.0
389.9 281.5785 14 1.0
390.0 281.6554 14 1.0
390.1 281.7324 14 1.0
390.2 281.8094 14 1.0
390.3 281.8863 14 1.0
390.4 281.9633 14 1.0
390.5 282.0402 14 1.0
390.6 282.1172 14 1.0
390.7 282.1941 14 1.0
390.8 282.2711 14 1.0
390.9 282.348 14 1.0
391.0 282.425 14 1.0
391.1 282.502 14 1.0
391.2 282.5789 14 1.0
391.3 282.6559 14 1.0
391.4 282.7328 14 1.0
391.5 282.8098 14 1.0
391.6 282.8867 14 1.0
391.7 282.9637 14 1.0
391.8 283.0407 14 1.0
391.9 283.1176 14 1.0
392.0 283.1946 14 1.0
392.1 283.2715 14 1.0
392.2 283.3485 14 1.0
392.3 283.4254 14 1.0
392.4 283.5024 14 1.0
392.5 283.5793 14 1.0
392.6 283.6563 14 1.0
392.7 283.7333 14 1.0
392.8 283.8102 14 1.0
392.9 283.8872 14 1.0
393.0 283.9641 14 1.0
393.1 284.0411 14 1.0
393.2 284.118 14 1.0
393.3 284.195 14 1.0
393.4 284.2719 14 1.0
393.5 284.3489 14 1.0
393.6 284.4259 14 1.0
393.7 284.5028 14 1.0
393.8 284.5798 14 1.0
393.9 284.6567 14 1.0
394.0 284.7337 14 1.0
394.1 284.8106 14 1.0
394.2 284.8876 14 1.0
394.3 284.9646 14 1.0
394.4 285.0415 14 1.0
394.5 285.1185 14 1.0
394.6 285.1954 14 1.0
394.7 285.2724 14 1.0
394.8 285.3493 14 1.0
394.9 285.4263 14 1.0
395.0 285.5032 14 1.0
395.1 285.5802 14 1.0
395.2 285.6572 14 1.0
395.3 285.7341 14 1.0
395.4 285.8111 14 1.0
395.5 285.888 14 1.0
395.6 285.965 14 1.0
395.7 286.0419 14 1.0
395.8 286.1189 14 1.0
395.9 286.1958 14 1.0
396.0 286.2728 14 1.0
396.1 286.3498 14 1.0
396.2 286.4267 14 1.0
396.3 286.5037 14 1.0
396.4 286.5806 14 1.0
396.5 286.6576 14 1.0
396.6 286.7345 14 1.0
396.7 286.8115 14 1.0
396.8 286.8884 14 1.0
396.9 286.9654 14 1.0
397.0 287.0424 14 1.0
397.1 287.1193 14 1.0
397.2 287.1963 14 1.0
397.3 287.2732 14 1.0
397.4 287.3502 14 1.0
397.5 287.4271 14 1.0
397.6 287.5041 14 1.0
397.7 287.5811 14 1.0
397.8 287.658 14 1.0
397.9 287.735 14 1.0
398.0 287.8119 14 1.0
398.1 287.8889 14 1.0
398.2 287.9658 14 1.0
398.3 288.0428 14 1.0
398.4 288.1197 14 1.0
398.5 288.1967 14 1.0
398.6 288.2737 14 1.0
398.7 288.3506 14 1.0
398.8 288.4276 14 1.0
398.9 288.5045 14 1.0
399.0 288.5815 14 1.0
399.1 288.6584 14 1.0
399.2 288.7354 14 1.0
399.3 288.8123 14 1.0
399.4 288.8893 14 1.0
399.5 288.9663 14 1.0
399.6 289.0432 14 1.0
399.7 289.1202 14 1.0
399.8 289.1971 14 1.0
399.9 289.2727 14 1.0
400.0 289.3484 14 1.0
400.1 289.424 14 1.0
400.2 289.4996 14 1.0
400.3 289.5752 14 1.0
400.4 289.6508 14 1.0
400.5 289.7264 14 1.0
400.6 289.802 14 1.0
400.7 289.8776 14 1.0
400.8 289.9532 14 1.0
400.9 290.0289 14 1.0
401.0 290.1045 14 1.0
401.1 290.1801 14 1.0
401.2 290.2557 14 1.0
401.3 290.3313 14 1.0
401.4 290.4069 14 1.0
401.5 290.4825 14 1.0
401.6 290.5581 14 1.0
401.7 290.6337 14 1.0
401.8 290.7094 14 1.0
401.9 290.785 14 1.0
402.0 290.8606 14 1.0
402.1 290.9362 14 1.0
402.2 291.0118 14 1.0
402.3 291.0874 14 1.0
402.4 291.163 14 1.0
402.5 291.2386 14 1.0
402.6 291.3143 14 1.0
402.7 291.3899 14 1.0
402.8 291.4655 14 1.0
402.9 291.5411 14 1.0
403.0 291.6167 14 1.0
403.1 291.6923 14 1.0
403.2 291.7679 14 1.0
403.3 291.8435 14 1.0
403.4 291.9191 14 1.0
403.5 291.9948 14 1.0
403.6 292.0704 14 1.0
403.7 292.146 14 1.0
403.8 292.2216 14 1.0
403.9 292.2972 14 1.0
404.0 292.3728 14 1.0
404.1 292.4484 14 1.0
404.2 292.524 14 1.0
404.3 292.5997 14 1.0
404.4 292.6753 14 1.0
404.5 292.7509 14 1.0
404.6 292.8265 14 1.0
404.7 292.9021 14 1.0
404.8 292.9777 14 1.0
404.9 293.0533 14 1.0
405.0 293.1289 14 1.0
405.1 293.2045 14 1.0
405.2 293.2802 14 1.0
405.3 293.3558 14 1.0
405.4 293.4314 14 1.0
405.5 293.507 14 1.0
405.6 293.5826 14 1.0
405.7 293.6582 14 1.0
405.8 293.7338 14 1.0
405.9 293.8094 14 1.0
406.0 293.8851 14 1.0
406.1 293.9607 14 1.0
406.2 294.0363 14 1.0
406.3 294.1119 14 1.0
406.4 294.1875 14 1.0
406.5 294.2631 14 1.0
406.6 294.3387 14 1.0
406.7 294.4143 14 1.0
406.8 294.4899 14 1.0
406.9 294.5656 14 1.0
407.0 294.6412 14 1.0
407.1 294.7168 14 1.0
407.2 294.7924 14 1.0
407.3 294.868 14 1.0
407.4 294.9436 14 1.0
407.5 295.0192 14 1.0
407.6 295.0948 14 1.0
407.7 295.1705 14 1.0
407.8 295.2461 14 1.0
407.9 295.3217 14 1.0
408.0 295.3973 14 1.0
408.1 295.4729 14 1.0
408.2 295.5485 14 1.0
408.3 295.6241 14 1.0
408.4 295.6997 14 1.0
408.5 295.7753 14 1.0
408.6 295.851 14 1.0
408.7 295.9266 14 1.0
408.8 296.0022 14 1.0
408.9 296.0778 14 1.0
409.0 296.1534 14 1.0
409.1 296.229 14 1.0
409.2 296.3046 14 1.0
409.3 296.3802 14 1.0
409.4 296.4559 14 1.0
409.5 296.5315 14 1.0
409.6 296.6071 14 1.0
409.7 296.6827 14 1.0
409.8 296.7583 14 1.0
409.9 296.8339 14 1.0
410.0 296.9095 14 1.0
410.1 296.9851 14 1.0
410.2 297.0607 14 1.0
410.3 297.1364 14 1.0
410.4 297.212 14 1.0
410.5 297.2876 14 1.0
410.6 297.3632 14 1.0
410.7 297.4388 14 1.0
410.8 297.5144 14 1.0
410.9 297.59 14 1.0
411.0 297.6656 14 1.0
411.1 297.7413 14 1.0
411.2 297.8169 14 1.0
411.3 297.8925 14 1.0
411.4 297.9681 14 1.0
411.5 298.0437 14 1.0
411.6 298.1193 14 1.0
411.7 298.1949 14 1.0
411.8 298.2705 14 1.0
411.9 298.3461 14 1.0
412.0 298.4218 14 1.0
412.1 298.4974 14 1.0
412.2 298.573 14 1.0
412.3 298.6486 14 1.0
412.4 298.7242 14 1.0
412.5 298.7998 14 1.0
412.6 298.8754 14 1.0
412.7 298.951 14 1.0
412.8 299.0267 14 1.0
412.9 299.1023 14 1.0
413.0 299.1779 14 1.0
413.1 299.2535 14 1.0
413.2 299.3291 14 1.0
413.3 299.4047 14 1.0
413.4 299.4803 14 1.0
413.5 299.5559 14 1.0
413.6 299.6315 14 1.0
413.7 299.7072 14 1.0
413.8 299.7828 14 1.0
413.9 299.8584 14 1.0
414.0 299.934 14 1.0
414.1 300.0096 14 1.0
414.2 300.0852 14 1.0
414.3 300.1608 14 1.0
414.4 300.2364 14 1.0
414.5 300.3121 14 1.0
414.6 300.3877 14 1.0
414.7 300.4633 14 1.0
414.8 300.5389 14 1.0
414.9 300.6145 14 1.0
415.0 300.6901 14 1.0
415.1 300.7657 14 1.0
415.2 300.8413 14 1.0
415.3 300.9169 14 1.0
415.4 300.9926 14 1.0
415.5 301.0682 14 1.0
415.6 301.1438 14 1.0
415.7 301.2194 14 1.0
415.8 301.295 14 1.0
415.9 301.3706 14 1.0
416.0 301.4462 14 1.0
416.1 301.5218 14 1.0
416.2 301.5975 14 1.0
416.3 301.6731 14 1.0
416.4 301.7487 14 1.0
416.5 301.8243 14 1.0
416.6 301.8999 14 1.0
416.7 301.9755 14 1.0
416.8 302.0511 14 1.0
416.9 302.1267 14 1.0
417.0 302.2023 14 1.0
417.1 302.278 14 1.0
417.2 302.3536 14 1.0
417.3 302.4292 14 1.0
417.4 302.5048 14 1.0
417.5 302.5804 14 1.0
417.6 302.656 14 1.0
417.7 302.7316 14 1.0
417.8 302.8072 14 1.0
417.9 302.8828 14 1.0
418.0 302.9585 14 1.0
418.1 303.0341 14 1.0
418.2 303.1097 14 1.0
418.3 303.1853 14 1.0
418.4 303.2609 14 1.0
418.5 303.3365 14 1.0
418.6 303.4121 14 1.0
418.7 303.4877 14 1.0
418.8 303.5634 14 1.0
418.9 303.639 14 1.0
419.0 303.7146 14 1.0
419.1 303.7902 14 1.0
419.2 303.8658 14 1.0
419.3 303.9414 14 1.0
419.4 304.017 14 1.0
419.5 304.0926 14 1.0
419.6 304.1682 14 1.0
419.7 304.2439 14 1.0
419.8 304.3195 14 1.0
419.9 304.3951 14 1.0
420.0 304.4707 14 1.0
420.1 304.5463 14 1.0
420.2 304.6219 14 1.0
420.3 304.6975 14 1.0
420.4 304.7731 14 1.0
420.5 304.8488 14 1.0
420.6 304.9244 14 1.0
420.7 305.0 14 1.0
420.8 305.0756 14 1.0
420.9 305.1512 14 1.0
421.0 305.2268 14 1.0
421.1 305.3024 14 1.0
421.2 305.378 14 1.0
421.3 305.4536 14 1.0
421.4 305.5293 14 1.0
421.5 305.6049 14 1.0
421.6 305.6805 14 1.0
421.7 305.7561 14 1.0
421.8 305.8317 14 1.0
421.9 305.9073 14 1.0
422.0 305.9829 14 1.0
422.1 306.0585 14 1.0
422.2 306.1342 14 1.0
422.3 306.2098 14 1.0
422.4 306.2854 14 1.0
422.5 306.361 14 1.0
422.6 306.4366 14 1.0
422.7 306.5122 14 1.0
422.8 306.5878 14 1.0
422.9 306.6634 14 1.0
423.0 306.739 14 1.0
423.1 306.8147 14 1.0
423.2 306.8903 14 1.0
423.3 306.9659 14 1.0
423.4 307.0415 14 1.0
423.5 307.1171 14 1.0
423.6 307.1927 14 1.0
423.7 307.2683 14 1.0
423.8 307.3439 14 1.0
423.9 307.4196 14 1.0
424.0 307.4952 14 1.0
424.1 307.5708 14 1.0
424.2 307.6464 14 1.0
424.3 307.722 14 1.0
424.4 307.7976 14 1.0
424.5 307.8732 14 1.0
424.6 307.9488 14 1.0
424.7 308.0244 14 1.0
424.8 308.1001 14 1.0
424.9 308.1757 14 1.0
425.0 308.2513 14 1.0
425.1 308.3269 14 1.0
425.2 308.4025 14 1.0
425.3 308.4781 14 1.0
425.4 308.5537 14 1.0
425.5 308.6293 14 1.0
425.6 308.705 14 1.0
425.7 308.7806 14 1.0
425.8 308.8562 14 1.0
425.9 308.9318 14 1.0
426.0 309.0074 14 1.0
426.1 309.083 14 1.0
426.2 309.1586 14 1.0
426.3 309.2342 14 1.0
426.4 309.3098 14 1.0
426.5 309.3855 14 1.0
426.6 309.4611 14 1.0
426.7 309.5367 14 1.0
426.8 309.6123 14 1.0
426.9 309.6879 14 1.0
427.0 309.7635 14 1.0
427.1 309.8391 14 1.0
427.2 309.9147 14 1.0
427.3 309.9904 14 1.0
427.4 310.066 14 1.0
427.5 310.1416 14 1.0
427.6 310.2172 14 1.0
427.7 310.2928 14 1.0
427.8 310.3684 14 1.0
427.9 310.444 14 1.0
428.0 310.5196 14 1.0
428.0 310.5952 14 1.0
428.2 310.6709 14 1.0
428.2 310.7465 14 1.0
428.3 310.8221 14 1.0
428.4 310.8977 14 1.0
428.5 310.9733 14 1.0
428.6 311.0489 14 1.0
428.7 311.1245 14 1.0
428.8 311.2001 14 1.0
428.9 311.2758 14 1.0
429.0 311.3514 14 1.0
429.1 311.427 14 1.0
429.2 311.5026 14 1.0
429.3 311.5782 14 1.0
429.4 311.6538 14 1.0
429.5 311.7294 14 1.0
429.6 311.805 14 1.0
429.7 311.8806 14 1.0
429.8 311.9563 14 1.0
429.9 312.0319 14 1.0
430.0 312.1075 14 1.0
430.1 312.1831 14 1.0
430.2 312.2587 14 1.0
430.3 312.3343 14 1.0
430.4 312.4099 14 1.0
430.5 312.4855 14 1.0
430.6 312.5612 14 1.0
430.7 312.6368 14 1.0
430.8 312.7124 14 1.0
430.9 312.788 14 1.0
431.0 312.8636 14 1.0
431.1 312.9392 14 1.0
431.2 313.0148 14 1.0
431.3 313.0904 14 1.0
431.4 313.166 14 1.0
431.5 313.2417 14 1.0
431.6 313.3173 14 1.0
431.7 313.3929 14 1.0
431.8 313.4685 14 1.0
431.9 313.5441 14 1.0
432.0 313.6197 14 1.0
432.1 313.6953 14 1.0
432.2 313.7709 14 1.0
432.3 313.8466 14 1.0
432.4 313.9222 14 1.0
432.5 313.9978 14 1.0
432.6 314.0734 14 1.0
432.7 314.149 14 1.0
432.8 314.2246 14 1.0
432.9 314.3002 14 1.0
433.0 314.3758 14 1.0
433.1 314.4514 14 1.0
433.2 314.5271 14 1.0
433.3 314.6027 14 1.0
433.4 314.6783 14 1.0
433.5 314.7539 14 1.0
433.6 314.8295 14 1.0
433.7 314.9051 14 1.0
433.8 314.9807 14 1.0
433.9 315.0563 14 1.0
434.0 315.1319 14 1.0
434.1 315.2076 14 1.0
434.2 315.2832 14 1.0
434.3 315.3588 14 1.0
434.4 315.4344 14 1.0
434.5 315.51 14 1.0
434.6 315.5856 14 1.0
434.7 315.6612 14 1.0
434.8 315.7368 14 1.0
434.9 315.8125 14 1.0
435.0 315.8881 14 1.0
435.1 315.9637 14 1.0
435.2 316.0393 14 1.0
435.3 316.1149 14 1.0
435.4 316.1905 14 1.0
435.5 316.2661 14 1.0
435.6 316.3417 14 1.0
435.7 316.4173 14 1.0
435.8 316.493 14 1.0
435.9 316.5686 14 1.0
436.0 316.6442 14 1.0
436.1 316.7198 14 1.0
436.2 316.7954 14 1.0
436.3 316.871 14 1.0
436.4 316.9466 14 1.0
436.5 317.0222 14 1.0
436.6 317.0979 14 1.0
436.7 317.1735 14 1.0
436.8 317.2491 14 1.0
436.9 317.3247 14 1.0
437.0 317.4003 14 1.0
437.1 317.4759 14 1.0
437.2 317.5515 14 1.0
437.3 317.6271 14 1.0
437.4 317.7027 14 1.0
437.5 317.7784 14 1.0
437.6 317.854 14 1.0
437.7 317.9296 14 1.0
437.8 318.0052 14 1.0
437.9 318.0808 14 1.0
438.0 318.1564 14 1.0
438.1 318.232 14 1.0
438.2 318.3076 14 1.0
438.3 318.3833 14 1.0
438.4 318.4589 14 1.0
438.5 318.5345 14 1.0
438.6 318.6101 14 1.0
438.7 318.6857 14 1.0
438.8 318.7613 14 1.0
438.9 318.8369 14 1.0
439.0 318.9125 14 1.0
439.1 318.9881 14 1.0
439.2 319.0638 14 1.0
439.3 319.1394 14 1.0
439.4 319.215 14 1.0
439.5 319.2906 14 1.0
439.6 319.3662 14 1.0
439.7 319.4418 14 1.0
439.8 319.5174 14 1.0
439.9 319.593 14 1.0
440.0 319.6687 14 1.0
440.1 319.7443 14 1.0
440.2 319.8199 14 1.0
440.3 319.8955 14 1.0
440.4 319.9711 14 1.0
440.5 320.0467 14 1.0
440.6 320.1223 14 1.0
440.7 320.1979 14 1.0
440.8 320.2735 14 1.0
440.9 320.3492 14 1.0
441.0 320.4248 14 1.0
441.1 320.5004 14 1.0
441.2 320.576 14 1.0
441.3 320.6516 14 1.0
441.4 320.7272 14 1.0
441.5 320.8028 14 1.0
441.6 320.8784 14 1.0
441.7 320.9541 14 1.0
441.8 321.0297 14 1.0
441.9 321.1053 14 1.0
442.0 321.1809 14 1.0
442.1 321.2565 14 1.0
442.2 321.3321 14 1.0
442.3 321.4077 14 1.0
442.4 321.4833 14 1.0
442.5 321.5589 14 1.0
442.6 321.6346 14 1.0
442.7 321.7102 14 1.0
442.8 321.7858 14 1.0
442.9 321.8614 14 1.0
443.0 321.937 14 1.0
443.1 322.0126 14 1.0
443.2 322.0882 14 1.0
443.3 322.1638 14 1.0
443.4 322.2395 14 1.0
443.5 322.3151 14 1.0
443.6 322.3907 14 1.0
443.7 322.4663 14 1.0
443.8 322.5419 14 1.0
443.9 322.6175 14 1.0
444.0 322.6931 14 1.0
444.1 322.7687 14 1.0
444.2 322.8443 14 1.0
444.3 322.92 14 1.0
444.4 322.9956 14 1.0
444.5 323.0712 14 1.0
444.6 323.1468 14 1.0
444.7 323.2224 14 1.0
444.8 323.298 14 1.0
444.9 323.3736 14 1.0
445.0 323.4492 14 1.0
445.1 323.5249 14 1.0
445.2 323.6005 14 1.0
445.3 323.6761 14 1.0
445.4 323.7517 14 1.0
445.5 323.8273 14 1.0
445.6 323.9029 14 1.0
445.7 323.9785 14 1.0
445.8 324.0541 14 1.0
445.9 324.1297 14 1.0
446.0 324.2054 14 1.0
446.1 324.281 14 1.0
446.2 324.3566 14 1.0
446.3 324.4322 14 1.0
446.4 324.5078 14 1.0
446.5 324.5834 14 1.0
446.6 324.659 14 1.0
446.7 324.7346 14 1.0
446.8 324.8103 14 1.0
446.9 324.8859 14 1.0
447.0 324.9615 14 1.0
447.1 325.0371 14 1.0
447.2 325.1127 14 1.0
447.3 325.1883 14 1.0
447.4 325.2639 14 1.0
447.5 325.3395 14 1.0
447.6 325.4151 14 1.0
447.7 325.4908 14 1.0
447.8 325.5664 14 1.0
447.9 325.642 14 1.0
448.0 325.7176 14 1.0
448.1 325.7932 14 1.0
448.2 325.8688 14 1.0
448.3 325.9444 14 1.0
448.4 326.02 14 1.0
448.5 326.0956 14 1.0
448.6 326.1713 14 1.0
448.7 326.2469 14 1.0
448.8 326.3225 14 1.0
448.9 326.3981 14 1.0
449.0 326.4737 14 1.0
449.1 326.5493 14 1.0
449.2 326.6249 14 1.0
449.3 326.7005 14 1.0
449.4 326.7762 14 1.0
449.5 326.8518 14 1.0
449.6 326.9274 14 1.0
449.7 327.003 14 1.0
