15.0 1.487057 13 0.036773835567218915
15.1 1.500925 13 0.03774524236503318
15.2 1.514769 13 0.03870661448643109
15.3 1.52859 13 0.039652774488570075
15.4 1.542388 13 0.04058550116819537
15.5 1.556162 13 0.041505820137208715
15.6 1.569913 13 0.04241581211787926
15.7 1.583642 13 0.04330972521600518
15.8 1.597347 13 0.04419298524997517
15.9 1.61103 13 0.045065669207188463
16.0 1.624691 13 0.04592418308294843
16.1 1.638973 13 0.046845139466063834
16.2 1.684933 13 0.04721632705165235
16.3 1.73886 13 0.05148148548804099
16.4 1.793127 13 0.05575382561363873
16.5 1.847728 13 0.060027163153480445
16.6 1.902656 13 0.06431042054565339
16.7 1.957905 13 0.068600244515723
16.8 2.013468 13 0.07289759786859185
16.9 2.069341 13 0.0771924810597514
17.0 2.125517 13 0.08149481674842851
17.1 2.181989 13 0.08580360345850024
17.2 2.238754 13 0.09011751107686383
17.3 2.295804 13 0.0944365910343341
17.4 2.353135 13 0.09876290535316312
17.5 2.410741 13 0.10308495300770726
17.6 2.468617 13 0.10741693621550663
17.7 2.526758 13 0.11175402669455226
17.8 2.58637 13 0.11609617257134286
17.9 2.668029 13 0.12044292146550362
18.0 2.750556 13 0.1247868992197233
18.1 2.837865 13 0.1293860581378542
18.2 2.926085 13 0.13398536189952126
18.3 3.015216 14 0.13858381965411648
18.4 3.105258 14 0.14319015713979444
18.5 3.196211 14 0.14780069369619764
18.6 3.288075 14 0.15241274336061916
18.7 3.380849 14 0.15702768321325844
18.8 3.474534 14 0.161649426868268
18.9 3.56913 14 0.16627479943625323
19.0 3.664637 14 0.17090658120898006
19.1 3.761055 14 0.17553579677305609
19.2 3.858383 14 0.18017012721528614
19.3 3.956623 14 0.18481165928733045
19.4 4.055773 14 0.1894550168227438
19.5 4.155834 14 0.19409931029993943
19.6 4.256805 14 0.1987511465462498
19.7 4.358688 14 0.20340484972826678
19.8 4.461481 14 0.20805998125585745
19.9 4.565186 14 0.2127172333242563
20.0 4.669801 14 0.21738002215872654
20.1 4.778475 14 0.222195434280836
20.2 4.88811 14 0.22701104064331012
20.3 4.998704 14 0.23183187452356846
20.4 5.110257 14 0.2366539019741558
20.5 5.222771 14 0.2414805566424627
20.6 5.336244 14 0.24631155224313506
20.7 5.450677 14 0.25114380979005724
20.8 5.56607 14 0.25597673461482595
20.9 5.682423 14 0.26081437718548073
21.0 5.799735 14 0.2656551551579176
21.1 5.918008 14 0.2704979323749782
21.2 6.03724 14 0.27534482621711553
21.3 6.157431 14 0.28019399078688967
21.4 6.278583 14 0.28504667934107253
21.5 6.400694 14 0.28990255712513513
21.6 6.523765 14 0.2947599717340733
21.7 6.647796 14 0.2996171617161716
21.8 6.772786 14 0.3044792918833661
21.9 6.898737 14 0.30934407987729695
22.0 7.025647 14 0.31421358483376205
22.1 7.166361 14 0.3199028211985385
22.2 7.308051 14 0.32559885482541284
22.3 7.450715 14 0.3312945391236003
22.4 7.594354 14 0.3369933027592862
22.5 7.738967 14 0.3426937423398584
22.6 7.884556 14 0.34839768208633126
22.7 8.031119 14 0.35410152634712266
22.8 8.244682 14 0.3599071128041963
22.9 8.392597 14 0.3656141216142593
23.0 8.541488 14 0.3713227019901617
23.1 8.691353 14 0.3770356052728675
23.2 8.842192 14 0.38274538087864063
23.3 8.994007 14 0.38846359986651435
23.4 9.146796 14 0.3941804296569418
23.5 9.30056 14 0.3998989073199891
23.6 9.455298 14 0.4056239468728319
23.7 9.611012 14 0.411345775422036
23.8 9.7677 14 0.41707312010958675
23.9 9.925362 14 0.4227984496698508
24.0 10.084 14 0.4285267076541259
24.1 10.24423 14 0.43414609036647767
24.2 10.4055 14 0.43976875049335995
24.3 10.5678 14 0.4453950113961028
24.4 10.73115 14 0.451019613396587
24.5 10.89553 14 0.4566457696457846
24.6 11.06096 14 0.4622760883799254
24.7 11.22742 14 0.4679068777839548
24.8 11.39492 14 0.4735403605199945
24.9 11.56345 14 0.47917324076995893
25.0 11.73303 14 0.4848120840904161
25.1 11.90365 14 0.4904516961026243
25.2 12.0753 14 0.4960891370546947
25.3 12.24799 14 0.5017325137238446
25.4 12.42172 14 0.5073744270104834
25.5 12.59649 14 0.5130196024121414
25.6 12.7723 14 0.5186680190479466
25.7 12.94915 14 0.5243173566502675
25.8 13.12703 14 0.5299652463809147
25.9 13.30596 14 0.5356178906774686
26.0 13.48592 14 0.5412710721999159
26.1 13.66405 14 0.5474251655690718
26.2 13.84297 14 0.5535820504889482
26.3 14.02267 14 0.5597397296557953
26.4 14.20316 14 0.5658961373247087
26.5 14.38444 14 0.5720556376746987
26.6 14.5665 14 0.5782165394565096
26.7 14.74935 14 0.5843783806371036
26.8 14.93299 14 0.5905405822605045
26.9 15.11742 14 0.596702420881347
27.0 15.30263 14 0.6028685913656471
27.1 15.48863 14 0.6090348209059768
27.2 15.67542 14 0.6152002493410815
27.3 15.86299 14 0.621367732040643
27.4 16.05135 14 0.6275373104036154
27.5 16.2405 14 0.6337053594689509
27.6 16.43043 14 0.6398769616279356
27.7 16.62115 14 0.6460461849598484
27.8 16.81266 14 0.6522182156228326
27.9 17.00496 14 0.6583916400141416
28.0 17.19804 14 0.6645669468797187
28.1 17.40128 14 0.6707463531801051
28.2 17.60549 14 0.6769305144049664
28.3 17.81066 14 0.6831141835851093
28.4 18.0168 14 0.6892983775652735
28.5 18.22389 14 0.6954844392576336
28.6 18.43195 14 0.7016717610274189
28.7 18.64098 14 0.7078611216361586
28.8 18.85097 14 0.7140500619548207
28.9 19.06192 14 0.720239953470478
29.0 19.27383 14 0.7264322476721801
29.1 19.48671 14 0.7326260623681176
29.2 19.70055 14 0.7388189047244391
29.3 19.91535 14 0.7450140730486356
29.4 20.13112 14 0.751208235431926
29.5 20.34785 14 0.7574061709848724
29.6 20.56555 14 0.7636045509103511
29.7 20.78421 14 0.7698028187365632
29.8 21.00383 14 0.7760023903375203
29.9 21.22441 14 0.7822037758511442
30.0 21.44596 14 0.7884057335152661
30.1 21.66352 14 0.7948050967912353
30.2 21.88191 14 0.8012049558056962
30.3 22.10113 14 0.8076062109723461
30.4 22.32117 14 0.8140081781333143
30.5 22.54204 14 0.8204103158251403
30.6 22.76373 14 0.8268139755524083
30.7 22.98625 14 0.8332183695303789
30.8 23.2096 14 0.839622931660208
30.9 23.43378 14 0.8460285514871384
31.0 23.65878 14 0.8524354581172967
31.1 23.8846 14 0.8588423321961265
31.2 24.11125 14 0.8652503551490518
31.3 24.33873 14 0.8716591849694528
31.4 24.56704 14 0.8780683727583343
31.5 24.79617 14 0.8844790431451245
31.6 25.02613 14 0.8908897966432822
31.7 25.25691 14 0.8973015650023882
31.8 25.48852 14 0.9037141633150467
31.9 25.72096 14 0.9101276715807294
32.0 25.95422 14 0.9165411958036129
32.1 26.18831 14 0.9229557838320679
32.2 26.42323 14 0.9293711721710237
32.3 26.65897 14 0.9357872504556963
32.4 26.89554 14 0.9422038959624537
32.5 27.13293 14 0.948621217924167
32.6 27.37116 14 0.9550394967477369
32.7 27.6102 14 0.9614582701928694
32.8 27.85008 14 0.9678776976212512
32.9 28.09078 14 0.9742978035220701
33.0 28.3323 14 0.980718675088467
33.1 28.57466 14 0.987140132679685
33.2 28.81784 14 0.993562316257758
33.3 29.06184 14 0.9999851161445653
33.4 29.12515 14 1.0
33.5 29.18804 14 1.0
33.6 29.25092 14 1.0
33.7 29.31381 14 1.0
33.8 29.3767 14 1.0
33.9 29.43959 14 1.0
34.0 29.50247 14 1.0
34.1 29.56536 14 1.0
34.2 29.62825 14 1.0
34.3 29.69114 14 1.0
34.4 29.75402 14 1.0
34.5 29.81691 14 1.0
34.6 29.8798 14 1.0
34.7 29.94268 14 1.0
34.8 30.00557 14 1.0
34.9 30.06846 14 1.0
35.0 30.13135 14 1.0
35.1 30.18436 14 1.0
35.2 30.23737 14 1.0
35.3 30.29039 14 1.0
35.4 30.3434 14 1.0
35.5 30.39641 14 1.0
35.6 30.44942 14 1.0
35.7 30.50244 14 1.0
35.8 30.55545 14 1.0
35.9 30.60846 14 1.0
36.0 30.66148 14 1.0
36.1 30.71449 14 1.0
36.2 30.7675 14 1.0
36.3 30.82052 14 1.0
36.4 30.87353 14 1.0
36.5 30.92654 14 1.0
36.6 30.97955 14 1.0
36.7 31.03257 14 1.0
36.8 31.08558 14 1.0
36.9 31.13859 14 1.0
37.0 31.19161 14 1.0
37.1 31.24462 14 1.0
37.2 31.29763 14 1.0
37.3 31.35065 14 1.0
37.4 31.40366 14 1.0
37.5 31.45667 14 1.0
37.6 31.50968 14 1.0
37.7 31.5627 14 1.0
37.8 31.61571 14 1.0
37.9 31.66872 14 1.0
38.0 31.72174 14 1.0
38.1 31.77475 14 1.0
38.2 31.82776 14 1.0
38.3 31.88078 14 1.0
38.4 31.93379 14 1.0
38.5 31.9868 14 1.0
38.6 32.03982 14 1.0
38.7 32.09283 14 1.0
38.8 32.14584 14 1.0
38.9 32.19885 14 1.0
39.0 32.25187 14 1.0
39.1 32.30488 14 1.0
39.2 32.35789 14 1.0
39.3 32.41091 14 1.0
39.4 32.46392 14 1.0
39.5 32.51693 14 1.0
39.6 32.56995 14 1.0
39.7 32.62296 14 1.0
39.8 32.67597 14 1.0
39.9 32.72898 14 1.0
40.0 32.782 14 1.0
40.1 32.85204 14 1.0
40.2 32.92209 14 1.0
40.3 32.99214 14 1.0
40.4 33.06218 14 1.0
40.5 33.13223 14 1.0
40.6 33.20228 14 1.0
40.7 33.27232 14 1.0
40.8 33.34237 14 1.0
40.9 33.41241 14 1.0
41.0 33.48246 14 1.0
41.1 33.55251 14 1.0
41.2 33.62255 14 1.0
41.3 33.6926 14 1.0
41.4 33.76265 14 1.0
41.5 33.83269 14 1.0
41.6 33.90274 14 1.0
41.7 33.97279 14 1.0
41.8 34.04283 14 1.0
41.9 34.11288 14 1.0
42.0 34.18292 14 1.0
42.1 34.25297 14 1.0
42.2 34.32302 14 1.0
42.3 34.39306 14 1.0
42.4 34.46311 14 1.0
42.5 34.53316 14 1.0
42.6 34.6032 14 1.0
42.7 34.67325 14 1.0
42.8 34.74329 14 1.0
42.9 34.81334 14 1.0
43.0 34.88339 14 1.0
43.1 34.95343 14 1.0
43.2 35.02348 14 1.0
43.3 35.09353 14 1.0
43.4 35.16357 14 1.0
43.5 35.23362 14 1.0
43.6 35.30367 14 1.0
43.7 35.37371 14 1.0
43.8 35.44376 14 1.0
43.9 35.5138 14 1.0
44.0 35.58385 14 1.0
44.1 35.6539 14 1.0
44.2 35.72394 14 1.0
44.3 35.79399 14 1.0
44.4 35.86404 14 1.0
44.5 35.93408 14 1.0
44.6 36.00413 14 1.0
44.7 36.07418 14 1.0
44.8 36.14422 14 1.0
44.9 36.21427 14 1.0
45.0 36.28431 14 1.0
45.1 36.35436 14 1.0
45.2 36.42441 14 1.0
45.3 36.49445 14 1.0
45.4 36.5645 14 1.0
45.5 36.63455 14 1.0
45.6 36.70459 14 1.0
45.7 36.77464 14 1.0
45.8 36.84469 14 1.0
45.9 36.91473 14 1.0
46.0 36.98478 14 1.0
46.1 37.05482 14 1.0
46.2 37.12487 14 1.0
46.3 37.19492 14 1.0
46.4 37.26496 14 1.0
46.5 37.33501 14 1.0
46.6 37.40506 14 1.0
46.7 37.4751 14 1.0
46.8 37.54515 14 1.0
46.9 37.61519 14 1.0
47.0 37.68524 14 1.0
47.1 37.75529 14 1.0
47.2 37.82533 14 1.0
47.3 37.89538 14 1.0
47.4 37.96543 14 1.0
47.5 38.03547 14 1.0
47.6 38.10552 14 1.0
47.7 38.17557 14 1.0
47.8 38.24561 14 1.0
47.9 38.31566 14 1.0
48.0 38.3857 14 1.0
48.1 38.45575 14 1.0
48.2 38.5258 14 1.0
48.3 38.59584 14 1.0
48.4 38.66589 14 1.0
48.5 38.73594 14 1.0
48.6 38.80598 14 1.0
48.7 38.87603 14 1.0
48.8 38.94608 14 1.0
48.9 39.01612 14 1.0
49.0 39.08617 14 1.0
49.1 39.15621 14 1.0
49.2 39.22626 14 1.0
49.3 39.29631 14 1.0
49.4 39.36635 14 1.0
49.5 39.4364 14 1.0
49.6 39.50645 14 1.0
49.7 39.57649 14 1.0
49.8 39.64654 14 1.0
49.9 39.71659 14 1.0
50.0 39.78663 14 1.0
50.1 39.85317 14 1.0
50.2 39.91971 14 1.0
50.3 39.98625 14 1.0
50.4 40.05279 14 1.0
50.5 40.11933 14 1.0
50.6 40.18587 14 1.0
50.7 40.25241 14 1.0
50.8 40.31895 14 1.0
50.9 40.38549 14 1.0
51.0 40.45203 14 1.0
51.1 40.51857 14 1.0
51.2 40.58511 14 1.0
51.3 40.65166 14 1.0
51.4 40.7182 14 1.0
51.5 40.78474 14 1.0
51.6 40.85128 14 1.0
51.7 40.91782 14 1.0
51.8 40.98436 14 1.0
51.9 41.0509 14 1.0
52.0 41.11744 14 1.0
52.1 41.18398 14 1.0
52.2 41.25052 14 1.0
52.3 41.31706 14 1.0
52.4 41.3836 14 1.0
52.5 41.45014 14 1.0
52.6 41.51668 14 1.0
52.7 41.58322 14 1.0
52.8 41.64976 14 1.0
52.9 41.7163 14 1.0
53.0 41.78284 14 1.0
53.1 41.84938 14 1.0
53.2 41.91592 14 1.0
53.3 41.98246 14 1.0
53.4 42.049 14 1.0
53.5 42.11554 14 1.0
53.6 42.18208 14 1.0
53.7 42.24862 14 1.0
53.8 42.31516 14 1.0
53.9 42.3817 14 1.0
54.0 42.44824 14 1.0
54.1 42.51478 14 1.0
54.2 42.58132 14 1.0
54.3 42.64786 14 1.0
54.4 42.7144 14 1.0
54.5 42.78094 14 1.0
54.6 42.84748 14 1.0
54.7 42.91402 14 1.0
54.8 42.98056 14 1.0
54.9 43.0471 14 1.0
55.0 43.11365 14 1.0
55.1 43.18019 14 1.0
55.2 43.24673 14 1.0
55.3 43.31327 14 1.0
55.4 43.37981 14 1.0
55.5 43.44635 14 1.0
55.6 43.51289 14 1.0
55.7 43.57943 14 1.0
55.8 43.64597 14 1.0
55.9 43.71251 14 1.0
56.0 43.77905 14 1.0
56.1 43.84559 14 1.0
56.2 43.91213 14 1.0
56.3 43.97867 14 1.0
56.4 44.04521 14 1.0
56.5 44.11175 14 1.0
56.6 44.17829 14 1.0
56.7 44.24483 14 1.0
56.8 44.31137 14 1.0
56.9 44.37791 14 1.0
57.0 44.44445 14 1.0
57.1 44.51099 14 1.0
57.2 44.57753 14 1.0
57.3 44.64407 14 1.0
57.4 44.71061 14 1.0
57.5 44.77715 14 1.0
57.6 44.84369 14 1.0
57.7 44.91023 14 1.0
57.8 44.97677 14 1.0
57.9 45.04331 14 1.0
58.0 45.10985 14 1.0
58.1 45.17639 14 1.0
58.2 45.24293 14 1.0
58.3 45.30947 14 1.0
58.4 45.37601 14 1.0
58.5 45.44255 14 1.0
58.6 45.50909 14 1.0
58.7 45.57564 14 1.0
58.8 45.64218 14 1.0
58.9 45.70872 14 1.0
59.0 45.77526 14 1.0
59.1 45.8418 14 1.0
59.2 45.90834 14 1.0
59.3 45.97488 14 1.0
59.4 46.04142 14 1.0
59.5 46.10796 14 1.0
59.6 46.1745 14 1.0
59.7 46.24104 14 1.0
59.8 46.30758 14 1.0
59.9 46.37412 14 1.0
60.0 46.44066 14 1.0
60.1 46.44444 14 1.0
60.2 46.44822 14 1.0
60.3 46.452 14 1.0
60.4 46.45578 14 1.0
60.5 46.45956 14 1.0
60.6 46.46334 14 1.0
60.7 46.46712 14 1.0
60.8 46.47091 14 1.0
60.9 46.47469 14 1.0
61.0 46.47847 14 1.0
61.1 46.48225 14 1.0
61.2 46.48603 14 1.0
61.3 46.48981 14 1.0
61.4 46.49359 14 1.0
61.5 46.49737 14 1.0
61.6 46.50115 14 1.0
61.7 46.50493 14 1.0
61.8 46.50871 14 1.0
61.9 46.5125 14 1.0
62.0 46.51628 14 1.0
62.1 46.52006 14 1.0
62.2 46.52384 14 1.0
62.3 46.52762 14 1.0
62.4 46.5314 14 1.0
62.5 46.53518 14 1.0
62.6 46.53896 14 1.0
62.7 46.54274 14 1.0
62.8 46.54652 14 1.0
62.9 46.5503 14 1.0
63.0 46.55408 14 1.0
63.1 46.55787 14 1.0
63.2 46.56165 14 1.0
63.3 46.56543 14 1.0
63.4 46.56921 14 1.0
63.5 46.57299 14 1.0
63.6 46.57677 14 1.0
63.7 46.58055 14 1.0
63.8 46.58433 14 1.0
63.9 46.58811 14 1.0
64.0 46.59189 14 1.0
64.1 46.59567 14 1.0
64.2 46.59945 14 1.0
64.3 46.60324 14 1.0
64.4 46.60702 14 1.0
64.5 46.6108 14 1.0
64.6 46.61458 14 1.0
64.7 46.61836 14 1.0
64.8 46.62214 14 1.0
64.9 46.62592 14 1.0
65.0 46.6297 14 1.0
65.1 46.63348 14 1.0
65.2 46.63726 14 1.0
65.3 46.64104 14 1.0
65.4 46.64483 14 1.0
65.5 46.58524 14 1.0
65.6 46.35344 14 1.0
65.7 46.12242 14 1.0
65.8 45.89216 14 1.0
65.9 45.66268 14 1.0
66.0 45.43397 14 1.0
66.1 45.20603 14 1.0
66.2 44.97886 14 1.0
66.3 44.75246 14 1.0
66.4 44.52683 14 1.0
66.5 44.30198 14 1.0
66.6 44.07789 14 1.0
66.7 43.85458 14 1.0
66.8 43.63204 14 1.0
66.9 43.41027 14 1.0
67.0 43.18927 14 1.0
67.1 42.96905 14 1.0
67.2 42.74959 14 1.0
67.3 42.53091 14 1.0
67.4 42.31299 14 1.0
67.5 42.09585 14 1.0
67.6 41.87948 14 1.0
67.7 41.66389 14 1.0
67.8 41.44906 14 1.0
67.9 41.235 14 1.0
68.0 41.02172 14 1.0
68.1 40.80921 14 1.0
68.2 40.59747 14 1.0
68.3 40.3865 14 1.0
68.4 40.1763 14 1.0
68.5 39.96687 14 1.0
68.6 39.75822 14 1.0
68.7 39.55033 14 1.0
68.8 39.34322 14 1.0
68.9 39.13688 14 1.0
69.0 38.93131 14 1.0
69.1 38.72651 14 1.0
69.2 38.52249 14 1.0
69.3 38.31923 14 1.0
69.4 38.11675 14 1.0
69.5 37.91503 14 1.0
69.6 37.71409 14 1.0
69.7 37.51392 14 1.0
69.8 37.31452 14 1.0
69.9 37.1159 14 1.0
70.0 36.91804 14 1.0
70.1 36.80948 14 1.0
70.2 36.7007 14 1.0
70.3 36.59172 14 1.0
70.4 36.48253 14 1.0
70.5 36.37312 14 1.0
70.6 36.26351 14 1.0
70.7 36.15369 14 1.0
70.8 36.04366 14 1.0
70.9 35.93342 14 1.0
71.0 35.82297 14 1.0
71.1 35.71231 14 1.0
71.2 35.60144 14 1.0
71.3 35.49036 14 1.0
71.4 35.37907 14 1.0
71.5 35.26757 14 1.0
71.6 35.15586 14 1.0
71.7 35.04394 14 1.0
71.8 34.93182 14 1.0
71.9 34.81948 14 1.0
72.0 34.70693 14 1.0
72.1 34.59418 14 1.0
72.2 34.48121 14 1.0
72.3 34.36804 14 1.0
72.4 34.25465 14 1.0
72.5 34.14106 14 1.0
72.6 34.02725 14 1.0
72.7 33.91324 14 1.0
72.8 33.79902 14 1.0
72.9 33.68458 14 1.0
73.0 33.56994 14 1.0
73.1 33.45509 14 1.0
73.2 33.34003 14 1.0
73.3 33.22476 14 1.0
73.4 33.10927 14 1.0
73.5 32.99358 14 1.0
73.6 32.87768 14 1.0
73.7 32.76157 14 1.0
73.8 32.64526 14 1.0
73.8 32.52873 14 1.0
73.9 32.41199 14 1.0
74.0 32.29504 14 1.0
74.1 32.17788 14 1.0
74.2 32.06052 14 1.0
74.3 31.94294 14 1.0
74.4 31.82515 14 1.0
74.5 31.70716 14 1.0
74.6 31.58895 14 1.0
74.7 31.47054 14 1.0
74.8 31.35191 14 1.0
74.9 31.23308 14 1.0
75.0 31.11403 14 1.0
75.1 30.99478 14 1.0
75.2 30.87532 14 1.0
75.3 30.75564 14 1.0
75.4 30.63576 14 1.0
75.5 30.51567 14 1.0
75.6 30.39537 14 1.0
75.7 30.27486 14 1.0
75.8 30.15414 14 1.0
75.9 30.03321 14 1.0
76.0 29.91207 14 1.0
76.1 29.79072 14 1.0
76.2 29.66916 14 1.0
76.3 29.54739 14 1.0
76.4 29.42541 14 1.0
76.5 29.30886 14 1.0
76.6 29.33812 14 1.0
76.7 29.36738 14 1.0
76.8 29.39663 14 1.0
76.9 29.42589 14 1.0
77.0 29.45515 14 1.0
77.1 29.4844 14 1.0
77.2 29.51366 14 1.0
77.3 29.54291 14 1.0
77.4 29.57217 14 1.0
77.5 29.60143 14 1.0
77.6 29.63068 14 1.0
77.7 29.65994 14 1.0
77.8 29.6892 14 1.0
77.9 29.71845 14 1.0
78.0 29.74771 14 1.0
78.1 29.77697 14 1.0
78.2 29.80622 14 1.0
78.3 29.83548 14 1.0
78.4 29.86474 14 1.0
78.5 29.89399 14 1.0
78.6 29.92325 14 1.0
78.7 29.9525 14 1.0
78.8 29.98176 14 1.0
78.9 30.01102 14 1.0
79.0 30.04027 14 1.0
79.1 30.06953 14 1.0
79.2 30.09879 14 1.0
79.3 30.12804 14 1.0
79.4 30.1573 14 1.0
79.5 30.18656 14 1.0
79.6 30.21581 14 1.0
79.7 30.24507 14 1.0
79.8 30.27432 14 1.0
79.9 30.30358 14 1.0
80.0 30.38242 14 1.0
80.1 30.46126 14 1.0
80.2 30.54011 14 1.0
80.3 30.61895 14 1.0
80.4 30.69779 14 1.0
80.5 30.77663 14 1.0
80.6 30.85548 14 1.0
80.7 30.93432 14 1.0
80.8 31.01316 14 1.0
80.9 31.092 14 1.0
81.0 31.17084 14 1.0
81.1 31.24969 14 1.0
81.2 31.32853 14 1.0
81.3 31.40737 14 1.0
81.4 31.48621 14 1.0
81.5 31.56505 14 1.0
81.6 31.6439 14 1.0
81.7 31.72274 14 1.0
81.8 31.80158 14 1.0
81.9 31.88042 14 1.0
82.0 31.95927 14 1.0
82.1 32.03811 14 1.0
82.2 32.11695 14 1.0
82.3 32.19579 14 1.0
82.4 32.27463 14 1.0
82.5 32.35348 14 1.0
82.6 32.43232 14 1.0
82.7 32.51116 14 1.0
82.8 32.59 14 1.0
82.9 32.66884 14 1.0
83.0 32.74769 14 1.0
83.1 32.82653 14 1.0
83.2 32.90537 14 1.0
83.3 32.98421 14 1.0
83.4 33.06306 14 1.0
83.5 33.1419 14 1.0
83.6 33.22074 14 1.0
83.7 33.29958 14 1.0
83.8 33.37842 14 1.0
83.9 33.45727 14 1.0
84.0 33.53611 14 1.0
84.1 33.61495 14 1.0
84.2 33.69379 14 1.0
84.3 33.77263 14 1.0
84.4 33.85148 14 1.0
84.5 33.93032 14 1.0
84.6 34.00916 14 1.0
84.7 34.088 14 1.0
84.8 34.16685 14 1.0
84.9 34.24569 14 1.0
85.0 34.32453 14 1.0
85.1 34.40337 14 1.0
85.2 34.48221 14 1.0
85.3 34.56106 14 1.0
85.4 34.6399 14 1.0
85.5 34.71874 14 1.0
85.6 34.79758 14 1.0
85.7 34.87642 14 1.0
85.8 34.95527 14 1.0
85.9 35.03411 14 1.0
86.0 35.11295 14 1.0
86.1 35.19179 14 1.0
86.2 35.27064 14 1.0
86.3 35.34948 14 1.0
86.4 35.42832 14 1.0
86.5 35.50716 14 1.0
86.6 35.586 14 1.0
86.7 35.66485 14 1.0
86.8 35.74369 14 1.0
86.9 35.82253 14 1.0
87.0 35.90137 14 1.0
87.1 35.98021 14 1.0
87.2 36.05906 14 1.0
87.3 36.1379 14 1.0
87.4 36.21674 14 1.0
87.5 36.29558 14 1.0
87.6 36.37443 14 1.0
87.7 36.45327 14 1.0
87.8 36.57736 14 1.0
87.9 36.85898 14 1.0
88.0 37.14061 14 1.0
88.1 37.42223 14 1.0
88.2 37.70386 14 1.0
88.3 37.98548 14 1.0
88.4 38.26711 14 1.0
88.5 38.54873 14 1.0
88.6 38.83036 14 1.0
88.7 39.11198 14 1.0
88.8 39.39361 14 1.0
88.9 39.67524 14 1.0
89.0 39.95686 14 1.0
89.1 40.23849 14 1.0
89.2 40.52011 14 1.0
89.3 40.80174 14 1.0
89.4 41.08336 14 1.0
89.5 41.36499 14 1.0
89.6 41.64661 14 1.0
89.7 41.92824 14 1.0
89.8 42.20986 14 1.0
89.9 42.49149 14 1.0
90.0 42.53159 14 1.0
90.1 42.57168 14 1.0
90.2 42.61178 14 1.0
90.3 42.65188 14 1.0
90.4 42.69198 14 1.0
90.5 42.73207 14 1.0
90.6 42.77217 14 1.0
90.7 42.81227 14 1.0
90.8 42.85236 14 1.0
90.9 42.89246 14 1.0
91.0 42.93256 14 1.0
91.1 42.97266 14 1.0
91.2 43.01275 14 1.0
91.3 43.05285 14 1.0
91.4 43.09295 14 1.0
91.5 43.13305 14 1.0
91.6 43.17314 14 1.0
91.7 43.21324 14 1.0
91.8 43.25334 14 1.0
91.9 43.29343 14 1.0
92.0 43.33353 14 1.0
92.1 43.37363 14 1.0
92.2 43.41373 14 1.0
92.3 43.45382 14 1.0
92.4 43.49392 14 1.0
92.5 43.53402 14 1.0
92.6 43.57411 14 1.0
92.7 43.61421 14 1.0
92.8 43.65431 14 1.0
92.9 43.69441 14 1.0
93.0 43.7345 14 1.0
93.1 43.7746 14 1.0
93.2 43.8147 14 1.0
93.3 43.8548 14 1.0
93.4 43.89489 14 1.0
93.5 43.93499 14 1.0
93.6 43.97509 14 1.0
93.7 44.01518 14 1.0
93.8 44.05528 14 1.0
93.9 44.09538 14 1.0
94.0 44.13548 14 1.0
94.1 44.17557 14 1.0
94.2 44.21567 14 1.0
94.3 44.25577 14 1.0
94.4 44.29586 14 1.0
94.5 44.33596 14 1.0
94.6 44.37606 14 1.0
94.7 44.41616 14 1.0
94.8 44.45625 14 1.0
94.9 44.49635 14 1.0
95.0 44.53645 14 1.0
95.1 44.57655 14 1.0
95.2 44.61664 14 1.0
95.3 44.65674 14 1.0
95.4 44.69684 14 1.0
95.5 44.73693 14 1.0
95.6 44.77703 14 1.0
95.7 44.81713 14 1.0
95.8 44.85723 14 1.0
95.9 44.89732 14 1.0
96.0 44.93742 14 1.0
96.1 44.97752 14 1.0
96.2 45.01761 14 1.0
96.3 45.05771 14 1.0
96.4 45.09781 14 1.0
96.5 45.13791 14 1.0
96.6 45.178 14 1.0
96.7 45.2181 14 1.0
96.8 45.2582 14 1.0
96.9 45.2983 14 1.0
97.0 45.33839 14 1.0
97.1 45.37849 14 1.0
97.2 45.41859 14 1.0
97.3 45.45868 14 1.0
97.4 45.49878 14 1.0
97.5 45.53888 14 1.0
97.6 45.57898 14 1.0
97.7 45.61907 14 1.0
97.8 45.65917 14 1.0
97.9 45.69927 14 1.0
98.0 45.73936 14 1.0
98.1 45.77946 14 1.0
98.2 45.81956 14 1.0
98.3 45.85966 14 1.0
98.4 45.89975 14 1.0
98.5 45.93985 14 1.0
98.6 45.97995 14 1.0
98.7 46.02005 14 1.0
98.8 46.06014 14 1.0
98.9 46.10024 14 1.0
99.0 46.14034 14 1.0
99.1 46.18043 14 1.0
99.2 46.22053 14 1.0
99.3 46.26063 14 1.0
99.4 46.30073 14 1.0
99.5 46.34082 14 1.0
99.6 49.34137 14 1.0
99.7 49.00493 14 1.0
99.8 48.66748 14 1.0
99.9 48.32901 14 1.0
100.0 47.99851 14 1.0
100.1 47.66714 14 1.0
100.2 47.33491 14 1.0
100.3 47.00181 14 1.0
100.4 46.66784 14 1.0
100.5 46.333 14 1.0
100.6 45.9973 14 1.0
100.7 45.66073 14 1.0
100.8 45.3233 14 1.0
100.9 44.98499 14 1.0
101.0 44.64582 14 1.0
101.1 44.30579 14 1.0
101.2 43.96489 14 1.0
101.3 43.62312 14 1.0
101.4 43.28048 14 1.0
101.5 42.93698 14 1.0
101.6 42.59261 14 1.0
101.7 42.24737 14 1.0
101.8 41.90126 14 1.0
101.9 41.55429 14 1.0
102.0 41.20646 14 1.0
102.1 40.85775 14 1.0
102.2 40.50818 14 1.0
102.3 40.15774 14 1.0
102.4 39.80644 14 1.0
102.5 39.45427 14 1.0
102.6 39.10123 14 1.0
102.7 38.74732 14 1.0
102.8 38.39255 14 1.0
102.9 38.03691 14 1.0
103.0 37.6804 14 1.0
103.1 37.32303 14 1.0
103.2 36.96479 14 1.0
103.3 36.60569 14 1.0
103.4 36.24571 14 1.0
103.5 35.88487 14 1.0
103.6 35.52317 14 1.0
103.7 35.16059 14 1.0
103.8 34.79715 14 1.0
103.9 34.43285 14 1.0
104.0 34.06767 14 1.0
104.1 33.70163 14 1.0
104.2 33.33472 14 1.0
104.3 32.96695 14 1.0
104.4 32.59831 14 1.0
104.5 32.2288 14 1.0
104.6 31.85842 14 1.0
104.7 31.48718 14 1.0
104.8 31.11507 14 1.0
104.9 30.7421 14 1.0
105.0 30.36826 14 1.0
105.1 29.99355 14 1.0
105.2 29.61797 14 1.0
105.3 29.24153 14 1.0
105.4 28.86422 14 1.0
105.5 28.48604 14 1.0
105.6 28.107 14 1.0
105.7 27.72709 14 1.0
105.8 27.34631 14 1.0
105.9 26.96467 14 1.0
106.0 26.58216 14 1.0
106.1 26.19878 14 1.0
106.2 25.81454 14 1.0
106.3 25.42943 14 1.0
106.4 25.04345 14 1.0
106.5 24.6566 14 1.0
106.6 24.26889 14 1.0
106.7 23.88031 14 1.0
106.8 23.49087 14 1.0
106.9 23.10056 14 1.0
107.0 22.70938 14 1.0
107.1 22.31733 14 1.0
107.2 21.92442 14 1.0
107.3 21.53064 14 1.0
107.4 21.136 14 1.0
107.5 20.74048 14 1.0
107.6 20.3441 14 1.0
107.7 19.94686 14 1.0
107.8 19.54874 14 1.0
107.9 19.14976 14 1.0
108.0 18.74992 14 1.0
108.1 18.3492 14 1.0
108.2 17.94762 14 1.0
108.3 17.54517 14 1.0
108.4 17.14186 14 1.0
108.5 16.73768 14 1.0
108.6 16.33263 14 1.0
108.7 15.92672 14 1.0
108.8 15.51994 14 1.0
108.9 15.11229 14 1.0
109.0 14.70377 14 1.0
109.1 14.29439 14 1.0
109.2 13.88414 14 1.0
109.3 13.47303 14 1.0
109.4 13.06104 14 1.0
109.5 12.64819 14 1.0
109.6 12.23448 14 1.0
109.7 11.81989 14 1.0
109.8 11.40444 14 1.0
109.9 10.98813 14 1.0
110.0 10.55864 14 1.0
110.1 10.1281 14 1.0
110.2 9.696514 14 1.0
110.3 9.263876 14 1.0
110.4 8.830188 14 1.0
110.5 8.395451 14 1.0
110.6 7.959663 14 1.0
110.7 7.522826 14 1.0
110.8 7.084939 14 1.0
110.9 6.646002 14 1.0
111.0 6.206015 14 1.0
111.1 5.764978 14 1.0
111.2 5.322891 14 1.0
111.3 4.879755 14 1.0
111.4 4.435568 14 1.0
111.5 0.0 15 0.0
111.6 0.0 15 0.0
111.7 0.0 15 0.0
111.8 0.0 15 0.0
111.9 0.0 15 0.0
112.0 0.0 15 0.0
112.1 0.0 15 0.0
112.2 0.0 15 0.0
112.3 0.0 15 0.0
112.4 0.0 15 0.0
112.5 0.0 15 0.0
112.6 0.0 15 0.0
112.7 0.0 15 0.0
112.8 0.0 15 0.0
112.9 0.0 15 0.0
113.0 0.0 15 0.0
113.1 0.0 15 0.0
113.2 0.0 15 0.0
113.3 0.0 15 0.0
113.4 0.0 15 0.0
113.5 0.0 15 0.0
113.6 0.0 15 0.0
113.7 0.0 15 0.0
113.8 0.0 15 0.0
113.9 0.0 15 0.0
114.0 0.0 15 0.0
114.1 0.0 15 0.0
114.2 0.0 15 0.0
114.3 0.0 15 0.0
114.4 0.0 15 0.0
114.5 0.0 15 0.0
114.6 0.0 15 0.0
114.7 0.0 15 0.0
114.8 0.0 15 0.0
114.9 0.0 15 0.0
115.0 0.0 15 0.0
115.1 0.0 15 0.0
115.2 0.0 15 0.0
115.3 0.0 15 0.0
115.4 0.0 15 0.0
115.5 0.0 15 0.0
115.6 0.0 15 0.0
115.7 0.0 15 0.0
115.8 0.0 15 0.0
115.9 0.0 15 0.0
116.0 0.0 15 0.0
116.1 0.0 15 0.0
116.2 0.0 15 0.0
116.3 0.0 15 0.0
116.4 0.0 15 0.0
116.5 0.0 15 0.0
116.6 0.0 15 0.0
116.7 0.0 15 0.0
116.8 0.0 15 0.0
116.9 0.0 15 0.0
117.0 0.0 15 0.0
117.1 0.0 15 0.0
117.2 0.0 15 0.0
117.3 0.0 15 0.0
117.4 0.0 15 0.0
117.5 0.0 15 0.0
117.6 0.0 15 0.0
117.7 0.0 15 0.0
117.8 0.0 15 0.0
117.9 0.0 15 0.0
118.0 0.0 15 0.0
118.1 0.0 15 0.0
118.2 0.0 15 0.0
118.3 0.0 15 0.0
118.4 0.0 15 0.0
118.5 0.0 15 0.0
118.6 0.0 15 0.0
118.7 0.0 15 0.0
118.8 0.0 15 0.0
118.9 0.0 15 0.0
119.0 0.0 15 0.0
119.1 0.0 15 0.0
119.2 0.0 15 0.0
119.3 0.0 15 0.0
119.4 0.0 15 0.0
119.5 0.0 15 0.0
119.6 0.0 15 0.0
119.7 0.0 15 0.0
119.8 0.0 15 0.0
119.9 0.0 15 0.0
120.0 0.0 15 0.0
120.1 0.0 15 0.0
120.2 0.0 15 0.0
120.3 0.0 15 0.0
120.4 0.0 15 0.0
120.5 0.0 15 0.0
120.6 0.0 15 0.0
120.7 0.0 15 0.0
120.8 0.0 15 0.0
120.9 0.0 15 0.0
121.0 0.0 15 0.0
121.1 0.0 15 0.0
121.2 0.0 15 0.0
121.3 0.0 15 0.0
121.4 0.0 15 0.0
121.5 0.0 15 0.0
121.6 0.0 15 0.0
121.7 0.0 15 0.0
121.8 0.0 15 0.0
121.9 0.0 15 0.0
122.0 0.0 15 0.0
122.1 0.0 15 0.0
122.2 0.0 15 0.0
122.3 0.0 15 0.0
122.4 0.0 15 0.0
122.5 0.0 15 0.0
122.6 0.0 15 0.0
122.7 0.0 15 0.0
122.8 0.0 15 0.0
122.9 0.0 15 0.0
123.0 0.0 15 0.0
123.1 0.0 15 0.0
123.2 0.0 15 0.0
123.3 0.0 15 0.0
123.4 0.0 15 0.0
123.5 0.0 15 0.0
123.6 0.0 15 0.0
123.7 0.0 15 0.0
123.8 0.0 15 0.0
123.9 0.0 15 0.0
124.0 0.0 15 0.0
124.1 0.0 15 0.0
124.2 0.0 15 0.0
124.3 0.0 15 0.0
124.4 0.0 15 0.0
124.5 0.0 15 0.0
124.6 0.0 15 0.0
124.7 0.0 15 0.0
124.8 0.0 15 0.0
124.9 0.0 15 0.0
125.0 0.0 15 0.0
125.1 0.0 15 0.0
125.2 0.0 15 0.0
125.3 0.0 15 0.0
125.4 0.0 15 0.0
125.5 0.0 15 0.0
125.6 0.0 15 0.0
125.7 0.0 15 0.0
125.8 0.0 15 0.0
125.9 0.0 15 0.0
126.0 0.0 15 0.0
126.1 0.0 15 0.0
126.2 0.0 15 0.0
126.3 0.0 15 0.0
126.4 0.0 15 0.0
126.5 0.0 15 0.0
126.6 0.0 15 0.0
126.7 0.0 15 0.0
126.8 0.0 15 0.0
126.9 0.0 15 0.0
127.0 0.0 15 0.0
127.1 0.0 15 0.0
127.2 0.0 15 0.0
127.3 0.0 15 0.0
127.4 0.0 15 0.0
127.5 0.0 15 0.0
127.6 0.0 15 0.0
127.7 0.0 15 0.0
127.8 0.0 15 0.0
127.9 0.0 15 0.0
128.0 0.0 15 0.0
128.1 0.0 15 0.0
128.2 0.0 15 0.0
128.3 0.0 15 0.0
128.4 0.0 15 0.0
128.5 0.0 15 0.0
128.6 0.0 15 0.0
128.7 0.0 15 0.0
128.8 0.0 15 0.0
128.9 0.0 15 0.0
129.0 0.0 15 0.0
129.1 0.0 15 0.0
129.2 0.0 15 0.0
129.3 0.0 15 0.0
129.4 0.0 15 0.0
129.5 0.0 15 0.0
129.6 0.0 15 0.0
129.7 0.0 15 0.0
129.8 0.0 15 0.0
129.9 0.0 15 0.0
130.0 0.0 15 0.0
130.1 0.0 15 0.0
130.2 0.0 15 0.0
130.3 0.0 15 0.0
130.4 0.0 15 0.0
130.5 0.0 15 0.0
130.6 0.0 15 0.0
130.7 0.0 15 0.0
130.8 0.0 15 0.0
130.9 0.0 15 0.0
131.0 0.0 15 0.0
131.1 0.0 15 0.0
131.2 0.0 15 0.0
131.3 0.0 15 0.0
131.4 0.0 15 0.0
131.5 0.0 15 0.0
131.6 0.0 15 0.0
131.7 0.0 15 0.0
131.8 0.0 15 0.0
131.9 0.0 15 0.0
132.0 0.0 15 0.0
132.1 0.0 15 0.0
132.2 0.0 15 0.0
132.3 0.0 15 0.0
132.4 0.0 15 0.0
132.5 0.0 15 0.0
132.6 0.0 15 0.0
132.7 0.0 15 0.0
132.8 0.0 15 0.0
132.9 0.0 15 0.0
133.0 0.0 15 0.0
133.1 0.0 15 0.0
133.2 0.0 15 0.0
133.3 0.0 15 0.0
133.4 0.0 15 0.0
133.5 0.0 15 0.0
133.6 0.0 15 0.0
133.7 0.0 15 0.0
133.8 0.0 15 0.0
133.9 0.0 15 0.0
134.0 0.0 15 0.0
134.1 0.0 15 0.0
134.2 0.0 15 0.0
134.3 0.0 15 0.0
134.4 0.0 15 0.0
134.5 0.0 15 0.0
134.6 0.0 15 0.0
134.7 0.0 15 0.0
134.8 0.0 15 0.0
134.9 0.0 15 0.0
135.0 0.0 15 0.0
135.1 0.0 15 0.0
135.2 0.0 15 0.0
135.3 0.0 15 0.0
135.4 0.0 15 0.0
135.5 0.0 15 0.0
135.6 0.0 15 0.0
135.7 0.0 15 0.0
135.8 0.0 15 0.0
135.9 0.0 15 0.0
136.0 0.0 15 0.0
136.1 0.0 15 0.0
136.2 0.0 15 0.0
136.3 0.0 15 0.0
136.4 0.0 15 0.0
136.5 0.0 15 0.0
136.6 0.0 15 0.0
136.7 0.0 15 0.0
136.8 0.0 15 0.0
136.9 0.0 15 0.0
137.0 0.0 15 0.0
137.1 0.0 15 0.0
137.2 0.0 15 0.0
137.3 0.0 15 0.0
137.4 0.0 15 0.0
137.5 0.0 15 0.0
137.6 0.0 15 0.0
137.7 0.0 15 0.0
137.8 0.0 15 0.0
137.9 0.0 15 0.0
138.0 0.0 15 0.0
138.1 0.0 15 0.0
138.2 0.0 15 0.0
138.3 0.0 15 0.0
138.4 0.0 15 0.0
138.5 0.0 15 0.0
138.6 0.0 15 0.0
138.7 0.0 15 0.0
138.8 0.0 15 0.0
138.9 0.0 15 0.0
139.0 0.0 15 0.0
139.1 0.0 15 0.0
139.2 0.0 15 0.0
139.3 0.0 15 0.0
139.4 0.0 15 0.0
139.5 0.0 15 0.0
139.6 0.0 15 0.0
139.7 0.0 15 0.0
139.8 0.0 15 0.0
139.9 0.0 15 0.0
140.0 0.0 15 0.0
140.1 0.0 15 0.0
140.2 0.0 15 0.0
140.3 0.0 15 0.0
140.4 0.0 15 0.0
140.5 0.0 15 0.0
140.6 0.0 15 0.0
140.7 0.0 15 0.0
140.8 0.0 15 0.0
140.9 0.0 15 0.0
141.0 0.0 15 0.0
141.1 0.0 15 0.0
141.2 0.0 15 0.0
141.3 0.0 15 0.0
141.4 0.0 15 0.0
141.5 0.0 15 0.0
141.6 0.0 15 0.0
141.7 0.0 15 0.0
141.8 0.0 15 0.0
141.9 0.0 15 0.0
142.0 0.0 15 0.0
142.1 0.0 15 0.0
142.2 0.0 15 0.0
142.3 0.0 15 0.0
142.4 0.0 15 0.0
142.5 0.0 15 0.0
142.6 0.0 15 0.0
142.7 0.0 15 0.0
142.8 0.0 15 0.0
142.9 0.0 15 0.0
143.0 0.0 15 0.0
143.1 0.0 15 0.0
143.2 0.0 15 0.0
143.3 0.0 15 0.0
143.4 0.0 15 0.0
143.5 0.0 15 0.0
143.6 0.0 15 0.0
143.7 0.0 15 0.0
143.8 0.0 15 0.0
143.9 0.0 15 0.0
144.0 0.0 15 0.0
144.1 0.0 15 0.0
144.2 0.0 15 0.0
144.3 0.0 15 0.0
144.4 0.0 15 0.0
144.5 0.0 15 0.0
144.6 0.0 15 0.0
144.7 0.0 15 0.0
144.8 0.0 15 0.0
144.9 0.0 15 0.0
145.0 0.0 15 0.0
145.1 0.0 15 0.0
145.2 0.0 15 0.0
145.3 0.0 15 0.0
145.4 0.0 15 0.0
145.5 0.0 15 0.0
145.6 0.0 15 0.0
145.7 0.0 15 0.0
145.8 0.0 15 0.0
145.9 0.0 15 0.0
146.0 0.0 15 0.0
146.1 0.0 15 0.0
146.2 0.0 15 0.0
146.3 0.0 15 0.0
146.4 0.0 15 0.0
146.5 0.0 15 0.0
146.6 0.0 15 0.0
146.7 0.0 15 0.0
146.8 0.0 15 0.0
146.9 0.0 15 0.0
147.0 0.0 15 0.0
147.1 0.0 15 0.0
147.2 0.0 15 0.0
147.3 0.0 15 0.0
147.4 0.0 15 0.0
147.5 0.0 15 0.0
147.6 0.0 15 0.0
147.7 0.0 15 0.0
147.8 0.0 15 0.0
147.9 0.0 15 0.0
148.0 0.0 15 0.0
148.1 0.0 15 0.0
148.1 0.0 15 0.0
148.2 0.0 15 0.0
148.3 0.0 15 0.0
148.4 0.0 15 0.0
148.5 0.0 15 0.0
148.6 0.0 15 0.0
148.7 0.0 15 0.0
148.8 0.0 15 0.0
148.9 0.0 15 0.0
149.0 0.0 15 0.0
149.1 0.0 15 0.0
149.2 0.0 15 0.0
149.3 0.0 15 0.0
149.4 0.0 15 0.0
149.5 0.0 15 0.0
149.6 0.0 15 0.0
149.7 0.0 15 0.0
149.8 0.0 15 0.0
149.9 0.0 15 0.0
150.0 0.0 15 0.0
150.1 0.0 15 0.0
150.2 0.0 15 0.0
150.3 0.0 15 0.0
150.4 0.0 15 0.0
150.5 0.0 15 0.0
150.6 0.0 15 0.0
150.7 0.0 15 0.0
150.8 0.0 15 0.0
150.9 0.0 15 0.0
151.0 0.0 15 0.0
151.1 0.0 15 0.0
151.2 0.0 15 0.0
151.3 0.0 15 0.0
151.4 0.0 15 0.0
151.5 0.0 15 0.0
151.6 0.0 15 0.0
151.7 0.0 15 0.0
151.8 0.0 15 0.0
151.9 0.0 15 0.0
152.0 0.0 15 0.0
152.1 0.0 15 0.0
152.2 0.0 15 0.0
152.3 0.0 15 0.0
152.4 0.0 15 0.0
152.5 0.0 15 0.0
152.6 0.0 15 0.0
152.7 0.0 15 0.0
152.8 0.0 15 0.0
152.9 0.0 15 0.0
153.0 0.0 15 0.0
153.1 0.0 15 0.0
153.2 0.0 15 0.0
153.3 0.0 15 0.0
153.4 0.0 15 0.0
153.5 0.0 15 0.0
153.6 0.0 15 0.0
153.7 0.0 15 0.0
153.8 0.0 15 0.0
153.9 0.0 15 0.0
154.0 0.0 15 0.0
154.1 0.0 15 0.0
154.2 0.0 15 0.0
154.3 0.0 15 0.0
154.4 0.0 15 0.0
154.5 0.0 15 0.0
154.6 0.0 15 0.0
154.7 0.0 15 0.0
154.8 0.0 15 0.0
154.9 0.0 15 0.0
155.0 0.0 15 0.0
155.1 0.0 15 0.0
155.2 0.0 15 0.0
155.3 0.0 15 0.0
155.4 0.0 15 0.0
155.5 0.0 15 0.0
155.6 0.0 15 0.0
155.7 0.0 15 0.0
155.8 0.0 15 0.0
155.9 0.0 15 0.0
156.0 0.0 15 0.0
156.1 0.0 15 0.0
156.2 0.0 15 0.0
156.3 0.0 15 0.0
156.4 0.0 15 0.0
156.5 0.0 15 0.0
156.6 0.0 15 0.0
156.7 0.0 15 0.0
156.8 0.0 15 0.0
156.9 0.0 15 0.0
157.0 0.0 15 0.0
157.1 0.0 15 0.0
157.2 0.0 15 0.0
157.3 0.0 15 0.0
157.4 0.0 15 0.0
157.5 0.0 15 0.0
157.6 0.0 15 0.0
157.7 0.0 15 0.0
157.8 0.0 15 0.0
157.9 0.0 15 0.0
158.0 0.0 15 0.0
158.1 0.0 15 0.0
158.2 0.0 15 0.0
158.3 0.0 15 0.0
158.4 0.0 15 0.0
158.5 0.0 15 0.0
158.6 0.0 15 0.0
158.7 0.0 15 0.0
158.8 0.0 15 0.0
158.9 0.0 15 0.0
159.0 0.0 15 0.0
159.1 0.0 15 0.0
159.2 0.0 15 0.0
159.3 0.0 15 0.0
159.4 0.0 15 0.0
159.5 0.0 15 0.0
159.6 0.0 15 0.0
159.7 0.0 15 0.0
159.8 0.0 15 0.0
159.9 0.0 15 0.0
160.0 0.0 15 0.0
160.1 0.0 15 0.0
160.2 0.0 15 0.0
160.3 0.0 15 0.0
160.4 0.0 15 0.0
160.5 0.0 15 0.0
160.6 0.0 15 0.0
160.7 0.0 15 0.0
160.8 0.0 15 0.0
160.9 0.0 15 0.0
161.0 0.0 15 0.0
161.1 0.0 15 0.0
161.2 0.0 15 0.0
161.3 0.0 15 0.0
161.4 0.0 15 0.0
161.5 0.0 15 0.0
161.6 0.0 15 0.0
161.7 0.0 15 0.0
161.8 0.0 15 0.0
161.9 0.0 15 0.0
162.0 0.0 15 0.0
162.1 0.0 15 0.0
162.2 0.0 15 0.0
162.3 0.0 15 0.0
162.4 0.0 15 0.0
162.5 0.0 15 0.0
162.6 0.0 15 0.0
162.7 0.0 15 0.0
162.8 0.0 15 0.0
162.9 0.0 15 0.0
163.0 0.0 15 0.0
163.1 0.0 15 0.0
163.2 0.0 15 0.0
163.3 0.0 15 0.0
163.4 0.0 15 0.0
163.5 0.0 15 0.0
163.6 0.0 15 0.0
163.7 0.0 15 0.0
163.8 0.0 15 0.0
163.9 0.0 15 0.0
164.0 0.0 15 0.0
164.1 0.0 15 0.0
164.2 0.0 15 0.0
164.3 0.0 15 0.0
164.4 0.0 15 0.0
164.5 0.0 15 0.0
164.6 0.0 15 0.0
164.7 0.0 15 0.0
164.8 0.0 15 0.0
164.9 0.0 15 0.0
165.0 0.0 15 0.0
165.1 0.0 15 0.0
165.2 0.0 15 0.0
165.3 0.0 15 0.0
165.4 0.0 15 0.0
165.5 0.0 15 0.0
165.6 0.0 15 0.0
165.7 0.0 15 0.0
165.8 0.0 15 0.0
165.9 0.0 15 0.0
166.0 0.0 15 0.0
166.1 0.0 15 0.0
166.2 0.0 15 0.0
166.3 0.0 15 0.0
166.4 0.0 15 0.0
166.5 0.0 15 0.0
166.6 0.0 15 0.0
166.7 0.0 15 0.0
166.8 0.0 15 0.0
166.9 0.0 15 0.0
167.0 0.0 15 0.0
167.1 0.0 15 0.0
167.2 0.0 15 0.0
167.3 0.0 15 0.0
167.4 0.0 15 0.0
167.5 0.0 15 0.0
167.6 0.0 15 0.0
167.7 0.0 15 0.0
167.8 0.0 15 0.0
167.9 0.0 15 0.0
168.0 0.0 15 0.0
168.1 0.0 15 0.0
168.2 0.0 15 0.0
168.3 0.0 15 0.0
168.4 0.0 15 0.0
168.5 0.0 15 0.0
168.6 0.0 15 0.0
168.7 0.0 15 0.0
168.8 0.0 15 0.0
168.9 0.0 15 0.0
169.0 0.0 15 0.0
169.1 0.0 15 0.0
169.2 0.0 15 0.0
169.3 0.0 15 0.0
169.4 0.0 15 0.0
169.5 0.0 15 0.0
169.6 0.0 15 0.0
169.7 0.0 15 0.0
169.8 0.0 15 0.0
169.9 0.0 15 0.0
170.0 0.0 15 0.0
170.1 0.0 15 0.0
170.2 0.0 15 0.0
170.3 0.0 15 0.0
170.4 0.0 15 0.0
170.5 0.0 15 0.0
170.6 0.0 15 0.0
170.7 0.0 15 0.0
170.8 0.0 15 0.0
170.9 0.0 15 0.0
171.0 0.0 15 0.0
171.1 0.0 15 0.0
171.2 0.0 15 0.0
171.3 0.0 15 0.0
171.4 0.0 15 0.0
171.5 0.0 15 0.0
171.6 0.0 15 0.0
171.7 0.0 15 0.0
171.8 0.0 15 0.0
171.9 0.0 15 0.0
172.0 0.0 15 0.0
172.1 0.0 15 0.0
172.2 0.0 15 0.0
172.3 0.0 15 0.0
172.4 0.0 15 0.0
172.5 0.0 15 0.0
172.6 0.0 15 0.0
172.7 0.0 15 0.0
172.8 0.0 15 0.0
172.9 0.0 15 0.0
173.0 0.0 15 0.0
173.1 0.0 15 0.0
173.2 0.0 15 0.0
173.3 0.0 15 0.0
173.4 0.0 15 0.0
173.5 0.0 15 0.0
173.6 0.0 15 0.0
173.7 0.0 15 0.0
173.8 0.0 15 0.0
173.9 0.0 15 0.0
174.0 0.0 15 0.0
174.1 0.0 15 0.0
174.2 0.0 15 0.0
174.3 0.0 15 0.0
174.4 0.0 15 0.0
174.5 0.0 15 0.0
174.6 0.0 15 0.0
174.7 0.0 15 0.0
174.8 0.0 15 0.0
174.9 0.0 15 0.0
175.0 0.0 15 0.0
175.1 0.0 15 0.0
175.2 0.0 15 0.0
175.3 0.0 15 0.0
175.4 0.0 15 0.0
175.5 0.0 15 0.0
175.6 0.0 15 0.0
175.7 0.0 15 0.0
175.8 0.0 15 0.0
175.9 0.0 15 0.0
176.0 0.0 15 0.0
176.1 0.0 15 0.0
176.2 0.0 15 0.0
176.3 0.0 15 0.0
176.4 0.0 15 0.0
176.5 0.0 15 0.0
176.6 0.0 15 0.0
176.7 0.0 15 0.0
176.8 0.0 15 0.0
176.9 0.0 15 0.0
177.0 0.0 15 0.0
177.1 0.0 15 0.0
177.2 0.0 15 0.0
177.3 0.0 15 0.0
177.4 0.0 15 0.0
177.5 0.0 15 0.0
177.6 0.0 15 0.0
177.7 0.0 15 0.0
177.8 0.0 15 0.0
177.9 0.0 15 0.0
178.0 0.0 15 0.0
178.1 0.0 15 0.0
178.2 0.0 15 0.0
178.3 0.0 15 0.0
178.4 0.0 15 0.0
178.5 0.0 15 0.0
178.6 0.0 15 0.0
178.7 0.0 15 0.0
178.8 0.0 15 0.0
178.9 0.0 15 0.0
179.0 0.0 15 0.0
179.1 0.0 15 0.0
179.2 0.0 15 0.0
179.3 0.0 15 0.0
179.4 0.0 15 0.0
179.5 0.0 15 0.0
179.6 0.0 15 0.0
179.7 0.0 15 0.0
179.8 0.0 15 0.0
179.9 0.0 15 0.0
180.0 0.0 15 0.0
180.1 0.0 15 0.0
180.2 0.0 15 0.0
180.3 0.0 15 0.0
180.4 0.0 15 0.0
180.5 0.0 15 0.0
180.6 0.0 15 0.0
180.7 0.0 15 0.0
180.8 0.0 15 0.0
180.9 0.0 15 0.0
181.0 0.0 15 0.0
181.1 0.0 15 0.0
181.2 0.0 15 0.0
181.3 0.0 15 0.0
181.4 0.0 15 0.0
181.5 0.0 15 0.0
181.6 0.0 15 0.0
181.7 0.0 15 0.0
181.8 0.0 15 0.0
181.9 0.0 15 0.0
182.0 0.0 15 0.0
182.1 0.0 15 0.0
182.2 0.0 15 0.0
182.3 0.0 15 0.0
182.4 0.0 15 0.0
182.5 0.0 15 0.0
182.6 0.0 15 0.0
182.7 0.0 15 0.0
182.8 0.0 15 0.0
182.9 0.0 15 0.0
183.0 0.0 15 0.0
183.1 0.0 15 0.0
183.2 0.0 15 0.0
183.3 0.0 15 0.0
183.4 0.0 15 0.0
183.5 0.0 15 0.0
183.6 0.0 15 0.0
183.7 0.0 15 0.0
183.8 0.0 15 0.0
183.9 0.0 15 0.0
184.0 0.0 15 0.0
184.1 0.0 15 0.0
184.2 0.0 15 0.0
184.3 0.0 15 0.0
184.4 0.0 15 0.0
184.5 0.0 15 0.0
184.6 0.0 15 0.0
184.7 0.0 15 0.0
184.8 0.0 15 0.0
184.9 0.0 15 0.0
185.0 0.0 15 0.0
185.1 0.0 15 0.0
185.2 0.0 15 0.0
185.3 0.0 15 0.0
185.4 0.0 15 0.0
185.5 0.0 15 0.0
185.6 0.0 15 0.0
185.7 0.0 15 0.0
185.8 0.0 15 0.0
185.9 0.0 15 0.0
186.0 0.0 15 0.0
186.1 0.0 15 0.0
186.2 0.0 15 0.0
186.3 0.0 15 0.0
186.4 0.0 15 0.0
186.5 0.0 15 0.0
186.6 0.0 15 0.0
186.7 0.0 15 0.0
186.8 0.0 15 0.0
186.9 0.0 15 0.0
187.0 0.0 15 0.0
187.1 0.0 15 0.0
187.2 0.0 15 0.0
187.3 0.0 15 0.0
187.4 0.0 15 0.0
187.5 0.0 15 0.0
187.6 0.0 15 0.0
187.7 0.0 15 0.0
187.8 0.0 15 0.0
187.9 0.0 15 0.0
188.0 0.0 15 0.0
188.1 0.0 15 0.0
188.2 0.0 15 0.0
188.3 0.0 15 0.0
188.4 0.0 15 0.0
188.5 0.0 15 0.0
188.6 0.0 15 0.0
188.7 0.0 15 0.0
188.8 0.0 15 0.0
188.9 0.0 15 0.0
189.0 0.0 15 0.0
189.1 0.0 15 0.0
189.2 0.0 15 0.0
189.3 0.0 15 0.0
189.4 0.0 15 0.0
189.5 0.0 15 0.0
189.6 0.0 15 0.0
189.7 0.0 15 0.0
189.8 0.0 15 0.0
189.9 0.0 15 0.0
190.0 0.0 15 0.0
190.1 0.0 15 0.0
190.2 0.0 15 0.0
190.3 0.0 15 0.0
190.4 0.0 15 0.0
190.5 0.0 15 0.0
190.6 0.0 15 0.0
190.7 0.0 15 0.0
190.8 0.0 15 0.0
190.9 0.0 15 0.0
191.0 0.0 15 0.0
191.1 0.0 15 0.0
191.2 0.0 15 0.0
191.3 0.0 15 0.0
191.4 0.0 15 0.0
191.5 0.0 15 0.0
191.6 0.0 15 0.0
191.7 0.0 15 0.0
191.8 0.0 15 0.0
191.9 0.0 15 0.0
192.0 0.0 15 0.0
192.1 0.0 15 0.0
192.2 0.0 15 0.0
192.3 0.0 15 0.0
192.4 0.0 15 0.0
192.5 0.0 15 0.0
192.6 0.0 15 0.0
192.7 0.0 15 0.0
192.8 0.0 15 0.0
192.9 0.0 15 0.0
193.0 0.0 15 0.0
193.1 0.0 15 0.0
193.2 0.0 15 0.0
193.3 0.0 15 0.0
193.4 0.0 15 0.0
193.5 0.0 15 0.0
193.6 0.0 15 0.0
193.7 0.0 15 0.0
193.8 0.0 15 0.0
193.9 0.0 15 0.0
194.0 0.0 15 0.0
194.1 0.0 15 0.0
194.2 0.0 15 0.0
194.3 0.0 15 0.0
194.4 0.0 15 0.0
194.5 0.0 15 0.0
194.6 0.0 15 0.0
194.7 0.0 15 0.0
194.8 0.0 15 0.0
194.9 0.0 15 0.0
195.0 0.0 15 0.0
195.1 0.0 15 0.0
195.2 0.0 15 0.0
195.3 0.0 15 0.0
195.4 0.0 15 0.0
195.5 0.0 15 0.0
195.6 0.0 15 0.0
195.7 0.0 15 0.0
195.8 0.0 15 0.0
195.9 0.0 15 0.0
196.0 0.0 15 0.0
196.1 0.0 15 0.0
196.2 0.0 15 0.0
196.3 0.0 15 0.0
196.4 0.0 15 0.0
196.5 0.0 15 0.0
196.6 0.0 15 0.0
196.7 0.0 15 0.0
196.8 0.0 15 0.0
196.9 0.0 15 0.0
197.0 0.0 15 0.0
197.1 0.0 15 0.0
197.2 0.0 15 0.0
197.3 0.0 15 0.0
197.4 0.0 15 0.0
197.5 0.0 15 0.0
197.6 0.0 15 0.0
197.7 0.0 15 0.0
197.8 0.0 15 0.0
197.9 0.0 15 0.0
198.0 0.0 15 0.0
198.1 0.0 15 0.0
198.2 0.0 15 0.0
198.3 0.0 15 0.0
198.4 0.0 15 0.0
198.5 0.0 15 0.0
198.6 0.0 15 0.0
198.7 0.0 15 0.0
198.8 0.0 15 0.0
198.9 0.0 15 0.0
199.0 0.0 15 0.0
199.1 0.0 15 0.0
199.2 0.0 15 0.0
199.3 0.0 15 0.0
199.4 0.0 15 0.0
199.5 0.0 15 0.0
199.6 0.0 15 0.0
199.7 0.0 15 0.0
199.8 0.0 15 0.0
199.9 0.0 15 0.0
200.0 0.0 15 0.0
200.1 0.0 15 0.0
200.2 0.0 15 0.0
200.3 0.0 15 0.0
200.4 0.0 15 0.0
200.5 0.0 15 0.0
200.6 0.0 15 0.0
200.7 0.0 15 0.0
200.8 0.0 15 0.0
200.9 0.0 15 0.0
201.0 0.0 15 0.0
201.1 0.0 15 0.0
201.2 0.0 15 0.0
201.3 0.0 15 0.0
201.4 0.0 15 0.0
201.5 0.0 15 0.0
201.6 0.0 15 0.0
201.7 0.0 15 0.0
201.8 0.0 15 0.0
201.9 0.0 15 0.0
202.0 0.0 15 0.0
202.1 0.0 15 0.0
202.2 0.0 15 0.0
202.3 0.0 15 0.0
202.4 0.0 15 0.0
202.5 0.0 15 0.0
202.6 0.0 15 0.0
202.7 0.0 15 0.0
202.8 0.0 15 0.0
202.9 0.0 15 0.0
203.0 0.0 15 0.0
203.1 0.0 15 0.0
203.2 0.0 15 0.0
203.3 0.0 15 0.0
203.4 0.0 15 0.0
203.5 0.0 15 0.0
203.6 0.0 15 0.0
203.7 0.0 15 0.0
203.8 0.0 15 0.0
203.9 0.0 15 0.0
204.0 0.0 15 0.0
204.1 0.0 15 0.0
204.2 0.0 15 0.0
204.3 0.0 15 0.0
204.4 0.0 15 0.0
204.5 0.0 15 0.0
204.6 0.0 15 0.0
204.7 0.0 15 0.0
204.8 0.0 15 0.0
204.9 0.0 15 0.0
205.0 0.0 15 0.0
205.1 0.0 15 0.0
205.2 0.0 15 0.0
205.3 0.0 15 0.0
205.4 0.0 15 0.0
205.5 0.0 15 0.0
205.6 0.0 15 0.0
205.7 0.0 15 0.0
205.8 0.0 15 0.0
205.9 0.0 15 0.0
206.0 0.0 15 0.0
206.1 0.0 15 0.0
206.2 0.0 15 0.0
206.3 0.0 15 0.0
206.4 0.0 15 0.0
206.5 0.0 15 0.0
206.6 0.0 15 0.0
206.7 0.0 15 0.0
206.8 0.0 15 0.0
206.9 0.0 15 0.0
207.0 0.0 15 0.0
207.1 0.0 15 0.0
207.2 0.0 15 0.0
207.3 0.0 15 0.0
207.4 0.0 15 0.0
207.5 0.0 15 0.0
207.6 0.0 15 0.0
207.7 0.0 15 0.0
207.8 0.0 15 0.0
207.9 0.0 15 0.0
208.0 0.0 15 0.0
208.1 0.0 15 0.0
208.2 0.0 15 0.0
208.3 0.0 15 0.0
208.4 0.0 15 0.0
208.5 0.0 15 0.0
208.6 0.0 15 0.0
208.7 0.0 15 0.0
208.8 0.0 15 0.0
208.9 0.0 15 0.0
209.0 0.0 15 0.0
209.1 0.0 15 0.0
209.2 0.0 15 0.0
209.3 0.0 15 0.0
209.4 0.0 15 0.0
209.5 0.0 15 0.0
209.6 0.0 15 0.0
209.7 0.0 15 0.0
209.8 0.0 15 0.0
209.9 0.0 15 0.0
210.0 0.0 15 0.0
210.1 0.0 15 0.0
210.2 0.0 15 0.0
210.3 0.0 15 0.0
210.4 0.0 15 0.0
210.5 0.0 15 0.0
210.6 0.0 15 0.0
210.7 0.0 15 0.0
210.8 0.0 15 0.0
210.9 0.0 15 0.0
211.0 0.0 15 0.0
211.1 0.0 15 0.0
211.2 0.0 15 0.0
211.3 0.0 15 0.0
211.4 0.0 15 0.0
211.5 0.0 15 0.0
211.6 0.0 15 0.0
211.7 0.0 15 0.0
211.8 0.0 15 0.0
211.9 0.0 15 0.0
212.0 0.0 15 0.0
212.1 0.0 15 0.0
212.2 0.0 15 0.0
212.3 0.0 15 0.0
212.4 0.0 15 0.0
212.5 0.0 15 0.0
212.6 0.0 15 0.0
212.7 0.0 15 0.0
212.8 0.0 15 0.0
212.9 0.0 15 0.0
213.0 0.0 15 0.0
213.1 0.0 15 0.0
213.2 0.0 15 0.0
213.3 0.0 15 0.0
213.4 0.0 15 0.0
213.5 0.0 15 0.0
213.6 0.0 15 0.0
213.7 0.0 15 0.0
213.8 0.0 15 0.0
213.9 0.0 15 0.0
214.0 0.0 15 0.0
214.1 0.0 15 0.0
214.2 0.0 15 0.0
214.3 0.0 15 0.0
214.4 0.0 15 0.0
214.5 0.0 15 0.0
214.6 0.0 15 0.0
214.7 0.0 15 0.0
214.8 0.0 15 0.0
214.9 0.0 15 0.0
215.0 0.0 15 0.0
215.1 0.0 15 0.0
215.2 0.0 15 0.0
215.3 0.0 15 0.0
215.4 0.0 15 0.0
215.5 0.0 15 0.0
215.6 0.0 15 0.0
215.7 0.0 15 0.0
215.8 0.0 15 0.0
215.9 0.0 15 0.0
216.0 0.0 15 0.0
216.1 0.0 15 0.0
216.2 0.0 15 0.0
216.3 0.0 15 0.0
216.4 0.0 15 0.0
216.5 0.0 15 0.0
216.6 0.0 15 0.0
216.7 0.0 15 0.0
216.8 0.0 15 0.0
216.9 0.0 15 0.0
217.0 0.0 15 0.0
217.1 0.0 15 0.0
217.2 0.0 15 0.0
217.3 0.0 15 0.0
217.4 0.0 15 0.0
217.5 0.0 15 0.0
217.6 0.0 15 0.0
217.7 0.0 15 0.0
217.8 0.0 15 0.0
217.9 0.0 15 0.0
218.0 0.0 15 0.0
218.1 0.0 15 0.0
218.2 0.0 15 0.0
218.3 0.0 15 0.0
218.4 0.0 15 0.0
218.5 0.0 15 0.0
218.6 0.0 15 0.0
218.7 0.0 15 0.0
218.8 0.0 15 0.0
218.9 0.0 15 0.0
219.0 0.0 15 0.0
219.1 0.0 15 0.0
219.2 0.0 15 0.0
219.3 0.0 15 0.0
219.4 0.0 15 0.0
219.5 0.0 15 0.0
219.6 0.0 15 0.0
219.7 0.0 15 0.0
219.8 0.0 15 0.0
219.9 0.0 15 0.0
220.0 0.0 15 0.0
220.1 0.0 15 0.0
220.2 0.0 15 0.0
220.3 0.0 15 0.0
220.4 0.0 15 0.0
220.5 0.0 15 0.0
220.6 0.0 15 0.0
220.7 0.0 15 0.0
220.8 0.0 15 0.0
220.9 0.0 15 0.0
221.0 0.0 15 0.0
221.1 0.0 15 0.0
221.2 0.0 15 0.0
221.3 0.0 15 0.0
221.4 0.0 15 0.0
221.5 0.0 15 0.0
221.6 0.0 15 0.0
221.7 0.0 15 0.0
221.8 0.0 15 0.0
221.9 0.0 15 0.0
222.0 0.0 15 0.0
222.1 0.0 15 0.0
222.2 0.0 15 0.0
222.3 0.0 15 0.0
222.4 0.0 15 0.0
222.5 0.0 15 0.0
222.6 0.0 15 0.0
222.7 0.0 15 0.0
222.8 0.0 15 0.0
222.9 0.0 15 0.0
223.0 0.0 15 0.0
223.1 0.0 15 0.0
223.2 0.0 15 0.0
223.3 0.0 15 0.0
223.4 0.0 15 0.0
223.5 0.0 15 0.0
223.6 0.0 15 0.0
223.7 0.0 15 0.0
223.8 0.0 15 0.0
223.9 0.0 15 0.0
224.0 0.0 15 0.0
224.1 0.0 15 0.0
224.2 0.0 15 0.0
224.3 0.0 15 0.0
224.4 0.0 15 0.0
224.5 0.0 15 0.0
224.6 0.0 15 0.0
224.7 0.0 15 0.0
224.8 0.0 15 0.0
224.9 0.0 15 0.0
225.0 0.0 15 0.0
225.1 0.0 15 0.0
225.2 0.0 15 0.0
225.2 0.0 15 0.0
225.3 0.0 15 0.0
225.4 0.0 15 0.0
225.5 0.0 15 0.0
225.6 0.0 15 0.0
225.7 0.0 15 0.0
225.8 0.0 15 0.0
225.9 0.0 15 0.0
226.0 0.0 15 0.0
226.1 0.0 15 0.0
226.2 0.0 15 0.0
226.3 0.0 15 0.0
226.4 0.0 15 0.0
226.5 0.0 15 0.0
226.6 0.0 15 0.0
226.7 0.0 15 0.0
226.8 0.0 15 0.0
226.9 0.0 15 0.0
227.0 0.0 15 0.0
227.1 0.0 15 0.0
227.2 0.0 15 0.0
227.3 0.0 15 0.0
227.4 0.0 15 0.0
227.5 0.0 15 0.0
227.6 0.0 15 0.0
227.7 0.0 15 0.0
227.8 0.0 15 0.0
227.9 0.0 15 0.0
228.0 0.0 15 0.0
228.1 0.0 15 0.0
228.2 0.0 15 0.0
228.3 148.1875 14 1.0
228.4 148.2566 14 1.0
228.5 148.3257 14 1.0
228.6 148.3947 14 1.0
228.7 148.4638 14 1.0
228.8 148.5329 14 1.0
228.9 148.6019 14 1.0
229.0 148.671 14 1.0
229.1 148.7401 14 1.0
229.2 148.8092 14 1.0
229.3 148.8782 14 1.0
229.4 148.9473 14 1.0
229.5 149.0164 14 1.0
229.6 149.0854 14 1.0
229.7 149.1545 14 1.0
229.8 149.2236 14 1.0
229.9 149.2926 14 1.0
230.0 149.3617 14 1.0
230.1 149.4308 14 1.0
230.2 149.4998 14 1.0
230.3 149.5689 14 1.0
230.4 149.638 14 1.0
230.5 149.7071 14 1.0
230.6 149.7761 14 1.0
230.7 149.8452 14 1.0
230.8 149.9143 14 1.0
230.9 149.9833 14 1.0
231.0 150.0524 14 1.0
231.1 150.1215 14 1.0
231.2 150.1905 14 1.0
231.3 150.2596 14 1.0
231.4 150.3287 14 1.0
231.5 150.3978 14 1.0
231.6 150.4668 14 1.0
231.7 150.5359 14 1.0
231.8 150.605 14 1.0
231.9 150.674 14 1.0
232.0 150.7431 14 1.0
232.1 150.8122 14 1.0
232.2 150.8812 14 1.0
232.3 150.9503 14 1.0
232.4 151.0194 14 1.0
232.5 151.0885 14 1.0
232.6 151.1575 14 1.0
232.7 151.2266 14 1.0
232.8 151.2957 14 1.0
232.9 151.3647 14 1.0
233.0 151.4338 14 1.0
233.1 151.5029 14 1.0
233.2 151.5719 14 1.0
233.3 151.641 14 1.0
233.4 151.7101 14 1.0
233.5 151.7791 14 1.0
233.6 151.8482 14 1.0
233.7 151.9173 14 1.0
233.8 151.9864 14 1.0
233.9 152.0554 14 1.0
234.0 152.1245 14 1.0
234.1 152.1936 14 1.0
234.2 152.2626 14 1.0
234.3 152.3317 14 1.0
234.4 152.4008 14 1.0
234.5 152.4698 14 1.0
234.6 152.5389 14 1.0
234.7 152.608 14 1.0
234.8 152.6771 14 1.0
234.9 152.7461 14 1.0
235.0 152.8152 14 1.0
235.1 152.8843 14 1.0
235.2 152.9533 14 1.0
235.3 153.0224 14 1.0
235.4 153.0915 14 1.0
235.5 153.1605 14 1.0
235.6 153.2296 14 1.0
235.7 153.2987 14 1.0
235.8 153.3678 14 1.0
235.9 153.4368 14 1.0
236.0 153.5059 14 1.0
236.1 153.575 14 1.0
236.2 153.644 14 1.0
236.3 153.7131 14 1.0
236.4 153.7822 14 1.0
236.5 153.8512 14 1.0
236.6 153.9203 14 1.0
236.7 153.9894 14 1.0
236.8 154.0584 14 1.0
236.9 154.1275 14 1.0
237.0 154.1966 14 1.0
237.1 154.2657 14 1.0
237.2 154.3347 14 1.0
237.3 154.4038 14 1.0
237.4 154.4729 14 1.0
237.5 154.5419 14 1.0
237.6 154.611 14 1.0
237.7 154.6801 14 1.0
237.8 154.7491 14 1.0
237.9 154.8182 14 1.0
238.0 154.8873 14 1.0
238.1 154.9564 14 1.0
238.2 155.0254 14 1.0
238.3 155.0945 14 1.0
238.4 155.1636 14 1.0
238.5 155.2326 14 1.0
238.6 155.3017 14 1.0
238.7 155.3708 14 1.0
238.8 155.4398 14 1.0
238.9 155.5089 14 1.0
239.0 155.578 14 1.0
239.1 155.647 14 1.0
239.2 155.7161 14 1.0
239.3 155.7852 14 1.0
239.4 155.8543 14 1.0
239.5 155.9233 14 1.0
239.6 155.9924 14 1.0
239.7 156.0615 14 1.0
239.8 156.1305 14 1.0
239.9 156.1996 14 1.0
240.0 156.2687 14 1.0
240.1 156.3377 14 1.0
240.2 156.4068 14 1.0
240.3 156.4759 14 1.0
240.4 156.545 14 1.0
240.5 156.614 14 1.0
240.6 156.6831 14 1.0
240.7 156.7522 14 1.0
240.8 156.8212 14 1.0
240.9 156.8903 14 1.0
241.0 156.9594 14 1.0
241.1 157.0284 14 1.0
241.2 157.0975 14 1.0
241.3 157.1666 14 1.0
241.4 157.2357 14 1.0
241.5 157.3047 14 1.0
241.6 157.3738 14 1.0
241.7 157.4429 14 1.0
241.8 157.5119 14 1.0
241.9 157.581 14 1.0
242.0 157.6501 14 1.0
242.1 157.7191 14 1.0
242.2 157.7882 14 1.0
242.3 157.8573 14 1.0
242.4 157.9263 14 1.0
242.5 157.9954 14 1.0
242.6 158.0645 14 1.0
242.7 158.1336 14 1.0
242.8 158.2026 14 1.0
242.9 158.2717 14 1.0
243.0 158.3408 14 1.0
243.1 158.4098 14 1.0
243.2 158.4789 14 1.0
243.3 158.548 14 1.0
243.4 158.617 14 1.0
243.5 158.6861 14 1.0
243.6 158.7552 14 1.0
243.7 158.8243 14 1.0
243.8 158.8933 14 1.0
243.9 158.9624 14 1.0
244.0 159.0315 14 1.0
244.1 159.1005 14 1.0
244.2 159.1696 14 1.0
244.3 159.2387 14 1.0
244.4 159.3077 14 1.0
244.5 159.3768 14 1.0
244.6 159.4459 14 1.0
244.7 159.515 14 1.0
244.8 159.584 14 1.0
244.9 159.6531 14 1.0
245.0 159.7222 14 1.0
245.1 159.7912 14 1.0
245.2 159.8603 14 1.0
245.3 159.9294 14 1.0
245.4 159.9984 14 1.0
245.5 160.0675 14 1.0
245.6 160.1366 14 1.0
245.7 160.2056 14 1.0
245.8 160.2747 14 1.0
245.9 160.3438 14 1.0
246.0 160.4129 14 1.0
246.1 160.4819 14 1.0
246.2 160.551 14 1.0
246.3 160.6201 14 1.0
246.4 160.6891 14 1.0
246.5 160.7582 14 1.0
246.6 160.8273 14 1.0
246.7 160.8963 14 1.0
246.8 160.9654 14 1.0
246.9 161.0345 14 1.0
247.0 161.1036 14 1.0
247.1 161.1726 14 1.0
247.2 161.2417 14 1.0
247.3 161.3108 14 1.0
247.4 161.3798 14 1.0
247.5 161.4489 14 1.0
247.6 161.518 14 1.0
247.7 161.587 14 1.0
247.8 161.6561 14 1.0
247.9 161.7252 14 1.0
248.0 161.7942 14 1.0
248.1 161.8633 14 1.0
248.2 161.9324 14 1.0
248.3 162.0015 14 1.0
248.4 162.0705 14 1.0
248.5 162.1396 14 1.0
248.6 162.2087 14 1.0
248.7 162.2777 14 1.0
248.8 162.3468 14 1.0
248.9 162.4159 14 1.0
249.0 162.4849 14 1.0
249.1 162.554 14 1.0
249.2 162.6231 14 1.0
249.3 162.6922 14 1.0
249.4 162.7612 14 1.0
249.5 162.8303 14 1.0
249.6 162.8994 14 1.0
249.7 162.9684 14 1.0
249.8 163.0369 14 1.0
249.9 163.1054 14 1.0
250.0 163.1738 14 1.0
250.1 163.2423 14 1.0
250.2 163.3107 14 1.0
250.3 163.3792 14 1.0
250.4 163.4476 14 1.0
250.5 163.5161 14 1.0
250.6 163.5846 14 1.0
250.7 163.653 14 1.0
250.8 163.7215 14 1.0
250.9 163.7899 14 1.0
251.0 163.8584 14 1.0
251.1 163.9269 14 1.0
251.2 163.9953 14 1.0
251.3 164.0638 14 1.0
251.4 164.1322 14 1.0
251.5 164.2007 14 1.0
251.6 164.2692 14 1.0
251.7 164.3376 14 1.0
251.8 164.4061 14 1.0
251.9 164.4745 14 1.0
252.0 164.543 14 1.0
252.1 164.6115 14 1.0
252.2 164.6799 14 1.0
252.3 164.7484 14 1.0
252.4 164.8168 14 1.0
252.5 164.8853 14 1.0
252.6 164.9537 14 1.0
252.7 165.0222 14 1.0
252.8 165.0907 14 1.0
252.9 165.1591 14 1.0
253.0 165.2276 14 1.0
253.1 165.296 14 1.0
253.2 165.3645 14 1.0
253.3 165.433 14 1.0
253.4 165.5014 14 1.0
253.5 165.5699 14 1.0
253.6 165.6383 14 1.0
253.7 165.7068 14 1.0
253.8 165.7753 14 1.0
253.9 165.8437 14 1.0
254.0 165.9122 14 1.0
254.1 165.9806 14 1.0
254.2 166.0491 14 1.0
254.3 166.1176 14 1.0
254.4 166.186 14 1.0
254.5 166.2545 14 1.0
254.6 166.3229 14 1.0
254.7 166.3914 14 1.0
254.8 166.4599 14 1.0
254.9 166.5283 14 1.0
255.0 166.5968 14 1.0
255.1 166.6652 14 1.0
255.2 166.7337 14 1.0
255.3 166.8021 14 1.0
255.4 166.8706 14 1.0
255.5 166.9391 14 1.0
255.6 167.0075 14 1.0
255.7 167.076 14 1.0
255.8 167.1444 14 1.0
255.9 167.2129 14 1.0
256.0 167.2814 14 1.0
256.1 167.3498 14 1.0
256.2 167.4183 14 1.0
256.3 167.4867 14 1.0
256.4 167.5552 14 1.0
256.5 167.6237 14 1.0
256.6 167.6921 14 1.0
256.7 167.7606 14 1.0
256.8 167.829 14 1.0
256.9 167.8975 14 1.0
257.0 167.966 14 1.0
257.1 168.0344 14 1.0
257.2 168.1029 14 1.0
257.3 168.1713 14 1.0
257.4 168.2398 14 1.0
257.5 168.3082 14 1.0
257.6 168.3767 14 1.0
257.7 168.4452 14 1.0
257.8 168.5136 14 1.0
257.9 168.5821 14 1.0
258.0 168.6505 14 1.0
258.1 168.719 14 1.0
258.2 168.7875 14 1.0
258.3 168.8559 14 1.0
258.4 168.9244 14 1.0
258.5 168.9928 14 1.0
258.6 169.0613 14 1.0
258.7 169.1298 14 1.0
258.8 169.1982 14 1.0
258.9 169.2667 14 1.0
259.0 169.3351 14 1.0
259.1 169.4036 14 1.0
259.2 169.4721 14 1.0
259.3 169.5405 14 1.0
259.4 169.609 14 1.0
259.5 169.6774 14 1.0
259.6 169.7459 14 1.0
259.7 169.8143 14 1.0
259.8 169.8828 14 1.0
259.9 169.9513 14 1.0
260.0 170.0197 14 1.0
260.1 170.0882 14 1.0
260.2 170.1566 14 1.0
260.3 170.2251 14 1.0
260.4 170.2936 14 1.0
260.5 170.362 14 1.0
260.6 170.4305 14 1.0
260.7 170.4989 14 1.0
260.8 170.5674 14 1.0
260.9 170.6359 14 1.0
261.0 170.7043 14 1.0
261.1 170.7728 14 1.0
261.2 170.8412 14 1.0
261.3 170.9097 14 1.0
261.4 170.9782 14 1.0
261.5 171.0466 14 1.0
261.6 171.1151 14 1.0
261.7 171.1835 14 1.0
261.8 171.252 14 1.0
261.9 171.3205 14 1.0
262.0 171.3889 14 1.0
262.1 171.4574 14 1.0
262.2 171.5258 14 1.0
262.3 171.5943 14 1.0
262.4 171.6627 14 1.0
262.5 171.7312 14 1.0
262.6 171.7997 14 1.0
262.7 171.8681 14 1.0
262.8 171.9366 14 1.0
262.9 172.005 14 1.0
263.0 172.0735 14 1.0
263.1 172.142 14 1.0
263.2 172.2104 14 1.0
263.3 172.2789 14 1.0
263.4 172.3473 14 1.0
263.5 172.4158 14 1.0
263.6 172.4843 14 1.0
263.7 172.5527 14 1.0
263.8 172.6212 14 1.0
263.9 172.6896 14 1.0
264.0 172.7581 14 1.0
264.1 172.8266 14 1.0
264.2 172.895 14 1.0
264.3 172.9635 14 1.0
264.4 173.0319 14 1.0
264.5 173.1004 14 1.0
264.6 173.1688 14 1.0
264.7 173.2373 14 1.0
264.8 173.3058 14 1.0
264.9 173.3742 14 1.0
265.0 173.4427 14 1.0
265.1 173.5111 14 1.0
265.2 173.5796 14 1.0
265.3 173.6481 14 1.0
265.4 173.7165 14 1.0
265.5 173.785 14 1.0
265.6 173.8534 14 1.0
265.7 173.9219 14 1.0
265.8 173.9904 14 1.0
265.9 174.0588 14 1.0
266.0 174.1273 14 1.0
266.1 174.1957 14 1.0
266.2 174.2642 14 1.0
266.3 174.3327 14 1.0
266.4 174.4011 14 1.0
266.5 174.4696 14 1.0
266.6 174.538 14 1.0
266.7 174.6065 14 1.0
266.8 174.6749 14 1.0
266.9 174.7434 14 1.0
267.0 174.8119 14 1.0
267.1 174.8803 14 1.0
267.2 174.9488 14 1.0
267.3 175.0172 14 1.0
267.4 175.0857 14 1.0
267.5 175.1542 14 1.0
267.6 175.2226 14 1.0
267.7 175.2911 14 1.0
267.8 175.3595 14 1.0
267.9 175.428 14 1.0
268.0 175.4965 14 1.0
268.1 175.5649 14 1.0
268.2 175.6334 14 1.0
268.3 175.7018 14 1.0
268.4 175.7703 14 1.0
268.5 175.8388 14 1.0
268.6 175.9072 14 1.0
268.7 175.9757 14 1.0
268.8 176.0441 14 1.0
268.9 176.1126 14 1.0
269.0 176.1811 14 1.0
269.1 176.2495 14 1.0
269.2 176.318 14 1.0
269.3 176.3864 14 1.0
269.4 176.4549 14 1.0
269.5 176.5233 14 1.0
269.6 176.5918 14 1.0
269.7 176.6603 14 1.0
269.8 176.7287 14 1.0
269.9 176.7972 14 1.0
270.0 176.8656 14 1.0
270.1 176.9341 14 1.0
270.2 177.0026 14 1.0
270.3 177.071 14 1.0
270.4 177.1395 14 1.0
270.5 177.2079 14 1.0
270.6 177.2764 14 1.0
270.7 177.3449 14 1.0
270.8 177.4133 14 1.0
270.9 177.4818 14 1.0
271.0 177.5502 14 1.0
271.1 177.6187 14 1.0
271.2 177.6872 14 1.0
271.3 177.7556 14 1.0
271.4 177.8241 14 1.0
271.5 177.8925 14 1.0
271.6 177.961 14 1.0
271.7 178.0294 14 1.0
271.8 178.0979 14 1.0
271.9 178.1664 14 1.0
272.0 178.2348 14 1.0
272.1 178.3033 14 1.0
272.2 178.3717 14 1.0
272.3 178.4402 14 1.0
272.4 178.5087 14 1.0
272.5 178.5771 14 1.0
272.6 178.6456 14 1.0
272.7 178.714 14 1.0
272.8 178.7825 14 1.0
272.9 178.851 14 1.0
273.0 178.9194 14 1.0
273.1 178.9879 14 1.0
273.2 179.0563 14 1.0
273.3 179.1248 14 1.0
273.4 179.1933 14 1.0
273.5 179.2617 14 1.0
273.6 179.3302 14 1.0
273.7 179.3986 14 1.0
273.8 179.4671 14 1.0
273.9 179.5355 14 1.0
274.0 179.604 14 1.0
274.1 179.6725 14 1.0
274.2 179.7409 14 1.0
274.3 179.8094 14 1.0
274.4 179.8778 14 1.0
274.5 179.9463 14 1.0
274.6 180.0148 14 1.0
274.7 180.0832 14 1.0
274.8 180.1517 14 1.0
274.9 180.2201 14 1.0
275.0 180.2886 14 1.0
275.1 180.3571 14 1.0
275.2 180.4255 14 1.0
275.3 180.494 14 1.0
275.4 180.5624 14 1.0
275.5 180.6309 14 1.0
275.6 180.6994 14 1.0
275.7 180.7678 14 1.0
275.8 180.8363 14 1.0
275.9 180.9047 14 1.0
276.0 180.9732 14 1.0
276.1 181.0417 14 1.0
276.2 181.1101 14 1.0
276.3 181.1786 14 1.0
276.4 181.247 14 1.0
276.5 181.3155 14 1.0
276.6 181.3839 14 1.0
276.7 181.4524 14 1.0
276.8 181.5209 14 1.0
276.9 181.5893 14 1.0
277.0 181.6578 14 1.0
277.1 181.7262 14 1.0
277.2 181.7947 14 1.0
277.3 181.8632 14 1.0
277.4 181.9316 14 1.0
277.5 182.0001 14 1.0
277.6 182.0685 14 1.0
277.7 182.137 14 1.0
277.8 182.2055 14 1.0
277.9 182.2739 14 1.0
278.0 182.3424 14 1.0
278.1 182.4108 14 1.0
278.2 182.4793 14 1.0
278.3 182.5478 14 1.0
278.4 182.6162 14 1.0
278.5 182.6847 14 1.0
278.6 182.7531 14 1.0
278.7 182.8216 14 1.0
278.8 182.89 14 1.0
278.9 182.9585 14 1.0
279.0 183.027 14 1.0
279.1 183.0954 14 1.0
279.2 183.1639 14 1.0
279.3 183.2323 14 1.0
279.4 183.3008 14 1.0
279.5 183.3693 14 1.0
279.6 183.4377 14 1.0
279.7 183.5062 14 1.0
279.8 183.5746 14 1.0
279.9 183.6431 14 1.0
280.0 183.7116 14 1.0
280.1 183.78 14 1.0
280.2 183.8485 14 1.0
280.3 183.9169 14 1.0
280.4 183.9854 14 1.0
280.5 184.0539 14 1.0
280.6 184.1223 14 1.0
280.7 184.1908 14 1.0
280.8 184.2592 14 1.0
280.9 184.3277 14 1.0
281.0 184.3961 14 1.0
281.1 184.4646 14 1.0
281.2 184.5331 14 1.0
281.3 184.6015 14 1.0
281.4 184.67 14 1.0
281.5 184.7384 14 1.0
281.6 184.8069 14 1.0
281.7 184.8754 14 1.0
281.8 184.9438 14 1.0
281.9 185.0123 14 1.0
282.0 185.0807 14 1.0
282.1 185.1492 14 1.0
282.2 185.2177 14 1.0
282.3 185.2861 14 1.0
282.4 185.3546 14 1.0
282.5 185.423 14 1.0
282.6 185.4915 14 1.0
282.7 185.56 14 1.0
282.8 185.6284 14 1.0
282.9 185.6969 14 1.0
283.0 185.7653 14 1.0
283.1 185.8338 14 1.0
283.2 185.9023 14 1.0
283.3 185.9707 14 1.0
283.4 186.0392 14 1.0
283.5 186.1076 14 1.0
283.6 186.1761 14 1.0
283.7 186.2445 14 1.0
283.7 186.313 14 1.0
283.8 186.3815 14 1.0
283.9 186.4499 14 1.0
284.0 186.5184 14 1.0
284.1 186.5868 14 1.0
284.2 186.6553 14 1.0
284.3 186.7238 14 1.0
284.4 186.7922 14 1.0
284.5 186.8607 14 1.0
284.6 186.9291 14 1.0
284.7 186.9976 14 1.0
284.8 187.0661 14 1.0
284.9 187.1345 14 1.0
285.0 187.203 14 1.0
285.1 187.2714 14 1.0
285.2 187.3399 14 1.0
285.3 187.4084 14 1.0
285.4 187.4768 14 1.0
285.5 187.5453 14 1.0
285.6 187.6137 14 1.0
285.7 187.6822 14 1.0
285.8 187.7506 14 1.0
285.9 187.8191 14 1.0
286.0 187.8876 14 1.0
286.1 187.956 14 1.0
286.2 188.0245 14 1.0
286.3 188.0929 14 1.0
286.4 188.1614 14 1.0
286.5 188.2299 14 1.0
286.6 188.2983 14 1.0
286.7 188.3668 14 1.0
286.8 188.4352 14 1.0
286.9 188.5037 14 1.0
287.0 188.5722 14 1.0
287.1 188.6406 14 1.0
287.2 188.7091 14 1.0
287.3 188.7775 14 1.0
287.4 188.846 14 1.0
287.5 188.9145 14 1.0
287.6 188.9829 14 1.0
287.7 189.0514 14 1.0
287.8 189.1198 14 1.0
287.9 189.1883 14 1.0
288.0 189.2567 14 1.0
288.1 189.3252 14 1.0
288.2 189.3937 14 1.0
288.3 189.4621 14 1.0
288.4 189.5306 14 1.0
288.5 189.599 14 1.0
288.6 189.6675 14 1.0
288.7 189.736 14 1.0
288.8 189.8044 14 1.0
288.9 189.8729 14 1.0
289.0 189.9413 14 1.0
289.1 190.0098 14 1.0
289.2 190.0783 14 1.0
289.3 190.1467 14 1.0
289.4 190.2152 14 1.0
289.5 190.2836 14 1.0
289.6 190.3521 14 1.0
289.7 190.4206 14 1.0
289.8 190.489 14 1.0
289.9 190.5575 14 1.0
290.0 190.6259 14 1.0
290.1 190.6944 14 1.0
290.2 190.7629 14 1.0
290.3 190.8313 14 1.0
290.4 190.8998 14 1.0
290.5 190.9682 14 1.0
290.6 191.0367 14 1.0
290.7 191.1051 14 1.0
290.8 191.1736 14 1.0
290.9 191.2421 14 1.0
291.0 191.3105 14 1.0
291.1 191.379 14 1.0
291.2 191.4474 14 1.0
291.3 191.5159 14 1.0
291.4 191.5844 14 1.0
291.5 191.6528 14 1.0
291.6 191.7213 14 1.0
291.7 191.7897 14 1.0
291.8 191.8582 14 1.0
291.9 191.9267 14 1.0
292.0 191.9951 14 1.0
292.1 192.0636 14 1.0
292.2 192.132 14 1.0
292.3 192.2005 14 1.0
292.4 192.269 14 1.0
292.5 192.3374 14 1.0
292.6 192.4059 14 1.0
292.7 192.4743 14 1.0
292.8 192.5428 14 1.0
292.9 192.6112 14 1.0
293.0 192.6797 14 1.0
293.1 192.7482 14 1.0
293.2 192.8166 14 1.0
293.3 192.8851 14 1.0
293.4 192.9535 14 1.0
293.5 193.022 14 1.0
293.6 193.0905 14 1.0
293.7 193.1589 14 1.0
293.8 193.2274 14 1.0
293.9 193.2958 14 1.0
294.0 193.3643 14 1.0
294.1 193.4328 14 1.0
294.2 193.5012 14 1.0
294.3 193.5697 14 1.0
294.4 193.6381 14 1.0
294.5 193.7066 14 1.0
294.6 193.7751 14 1.0
294.7 193.8435 14 1.0
294.8 193.912 14 1.0
294.9 193.9804 14 1.0
295.0 194.0489 14 1.0
295.1 194.1174 14 1.0
295.2 194.1858 14 1.0
295.3 194.2543 14 1.0
295.4 194.3227 14 1.0
295.5 194.3912 14 1.0
295.6 194.4596 14 1.0
295.7 194.5281 14 1.0
295.8 194.5966 14 1.0
295.9 194.665 14 1.0
296.0 194.7335 14 1.0
296.1 194.8019 14 1.0
296.2 194.8704 14 1.0
296.3 194.9389 14 1.0
296.4 195.0073 14 1.0
296.5 195.0758 14 1.0
296.6 195.1442 14 1.0
296.7 195.2127 14 1.0
296.8 195.2812 14 1.0
296.9 195.3496 14 1.0
297.0 195.4181 14 1.0
297.1 195.4865 14 1.0
297.2 195.555 14 1.0
297.3 195.6235 14 1.0
297.4 195.6919 14 1.0
297.5 195.7604 14 1.0
297.6 195.8288 14 1.0
297.7 195.8973 14 1.0
297.8 195.9657 14 1.0
297.9 196.0342 14 1.0
298.0 196.1027 14 1.0
298.1 196.1711 14 1.0
298.2 196.2396 14 1.0
298.3 196.308 14 1.0
298.4 196.3765 14 1.0
298.5 196.445 14 1.0
298.6 196.5134 14 1.0
298.7 196.5819 14 1.0
298.8 196.6503 14 1.0
298.9 196.7188 14 1.0
299.0 196.7873 14 1.0
299.1 196.8557 14 1.0
299.2 196.9242 14 1.0
299.3 196.9926 14 1.0
299.4 197.0611 14 1.0
299.5 197.1296 14 1.0
299.6 197.198 14 1.0
299.7 197.2663 14 1.0
299.8 197.3347 14 1.0
299.9 197.403 14 1.0
300.0 197.4714 14 1.0
300.1 197.5397 14 1.0
300.2 197.608 14 1.0
300.3 197.6764 14 1.0
300.4 197.7447 14 1.0
300.5 197.813 14 1.0
300.6 197.8814 14 1.0
300.7 197.9497 14 1.0
300.8 198.018 14 1.0
300.9 198.0864 14 1.0
301.0 198.1547 14 1.0
301.1 198.2231 14 1.0
301.2 198.2914 14 1.0
301.3 198.3597 14 1.0
301.4 198.4281 14 1.0
301.5 198.4964 14 1.0
301.6 198.5647 14 1.0
301.7 198.6331 14 1.0
301.8 198.7014 14 1.0
301.9 198.7697 14 1.0
302.0 198.8381 14 1.0
302.1 198.9064 14 1.0
302.2 198.9747 14 1.0
302.3 199.0431 14 1.0
302.4 199.1114 14 1.0
302.5 199.1798 14 1.0
302.6 199.2481 14 1.0
302.7 199.3164 14 1.0
302.8 199.3848 14 1.0
302.9 199.4531 14 1.0
303.0 199.5214 14 1.0
303.1 199.5898 14 1.0
303.2 199.6581 14 1.0
303.3 199.7264 14 1.0
303.4 199.7948 14 1.0
303.5 199.8631 14 1.0
303.6 199.9315 14 1.0
303.7 199.9998 14 1.0
303.8 200.0681 14 1.0
303.9 200.1365 14 1.0
304.0 200.2048 14 1.0
304.1 200.2731 14 1.0
304.2 200.3415 14 1.0
304.3 200.4098 14 1.0
304.4 200.4781 14 1.0
304.5 200.5465 14 1.0
304.6 200.6148 14 1.0
304.7 200.6831 14 1.0
304.8 200.7515 14 1.0
304.9 200.8198 14 1.0
305.0 200.8882 14 1.0
305.1 200.9565 14 1.0
305.2 201.0248 14 1.0
305.3 201.0932 14 1.0
305.4 201.1615 14 1.0
305.5 201.2298 14 1.0
305.6 201.2982 14 1.0
305.7 201.3665 14 1.0
305.8 201.4348 14 1.0
305.9 201.5032 14 1.0
306.0 201.5715 14 1.0
306.1 201.6399 14 1.0
306.2 201.7082 14 1.0
306.3 201.7765 14 1.0
306.4 201.8449 14 1.0
306.5 201.9132 14 1.0
306.6 201.9815 14 1.0
306.7 202.0499 14 1.0
306.8 202.1182 14 1.0
306.9 202.1865 14 1.0
307.0 202.2549 14 1.0
307.1 202.3232 14 1.0
307.2 202.3915 14 1.0
307.3 202.4599 14 1.0
307.4 202.5282 14 1.0
307.5 202.5966 14 1.0
307.6 202.6649 14 1.0
307.7 202.7332 14 1.0
307.8 202.8016 14 1.0
307.9 202.8699 14 1.0
308.0 202.9382 14 1.0
308.1 203.0066 14 1.0
308.2 203.0749 14 1.0
308.3 203.1432 14 1.0
308.4 203.2116 14 1.0
308.5 203.2799 14 1.0
308.6 203.3482 14 1.0
308.7 203.4166 14 1.0
308.8 203.4849 14 1.0
308.9 203.5533 14 1.0
309.0 203.6216 14 1.0
309.1 203.6899 14 1.0
309.2 203.7583 14 1.0
309.3 203.8266 14 1.0
309.4 203.8949 14 1.0
309.5 203.9633 14 1.0
309.6 204.0316 14 1.0
309.7 204.0999 14 1.0
309.8 204.1683 14 1.0
309.9 204.2366 14 1.0
310.0 204.305 14 1.0
310.1 204.3733 14 1.0
310.2 204.4416 14 1.0
310.3 204.51 14 1.0
310.4 204.5783 14 1.0
310.5 204.6466 14 1.0
310.6 204.715 14 1.0
310.7 204.7833 14 1.0
310.8 204.8516 14 1.0
310.9 204.92 14 1.0
311.0 204.9883 14 1.0
311.1 205.0566 14 1.0
311.2 205.125 14 1.0
311.3 205.1933 14 1.0
311.4 205.2617 14 1.0
311.5 205.33 14 1.0
311.6 205.3983 14 1.0
311.7 205.4667 14 1.0
311.8 205.535 14 1.0
311.9 205.6033 14 1.0
312.0 205.6717 14 1.0
312.1 205.74 14 1.0
312.2 205.8083 14 1.0
312.3 205.8767 14 1.0
312.4 205.945 14 1.0
312.5 206.0134 14 1.0
312.6 206.0817 14 1.0
312.7 206.15 14 1.0
312.8 206.2184 14 1.0
312.9 206.2867 14 1.0
313.0 206.355 14 1.0
313.1 206.4234 14 1.0
313.2 206.4917 14 1.0
313.3 206.56 14 1.0
313.4 206.6284 14 1.0
313.5 206.6967 14 1.0
313.6 206.765 14 1.0
313.7 206.8334 14 1.0
313.8 206.9017 14 1.0
313.9 206.9701 14 1.0
314.0 207.0384 14 1.0
314.1 207.1067 14 1.0
314.2 207.1751 14 1.0
314.3 207.2434 14 1.0
314.4 207.3117 14 1.0
314.5 207.3801 14 1.0
314.6 207.4484 14 1.0
314.7 207.5167 14 1.0
314.8 207.5851 14 1.0
314.9 207.6534 14 1.0
315.0 207.7218 14 1.0
315.1 207.7901 14 1.0
315.2 207.8584 14 1.0
315.3 207.9268 14 1.0
315.4 207.9951 14 1.0
315.5 208.0634 14 1.0
315.6 208.1318 14 1.0
315.7 208.2001 14 1.0
315.8 208.2684 14 1.0
315.9 208.3368 14 1.0
316.0 208.4051 14 1.0
316.1 208.4734 14 1.0
316.2 208.5418 14 1.0
316.3 208.6101 14 1.0
316.4 208.6785 14 1.0
316.5 208.7468 14 1.0
316.6 208.8151 14 1.0
316.7 208.8835 14 1.0
316.8 208.9518 14 1.0
316.9 209.0201 14 1.0
317.0 209.0885 14 1.0
317.1 209.1568 14 1.0
317.2 209.2251 14 1.0
317.3 209.2935 14 1.0
317.4 209.3618 14 1.0
317.5 209.4302 14 1.0
317.6 209.4985 14 1.0
317.7 209.5668 14 1.0
317.8 209.6352 14 1.0
317.9 209.7035 14 1.0
318.0 209.7718 14 1.0
318.1 209.8402 14 1.0
318.2 209.9085 14 1.0
318.3 209.9768 14 1.0
318.4 210.0452 14 1.0
318.5 210.1135 14 1.0
318.6 210.1818 14 1.0
318.7 210.2502 14 1.0
318.8 210.3185 14 1.0
318.9 210.3869 14 1.0
319.0 210.4552 14 1.0
319.1 210.5235 14 1.0
319.2 210.5919 14 1.0
319.3 210.6602 14 1.0
319.4 210.7285 14 1.0
319.5 210.7969 14 1.0
319.6 210.8652 14 1.0
319.7 210.9335 14 1.0
319.8 211.0019 14 1.0
319.9 211.0702 14 1.0
320.0 211.1385 14 1.0
320.1 211.2069 14 1.0
320.2 211.2752 14 1.0
320.3 211.3436 14 1.0
320.4 211.4119 14 1.0
320.5 211.4802 14 1.0
320.6 211.5486 14 1.0
320.7 211.6169 14 1.0
320.8 211.6852 14 1.0
320.9 211.7536 14 1.0
321.0 211.8219 14 1.0
321.1 211.8902 14 1.0
321.2 211.9586 14 1.0
321.3 212.0269 14 1.0
321.4 212.0953 14 1.0
321.5 212.1636 14 1.0
321.6 212.2319 14 1.0
321.7 212.3003 14 1.0
321.8 212.3686 14 1.0
321.9 212.4369 14 1.0
322.0 212.5053 14 1.0
322.1 212.5736 14 1.0
322.2 212.6419 14 1.0
322.3 212.7103 14 1.0
322.4 212.7786 14 1.0
322.5 212.8469 14 1.0
322.6 212.9153 14 1.0
322.7 212.9836 14 1.0
322.8 213.052 14 1.0
322.9 213.1203 14 1.0
323.0 213.1886 14 1.0
323.1 213.257 14 1.0
323.2 213.3253 14 1.0
323.3 213.3936 14 1.0
323.4 213.462 14 1.0
323.5 213.5303 14 1.0
323.6 213.5986 14 1.0
323.7 213.667 14 1.0
323.8 213.7353 14 1.0
323.9 213.8037 14 1.0
324.0 213.872 14 1.0
324.1 213.9403 14 1.0
324.2 214.0087 14 1.0
324.3 214.077 14 1.0
324.4 214.1453 14 1.0
324.5 214.2137 14 1.0
324.6 214.282 14 1.0
324.7 214.3503 14 1.0
324.8 214.4187 14 1.0
324.9 214.487 14 1.0
325.0 214.5553 14 1.0
325.1 214.6237 14 1.0
325.2 214.692 14 1.0
325.3 214.7604 14 1.0
325.4 214.8287 14 1.0
325.5 214.897 14 1.0
325.6 214.9654 14 1.0
325.7 215.0337 14 1.0
325.8 215.102 14 1.0
325.9 215.1704 14 1.0
326.0 215.2387 14 1.0
326.1 215.307 14 1.0
326.2 215.3754 14 1.0
326.3 215.4437 14 1.0
326.4 215.5121 14 1.0
326.5 215.5804 14 1.0
326.6 215.6487 14 1.0
326.7 215.7171 14 1.0
326.8 215.7854 14 1.0
326.9 215.8537 14 1.0
327.0 215.9221 14 1.0
327.1 215.9904 14 1.0
327.2 216.0587 14 1.0
327.3 216.1271 14 1.0
327.4 216.1954 14 1.0
327.5 216.2637 14 1.0
327.6 216.3321 14 1.0
327.7 216.4004 14 1.0
327.8 216.4688 14 1.0
327.9 216.5371 14 1.0
328.0 216.6054 14 1.0
328.1 216.6738 14 1.0
328.2 216.7421 14 1.0
328.3 216.8104 14 1.0
328.4 216.8788 14 1.0
328.5 216.9471 14 1.0
328.6 217.0154 14 1.0
328.7 217.0838 14 1.0
328.8 217.1521 14 1.0
328.9 217.2205 14 1.0
329.0 217.2888 14 1.0
329.1 217.3571 14 1.0
329.2 217.4255 14 1.0
329.3 217.4938 14 1.0
329.4 217.5621 14 1.0
329.5 217.6305 14 1.0
329.6 217.6988 14 1.0
329.7 217.7671 14 1.0
329.8 217.8355 14 1.0
329.9 217.9038 14 1.0
330.0 217.9721 14 1.0
330.1 218.0405 14 1.0
330.2 218.1088 14 1.0
330.3 218.1772 14 1.0
330.4 218.2455 14 1.0
330.5 218.3138 14 1.0
330.6 218.3822 14 1.0
330.7 218.4505 14 1.0
330.8 218.5188 14 1.0
330.9 218.5872 14 1.0
331.0 218.6555 14 1.0
331.1 218.7238 14 1.0
331.2 218.7922 14 1.0
331.3 218.8605 14 1.0
331.4 218.9289 14 1.0
331.5 218.9972 14 1.0
331.6 219.0655 14 1.0
331.7 219.1339 14 1.0
331.8 219.2022 14 1.0
331.9 219.2705 14 1.0
332.0 219.3389 14 1.0
332.1 219.4072 14 1.0
332.2 219.4755 14 1.0
332.3 219.5439 14 1.0
332.4 219.6122 14 1.0
332.5 219.6805 14 1.0
332.6 219.7489 14 1.0
332.7 219.8172 14 1.0
332.8 219.8856 14 1.0
332.9 219.9539 14 1.0
333.0 220.0222 14 1.0
333.1 220.0906 14 1.0
333.2 220.1589 14 1.0
333.3 220.2272 14 1.0
333.4 220.2956 14 1.0
333.5 220.3639 14 1.0
333.6 220.4322 14 1.0
333.7 220.5006 14 1.0
333.8 220.5689 14 1.0
333.9 220.6372 14 1.0
334.0 220.7056 14 1.0
334.1 220.7739 14 1.0
334.2 220.8423 14 1.0
334.3 220.9106 14 1.0
334.4 220.9789 14 1.0
334.5 221.0473 14 1.0
334.6 221.1156 14 1.0
334.7 221.1839 14 1.0
334.8 221.2523 14 1.0
334.9 221.3206 14 1.0
335.0 221.3889 14 1.0
335.1 221.4573 14 1.0
335.2 221.5256 14 1.0
335.3 221.594 14 1.0
335.4 221.6623 14 1.0
335.5 221.7306 14 1.0
335.6 221.799 14 1.0
335.7 221.8673 14 1.0
335.8 221.9356 14 1.0
335.9 222.004 14 1.0
336.0 222.0723 14 1.0
336.1 222.1406 14 1.0
336.2 222.209 14 1.0
336.3 222.2773 14 1.0
336.4 222.3456 14 1.0
336.5 222.414 14 1.0
336.6 222.4823 14 1.0
336.7 222.5507 14 1.0
336.8 222.619 14 1.0
336.9 222.6873 14 1.0
337.0 222.7557 14 1.0
337.1 222.824 14 1.0
337.2 222.8923 14 1.0
337.3 222.9607 14 1.0
337.4 223.029 14 1.0
337.5 223.0973 14 1.0
337.6 223.1657 14 1.0
337.7 223.234 14 1.0
337.8 223.3024 14 1.0
337.9 223.3707 14 1.0
338.0 223.439 14 1.0
338.1 223.5074 14 1.0
338.2 223.5757 14 1.0
338.3 223.644 14 1.0
338.4 223.7124 14 1.0
338.5 223.7807 14 1.0
338.6 223.849 14 1.0
338.7 223.9174 14 1.0
338.8 223.9857 14 1.0
338.9 224.054 14 1.0
339.0 224.1224 14 1.0
339.1 224.1907 14 1.0
339.2 224.2591 14 1.0
339.2 224.3274 14 1.0
339.3 224.3957 14 1.0
339.4 224.4641 14 1.0
339.5 224.5324 14 1.0
339.6 224.6007 14 1.0
339.7 224.6691 14 1.0
339.8 224.7374 14 1.0
339.9 224.8057 14 1.0
340.0 224.8741 14 1.0
340.1 224.9424 14 1.0
340.2 225.0108 14 1.0
340.3 225.0791 14 1.0
340.4 225.1474 14 1.0
340.5 225.2158 14 1.0
340.6 225.2841 14 1.0
340.7 225.3524 14 1.0
340.8 225.4208 14 1.0
340.9 225.4891 14 1.0
341.0 225.5574 14 1.0
341.1 225.6258 14 1.0
341.2 225.6941 14 1.0
341.3 225.7624 14 1.0
341.4 225.8308 14 1.0
341.5 225.8991 14 1.0
341.6 225.9675 14 1.0
341.7 226.0358 14 1.0
341.8 226.1041 14 1.0
341.9 226.1725 14 1.0
342.0 226.2408 14 1.0
342.1 226.3091 14 1.0
342.2 226.3775 14 1.0
342.3 226.4458 14 1.0
342.4 226.5141 14 1.0
342.5 226.5825 14 1.0
342.6 226.6508 14 1.0
342.7 226.7192 14 1.0
342.8 226.7875 14 1.0
342.9 226.8558 14 1.0
343.0 226.9242 14 1.0
343.1 226.9925 14 1.0
343.2 227.0608 14 1.0
343.3 227.1292 14 1.0
343.4 227.1975 14 1.0
343.5 227.2658 14 1.0
343.6 227.3342 14 1.0
343.7 227.4025 14 1.0
343.8 227.4708 14 1.0
343.9 227.5392 14 1.0
344.0 227.6075 14 1.0
344.1 227.6759 14 1.0
344.2 227.7442 14 1.0
344.3 227.8125 14 1.0
344.4 227.8809 14 1.0
344.5 227.9492 14 1.0
344.6 228.0175 14 1.0
344.7 228.0859 14 1.0
344.8 228.1542 14 1.0
344.9 228.2225 14 1.0
345.0 228.2909 14 1.0
345.1 228.3592 14 1.0
345.2 228.4276 14 1.0
345.3 228.4959 14 1.0
345.4 228.5642 14 1.0
345.5 228.6326 14 1.0
345.6 228.7009 14 1.0
345.7 228.7692 14 1.0
345.8 228.8376 14 1.0
345.9 228.9059 14 1.0
346.0 228.9742 14 1.0
346.1 229.0426 14 1.0
346.2 229.1109 14 1.0
346.3 229.1792 14 1.0
346.4 229.2476 14 1.0
346.5 229.3159 14 1.0
346.6 229.3843 14 1.0
346.7 229.4526 14 1.0
346.8 229.5209 14 1.0
346.9 229.5893 14 1.0
347.0 229.6576 14 1.0
347.1 229.7259 14 1.0
347.2 229.7943 14 1.0
347.3 229.8626 14 1.0
347.4 229.9309 14 1.0
347.5 229.9993 14 1.0
347.6 230.0676 14 1.0
347.7 230.1359 14 1.0
347.8 230.2043 14 1.0
347.9 230.2726 14 1.0
348.0 230.341 14 1.0
348.1 230.4093 14 1.0
348.2 230.4776 14 1.0
348.3 230.546 14 1.0
348.4 230.6143 14 1.0
348.5 230.6826 14 1.0
348.6 230.751 14 1.0
348.7 230.8193 14 1.0
348.8 230.8876 14 1.0
348.9 230.956 14 1.0
349.0 231.0243 14 1.0
349.1 231.0927 14 1.0
349.2 231.161 14 1.0
349.3 231.2293 14 1.0
349.4 231.2977 14 1.0
349.5 231.366 14 1.0
349.6 231.4368 14 1.0
349.7 231.5076 14 1.0
349.8 231.5784 14 1.0
349.9 231.6491 14 1.0
350.0 231.7199 14 1.0
350.1 231.7907 14 1.0
350.2 231.8615 14 1.0
350.3 231.9323 14 1.0
350.4 232.0031 14 1.0
350.5 232.0739 14 1.0
350.6 232.1446 14 1.0
350.7 232.2154 14 1.0
350.8 232.2862 14 1.0
350.9 232.357 14 1.0
351.0 232.4278 14 1.0
351.1 232.4986 14 1.0
351.2 232.5694 14 1.0
351.3 232.6401 14 1.0
351.4 232.7109 14 1.0
351.5 232.7817 14 1.0
351.6 232.8525 14 1.0
351.7 232.9233 14 1.0
351.8 232.9941 14 1.0
351.9 233.0649 14 1.0
352.0 233.1357 14 1.0
352.1 233.2064 14 1.0
352.2 233.2772 14 1.0
352.3 233.348 14 1.0
352.4 233.4188 14 1.0
352.5 233.4896 14 1.0
352.6 233.5604 14 1.0
352.7 233.6312 14 1.0
352.8 233.7019 14 1.0
352.9 233.7727 14 1.0
353.0 233.8435 14 1.0
353.1 233.9143 14 1.0
353.2 233.9851 14 1.0
353.3 234.0559 14 1.0
353.4 234.1267 14 1.0
353.5 234.1974 14 1.0
353.6 234.2682 14 1.0
353.7 234.339 14 1.0
353.8 234.4098 14 1.0
353.9 234.4806 14 1.0
354.0 234.5514 14 1.0
354.1 234.6222 14 1.0
354.2 234.6929 14 1.0
354.3 234.7637 14 1.0
354.4 234.8345 14 1.0
354.5 234.9053 14 1.0
354.6 234.9761 14 1.0
354.7 235.0469 14 1.0
354.8 235.1177 14 1.0
354.9 235.1885 14 1.0
355.0 235.2592 14 1.0
355.1 235.33 14 1.0
355.2 235.4008 14 1.0
355.3 235.4716 14 1.0
355.4 235.5424 14 1.0
355.5 235.6132 14 1.0
355.6 235.684 14 1.0
355.7 235.7547 14 1.0
355.8 235.8255 14 1.0
355.9 235.8963 14 1.0
356.0 235.9671 14 1.0
356.1 236.0379 14 1.0
356.2 236.1087 14 1.0
356.3 236.1795 14 1.0
356.4 236.2502 14 1.0
356.5 236.321 14 1.0
356.6 236.3918 14 1.0
356.7 236.4626 14 1.0
356.8 236.5334 14 1.0
356.9 236.6042 14 1.0
357.0 236.675 14 1.0
357.1 236.7457 14 1.0
357.2 236.8165 14 1.0
357.3 236.8873 14 1.0
357.4 236.9581 14 1.0
357.5 237.0289 14 1.0
357.6 237.0997 14 1.0
357.7 237.1705 14 1.0
357.8 237.2413 14 1.0
357.9 237.312 14 1.0
358.0 237.3828 14 1.0
358.1 237.4536 14 1.0
358.2 237.5244 14 1.0
358.3 237.5952 14 1.0
358.4 237.666 14 1.0
358.5 237.7368 14 1.0
358.6 237.8075 14 1.0
358.7 237.8783 14 1.0
358.8 237.9491 14 1.0
358.9 238.0199 14 1.0
359.0 238.0907 14 1.0
359.1 238.1615 14 1.0
359.2 238.2323 14 1.0
359.3 238.303 14 1.0
359.4 238.3738 14 1.0
359.5 238.4446 14 1.0
359.6 238.5154 14 1.0
359.7 238.5862 14 1.0
359.8 238.657 14 1.0
359.9 238.7278 14 1.0
360.0 238.7985 14 1.0
360.1 238.8693 14 1.0
360.2 238.9401 14 1.0
360.3 239.0109 14 1.0
360.4 239.0817 14 1.0
360.5 239.1525 14 1.0
360.6 239.2233 14 1.0
360.7 239.2941 14 1.0
360.8 239.3648 14 1.0
360.9 239.4356 14 1.0
361.0 239.5064 14 1.0
361.1 239.5772 14 1.0
361.2 239.648 14 1.0
361.3 239.7188 14 1.0
361.4 239.7896 14 1.0
361.5 239.8603 14 1.0
361.6 239.9311 14 1.0
361.7 240.0019 14 1.0
361.8 240.0727 14 1.0
361.9 240.1435 14 1.0
362.0 240.2143 14 1.0
362.1 240.2851 14 1.0
362.2 240.3558 14 1.0
362.3 240.4266 14 1.0
362.4 240.4974 14 1.0
362.5 240.5682 14 1.0
362.6 240.639 14 1.0
362.7 240.7098 14 1.0
362.8 240.7806 14 1.0
362.9 240.8513 14 1.0
363.0 240.9221 14 1.0
363.1 240.9929 14 1.0
363.2 241.0637 14 1.0
363.3 241.1345 14 1.0
363.4 241.2053 14 1.0
363.5 241.2761 14 1.0
363.6 241.3469 14 1.0
363.7 241.4176 14 1.0
363.8 241.4884 14 1.0
363.9 241.5592 14 1.0
364.0 241.63 14 1.0
364.1 241.7008 14 1.0
364.2 241.7716 14 1.0
364.3 241.8424 14 1.0
364.4 241.9131 14 1.0
364.5 241.9839 14 1.0
364.6 242.0547 14 1.0
364.7 242.1255 14 1.0
364.8 242.1963 14 1.0
364.9 242.2671 14 1.0
365.0 242.3379 14 1.0
365.1 242.4086 14 1.0
365.2 242.4794 14 1.0
365.3 242.5502 14 1.0
365.4 242.621 14 1.0
365.5 242.6918 14 1.0
365.6 242.7626 14 1.0
365.7 242.8334 14 1.0
365.8 242.9041 14 1.0
365.9 242.9749 14 1.0
366.0 243.0457 14 1.0
366.1 243.1165 14 1.0
366.2 243.1873 14 1.0
366.3 243.2581 14 1.0
366.4 243.3289 14 1.0
366.5 243.3997 14 1.0
366.6 243.4704 14 1.0
366.7 243.5412 14 1.0
366.8 243.612 14 1.0
366.9 243.6828 14 1.0
367.0 243.7536 14 1.0
367.1 243.8244 14 1.0
367.2 243.8952 14 1.0
367.3 243.9659 14 1.0
367.4 244.0367 14 1.0
367.5 244.1075 14 1.0
367.6 244.1783 14 1.0
367.7 244.2491 14 1.0
367.8 244.3199 14 1.0
367.9 244.3907 14 1.0
368.0 244.4614 14 1.0
368.1 244.5322 14 1.0
368.2 244.603 14 1.0
368.3 244.6738 14 1.0
368.4 244.7446 14 1.0
368.5 244.8154 14 1.0
368.6 244.8862 14 1.0
368.7 244.957 14 1.0
368.8 245.0277 14 1.0
368.9 245.0985 14 1.0
369.0 245.1693 14 1.0
369.1 245.2401 14 1.0
369.2 245.3109 14 1.0
369.3 245.3817 14 1.0
369.4 245.4525 14 1.0
369.5 245.5232 14 1.0
369.6 245.594 14 1.0
369.7 245.6648 14 1.0
369.8 245.7356 14 1.0
369.9 245.8064 14 1.0
370.0 245.8772 14 1.0
370.1 245.948 14 1.0
370.2 246.0187 14 1.0
370.3 246.0895 14 1.0
370.4 246.1603 14 1.0
370.5 246.2311 14 1.0
370.6 246.3019 14 1.0
370.7 246.3727 14 1.0
370.8 246.4435 14 1.0
370.9 246.5142 14 1.0
371.0 246.585 14 1.0
371.1 246.6558 14 1.0
371.2 246.7266 14 1.0
371.3 246.7974 14 1.0
371.4 246.8682 14 1.0
371.5 246.939 14 1.0
371.6 247.0098 14 1.0
371.7 247.0805 14 1.0
371.8 247.1513 14 1.0
371.9 247.2221 14 1.0
372.0 247.2929 14 1.0
372.1 247.3637 14 1.0
372.2 247.4345 14 1.0
372.3 247.5053 14 1.0
372.4 247.576 14 1.0
372.5 247.6468 14 1.0
372.6 247.7176 14 1.0
372.7 247.7884 14 1.0
372.8 247.8592 14 1.0
372.9 247.93 14 1.0
373.0 248.0008 14 1.0
373.1 248.0715 14 1.0
373.2 248.1423 14 1.0
373.3 248.2131 14 1.0
373.4 248.2839 14 1.0
373.5 248.3547 14 1.0
373.6 248.4255 14 1.0
373.7 248.4963 14 1.0
373.8 248.567 14 1.0
373.9 248.6378 14 1.0
374.0 248.7086 14 1.0
374.1 248.7794 14 1.0
374.2 248.8502 14 1.0
374.3 248.921 14 1.0
374.4 248.9918 14 1.0
374.5 249.0626 14 1.0
374.6 249.1333 14 1.0
374.7 249.2041 14 1.0
374.8 249.2749 14 1.0
374.9 249.3457 14 1.0
375.0 249.4165 14 1.0
375.1 249.4873 14 1.0
375.2 249.5581 14 1.0
375.3 249.6288 14 1.0
375.4 249.6996 14 1.0
375.5 249.7704 14 1.0
375.6 249.8412 14 1.0
375.7 249.912 14 1.0
375.8 249.9828 14 1.0
375.9 250.0536 14 1.0
376.0 250.1243 14 1.0
376.1 250.1951 14 1.0
376.2 250.2659 14 1.0
376.3 250.3367 14 1.0
376.4 250.4075 14 1.0
376.5 250.4783 14 1.0
376.6 250.5491 14 1.0
376.7 250.6198 14 1.0
376.8 250.6906 14 1.0
376.9 250.7614 14 1.0
377.0 250.8322 14 1.0
377.1 250.903 14 1.0
377.2 250.9738 14 1.0
377.3 251.0446 14 1.0
377.4 251.1154 14 1.0
377.5 251.1861 14 1.0
377.6 251.2569 14 1.0
377.7 251.3277 14 1.0
377.8 251.3985 14 1.0
377.9 251.4693 14 1.0
378.0 251.5401 14 1.0
378.1 251.6109 14 1.0
378.2 251.6816 14 1.0
378.3 251.7524 14 1.0
378.4 251.8232 14 1.0
378.5 251.894 14 1.0
378.6 251.9648 14 1.0
378.7 252.0356 14 1.0
378.8 252.1064 14 1.0
378.9 252.1771 14 1.0
379.0 252.2479 14 1.0
379.1 252.3187 14 1.0
379.2 252.3895 14 1.0
379.3 252.4603 14 1.0
379.4 252.5311 14 1.0
379.5 252.6019 14 1.0
379.6 252.6726 14 1.0
379.7 252.7434 14 1.0
379.8 252.8142 14 1.0
379.9 252.885 14 1.0
380.0 252.9558 14 1.0
380.1 253.0266 14 1.0
380.2 253.0974 14 1.0
380.3 253.1682 14 1.0
380.4 253.2389 14 1.0
380.5 253.3097 14 1.0
380.6 253.3805 14 1.0
380.7 253.4513 14 1.0
380.8 253.5221 14 1.0
380.9 253.5929 14 1.0
381.0 253.6637 14 1.0
381.1 253.7344 14 1.0
381.2 253.8052 14 1.0
381.3 253.876 14 1.0
381.4 253.9468 14 1.0
381.5 254.0176 14 1.0
381.6 254.0884 14 1.0
381.7 254.1592 14 1.0
381.8 254.2299 14 1.0
381.9 254.3007 14 1.0
382.0 254.3715 14 1.0
382.1 254.4423 14 1.0
382.2 254.5131 14 1.0
382.3 254.5839 14 1.0
382.4 254.6547 14 1.0
382.5 254.7254 14 1.0
382.6 254.7962 14 1.0
382.7 254.867 14 1.0
382.8 254.9378 14 1.0
382.9 255.0086 14 1.0
383.0 255.0794 14 1.0
383.1 255.1502 14 1.0
383.2 255.221 14 1.0
383.3 255.2917 14 1.0
383.4 255.3625 14 1.0
383.5 255.4333 14 1.0
383.6 255.5041 14 1.0
383.7 255.5749 14 1.0
383.8 255.6457 14 1.0
383.9 255.7165 14 1.0
384.0 255.7872 14 1.0
384.1 255.858 14 1.0
384.2 255.9288 14 1.0
384.3 255.9996 14 1.0
384.4 256.0704 14 1.0
384.5 256.1412 14 1.0
384.6 256.212 14 1.0
384.7 256.2827 14 1.0
384.8 256.3535 14 1.0
384.9 256.4243 14 1.0
385.0 256.4951 14 1.0
385.1 256.5659 14 1.0
385.2 256.6367 14 1.0
385.3 256.7075 14 1.0
385.4 256.7782 14 1.0
385.5 256.849 14 1.0
385.6 256.9198 14 1.0
385.7 256.9906 14 1.0
385.8 257.0614 14 1.0
385.9 257.1322 14 1.0
386.0 257.203 14 1.0
386.1 257.2738 14 1.0
386.2 257.3445 14 1.0
386.3 257.4153 14 1.0
386.4 257.4861 14 1.0
386.5 257.5569 14 1.0
386.6 257.6277 14 1.0
386.7 257.6985 14 1.0
386.8 257.7693 14 1.0
386.9 257.84 14 1.0
387.0 257.9108 14 1.0
387.1 257.9816 14 1.0
387.2 258.0524 14 1.0
387.3 258.1232 14 1.0
387.4 258.194 14 1.0
387.5 258.2648 14 1.0
387.6 258.3355 14 1.0
387.7 258.4063 14 1.0
387.8 258.4771 14 1.0
387.9 258.5479 14 1.0
388.0 258.6187 14 1.0
388.1 258.6895 14 1.0
388.2 258.7603 14 1.0
388.3 258.831 14 1.0
388.4 258.9018 14 1.0
388.5 258.9726 14 1.0
388.6 259.0434 14 1.0
388.7 259.1142 14 1.0
388.8 259.185 14 1.0
388.9 259.2558 14 1.0
389.0 259.3266 14 1.0
389.1 259.3973 14 1.0
389.2 259.4681 14 1.0
389.3 259.5389 14 1.0
389.4 259.6097 14 1.0
389.5 259.6805 14 1.0
389.6 259.7513 14 1.0
389.7 259.8221 14 1.0
389.8 259.8928 14 1.0
389.9 259.9636 14 1.0
390.0 260.0344 14 1.0
390.1 260.1052 14 1.0
390.2 260.176 14 1.0
390.3 260.2468 14 1.0
390.4 260.3176 14 1.0
390.5 260.3883 14 1.0
390.6 260.4591 14 1.0
390.7 260.5299 14 1.0
390.8 260.6007 14 1.0
390.9 260.6715 14 1.0
391.0 260.7423 14 1.0
391.1 260.8131 14 1.0
391.2 260.8838 14 1.0
391.3 260.9546 14 1.0
391.4 261.0254 14 1.0
391.5 261.0962 14 1.0
391.6 261.167 14 1.0
391.7 261.2378 14 1.0
391.8 261.3086 14 1.0
391.9 261.3794 14 1.0
392.0 261.4501 14 1.0
392.1 261.5209 14 1.0
392.2 261.5917 14 1.0
392.3 261.6625 14 1.0
392.4 261.7333 14 1.0
392.5 261.8041 14 1.0
392.6 261.8749 14 1.0
392.7 261.9456 14 1.0
392.8 262.0164 14 1.0
392.9 262.0872 14 1.0
393.0 262.158 14 1.0
393.1 262.2288 14 1.0
393.2 262.2996 14 1.0
393.3 262.3704 14 1.0
393.4 262.4411 14 1.0
393.5 262.5119 14 1.0
393.6 262.5827 14 1.0
393.7 262.6535 14 1.0
393.8 262.7243 14 1.0
393.9 262.7951 14 1.0
394.0 262.8659 14 1.0
394.1 262.9366 14 1.0
394.2 263.0074 14 1.0
394.3 263.0782 14 1.0
394.4 263.149 14 1.0
394.5 263.2198 14 1.0
394.6 263.2906 14 1.0
394.7 263.3614 14 1.0
394.8 263.4322 14 1.0
394.9 263.5029 14 1.0
395.0 263.5737 14 1.0
395.1 263.6445 14 1.0
395.2 263.7153 14 1.0
395.2 263.7861 14 1.0
395.3 263.8569 14 1.0
395.4 263.9277 14 1.0
395.5 263.9984 14 1.0
395.6 264.0692 14 1.0
395.7 264.14 14 1.0
395.8 264.2108 14 1.0
395.9 264.2816 14 1.0
396.0 264.3524 14 1.0
396.1 264.4232 14 1.0
396.2 264.4939 14 1.0
396.3 264.5647 14 1.0
396.4 264.6355 14 1.0
396.5 264.7063 14 1.0
396.6 264.7771 14 1.0
396.7 264.8479 14 1.0
396.8 264.9187 14 1.0
396.9 264.9894 14 1.0
397.0 265.0602 14 1.0
397.1 265.131 14 1.0
397.2 265.2018 14 1.0
397.3 265.2726 14 1.0
397.4 265.3434 14 1.0
397.5 265.4142 14 1.0
397.6 265.485 14 1.0
397.7 265.5557 14 1.0
397.8 265.6265 14 1.0
397.9 265.6973 14 1.0
398.0 265.7681 14 1.0
398.1 265.8389 14 1.0
398.2 265.9097 14 1.0
398.3 265.9805 14 1.0
398.4 266.0512 14 1.0
398.5 266.122 14 1.0
398.6 266.1928 14 1.0
398.7 266.2636 14 1.0
398.8 266.3344 14 1.0
398.9 266.4052 14 1.0
399.0 266.476 14 1.0
399.1 266.5467 14 1.0
399.2 266.6175 14 1.0
399.3 266.6883 14 1.0
399.4 266.7591 14 1.0
399.5 266.8317 14 1.0
399.6 266.9043 14 1.0
399.7 266.9769 14 1.0
399.8 267.0495 14 1.0
399.9 267.1221 14 1.0
400.0 267.1946 14 1.0
400.1 267.2672 14 1.0
400.2 267.3398 14 1.0
400.3 267.4124 14 1.0
400.4 267.485 14 1.0
400.5 267.5576 14 1.0
400.6 267.6302 14 1.0
400.7 267.7028 14 1.0
400.8 267.7754 14 1.0
400.9 267.848 14 1.0
401.0 267.9205 14 1.0
401.1 267.9931 14 1.0
401.2 268.0657 14 1.0
401.3 268.1383 14 1.0
401.4 268.2109 14 1.0
401.5 268.2835 14 1.0
401.6 268.3561 14 1.0
401.7 268.4287 14 1.0
401.8 268.5013 14 1.0
401.9 268.5738 14 1.0
402.0 268.6464 14 1.0
402.1 268.719 14 1.0
402.2 268.7916 14 1.0
402.3 268.8642 14 1.0
402.4 268.9368 14 1.0
402.5 269.0094 14 1.0
402.6 269.082 14 1.0
402.7 269.1546 14 1.0
402.8 269.2272 14 1.0
402.9 269.2997 14 1.0
403.0 269.3723 14 1.0
403.1 269.4449 14 1.0
403.2 269.5175 14 1.0
403.3 269.5901 14 1.0
403.4 269.6627 14 1.0
403.5 269.7353 14 1.0
403.6 269.8079 14 1.0
403.7 269.8805 14 1.0
403.8 269.9531 14 1.0
403.9 270.0256 14 1.0
404.0 270.0982 14 1.0
404.1 270.1708 14 1.0
404.2 270.2434 14 1.0
404.3 270.316 14 1.0
404.4 270.3886 14 1.0
404.5 270.4612 14 1.0
404.6 270.5338 14 1.0
404.7 270.6064 14 1.0
404.8 270.679 14 1.0
404.9 270.7515 14 1.0
405.0 270.8241 14 1.0
405.1 270.8967 14 1.0
405.2 270.9693 14 1.0
405.3 271.0419 14 1.0
405.4 271.1145 14 1.0
405.5 271.1871 14 1.0
405.6 271.2597 14 1.0
405.7 271.3323 14 1.0
405.8 271.4049 14 1.0
405.9 271.4774 14 1.0
406.0 271.55 14 1.0
406.1 271.6226 14 1.0
406.2 271.6952 14 1.0
406.3 271.7678 14 1.0
406.4 271.8404 14 1.0
406.5 271.913 14 1.0
406.6 271.9856 14 1.0
406.7 272.0582 14 1.0
406.8 272.1307 14 1.0
406.9 272.2033 14 1.0
407.0 272.2759 14 1.0
407.1 272.3485 14 1.0
407.2 272.4211 14 1.0
407.3 272.4937 14 1.0
407.4 272.5663 14 1.0
407.5 272.6389 14 1.0
407.6 272.7115 14 1.0
407.7 272.7841 14 1.0
407.8 272.8566 14 1.0
407.9 272.9292 14 1.0
408.0 273.0018 14 1.0
408.1 273.0744 14 1.0
408.2 273.147 14 1.0
408.3 273.2196 14 1.0
408.4 273.2922 14 1.0
408.5 273.3648 14 1.0
408.6 273.4374 14 1.0
408.7 273.51 14 1.0
408.8 273.5825 14 1.0
408.9 273.6551 14 1.0
409.0 273.7277 14 1.0
409.1 273.8003 14 1.0
409.2 273.8729 14 1.0
409.3 273.9455 14 1.0
409.4 274.0181 14 1.0
409.5 274.0907 14 1.0
409.6 274.1633 14 1.0
409.7 274.2359 14 1.0
409.8 274.3084 14 1.0
409.9 274.381 14 1.0
410.0 274.4536 14 1.0
410.1 274.5262 14 1.0
410.2 274.5988 14 1.0
410.3 274.6714 14 1.0
410.4 274.744 14 1.0
410.5 274.8166 14 1.0
410.6 274.8892 14 1.0
410.7 274.9618 14 1.0
410.8 275.0343 14 1.0
410.9 275.1069 14 1.0
411.0 275.1795 14 1.0
411.1 275.2521 14 1.0
411.2 275.3247 14 1.0
411.3 275.3973 14 1.0
411.4 275.4699 14 1.0
411.5 275.5425 14 1.0
411.6 275.6151 14 1.0
411.7 275.6876 14 1.0
411.8 275.7602 14 1.0
411.9 275.8328 14 1.0
412.0 275.9054 14 1.0
412.1 275.978 14 1.0
412.2 276.0506 14 1.0
412.3 276.1232 14 1.0
412.4 276.1958 14 1.0
412.5 276.2684 14 1.0
412.6 276.341 14 1.0
412.7 276.4135 14 1.0
412.8 276.4861 14 1.0
412.9 276.5587 14 1.0
413.0 276.6313 14 1.0
413.1 276.7039 14 1.0
413.2 276.7765 14 1.0
413.3 276.8491 14 1.0
413.4 276.9217 14 1.0
413.5 276.9943 14 1.0
413.6 277.0669 14 1.0
413.7 277.1394 14 1.0
413.8 277.212 14 1.0
413.9 277.2846 14 1.0
414.0 277.3572 14 1.0
414.1 277.4298 14 1.0
414.2 277.5024 14 1.0
414.3 277.575 14 1.0
414.4 277.6476 14 1.0
414.5 277.7202 14 1.0
414.6 277.7928 14 1.0
414.7 277.8653 14 1.0
414.8 277.9379 14 1.0
414.9 278.0105 14 1.0
415.0 278.0831 14 1.0
415.1 278.1557 14 1.0
415.2 278.2283 14 1.0
415.3 278.3009 14 1.0
415.4 278.3735 14 1.0
415.5 278.4461 14 1.0
415.6 278.5187 14 1.0
415.7 278.5912 14 1.0
415.8 278.6638 14 1.0
415.9 278.7364 14 1.0
416.0 278.809 14 1.0
416.1 278.8816 14 1.0
416.2 278.9542 14 1.0
416.3 279.0268 14 1.0
416.4 279.0994 14 1.0
416.5 279.172 14 1.0
416.6 279.2445 14 1.0
416.7 279.3171 14 1.0
416.8 279.3897 14 1.0
416.9 279.4623 14 1.0
417.0 279.5349 14 1.0
417.1 279.6075 14 1.0
417.2 279.6801 14 1.0
417.3 279.7527 14 1.0
417.4 279.8253 14 1.0
417.5 279.8979 14 1.0
417.6 279.9704 14 1.0
417.7 280.043 14 1.0
417.8 280.1156 14 1.0
417.9 280.1882 14 1.0
418.0 280.2608 14 1.0
418.1 280.3334 14 1.0
418.2 280.406 14 1.0
418.3 280.4786 14 1.0
418.4 280.5512 14 1.0
418.5 280.6238 14 1.0
418.6 280.6963 14 1.0
418.7 280.7689 14 1.0
418.8 280.8415 14 1.0
418.9 280.9141 14 1.0
419.0 280.9867 14 1.0
419.1 281.0593 14 1.0
419.2 281.1319 14 1.0
419.3 281.2045 14 1.0
419.4 281.2771 14 1.0
419.5 281.3497 14 1.0
419.6 281.4222 14 1.0
419.7 281.4948 14 1.0
419.8 281.5674 14 1.0
419.9 281.64 14 1.0
420.0 281.7126 14 1.0
420.1 281.7852 14 1.0
420.2 281.8578 14 1.0
420.3 281.9304 14 1.0
420.4 282.003 14 1.0
420.5 282.0756 14 1.0
420.6 282.1481 14 1.0
420.7 282.2207 14 1.0
420.8 282.2933 14 1.0
420.9 282.3659 14 1.0
421.0 282.4385 14 1.0
421.1 282.5111 14 1.0
421.2 282.5837 14 1.0
421.3 282.6563 14 1.0
421.4 282.7289 14 1.0
421.5 282.8014 14 1.0
421.6 282.874 14 1.0
421.7 282.9466 14 1.0
421.8 283.0192 14 1.0
421.9 283.0918 14 1.0
422.0 283.1644 14 1.0
422.1 283.237 14 1.0
422.2 283.3096 14 1.0
422.3 283.3822 14 1.0
422.4 283.4548 14 1.0
422.5 283.5273 14 1.0
422.6 283.5999 14 1.0
422.7 283.6725 14 1.0
422.8 283.7451 14 1.0
422.9 283.8177 14 1.0
423.0 283.8903 14 1.0
423.1 283.9629 14 1.0
423.2 284.0355 14 1.0
423.3 284.1081 14 1.0
423.4 284.1807 14 1.0
423.5 284.2532 14 1.0
423.6 284.3258 14 1.0
423.7 284.3984 14 1.0
423.8 284.471 14 1.0
423.9 284.5436 14 1.0
424.0 284.6162 14 1.0
424.1 284.6888 14 1.0
424.2 284.7614 14 1.0
424.3 284.834 14 1.0
424.4 284.9066 14 1.0
424.5 284.9791 14 1.0
424.6 285.0517 14 1.0
424.7 285.1243 14 1.0
424.8 285.1969 14 1.0
424.9 285.2695 14 1.0
425.0 285.3421 14 1.0
425.1 285.4147 14 1.0
425.2 285.4873 14 1.0
425.3 285.5599 14 1.0
425.4 285.6325 14 1.0
425.5 285.705 14 1.0
425.6 285.7776 14 1.0
425.7 285.8502 14 1.0
425.8 285.9228 14 1.0
425.9 285.9954 14 1.0
426.0 286.068 14 1.0
426.1 286.1406 14 1.0
426.2 286.2132 14 1.0
426.3 286.2858 14 1.0
426.4 286.3583 14 1.0
426.5 286.4309 14 1.0
426.6 286.5035 14 1.0
426.7 286.5761 14 1.0
426.8 286.6487 14 1.0
426.9 286.7213 14 1.0
427.0 286.7939 14 1.0
427.1 286.8665 14 1.0
427.2 286.9391 14 1.0
427.3 287.0117 14 1.0
427.4 287.0842 14 1.0
427.5 287.1568 14 1.0
427.6 287.2294 14 1.0
427.7 287.302 14 1.0
427.8 287.3746 14 1.0
427.9 287.4472 14 1.0
428.0 287.5198 14 1.0
428.1 287.5924 14 1.0
428.2 287.665 14 1.0
428.3 287.7376 14 1.0
428.4 287.8101 14 1.0
428.5 287.8827 14 1.0
428.6 287.9553 14 1.0
428.7 288.0279 14 1.0
428.8 288.1005 14 1.0
428.9 288.1731 14 1.0
429.0 288.2457 14 1.0
429.1 288.3183 14 1.0
429.2 288.3909 14 1.0
429.3 288.4635 14 1.0
429.4 288.536 14 1.0
429.5 288.6086 14 1.0
429.6 288.6812 14 1.0
429.7 288.7538 14 1.0
429.8 288.8264 14 1.0
429.9 288.899 14 1.0
430.0 288.9716 14 1.0
430.1 289.0442 14 1.0
430.2 289.1168 14 1.0
430.3 289.1894 14 1.0
430.4 289.2619 14 1.0
430.5 289.3345 14 1.0
430.6 289.4071 14 1.0
430.7 289.4797 14 1.0
430.8 289.5523 14 1.0
430.9 289.6249 14 1.0
431.0 289.6975 14 1.0
431.1 289.7701 14 1.0
431.2 289.8427 14 1.0
431.3 289.9152 14 1.0
431.4 289.9878 14 1.0
431.5 290.0604 14 1.0
431.6 290.133 14 1.0
431.7 290.2056 14 1.0
431.8 290.2782 14 1.0
431.9 290.3508 14 1.0
432.0 290.4234 14 1.0
432.1 290.496 14 1.0
432.2 290.5686 14 1.0
432.3 290.6411 14 1.0
432.4 290.7137 14 1.0
432.5 290.7863 14 1.0
432.6 290.8589 14 1.0
432.7 290.9315 14 1.0
432.8 291.0041 14 1.0
432.9 291.0767 14 1.0
433.0 291.1493 14 1.0
433.1 291.2219 14 1.0
433.2 291.2945 14 1.0
433.3 291.367 14 1.0
433.4 291.4396 14 1.0
433.5 291.5122 14 1.0
433.6 291.5848 14 1.0
433.7 291.6574 14 1.0
433.8 291.73 14 1.0
433.9 291.8026 14 1.0
434.0 291.8752 14 1.0
434.1 291.9478 14 1.0
434.2 292.0204 14 1.0
434.3 292.0929 14 1.0
434.4 292.1655 14 1.0
434.5 292.2381 14 1.0
434.6 292.3107 14 1.0
434.7 292.3833 14 1.0
434.8 292.4559 14 1.0
434.9 292.5285 14 1.0
435.0 292.6011 14 1.0
435.1 292.6737 14 1.0
435.2 292.7463 14 1.0
435.3 292.8188 14 1.0
435.4 292.8914 14 1.0
435.5 292.964 14 1.0
435.6 293.0366 14 1.0
435.7 293.1092 14 1.0
435.8 293.1818 14 1.0
435.9 293.2544 14 1.0
436.0 293.327 14 1.0
436.1 293.3996 14 1.0
436.2 293.4721 14 1.0
436.3 293.5447 14 1.0
436.4 293.6173 14 1.0
436.5 293.6899 14 1.0
436.6 293.7625 14 1.0
436.7 293.8351 14 1.0
436.8 293.9077 14 1.0
436.9 293.9803 14 1.0
437.0 294.0529 14 1.0
437.1 294.1255 14 1.0
437.2 294.198 14 1.0
437.3 294.2706 14 1.0
437.4 294.3432 14 1.0
437.5 294.4158 14 1.0
437.6 294.4884 14 1.0
437.7 294.561 14 1.0
437.8 294.6336 14 1.0
437.9 294.7062 14 1.0
438.0 294.7788 14 1.0
438.1 294.8514 14 1.0
438.2 294.9239 14 1.0
438.3 294.9965 14 1.0
438.4 295.0691 14 1.0
438.5 295.1417 14 1.0
438.6 295.2143 14 1.0
438.7 295.2869 14 1.0
438.8 295.3595 14 1.0
438.9 295.4321 14 1.0
439.0 295.5047 14 1.0
439.1 295.5773 14 1.0
439.2 295.6498 14 1.0
439.3 295.7224 14 1.0
439.4 295.795 14 1.0
439.5 295.8676 14 1.0
439.6 295.9402 14 1.0
439.7 296.0128 14 1.0
439.8 296.0854 14 1.0
439.9 296.158 14 1.0
440.0 296.2306 14 1.0
440.1 296.3032 14 1.0
440.2 296.3757 14 1.0
440.3 296.4483 14 1.0
440.4 296.5209 14 1.0
440.5 296.5935 14 1.0
440.6 296.6661 14 1.0
440.7 296.7387 14 1.0
440.8 296.8113 14 1.0
440.9 296.8839 14 1.0
441.0 296.9565 14 1.0
441.1 297.029 14 1.0
441.2 297.1016 14 1.0
441.3 297.1742 14 1.0
441.4 297.2468 14 1.0
441.5 297.3194 14 1.0
441.6 297.392 14 1.0
441.7 297.4646 14 1.0
441.8 297.5372 14 1.0
441.9 297.6098 14 1.0
442.0 297.6824 14 1.0
442.1 297.7549 14 1.0
442.2 297.8275 14 1.0
442.3 297.9001 14 1.0
442.4 297.9727 14 1.0
442.5 298.0453 14 1.0
442.6 298.1179 14 1.0
442.7 298.1905 14 1.0
442.7 298.2631 14 1.0
442.8 298.3357 14 1.0
442.9 298.4083 14 1.0
443.0 298.4808 14 1.0
443.1 298.5534 14 1.0
443.2 298.626 14 1.0
443.3 298.6986 14 1.0
443.4 298.7712 14 1.0
443.5 298.8438 14 1.0
443.6 298.9164 14 1.0
443.7 298.989 14 1.0
443.8 299.0616 14 1.0
443.9 299.1342 14 1.0
444.0 299.2067 14 1.0
444.1 299.2793 14 1.0
444.2 299.3519 14 1.0
444.3 299.4245 14 1.0
444.4 299.4971 14 1.0
444.5 299.5697 14 1.0
444.6 299.6423 14 1.0
444.7 299.7149 14 1.0
444.8 299.7875 14 1.0
444.9 299.8601 14 1.0
445.0 299.9326 14 1.0
445.1 300.0052 14 1.0
445.2 300.0778 14 1.0
445.3 300.1504 14 1.0
445.4 300.223 14 1.0
445.5 300.2956 14 1.0
445.6 300.3682 14 1.0
445.7 300.4408 14 1.0
445.8 300.5134 14 1.0
445.9 300.5859 14 1.0
446.0 300.6585 14 1.0
446.1 300.7311 14 1.0
446.2 300.8037 14 1.0
446.3 300.8763 14 1.0
446.4 300.9489 14 1.0
446.5 301.0215 14 1.0
446.6 301.0941 14 1.0
446.7 301.1667 14 1.0
446.8 301.2393 14 1.0
446.9 301.3118 14 1.0
447.0 301.3844 14 1.0
447.1 301.457 14 1.0
447.2 301.5296 14 1.0
447.3 301.6022 14 1.0
447.4 301.6748 14 1.0
447.5 301.7474 14 1.0
447.6 301.82 14 1.0
447.7 301.8926 14 1.0
447.8 301.9652 14 1.0
447.9 302.0377 14 1.0
448.0 302.1103 14 1.0
448.1 302.1829 14 1.0
448.2 302.2555 14 1.0
448.3 302.3281 14 1.0
448.4 302.4007 14 1.0
448.5 302.4733 14 1.0
448.6 302.5459 14 1.0
448.7 302.6185 14 1.0
448.8 302.6911 14 1.0
448.9 302.7636 14 1.0
449.0 302.8362 14 1.0
449.1 302.9088 14 1.0
449.2 302.9814 14 1.0
449.3 303.054 14 1.0
