15.0 1.514027 13 0.038706024956776774
15.1 1.528229 13 0.039678038130363746
15.2 1.542407 13 0.04063583124178327
15.3 1.55656 13 0.04158831503913929
15.4 1.570689 13 0.0425180196275885
15.5 1.584794 13 0.043436572933341355
15.6 1.598875 13 0.044340274089025744
15.7 1.612932 13 0.04523708545223215
15.8 1.626965 13 0.04611950307051593
15.9 1.640974 13 0.04699119713420907
16.0 1.691476 13 0.047718502330599266
16.1 1.745722 13 0.05198182535392348
16.2 1.800367 13 0.056245658122101805
16.3 1.855404 13 0.060519058878094834
16.4 1.910824 13 0.06479664098835847
16.5 1.966621 13 0.06908591300886269
16.6 2.022787 13 0.07337565571052451
16.7 2.079316 13 0.07767422974458527
16.8 2.136199 13 0.08197746700746722
16.9 2.193431 13 0.08628627882267415
17.0 2.251004 13 0.09059929378809706
17.1 2.308912 13 0.0949206890375871
17.2 2.367149 13 0.0992450663063047
17.3 2.425708 13 0.10357671767715304
17.4 2.484583 13 0.10791178482852981
17.5 2.543769 13 0.11225348556680792
17.6 2.611511 13 0.1165989154236331
17.7 2.694913 13 0.12094881893014309
17.8 2.779262 13 0.12530284306249928
17.9 2.86456 13 0.12966310112892232
18.0 2.950806 13 0.13402733649304432
18.1 3.047809 14 0.13897916462348536
18.2 3.145879 14 0.14392994881994803
18.3 3.245019 14 0.14888982090654712
18.4 3.345226 14 0.1538545028974837
18.5 3.446503 14 0.1588221919054117
18.6 3.548847 14 0.16379323080559616
18.7 3.65226 14 0.1687716000084809
18.8 3.756742 14 0.17375513598121706
18.9 3.862292 14 0.17873968380568717
19.0 3.968911 14 0.18372457981997514
19.1 4.076598 14 0.18871946190302313
19.2 4.185354 14 0.1937141308899234
19.3 4.295178 14 0.1987172780346943
19.4 4.406071 14 0.203723382867384
19.5 4.518032 14 0.20872867755926483
19.6 4.631061 14 0.21374272478916734
19.7 4.74516 14 0.21875912347872506
19.8 4.860326 14 0.22377939320690332
19.9 4.976561 14 0.22880265459817462
20.0 5.093865 14 0.2338278888560047
20.1 5.217972 14 0.23916251014642653
20.2 5.34321 14 0.24449747857305915
20.3 5.469579 14 0.24984073278161345
20.4 5.597078 14 0.2551849786789594
20.5 5.725709 14 0.2605317200421824
20.6 5.855471 14 0.2658852210929922
20.7 5.986363 14 0.2712384446365298
20.8 6.118387 14 0.27659562810091687
20.9 6.251541 14 0.28195589751141215
21.0 6.385827 14 0.28731758469022173
21.1 6.521243 14 0.2926843648872426
21.2 6.65779 14 0.2980557268899675
21.3 6.795469 14 0.3034287894322707
21.4 6.934278 14 0.3088032661393212
21.5 7.074218 14 0.3141810302047837
21.6 7.215289 14 0.3195596681557116
21.7 7.357491 14 0.32494452264427864
21.8 7.500824 14 0.330331198037345
21.9 7.645287 14 0.3357188329401922
22.0 7.790882 14 0.34111108195105144
22.1 7.945078 14 0.3468618626960758
22.2 8.100478 14 0.35261761584718776
22.3 8.323226 14 0.35847102399170805
22.4 8.480432 14 0.3642311692382214
22.5 8.638841 14 0.369992028696692
22.6 8.798455 14 0.3757536483249788
22.7 8.959274 14 0.3815207963322458
22.8 9.121296 14 0.3872896732639366
22.9 9.284523 14 0.393059232169908
23.0 9.448954 14 0.39883255300263565
23.1 9.61459 14 0.40461212271515845
23.2 9.781429 14 0.4103894632889349
23.3 9.949473 14 0.41617055712022333
23.4 10.11872 14 0.421952324682594
23.5 10.28917 14 0.4277369096050143
23.6 10.46083 14 0.4335267923094781
23.7 10.63369 14 0.43931475509247775
23.8 10.80776 14 0.44510457903431944
23.9 10.98303 14 0.4508988791940569
24.0 11.1595 14 0.4566953687683579
24.1 11.34649 14 0.4629013234038909
24.2 11.53476 14 0.46911110431846903
24.3 11.72432 14 0.4753230617359595
24.4 11.91517 14 0.4815343706913532
24.5 12.10731 14 0.4877509774130898
24.6 12.30074 14 0.493968116695379
24.7 12.49545 14 0.5001863782672866
24.8 12.69146 14 0.5064071635116114
24.9 12.88875 14 0.5126304919426921
25.0 13.08732 14 0.5188560313200207
25.1 13.28719 14 0.5250830457497857
25.2 13.48835 14 0.5313124835628825
25.3 13.69079 14 0.5375443720967972
25.4 13.89452 14 0.5437770517102106
25.5 14.09954 14 0.5500106882835455
25.6 14.30585 14 0.5562485269681192
25.7 14.51344 14 0.5624872737985382
25.8 14.72233 14 0.5687266139237626
25.9 14.9325 14 0.5749662849117119
26.0 15.14396 14 0.5812102954117715
26.1 15.35659 14 0.5874520254370237
26.2 15.57051 14 0.5936939925623761
26.3 15.78572 14 0.5999386493997989
26.4 16.00221 14 0.6061852670418315
26.5 16.21999 14 0.6124352866085992
26.6 16.43906 14 0.6186830383290332
26.7 16.65942 14 0.6249340142628504
26.8 16.88106 14 0.6311880217229292
26.9 17.10399 14 0.6374410303371716
27.0 17.3282 14 0.6436958176936538
27.1 17.5537 14 0.6499546315070182
27.2 17.78049 14 0.6562130145331129
27.3 18.00857 14 0.6624735835765321
27.4 18.23793 14 0.6687341142926816
27.5 18.46858 14 0.6749983722898627
27.6 18.70052 14 0.681262092388564
27.7 18.93374 14 0.6875282762780878
27.8 19.16825 14 0.6937970258901593
27.9 19.40405 14 0.7000646384678968
28.0 19.64113 14 0.7063342211759567
28.1 19.88549 14 0.7128299258622822
28.2 20.13118 14 0.7193272934048186
28.3 20.3782 14 0.7258239294180098
28.4 20.62655 14 0.7323234058932291
28.5 20.87624 14 0.7388237624168086
28.6 21.12726 14 0.7453267118912177
28.7 21.37961 14 0.7518290036787042
28.8 21.63329 14 0.7583340685117049
28.9 21.88831 14 0.7648396473142747
29.0 22.14466 14 0.7713470776621296
29.1 22.40234 14 0.7778551519849108
29.2 22.66135 14 0.7843645698484408
29.3 22.9217 14 0.7908757754907052
29.4 23.18338 14 0.7973875238397445
29.5 23.44639 14 0.8039011748685134
29.6 23.71073 14 0.8104156750407203
29.7 23.97641 14 0.8169301943901003
29.8 24.24341 14 0.823447063881116
29.9 24.51175 14 0.8299654177006388
30.0 24.78143 14 0.8364837333446913
30.1 25.05529 14 0.8431045013261806
30.2 25.3305 14 0.8497264374478705
30.3 25.60707 14 0.8563489401300627
30.4 25.88499 14 0.8629727126805778
30.5 26.16426 14 0.8695979177188143
30.6 26.44488 14 0.8762237307467197
30.7 26.72686 14 0.8828510747336573
30.8 27.01019 14 0.8894798187271779
30.9 27.29487 14 0.8961083060751576
31.0 27.5809 14 0.9027387455264645
31.1 27.86828 14 0.9093696177024124
31.2 28.15702 14 0.9160017352526845
31.3 28.44711 14 0.9226350597882963
31.4 28.73855 14 0.9292694831289913
31.5 29.03135 14 0.9359045266861834
31.6 29.3255 14 0.942540725037815
31.7 29.62099 14 0.949177647304451
31.8 29.91785 14 0.9558158697771567
31.9 30.21605 14 0.9624547889577801
32.0 30.51561 14 0.9690948318597804
32.1 30.81651 14 0.9757356158903108
32.2 31.11878 14 0.9823773415752262
32.3 31.42239 14 0.9890200280955248
32.4 31.72735 14 0.9956635925029347
32.5 31.96175 14 1.0
32.6 32.06145 14 1.0
32.7 32.16114 14 1.0
32.8 32.26084 14 1.0
32.9 32.36054 14 1.0
33.0 32.46024 14 1.0
33.1 32.55993 14 1.0
33.2 32.65963 14 1.0
33.3 32.75933 14 1.0
33.4 32.85903 14 1.0
33.5 32.95872 14 1.0
33.6 33.05842 14 1.0
33.7 33.15812 14 1.0
33.8 33.25782 14 1.0
33.9 33.35751 14 1.0
34.0 33.45721 14 1.0
34.1 33.55691 14 1.0
34.2 33.65661 14 1.0
34.3 33.7563 14 1.0
34.4 33.856 14 1.0
34.5 33.9557 14 1.0
34.6 34.05539 14 1.0
34.7 34.15509 14 1.0
34.8 34.25479 14 1.0
34.9 34.35449 14 1.0
35.0 34.45418 14 1.0
35.1 34.55385 14 1.0
35.2 34.65351 14 1.0
35.3 34.75317 14 1.0
35.4 34.85284 14 1.0
35.5 34.9525 14 1.0
35.6 35.05216 14 1.0
35.7 35.15183 14 1.0
35.8 35.25149 14 1.0
35.9 35.35116 14 1.0
36.0 35.45082 14 1.0
36.1 35.55048 14 1.0
36.2 35.65015 14 1.0
36.3 35.74981 14 1.0
36.4 35.84947 14 1.0
36.5 35.94914 14 1.0
36.6 36.0488 14 1.0
36.7 36.14846 14 1.0
36.8 36.24813 14 1.0
36.9 36.34779 14 1.0
37.0 36.44745 14 1.0
37.1 36.54712 14 1.0
37.2 36.64678 14 1.0
37.3 36.74644 14 1.0
37.4 36.84611 14 1.0
37.5 36.94577 14 1.0
37.6 37.04543 14 1.0
37.7 37.1451 14 1.0
37.8 37.24476 14 1.0
37.9 37.34443 14 1.0
38.0 37.44409 14 1.0
38.1 37.54375 14 1.0
38.2 37.64342 14 1.0
38.3 37.74308 14 1.0
38.4 37.84274 14 1.0
38.5 37.94241 14 1.0
38.6 38.04207 14 1.0
38.7 38.14173 14 1.0
38.8 38.2414 14 1.0
38.9 38.34106 14 1.0
39.0 38.44072 14 1.0
39.1 38.54039 14 1.0
39.2 38.64005 14 1.0
39.3 38.73971 14 1.0
39.4 38.83938 14 1.0
39.5 38.93904 14 1.0
39.6 39.0387 14 1.0
39.7 39.13837 14 1.0
39.8 39.23803 14 1.0
39.9 39.33769 14 1.0
40.0 39.43736 14 1.0
40.1 39.53693 14 1.0
40.2 39.6365 14 1.0
40.3 39.73607 14 1.0
40.4 39.83565 14 1.0
40.5 39.93522 14 1.0
40.6 40.03479 14 1.0
40.7 40.13436 14 1.0
40.8 40.23394 14 1.0
40.9 40.33351 14 1.0
41.0 40.43308 14 1.0
41.1 40.53265 14 1.0
41.2 40.63222 14 1.0
41.3 40.7318 14 1.0
41.4 40.83137 14 1.0
41.5 40.93094 14 1.0
41.6 41.03051 14 1.0
41.7 41.13009 14 1.0
41.8 41.22966 14 1.0
41.9 41.32923 14 1.0
42.0 41.4288 14 1.0
42.1 41.52837 14 1.0
42.2 41.62795 14 1.0
42.3 41.72752 14 1.0
42.4 41.82709 14 1.0
42.5 41.92666 14 1.0
42.6 42.02624 14 1.0
42.7 42.12581 14 1.0
42.8 42.22538 14 1.0
42.9 42.32495 14 1.0
43.0 42.42452 14 1.0
43.1 42.5241 14 1.0
43.2 42.62367 14 1.0
43.3 42.72324 14 1.0
43.4 42.82281 14 1.0
43.5 42.92239 14 1.0
43.6 43.02196 14 1.0
43.7 43.12153 14 1.0
43.8 43.2211 14 1.0
43.9 43.32067 14 1.0
44.0 43.42025 14 1.0
44.1 43.51982 14 1.0
44.2 43.61939 14 1.0
44.3 43.71896 14 1.0
44.4 43.81854 14 1.0
44.5 43.91811 14 1.0
44.6 44.01768 14 1.0
44.7 44.11725 14 1.0
44.8 44.21682 14 1.0
44.9 44.3164 14 1.0
45.0 44.41597 14 1.0
45.1 44.51554 14 1.0
45.2 44.61511 14 1.0
45.3 44.71469 14 1.0
45.4 44.81426 14 1.0
45.5 44.91383 14 1.0
45.6 45.0134 14 1.0
45.7 45.11297 14 1.0
45.8 45.21255 14 1.0
45.9 45.31212 14 1.0
46.0 45.41169 14 1.0
46.1 45.51126 14 1.0
46.2 45.61084 14 1.0
46.3 45.71041 14 1.0
46.4 45.80998 14 1.0
46.5 45.90955 14 1.0
46.6 46.00912 14 1.0
46.7 46.1087 14 1.0
46.8 46.20827 14 1.0
46.9 46.30784 14 1.0
47.0 46.40741 14 1.0
47.1 46.50699 14 1.0
47.2 46.60656 14 1.0
47.3 46.70613 14 1.0
47.4 46.8057 14 1.0
47.5 46.90527 14 1.0
47.6 47.00485 14 1.0
47.7 47.10442 14 1.0
47.8 47.20399 14 1.0
47.9 47.30356 14 1.0
48.0 47.40314 14 1.0
48.1 47.50271 14 1.0
48.2 47.60228 14 1.0
48.3 47.70185 14 1.0
48.4 47.80142 14 1.0
48.5 47.901 14 1.0
48.6 48.00057 14 1.0
48.7 48.10014 14 1.0
48.8 48.19971 14 1.0
48.9 48.29929 14 1.0
49.0 48.39886 14 1.0
49.1 48.49843 14 1.0
49.2 48.598 14 1.0
49.3 48.69757 14 1.0
49.4 48.79715 14 1.0
49.5 48.89672 14 1.0
49.6 48.99629 14 1.0
49.7 49.09586 14 1.0
49.8 49.19544 14 1.0
49.9 49.29501 14 1.0
50.0 49.39458 14 1.0
50.1 49.49353 14 1.0
50.2 49.59247 14 1.0
50.3 49.69142 14 1.0
50.4 49.79036 14 1.0
50.5 49.8893 14 1.0
50.6 49.98825 14 1.0
50.7 50.08719 14 1.0
50.8 50.18614 14 1.0
50.9 50.28508 14 1.0
51.0 50.38403 14 1.0
51.1 50.48297 14 1.0
51.2 50.58192 14 1.0
51.3 50.68086 14 1.0
51.4 50.77981 14 1.0
51.5 50.87875 14 1.0
51.6 50.9777 14 1.0
51.7 51.07664 14 1.0
51.8 51.17559 14 1.0
51.9 51.27453 14 1.0
52.0 51.37348 14 1.0
52.1 51.47242 14 1.0
52.2 51.57137 14 1.0
52.3 51.67031 14 1.0
52.4 51.76926 14 1.0
52.5 51.8682 14 1.0
52.6 51.96715 14 1.0
52.7 52.06609 14 1.0
52.8 52.16504 14 1.0
52.9 52.26398 14 1.0
53.0 52.36293 14 1.0
53.1 52.46187 14 1.0
53.2 52.56082 14 1.0
53.3 52.65976 14 1.0
53.4 52.75871 14 1.0
53.5 52.85765 14 1.0
53.6 52.9566 14 1.0
53.7 53.05554 14 1.0
53.8 53.15449 14 1.0
53.9 53.25343 14 1.0
54.0 53.35238 14 1.0
54.1 53.45132 14 1.0
54.2 53.55027 14 1.0
54.3 53.64921 14 1.0
54.4 53.74816 14 1.0
54.5 53.8471 14 1.0
54.6 53.94605 14 1.0
54.7 54.04499 14 1.0
54.8 54.14394 14 1.0
54.9 54.24288 14 1.0
55.0 54.34183 14 1.0
55.1 54.44077 14 1.0
55.2 54.53972 14 1.0
55.3 54.63866 14 1.0
55.4 54.73761 14 1.0
55.5 54.83655 14 1.0
55.6 54.9355 14 1.0
55.7 55.03444 14 1.0
55.8 55.13339 14 1.0
55.9 55.23233 14 1.0
56.0 55.33128 14 1.0
56.1 55.43022 14 1.0
56.2 55.52917 14 1.0
56.3 55.62811 14 1.0
56.4 55.72706 14 1.0
56.5 55.826 14 1.0
56.6 55.92495 14 1.0
56.7 56.02389 14 1.0
56.8 56.12284 14 1.0
56.9 56.22178 14 1.0
57.0 56.32073 14 1.0
57.1 56.41967 14 1.0
57.2 56.51862 14 1.0
57.3 56.61756 14 1.0
57.4 56.71651 14 1.0
57.5 56.81545 14 1.0
57.6 56.9144 14 1.0
57.7 57.01334 14 1.0
57.8 57.11229 14 1.0
57.9 57.21123 14 1.0
58.0 57.31018 14 1.0
58.1 57.40912 14 1.0
58.2 57.50807 14 1.0
58.3 57.60701 14 1.0
58.4 57.70596 14 1.0
58.5 57.8049 14 1.0
58.6 57.90385 14 1.0
58.7 58.00279 14 1.0
58.8 58.10174 14 1.0
58.9 58.20068 14 1.0
59.0 58.29963 14 1.0
59.1 58.39857 14 1.0
59.2 58.49752 14 1.0
59.3 58.59646 14 1.0
59.4 58.69541 14 1.0
59.5 58.79435 14 1.0
59.6 58.8933 14 1.0
59.7 58.99224 14 1.0
59.8 59.09119 14 1.0
59.9 59.19013 14 1.0
60.0 59.28908 14 1.0
60.1 59.38822 14 1.0
60.2 59.48735 14 1.0
60.3 59.58649 14 1.0
60.4 59.68563 14 1.0
60.5 59.78477 14 1.0
60.6 59.88391 14 1.0
60.7 59.98305 14 1.0
60.8 60.08219 14 1.0
60.9 60.18132 14 1.0
61.0 60.28046 14 1.0
61.1 60.3796 14 1.0
61.2 60.47874 14 1.0
61.3 60.57788 14 1.0
61.4 60.67702 14 1.0
61.5 60.77616 14 1.0
61.6 60.87529 14 1.0
61.7 60.97443 14 1.0
61.8 61.07357 14 1.0
61.9 61.17271 14 1.0
62.0 61.27185 14 1.0
62.1 61.37099 14 1.0
62.2 61.47013 14 1.0
62.3 61.56927 14 1.0
62.4 61.6684 14 1.0
62.5 61.76754 14 1.0
62.6 61.86668 14 1.0
62.7 61.96582 14 1.0
62.8 62.06496 14 1.0
62.9 62.1641 14 1.0
63.0 62.26324 14 1.0
63.1 62.36237 14 1.0
63.2 62.46151 14 1.0
63.3 62.56065 14 1.0
63.4 62.65979 14 1.0
63.5 62.75893 14 1.0
63.6 62.85807 14 1.0
63.7 62.95721 14 1.0
63.8 63.05635 14 1.0
63.9 63.15548 14 1.0
64.0 63.25462 14 1.0
64.1 63.35376 14 1.0
64.2 63.4529 14 1.0
64.3 63.55204 14 1.0
64.4 63.65118 14 1.0
64.5 63.75032 14 1.0
64.6 63.84945 14 1.0
64.7 63.94859 14 1.0
64.8 64.04773 14 1.0
64.9 64.14687 14 1.0
65.0 64.24601 14 1.0
65.1 64.34515 14 1.0
65.2 64.44429 14 1.0
65.3 64.54342 14 1.0
65.4 64.64256 14 1.0
65.5 64.7417 14 1.0
65.6 64.84084 14 1.0
65.7 64.93998 14 1.0
65.8 65.03912 14 1.0
65.9 65.13826 14 1.0
66.0 65.2374 14 1.0
66.1 65.33653 14 1.0
66.2 65.43567 14 1.0
66.3 65.53481 14 1.0
66.4 65.63395 14 1.0
66.5 65.73309 14 1.0
66.6 65.83223 14 1.0
66.7 65.93137 14 1.0
66.8 65.79493 14 1.0
66.9 65.5508 14 1.0
67.0 65.30561 14 1.0
67.1 65.05936 14 1.0
67.2 64.81205 14 1.0
67.3 64.56369 14 1.0
67.4 64.31426 14 1.0
67.5 64.06378 14 1.0
67.6 63.81224 14 1.0
67.7 63.55964 14 1.0
67.8 63.30599 14 1.0
67.9 63.05127 14 1.0
68.0 62.7955 14 1.0
68.1 62.53867 14 1.0
68.2 62.28078 14 1.0
68.3 62.02183 14 1.0
68.4 61.76182 14 1.0
68.5 61.50076 14 1.0
68.6 61.23864 14 1.0
68.7 60.97545 14 1.0
68.8 60.71122 14 1.0
68.9 60.44592 14 1.0
69.0 60.17956 14 1.0
69.1 59.91215 14 1.0
69.2 59.64368 14 1.0
69.3 59.37415 14 1.0
69.4 59.10356 14 1.0
69.5 58.83191 14 1.0
69.6 58.55921 14 1.0
69.7 58.28545 14 1.0
69.8 58.01063 14 1.0
69.9 57.73475 14 1.0
70.0 57.45781 14 1.0
70.1 57.16274 14 1.0
70.2 56.8666 14 1.0
70.3 56.56937 14 1.0
70.4 56.27107 14 1.0
70.5 55.9717 14 1.0
70.6 55.67124 14 1.0
70.7 55.36971 14 1.0
70.8 55.06709 14 1.0
70.9 54.7634 14 1.0
71.0 54.45864 14 1.0
71.1 54.15279 14 1.0
71.2 53.84587 14 1.0
71.3 53.53786 14 1.0
71.4 53.22878 14 1.0
71.5 52.91863 14 1.0
71.6 52.60739 14 1.0
71.7 52.29508 14 1.0
71.8 51.98169 14 1.0
71.9 51.66722 14 1.0
72.0 51.35167 14 1.0
72.1 51.03504 14 1.0
72.2 50.71734 14 1.0
72.3 50.39856 14 1.0
72.4 50.0787 14 1.0
72.5 49.75776 14 1.0
72.6 49.43575 14 1.0
72.7 49.11266 14 1.0
72.8 48.78849 14 1.0
72.9 48.46324 14 1.0
73.0 48.13691 14 1.0
73.1 47.80951 14 1.0
73.2 47.48102 14 1.0
73.3 47.15146 14 1.0
73.4 46.82083 14 1.0
73.5 46.48911 14 1.0
73.6 46.15632 14 1.0
73.7 45.82244 14 1.0
73.8 45.48749 14 1.0
73.9 45.15147 14 1.0
74.0 44.81436 14 1.0
74.1 44.47618 14 1.0
74.2 44.13691 14 1.0
74.3 43.79657 14 1.0
74.4 43.45516 14 1.0
74.5 43.11266 14 1.0
74.6 42.76909 14 1.0
74.7 42.42444 14 1.0
74.8 42.07871 14 1.0
74.9 41.7319 14 1.0
75.0 41.38402 14 1.0
75.1 41.03505 14 1.0
75.2 40.68501 14 1.0
75.3 40.33389 14 1.0
75.4 39.9817 14 1.0
75.5 39.62842 14 1.0
75.6 39.27407 14 1.0
75.7 38.91864 14 1.0
75.8 38.56213 14 1.0
75.9 38.20454 14 1.0
76.0 37.84588 14 1.0
76.1 37.48614 14 1.0
76.2 37.12532 14 1.0
76.3 36.76342 14 1.0
76.4 36.40044 14 1.0
76.5 36.03639 14 1.0
76.6 35.67126 14 1.0
76.7 35.30505 14 1.0
76.8 34.93776 14 1.0
76.9 34.56939 14 1.0
77.0 34.19995 14 1.0
77.1 33.82943 14 1.0
77.2 33.45783 14 1.0
77.3 33.08515 14 1.0
77.4 32.7114 14 1.0
77.5 32.33656 14 1.0
77.6 32.01592 14 1.0
77.7 32.0571 14 1.0
77.8 32.09828 14 1.0
77.9 32.13946 14 1.0
78.0 32.18064 14 1.0
78.1 32.22182 14 1.0
78.2 32.263 14 1.0
78.3 32.30418 14 1.0
78.4 32.34536 14 1.0
78.5 32.38654 14 1.0
78.6 32.42772 14 1.0
78.7 32.4689 14 1.0
78.8 32.51008 14 1.0
78.9 32.55126 14 1.0
79.0 32.59244 14 1.0
79.1 32.63362 14 1.0
79.2 32.6748 14 1.0
79.3 32.71598 14 1.0
79.4 32.75716 14 1.0
79.5 32.79834 14 1.0
79.6 32.83952 14 1.0
79.7 32.8807 14 1.0
79.8 32.92188 14 1.0
79.9 32.96306 14 1.0
80.0 33.00424 14 1.0
80.1 33.05916 14 1.0
80.2 33.11407 14 1.0
80.3 33.16899 14 1.0
80.4 33.2239 14 1.0
80.5 33.27882 14 1.0
80.6 33.33373 14 1.0
80.7 33.38865 14 1.0
80.8 33.44356 14 1.0
80.9 33.49848 14 1.0
81.0 33.55339 14 1.0
81.1 33.60831 14 1.0
81.2 33.66322 14 1.0
81.3 33.71814 14 1.0
81.4 33.77305 14 1.0
81.5 33.82797 14 1.0
81.6 33.88288 14 1.0
81.7 33.9378 14 1.0
81.8 33.99271 14 1.0
81.9 34.04763 14 1.0
82.0 34.10254 14 1.0
82.1 34.15746 14 1.0
82.2 34.21237 14 1.0
82.3 34.26729 14 1.0
82.4 34.3222 14 1.0
82.5 34.37712 14 1.0
82.6 34.43203 14 1.0
82.7 34.48695 14 1.0
82.8 34.54186 14 1.0
82.9 34.59678 14 1.0
83.0 34.65169 14 1.0
83.1 34.70661 14 1.0
83.2 34.76152 14 1.0
83.3 34.81644 14 1.0
83.4 34.87135 14 1.0
83.5 34.92627 14 1.0
83.6 34.98118 14 1.0
83.7 35.0361 14 1.0
83.8 35.09101 14 1.0
83.9 35.14593 14 1.0
84.0 35.20084 14 1.0
84.1 35.25576 14 1.0
84.2 35.31067 14 1.0
84.3 35.36559 14 1.0
84.4 35.4205 14 1.0
84.5 35.47542 14 1.0
84.6 35.53033 14 1.0
84.7 35.58525 14 1.0
84.8 35.64016 14 1.0
84.9 35.69508 14 1.0
85.0 35.74999 14 1.0
85.1 35.80491 14 1.0
85.2 35.85982 14 1.0
85.3 35.91474 14 1.0
85.4 35.96965 14 1.0
85.5 36.02457 14 1.0
85.6 36.07948 14 1.0
85.7 36.1344 14 1.0
85.8 36.18931 14 1.0
85.9 36.24423 14 1.0
86.0 36.29914 14 1.0
86.1 36.35406 14 1.0
86.2 36.40897 14 1.0
86.3 36.46389 14 1.0
86.4 36.5188 14 1.0
86.5 36.57372 14 1.0
86.6 36.62864 14 1.0
86.7 36.68355 14 1.0
86.8 36.73847 14 1.0
86.9 36.79338 14 1.0
87.0 36.8483 14 1.0
87.1 36.90321 14 1.0
87.2 36.95813 14 1.0
87.3 37.01304 14 1.0
87.4 37.06796 14 1.0
87.5 37.12287 14 1.0
87.6 37.17779 14 1.0
87.7 37.2327 14 1.0
87.8 37.28762 14 1.0
87.9 37.34253 14 1.0
88.0 37.39745 14 1.0
88.1 37.45236 14 1.0
88.2 37.50728 14 1.0
88.3 37.56219 14 1.0
88.4 37.61711 14 1.0
88.5 37.67202 14 1.0
88.6 37.72694 14 1.0
88.7 37.78185 14 1.0
88.8 37.83677 14 1.0
88.9 37.89168 14 1.0
89.0 37.9466 14 1.0
89.1 38.00151 14 1.0
89.2 38.05643 14 1.0
89.3 38.11134 14 1.0
89.4 38.16626 14 1.0
89.5 38.22117 14 1.0
89.6 38.27609 14 1.0
89.7 38.331 14 1.0
89.8 38.38592 14 1.0
89.9 38.44083 14 1.0
90.0 38.49575 14 1.0
90.1 38.46131 14 1.0
90.2 38.42688 14 1.0
90.3 38.39244 14 1.0
90.4 38.358 14 1.0
90.5 38.32357 14 1.0
90.6 38.28913 14 1.0
90.7 38.2547 14 1.0
90.8 38.22026 14 1.0
90.9 38.18583 14 1.0
91.0 38.15139 14 1.0
91.1 38.11695 14 1.0
91.2 38.08252 14 1.0
91.3 38.04808 14 1.0
91.4 38.01365 14 1.0
91.5 37.97921 14 1.0
91.6 37.94477 14 1.0
91.7 37.91034 14 1.0
91.8 37.8759 14 1.0
91.9 37.84147 14 1.0
92.0 37.80703 14 1.0
92.1 37.7726 14 1.0
92.2 37.73816 14 1.0
92.3 37.70372 14 1.0
92.4 37.66929 14 1.0
92.5 37.63485 14 1.0
92.6 37.60042 14 1.0
92.7 37.56598 14 1.0
92.8 37.53154 14 1.0
92.9 37.49711 14 1.0
93.0 37.46267 14 1.0
93.1 37.42824 14 1.0
93.2 37.3938 14 1.0
93.3 37.35937 14 1.0
93.4 37.32493 14 1.0
93.5 37.29049 14 1.0
93.6 37.25606 14 1.0
93.7 37.22162 14 1.0
93.8 37.18719 14 1.0
93.9 37.15275 14 1.0
94.0 37.11831 14 1.0
94.1 37.08388 14 1.0
94.2 37.04944 14 1.0
94.3 37.01501 14 1.0
94.4 36.98057 14 1.0
94.5 36.94614 14 1.0
94.6 36.9117 14 1.0
94.7 36.87726 14 1.0
94.8 36.84283 14 1.0
94.9 36.80839 14 1.0
95.0 36.77396 14 1.0
95.1 36.73952 14 1.0
95.2 36.70509 14 1.0
95.3 36.67065 14 1.0
95.4 36.63621 14 1.0
95.5 36.60178 14 1.0
95.6 36.56734 14 1.0
95.7 36.53291 14 1.0
95.8 36.49847 14 1.0
95.9 36.46403 14 1.0
96.0 36.4296 14 1.0
96.1 36.39516 14 1.0
96.2 36.36073 14 1.0
96.3 36.32629 14 1.0
96.4 36.29186 14 1.0
96.5 36.25742 14 1.0
96.6 36.22298 14 1.0
96.7 36.18855 14 1.0
96.8 36.15411 14 1.0
96.9 36.11968 14 1.0
97.0 36.08524 14 1.0
97.1 36.0508 14 1.0
97.2 36.01637 14 1.0
97.3 35.98193 14 1.0
97.4 35.9475 14 1.0
97.5 35.91306 14 1.0
97.6 35.87863 14 1.0
97.7 35.84419 14 1.0
97.8 35.80975 14 1.0
97.9 35.77532 14 1.0
98.0 35.74088 14 1.0
98.1 35.70645 14 1.0
98.2 35.67201 14 1.0
98.3 35.63757 14 1.0
98.4 35.60314 14 1.0
98.5 35.5687 14 1.0
98.6 35.53427 14 1.0
98.7 35.49983 14 1.0
98.8 35.4654 14 1.0
98.9 35.43096 14 1.0
99.0 35.39652 14 1.0
99.1 35.36209 14 1.0
99.2 35.32765 14 1.0
99.3 35.29322 14 1.0
99.4 35.25878 14 1.0
99.5 35.22434 14 1.0
99.6 35.18991 14 1.0
99.7 35.15547 14 1.0
99.8 35.12104 14 1.0
99.9 35.0866 14 1.0
100.0 35.05217 14 1.0
100.1 35.189 14 1.0
100.2 35.32584 14 1.0
100.3 35.46267 14 1.0
100.4 35.59951 14 1.0
100.5 35.73634 14 1.0
100.6 35.87318 14 1.0
100.7 36.01001 14 1.0
100.8 36.14685 14 1.0
100.9 36.28368 14 1.0
101.0 36.42052 14 1.0
101.1 36.55735 14 1.0
101.2 36.69419 14 1.0
101.3 36.83102 14 1.0
101.4 36.96786 14 1.0
101.5 37.10469 14 1.0
101.6 37.24153 14 1.0
101.7 37.37837 14 1.0
101.8 37.5152 14 1.0
101.9 37.65204 14 1.0
102.0 37.78887 14 1.0
102.1 37.92571 14 1.0
102.2 38.06254 14 1.0
102.3 38.19938 14 1.0
102.4 38.33621 14 1.0
102.5 38.47305 14 1.0
102.6 38.60988 14 1.0
102.7 38.74672 14 1.0
102.8 38.88355 14 1.0
102.9 39.02039 14 1.0
103.0 39.15722 14 1.0
103.1 39.29406 14 1.0
103.2 39.43089 14 1.0
103.3 39.56773 14 1.0
103.4 39.70456 14 1.0
103.5 39.8414 14 1.0
103.6 39.97824 14 1.0
103.7 40.11507 14 1.0
103.8 40.25191 14 1.0
103.9 40.38874 14 1.0
104.0 40.52558 14 1.0
104.1 40.66241 14 1.0
104.2 40.79925 14 1.0
104.3 40.93608 14 1.0
104.4 41.07292 14 1.0
104.5 41.20975 14 1.0
104.6 41.34659 14 1.0
104.7 41.48342 14 1.0
104.8 41.62026 14 1.0
104.9 41.75709 14 1.0
105.0 41.89393 14 1.0
105.1 42.03076 14 1.0
105.2 42.1676 14 1.0
105.3 42.30443 14 1.0
105.4 42.44127 14 1.0
105.5 42.57811 14 1.0
105.6 42.71494 14 1.0
105.7 42.85178 14 1.0
105.8 42.98861 14 1.0
105.9 43.12545 14 1.0
106.0 43.26228 14 1.0
106.1 43.39912 14 1.0
106.2 43.53595 14 1.0
106.3 43.67279 14 1.0
106.4 43.80962 14 1.0
106.5 43.94646 14 1.0
106.6 44.08329 14 1.0
106.7 44.22013 14 1.0
106.8 44.35696 14 1.0
106.9 44.4938 14 1.0
107.0 44.63063 14 1.0
107.1 44.76747 14 1.0
107.2 44.9043 14 1.0
107.3 45.04114 14 1.0
107.4 45.17797 14 1.0
107.5 45.31481 14 1.0
107.6 45.45165 14 1.0
107.7 45.58848 14 1.0
107.8 45.72532 14 1.0
107.9 45.86215 14 1.0
108.0 45.99899 14 1.0
108.1 46.13582 14 1.0
108.2 46.27266 14 1.0
108.3 46.40949 14 1.0
108.4 46.54633 14 1.0
108.5 46.68316 14 1.0
108.6 46.82 14 1.0
108.7 46.95683 14 1.0
108.8 47.09367 14 1.0
108.9 47.2305 14 1.0
109.0 47.36734 14 1.0
109.1 47.50417 14 1.0
109.2 47.64101 14 1.0
109.3 47.77784 14 1.0
109.4 47.91468 14 1.0
109.5 48.05152 14 1.0
109.6 48.18835 14 1.0
109.7 48.32519 14 1.0
109.8 48.46202 14 1.0
109.9 48.59886 14 1.0
110.0 48.73569 14 1.0
110.1 48.7838 14 1.0
110.2 48.8319 14 1.0
110.3 48.88 14 1.0
110.4 48.92811 14 1.0
110.5 48.97621 14 1.0
110.6 49.02432 14 1.0
110.7 49.07242 14 1.0
110.8 49.12052 14 1.0
110.9 49.16863 14 1.0
111.0 49.21673 14 1.0
111.1 49.26484 14 1.0
111.2 49.31294 14 1.0
111.3 49.36104 14 1.0
111.4 49.40915 14 1.0
111.5 49.45725 14 1.0
111.6 49.50536 14 1.0
111.7 49.55346 14 1.0
111.8 49.60156 14 1.0
111.9 49.64967 14 1.0
112.0 49.69777 14 1.0
112.1 49.74588 14 1.0
112.2 49.79398 14 1.0
112.3 49.84209 14 1.0
112.4 49.89019 14 1.0
112.5 49.93829 14 1.0
112.6 49.9864 14 1.0
112.7 50.0345 14 1.0
112.8 50.08261 14 1.0
112.9 50.13071 14 1.0
113.0 50.17881 14 1.0
113.1 50.22692 14 1.0
113.2 50.27502 14 1.0
113.3 50.32313 14 1.0
113.4 50.37123 14 1.0
113.5 50.41933 14 1.0
113.6 50.46744 14 1.0
113.7 50.51554 14 1.0
113.8 50.56365 14 1.0
113.9 50.61175 14 1.0
114.0 50.65985 14 1.0
114.1 50.70796 14 1.0
114.2 50.75606 14 1.0
114.3 50.80417 14 1.0
114.4 50.85227 14 1.0
114.5 50.90038 14 1.0
114.6 50.94848 14 1.0
114.7 50.99658 14 1.0
114.8 51.04469 14 1.0
114.9 50.70006 14 1.0
115.0 50.01116 14 1.0
115.1 49.32088 14 1.0
115.2 48.62923 14 1.0
115.3 47.93621 14 1.0
115.4 47.24181 14 1.0
115.5 46.54605 14 1.0
115.6 45.84891 14 1.0
115.7 45.15039 14 1.0
115.8 44.45051 14 1.0
115.9 43.74925 14 1.0
116.0 43.04662 14 1.0
116.1 42.34262 14 1.0
116.2 41.63725 14 1.0
116.3 40.9305 14 1.0
116.4 40.22238 14 1.0
116.5 39.51289 14 1.0
116.6 38.80203 14 1.0
116.7 38.08979 14 1.0
116.8 37.37618 14 1.0
116.9 36.6612 14 1.0
117.0 35.94485 14 1.0
117.1 35.22712 14 1.0
117.2 34.50802 14 1.0
117.3 33.78755 14 1.0
117.4 33.06571 14 1.0
117.5 32.3425 14 1.0
117.6 31.61791 14 1.0
117.7 30.89195 14 1.0
117.8 30.16462 14 1.0
117.9 29.43591 14 1.0
118.0 28.70584 14 1.0
118.1 27.97439 14 1.0
118.2 27.24156 14 1.0
118.3 26.50737 14 1.0
118.4 25.7718 14 1.0
118.5 25.03487 14 1.0
118.6 24.29655 14 1.0
118.7 23.55687 14 1.0
118.8 22.81581 14 1.0
118.9 22.07339 14 1.0
119.0 21.32959 14 1.0
119.1 20.58441 14 1.0
119.2 19.83787 14 1.0
119.3 19.08995 14 1.0
119.4 18.34066 14 1.0
119.5 17.59 14 1.0
119.6 16.83796 14 1.0
119.7 16.08455 14 1.0
119.8 15.32977 14 1.0
119.9 14.57362 14 1.0
120.0 13.8161 14 1.0
120.1 12.90163 14 1.0
120.2 11.98525 14 1.0
120.3 11.06694 14 1.0
120.4 10.1467 14 1.0
120.5 9.22454 14 1.0
120.6 8.300454 14 1.0
120.7 7.374443 14 1.0
120.8 6.446507 14 1.0
120.9 5.516646 14 1.0
121.0 4.58486 14 1.0
121.1 0.0 15 0.0
121.2 0.0 15 0.0
121.3 0.0 15 0.0
121.4 0.0 15 0.0
121.5 0.0 15 0.0
121.6 0.0 15 0.0
121.7 0.0 15 0.0
121.8 0.0 15 0.0
121.9 0.0 15 0.0
122.0 0.0 15 0.0
122.1 0.0 15 0.0
122.2 0.0 15 0.0
122.3 0.0 15 0.0
122.4 0.0 15 0.0
122.5 0.0 15 0.0
122.6 0.0 15 0.0
122.7 0.0 15 0.0
122.8 0.0 15 0.0
122.9 0.0 15 0.0
123.0 0.0 15 0.0
123.1 0.0 15 0.0
123.2 0.0 15 0.0
123.3 0.0 15 0.0
123.4 0.0 15 0.0
123.5 0.0 15 0.0
123.6 0.0 15 0.0
123.7 0.0 15 0.0
123.8 0.0 15 0.0
123.9 0.0 15 0.0
124.0 0.0 15 0.0
124.1 0.0 15 0.0
124.2 0.0 15 0.0
124.3 0.0 15 0.0
124.4 0.0 15 0.0
124.5 0.0 15 0.0
124.6 0.0 15 0.0
124.7 0.0 15 0.0
124.8 0.0 15 0.0
124.9 0.0 15 0.0
125.0 0.0 15 0.0
125.1 0.0 15 0.0
125.2 0.0 15 0.0
125.3 0.0 15 0.0
125.4 0.0 15 0.0
125.5 0.0 15 0.0
125.6 0.0 15 0.0
125.7 0.0 15 0.0
125.8 0.0 15 0.0
125.9 0.0 15 0.0
126.0 0.0 15 0.0
126.1 0.0 15 0.0
126.2 0.0 15 0.0
126.3 0.0 15 0.0
126.4 0.0 15 0.0
126.5 0.0 15 0.0
126.6 0.0 15 0.0
126.7 0.0 15 0.0
126.8 0.0 15 0.0
126.9 0.0 15 0.0
127.0 0.0 15 0.0
127.1 0.0 15 0.0
127.2 0.0 15 0.0
127.3 0.0 15 0.0
127.4 0.0 15 0.0
127.5 0.0 15 0.0
127.6 0.0 15 0.0
127.7 0.0 15 0.0
127.8 0.0 15 0.0
127.9 0.0 15 0.0
128.0 0.0 15 0.0
128.1 0.0 15 0.0
128.2 0.0 15 0.0
128.3 0.0 15 0.0
128.4 0.0 15 0.0
128.5 0.0 15 0.0
128.6 0.0 15 0.0
128.7 0.0 15 0.0
128.8 0.0 15 0.0
128.9 0.0 15 0.0
129.0 0.0 15 0.0
129.1 0.0 15 0.0
129.2 0.0 15 0.0
129.3 0.0 15 0.0
129.4 0.0 15 0.0
129.5 0.0 15 0.0
129.6 0.0 15 0.0
129.7 0.0 15 0.0
129.8 0.0 15 0.0
129.9 0.0 15 0.0
130.0 0.0 15 0.0
130.1 0.0 15 0.0
130.2 0.0 15 0.0
130.3 0.0 15 0.0
130.4 0.0 15 0.0
130.5 0.0 15 0.0
130.6 0.0 15 0.0
130.7 0.0 15 0.0
130.8 0.0 15 0.0
130.9 0.0 15 0.0
131.0 0.0 15 0.0
131.1 0.0 15 0.0
131.2 0.0 15 0.0
131.3 0.0 15 0.0
131.4 0.0 15 0.0
131.5 0.0 15 0.0
131.6 0.0 15 0.0
131.7 0.0 15 0.0
131.8 0.0 15 0.0
131.9 0.0 15 0.0
132.0 0.0 15 0.0
132.1 0.0 15 0.0
132.2 0.0 15 0.0
132.3 0.0 15 0.0
132.4 0.0 15 0.0
132.5 0.0 15 0.0
132.6 0.0 15 0.0
132.7 0.0 15 0.0
132.8 0.0 15 0.0
132.9 0.0 15 0.0
133.0 0.0 15 0.0
133.1 0.0 15 0.0
133.2 0.0 15 0.0
133.3 0.0 15 0.0
133.4 0.0 15 0.0
133.5 0.0 15 0.0
133.6 0.0 15 0.0
133.7 0.0 15 0.0
133.8 0.0 15 0.0
133.9 0.0 15 0.0
134.0 0.0 15 0.0
134.1 0.0 15 0.0
134.2 0.0 15 0.0
134.3 0.0 15 0.0
134.4 0.0 15 0.0
134.5 0.0 15 0.0
134.6 0.0 15 0.0
134.7 0.0 15 0.0
134.8 0.0 15 0.0
134.9 0.0 15 0.0
135.0 0.0 15 0.0
135.1 0.0 15 0.0
135.2 0.0 15 0.0
135.3 0.0 15 0.0
135.4 0.0 15 0.0
135.5 0.0 15 0.0
135.6 0.0 15 0.0
135.7 0.0 15 0.0
135.8 0.0 15 0.0
135.9 0.0 15 0.0
136.0 0.0 15 0.0
136.1 0.0 15 0.0
136.2 0.0 15 0.0
136.3 0.0 15 0.0
136.4 0.0 15 0.0
136.5 0.0 15 0.0
136.6 0.0 15 0.0
136.7 0.0 15 0.0
136.8 0.0 15 0.0
136.9 0.0 15 0.0
137.0 0.0 15 0.0
137.1 0.0 15 0.0
137.2 0.0 15 0.0
137.3 0.0 15 0.0
137.4 0.0 15 0.0
137.5 0.0 15 0.0
137.6 0.0 15 0.0
137.7 0.0 15 0.0
137.8 0.0 15 0.0
137.9 0.0 15 0.0
138.0 0.0 15 0.0
138.1 0.0 15 0.0
138.2 0.0 15 0.0
138.3 0.0 15 0.0
138.4 0.0 15 0.0
138.5 0.0 15 0.0
138.6 0.0 15 0.0
138.7 0.0 15 0.0
138.8 0.0 15 0.0
138.9 0.0 15 0.0
139.0 0.0 15 0.0
139.1 0.0 15 0.0
139.2 0.0 15 0.0
139.3 0.0 15 0.0
139.4 0.0 15 0.0
139.5 0.0 15 0.0
139.6 0.0 15 0.0
139.7 0.0 15 0.0
139.8 0.0 15 0.0
139.9 0.0 15 0.0
140.0 0.0 15 0.0
140.1 0.0 15 0.0
140.2 0.0 15 0.0
140.3 0.0 15 0.0
140.4 0.0 15 0.0
140.5 0.0 15 0.0
140.6 0.0 15 0.0
140.7 0.0 15 0.0
140.8 0.0 15 0.0
140.9 0.0 15 0.0
141.0 0.0 15 0.0
141.1 0.0 15 0.0
141.2 0.0 15 0.0
141.3 0.0 15 0.0
141.4 0.0 15 0.0
141.5 0.0 15 0.0
141.6 0.0 15 0.0
141.7 0.0 15 0.0
141.8 0.0 15 0.0
141.9 0.0 15 0.0
142.0 0.0 15 0.0
142.1 0.0 15 0.0
142.2 0.0 15 0.0
142.3 0.0 15 0.0
142.4 0.0 15 0.0
142.5 0.0 15 0.0
142.6 0.0 15 0.0
142.7 0.0 15 0.0
142.8 0.0 15 0.0
142.9 0.0 15 0.0
143.0 0.0 15 0.0
143.1 0.0 15 0.0
143.2 0.0 15 0.0
143.3 0.0 15 0.0
143.4 0.0 15 0.0
143.5 0.0 15 0.0
143.6 0.0 15 0.0
143.7 0.0 15 0.0
143.8 0.0 15 0.0
143.9 0.0 15 0.0
144.0 0.0 15 0.0
144.1 0.0 15 0.0
144.2 0.0 15 0.0
144.3 0.0 15 0.0
144.4 0.0 15 0.0
144.5 0.0 15 0.0
144.6 0.0 15 0.0
144.7 0.0 15 0.0
144.8 0.0 15 0.0
144.9 0.0 15 0.0
145.0 0.0 15 0.0
145.1 0.0 15 0.0
145.2 0.0 15 0.0
145.3 0.0 15 0.0
145.4 0.0 15 0.0
145.5 0.0 15 0.0
145.6 0.0 15 0.0
145.7 0.0 15 0.0
145.8 0.0 15 0.0
145.9 0.0 15 0.0
146.0 0.0 15 0.0
146.1 0.0 15 0.0
146.2 0.0 15 0.0
146.3 0.0 15 0.0
146.4 0.0 15 0.0
146.5 0.0 15 0.0
146.6 0.0 15 0.0
146.7 0.0 15 0.0
146.8 0.0 15 0.0
146.9 0.0 15 0.0
147.0 0.0 15 0.0
147.1 0.0 15 0.0
147.2 0.0 15 0.0
147.3 0.0 15 0.0
147.4 0.0 15 0.0
147.5 0.0 15 0.0
147.6 0.0 15 0.0
147.7 0.0 15 0.0
147.8 0.0 15 0.0
147.9 0.0 15 0.0
148.0 0.0 15 0.0
148.1 0.0 15 0.0
148.2 0.0 15 0.0
148.3 0.0 15 0.0
148.4 0.0 15 0.0
148.5 0.0 15 0.0
148.6 0.0 15 0.0
148.7 5.325755 14 1.0
148.8 7.28248 14 1.0
148.9 9.233462 14 1.0
149.0 11.1787 14 1.0
149.1 13.11819 14 1.0
149.2 15.05194 14 1.0
149.3 16.97994 14 1.0
149.4 18.9022 14 1.0
149.5 20.81872 14 1.0
149.6 22.72949 14 1.0
149.7 24.63452 14 1.0
149.8 26.5338 14 1.0
149.9 28.42734 14 1.0
150.0 30.31513 14 1.0
150.1 28.93034 14 1.0
150.2 27.54159 14 1.0
150.3 26.14886 14 1.0
150.4 24.75217 14 1.0
150.5 23.35151 14 1.0
150.6 21.94689 14 1.0
150.7 20.5383 14 1.0
150.8 19.12573 14 1.0
150.9 17.70921 14 1.0
151.0 16.28871 14 1.0
151.1 14.86425 14 1.0
151.2 13.43582 14 1.0
151.3 12.00342 14 1.0
151.4 10.56705 14 1.0
151.5 9.12672 14 1.0
151.6 7.68242 14 1.0
151.7 6.234152 14 1.0
151.8 4.781917 14 1.0
151.9 0.0 15 0.0
152.0 0.0 15 0.0
152.1 0.0 15 0.0
152.2 0.0 15 0.0
152.3 0.0 15 0.0
152.4 0.0 15 0.0
152.5 0.0 15 0.0
152.6 0.0 15 0.0
152.7 0.0 15 0.0
152.8 0.0 15 0.0
152.9 0.0 15 0.0
153.0 0.0 15 0.0
153.1 0.0 15 0.0
153.2 0.0 15 0.0
153.3 0.0 15 0.0
153.4 0.0 15 0.0
153.5 0.0 15 0.0
153.6 0.0 15 0.0
153.7 0.0 15 0.0
153.8 0.0 15 0.0
153.9 0.0 15 0.0
154.0 0.0 15 0.0
154.1 0.0 15 0.0
154.2 0.0 15 0.0
154.3 0.0 15 0.0
154.4 0.0 15 0.0
154.5 0.0 15 0.0
154.6 0.0 15 0.0
154.7 0.0 15 0.0
154.8 0.0 15 0.0
154.9 0.0 15 0.0
155.0 0.0 15 0.0
155.1 0.0 15 0.0
155.2 0.0 15 0.0
155.3 0.0 15 0.0
155.4 0.0 15 0.0
155.5 0.0 15 0.0
155.6 0.0 15 0.0
155.7 0.0 15 0.0
155.8 0.0 15 0.0
155.9 0.0 15 0.0
156.0 0.0 15 0.0
156.1 0.0 15 0.0
156.2 0.0 15 0.0
156.3 0.0 15 0.0
156.4 0.0 15 0.0
156.5 0.0 15 0.0
156.6 0.0 15 0.0
156.7 0.0 15 0.0
156.8 0.0 15 0.0
156.9 0.0 15 0.0
157.0 0.0 15 0.0
157.1 0.0 15 0.0
157.2 0.0 15 0.0
157.3 0.0 15 0.0
157.4 0.0 15 0.0
157.5 0.0 15 0.0
157.6 0.0 15 0.0
157.7 0.0 15 0.0
157.8 0.0 15 0.0
157.9 0.0 15 0.0
158.0 0.0 15 0.0
158.1 0.0 15 0.0
158.2 0.0 15 0.0
158.3 0.0 15 0.0
158.4 0.0 15 0.0
158.5 0.0 15 0.0
158.6 0.0 15 0.0
158.7 0.0 15 0.0
158.8 0.0 15 0.0
158.9 0.0 15 0.0
159.0 0.0 15 0.0
159.1 0.0 15 0.0
159.2 0.0 15 0.0
159.3 0.0 15 0.0
159.4 0.0 15 0.0
159.5 0.0 15 0.0
159.6 0.0 15 0.0
159.7 0.0 15 0.0
159.8 0.0 15 0.0
159.9 0.0 15 0.0
160.0 0.0 15 0.0
160.1 0.0 15 0.0
160.2 0.0 15 0.0
160.3 0.0 15 0.0
160.4 0.0 15 0.0
160.5 0.0 15 0.0
160.6 0.0 15 0.0
160.7 0.0 15 0.0
160.8 0.0 15 0.0
160.9 0.0 15 0.0
161.0 0.0 15 0.0
161.1 0.0 15 0.0
161.2 0.0 15 0.0
161.3 0.0 15 0.0
161.4 0.0 15 0.0
161.5 0.0 15 0.0
161.6 0.0 15 0.0
161.7 0.0 15 0.0
161.8 0.0 15 0.0
161.9 0.0 15 0.0
162.0 0.0 15 0.0
162.1 0.0 15 0.0
162.2 0.0 15 0.0
162.3 0.0 15 0.0
162.4 0.0 15 0.0
162.5 0.0 15 0.0
162.6 0.0 15 0.0
162.7 0.0 15 0.0
162.8 0.0 15 0.0
162.9 0.0 15 0.0
163.0 0.0 15 0.0
163.1 0.0 15 0.0
163.2 0.0 15 0.0
163.3 0.0 15 0.0
163.4 0.0 15 0.0
163.5 0.0 15 0.0
163.6 0.0 15 0.0
163.7 0.0 15 0.0
163.8 0.0 15 0.0
163.9 0.0 15 0.0
164.0 0.0 15 0.0
164.1 0.0 15 0.0
164.2 0.0 15 0.0
164.3 0.0 15 0.0
164.4 0.0 15 0.0
164.5 0.0 15 0.0
164.6 0.0 15 0.0
164.7 0.0 15 0.0
164.8 0.0 15 0.0
164.9 0.0 15 0.0
165.0 0.0 15 0.0
165.1 0.0 15 0.0
165.2 0.0 15 0.0
165.3 0.0 15 0.0
165.4 0.0 15 0.0
165.5 0.0 15 0.0
165.6 0.0 15 0.0
165.7 0.0 15 0.0
165.8 0.0 15 0.0
165.9 0.0 15 0.0
166.0 0.0 15 0.0
166.1 0.0 15 0.0
166.2 0.0 15 0.0
166.3 0.0 15 0.0
166.4 0.0 15 0.0
166.5 0.0 15 0.0
166.6 0.0 15 0.0
166.7 0.0 15 0.0
166.8 0.0 15 0.0
166.9 0.0 15 0.0
167.0 0.0 15 0.0
167.1 0.0 15 0.0
167.2 0.0 15 0.0
167.3 0.0 15 0.0
167.4 0.0 15 0.0
167.5 0.0 15 0.0
167.6 0.0 15 0.0
167.7 0.0 15 0.0
167.8 0.0 15 0.0
167.9 0.0 15 0.0
168.0 0.0 15 0.0
168.1 0.0 15 0.0
168.2 0.0 15 0.0
168.3 0.0 15 0.0
168.4 0.0 15 0.0
168.5 0.0 15 0.0
168.6 0.0 15 0.0
168.7 0.0 15 0.0
168.8 0.0 15 0.0
168.9 0.0 15 0.0
169.0 0.0 15 0.0
169.1 0.0 15 0.0
169.2 0.0 15 0.0
169.3 0.0 15 0.0
169.4 0.0 15 0.0
169.5 0.0 15 0.0
169.6 0.0 15 0.0
169.7 0.0 15 0.0
169.8 0.0 15 0.0
169.9 0.0 15 0.0
170.0 0.0 15 0.0
170.1 0.0 15 0.0
170.2 0.0 15 0.0
170.3 0.0 15 0.0
170.4 0.0 15 0.0
170.5 0.0 15 0.0
170.6 0.0 15 0.0
170.7 0.0 15 0.0
170.8 0.0 15 0.0
170.9 0.0 15 0.0
171.0 0.0 15 0.0
171.1 0.0 15 0.0
171.2 0.0 15 0.0
171.3 0.0 15 0.0
171.4 0.0 15 0.0
171.5 0.0 15 0.0
171.6 0.0 15 0.0
171.7 0.0 15 0.0
171.8 0.0 15 0.0
171.9 0.0 15 0.0
172.0 0.0 15 0.0
172.1 0.0 15 0.0
172.2 0.0 15 0.0
172.3 0.0 15 0.0
172.4 0.0 15 0.0
172.5 0.0 15 0.0
172.6 0.0 15 0.0
172.7 0.0 15 0.0
172.8 0.0 15 0.0
172.9 0.0 15 0.0
173.0 0.0 15 0.0
173.1 0.0 15 0.0
173.2 0.0 15 0.0
173.3 0.0 15 0.0
173.4 0.0 15 0.0
173.5 0.0 15 0.0
173.6 0.0 15 0.0
173.7 0.0 15 0.0
173.8 0.0 15 0.0
173.9 0.0 15 0.0
174.0 0.0 15 0.0
174.1 0.0 15 0.0
174.2 0.0 15 0.0
174.3 0.0 15 0.0
174.4 0.0 15 0.0
174.5 0.0 15 0.0
174.6 0.0 15 0.0
174.7 0.0 15 0.0
174.8 0.0 15 0.0
174.9 0.0 15 0.0
175.0 0.0 15 0.0
175.1 0.0 15 0.0
175.2 0.0 15 0.0
175.3 0.0 15 0.0
175.4 0.0 15 0.0
175.5 0.0 15 0.0
175.6 0.0 15 0.0
175.7 0.0 15 0.0
175.8 0.0 15 0.0
175.9 0.0 15 0.0
176.0 0.0 15 0.0
176.1 0.0 15 0.0
176.2 0.0 15 0.0
176.3 0.0 15 0.0
176.4 0.0 15 0.0
176.5 0.0 15 0.0
176.6 0.0 15 0.0
176.7 0.0 15 0.0
176.8 0.0 15 0.0
176.9 0.0 15 0.0
177.0 0.0 15 0.0
177.1 0.0 15 0.0
177.2 0.0 15 0.0
177.3 0.0 15 0.0
177.4 0.0 15 0.0
177.5 0.0 15 0.0
177.6 0.0 15 0.0
177.7 0.0 15 0.0
177.8 0.0 15 0.0
177.9 0.0 15 0.0
178.0 0.0 15 0.0
178.1 0.0 15 0.0
178.2 0.0 15 0.0
178.3 0.0 15 0.0
178.4 0.0 15 0.0
178.5 0.0 15 0.0
178.6 0.0 15 0.0
178.7 0.0 15 0.0
178.8 0.0 15 0.0
178.9 0.0 15 0.0
179.0 0.0 15 0.0
179.1 0.0 15 0.0
179.2 0.0 15 0.0
179.3 0.0 15 0.0
179.4 0.0 15 0.0
179.5 0.0 15 0.0
179.6 0.0 15 0.0
179.7 0.0 15 0.0
179.8 0.0 15 0.0
179.9 0.0 15 0.0
180.0 0.0 15 0.0
180.1 0.0 15 0.0
180.2 0.0 15 0.0
180.3 0.0 15 0.0
180.4 0.0 15 0.0
180.5 0.0 15 0.0
180.6 0.0 15 0.0
180.7 0.0 15 0.0
180.8 0.0 15 0.0
180.9 0.0 15 0.0
181.0 0.0 15 0.0
181.1 0.0 15 0.0
181.2 0.0 15 0.0
181.3 0.0 15 0.0
181.4 0.0 15 0.0
181.5 0.0 15 0.0
181.6 0.0 15 0.0
181.7 0.0 15 0.0
181.8 0.0 15 0.0
181.9 0.0 15 0.0
182.0 0.0 15 0.0
182.1 0.0 15 0.0
182.2 0.0 15 0.0
182.3 0.0 15 0.0
182.4 0.0 15 0.0
182.5 0.0 15 0.0
182.6 0.0 15 0.0
182.7 0.0 15 0.0
182.8 0.0 15 0.0
182.9 0.0 15 0.0
183.0 0.0 15 0.0
183.1 0.0 15 0.0
183.2 0.0 15 0.0
183.3 0.0 15 0.0
183.4 0.0 15 0.0
183.5 0.0 15 0.0
183.6 0.0 15 0.0
183.7 0.0 15 0.0
183.8 0.0 15 0.0
183.9 0.0 15 0.0
184.0 0.0 15 0.0
184.1 0.0 15 0.0
184.2 0.0 15 0.0
184.3 0.0 15 0.0
184.4 0.0 15 0.0
184.5 0.0 15 0.0
184.6 0.0 15 0.0
184.7 0.0 15 0.0
184.8 0.0 15 0.0
184.9 0.0 15 0.0
185.0 0.0 15 0.0
185.1 0.0 15 0.0
185.2 0.0 15 0.0
185.3 0.0 15 0.0
185.4 0.0 15 0.0
185.5 0.0 15 0.0
185.6 0.0 15 0.0
185.7 0.0 15 0.0
185.8 0.0 15 0.0
185.9 0.0 15 0.0
186.0 0.0 15 0.0
186.1 0.0 15 0.0
186.2 0.0 15 0.0
186.3 0.0 15 0.0
186.4 0.0 15 0.0
186.5 0.0 15 0.0
186.6 0.0 15 0.0
186.7 0.0 15 0.0
186.8 0.0 15 0.0
186.9 0.0 15 0.0
187.0 0.0 15 0.0
187.1 0.0 15 0.0
187.2 0.0 15 0.0
187.3 0.0 15 0.0
187.4 0.0 15 0.0
187.5 0.0 15 0.0
187.6 0.0 15 0.0
187.7 0.0 15 0.0
187.8 0.0 15 0.0
187.9 0.0 15 0.0
188.0 0.0 15 0.0
188.1 0.0 15 0.0
188.2 0.0 15 0.0
188.3 0.0 15 0.0
188.4 0.0 15 0.0
188.5 0.0 15 0.0
188.6 0.0 15 0.0
188.7 0.0 15 0.0
188.8 0.0 15 0.0
188.9 0.0 15 0.0
189.0 0.0 15 0.0
189.1 0.0 15 0.0
189.2 0.0 15 0.0
189.3 0.0 15 0.0
189.4 0.0 15 0.0
189.5 0.0 15 0.0
189.6 0.0 15 0.0
189.7 0.0 15 0.0
189.8 0.0 15 0.0
189.9 0.0 15 0.0
190.0 0.0 15 0.0
190.1 0.0 15 0.0
190.2 0.0 15 0.0
190.3 0.0 15 0.0
190.4 0.0 15 0.0
190.5 0.0 15 0.0
190.6 0.0 15 0.0
190.7 0.0 15 0.0
190.8 0.0 15 0.0
190.9 0.0 15 0.0
191.0 0.0 15 0.0
191.1 0.0 15 0.0
191.2 0.0 15 0.0
191.3 0.0 15 0.0
191.4 0.0 15 0.0
191.5 0.0 15 0.0
191.6 0.0 15 0.0
191.7 0.0 15 0.0
191.8 0.0 15 0.0
191.9 0.0 15 0.0
192.0 0.0 15 0.0
192.1 0.0 15 0.0
192.2 0.0 15 0.0
192.3 0.0 15 0.0
192.4 0.0 15 0.0
192.5 0.0 15 0.0
192.6 0.0 15 0.0
192.7 0.0 15 0.0
192.8 0.0 15 0.0
192.9 0.0 15 0.0
193.0 0.0 15 0.0
193.1 0.0 15 0.0
193.2 0.0 15 0.0
193.3 0.0 15 0.0
193.4 0.0 15 0.0
193.5 0.0 15 0.0
193.6 0.0 15 0.0
193.7 0.0 15 0.0
193.8 0.0 15 0.0
193.9 0.0 15 0.0
194.0 0.0 15 0.0
194.1 0.0 15 0.0
194.2 0.0 15 0.0
194.3 0.0 15 0.0
194.4 0.0 15 0.0
194.5 0.0 15 0.0
194.6 0.0 15 0.0
194.7 0.0 15 0.0
194.8 0.0 15 0.0
194.9 0.0 15 0.0
195.0 0.0 15 0.0
195.1 0.0 15 0.0
195.2 0.0 15 0.0
195.3 0.0 15 0.0
195.4 0.0 15 0.0
195.5 0.0 15 0.0
195.6 0.0 15 0.0
195.7 0.0 15 0.0
195.8 0.0 15 0.0
195.9 0.0 15 0.0
196.0 0.0 15 0.0
196.1 0.0 15 0.0
196.2 0.0 15 0.0
196.3 0.0 15 0.0
196.4 0.0 15 0.0
196.5 0.0 15 0.0
196.6 0.0 15 0.0
196.7 0.0 15 0.0
196.8 0.0 15 0.0
196.9 0.0 15 0.0
197.0 0.0 15 0.0
197.1 0.0 15 0.0
197.2 0.0 15 0.0
197.3 0.0 15 0.0
197.4 0.0 15 0.0
197.5 0.0 15 0.0
197.6 0.0 15 0.0
197.7 0.0 15 0.0
197.8 0.0 15 0.0
197.9 0.0 15 0.0
198.0 0.0 15 0.0
198.1 0.0 15 0.0
198.2 0.0 15 0.0
198.3 0.0 15 0.0
198.4 0.0 15 0.0
198.5 0.0 15 0.0
198.6 0.0 15 0.0
198.7 0.0 15 0.0
198.8 0.0 15 0.0
198.9 0.0 15 0.0
199.0 0.0 15 0.0
199.1 0.0 15 0.0
199.2 0.0 15 0.0
199.3 0.0 15 0.0
199.4 0.0 15 0.0
199.5 0.0 15 0.0
199.6 0.0 15 0.0
199.7 0.0 15 0.0
199.8 0.0 15 0.0
199.9 0.0 15 0.0
200.0 0.0 15 0.0
200.1 0.0 15 0.0
200.2 0.0 15 0.0
200.3 0.0 15 0.0
200.4 0.0 15 0.0
200.5 0.0 15 0.0
200.6 0.0 15 0.0
200.7 0.0 15 0.0
200.8 0.0 15 0.0
200.9 0.0 15 0.0
201.0 0.0 15 0.0
201.1 0.0 15 0.0
201.2 0.0 15 0.0
201.3 0.0 15 0.0
201.4 0.0 15 0.0
201.5 0.0 15 0.0
201.6 0.0 15 0.0
201.7 0.0 15 0.0
201.8 0.0 15 0.0
201.9 0.0 15 0.0
202.0 0.0 15 0.0
202.1 0.0 15 0.0
202.2 0.0 15 0.0
202.3 0.0 15 0.0
202.4 0.0 15 0.0
202.5 0.0 15 0.0
202.6 0.0 15 0.0
202.7 0.0 15 0.0
202.8 0.0 15 0.0
202.9 0.0 15 0.0
203.0 0.0 15 0.0
203.1 0.0 15 0.0
203.2 0.0 15 0.0
203.3 0.0 15 0.0
203.4 0.0 15 0.0
203.5 0.0 15 0.0
203.6 0.0 15 0.0
203.7 0.0 15 0.0
203.8 0.0 15 0.0
203.9 0.0 15 0.0
204.0 0.0 15 0.0
204.1 0.0 15 0.0
204.2 0.0 15 0.0
204.3 0.0 15 0.0
204.4 0.0 15 0.0
204.5 0.0 15 0.0
204.6 0.0 15 0.0
204.7 0.0 15 0.0
204.8 0.0 15 0.0
204.9 0.0 15 0.0
205.0 0.0 15 0.0
205.1 0.0 15 0.0
205.2 0.0 15 0.0
205.3 0.0 15 0.0
205.4 0.0 15 0.0
205.5 0.0 15 0.0
205.6 0.0 15 0.0
205.7 0.0 15 0.0
205.8 0.0 15 0.0
205.9 0.0 15 0.0
206.0 0.0 15 0.0
206.1 0.0 15 0.0
206.2 0.0 15 0.0
206.3 0.0 15 0.0
206.4 0.0 15 0.0
206.5 0.0 15 0.0
206.6 0.0 15 0.0
206.7 0.0 15 0.0
206.8 0.0 15 0.0
206.9 0.0 15 0.0
207.0 0.0 15 0.0
207.1 0.0 15 0.0
207.2 0.0 15 0.0
207.3 0.0 15 0.0
207.4 0.0 15 0.0
207.5 0.0 15 0.0
207.6 0.0 15 0.0
207.7 0.0 15 0.0
207.8 0.0 15 0.0
207.9 0.0 15 0.0
208.0 0.0 15 0.0
208.1 0.0 15 0.0
208.2 0.0 15 0.0
208.3 0.0 15 0.0
208.4 0.0 15 0.0
208.5 0.0 15 0.0
208.6 0.0 15 0.0
208.7 0.0 15 0.0
208.8 0.0 15 0.0
208.9 0.0 15 0.0
209.0 0.0 15 0.0
209.1 0.0 15 0.0
209.2 0.0 15 0.0
209.3 0.0 15 0.0
209.4 0.0 15 0.0
209.5 0.0 15 0.0
209.6 0.0 15 0.0
209.7 0.0 15 0.0
209.8 0.0 15 0.0
209.9 0.0 15 0.0
210.0 0.0 15 0.0
210.1 0.0 15 0.0
210.2 0.0 15 0.0
210.3 0.0 15 0.0
210.4 0.0 15 0.0
210.5 0.0 15 0.0
210.6 0.0 15 0.0
210.7 0.0 15 0.0
210.8 0.0 15 0.0
210.9 0.0 15 0.0
211.0 0.0 15 0.0
211.1 0.0 15 0.0
211.2 0.0 15 0.0
211.3 0.0 15 0.0
211.4 0.0 15 0.0
211.5 0.0 15 0.0
211.6 0.0 15 0.0
211.7 0.0 15 0.0
211.8 0.0 15 0.0
211.9 0.0 15 0.0
212.0 0.0 15 0.0
212.1 0.0 15 0.0
212.2 0.0 15 0.0
212.3 0.0 15 0.0
212.4 0.0 15 0.0
212.5 0.0 15 0.0
212.6 0.0 15 0.0
212.7 0.0 15 0.0
212.8 0.0 15 0.0
212.9 0.0 15 0.0
213.0 0.0 15 0.0
213.1 0.0 15 0.0
213.2 0.0 15 0.0
213.3 0.0 15 0.0
213.4 0.0 15 0.0
213.5 0.0 15 0.0
213.6 0.0 15 0.0
213.7 0.0 15 0.0
213.8 0.0 15 0.0
213.9 0.0 15 0.0
214.0 0.0 15 0.0
214.1 0.0 15 0.0
214.2 0.0 15 0.0
214.3 0.0 15 0.0
214.4 0.0 15 0.0
214.5 0.0 15 0.0
214.6 0.0 15 0.0
214.7 0.0 15 0.0
214.8 0.0 15 0.0
214.9 0.0 15 0.0
215.0 0.0 15 0.0
215.1 0.0 15 0.0
215.2 0.0 15 0.0
215.3 0.0 15 0.0
215.4 0.0 15 0.0
215.5 0.0 15 0.0
215.6 0.0 15 0.0
215.7 0.0 15 0.0
215.8 0.0 15 0.0
215.9 0.0 15 0.0
216.0 0.0 15 0.0
216.1 0.0 15 0.0
216.2 0.0 15 0.0
216.3 0.0 15 0.0
216.4 0.0 15 0.0
216.5 0.0 15 0.0
216.6 0.0 15 0.0
216.7 0.0 15 0.0
216.8 0.0 15 0.0
216.9 0.0 15 0.0
217.0 0.0 15 0.0
217.1 0.0 15 0.0
217.2 0.0 15 0.0
217.3 0.0 15 0.0
217.4 0.0 15 0.0
217.5 0.0 15 0.0
217.6 0.0 15 0.0
217.7 0.0 15 0.0
217.8 0.0 15 0.0
217.9 0.0 15 0.0
218.0 0.0 15 0.0
218.1 0.0 15 0.0
218.2 0.0 15 0.0
218.3 0.0 15 0.0
218.4 0.0 15 0.0
218.5 0.0 15 0.0
218.6 0.0 15 0.0
218.7 0.0 15 0.0
218.8 0.0 15 0.0
218.9 0.0 15 0.0
219.0 0.0 15 0.0
219.1 0.0 15 0.0
219.2 0.0 15 0.0
219.3 0.0 15 0.0
219.4 0.0 15 0.0
219.5 0.0 15 0.0
219.6 0.0 15 0.0
219.7 0.0 15 0.0
219.8 0.0 15 0.0
219.9 0.0 15 0.0
220.0 0.0 15 0.0
220.1 0.0 15 0.0
220.2 0.0 15 0.0
220.3 0.0 15 0.0
220.4 0.0 15 0.0
220.5 0.0 15 0.0
220.6 0.0 15 0.0
220.7 0.0 15 0.0
220.8 0.0 15 0.0
220.9 0.0 15 0.0
221.0 0.0 15 0.0
221.1 0.0 15 0.0
221.2 0.0 15 0.0
221.3 0.0 15 0.0
221.4 0.0 15 0.0
221.5 0.0 15 0.0
221.6 0.0 15 0.0
221.7 0.0 15 0.0
221.8 0.0 15 0.0
221.9 0.0 15 0.0
222.0 0.0 15 0.0
222.1 0.0 15 0.0
222.2 0.0 15 0.0
222.3 0.0 15 0.0
222.4 0.0 15 0.0
222.5 0.0 15 0.0
222.6 0.0 15 0.0
222.7 0.0 15 0.0
222.8 0.0 15 0.0
222.9 0.0 15 0.0
223.0 0.0 15 0.0
223.1 0.0 15 0.0
223.2 0.0 15 0.0
223.3 0.0 15 0.0
223.4 0.0 15 0.0
223.5 0.0 15 0.0
223.6 0.0 15 0.0
223.7 0.0 15 0.0
223.8 0.0 15 0.0
223.9 0.0 15 0.0
224.0 0.0 15 0.0
224.1 0.0 15 0.0
224.2 0.0 15 0.0
224.3 0.0 15 0.0
224.4 0.0 15 0.0
224.5 0.0 15 0.0
224.6 0.0 15 0.0
224.7 0.0 15 0.0
224.8 0.0 15 0.0
224.9 0.0 15 0.0
225.0 0.0 15 0.0
225.1 0.0 15 0.0
225.2 0.0 15 0.0
225.3 0.0 15 0.0
225.4 0.0 15 0.0
225.5 0.0 15 0.0
225.6 0.0 15 0.0
225.7 0.0 15 0.0
225.8 0.0 15 0.0
225.9 0.0 15 0.0
226.0 0.0 15 0.0
226.1 0.0 15 0.0
226.2 0.0 15 0.0
226.3 0.0 15 0.0
226.4 0.0 15 0.0
226.5 0.0 15 0.0
226.6 0.0 15 0.0
226.7 0.0 15 0.0
226.8 0.0 15 0.0
226.9 0.0 15 0.0
227.0 0.0 15 0.0
227.1 0.0 15 0.0
227.2 0.0 15 0.0
227.3 0.0 15 0.0
227.4 0.0 15 0.0
227.5 0.0 15 0.0
227.6 0.0 15 0.0
227.7 0.0 15 0.0
227.8 0.0 15 0.0
227.9 0.0 15 0.0
228.0 0.0 15 0.0
228.1 0.0 15 0.0
228.2 0.0 15 0.0
228.3 0.0 15 0.0
228.4 0.0 15 0.0
228.5 0.0 15 0.0
228.6 0.0 15 0.0
228.7 0.0 15 0.0
228.8 0.0 15 0.0
228.9 0.0 15 0.0
229.0 0.0 15 0.0
229.1 0.0 15 0.0
229.2 0.0 15 0.0
229.3 0.0 15 0.0
229.4 0.0 15 0.0
229.5 0.0 15 0.0
229.6 0.0 15 0.0
229.7 0.0 15 0.0
229.8 0.0 15 0.0
229.9 0.0 15 0.0
230.0 0.0 15 0.0
230.1 0.0 15 0.0
230.2 0.0 15 0.0
230.3 0.0 15 0.0
230.4 0.0 15 0.0
230.5 0.0 15 0.0
230.6 0.0 15 0.0
230.7 0.0 15 0.0
230.8 0.0 15 0.0
230.9 0.0 15 0.0
231.0 0.0 15 0.0
231.1 0.0 15 0.0
231.2 0.0 15 0.0
231.3 0.0 15 0.0
231.4 0.0 15 0.0
231.5 0.0 15 0.0
231.6 0.0 15 0.0
231.7 0.0 15 0.0
231.8 0.0 15 0.0
231.9 0.0 15 0.0
232.0 0.0 15 0.0
232.1 0.0 15 0.0
232.2 0.0 15 0.0
232.3 0.0 15 0.0
232.4 0.0 15 0.0
232.5 0.0 15 0.0
232.6 0.0 15 0.0
232.7 0.0 15 0.0
232.8 0.0 15 0.0
232.9 0.0 15 0.0
233.0 0.0 15 0.0
233.1 0.0 15 0.0
233.2 0.0 15 0.0
233.3 0.0 15 0.0
233.4 0.0 15 0.0
233.5 0.0 15 0.0
233.6 0.0 15 0.0
233.7 0.0 15 0.0
233.8 0.0 15 0.0
233.9 0.0 15 0.0
234.0 0.0 15 0.0
234.1 0.0 15 0.0
234.2 0.0 15 0.0
234.3 0.0 15 0.0
234.4 0.0 15 0.0
234.5 0.0 15 0.0
234.6 0.0 15 0.0
234.7 0.0 15 0.0
234.8 0.0 15 0.0
234.9 0.0 15 0.0
235.0 0.0 15 0.0
235.1 0.0 15 0.0
235.2 0.0 15 0.0
235.3 0.0 15 0.0
235.4 0.0 15 0.0
235.5 0.0 15 0.0
235.6 0.0 15 0.0
235.7 0.0 15 0.0
235.8 0.0 15 0.0
235.9 0.0 15 0.0
236.0 0.0 15 0.0
236.1 0.0 15 0.0
236.2 232.3275 14 1.0
236.3 232.4249 14 1.0
236.4 232.5222 14 1.0
236.5 232.6195 14 1.0
236.6 232.7168 14 1.0
236.7 232.8141 14 1.0
236.8 232.9115 14 1.0
236.9 233.0088 14 1.0
237.0 233.1061 14 1.0
237.1 233.2034 14 1.0
237.2 233.3008 14 1.0
237.3 233.3981 14 1.0
237.4 233.4954 14 1.0
237.5 233.5927 14 1.0
237.6 233.69 14 1.0
237.7 233.7874 14 1.0
237.8 233.8847 14 1.0
237.9 233.982 14 1.0
238.0 234.0793 14 1.0
238.1 234.1767 14 1.0
238.2 234.274 14 1.0
238.3 234.3713 14 1.0
238.4 234.4686 14 1.0
238.5 234.566 14 1.0
238.6 234.6633 14 1.0
238.7 234.7606 14 1.0
238.8 234.8579 14 1.0
238.9 234.9552 14 1.0
239.0 235.0526 14 1.0
239.1 235.1499 14 1.0
239.2 235.2472 14 1.0
239.3 235.3445 14 1.0
239.4 235.4419 14 1.0
239.5 235.5392 14 1.0
239.6 235.6365 14 1.0
239.7 235.7338 14 1.0
239.8 235.8311 14 1.0
239.9 235.9285 14 1.0
240.0 236.0258 14 1.0
240.1 236.1231 14 1.0
240.2 236.2204 14 1.0
240.3 236.3178 14 1.0
240.4 236.4151 14 1.0
240.5 236.5124 14 1.0
240.6 236.6097 14 1.0
240.7 236.707 14 1.0
240.8 236.8044 14 1.0
240.9 236.9017 14 1.0
241.0 236.999 14 1.0
241.1 237.0963 14 1.0
241.2 237.1937 14 1.0
241.3 237.291 14 1.0
241.4 237.3883 14 1.0
241.5 237.4856 14 1.0
241.6 237.583 14 1.0
241.7 237.6803 14 1.0
241.8 237.7776 14 1.0
241.9 237.8749 14 1.0
242.0 237.9722 14 1.0
242.1 238.0696 14 1.0
242.2 238.1669 14 1.0
242.3 238.2642 14 1.0
242.4 238.3615 14 1.0
242.5 238.4589 14 1.0
242.6 238.5562 14 1.0
242.7 238.6535 14 1.0
242.8 238.7508 14 1.0
242.9 238.8481 14 1.0
243.0 238.9455 14 1.0
243.1 239.0428 14 1.0
243.2 239.1401 14 1.0
243.3 239.2374 14 1.0
243.4 239.3348 14 1.0
243.5 239.4321 14 1.0
243.6 239.5294 14 1.0
243.7 239.6267 14 1.0
243.8 239.724 14 1.0
243.9 239.8214 14 1.0
244.0 239.9187 14 1.0
244.1 240.016 14 1.0
244.2 240.1133 14 1.0
244.3 240.2107 14 1.0
244.4 240.308 14 1.0
244.5 240.4053 14 1.0
244.6 240.5026 14 1.0
244.7 240.6 14 1.0
244.8 240.6973 14 1.0
244.9 240.7946 14 1.0
245.0 240.8919 14 1.0
245.1 240.9892 14 1.0
245.2 241.0866 14 1.0
245.3 241.1839 14 1.0
245.4 241.2812 14 1.0
245.5 241.3785 14 1.0
245.6 241.4759 14 1.0
245.7 241.5732 14 1.0
245.8 241.6705 14 1.0
245.9 241.7678 14 1.0
246.0 241.8651 14 1.0
246.1 241.9625 14 1.0
246.2 242.0598 14 1.0
246.3 242.1571 14 1.0
246.4 242.2544 14 1.0
246.5 242.3518 14 1.0
246.6 242.4491 14 1.0
246.7 242.5464 14 1.0
246.8 242.6437 14 1.0
246.9 242.741 14 1.0
247.0 242.8384 14 1.0
247.1 242.9357 14 1.0
247.2 243.033 14 1.0
247.3 243.1303 14 1.0
247.4 243.2277 14 1.0
247.5 243.325 14 1.0
247.6 243.4223 14 1.0
247.7 243.5196 14 1.0
247.8 243.617 14 1.0
247.9 243.7143 14 1.0
248.0 243.8116 14 1.0
248.1 243.9089 14 1.0
248.2 244.0062 14 1.0
248.3 244.1036 14 1.0
248.4 244.2009 14 1.0
248.5 244.2982 14 1.0
248.6 244.3955 14 1.0
248.7 244.4929 14 1.0
248.8 244.5902 14 1.0
248.9 244.6875 14 1.0
249.0 244.7848 14 1.0
249.1 244.8821 14 1.0
249.2 244.9795 14 1.0
249.3 245.0768 14 1.0
249.4 245.1741 14 1.0
249.5 245.2714 14 1.0
249.6 245.3688 14 1.0
249.7 245.4661 14 1.0
249.8 245.5634 14 1.0
249.9 245.6607 14 1.0
250.0 245.758 14 1.0
250.1 245.8545 14 1.0
250.2 245.9509 14 1.0
250.3 246.0474 14 1.0
250.4 246.1438 14 1.0
250.5 246.2403 14 1.0
250.6 246.3367 14 1.0
250.7 246.4331 14 1.0
250.8 246.5296 14 1.0
250.9 246.626 14 1.0
251.0 246.7225 14 1.0
251.1 246.8189 14 1.0
251.2 246.9154 14 1.0
251.3 247.0118 14 1.0
251.4 247.1082 14 1.0
251.5 247.2047 14 1.0
251.6 247.3011 14 1.0
251.7 247.3976 14 1.0
251.8 247.494 14 1.0
251.9 247.5905 14 1.0
252.0 247.6869 14 1.0
252.1 247.7833 14 1.0
252.2 247.8798 14 1.0
252.3 247.9762 14 1.0
252.4 248.0727 14 1.0
252.5 248.1691 14 1.0
252.6 248.2656 14 1.0
252.7 248.362 14 1.0
252.8 248.4584 14 1.0
252.9 248.5549 14 1.0
253.0 248.6513 14 1.0
253.1 248.7478 14 1.0
253.2 248.8442 14 1.0
253.3 248.9407 14 1.0
253.4 249.0371 14 1.0
253.5 249.1335 14 1.0
253.6 249.23 14 1.0
253.7 249.3264 14 1.0
253.8 249.4229 14 1.0
253.9 249.5193 14 1.0
254.0 249.6158 14 1.0
254.1 249.7122 14 1.0
254.2 249.8086 14 1.0
254.3 249.9051 14 1.0
254.4 250.0015 14 1.0
254.5 250.098 14 1.0
254.6 250.1944 14 1.0
254.7 250.2909 14 1.0
254.8 250.3873 14 1.0
254.9 250.4837 14 1.0
255.0 250.5802 14 1.0
255.1 250.6766 14 1.0
255.2 250.7731 14 1.0
255.3 250.8695 14 1.0
255.4 250.966 14 1.0
255.5 251.0624 14 1.0
255.6 251.1588 14 1.0
255.7 251.2553 14 1.0
255.8 251.3517 14 1.0
255.9 251.4482 14 1.0
256.0 251.5446 14 1.0
256.1 251.6411 14 1.0
256.2 251.7375 14 1.0
256.3 251.8339 14 1.0
256.4 251.9304 14 1.0
256.5 252.0268 14 1.0
256.6 252.1233 14 1.0
256.7 252.2197 14 1.0
256.8 252.3162 14 1.0
256.9 252.4126 14 1.0
257.0 252.509 14 1.0
257.1 252.6055 14 1.0
257.2 252.7019 14 1.0
257.3 252.7984 14 1.0
257.4 252.8948 14 1.0
257.5 252.9913 14 1.0
257.6 253.0877 14 1.0
257.7 253.1841 14 1.0
257.8 253.2806 14 1.0
257.9 253.377 14 1.0
258.0 253.4735 14 1.0
258.1 253.5699 14 1.0
258.2 253.6664 14 1.0
258.3 253.7628 14 1.0
258.4 253.8592 14 1.0
258.5 253.9557 14 1.0
258.6 254.0521 14 1.0
258.7 254.1486 14 1.0
258.8 254.245 14 1.0
258.9 254.3415 14 1.0
259.0 254.4379 14 1.0
259.1 254.5343 14 1.0
259.2 254.6308 14 1.0
259.3 254.7272 14 1.0
259.4 254.8237 14 1.0
259.5 254.9201 14 1.0
259.6 255.0166 14 1.0
259.7 255.113 14 1.0
259.8 255.2094 14 1.0
259.9 255.3059 14 1.0
260.0 255.4023 14 1.0
260.1 255.4988 14 1.0
260.2 255.5952 14 1.0
260.3 255.6917 14 1.0
260.4 255.7881 14 1.0
260.5 255.8845 14 1.0
260.6 255.981 14 1.0
260.7 256.0774 14 1.0
260.8 256.1739 14 1.0
260.9 256.2703 14 1.0
261.0 256.3668 14 1.0
261.1 256.4632 14 1.0
261.2 256.5596 14 1.0
261.3 256.6561 14 1.0
261.4 256.7525 14 1.0
261.5 256.849 14 1.0
261.6 256.9454 14 1.0
261.7 257.0419 14 1.0
261.8 257.1383 14 1.0
261.9 257.2347 14 1.0
262.0 257.3312 14 1.0
262.1 257.4276 14 1.0
262.2 257.5241 14 1.0
262.3 257.6205 14 1.0
262.4 257.717 14 1.0
262.5 257.8134 14 1.0
262.6 257.9098 14 1.0
262.7 258.0063 14 1.0
262.8 258.1027 14 1.0
262.9 258.1992 14 1.0
263.0 258.2956 14 1.0
263.1 258.3921 14 1.0
263.2 258.4885 14 1.0
263.3 258.5849 14 1.0
263.4 258.6814 14 1.0
263.5 258.7778 14 1.0
263.6 258.8743 14 1.0
263.7 258.9707 14 1.0
263.8 259.0672 14 1.0
263.9 259.1636 14 1.0
264.0 259.26 14 1.0
264.1 259.3565 14 1.0
264.2 259.4529 14 1.0
264.3 259.5494 14 1.0
264.4 259.6458 14 1.0
264.5 259.7423 14 1.0
264.6 259.8387 14 1.0
264.7 259.9351 14 1.0
264.8 260.0316 14 1.0
264.9 260.128 14 1.0
265.0 260.2245 14 1.0
265.1 260.3209 14 1.0
265.2 260.4174 14 1.0
265.3 260.5138 14 1.0
265.4 260.6102 14 1.0
265.5 260.7067 14 1.0
265.6 260.8031 14 1.0
265.7 260.8996 14 1.0
265.8 260.996 14 1.0
265.9 261.0925 14 1.0
266.0 261.1889 14 1.0
266.1 261.2853 14 1.0
266.2 261.3818 14 1.0
266.3 261.4782 14 1.0
266.4 261.5747 14 1.0
266.5 261.6711 14 1.0
266.6 261.7676 14 1.0
266.7 261.864 14 1.0
266.8 261.9604 14 1.0
266.9 262.0569 14 1.0
267.0 262.1533 14 1.0
267.1 262.2498 14 1.0
267.2 262.3462 14 1.0
267.3 262.4427 14 1.0
267.4 262.5391 14 1.0
267.5 262.6355 14 1.0
267.6 262.732 14 1.0
267.7 262.8284 14 1.0
267.8 262.9249 14 1.0
267.9 263.0213 14 1.0
268.0 263.1178 14 1.0
268.1 263.2142 14 1.0
268.2 263.3106 14 1.0
268.3 263.4071 14 1.0
268.4 263.5035 14 1.0
268.5 263.6 14 1.0
268.6 263.6964 14 1.0
268.7 263.7928 14 1.0
268.8 263.8893 14 1.0
268.9 263.9857 14 1.0
269.0 264.0822 14 1.0
269.1 264.1786 14 1.0
269.2 264.2751 14 1.0
269.3 264.3715 14 1.0
269.4 264.4679 14 1.0
269.5 264.5644 14 1.0
269.6 264.6608 14 1.0
269.7 264.7573 14 1.0
269.8 264.8537 14 1.0
269.9 264.9502 14 1.0
270.0 265.0466 14 1.0
270.1 265.143 14 1.0
270.2 265.2395 14 1.0
270.3 265.3359 14 1.0
270.4 265.4324 14 1.0
270.5 265.5288 14 1.0
270.6 265.6253 14 1.0
270.7 265.7217 14 1.0
270.8 265.8181 14 1.0
270.9 265.9146 14 1.0
271.0 266.011 14 1.0
271.1 266.1075 14 1.0
271.2 266.2039 14 1.0
271.3 266.3004 14 1.0
271.4 266.3968 14 1.0
271.5 266.4932 14 1.0
271.6 266.5897 14 1.0
271.7 266.6861 14 1.0
271.8 266.7826 14 1.0
271.9 266.879 14 1.0
272.0 266.9755 14 1.0
272.1 267.0719 14 1.0
272.2 267.1683 14 1.0
272.3 267.2648 14 1.0
272.4 267.3612 14 1.0
272.5 267.4577 14 1.0
272.6 267.5541 14 1.0
272.7 267.6506 14 1.0
272.8 267.747 14 1.0
272.9 267.8434 14 1.0
273.0 267.9399 14 1.0
273.1 268.0363 14 1.0
273.2 268.1328 14 1.0
273.3 268.2292 14 1.0
273.4 268.3257 14 1.0
273.5 268.4221 14 1.0
273.6 268.5185 14 1.0
273.7 268.615 14 1.0
273.8 268.7114 14 1.0
273.9 268.8079 14 1.0
274.0 268.9043 14 1.0
274.1 269.0008 14 1.0
274.2 269.0972 14 1.0
274.3 269.1936 14 1.0
274.4 269.2901 14 1.0
274.5 269.3865 14 1.0
274.6 269.483 14 1.0
274.7 269.5794 14 1.0
274.8 269.6759 14 1.0
274.9 269.7723 14 1.0
275.0 269.8687 14 1.0
275.1 269.9652 14 1.0
275.2 270.0616 14 1.0
275.3 270.1581 14 1.0
275.4 270.2545 14 1.0
275.5 270.351 14 1.0
275.6 270.4474 14 1.0
275.7 270.5438 14 1.0
275.8 270.6403 14 1.0
275.9 270.7367 14 1.0
276.0 270.8332 14 1.0
276.1 270.9296 14 1.0
276.2 271.0261 14 1.0
276.3 271.1225 14 1.0
276.4 271.2189 14 1.0
276.5 271.3154 14 1.0
276.6 271.4118 14 1.0
276.7 271.5083 14 1.0
276.8 271.6047 14 1.0
276.9 271.7012 14 1.0
277.0 271.7976 14 1.0
277.1 271.894 14 1.0
277.2 271.9905 14 1.0
277.3 272.0869 14 1.0
277.4 272.1834 14 1.0
277.5 272.2798 14 1.0
277.6 272.3763 14 1.0
277.7 272.4727 14 1.0
277.8 272.5691 14 1.0
277.9 272.6656 14 1.0
278.0 272.762 14 1.0
278.1 272.8585 14 1.0
278.2 272.9549 14 1.0
278.3 273.0514 14 1.0
278.4 273.1478 14 1.0
278.5 273.2442 14 1.0
278.6 273.3407 14 1.0
278.7 273.4371 14 1.0
278.8 273.5336 14 1.0
278.9 273.63 14 1.0
279.0 273.7265 14 1.0
279.1 273.8229 14 1.0
279.2 273.9193 14 1.0
279.3 274.0158 14 1.0
279.4 274.1122 14 1.0
279.5 274.2087 14 1.0
279.6 274.3051 14 1.0
279.7 274.4016 14 1.0
279.8 274.498 14 1.0
279.9 274.5944 14 1.0
280.0 274.6909 14 1.0
280.1 274.7873 14 1.0
280.2 274.8838 14 1.0
280.3 274.9802 14 1.0
280.4 275.0767 14 1.0
280.5 275.1731 14 1.0
280.6 275.2695 14 1.0
280.7 275.366 14 1.0
280.8 275.4624 14 1.0
280.9 275.5589 14 1.0
281.0 275.6553 14 1.0
281.1 275.7518 14 1.0
281.2 275.8482 14 1.0
281.3 275.9446 14 1.0
281.4 276.0411 14 1.0
281.5 276.1375 14 1.0
281.6 276.234 14 1.0
281.7 276.3304 14 1.0
281.8 276.4269 14 1.0
281.9 276.5233 14 1.0
282.0 276.6197 14 1.0
282.1 276.7162 14 1.0
282.2 276.8126 14 1.0
282.3 276.9091 14 1.0
282.4 277.0055 14 1.0
282.5 277.102 14 1.0
282.6 277.1984 14 1.0
282.7 277.2948 14 1.0
282.8 277.3913 14 1.0
282.9 277.4877 14 1.0
283.0 277.5842 14 1.0
283.1 277.6806 14 1.0
283.2 277.7771 14 1.0
283.3 277.8735 14 1.0
283.4 277.9699 14 1.0
283.5 278.0664 14 1.0
283.6 278.1628 14 1.0
283.7 278.2593 14 1.0
283.8 278.3557 14 1.0
283.9 278.4522 14 1.0
284.0 278.5486 14 1.0
284.1 278.645 14 1.0
284.2 278.7415 14 1.0
284.3 278.8379 14 1.0
284.4 278.9344 14 1.0
284.5 279.0308 14 1.0
284.6 279.1273 14 1.0
284.7 279.2237 14 1.0
284.8 279.3201 14 1.0
284.9 279.4166 14 1.0
285.0 279.513 14 1.0
285.1 279.6095 14 1.0
285.2 279.7059 14 1.0
285.3 279.8024 14 1.0
285.4 279.8988 14 1.0
285.5 279.9952 14 1.0
285.6 280.0917 14 1.0
285.7 280.1881 14 1.0
285.8 280.2846 14 1.0
285.9 280.381 14 1.0
286.0 280.4775 14 1.0
286.1 280.5739 14 1.0
286.2 280.6703 14 1.0
286.3 280.7668 14 1.0
286.4 280.8632 14 1.0
286.5 280.9597 14 1.0
286.6 281.0561 14 1.0
286.7 281.1526 14 1.0
286.8 281.249 14 1.0
286.9 281.3454 14 1.0
287.0 281.4419 14 1.0
287.1 281.5383 14 1.0
287.2 281.6348 14 1.0
287.3 281.7312 14 1.0
287.4 281.8276 14 1.0
287.5 281.9241 14 1.0
287.6 282.0205 14 1.0
287.7 282.117 14 1.0
287.8 282.2134 14 1.0
287.9 282.3099 14 1.0
288.0 282.4063 14 1.0
288.1 282.5027 14 1.0
288.2 282.5992 14 1.0
288.3 282.6956 14 1.0
288.4 282.7921 14 1.0
288.5 282.8885 14 1.0
288.6 282.985 14 1.0
288.7 283.0814 14 1.0
288.8 283.1778 14 1.0
288.9 283.2743 14 1.0
289.0 283.3707 14 1.0
289.1 283.4672 14 1.0
289.2 283.5636 14 1.0
289.3 283.6601 14 1.0
289.4 283.7565 14 1.0
289.5 283.8529 14 1.0
289.6 283.9494 14 1.0
289.7 284.0458 14 1.0
289.8 284.1423 14 1.0
289.9 284.2387 14 1.0
290.0 284.3352 14 1.0
290.1 284.4316 14 1.0
290.2 284.528 14 1.0
290.3 284.6245 14 1.0
290.4 284.7209 14 1.0
290.5 284.8174 14 1.0
290.6 284.9138 14 1.0
290.7 285.0103 14 1.0
290.8 285.1067 14 1.0
290.9 285.2031 14 1.0
291.0 285.2996 14 1.0
291.1 285.396 14 1.0
291.2 285.4925 14 1.0
291.3 285.5889 14 1.0
291.4 285.6854 14 1.0
291.5 285.7818 14 1.0
291.6 285.8782 14 1.0
291.7 285.9747 14 1.0
291.8 286.0711 14 1.0
291.9 286.1676 14 1.0
292.0 286.264 14 1.0
292.1 286.3605 14 1.0
292.2 286.4569 14 1.0
292.3 286.5533 14 1.0
292.4 286.6498 14 1.0
292.5 286.7462 14 1.0
292.6 286.8427 14 1.0
292.7 286.9391 14 1.0
292.8 287.0356 14 1.0
292.9 287.132 14 1.0
293.0 287.2284 14 1.0
293.1 287.3249 14 1.0
293.2 287.4213 14 1.0
293.3 287.5178 14 1.0
293.4 287.6142 14 1.0
293.5 287.7107 14 1.0
293.6 287.8071 14 1.0
293.7 287.9035 14 1.0
293.8 288.0 14 1.0
293.9 288.0964 14 1.0
294.0 288.1929 14 1.0
294.1 288.2893 14 1.0
294.2 288.3858 14 1.0
294.3 288.4822 14 1.0
294.4 288.5786 14 1.0
294.5 288.6751 14 1.0
294.6 288.7715 14 1.0
294.7 288.868 14 1.0
294.8 288.9644 14 1.0
294.9 289.0609 14 1.0
295.0 289.1573 14 1.0
295.1 289.2537 14 1.0
295.2 289.3502 14 1.0
295.3 289.4466 14 1.0
295.4 289.5431 14 1.0
295.5 289.6395 14 1.0
295.6 289.736 14 1.0
295.7 289.8324 14 1.0
295.8 289.9288 14 1.0
295.9 290.0253 14 1.0
296.0 290.1217 14 1.0
296.1 290.2182 14 1.0
296.2 290.3146 14 1.0
296.3 290.4111 14 1.0
296.4 290.5075 14 1.0
296.5 290.6039 14 1.0
296.6 290.7004 14 1.0
296.7 290.7968 14 1.0
296.8 290.8933 14 1.0
296.9 290.9897 14 1.0
297.0 291.0862 14 1.0
297.1 291.1826 14 1.0
297.2 291.279 14 1.0
297.3 291.3755 14 1.0
297.4 291.4719 14 1.0
297.5 291.5684 14 1.0
297.6 291.6648 14 1.0
297.7 291.7613 14 1.0
297.8 291.8577 14 1.0
297.9 291.9541 14 1.0
298.0 292.0506 14 1.0
298.1 292.147 14 1.0
298.2 292.2435 14 1.0
298.3 292.3399 14 1.0
298.4 292.4364 14 1.0
298.5 292.5328 14 1.0
298.6 292.6292 14 1.0
298.7 292.7257 14 1.0
298.8 292.8221 14 1.0
298.9 292.9186 14 1.0
299.0 293.015 14 1.0
299.1 293.1115 14 1.0
299.2 293.2079 14 1.0
299.3 293.3043 14 1.0
299.4 293.4008 14 1.0
299.5 293.4972 14 1.0
299.6 293.5937 14 1.0
299.7 293.6901 14 1.0
299.8 293.7866 14 1.0
299.9 293.883 14 1.0
300.0 293.9794 14 1.0
300.1 294.074 14 1.0
300.2 294.1685 14 1.0
300.3 294.263 14 1.0
300.4 294.3576 14 1.0
300.5 294.4521 14 1.0
300.6 294.5466 14 1.0
300.7 294.6412 14 1.0
300.8 294.7357 14 1.0
300.9 294.8302 14 1.0
301.0 294.9248 14 1.0
301.1 295.0193 14 1.0
301.2 295.1138 14 1.0
301.3 295.2084 14 1.0
301.4 295.3029 14 1.0
301.5 295.3974 14 1.0
301.6 295.492 14 1.0
301.7 295.5865 14 1.0
301.8 295.681 14 1.0
301.9 295.7756 14 1.0
302.0 295.8701 14 1.0
302.1 295.9646 14 1.0
302.2 296.0592 14 1.0
302.3 296.1537 14 1.0
302.4 296.2482 14 1.0
302.5 296.3428 14 1.0
302.6 296.4373 14 1.0
302.7 296.5318 14 1.0
302.8 296.6264 14 1.0
302.9 296.7209 14 1.0
303.0 296.8154 14 1.0
303.1 296.91 14 1.0
303.2 297.0045 14 1.0
303.3 297.099 14 1.0
303.4 297.1935 14 1.0
303.5 297.2881 14 1.0
303.6 297.3826 14 1.0
303.7 297.4771 14 1.0
303.8 297.5717 14 1.0
303.9 297.6662 14 1.0
304.0 297.7607 14 1.0
304.1 297.8553 14 1.0
304.2 297.9498 14 1.0
304.3 298.0443 14 1.0
304.4 298.1389 14 1.0
304.5 298.2334 14 1.0
304.6 298.3279 14 1.0
304.7 298.4225 14 1.0
304.8 298.517 14 1.0
304.9 298.6115 14 1.0
305.0 298.7061 14 1.0
305.1 298.8006 14 1.0
305.2 298.8951 14 1.0
305.3 298.9897 14 1.0
305.4 299.0842 14 1.0
305.5 299.1787 14 1.0
305.6 299.2733 14 1.0
305.7 299.3678 14 1.0
305.8 299.4623 14 1.0
305.9 299.5569 14 1.0
306.0 299.6514 14 1.0
306.1 299.7459 14 1.0
306.2 299.8405 14 1.0
306.3 299.935 14 1.0
306.4 300.0295 14 1.0
306.5 300.1241 14 1.0
306.6 300.2186 14 1.0
306.7 300.3131 14 1.0
306.8 300.4077 14 1.0
306.9 300.5022 14 1.0
307.0 300.5967 14 1.0
307.1 300.6913 14 1.0
307.2 300.7858 14 1.0
307.3 300.8803 14 1.0
307.4 300.9749 14 1.0
307.5 301.0694 14 1.0
307.6 301.1639 14 1.0
307.7 301.2585 14 1.0
307.8 301.353 14 1.0
307.9 301.4475 14 1.0
308.0 301.5421 14 1.0
308.1 301.6366 14 1.0
308.2 301.7311 14 1.0
308.3 301.8256 14 1.0
308.4 301.9202 14 1.0
308.5 302.0147 14 1.0
308.6 302.1092 14 1.0
308.7 302.2038 14 1.0
308.8 302.2983 14 1.0
308.9 302.3928 14 1.0
309.0 302.4874 14 1.0
309.1 302.5819 14 1.0
309.2 302.6764 14 1.0
309.3 302.771 14 1.0
309.4 302.8655 14 1.0
309.5 302.96 14 1.0
309.6 303.0546 14 1.0
309.7 303.1491 14 1.0
309.8 303.2436 14 1.0
309.9 303.3382 14 1.0
310.0 303.4327 14 1.0
310.1 303.5272 14 1.0
310.2 303.6218 14 1.0
310.3 303.7163 14 1.0
310.4 303.8108 14 1.0
310.5 303.9054 14 1.0
310.6 303.9999 14 1.0
310.7 304.0944 14 1.0
310.8 304.189 14 1.0
310.9 304.2835 14 1.0
311.0 304.378 14 1.0
311.1 304.4726 14 1.0
311.2 304.5671 14 1.0
311.3 304.6616 14 1.0
311.4 304.7562 14 1.0
311.5 304.8507 14 1.0
311.6 304.9452 14 1.0
311.7 305.0398 14 1.0
311.8 305.1343 14 1.0
311.9 305.2288 14 1.0
312.0 305.3234 14 1.0
312.1 305.4179 14 1.0
312.2 305.5124 14 1.0
312.3 305.607 14 1.0
312.4 305.7015 14 1.0
312.5 305.796 14 1.0
312.6 305.8906 14 1.0
312.7 305.9851 14 1.0
312.8 306.0796 14 1.0
312.9 306.1741 14 1.0
313.0 306.2687 14 1.0
313.1 306.3632 14 1.0
313.2 306.4577 14 1.0
313.3 306.5523 14 1.0
313.4 306.6468 14 1.0
313.5 306.7413 14 1.0
313.6 306.8359 14 1.0
313.7 306.9304 14 1.0
313.8 307.0249 14 1.0
313.9 307.1195 14 1.0
314.0 307.214 14 1.0
314.1 307.3085 14 1.0
314.2 307.4031 14 1.0
314.3 307.4976 14 1.0
314.4 307.5921 14 1.0
314.5 307.6867 14 1.0
314.6 307.7812 14 1.0
314.7 307.8757 14 1.0
314.8 307.9703 14 1.0
314.9 308.0648 14 1.0
315.0 308.1593 14 1.0
315.1 308.2539 14 1.0
315.2 308.3484 14 1.0
315.3 308.4429 14 1.0
315.4 308.5375 14 1.0
315.5 308.632 14 1.0
315.6 308.7265 14 1.0
315.7 308.8211 14 1.0
315.8 308.9156 14 1.0
315.9 309.0101 14 1.0
316.0 309.1047 14 1.0
316.1 309.1992 14 1.0
316.2 309.2937 14 1.0
316.3 309.3883 14 1.0
316.4 309.4828 14 1.0
316.5 309.5773 14 1.0
316.6 309.6719 14 1.0
316.7 309.7664 14 1.0
316.8 309.8609 14 1.0
316.9 309.9555 14 1.0
317.0 310.05 14 1.0
317.1 310.1445 14 1.0
317.2 310.2391 14 1.0
317.3 310.3336 14 1.0
317.4 310.4281 14 1.0
317.5 310.5227 14 1.0
317.6 310.6172 14 1.0
317.7 310.7117 14 1.0
317.8 310.8062 14 1.0
317.9 310.9008 14 1.0
318.0 310.9953 14 1.0
318.1 311.0898 14 1.0
318.2 311.1844 14 1.0
318.3 311.2789 14 1.0
318.4 311.3734 14 1.0
318.5 311.468 14 1.0
318.6 311.5625 14 1.0
318.7 311.657 14 1.0
318.8 311.7516 14 1.0
318.9 311.8461 14 1.0
319.0 311.9406 14 1.0
319.1 312.0352 14 1.0
319.2 312.1297 14 1.0
319.3 312.2242 14 1.0
319.4 312.3188 14 1.0
319.5 312.4133 14 1.0
319.6 312.5078 14 1.0
319.7 312.6024 14 1.0
319.8 312.6969 14 1.0
319.9 312.7914 14 1.0
320.0 312.886 14 1.0
320.1 312.9805 14 1.0
320.2 313.075 14 1.0
320.3 313.1696 14 1.0
320.4 313.2641 14 1.0
320.5 313.3586 14 1.0
320.6 313.4532 14 1.0
320.7 313.5477 14 1.0
320.8 313.6422 14 1.0
320.9 313.7368 14 1.0
321.0 313.8313 14 1.0
321.1 313.9258 14 1.0
321.2 314.0204 14 1.0
321.3 314.1149 14 1.0
321.4 314.2094 14 1.0
321.5 314.304 14 1.0
321.6 314.3985 14 1.0
321.7 314.493 14 1.0
321.8 314.5876 14 1.0
321.9 314.6821 14 1.0
322.0 314.7766 14 1.0
322.1 314.8712 14 1.0
322.2 314.9657 14 1.0
322.3 315.0602 14 1.0
322.4 315.1547 14 1.0
322.5 315.2493 14 1.0
322.6 315.3438 14 1.0
322.7 315.4383 14 1.0
322.8 315.5329 14 1.0
322.9 315.6274 14 1.0
323.0 315.7219 14 1.0
323.1 315.8165 14 1.0
323.2 315.911 14 1.0
323.3 316.0055 14 1.0
323.4 316.1001 14 1.0
323.5 316.1946 14 1.0
323.6 316.2891 14 1.0
323.7 316.3837 14 1.0
323.8 316.4782 14 1.0
323.9 316.5727 14 1.0
324.0 316.6673 14 1.0
324.1 316.7618 14 1.0
324.2 316.8563 14 1.0
324.3 316.9509 14 1.0
324.4 317.0454 14 1.0
324.5 317.1399 14 1.0
324.6 317.2345 14 1.0
324.7 317.329 14 1.0
324.8 317.4235 14 1.0
324.9 317.5181 14 1.0
325.0 317.6126 14 1.0
325.1 317.7071 14 1.0
325.2 317.8017 14 1.0
325.3 317.8962 14 1.0
325.4 317.9907 14 1.0
325.5 318.0853 14 1.0
325.6 318.1798 14 1.0
325.7 318.2743 14 1.0
325.8 318.3689 14 1.0
325.9 318.4634 14 1.0
326.0 318.5579 14 1.0
326.1 318.6525 14 1.0
326.2 318.747 14 1.0
326.3 318.8415 14 1.0
326.4 318.9361 14 1.0
326.5 319.0306 14 1.0
326.6 319.1251 14 1.0
326.7 319.2197 14 1.0
326.8 319.3142 14 1.0
326.9 319.4087 14 1.0
327.0 319.5033 14 1.0
327.1 319.5978 14 1.0
327.2 319.6923 14 1.0
327.3 319.7868 14 1.0
327.4 319.8814 14 1.0
327.5 319.9759 14 1.0
327.6 320.0704 14 1.0
327.7 320.165 14 1.0
327.8 320.2595 14 1.0
327.9 320.354 14 1.0
328.0 320.4486 14 1.0
328.1 320.5431 14 1.0
328.2 320.6376 14 1.0
328.3 320.7322 14 1.0
328.4 320.8267 14 1.0
328.5 320.9212 14 1.0
328.6 321.0158 14 1.0
328.7 321.1103 14 1.0
328.8 321.2048 14 1.0
328.9 321.2994 14 1.0
329.0 321.3939 14 1.0
329.1 321.4884 14 1.0
329.2 321.583 14 1.0
329.3 321.6775 14 1.0
329.4 321.772 14 1.0
329.5 321.8666 14 1.0
329.6 321.9611 14 1.0
329.7 322.0556 14 1.0
329.8 322.1502 14 1.0
329.9 322.2447 14 1.0
330.0 322.3392 14 1.0
330.1 322.4338 14 1.0
330.2 322.5283 14 1.0
330.3 322.6228 14 1.0
330.4 322.7174 14 1.0
330.5 322.8119 14 1.0
330.6 322.9064 14 1.0
330.7 323.001 14 1.0
330.8 323.0955 14 1.0
330.9 323.19 14 1.0
331.0 323.2846 14 1.0
331.1 323.3791 14 1.0
331.2 323.4736 14 1.0
331.3 323.5682 14 1.0
331.4 323.6627 14 1.0
331.5 323.7572 14 1.0
331.6 323.8518 14 1.0
331.7 323.9463 14 1.0
331.8 324.0408 14 1.0
331.9 324.1353 14 1.0
332.0 324.2299 14 1.0
332.1 324.3244 14 1.0
332.2 324.4189 14 1.0
332.3 324.5135 14 1.0
332.4 324.608 14 1.0
332.5 324.7025 14 1.0
332.6 324.7971 14 1.0
332.7 324.8916 14 1.0
332.8 324.9861 14 1.0
332.9 325.0807 14 1.0
333.0 325.1752 14 1.0
333.1 325.2697 14 1.0
333.2 325.3643 14 1.0
333.3 325.4588 14 1.0
333.4 325.5533 14 1.0
333.5 325.6479 14 1.0
333.6 325.7424 14 1.0
333.7 325.8369 14 1.0
333.8 325.9315 14 1.0
333.9 326.026 14 1.0
334.0 326.1205 14 1.0
334.1 326.2151 14 1.0
334.2 326.3096 14 1.0
334.3 326.4041 14 1.0
334.4 326.4987 14 1.0
334.5 326.5932 14 1.0
334.6 326.6877 14 1.0
334.7 326.7823 14 1.0
334.8 326.8768 14 1.0
334.9 326.9713 14 1.0
335.0 327.0659 14 1.0
335.1 327.1604 14 1.0
335.2 327.2549 14 1.0
335.3 327.3495 14 1.0
335.4 327.444 14 1.0
335.5 327.5385 14 1.0
335.6 327.6331 14 1.0
335.7 327.7276 14 1.0
335.8 327.8221 14 1.0
335.9 327.9167 14 1.0
336.0 328.0112 14 1.0
336.1 328.1057 14 1.0
336.2 328.2003 14 1.0
336.3 328.2948 14 1.0
336.4 328.3893 14 1.0
336.5 328.4839 14 1.0
336.6 328.5784 14 1.0
336.7 328.6729 14 1.0
336.8 328.7674 14 1.0
336.9 328.862 14 1.0
337.0 328.9565 14 1.0
337.1 329.051 14 1.0
337.2 329.1456 14 1.0
337.3 329.2401 14 1.0
337.4 329.3346 14 1.0
337.5 329.4292 14 1.0
337.6 329.5237 14 1.0
337.7 329.6182 14 1.0
337.8 329.7128 14 1.0
337.9 329.8073 14 1.0
338.0 329.9018 14 1.0
338.1 329.9964 14 1.0
338.2 330.0909 14 1.0
338.3 330.1854 14 1.0
338.4 330.28 14 1.0
338.5 330.3745 14 1.0
338.6 330.469 14 1.0
338.7 330.5636 14 1.0
338.8 330.6581 14 1.0
338.9 330.7526 14 1.0
339.0 330.8472 14 1.0
339.1 330.9417 14 1.0
339.2 331.0362 14 1.0
339.3 331.1308 14 1.0
339.4 331.2253 14 1.0
339.5 331.3198 14 1.0
339.6 331.4144 14 1.0
339.7 331.5089 14 1.0
339.8 331.6034 14 1.0
339.9 331.698 14 1.0
340.0 331.7925 14 1.0
340.1 331.887 14 1.0
340.2 331.9816 14 1.0
340.3 332.0761 14 1.0
340.4 332.1706 14 1.0
340.5 332.2652 14 1.0
340.6 332.3597 14 1.0
340.7 332.4542 14 1.0
340.8 332.5488 14 1.0
340.9 332.6433 14 1.0
341.0 332.7378 14 1.0
341.1 332.8324 14 1.0
341.2 332.9269 14 1.0
341.3 333.0214 14 1.0
341.4 333.1159 14 1.0
341.5 333.2105 14 1.0
341.6 333.305 14 1.0
341.7 333.3995 14 1.0
341.8 333.4941 14 1.0
341.9 333.5886 14 1.0
342.0 333.6831 14 1.0
342.1 333.7777 14 1.0
342.2 333.8722 14 1.0
342.3 333.9667 14 1.0
342.4 334.0613 14 1.0
342.5 334.1558 14 1.0
342.6 334.2503 14 1.0
342.7 334.3449 14 1.0
342.8 334.4394 14 1.0
342.9 334.5339 14 1.0
343.0 334.6285 14 1.0
343.1 334.723 14 1.0
343.2 334.8175 14 1.0
343.3 334.9121 14 1.0
343.4 335.0066 14 1.0
343.5 335.1011 14 1.0
343.6 335.1957 14 1.0
343.7 335.2902 14 1.0
343.8 335.3847 14 1.0
343.9 335.4793 14 1.0
344.0 335.5738 14 1.0
344.1 335.6683 14 1.0
344.2 335.7629 14 1.0
344.3 335.8574 14 1.0
344.4 335.9519 14 1.0
344.5 336.0465 14 1.0
344.6 336.141 14 1.0
344.7 336.2355 14 1.0
344.8 336.3301 14 1.0
344.9 336.4246 14 1.0
345.0 336.5191 14 1.0
345.1 336.6137 14 1.0
345.2 336.7082 14 1.0
345.3 336.8027 14 1.0
345.4 336.8973 14 1.0
345.5 336.9918 14 1.0
345.6 337.0863 14 1.0
345.7 337.1809 14 1.0
345.8 337.2754 14 1.0
345.9 337.3699 14 1.0
346.0 337.4645 14 1.0
346.1 337.559 14 1.0
346.2 337.6535 14 1.0
346.3 337.748 14 1.0
346.4 337.8426 14 1.0
346.5 337.9371 14 1.0
346.6 338.0316 14 1.0
346.7 338.1262 14 1.0
346.8 338.2207 14 1.0
346.9 338.3152 14 1.0
347.0 338.4098 14 1.0
347.1 338.5043 14 1.0
347.2 338.5988 14 1.0
347.3 338.6934 14 1.0
347.4 338.7879 14 1.0
347.5 338.8824 14 1.0
347.6 338.977 14 1.0
347.7 339.0715 14 1.0
347.8 339.166 14 1.0
347.9 339.2606 14 1.0
348.0 339.3551 14 1.0
348.1 339.4496 14 1.0
348.2 339.5442 14 1.0
348.3 339.6387 14 1.0
348.4 339.7332 14 1.0
348.5 339.8278 14 1.0
348.6 339.9223 14 1.0
348.7 340.0168 14 1.0
348.8 340.1114 14 1.0
348.9 340.2059 14 1.0
349.0 340.3004 14 1.0
349.1 340.395 14 1.0
349.2 340.4895 14 1.0
349.3 340.584 14 1.0
349.4 340.6786 14 1.0
349.5 340.7731 14 1.0
349.6 340.8676 14 1.0
349.7 340.9622 14 1.0
349.8 341.0567 14 1.0
349.9 341.1512 14 1.0
350.0 341.2458 14 1.0
350.1 341.3407 14 1.0
350.2 341.4357 14 1.0
350.3 341.5307 14 1.0
350.4 341.6257 14 1.0
350.5 341.7207 14 1.0
350.6 341.8157 14 1.0
350.7 341.9107 14 1.0
350.8 342.0056 14 1.0
350.9 342.1006 14 1.0
351.0 342.1956 14 1.0
351.1 342.2906 14 1.0
351.2 342.3856 14 1.0
351.3 342.4806 14 1.0
351.4 342.5756 14 1.0
351.5 342.6706 14 1.0
351.6 342.7655 14 1.0
351.7 342.8605 14 1.0
351.8 342.9555 14 1.0
351.9 343.0505 14 1.0
352.0 343.1455 14 1.0
352.1 343.2405 14 1.0
352.2 343.3355 14 1.0
352.3 343.4304 14 1.0
352.4 343.5254 14 1.0
352.5 343.6204 14 1.0
352.6 343.7154 14 1.0
352.7 343.8104 14 1.0
352.8 343.9054 14 1.0
352.9 344.0004 14 1.0
353.0 344.0953 14 1.0
353.1 344.1903 14 1.0
353.2 344.2853 14 1.0
353.3 344.3803 14 1.0
353.4 344.4753 14 1.0
353.5 344.5703 14 1.0
353.6 344.6653 14 1.0
353.7 344.7603 14 1.0
353.8 344.8552 14 1.0
353.9 344.9502 14 1.0
354.0 345.0452 14 1.0
354.1 345.1402 14 1.0
354.2 345.2352 14 1.0
354.3 345.3302 14 1.0
354.4 345.4252 14 1.0
354.5 345.5201 14 1.0
354.6 345.6151 14 1.0
354.7 345.7101 14 1.0
354.8 345.8051 14 1.0
354.9 345.9001 14 1.0
355.0 345.9951 14 1.0
355.1 346.0901 14 1.0
355.2 346.185 14 1.0
355.3 346.28 14 1.0
355.4 346.375 14 1.0
355.5 346.47 14 1.0
355.6 346.565 14 1.0
355.7 346.66 14 1.0
355.8 346.755 14 1.0
355.9 346.85 14 1.0
356.0 346.9449 14 1.0
356.1 347.0399 14 1.0
356.2 347.1349 14 1.0
356.3 347.2299 14 1.0
356.4 347.3249 14 1.0
356.5 347.4199 14 1.0
356.6 347.5149 14 1.0
356.7 347.6098 14 1.0
356.8 347.7048 14 1.0
356.9 347.7998 14 1.0
357.0 347.8948 14 1.0
357.1 347.9898 14 1.0
357.2 348.0848 14 1.0
357.3 348.1798 14 1.0
357.4 348.2747 14 1.0
357.5 348.3697 14 1.0
357.6 348.4647 14 1.0
357.7 348.5597 14 1.0
357.8 348.6547 14 1.0
357.9 348.7497 14 1.0
358.0 348.8447 14 1.0
358.1 348.9397 14 1.0
358.2 349.0346 14 1.0
358.3 349.1296 14 1.0
358.4 349.2246 14 1.0
358.5 349.3196 14 1.0
358.6 349.4146 14 1.0
358.7 349.5096 14 1.0
358.8 349.6046 14 1.0
358.9 349.6995 14 1.0
359.0 349.7945 14 1.0
359.1 349.8895 14 1.0
359.2 349.9845 14 1.0
359.3 350.0795 14 1.0
359.4 350.1745 14 1.0
359.5 350.2695 14 1.0
359.6 350.3644 14 1.0
359.7 350.4594 14 1.0
359.8 350.5544 14 1.0
359.9 350.6494 14 1.0
360.0 350.7444 14 1.0
360.1 350.8394 14 1.0
360.2 350.9344 14 1.0
360.3 351.0294 14 1.0
360.4 351.1243 14 1.0
360.5 351.2193 14 1.0
360.6 351.3143 14 1.0
360.7 351.4093 14 1.0
360.8 351.5043 14 1.0
360.9 351.5993 14 1.0
361.0 351.6943 14 1.0
361.1 351.7892 14 1.0
361.2 351.8842 14 1.0
361.3 351.9792 14 1.0
361.4 352.0742 14 1.0
361.5 352.1692 14 1.0
361.6 352.2642 14 1.0
361.7 352.3592 14 1.0
361.8 352.4541 14 1.0
361.9 352.5491 14 1.0
362.0 352.6441 14 1.0
362.1 352.7391 14 1.0
362.2 352.8341 14 1.0
362.3 352.9291 14 1.0
362.4 353.0241 14 1.0
362.5 353.1191 14 1.0
362.6 353.214 14 1.0
362.7 353.309 14 1.0
362.8 353.404 14 1.0
362.9 353.499 14 1.0
363.0 353.594 14 1.0
363.1 353.689 14 1.0
363.2 353.784 14 1.0
363.3 353.8789 14 1.0
363.4 353.9739 14 1.0
363.5 354.0689 14 1.0
363.6 354.1639 14 1.0
363.7 354.2589 14 1.0
363.8 354.3539 14 1.0
363.9 354.4489 14 1.0
364.0 354.5438 14 1.0
364.1 354.6388 14 1.0
364.2 354.7338 14 1.0
364.3 354.8288 14 1.0
364.4 354.9238 14 1.0
364.5 355.0188 14 1.0
364.6 355.1138 14 1.0
364.7 355.2088 14 1.0
364.8 355.3037 14 1.0
364.9 355.3987 14 1.0
365.0 355.4937 14 1.0
365.1 355.5887 14 1.0
365.2 355.6837 14 1.0
365.3 355.7787 14 1.0
365.4 355.8737 14 1.0
365.5 355.9686 14 1.0
365.6 356.0636 14 1.0
365.7 356.1586 14 1.0
365.8 356.2536 14 1.0
365.9 356.3486 14 1.0
366.0 356.4436 14 1.0
366.1 356.5386 14 1.0
366.2 356.6335 14 1.0
366.3 356.7285 14 1.0
366.4 356.8235 14 1.0
366.5 356.9185 14 1.0
366.6 357.0135 14 1.0
366.7 357.1085 14 1.0
366.8 357.2035 14 1.0
366.9 357.2985 14 1.0
367.0 357.3934 14 1.0
367.1 357.4884 14 1.0
367.2 357.5834 14 1.0
367.3 357.6784 14 1.0
367.4 357.7734 14 1.0
367.5 357.8684 14 1.0
367.6 357.9634 14 1.0
367.7 358.0583 14 1.0
367.8 358.1533 14 1.0
367.9 358.2483 14 1.0
368.0 358.3433 14 1.0
368.1 358.4383 14 1.0
368.2 358.5333 14 1.0
368.3 358.6283 14 1.0
368.4 358.7232 14 1.0
368.5 358.8182 14 1.0
368.6 358.9132 14 1.0
368.7 359.0082 14 1.0
368.8 359.1032 14 1.0
368.9 359.1982 14 1.0
369.0 359.2932 14 1.0
369.1 359.3882 14 1.0
369.2 359.4831 14 1.0
369.3 359.5781 14 1.0
369.4 359.6731 14 1.0
369.5 359.7681 14 1.0
369.6 359.8631 14 1.0
369.7 359.9581 14 1.0
369.8 360.0531 14 1.0
369.9 360.148 14 1.0
370.0 360.243 14 1.0
370.1 360.338 14 1.0
370.2 360.433 14 1.0
370.3 360.528 14 1.0
370.4 360.623 14 1.0
370.5 360.718 14 1.0
370.6 360.8129 14 1.0
370.7 360.9079 14 1.0
370.8 361.0029 14 1.0
370.9 361.0979 14 1.0
371.0 361.1929 14 1.0
371.1 361.2879 14 1.0
371.2 361.3829 14 1.0
371.3 361.4779 14 1.0
371.4 361.5728 14 1.0
371.5 361.6678 14 1.0
371.6 361.7628 14 1.0
371.7 361.8578 14 1.0
371.8 361.9528 14 1.0
371.9 362.0478 14 1.0
372.0 362.1428 14 1.0
372.1 362.2377 14 1.0
372.2 362.3327 14 1.0
372.3 362.4277 14 1.0
372.4 362.5227 14 1.0
372.5 362.6177 14 1.0
372.6 362.7127 14 1.0
372.7 362.8077 14 1.0
372.8 362.9027 14 1.0
372.9 362.9976 14 1.0
373.0 363.0926 14 1.0
373.1 363.1876 14 1.0
373.2 363.2826 14 1.0
373.3 363.3776 14 1.0
373.4 363.4726 14 1.0
373.5 363.5676 14 1.0
373.6 363.6625 14 1.0
373.7 363.7575 14 1.0
373.8 363.8525 14 1.0
373.9 363.9475 14 1.0
374.0 364.0425 14 1.0
374.1 364.1375 14 1.0
374.2 364.2325 14 1.0
374.3 364.3274 14 1.0
374.4 364.4224 14 1.0
374.5 364.5174 14 1.0
374.6 364.6124 14 1.0
374.7 364.7074 14 1.0
374.8 364.8024 14 1.0
374.9 364.8974 14 1.0
375.0 364.9924 14 1.0
375.1 365.0873 14 1.0
375.2 365.1823 14 1.0
375.3 365.2773 14 1.0
375.4 365.3723 14 1.0
375.5 365.4673 14 1.0
375.6 365.5623 14 1.0
375.7 365.6573 14 1.0
375.8 365.7522 14 1.0
375.9 365.8472 14 1.0
376.0 365.9422 14 1.0
376.1 366.0372 14 1.0
376.2 366.1322 14 1.0
376.3 366.2272 14 1.0
376.4 366.3222 14 1.0
376.5 366.4171 14 1.0
376.6 366.5121 14 1.0
376.7 366.6071 14 1.0
376.8 366.7021 14 1.0
376.9 366.7971 14 1.0
377.0 366.8921 14 1.0
377.1 366.9871 14 1.0
377.2 367.0821 14 1.0
377.3 367.177 14 1.0
377.4 367.272 14 1.0
377.5 367.367 14 1.0
377.6 367.462 14 1.0
377.7 367.557 14 1.0
377.8 367.652 14 1.0
377.9 367.747 14 1.0
378.0 367.8419 14 1.0
378.1 367.9369 14 1.0
378.2 368.0319 14 1.0
378.3 368.1269 14 1.0
378.4 368.2219 14 1.0
378.5 368.3169 14 1.0
378.6 368.4119 14 1.0
378.7 368.5068 14 1.0
378.8 368.6018 14 1.0
378.9 368.6968 14 1.0
379.0 368.7918 14 1.0
379.1 368.8868 14 1.0
379.2 368.9818 14 1.0
379.3 369.0768 14 1.0
379.4 369.1718 14 1.0
379.5 369.2667 14 1.0
379.6 369.3617 14 1.0
379.7 369.4567 14 1.0
379.8 369.5517 14 1.0
379.9 369.6467 14 1.0
380.0 369.7417 14 1.0
380.1 369.8367 14 1.0
380.2 369.9316 14 1.0
380.3 370.0266 14 1.0
380.4 370.1216 14 1.0
380.5 370.2166 14 1.0
380.6 370.3116 14 1.0
380.7 370.4066 14 1.0
380.8 370.5016 14 1.0
380.9 370.5965 14 1.0
381.0 370.6915 14 1.0
381.1 370.7865 14 1.0
381.2 370.8815 14 1.0
381.3 370.9765 14 1.0
381.4 371.0715 14 1.0
381.5 371.1665 14 1.0
381.6 371.2615 14 1.0
381.7 371.3564 14 1.0
381.8 371.4514 14 1.0
381.9 371.5464 14 1.0
382.0 371.6414 14 1.0
382.1 371.7364 14 1.0
382.2 371.8314 14 1.0
382.3 371.9264 14 1.0
382.4 372.0213 14 1.0
382.5 372.1163 14 1.0
382.6 372.2113 14 1.0
382.7 372.3063 14 1.0
382.8 372.4013 14 1.0
382.9 372.4963 14 1.0
383.0 372.5913 14 1.0
383.1 372.6862 14 1.0
383.2 372.7812 14 1.0
383.3 372.8762 14 1.0
383.4 372.9712 14 1.0
383.5 373.0662 14 1.0
383.6 373.1612 14 1.0
383.7 373.2562 14 1.0
383.8 373.3512 14 1.0
383.9 373.4461 14 1.0
384.0 373.5411 14 1.0
384.1 373.6361 14 1.0
384.2 373.7311 14 1.0
384.3 373.8261 14 1.0
384.4 373.9211 14 1.0
384.5 374.0161 14 1.0
384.6 374.111 14 1.0
384.7 374.206 14 1.0
384.8 374.301 14 1.0
384.9 374.396 14 1.0
385.0 374.491 14 1.0
385.1 374.586 14 1.0
385.2 374.681 14 1.0
385.3 374.7759 14 1.0
385.4 374.8709 14 1.0
385.5 374.9659 14 1.0
385.6 375.0609 14 1.0
385.7 375.1559 14 1.0
385.8 375.2509 14 1.0
385.9 375.3459 14 1.0
386.0 375.4409 14 1.0
386.1 375.5358 14 1.0
386.2 375.6308 14 1.0
386.3 375.7258 14 1.0
386.4 375.8208 14 1.0
386.5 375.9158 14 1.0
386.6 376.0108 14 1.0
386.7 376.1058 14 1.0
386.8 376.2007 14 1.0
386.9 376.2957 14 1.0
387.0 376.3907 14 1.0
387.1 376.4857 14 1.0
387.2 376.5807 14 1.0
387.3 376.6757 14 1.0
387.4 376.7707 14 1.0
387.5 376.8656 14 1.0
387.6 376.9606 14 1.0
387.7 377.0556 14 1.0
387.8 377.1506 14 1.0
387.9 377.2456 14 1.0
388.0 377.3406 14 1.0
388.1 377.4356 14 1.0
388.2 377.5306 14 1.0
388.3 377.6255 14 1.0
388.4 377.7205 14 1.0
388.5 377.8155 14 1.0
388.6 377.9105 14 1.0
388.7 378.0055 14 1.0
388.8 378.1005 14 1.0
388.9 378.1955 14 1.0
389.0 378.2904 14 1.0
389.1 378.3854 14 1.0
389.2 378.4804 14 1.0
389.3 378.5754 14 1.0
389.4 378.6704 14 1.0
389.5 378.7654 14 1.0
389.6 378.8604 14 1.0
389.7 378.9553 14 1.0
389.8 379.0503 14 1.0
389.9 379.1453 14 1.0
390.0 379.2403 14 1.0
390.1 379.3353 14 1.0
390.2 379.4303 14 1.0
390.3 379.5253 14 1.0
390.4 379.6203 14 1.0
390.5 379.7152 14 1.0
390.6 379.8102 14 1.0
390.7 379.9052 14 1.0
390.8 380.0002 14 1.0
390.9 380.0952 14 1.0
391.0 380.1902 14 1.0
391.1 380.2852 14 1.0
391.2 380.3801 14 1.0
391.3 380.4751 14 1.0
391.4 380.5701 14 1.0
391.5 380.6651 14 1.0
391.6 380.7601 14 1.0
391.7 380.8551 14 1.0
391.8 380.9501 14 1.0
391.9 381.045 14 1.0
392.0 381.14 14 1.0
392.1 381.235 14 1.0
392.2 381.33 14 1.0
392.3 381.425 14 1.0
392.4 381.52 14 1.0
392.5 381.615 14 1.0
392.6 381.71 14 1.0
392.7 381.8049 14 1.0
392.8 381.8999 14 1.0
392.9 381.9949 14 1.0
393.0 382.0899 14 1.0
393.1 382.1849 14 1.0
393.2 382.2799 14 1.0
393.3 382.3749 14 1.0
393.4 382.4698 14 1.0
393.5 382.5648 14 1.0
393.6 382.6598 14 1.0
393.7 382.7548 14 1.0
393.8 382.8498 14 1.0
393.9 382.9448 14 1.0
394.0 383.0398 14 1.0
394.1 383.1347 14 1.0
394.2 383.2297 14 1.0
394.3 383.3247 14 1.0
394.4 383.4197 14 1.0
394.5 383.5147 14 1.0
394.6 383.6097 14 1.0
394.7 383.7047 14 1.0
394.8 383.7997 14 1.0
394.9 383.8946 14 1.0
395.0 383.9896 14 1.0
395.1 384.0846 14 1.0
395.2 384.1796 14 1.0
395.3 384.2746 14 1.0
395.4 384.3696 14 1.0
395.5 384.4646 14 1.0
395.6 384.5595 14 1.0
395.7 384.6545 14 1.0
395.8 384.7495 14 1.0
395.9 384.8445 14 1.0
396.0 384.9395 14 1.0
396.1 385.0345 14 1.0
396.2 385.1295 14 1.0
396.3 385.2244 14 1.0
396.4 385.3194 14 1.0
396.5 385.4144 14 1.0
396.6 385.5094 14 1.0
396.7 385.6044 14 1.0
396.8 385.6994 14 1.0
396.9 385.7944 14 1.0
397.0 385.8894 14 1.0
397.1 385.9843 14 1.0
397.2 386.0793 14 1.0
397.3 386.1743 14 1.0
397.4 386.2693 14 1.0
397.5 386.3643 14 1.0
397.6 386.4593 14 1.0
397.7 386.5543 14 1.0
397.8 386.6492 14 1.0
397.9 386.7442 14 1.0
398.0 386.8392 14 1.0
398.1 386.9342 14 1.0
398.2 387.0292 14 1.0
398.3 387.1242 14 1.0
398.4 387.2192 14 1.0
398.5 387.3141 14 1.0
398.6 387.4091 14 1.0
398.7 387.5041 14 1.0
398.8 387.5991 14 1.0
398.9 387.6941 14 1.0
399.0 387.7891 14 1.0
399.1 387.8841 14 1.0
399.2 387.9791 14 1.0
399.3 388.074 14 1.0
399.4 388.169 14 1.0
399.5 388.264 14 1.0
399.6 388.359 14 1.0
399.7 388.454 14 1.0
399.8 388.549 14 1.0
399.9 388.644 14 1.0
400.0 388.7389 14 1.0
400.1 388.8325 14 1.0
400.2 388.926 14 1.0
400.3 389.0196 14 1.0
400.4 389.1131 14 1.0
400.5 389.2067 14 1.0
400.6 389.3002 14 1.0
400.7 389.3938 14 1.0
400.8 389.4873 14 1.0
400.9 389.5809 14 1.0
401.0 389.6744 14 1.0
401.1 389.768 14 1.0
401.2 389.8615 14 1.0
401.3 389.9551 14 1.0
401.4 390.0486 14 1.0
401.5 390.1422 14 1.0
401.6 390.2357 14 1.0
401.7 390.3293 14 1.0
401.8 390.4228 14 1.0
401.9 390.5164 14 1.0
402.0 390.6099 14 1.0
402.1 390.7035 14 1.0
402.2 390.797 14 1.0
402.3 390.8906 14 1.0
402.4 390.9841 14 1.0
402.5 391.0777 14 1.0
402.6 391.1712 14 1.0
402.7 391.2648 14 1.0
402.8 391.3583 14 1.0
402.9 391.4519 14 1.0
403.0 391.5454 14 1.0
403.1 391.639 14 1.0
403.2 391.7325 14 1.0
403.3 391.8261 14 1.0
403.4 391.9196 14 1.0
403.5 392.0132 14 1.0
403.6 392.1067 14 1.0
403.7 392.2003 14 1.0
403.8 392.2938 14 1.0
403.9 392.3874 14 1.0
404.0 392.4809 14 1.0
404.1 392.5745 14 1.0
404.2 392.668 14 1.0
404.3 392.7616 14 1.0
404.4 392.8551 14 1.0
404.5 392.9487 14 1.0
404.6 393.0422 14 1.0
404.7 393.1357 14 1.0
404.8 393.2293 14 1.0
404.9 393.3228 14 1.0
405.0 393.4164 14 1.0
405.1 393.5099 14 1.0
405.2 393.6035 14 1.0
405.3 393.697 14 1.0
405.4 393.7906 14 1.0
405.5 393.8841 14 1.0
405.6 393.9777 14 1.0
405.7 394.0712 14 1.0
405.8 394.1648 14 1.0
405.9 394.2583 14 1.0
406.0 394.3519 14 1.0
406.1 394.4454 14 1.0
406.2 394.539 14 1.0
406.3 394.6325 14 1.0
406.4 394.7261 14 1.0
406.5 394.8196 14 1.0
406.6 394.9132 14 1.0
406.7 395.0067 14 1.0
406.8 395.1003 14 1.0
406.9 395.1938 14 1.0
407.0 395.2874 14 1.0
407.1 395.3809 14 1.0
407.2 395.4745 14 1.0
407.3 395.568 14 1.0
407.4 395.6616 14 1.0
407.5 395.7551 14 1.0
407.6 395.8487 14 1.0
407.7 395.9422 14 1.0
407.8 396.0358 14 1.0
407.9 396.1293 14 1.0
408.0 396.2229 14 1.0
408.1 396.3164 14 1.0
408.2 396.41 14 1.0
408.3 396.5035 14 1.0
408.4 396.5971 14 1.0
408.5 396.6906 14 1.0
408.6 396.7842 14 1.0
408.7 396.8777 14 1.0
408.8 396.9713 14 1.0
408.9 397.0648 14 1.0
409.0 397.1584 14 1.0
409.1 397.2519 14 1.0
409.2 397.3455 14 1.0
409.3 397.439 14 1.0
409.4 397.5326 14 1.0
409.5 397.6261 14 1.0
409.6 397.7196 14 1.0
409.7 397.8132 14 1.0
409.8 397.9067 14 1.0
409.9 398.0003 14 1.0
410.0 398.0938 14 1.0
410.1 398.1874 14 1.0
410.2 398.2809 14 1.0
410.3 398.3745 14 1.0
410.4 398.468 14 1.0
410.5 398.5616 14 1.0
410.6 398.6551 14 1.0
410.7 398.7487 14 1.0
410.8 398.8422 14 1.0
410.9 398.9358 14 1.0
411.0 399.0293 14 1.0
411.1 399.1229 14 1.0
411.2 399.2164 14 1.0
411.3 399.31 14 1.0
411.4 399.4035 14 1.0
411.5 399.4971 14 1.0
411.6 399.5906 14 1.0
411.7 399.6842 14 1.0
411.8 399.7777 14 1.0
411.9 399.8713 14 1.0
412.0 399.9648 14 1.0
412.1 400.0584 14 1.0
412.2 400.1519 14 1.0
412.3 400.2455 14 1.0
412.4 400.339 14 1.0
412.5 400.4326 14 1.0
412.6 400.5261 14 1.0
412.7 400.6197 14 1.0
412.8 400.7132 14 1.0
412.9 400.8068 14 1.0
413.0 400.9003 14 1.0
413.1 400.9939 14 1.0
413.2 401.0874 14 1.0
413.3 401.181 14 1.0
413.4 401.2745 14 1.0
413.5 401.3681 14 1.0
413.6 401.4616 14 1.0
413.7 401.5552 14 1.0
413.8 401.6487 14 1.0
413.9 401.7423 14 1.0
414.0 401.8358 14 1.0
414.1 401.9294 14 1.0
414.2 402.0229 14 1.0
414.3 402.1165 14 1.0
414.4 402.21 14 1.0
414.5 402.3035 14 1.0
414.6 402.3971 14 1.0
414.7 402.4906 14 1.0
414.8 402.5842 14 1.0
414.9 402.6777 14 1.0
415.0 402.7713 14 1.0
415.1 402.8648 14 1.0
415.2 402.9584 14 1.0
415.3 403.0519 14 1.0
415.4 403.1455 14 1.0
415.5 403.239 14 1.0
415.6 403.3326 14 1.0
415.7 403.4261 14 1.0
415.8 403.5197 14 1.0
415.9 403.6132 14 1.0
416.0 403.7068 14 1.0
416.1 403.8003 14 1.0
416.2 403.8939 14 1.0
416.3 403.9874 14 1.0
416.4 404.081 14 1.0
416.5 404.1745 14 1.0
416.6 404.2681 14 1.0
416.7 404.3616 14 1.0
416.8 404.4552 14 1.0
416.9 404.5487 14 1.0
417.0 404.6423 14 1.0
417.1 404.7358 14 1.0
417.2 404.8294 14 1.0
417.3 404.9229 14 1.0
417.4 405.0165 14 1.0
417.5 405.11 14 1.0
417.6 405.2036 14 1.0
417.7 405.2971 14 1.0
417.8 405.3907 14 1.0
417.9 405.4842 14 1.0
418.0 405.5778 14 1.0
418.1 405.6713 14 1.0
418.2 405.7649 14 1.0
418.3 405.8584 14 1.0
418.4 405.952 14 1.0
418.5 406.0455 14 1.0
418.6 406.1391 14 1.0
418.7 406.2326 14 1.0
418.8 406.3262 14 1.0
418.9 406.4197 14 1.0
419.0 406.5133 14 1.0
419.1 406.6068 14 1.0
419.2 406.7004 14 1.0
419.3 406.7939 14 1.0
419.4 406.8874 14 1.0
419.5 406.981 14 1.0
419.6 407.0745 14 1.0
419.7 407.1681 14 1.0
419.8 407.2616 14 1.0
419.9 407.3552 14 1.0
420.0 407.4487 14 1.0
420.1 407.5423 14 1.0
420.2 407.6358 14 1.0
420.3 407.7294 14 1.0
420.4 407.8229 14 1.0
420.5 407.9165 14 1.0
420.6 408.01 14 1.0
420.7 408.1036 14 1.0
420.8 408.1971 14 1.0
420.9 408.2907 14 1.0
421.0 408.3842 14 1.0
421.1 408.4778 14 1.0
421.2 408.5713 14 1.0
421.3 408.6649 14 1.0
421.4 408.7584 14 1.0
421.5 408.852 14 1.0
421.6 408.9455 14 1.0
421.7 409.0391 14 1.0
421.8 409.1326 14 1.0
421.9 409.2262 14 1.0
422.0 409.3197 14 1.0
422.1 409.4133 14 1.0
422.2 409.5068 14 1.0
422.3 409.6004 14 1.0
422.4 409.6939 14 1.0
422.5 409.7875 14 1.0
422.6 409.881 14 1.0
422.7 409.9746 14 1.0
422.8 410.0681 14 1.0
422.9 410.1617 14 1.0
423.0 410.2552 14 1.0
423.1 410.3488 14 1.0
423.2 410.4423 14 1.0
423.3 410.5359 14 1.0
423.4 410.6294 14 1.0
423.5 410.723 14 1.0
423.6 410.8165 14 1.0
423.7 410.9101 14 1.0
423.8 411.0036 14 1.0
423.9 411.0972 14 1.0
424.0 411.1907 14 1.0
424.1 411.2843 14 1.0
424.2 411.3778 14 1.0
424.3 411.4714 14 1.0
424.4 411.5649 14 1.0
424.5 411.6584 14 1.0
424.6 411.752 14 1.0
424.7 411.8455 14 1.0
424.8 411.9391 14 1.0
424.9 412.0326 14 1.0
425.0 412.1262 14 1.0
425.1 412.2197 14 1.0
425.2 412.3133 14 1.0
425.3 412.4068 14 1.0
425.4 412.5004 14 1.0
425.5 412.5939 14 1.0
425.6 412.6875 14 1.0
425.7 412.781 14 1.0
425.8 412.8746 14 1.0
425.9 412.9681 14 1.0
426.0 413.0617 14 1.0
426.1 413.1552 14 1.0
426.2 413.2488 14 1.0
426.3 413.3423 14 1.0
426.4 413.4359 14 1.0
426.5 413.5294 14 1.0
426.6 413.623 14 1.0
426.7 413.7165 14 1.0
426.8 413.8101 14 1.0
426.9 413.9036 14 1.0
427.0 413.9972 14 1.0
427.1 414.0907 14 1.0
427.2 414.1843 14 1.0
427.3 414.2778 14 1.0
427.4 414.3714 14 1.0
427.5 414.4649 14 1.0
427.6 414.5585 14 1.0
427.7 414.652 14 1.0
427.8 414.7456 14 1.0
427.9 414.8391 14 1.0
428.0 414.9327 14 1.0
428.1 415.0262 14 1.0
428.2 415.1198 14 1.0
428.3 415.2133 14 1.0
428.4 415.3069 14 1.0
428.5 415.4004 14 1.0
428.6 415.494 14 1.0
428.7 415.5875 14 1.0
428.8 415.6811 14 1.0
428.9 415.7746 14 1.0
429.0 415.8682 14 1.0
429.1 415.9617 14 1.0
429.2 416.0553 14 1.0
429.3 416.1488 14 1.0
429.4 416.2423 14 1.0
429.5 416.3359 14 1.0
429.6 416.4294 14 1.0
429.7 416.523 14 1.0
429.8 416.6165 14 1.0
429.9 416.7101 14 1.0
430.0 416.8036 14 1.0
430.1 416.8972 14 1.0
430.2 416.9907 14 1.0
430.3 417.0843 14 1.0
430.4 417.1778 14 1.0
430.5 417.2714 14 1.0
430.6 417.3649 14 1.0
430.7 417.4585 14 1.0
430.8 417.552 14 1.0
430.9 417.6456 14 1.0
431.0 417.7391 14 1.0
431.1 417.8327 14 1.0
431.2 417.9262 14 1.0
431.3 418.0198 14 1.0
431.4 418.1133 14 1.0
431.5 418.2069 14 1.0
431.6 418.3004 14 1.0
431.7 418.394 14 1.0
431.8 418.4875 14 1.0
431.9 418.5811 14 1.0
432.0 418.6746 14 1.0
432.1 418.7682 14 1.0
432.2 418.8617 14 1.0
432.3 418.9553 14 1.0
432.4 419.0488 14 1.0
432.5 419.1424 14 1.0
432.6 419.2359 14 1.0
432.7 419.3295 14 1.0
432.8 419.423 14 1.0
432.9 419.5166 14 1.0
433.0 419.6101 14 1.0
433.1 419.7037 14 1.0
433.2 419.7972 14 1.0
433.3 419.8908 14 1.0
433.4 419.9843 14 1.0
433.5 420.0779 14 1.0
433.6 420.1714 14 1.0
433.7 420.265 14 1.0
433.8 420.3585 14 1.0
433.9 420.4521 14 1.0
434.0 420.5456 14 1.0
434.1 420.6392 14 1.0
434.2 420.7327 14 1.0
434.3 420.8262 14 1.0
434.4 420.9198 14 1.0
434.5 421.0133 14 1.0
434.6 421.1069 14 1.0
434.7 421.2004 14 1.0
434.8 421.294 14 1.0
434.9 421.3875 14 1.0
435.0 421.4811 14 1.0
435.1 421.5746 14 1.0
435.2 421.6682 14 1.0
435.3 421.7617 14 1.0
435.4 421.8553 14 1.0
435.5 421.9488 14 1.0
435.6 422.0424 14 1.0
435.7 422.1359 14 1.0
435.8 422.2295 14 1.0
435.9 422.323 14 1.0
436.0 422.4166 14 1.0
436.1 422.5101 14 1.0
436.2 422.6037 14 1.0
436.3 422.6972 14 1.0
436.4 422.7908 14 1.0
436.5 422.8843 14 1.0
436.6 422.9779 14 1.0
436.7 423.0714 14 1.0
436.8 423.165 14 1.0
436.9 423.2585 14 1.0
437.0 423.3521 14 1.0
437.1 423.4456 14 1.0
437.2 423.5392 14 1.0
437.3 423.6327 14 1.0
437.4 423.7263 14 1.0
437.5 423.8198 14 1.0
437.6 423.9134 14 1.0
437.7 424.0069 14 1.0
437.8 424.1005 14 1.0
437.9 424.194 14 1.0
438.0 424.2876 14 1.0
438.1 424.3811 14 1.0
438.2 424.4747 14 1.0
438.3 424.5682 14 1.0
438.4 424.6618 14 1.0
438.5 424.7553 14 1.0
438.6 424.8489 14 1.0
438.7 424.9424 14 1.0
438.8 425.036 14 1.0
438.9 425.1295 14 1.0
439.0 425.2231 14 1.0
439.1 425.3166 14 1.0
439.2 425.4102 14 1.0
439.3 425.5037 14 1.0
439.4 425.5972 14 1.0
439.5 425.6908 14 1.0
439.6 425.7843 14 1.0
439.7 425.8779 14 1.0
439.8 425.9714 14 1.0
439.9 426.065 14 1.0
440.0 426.1585 14 1.0
440.1 426.2521 14 1.0
440.2 426.3456 14 1.0
440.3 426.4392 14 1.0
440.4 426.5327 14 1.0
440.5 426.6263 14 1.0
440.6 426.7198 14 1.0
440.7 426.8134 14 1.0
440.8 426.9069 14 1.0
440.9 427.0005 14 1.0
441.0 427.094 14 1.0
441.1 427.1876 14 1.0
441.2 427.2811 14 1.0
441.3 427.3747 14 1.0
441.4 427.4682 14 1.0
441.5 427.5618 14 1.0
441.6 427.6553 14 1.0
441.7 427.7489 14 1.0
441.8 427.8424 14 1.0
441.9 427.936 14 1.0
442.0 428.0295 14 1.0
442.1 428.1231 14 1.0
442.2 428.2166 14 1.0
442.3 428.3102 14 1.0
442.4 428.4037 14 1.0
442.5 428.4973 14 1.0
442.6 428.5908 14 1.0
442.7 428.6844 14 1.0
442.8 428.7779 14 1.0
442.9 428.8715 14 1.0
443.0 428.965 14 1.0
443.1 429.0586 14 1.0
443.2 429.1521 14 1.0
443.3 429.2457 14 1.0
443.4 429.3392 14 1.0
443.5 429.4328 14 1.0
443.6 429.5263 14 1.0
443.7 429.6199 14 1.0
443.8 429.7134 14 1.0
443.9 429.807 14 1.0
444.0 429.9005 14 1.0
444.1 429.9941 14 1.0
444.2 430.0876 14 1.0
444.3 430.1811 14 1.0
444.4 430.2747 14 1.0
444.5 430.3682 14 1.0
444.6 430.4618 14 1.0
444.7 430.5553 14 1.0
444.8 430.6489 14 1.0
444.9 430.7424 14 1.0
445.0 430.836 14 1.0
445.1 430.9295 14 1.0
445.2 431.0231 14 1.0
445.3 431.1166 14 1.0
445.4 431.2102 14 1.0
445.5 431.3037 14 1.0
445.6 431.3973 14 1.0
445.7 431.4908 14 1.0
445.8 431.5844 14 1.0
445.9 431.6779 14 1.0
446.0 431.7715 14 1.0
446.1 431.865 14 1.0
446.2 431.9586 14 1.0
446.3 432.0521 14 1.0
446.4 432.1457 14 1.0
446.5 432.2392 14 1.0
446.6 432.3328 14 1.0
446.7 432.4263 14 1.0
446.8 432.5199 14 1.0
446.9 432.6134 14 1.0
447.0 432.707 14 1.0
447.1 432.8005 14 1.0
447.2 432.8941 14 1.0
447.3 432.9876 14 1.0
447.4 433.0812 14 1.0
447.5 433.1747 14 1.0
447.6 433.2683 14 1.0
447.7 433.3618 14 1.0
447.8 433.4554 14 1.0
447.9 433.5489 14 1.0
448.0 433.6425 14 1.0
448.1 433.736 14 1.0
448.2 433.8296 14 1.0
448.3 433.9231 14 1.0
448.4 434.0167 14 1.0
448.5 434.1102 14 1.0
448.6 434.2038 14 1.0
448.7 434.2973 14 1.0
448.8 434.3909 14 1.0
448.9 434.4844 14 1.0
449.0 434.578 14 1.0
449.1 434.6715 14 1.0
449.2 434.765 14 1.0
449.3 434.8586 14 1.0
449.4 434.9521 14 1.0
449.5 435.0457 14 1.0
449.6 435.1392 14 1.0
449.7 435.2328 14 1.0
449.8 435.3263 14 1.0
449.9 435.4199 14 1.0
450.0 435.5134 14 1.0
