15.0 1.512208 13 0.0386162219439361
15.1 1.525355 13 0.039500749572917715
15.2 1.538481 13 0.040371175453880026
15.3 1.551585 13 0.041229489427036636
15.4 1.564669 13 0.042075923886075506
15.5 1.577732 13 0.042912814783156006
15.6 1.590775 13 0.04373595649065476
15.7 1.603797 13 0.04454964072870382
15.8 1.616798 13 0.04535128521174281
15.9 1.629779 13 0.046143324245575434
16.0 1.64274 13 0.04692270904609508
16.1 1.696401 13 0.04791580144815011
16.2 1.747687 13 0.05190921743444166
16.3 1.799363 13 0.05590835292305596
16.4 1.851423 13 0.059915596659782744
16.5 1.90386 13 0.06392579926604447
16.6 1.956668 13 0.06794187133927254
16.7 2.009838 13 0.07196286839980093
16.8 2.063364 13 0.0759947120001081
16.9 2.117241 13 0.08002976255782446
17.0 2.171462 13 0.08406698464059847
17.1 2.226019 13 0.08811485018521692
17.2 2.280908 13 0.0921622108260588
17.3 2.336122 13 0.09622164452832871
17.4 2.391655 13 0.1002790466203366
17.5 2.447502 13 0.10434474494840296
17.6 2.503656 13 0.10841271892215709
17.7 2.560112 13 0.11248876434198696
17.8 2.630444 13 0.11656769164000225
17.9 2.710123 13 0.12065341509832939
18.0 2.790692 13 0.12474067088778129
18.1 2.882424 13 0.12944805083065236
18.2 2.975169 13 0.13415691856069034
18.3 3.068927 14 0.13887295669630062
18.4 3.163697 14 0.1435928371856744
18.5 3.25948 14 0.14831783806500387
18.6 3.356275 14 0.1530461237845857
18.7 3.454083 14 0.1577809059619032
18.8 3.552903 14 0.16251648530323926
18.9 3.652737 14 0.16725764579243962
19.0 3.753582 14 0.17200345361650626
19.1 3.85544 14 0.17675146389507024
19.2 3.958311 14 0.1815049679688211
19.3 4.062195 14 0.1862606990014265
19.4 4.16709 14 0.19102117592391943
19.5 4.272999 14 0.19578598719057239
19.6 4.37992 14 0.20055313152994747
19.7 4.487854 14 0.20532416670493392
19.8 4.5968 14 0.2101003135345837
19.9 4.706759 14 0.2148783387324057
20.0 4.81773 14 0.21965929896789904
20.1 4.934239 14 0.22468537350559892
20.2 5.051809 14 0.2297126804459011
20.3 5.170441 14 0.23474653988864713
20.4 5.290133 14 0.23978287657979702
20.5 5.410887 14 0.24482225012635017
20.6 5.532703 14 0.24986452134803216
20.7 5.65558 14 0.25491077891714886
20.8 5.779518 14 0.25995526167975636
20.9 5.904517 14 0.2650097179762314
21.0 6.030578 14 0.270063791588678
21.1 6.1577 14 0.2751209460670131
21.2 6.285883 14 0.28018188518843845
21.3 6.415128 14 0.2852435874564676
21.4 6.545434 14 0.2903125766082941
21.5 6.676801 14 0.2953821330827988
21.6 6.80923 14 0.3004521427014184
21.7 6.94272 14 0.30552786224931994
21.8 7.077271 14 0.3106043834403365
21.9 7.212884 14 0.3156825147774053
22.0 7.349557 14 0.32076392648272545
22.1 7.503164 14 0.3266195810455007
22.2 7.657983 14 0.33247838136151764
22.3 7.814014 14 0.33834018967285473
22.4 7.971257 14 0.34420606962343836
22.5 8.129712 14 0.3500689185598512
22.6 8.355751 14 0.3560290242156201
22.7 8.516015 14 0.3618979027290945
22.8 8.677491 14 0.36777181029738293
22.9 8.84018 14 0.37364580076967024
23.0 9.00408 14 0.37952420052172275
23.1 9.169192 14 0.3854038603393165
23.2 9.335516 14 0.3912820763001269
23.3 9.503052 14 0.3971675775342902
23.4 9.6718 14 0.4030563731039166
23.5 9.841761 14 0.40894248170587766
23.6 10.01293 14 0.4148325653314461
23.7 10.18532 14 0.42072798623530505
23.8 10.35891 14 0.4266229092898062
23.9 10.53372 14 0.4325200397207465
24.0 10.70974 14 0.4384195756172242
24.1 10.88722 14 0.44434572965018426
24.2 11.0659 14 0.4502746724050456
24.3 11.2458 14 0.45620583518308777
24.4 11.4269 14 0.4621369400414589
24.5 11.60921 14 0.468071683797028
24.6 11.79273 14 0.47401025097207505
24.7 11.97746 14 0.47994858897477966
24.8 12.16339 14 0.4858880069671462
24.9 12.35053 14 0.491830324718739
25.0 12.53889 14 0.4977737618187056
25.1 12.72845 14 0.5037197108298687
25.2 12.91921 14 0.5096682865607168
25.3 13.11119 14 0.5156178400622846
25.4 13.30437 14 0.5215695971392704
25.5 13.49877 14 0.5275217044122394
25.6 13.69437 14 0.5334759774362965
25.7 13.89118 14 0.5394337180976451
25.8 14.08919 14 0.5453924715872318
25.9 14.28842 14 0.5513520070577856
26.0 14.48885 14 0.5573119613695047
26.1 14.69446 14 0.5634302784689423
26.2 14.90131 14 0.5695451585795457
26.3 15.1094 14 0.5756655273437501
26.4 15.31874 14 0.5817855339206555
26.5 15.52932 14 0.5879054941952019
26.6 15.74114 14 0.5940297874146052
26.7 15.95421 14 0.6001563162053525
26.8 16.16852 14 0.6062815164787592
26.9 16.38408 14 0.6124113015444983
27.0 16.60088 14 0.6185405456433494
27.1 16.81892 14 0.6246710790253859
27.2 17.03821 14 0.6308039469247557
27.3 17.25874 14 0.6369373149415203
27.4 17.48051 14 0.6430729075750397
27.5 17.70352 14 0.649211178400926
27.6 17.92779 14 0.655348521789676
27.7 18.15329 14 0.6614885109879649
27.8 18.38004 14 0.6676287584520213
27.9 18.60803 14 0.6737713436225427
28.0 18.83726 14 0.679915252649632
28.1 19.07102 14 0.6861755356722392
28.2 19.30605 14 0.6924383943012407
28.3 19.54235 14 0.6987001253650644
28.4 19.77992 14 0.7049656599974126
28.5 20.01877 14 0.7112306582838447
28.6 20.25888 14 0.7174972695279318
28.7 20.50026 14 0.7237666325486182
28.8 20.74292 14 0.73003536359073
28.9 20.98684 14 0.7363052015005593
29.0 21.23204 14 0.7425775044837305
29.1 21.47851 14 0.7488502869826291
29.2 21.72625 14 0.755125095944997
29.3 21.97526 14 0.7614004349927501
29.4 22.22554 14 0.7676775648994034
29.5 22.47709 14 0.7739550148853707
29.6 22.72991 14 0.7802344032005776
29.7 22.984 14 0.7865145103559565
29.8 23.23936 14 0.7927959011505576
29.9 23.496 14 0.7990781876570325
30.0 23.7539 14 0.8053614658397711
30.1 24.02127 14 0.8119667343829355
30.2 24.28996 14 0.818572016831594
30.3 24.55997 14 0.8251796270262031
30.4 24.8313 14 0.8317870884993587
30.5 25.10394 14 0.8383967083498991
30.6 25.37791 14 0.8450065814071407
30.7 25.65319 14 0.8516178736517719
30.8 25.9298 14 0.8582305383554606
30.9 26.20772 14 0.864844060621182
31.0 26.48696 14 0.871458402050085
31.1 26.76752 14 0.878074026287736
31.2 27.04941 14 0.8846903694489794
31.3 27.33261 14 0.891307943046398
31.4 27.61713 14 0.8979264252382285
31.5 27.90296 14 0.904545899233654
31.6 28.19012 14 0.9111664210562391
31.7 28.4786 14 0.9177878079391693
31.8 28.7684 14 0.9244101880735334
31.9 29.05951 14 0.9310335511126394
32.0 29.35195 14 0.9376575420966144
32.1 29.6457 14 0.9442828192408589
32.2 29.94078 14 0.9509090753600383
32.3 30.23717 14 0.9575358591274481
32.4 30.53488 14 0.9641637074282785
32.5 30.83392 14 0.9707925705670492
32.6 31.13427 14 0.9774221224113828
32.7 31.43594 14 0.9840527511457857
32.8 31.73893 14 0.9906841774565139
32.9 32.04324 14 0.9973164134731876
33.0 32.22475 14 1.0
33.1 32.3222 14 1.0
33.2 32.41965 14 1.0
33.3 32.51709 14 1.0
33.4 32.61454 14 1.0
33.5 32.71198 14 1.0
33.6 32.80943 14 1.0
33.7 32.90688 14 1.0
33.8 33.00432 14 1.0
33.9 33.10177 14 1.0
34.0 33.19922 14 1.0
34.1 33.29666 14 1.0
34.2 33.39411 14 1.0
34.3 33.49155 14 1.0
34.4 33.589 14 1.0
34.5 33.68645 14 1.0
34.6 33.78389 14 1.0
34.7 33.88134 14 1.0
34.8 33.97879 14 1.0
34.9 34.07623 14 1.0
35.0 34.17368 14 1.0
35.1 34.2717 14 1.0
35.2 34.36972 14 1.0
35.3 34.46774 14 1.0
35.4 34.56576 14 1.0
35.5 34.66378 14 1.0
35.6 34.7618 14 1.0
35.7 34.85982 14 1.0
35.8 34.95784 14 1.0
35.9 35.05585 14 1.0
36.0 35.15387 14 1.0
36.1 35.25189 14 1.0
36.2 35.34991 14 1.0
36.3 35.44793 14 1.0
36.4 35.54595 14 1.0
36.5 35.64397 14 1.0
36.6 35.74199 14 1.0
36.7 35.84001 14 1.0
36.8 35.93803 14 1.0
36.9 36.03605 14 1.0
37.0 36.13407 14 1.0
37.1 36.23209 14 1.0
37.2 36.33011 14 1.0
37.3 36.42813 14 1.0
37.4 36.52615 14 1.0
37.5 36.62417 14 1.0
37.6 36.72219 14 1.0
37.7 36.82021 14 1.0
37.8 36.91823 14 1.0
37.9 37.01625 14 1.0
38.0 37.11427 14 1.0
38.1 37.21229 14 1.0
38.2 37.31031 14 1.0
38.3 37.40833 14 1.0
38.4 37.50635 14 1.0
38.5 37.60437 14 1.0
38.6 37.70239 14 1.0
38.7 37.80041 14 1.0
38.8 37.89843 14 1.0
38.9 37.99645 14 1.0
39.0 38.09446 14 1.0
39.1 38.19248 14 1.0
39.2 38.2905 14 1.0
39.3 38.38852 14 1.0
39.4 38.48654 14 1.0
39.5 38.58456 14 1.0
39.6 38.68258 14 1.0
39.7 38.7806 14 1.0
39.8 38.87862 14 1.0
39.9 38.97664 14 1.0
40.0 39.07466 14 1.0
40.1 39.1684 14 1.0
40.2 39.26213 14 1.0
40.3 39.35586 14 1.0
40.4 39.4496 14 1.0
40.5 39.54333 14 1.0
40.6 39.63706 14 1.0
40.7 39.7308 14 1.0
40.8 39.82453 14 1.0
40.9 39.91826 14 1.0
41.0 40.012 14 1.0
41.1 40.10573 14 1.0
41.2 40.19946 14 1.0
41.3 40.2932 14 1.0
41.4 40.38693 14 1.0
41.5 40.48066 14 1.0
41.6 40.5744 14 1.0
41.7 40.66813 14 1.0
41.8 40.76186 14 1.0
41.9 40.8556 14 1.0
42.0 40.94933 14 1.0
42.1 41.04306 14 1.0
42.2 41.1368 14 1.0
42.3 41.23053 14 1.0
42.4 41.32426 14 1.0
42.5 41.418 14 1.0
42.6 41.51173 14 1.0
42.7 41.60547 14 1.0
42.8 41.6992 14 1.0
42.9 41.79293 14 1.0
43.0 41.88667 14 1.0
43.1 41.9804 14 1.0
43.2 42.07413 14 1.0
43.3 42.16787 14 1.0
43.4 42.2616 14 1.0
43.5 42.35533 14 1.0
43.6 42.44907 14 1.0
43.7 42.5428 14 1.0
43.8 42.63653 14 1.0
43.9 42.73027 14 1.0
44.0 42.824 14 1.0
44.1 42.91773 14 1.0
44.2 43.01147 14 1.0
44.3 43.1052 14 1.0
44.4 43.19893 14 1.0
44.5 43.29267 14 1.0
44.6 43.3864 14 1.0
44.7 43.48013 14 1.0
44.8 43.57387 14 1.0
44.9 43.6676 14 1.0
45.0 43.76134 14 1.0
45.1 43.85507 14 1.0
45.2 43.9488 14 1.0
45.3 44.04254 14 1.0
45.4 44.13627 14 1.0
45.5 44.23 14 1.0
45.6 44.32374 14 1.0
45.7 44.41747 14 1.0
45.8 44.5112 14 1.0
45.9 44.60494 14 1.0
46.0 44.69867 14 1.0
46.1 44.7924 14 1.0
46.2 44.88614 14 1.0
46.3 44.97987 14 1.0
46.4 45.0736 14 1.0
46.5 45.16734 14 1.0
46.6 45.26107 14 1.0
46.7 45.3548 14 1.0
46.8 45.44854 14 1.0
46.9 45.54227 14 1.0
47.0 45.636 14 1.0
47.1 45.72974 14 1.0
47.2 45.82347 14 1.0
47.3 45.9172 14 1.0
47.4 46.01094 14 1.0
47.5 46.10467 14 1.0
47.6 46.19841 14 1.0
47.7 46.29214 14 1.0
47.8 46.38587 14 1.0
47.9 46.47961 14 1.0
48.0 46.57334 14 1.0
48.1 46.66707 14 1.0
48.2 46.76081 14 1.0
48.3 46.85454 14 1.0
48.4 46.94827 14 1.0
48.5 47.04201 14 1.0
48.6 47.13574 14 1.0
48.7 47.22947 14 1.0
48.8 47.32321 14 1.0
48.9 47.41694 14 1.0
49.0 47.51067 14 1.0
49.1 47.60441 14 1.0
49.2 47.69814 14 1.0
49.3 47.79187 14 1.0
49.4 47.88561 14 1.0
49.5 47.97934 14 1.0
49.6 48.07307 14 1.0
49.7 48.16681 14 1.0
49.8 48.26054 14 1.0
49.9 48.35428 14 1.0
50.0 48.44801 14 1.0
50.1 48.53545 14 1.0
50.2 48.62289 14 1.0
50.3 48.71033 14 1.0
50.4 48.79777 14 1.0
50.5 48.88521 14 1.0
50.6 48.97265 14 1.0
50.7 49.0601 14 1.0
50.8 49.14754 14 1.0
50.9 49.23498 14 1.0
51.0 49.32242 14 1.0
51.1 49.40986 14 1.0
51.2 49.4973 14 1.0
51.3 49.58474 14 1.0
51.4 49.67218 14 1.0
51.5 49.75962 14 1.0
51.6 49.84707 14 1.0
51.7 49.93451 14 1.0
51.8 50.02195 14 1.0
51.9 50.10939 14 1.0
52.0 50.19683 14 1.0
52.1 50.28427 14 1.0
52.2 50.37171 14 1.0
52.3 50.45915 14 1.0
52.4 50.54659 14 1.0
52.5 50.63403 14 1.0
52.6 50.72148 14 1.0
52.7 50.80892 14 1.0
52.8 50.89636 14 1.0
52.9 50.9838 14 1.0
53.0 51.07124 14 1.0
53.1 51.15868 14 1.0
53.2 51.24612 14 1.0
53.3 51.33356 14 1.0
53.4 51.421 14 1.0
53.5 51.50844 14 1.0
53.6 51.59589 14 1.0
53.7 51.68333 14 1.0
53.8 51.77077 14 1.0
53.9 51.85821 14 1.0
54.0 51.94565 14 1.0
54.1 52.03309 14 1.0
54.2 52.12053 14 1.0
54.3 52.20797 14 1.0
54.4 52.29541 14 1.0
54.5 52.38285 14 1.0
54.6 52.4703 14 1.0
54.7 52.55774 14 1.0
54.8 52.64518 14 1.0
54.9 52.73262 14 1.0
55.0 52.82006 14 1.0
55.1 52.9075 14 1.0
55.2 52.99494 14 1.0
55.3 53.08238 14 1.0
55.4 53.16982 14 1.0
55.5 53.25727 14 1.0
55.6 53.34471 14 1.0
55.7 53.43215 14 1.0
55.8 53.51959 14 1.0
55.9 53.60703 14 1.0
56.0 53.69447 14 1.0
56.1 53.78191 14 1.0
56.2 53.86935 14 1.0
56.3 53.95679 14 1.0
56.4 54.04423 14 1.0
56.5 54.13168 14 1.0
56.6 54.21912 14 1.0
56.7 54.30656 14 1.0
56.8 54.394 14 1.0
56.9 54.48144 14 1.0
57.0 54.56888 14 1.0
57.1 54.65632 14 1.0
57.2 54.74376 14 1.0
57.3 54.8312 14 1.0
57.4 54.91864 14 1.0
57.5 55.00609 14 1.0
57.6 55.09353 14 1.0
57.7 55.18097 14 1.0
57.8 55.26841 14 1.0
57.9 55.35585 14 1.0
58.0 55.44329 14 1.0
58.1 55.53073 14 1.0
58.2 55.61817 14 1.0
58.3 55.70561 14 1.0
58.4 55.79305 14 1.0
58.5 55.8805 14 1.0
58.6 55.96794 14 1.0
58.7 56.05538 14 1.0
58.8 56.14282 14 1.0
58.9 56.23026 14 1.0
59.0 56.3177 14 1.0
59.1 56.40514 14 1.0
59.2 56.49258 14 1.0
59.3 56.58002 14 1.0
59.4 56.66747 14 1.0
59.5 56.75491 14 1.0
59.6 56.84235 14 1.0
59.7 56.92979 14 1.0
59.8 57.01723 14 1.0
59.9 57.10467 14 1.0
60.0 57.19211 14 1.0
60.1 57.28241 14 1.0
60.2 57.3727 14 1.0
60.3 57.46299 14 1.0
60.4 57.55329 14 1.0
60.5 57.64358 14 1.0
60.6 57.73388 14 1.0
60.7 57.82417 14 1.0
60.8 57.91447 14 1.0
60.9 58.00476 14 1.0
61.0 58.09506 14 1.0
61.1 58.18535 14 1.0
61.2 58.27564 14 1.0
61.3 58.36594 14 1.0
61.4 58.45623 14 1.0
61.5 58.54653 14 1.0
61.6 58.63682 14 1.0
61.7 58.72712 14 1.0
61.8 58.81741 14 1.0
61.9 58.90771 14 1.0
62.0 58.998 14 1.0
62.1 59.08829 14 1.0
62.2 59.17859 14 1.0
62.3 59.26888 14 1.0
62.4 59.16405 14 1.0
62.5 58.84907 14 1.0
62.6 58.5331 14 1.0
62.7 58.21615 14 1.0
62.8 57.89822 14 1.0
62.9 57.5793 14 1.0
63.0 57.2594 14 1.0
63.1 56.93851 14 1.0
63.2 56.61663 14 1.0
63.3 56.29377 14 1.0
63.4 55.96993 14 1.0
63.5 55.6451 14 1.0
63.6 55.31929 14 1.0
63.7 54.99249 14 1.0
63.8 54.66471 14 1.0
63.9 54.33594 14 1.0
64.0 54.00619 14 1.0
64.1 53.67545 14 1.0
64.2 53.34373 14 1.0
64.3 53.01102 14 1.0
64.4 52.67733 14 1.0
64.5 52.34265 14 1.0
64.6 52.00699 14 1.0
64.7 51.67034 14 1.0
64.8 51.33271 14 1.0
64.9 50.99409 14 1.0
65.0 50.65449 14 1.0
65.1 50.31391 14 1.0
65.2 49.97234 14 1.0
65.3 49.62978 14 1.0
65.4 49.28624 14 1.0
65.5 48.94172 14 1.0
65.6 48.59621 14 1.0
65.7 48.24971 14 1.0
65.8 47.90223 14 1.0
65.9 47.55377 14 1.0
66.0 47.20432 14 1.0
66.1 46.85388 14 1.0
66.2 46.50246 14 1.0
66.3 46.15006 14 1.0
66.4 45.79667 14 1.0
66.5 45.4423 14 1.0
66.6 45.08694 14 1.0
66.7 44.7306 14 1.0
66.8 44.37327 14 1.0
66.9 44.01495 14 1.0
67.0 43.65566 14 1.0
67.1 43.29537 14 1.0
67.2 42.93411 14 1.0
67.3 42.57185 14 1.0
67.4 42.20862 14 1.0
67.5 41.84439 14 1.0
67.6 41.47919 14 1.0
67.7 41.113 14 1.0
67.8 40.74582 14 1.0
67.9 40.37766 14 1.0
68.0 40.00851 14 1.0
68.1 39.63838 14 1.0
68.2 39.26726 14 1.0
68.3 38.89516 14 1.0
68.4 38.52208 14 1.0
68.5 38.14801 14 1.0
68.6 37.77295 14 1.0
68.7 37.39691 14 1.0
68.8 37.01989 14 1.0
68.9 36.64188 14 1.0
69.0 36.26288 14 1.0
69.1 35.8829 14 1.0
69.2 35.50194 14 1.0
69.3 35.11999 14 1.0
69.4 34.73705 14 1.0
69.5 34.35314 14 1.0
69.6 33.96823 14 1.0
69.7 33.58234 14 1.0
69.8 33.19547 14 1.0
69.9 32.80761 14 1.0
70.0 32.41877 14 1.0
70.1 32.03455 14 1.0
70.2 31.6497 14 1.0
70.3 31.26421 14 1.0
70.4 31.00382 14 1.0
70.5 31.05229 14 1.0
70.6 31.10076 14 1.0
70.7 31.14922 14 1.0
70.8 31.19769 14 1.0
70.9 31.24616 14 1.0
71.0 31.29462 14 1.0
71.1 31.34309 14 1.0
71.2 31.39155 14 1.0
71.3 31.44002 14 1.0
71.4 31.48849 14 1.0
71.5 31.53695 14 1.0
71.6 31.58542 14 1.0
71.7 31.63389 14 1.0
71.8 31.68235 14 1.0
71.9 31.73082 14 1.0
72.0 31.77928 14 1.0
72.1 31.82775 14 1.0
72.2 31.87622 14 1.0
72.3 31.92468 14 1.0
72.4 31.97315 14 1.0
72.5 32.02162 14 1.0
72.6 32.07008 14 1.0
72.7 32.11855 14 1.0
72.8 32.16702 14 1.0
72.9 32.21548 14 1.0
73.0 32.26395 14 1.0
73.1 32.31241 14 1.0
73.2 32.36088 14 1.0
73.3 32.40935 14 1.0
73.4 32.45781 14 1.0
73.5 32.50628 14 1.0
73.6 32.55475 14 1.0
73.7 32.60321 14 1.0
73.8 32.65168 14 1.0
73.9 32.70014 14 1.0
74.0 32.74861 14 1.0
74.1 32.79708 14 1.0
74.2 32.84554 14 1.0
74.3 32.89401 14 1.0
74.4 32.94248 14 1.0
74.5 32.99094 14 1.0
74.6 33.03941 14 1.0
74.7 33.08787 14 1.0
74.8 33.13634 14 1.0
74.9 33.18481 14 1.0
75.0 33.23327 14 1.0
75.1 33.28174 14 1.0
75.2 33.33021 14 1.0
75.3 33.37867 14 1.0
75.4 33.42714 14 1.0
75.5 33.47561 14 1.0
75.6 33.52407 14 1.0
75.7 33.57254 14 1.0
75.8 33.621 14 1.0
75.9 33.66947 14 1.0
76.0 33.71794 14 1.0
76.1 33.7664 14 1.0
76.2 33.81487 14 1.0
76.3 33.86334 14 1.0
76.4 33.9118 14 1.0
76.5 33.96027 14 1.0
76.6 34.00873 14 1.0
76.7 34.0572 14 1.0
76.8 34.10567 14 1.0
76.9 34.15413 14 1.0
77.0 34.2026 14 1.0
77.1 34.25107 14 1.0
77.2 34.29953 14 1.0
77.3 34.348 14 1.0
77.4 34.39646 14 1.0
77.5 34.44493 14 1.0
77.6 34.4934 14 1.0
77.7 34.54186 14 1.0
77.8 34.59033 14 1.0
77.9 34.6388 14 1.0
78.0 34.68726 14 1.0
78.1 34.73573 14 1.0
78.2 34.7842 14 1.0
78.3 34.83266 14 1.0
78.4 34.88113 14 1.0
78.5 34.92959 14 1.0
78.6 34.97806 14 1.0
78.7 35.02653 14 1.0
78.8 35.07499 14 1.0
78.9 35.12346 14 1.0
79.0 35.17193 14 1.0
79.1 35.22039 14 1.0
79.2 35.26886 14 1.0
79.3 35.31732 14 1.0
79.4 35.36579 14 1.0
79.5 35.41426 14 1.0
79.6 35.46272 14 1.0
79.7 35.51119 14 1.0
79.8 35.55966 14 1.0
79.9 35.60812 14 1.0
80.0 35.65659 14 1.0
80.1 35.60874 14 1.0
80.2 35.56088 14 1.0
80.3 35.51303 14 1.0
80.4 35.46518 14 1.0
80.5 35.41733 14 1.0
80.6 35.36948 14 1.0
80.7 35.32162 14 1.0
80.8 35.27377 14 1.0
80.9 35.22592 14 1.0
81.0 35.17807 14 1.0
81.1 35.13021 14 1.0
81.2 35.08236 14 1.0
81.3 35.03451 14 1.0
81.4 34.98666 14 1.0
81.5 34.93881 14 1.0
81.6 34.89095 14 1.0
81.7 34.8431 14 1.0
81.8 34.79525 14 1.0
81.9 34.7474 14 1.0
82.0 34.69954 14 1.0
82.1 34.65169 14 1.0
82.2 34.60384 14 1.0
82.3 34.55599 14 1.0
82.4 34.50814 14 1.0
82.5 34.46028 14 1.0
82.6 34.41243 14 1.0
82.7 34.36458 14 1.0
82.8 34.31673 14 1.0
82.9 34.26888 14 1.0
83.0 34.22102 14 1.0
83.1 34.17317 14 1.0
83.2 34.12532 14 1.0
83.3 34.07747 14 1.0
83.4 34.02961 14 1.0
83.5 33.98176 14 1.0
83.6 33.93391 14 1.0
83.7 33.88606 14 1.0
83.8 33.83821 14 1.0
83.9 33.79035 14 1.0
84.0 33.7425 14 1.0
84.1 33.69465 14 1.0
84.2 33.6468 14 1.0
84.3 33.59894 14 1.0
84.4 33.55109 14 1.0
84.5 33.50324 14 1.0
84.6 33.45539 14 1.0
84.7 33.40754 14 1.0
84.8 33.35968 14 1.0
84.9 33.31183 14 1.0
85.0 33.26398 14 1.0
85.1 33.21613 14 1.0
85.2 33.16828 14 1.0
85.3 33.12042 14 1.0
85.4 33.07257 14 1.0
85.5 33.02472 14 1.0
85.6 32.97687 14 1.0
85.7 32.92901 14 1.0
85.8 32.88116 14 1.0
85.9 32.83331 14 1.0
86.0 32.78546 14 1.0
86.1 32.73761 14 1.0
86.2 32.68975 14 1.0
86.3 32.6419 14 1.0
86.4 32.59405 14 1.0
86.5 32.5462 14 1.0
86.6 32.49834 14 1.0
86.7 32.45049 14 1.0
86.8 32.40264 14 1.0
86.9 32.35479 14 1.0
87.0 33.0054 14 1.0
87.1 33.77784 14 1.0
87.2 34.55507 14 1.0
87.3 35.33709 14 1.0
87.4 36.1239 14 1.0
87.5 36.9155 14 1.0
87.6 37.71189 14 1.0
87.7 38.51307 14 1.0
87.8 39.31905 14 1.0
87.9 40.12981 14 1.0
88.0 40.94536 14 1.0
88.1 41.76571 14 1.0
88.2 42.59084 14 1.0
88.3 43.42077 14 1.0
88.4 44.25549 14 1.0
88.5 45.09499 14 1.0
88.6 45.93929 14 1.0
88.7 46.78838 14 1.0
88.8 47.64226 14 1.0
88.9 48.50093 14 1.0
89.0 49.36439 14 1.0
89.1 50.23264 14 1.0
89.2 51.10568 14 1.0
89.3 51.98352 14 1.0
89.4 52.86614 14 1.0
89.5 53.75355 14 1.0
89.6 54.64576 14 1.0
89.7 55.54275 14 1.0
89.8 56.44454 14 1.0
89.9 57.35111 14 1.0
90.0 58.26248 14 1.0
90.1 58.35873 14 1.0
90.2 58.45513 14 1.0
90.3 58.55168 14 1.0
90.4 58.64838 14 1.0
90.5 58.74522 14 1.0
90.6 58.84222 14 1.0
90.7 58.93937 14 1.0
90.8 59.03666 14 1.0
90.9 59.13411 14 1.0
91.0 59.2317 14 1.0
91.1 59.32945 14 1.0
91.2 59.42734 14 1.0
91.3 59.52538 14 1.0
91.4 59.62357 14 1.0
91.5 59.72191 14 1.0
91.6 59.8204 14 1.0
91.7 59.91904 14 1.0
91.8 60.01783 14 1.0
91.9 60.11677 14 1.0
92.0 60.21585 14 1.0
92.1 60.31509 14 1.0
92.2 60.41448 14 1.0
92.3 60.51401 14 1.0
92.4 60.6137 14 1.0
92.5 60.71353 14 1.0
92.6 60.81351 14 1.0
92.7 60.91364 14 1.0
92.8 61.01393 14 1.0
92.9 61.11436 14 1.0
93.0 61.21494 14 1.0
93.1 61.31567 14 1.0
93.2 61.41654 14 1.0
93.3 61.51757 14 1.0
93.4 61.61875 14 1.0
93.5 61.72008 14 1.0
93.6 61.82155 14 1.0
93.7 61.92318 14 1.0
93.8 62.02495 14 1.0
93.9 62.12688 14 1.0
94.0 62.22895 14 1.0
94.1 62.33117 14 1.0
94.2 62.43354 14 1.0
94.3 62.53606 14 1.0
94.4 62.63873 14 1.0
94.5 62.74155 14 1.0
94.6 62.84452 14 1.0
94.7 62.94764 14 1.0
94.8 63.05091 14 1.0
94.9 63.15432 14 1.0
95.0 63.25789 14 1.0
95.1 63.3616 14 1.0
95.2 63.46547 14 1.0
95.3 63.56948 14 1.0
95.4 63.67365 14 1.0
95.5 63.77796 14 1.0
95.6 63.88242 14 1.0
95.7 63.98703 14 1.0
95.8 64.09179 14 1.0
95.9 64.1967 14 1.0
96.0 64.30176 14 1.0
96.1 64.40697 14 1.0
96.2 64.51233 14 1.0
96.3 64.61783 14 1.0
96.4 64.72349 14 1.0
96.5 64.82929 14 1.0
96.6 64.93525 14 1.0
96.7 65.04135 14 1.0
96.8 65.1476 14 1.0
96.9 65.25401 14 1.0
97.0 65.36056 14 1.0
97.1 65.46726 14 1.0
97.2 65.57411 14 1.0
97.3 65.68111 14 1.0
97.4 65.78826 14 1.0
97.5 65.89556 14 1.0
97.6 66.00301 14 1.0
97.7 66.1106 14 1.0
97.8 66.21835 14 1.0
97.9 66.32624 14 1.0
98.0 66.43429 14 1.0
98.1 66.54248 14 1.0
98.2 66.65083 14 1.0
98.3 66.75932 14 1.0
98.4 66.86796 14 1.0
98.5 66.97675 14 1.0
98.6 67.08569 14 1.0
98.7 67.19478 14 1.0
98.8 67.30402 14 1.0
98.9 67.41341 14 1.0
99.0 67.52295 14 1.0
99.1 67.63263 14 1.0
99.2 67.74247 14 1.0
99.3 67.85246 14 1.0
99.4 67.96259 14 1.0
99.5 68.07287 14 1.0
99.6 68.18331 14 1.0
99.7 68.29389 14 1.0
99.8 68.40462 14 1.0
99.9 68.5155 14 1.0
100.0 68.62653 14 1.0
100.1 67.89091 14 1.0
100.2 67.15464 14 1.0
100.3 66.41775 14 1.0
100.4 65.68022 14 1.0
100.5 64.94205 14 1.0
100.6 64.20325 14 1.0
100.7 63.46382 14 1.0
100.8 62.72376 14 1.0
100.9 61.98306 14 1.0
101.0 61.24173 14 1.0
101.1 60.49977 14 1.0
101.2 59.75717 14 1.0
101.3 59.01393 14 1.0
101.4 58.27007 14 1.0
101.5 57.52557 14 1.0
101.6 56.78044 14 1.0
101.7 56.03467 14 1.0
101.8 55.28827 14 1.0
101.9 54.54124 14 1.0
102.0 53.79357 14 1.0
102.1 53.04527 14 1.0
102.2 52.29633 14 1.0
102.3 51.54677 14 1.0
102.4 50.79657 14 1.0
102.5 50.04573 14 1.0
102.6 49.29426 14 1.0
102.7 48.54216 14 1.0
102.8 47.78942 14 1.0
102.9 47.03606 14 1.0
103.0 46.28205 14 1.0
103.1 45.52742 14 1.0
103.2 44.77215 14 1.0
103.3 44.01624 14 1.0
103.4 43.25971 14 1.0
103.5 42.50254 14 1.0
103.6 41.74473 14 1.0
103.7 40.98629 14 1.0
103.8 40.22722 14 1.0
103.9 39.46752 14 1.0
104.0 38.70718 14 1.0
104.1 37.94621 14 1.0
104.2 37.1846 14 1.0
104.3 36.42236 14 1.0
104.4 35.65949 14 1.0
104.5 34.89599 14 1.0
104.6 34.13185 14 1.0
104.7 33.75059 14 1.0
104.8 33.80382 14 1.0
104.9 33.85704 14 1.0
105.0 33.91027 14 1.0
105.1 33.96349 14 1.0
105.2 34.01671 14 1.0
105.3 34.06994 14 1.0
105.4 34.12316 14 1.0
105.5 34.17639 14 1.0
105.6 34.22961 14 1.0
105.7 34.28284 14 1.0
105.8 34.33606 14 1.0
105.9 34.38928 14 1.0
106.0 34.44251 14 1.0
106.1 34.49573 14 1.0
106.2 34.54896 14 1.0
106.3 34.60218 14 1.0
106.4 34.65541 14 1.0
106.5 34.70863 14 1.0
106.6 34.76185 14 1.0
106.7 34.81508 14 1.0
106.8 34.8683 14 1.0
106.9 34.92153 14 1.0
107.0 34.97475 14 1.0
107.1 35.02798 14 1.0
107.2 35.0812 14 1.0
107.3 35.13442 14 1.0
107.4 35.18765 14 1.0
107.5 35.24087 14 1.0
107.6 35.2941 14 1.0
107.7 35.34732 14 1.0
107.8 35.40055 14 1.0
107.9 35.45377 14 1.0
108.0 35.50699 14 1.0
108.1 35.56022 14 1.0
108.2 35.61344 14 1.0
108.3 35.66667 14 1.0
108.4 35.71989 14 1.0
108.5 35.77312 14 1.0
108.6 35.82634 14 1.0
108.7 35.87957 14 1.0
108.8 35.93279 14 1.0
108.9 35.98601 14 1.0
109.0 36.03924 14 1.0
109.1 36.09246 14 1.0
109.2 36.14569 14 1.0
109.3 36.19891 14 1.0
109.4 36.25214 14 1.0
109.5 36.30536 14 1.0
109.6 36.35858 14 1.0
109.7 36.41181 14 1.0
109.8 36.46503 14 1.0
109.9 36.51826 14 1.0
110.0 36.57148 14 1.0
110.1 36.61827 14 1.0
110.2 36.66507 14 1.0
110.3 36.71186 14 1.0
110.4 36.75865 14 1.0
110.5 36.80544 14 1.0
110.6 36.85224 14 1.0
110.7 36.89903 14 1.0
110.8 36.94582 14 1.0
110.9 36.99261 14 1.0
111.0 37.03941 14 1.0
111.1 37.0862 14 1.0
111.2 37.13299 14 1.0
111.3 37.17978 14 1.0
111.4 37.22658 14 1.0
111.5 37.27337 14 1.0
111.6 37.32016 14 1.0
111.7 37.36695 14 1.0
111.8 37.41375 14 1.0
111.9 37.46054 14 1.0
112.0 37.50733 14 1.0
112.1 37.55412 14 1.0
112.2 37.60092 14 1.0
112.3 37.64771 14 1.0
112.4 37.6945 14 1.0
112.5 37.74129 14 1.0
112.6 37.78809 14 1.0
112.7 37.83488 14 1.0
112.8 37.88167 14 1.0
112.9 37.92846 14 1.0
113.0 37.97526 14 1.0
113.1 38.02205 14 1.0
113.2 38.06884 14 1.0
113.3 38.11563 14 1.0
113.4 38.16243 14 1.0
113.5 38.20922 14 1.0
113.6 38.25601 14 1.0
113.7 38.3028 14 1.0
113.8 38.3496 14 1.0
113.9 38.39639 14 1.0
114.0 38.44318 14 1.0
114.1 38.48997 14 1.0
114.2 38.53677 14 1.0
114.3 38.58356 14 1.0
114.4 38.63035 14 1.0
114.5 38.67714 14 1.0
114.6 38.72394 14 1.0
114.7 38.77073 14 1.0
114.8 38.81752 14 1.0
114.9 38.86431 14 1.0
115.0 38.91111 14 1.0
115.1 38.9579 14 1.0
115.2 39.00469 14 1.0
115.3 39.05148 14 1.0
115.4 39.09828 14 1.0
115.5 39.14507 14 1.0
115.6 39.19186 14 1.0
115.7 39.23865 14 1.0
115.8 39.28545 14 1.0
115.9 39.33224 14 1.0
116.0 39.37903 14 1.0
116.1 39.42582 14 1.0
116.2 39.47262 14 1.0
116.3 39.51941 14 1.0
116.4 39.5662 14 1.0
116.5 39.61299 14 1.0
116.6 39.65979 14 1.0
116.7 39.70658 14 1.0
116.8 39.75337 14 1.0
116.9 39.80016 14 1.0
117.0 39.84696 14 1.0
117.1 39.89375 14 1.0
117.2 39.94054 14 1.0
117.3 39.98733 14 1.0
117.4 40.03413 14 1.0
117.5 40.08092 14 1.0
117.6 40.12771 14 1.0
117.7 40.1745 14 1.0
117.8 40.2213 14 1.0
117.9 40.26809 14 1.0
118.0 40.31488 14 1.0
118.1 40.36167 14 1.0
118.2 40.40847 14 1.0
118.3 40.45526 14 1.0
118.4 40.50205 14 1.0
118.5 40.54884 14 1.0
118.6 40.59564 14 1.0
118.7 40.64243 14 1.0
118.8 40.68922 14 1.0
118.9 40.73601 14 1.0
119.0 40.78281 14 1.0
119.1 40.8296 14 1.0
119.2 40.87639 14 1.0
119.3 40.92319 14 1.0
119.4 40.96998 14 1.0
119.5 41.01677 14 1.0
119.6 41.06356 14 1.0
119.7 41.11036 14 1.0
119.8 41.15715 14 1.0
119.9 41.20394 14 1.0
120.0 41.25073 14 1.0
120.1 41.26756 14 1.0
120.2 41.28439 14 1.0
120.3 41.30122 14 1.0
120.4 41.31805 14 1.0
120.5 41.33488 14 1.0
120.6 41.35171 14 1.0
120.7 41.36854 14 1.0
120.8 41.38537 14 1.0
120.9 41.4022 14 1.0
121.0 41.41903 14 1.0
121.1 41.43586 14 1.0
121.2 41.45269 14 1.0
121.3 41.46952 14 1.0
121.4 41.48635 14 1.0
121.5 41.50318 14 1.0
121.6 41.52001 14 1.0
121.7 41.53684 14 1.0
121.8 41.55367 14 1.0
121.9 41.5705 14 1.0
122.0 41.58733 14 1.0
122.1 41.60416 14 1.0
122.2 41.62099 14 1.0
122.3 41.63782 14 1.0
122.4 41.65465 14 1.0
122.5 41.67148 14 1.0
122.6 41.68831 14 1.0
122.7 41.70514 14 1.0
122.8 41.72197 14 1.0
122.9 41.7388 14 1.0
123.0 41.75563 14 1.0
123.1 41.77246 14 1.0
123.2 41.78929 14 1.0
123.3 41.80612 14 1.0
123.4 41.82295 14 1.0
123.5 41.83978 14 1.0
123.6 41.85662 14 1.0
123.7 41.87345 14 1.0
123.8 41.89028 14 1.0
123.9 41.90711 14 1.0
124.0 41.92394 14 1.0
124.1 41.94077 14 1.0
124.2 41.9576 14 1.0
124.3 41.97443 14 1.0
124.4 41.99126 14 1.0
124.5 42.00809 14 1.0
124.6 42.02492 14 1.0
124.7 42.04175 14 1.0
124.8 42.05858 14 1.0
124.9 42.07541 14 1.0
125.0 42.09224 14 1.0
125.1 42.10907 14 1.0
125.2 42.1259 14 1.0
125.3 42.14273 14 1.0
125.4 42.15956 14 1.0
125.5 42.17639 14 1.0
125.6 42.19322 14 1.0
125.7 42.21005 14 1.0
125.8 42.22688 14 1.0
125.9 42.24371 14 1.0
126.0 42.26054 14 1.0
126.1 42.27737 14 1.0
126.2 42.2942 14 1.0
126.3 42.31103 14 1.0
126.4 42.32786 14 1.0
126.5 42.34469 14 1.0
126.6 42.36152 14 1.0
126.7 42.37835 14 1.0
126.8 42.39518 14 1.0
126.9 42.41201 14 1.0
127.0 42.42884 14 1.0
127.1 42.44567 14 1.0
127.2 42.4625 14 1.0
127.3 42.47933 14 1.0
127.4 42.49616 14 1.0
127.5 42.51299 14 1.0
127.6 42.52982 14 1.0
127.7 42.54665 14 1.0
127.8 42.56348 14 1.0
127.9 42.58031 14 1.0
128.0 42.59714 14 1.0
128.1 42.61397 14 1.0
128.2 42.6308 14 1.0
128.3 42.64763 14 1.0
128.4 42.66446 14 1.0
128.5 42.68129 14 1.0
128.6 42.69812 14 1.0
128.7 42.71495 14 1.0
128.8 42.73178 14 1.0
128.9 42.74861 14 1.0
129.0 42.76544 14 1.0
129.1 42.78227 14 1.0
129.2 42.7991 14 1.0
129.3 42.81593 14 1.0
129.4 42.83276 14 1.0
129.5 42.84959 14 1.0
129.6 42.86642 14 1.0
129.7 42.88325 14 1.0
129.8 42.90008 14 1.0
129.9 42.91691 14 1.0
130.0 42.93374 14 1.0
130.1 42.97586 14 1.0
130.2 43.01799 14 1.0
130.3 43.06011 14 1.0
130.4 43.10223 14 1.0
130.5 43.14436 14 1.0
130.6 43.18648 14 1.0
130.7 43.2286 14 1.0
130.8 43.27072 14 1.0
130.9 43.31285 14 1.0
131.0 43.35497 14 1.0
131.1 43.39709 14 1.0
131.2 43.43922 14 1.0
131.3 43.48134 14 1.0
131.4 43.52346 14 1.0
131.5 43.56559 14 1.0
131.6 43.60771 14 1.0
131.7 43.64983 14 1.0
131.8 43.69196 14 1.0
131.9 43.73408 14 1.0
132.0 43.7762 14 1.0
132.1 43.81833 14 1.0
132.2 43.86045 14 1.0
132.3 43.90257 14 1.0
132.4 43.9447 14 1.0
132.5 43.98682 14 1.0
132.6 44.02894 14 1.0
132.7 44.07107 14 1.0
132.8 44.11319 14 1.0
132.9 44.15531 14 1.0
133.0 44.19744 14 1.0
133.1 44.23956 14 1.0
133.2 44.28168 14 1.0
133.3 44.3238 14 1.0
133.4 44.36593 14 1.0
133.5 44.40805 14 1.0
133.6 44.45017 14 1.0
133.7 44.4923 14 1.0
133.8 44.53442 14 1.0
133.9 44.57654 14 1.0
134.0 44.61867 14 1.0
134.1 44.66079 14 1.0
134.2 44.70291 14 1.0
134.3 44.74504 14 1.0
134.4 44.78716 14 1.0
134.5 44.82928 14 1.0
134.6 44.87141 14 1.0
134.7 44.91353 14 1.0
134.8 44.95565 14 1.0
134.9 44.99778 14 1.0
135.0 45.0399 14 1.0
135.1 45.08202 14 1.0
135.2 45.12415 14 1.0
135.3 45.16627 14 1.0
135.4 45.20839 14 1.0
135.5 45.25051 14 1.0
135.6 45.29264 14 1.0
135.7 45.33476 14 1.0
135.8 45.37688 14 1.0
135.9 45.41901 14 1.0
136.0 45.46113 14 1.0
136.1 45.50325 14 1.0
136.2 45.54538 14 1.0
136.3 45.5875 14 1.0
136.4 45.62962 14 1.0
136.5 45.67175 14 1.0
136.6 45.71387 14 1.0
136.7 45.75599 14 1.0
136.8 45.79812 14 1.0
136.9 45.84024 14 1.0
137.0 45.88236 14 1.0
137.1 45.92449 14 1.0
137.2 45.96661 14 1.0
137.3 46.00873 14 1.0
137.4 46.05086 14 1.0
137.5 46.09298 14 1.0
137.6 46.1351 14 1.0
137.7 46.17723 14 1.0
137.8 46.21935 14 1.0
137.9 46.26147 14 1.0
138.0 46.30359 14 1.0
138.1 46.34572 14 1.0
138.2 46.38784 14 1.0
138.3 46.42996 14 1.0
138.4 46.47209 14 1.0
138.5 46.51421 14 1.0
138.6 46.55633 14 1.0
138.7 46.59846 14 1.0
138.8 46.64058 14 1.0
138.9 46.6827 14 1.0
139.0 46.72483 14 1.0
139.1 46.76695 14 1.0
139.2 46.80907 14 1.0
139.3 46.8512 14 1.0
139.4 46.89332 14 1.0
139.5 46.93544 14 1.0
139.6 46.97757 14 1.0
139.7 47.01969 14 1.0
139.8 47.06181 14 1.0
139.9 47.10394 14 1.0
140.0 47.14606 14 1.0
140.1 47.15598 14 1.0
140.2 47.1659 14 1.0
140.3 47.17583 14 1.0
140.4 47.18575 14 1.0
140.5 47.19567 14 1.0
140.6 47.2056 14 1.0
140.7 47.21552 14 1.0
140.8 47.22544 14 1.0
140.9 47.23537 14 1.0
141.0 47.24529 14 1.0
141.1 47.25521 14 1.0
141.2 47.26514 14 1.0
141.3 47.27506 14 1.0
141.4 47.28498 14 1.0
141.5 47.29491 14 1.0
141.6 47.30483 14 1.0
141.7 47.31475 14 1.0
141.8 47.32468 14 1.0
141.9 47.3346 14 1.0
142.0 47.34452 14 1.0
142.1 47.35445 14 1.0
142.2 47.36437 14 1.0
142.3 47.37429 14 1.0
142.4 47.38422 14 1.0
142.5 47.39414 14 1.0
142.6 47.40406 14 1.0
142.7 47.41399 14 1.0
142.8 47.42391 14 1.0
142.9 47.43383 14 1.0
143.0 47.44376 14 1.0
143.1 47.45368 14 1.0
143.2 47.4636 14 1.0
143.3 47.47353 14 1.0
143.4 47.48345 14 1.0
143.5 47.49337 14 1.0
143.6 47.5033 14 1.0
143.7 47.51322 14 1.0
143.8 47.52314 14 1.0
143.9 47.53307 14 1.0
144.0 47.54299 14 1.0
144.1 47.55291 14 1.0
144.2 47.56284 14 1.0
144.3 47.57276 14 1.0
144.4 47.58268 14 1.0
144.5 47.5926 14 1.0
144.6 47.60253 14 1.0
144.7 47.61245 14 1.0
144.8 47.62237 14 1.0
144.9 47.6323 14 1.0
145.0 47.64222 14 1.0
145.1 47.65214 14 1.0
145.2 47.66207 14 1.0
145.3 47.67199 14 1.0
145.4 47.68191 14 1.0
145.5 47.69184 14 1.0
145.6 47.70176 14 1.0
145.7 47.71168 14 1.0
145.8 47.72161 14 1.0
145.9 47.73153 14 1.0
146.0 47.74145 14 1.0
146.1 47.75138 14 1.0
146.2 47.7613 14 1.0
146.3 47.77122 14 1.0
146.4 47.78115 14 1.0
146.5 47.79107 14 1.0
146.6 47.80099 14 1.0
146.7 47.81092 14 1.0
146.8 47.82084 14 1.0
146.9 47.83076 14 1.0
147.0 47.84069 14 1.0
147.1 47.85061 14 1.0
147.2 47.86053 14 1.0
147.3 47.87046 14 1.0
147.4 47.88038 14 1.0
147.5 47.8903 14 1.0
147.6 47.90023 14 1.0
147.7 47.91015 14 1.0
147.8 47.92419 14 1.0
147.9 47.94157 14 1.0
148.0 47.95895 14 1.0
148.1 47.97633 14 1.0
148.2 47.99371 14 1.0
148.3 48.01109 14 1.0
148.4 48.02847 14 1.0
148.5 48.04585 14 1.0
148.6 48.06324 14 1.0
148.7 48.08062 14 1.0
148.8 48.098 14 1.0
148.9 48.11539 14 1.0
149.0 48.13278 14 1.0
149.1 48.15017 14 1.0
149.2 48.16744 14 1.0
149.3 48.18484 14 1.0
149.4 48.20224 14 1.0
149.5 48.21965 14 1.0
149.6 48.23706 14 1.0
149.7 48.25446 14 1.0
149.8 48.27186 14 1.0
149.9 48.28927 14 1.0
150.0 48.30668 14 1.0
150.1 48.3546 14 1.0
150.2 48.40252 14 1.0
150.3 48.45044 14 1.0
150.4 48.49835 14 1.0
150.5 48.54627 14 1.0
150.6 48.59419 14 1.0
150.7 48.64211 14 1.0
150.8 48.69002 14 1.0
150.9 48.73794 14 1.0
151.0 48.78585 14 1.0
151.1 48.83378 14 1.0
151.2 48.8817 14 1.0
151.3 48.92961 14 1.0
151.4 48.97753 14 1.0
151.5 49.02545 14 1.0
151.6 49.07337 14 1.0
151.7 49.12128 14 1.0
151.8 49.1692 14 1.0
151.9 49.21712 14 1.0
152.0 49.26504 14 1.0
152.1 49.31295 14 1.0
152.2 49.36087 14 1.0
152.3 49.40879 14 1.0
152.4 49.45671 14 1.0
152.5 49.50463 14 1.0
152.6 49.55254 14 1.0
152.7 49.60046 14 1.0
152.8 49.64838 14 1.0
152.9 49.6963 14 1.0
153.0 49.74421 14 1.0
153.1 49.79213 14 1.0
153.2 49.84004 14 1.0
153.3 49.88796 14 1.0
153.4 49.93588 14 1.0
153.5 49.9838 14 1.0
153.6 50.03171 14 1.0
153.7 50.07963 14 1.0
153.8 50.12755 14 1.0
153.9 50.17547 14 1.0
154.0 50.22339 14 1.0
154.1 50.2713 14 1.0
154.2 50.31922 14 1.0
154.3 50.36714 14 1.0
154.4 50.41506 14 1.0
154.5 50.46297 14 1.0
154.6 50.51089 14 1.0
154.7 50.55881 14 1.0
154.8 50.60673 14 1.0
154.9 50.65465 14 1.0
155.0 50.70256 14 1.0
155.1 50.75048 14 1.0
155.2 50.7984 14 1.0
155.3 50.84632 14 1.0
155.4 50.89423 14 1.0
155.5 50.94215 14 1.0
155.6 50.99007 14 1.0
155.7 51.03799 14 1.0
155.8 51.0859 14 1.0
155.9 51.13382 14 1.0
156.0 51.18174 14 1.0
156.1 51.22966 14 1.0
156.2 51.27758 14 1.0
156.3 51.32549 14 1.0
156.4 51.37341 14 1.0
156.5 51.42133 14 1.0
156.6 51.46925 14 1.0
156.7 51.51716 14 1.0
156.8 51.56508 14 1.0
156.9 51.613 14 1.0
157.0 51.66092 14 1.0
157.1 51.70883 14 1.0
157.2 51.75675 14 1.0
157.3 51.80467 14 1.0
157.4 51.85259 14 1.0
157.5 51.90051 14 1.0
157.6 51.94842 14 1.0
157.7 51.99634 14 1.0
157.8 52.04426 14 1.0
157.9 52.09218 14 1.0
158.0 52.14009 14 1.0
158.1 52.18801 14 1.0
158.2 52.23593 14 1.0
158.3 52.28385 14 1.0
158.4 52.33177 14 1.0
158.5 52.37968 14 1.0
158.6 52.4276 14 1.0
158.7 52.47552 14 1.0
158.8 52.52344 14 1.0
158.9 52.57135 14 1.0
159.0 52.61927 14 1.0
159.1 52.66719 14 1.0
159.2 52.71511 14 1.0
159.3 52.76302 14 1.0
159.4 52.81094 14 1.0
159.5 52.85886 14 1.0
159.6 52.90678 14 1.0
159.7 52.9547 14 1.0
159.8 53.00261 14 1.0
159.9 53.05053 14 1.0
160.0 53.09845 14 1.0
160.1 53.14637 14 1.0
160.2 53.19428 14 1.0
160.3 53.2422 14 1.0
160.4 53.29012 14 1.0
160.5 53.33804 14 1.0
160.6 53.38596 14 1.0
160.7 53.43387 14 1.0
160.8 53.48179 14 1.0
160.9 53.52971 14 1.0
161.0 53.57763 14 1.0
161.1 53.62554 14 1.0
161.2 53.67346 14 1.0
161.3 53.72138 14 1.0
161.4 53.7693 14 1.0
161.5 53.81722 14 1.0
161.6 53.86513 14 1.0
161.7 53.91305 14 1.0
161.8 53.96097 14 1.0
161.9 54.00889 14 1.0
162.0 54.0568 14 1.0
162.1 54.10472 14 1.0
162.2 54.15264 14 1.0
162.3 54.20056 14 1.0
162.4 54.24847 14 1.0
162.5 53.96328 14 1.0
162.6 53.2268 14 1.0
162.7 52.48894 14 1.0
162.8 51.74972 14 1.0
162.9 51.00913 14 1.0
163.0 50.26717 14 1.0
163.1 49.52384 14 1.0
163.2 48.77914 14 1.0
163.3 48.03307 14 1.0
163.4 47.28563 14 1.0
163.5 46.53681 14 1.0
163.6 45.78663 14 1.0
163.7 45.03508 14 1.0
163.8 44.28216 14 1.0
163.9 43.52787 14 1.0
164.0 42.7722 14 1.0
164.1 42.01517 14 1.0
164.2 41.25677 14 1.0
164.3 40.49699 14 1.0
164.4 39.73585 14 1.0
164.5 38.97334 14 1.0
164.6 38.20945 14 1.0
164.7 37.4442 14 1.0
164.8 36.67758 14 1.0
164.9 35.90958 14 1.0
165.0 35.14022 14 1.0
165.1 34.36948 14 1.0
165.2 33.59738 14 1.0
165.3 32.8239 14 1.0
165.4 32.04906 14 1.0
165.5 31.27284 14 1.0
165.6 30.49526 14 1.0
165.7 29.7163 14 1.0
165.8 28.93598 14 1.0
165.9 28.15428 14 1.0
166.0 27.37122 14 1.0
166.1 26.58678 14 1.0
166.2 25.80097 14 1.0
166.3 25.0138 14 1.0
166.4 24.22525 14 1.0
166.5 23.43534 14 1.0
166.6 22.64405 14 1.0
166.7 21.85139 14 1.0
166.8 21.05736 14 1.0
166.9 20.26197 14 1.0
167.0 19.4652 14 1.0
167.1 18.66706 14 1.0
167.2 17.86755 14 1.0
167.3 17.06668 14 1.0
167.4 16.26443 14 1.0
167.5 15.46081 14 1.0
167.6 14.65582 14 1.0
167.7 13.84946 14 1.0
167.8 13.04174 14 1.0
167.9 12.23264 14 1.0
168.0 11.42217 14 1.0
168.1 10.61033 14 1.0
168.2 9.79712 14 1.0
168.3 8.98254 14 1.0
168.4 8.166591 14 1.0
168.5 7.349271 14 1.0
168.6 6.530581 14 1.0
168.7 5.710521 14 1.0
168.8 4.889091 14 1.0
168.9 4.066291 14 1.0
169.0 0.0 15 0.0
169.1 0.0 15 0.0
169.2 0.0 15 0.0
169.3 0.0 15 0.0
169.4 0.0 15 0.0
169.5 0.0 15 0.0
169.6 0.0 15 0.0
169.7 0.0 15 0.0
169.8 0.0 15 0.0
169.9 0.0 15 0.0
170.0 0.0 15 0.0
170.1 0.0 15 0.0
170.2 0.0 15 0.0
170.3 0.0 15 0.0
170.4 0.0 15 0.0
170.5 0.0 15 0.0
170.6 0.0 15 0.0
170.7 0.0 15 0.0
170.8 0.0 15 0.0
170.9 0.0 15 0.0
171.0 0.0 15 0.0
171.1 0.0 15 0.0
171.2 0.0 15 0.0
171.3 0.0 15 0.0
171.4 0.0 15 0.0
171.5 0.0 15 0.0
171.6 0.0 15 0.0
171.7 0.0 15 0.0
171.8 0.0 15 0.0
171.9 0.0 15 0.0
172.0 0.0 15 0.0
172.1 0.0 15 0.0
172.2 0.0 15 0.0
172.3 0.0 15 0.0
172.4 0.0 15 0.0
172.5 0.0 15 0.0
172.6 0.0 15 0.0
172.7 0.0 15 0.0
172.8 0.0 15 0.0
172.9 0.0 15 0.0
173.0 0.0 15 0.0
173.1 0.0 15 0.0
173.2 0.0 15 0.0
173.3 0.0 15 0.0
173.4 0.0 15 0.0
173.5 0.0 15 0.0
173.6 0.0 15 0.0
173.7 0.0 15 0.0
173.8 0.0 15 0.0
173.9 0.0 15 0.0
174.0 0.0 15 0.0
174.1 0.0 15 0.0
174.2 0.0 15 0.0
174.3 0.0 15 0.0
174.4 0.0 15 0.0
174.5 0.0 15 0.0
174.6 0.0 15 0.0
174.7 0.0 15 0.0
174.8 0.0 15 0.0
174.9 0.0 15 0.0
175.0 0.0 15 0.0
175.1 0.0 15 0.0
175.2 0.0 15 0.0
175.3 0.0 15 0.0
175.4 0.0 15 0.0
175.5 0.0 15 0.0
175.6 0.0 15 0.0
175.7 0.0 15 0.0
175.8 0.0 15 0.0
175.9 0.0 15 0.0
176.0 0.0 15 0.0
176.1 0.0 15 0.0
176.2 0.0 15 0.0
176.3 0.0 15 0.0
176.4 0.0 15 0.0
176.5 0.0 15 0.0
176.6 0.0 15 0.0
176.7 0.0 15 0.0
176.8 0.0 15 0.0
176.9 0.0 15 0.0
177.0 0.0 15 0.0
177.1 0.0 15 0.0
177.2 0.0 15 0.0
177.3 0.0 15 0.0
177.4 0.0 15 0.0
177.5 0.0 15 0.0
177.6 0.0 15 0.0
177.7 0.0 15 0.0
177.8 0.0 15 0.0
177.9 0.0 15 0.0
178.0 0.0 15 0.0
178.1 0.0 15 0.0
178.2 0.0 15 0.0
178.3 0.0 15 0.0
178.4 0.0 15 0.0
178.5 0.0 15 0.0
178.6 0.0 15 0.0
178.7 0.0 15 0.0
178.8 0.0 15 0.0
178.9 0.0 15 0.0
179.0 0.0 15 0.0
179.1 0.0 15 0.0
179.2 0.0 15 0.0
179.3 0.0 15 0.0
179.4 0.0 15 0.0
179.5 0.0 15 0.0
179.6 0.0 15 0.0
179.7 0.0 15 0.0
179.8 0.0 15 0.0
179.9 0.0 15 0.0
180.0 0.0 15 0.0
180.1 0.0 15 0.0
180.2 0.0 15 0.0
180.3 0.0 15 0.0
180.4 0.0 15 0.0
180.5 0.0 15 0.0
180.6 0.0 15 0.0
180.7 0.0 15 0.0
180.8 0.0 15 0.0
180.9 0.0 15 0.0
181.0 0.0 15 0.0
181.1 0.0 15 0.0
181.2 0.0 15 0.0
181.3 0.0 15 0.0
181.4 0.0 15 0.0
181.5 0.0 15 0.0
181.6 0.0 15 0.0
181.7 0.0 15 0.0
181.8 0.0 15 0.0
181.9 0.0 15 0.0
182.0 0.0 15 0.0
182.1 0.0 15 0.0
182.2 0.0 15 0.0
182.3 0.0 15 0.0
182.4 0.0 15 0.0
182.5 0.0 15 0.0
182.6 0.0 15 0.0
182.7 0.0 15 0.0
182.8 0.0 15 0.0
182.9 0.0 15 0.0
183.0 0.0 15 0.0
183.1 0.0 15 0.0
183.2 0.0 15 0.0
183.3 0.0 15 0.0
183.4 0.0 15 0.0
183.5 0.0 15 0.0
183.6 0.0 15 0.0
183.7 0.0 15 0.0
183.8 0.0 15 0.0
183.9 0.0 15 0.0
184.0 0.0 15 0.0
184.1 0.0 15 0.0
184.2 0.0 15 0.0
184.3 0.0 15 0.0
184.4 0.0 15 0.0
184.5 0.0 15 0.0
184.6 0.0 15 0.0
184.7 0.0 15 0.0
184.8 0.0 15 0.0
184.9 0.0 15 0.0
185.0 0.0 15 0.0
185.1 0.0 15 0.0
185.2 0.0 15 0.0
185.3 0.0 15 0.0
185.4 0.0 15 0.0
185.5 0.0 15 0.0
185.6 0.0 15 0.0
185.7 0.0 15 0.0
185.8 0.0 15 0.0
185.9 0.0 15 0.0
186.0 0.0 15 0.0
186.1 0.0 15 0.0
186.2 0.0 15 0.0
186.3 0.0 15 0.0
186.4 0.0 15 0.0
186.5 0.0 15 0.0
186.6 0.0 15 0.0
186.7 0.0 15 0.0
186.8 0.0 15 0.0
186.9 0.0 15 0.0
187.0 0.0 15 0.0
187.1 0.0 15 0.0
187.2 0.0 15 0.0
187.3 0.0 15 0.0
187.4 0.0 15 0.0
187.5 0.0 15 0.0
187.6 0.0 15 0.0
187.7 0.0 15 0.0
187.8 0.0 15 0.0
187.9 0.0 15 0.0
188.0 0.0 15 0.0
188.1 0.0 15 0.0
188.2 0.0 15 0.0
188.3 0.0 15 0.0
188.4 0.0 15 0.0
188.5 0.0 15 0.0
188.6 0.0 15 0.0
188.7 0.0 15 0.0
188.8 0.0 15 0.0
188.9 0.0 15 0.0
189.0 0.0 15 0.0
189.1 0.0 15 0.0
189.2 0.0 15 0.0
189.3 0.0 15 0.0
189.4 0.0 15 0.0
189.5 0.0 15 0.0
189.6 0.0 15 0.0
189.7 0.0 15 0.0
189.8 0.0 15 0.0
189.9 0.0 15 0.0
190.0 0.0 15 0.0
190.1 0.0 15 0.0
190.2 0.0 15 0.0
190.3 0.0 15 0.0
190.4 0.0 15 0.0
190.5 0.0 15 0.0
190.6 0.0 15 0.0
190.7 0.0 15 0.0
190.8 0.0 15 0.0
190.9 0.0 15 0.0
191.0 0.0 15 0.0
191.1 0.0 15 0.0
191.2 0.0 15 0.0
191.3 0.0 15 0.0
191.4 0.0 15 0.0
191.5 0.0 15 0.0
191.6 0.0 15 0.0
191.7 0.0 15 0.0
191.8 0.0 15 0.0
191.9 0.0 15 0.0
192.0 0.0 15 0.0
192.1 0.0 15 0.0
192.2 0.0 15 0.0
192.3 0.0 15 0.0
192.4 0.0 15 0.0
192.5 0.0 15 0.0
192.6 0.0 15 0.0
192.7 0.0 15 0.0
192.8 0.0 15 0.0
192.9 0.0 15 0.0
193.0 0.0 15 0.0
193.1 0.0 15 0.0
193.2 0.0 15 0.0
193.3 0.0 15 0.0
193.4 0.0 15 0.0
193.5 0.0 15 0.0
193.6 0.0 15 0.0
193.7 0.0 15 0.0
193.8 0.0 15 0.0
193.9 0.0 15 0.0
194.0 0.0 15 0.0
194.1 0.0 15 0.0
194.2 0.0 15 0.0
194.3 0.0 15 0.0
194.4 0.0 15 0.0
194.5 0.0 15 0.0
194.6 0.0 15 0.0
194.7 0.0 15 0.0
194.8 0.0 15 0.0
194.9 0.0 15 0.0
195.0 0.0 15 0.0
195.1 0.0 15 0.0
195.2 0.0 15 0.0
195.3 0.0 15 0.0
195.4 0.0 15 0.0
195.5 0.0 15 0.0
195.6 0.0 15 0.0
195.7 0.0 15 0.0
195.8 0.0 15 0.0
195.9 0.0 15 0.0
196.0 0.0 15 0.0
196.1 0.0 15 0.0
196.2 0.0 15 0.0
196.3 0.0 15 0.0
196.4 0.0 15 0.0
196.5 0.0 15 0.0
196.6 0.0 15 0.0
196.7 0.0 15 0.0
196.8 0.0 15 0.0
196.9 0.0 15 0.0
197.0 0.0 15 0.0
197.1 0.0 15 0.0
197.2 0.0 15 0.0
197.3 0.0 15 0.0
197.4 0.0 15 0.0
197.5 0.0 15 0.0
197.6 0.0 15 0.0
197.7 0.0 15 0.0
197.8 0.0 15 0.0
197.9 0.0 15 0.0
198.0 0.0 15 0.0
198.1 0.0 15 0.0
198.2 0.0 15 0.0
198.3 0.0 15 0.0
198.4 0.0 15 0.0
198.5 0.0 15 0.0
198.6 0.0 15 0.0
198.7 0.0 15 0.0
198.8 0.0 15 0.0
198.9 0.0 15 0.0
199.0 0.0 15 0.0
199.1 0.0 15 0.0
199.2 0.0 15 0.0
199.3 0.0 15 0.0
199.4 0.0 15 0.0
199.5 0.0 15 0.0
199.6 0.0 15 0.0
199.7 0.0 15 0.0
199.8 0.0 15 0.0
199.9 0.0 15 0.0
200.0 0.0 15 0.0
200.1 0.0 15 0.0
200.2 0.0 15 0.0
200.3 0.0 15 0.0
200.4 0.0 15 0.0
200.5 0.0 15 0.0
200.6 0.0 15 0.0
200.7 0.0 15 0.0
200.8 0.0 15 0.0
200.9 0.0 15 0.0
201.0 0.0 15 0.0
201.1 0.0 15 0.0
201.2 0.0 15 0.0
201.3 0.0 15 0.0
201.4 0.0 15 0.0
201.5 0.0 15 0.0
201.6 0.0 15 0.0
201.7 0.0 15 0.0
201.8 0.0 15 0.0
201.9 0.0 15 0.0
202.0 0.0 15 0.0
202.1 0.0 15 0.0
202.2 0.0 15 0.0
202.3 0.0 15 0.0
202.4 0.0 15 0.0
202.5 0.0 15 0.0
202.6 0.0 15 0.0
202.7 0.0 15 0.0
202.8 0.0 15 0.0
202.9 0.0 15 0.0
203.0 0.0 15 0.0
203.1 0.0 15 0.0
203.2 0.0 15 0.0
203.3 0.0 15 0.0
203.4 0.0 15 0.0
203.5 0.0 15 0.0
203.6 0.0 15 0.0
203.7 0.0 15 0.0
203.8 0.0 15 0.0
203.9 0.0 15 0.0
204.0 0.0 15 0.0
204.1 0.0 15 0.0
204.2 0.0 15 0.0
204.3 0.0 15 0.0
204.4 0.0 15 0.0
204.5 0.0 15 0.0
204.6 0.0 15 0.0
204.7 0.0 15 0.0
204.8 0.0 15 0.0
204.9 0.0 15 0.0
205.0 0.0 15 0.0
205.1 0.0 15 0.0
205.2 0.0 15 0.0
205.3 0.0 15 0.0
205.4 0.0 15 0.0
205.5 0.0 15 0.0
205.6 0.0 15 0.0
205.7 0.0 15 0.0
205.8 0.0 15 0.0
205.9 0.0 15 0.0
206.0 0.0 15 0.0
206.1 0.0 15 0.0
206.2 0.0 15 0.0
206.3 0.0 15 0.0
206.4 0.0 15 0.0
206.5 0.0 15 0.0
206.6 0.0 15 0.0
206.7 0.0 15 0.0
206.8 0.0 15 0.0
206.9 0.0 15 0.0
207.0 0.0 15 0.0
207.1 0.0 15 0.0
207.2 0.0 15 0.0
207.3 0.0 15 0.0
207.4 0.0 15 0.0
207.5 0.0 15 0.0
207.6 0.0 15 0.0
207.7 0.0 15 0.0
207.8 0.0 15 0.0
207.9 0.0 15 0.0
208.0 0.0 15 0.0
208.1 0.0 15 0.0
208.2 0.0 15 0.0
208.3 0.0 15 0.0
208.4 0.0 15 0.0
208.5 0.0 15 0.0
208.6 0.0 15 0.0
208.7 0.0 15 0.0
208.8 0.0 15 0.0
208.9 0.0 15 0.0
209.0 0.0 15 0.0
209.1 0.0 15 0.0
209.2 0.0 15 0.0
209.3 0.0 15 0.0
209.4 0.0 15 0.0
209.5 0.0 15 0.0
209.6 0.0 15 0.0
209.7 0.0 15 0.0
209.8 0.0 15 0.0
209.9 0.0 15 0.0
210.0 0.0 15 0.0
210.1 0.0 15 0.0
210.2 0.0 15 0.0
210.3 0.0 15 0.0
210.4 0.0 15 0.0
210.5 0.0 15 0.0
210.6 0.0 15 0.0
210.7 0.0 15 0.0
210.8 0.0 15 0.0
210.9 0.0 15 0.0
211.0 0.0 15 0.0
211.1 0.0 15 0.0
211.2 0.0 15 0.0
211.3 0.0 15 0.0
211.4 0.0 15 0.0
211.5 0.0 15 0.0
211.6 0.0 15 0.0
211.7 0.0 15 0.0
211.8 0.0 15 0.0
211.9 0.0 15 0.0
212.0 0.0 15 0.0
212.1 0.0 15 0.0
212.2 0.0 15 0.0
212.3 0.0 15 0.0
212.4 0.0 15 0.0
212.5 0.0 15 0.0
212.6 0.0 15 0.0
212.7 0.0 15 0.0
212.8 0.0 15 0.0
212.9 0.0 15 0.0
213.0 0.0 15 0.0
213.1 0.0 15 0.0
213.2 0.0 15 0.0
213.3 0.0 15 0.0
213.4 0.0 15 0.0
213.5 0.0 15 0.0
213.6 0.0 15 0.0
213.7 0.0 15 0.0
213.8 0.0 15 0.0
213.9 0.0 15 0.0
214.0 0.0 15 0.0
214.1 0.0 15 0.0
214.2 0.0 15 0.0
214.3 0.0 15 0.0
214.4 0.0 15 0.0
214.5 0.0 15 0.0
214.6 0.0 15 0.0
214.7 0.0 15 0.0
214.8 0.0 15 0.0
214.9 0.0 15 0.0
215.0 0.0 15 0.0
215.1 0.0 15 0.0
215.2 0.0 15 0.0
215.3 0.0 15 0.0
215.4 0.0 15 0.0
215.5 0.0 15 0.0
215.6 0.0 15 0.0
215.7 0.0 15 0.0
215.8 0.0 15 0.0
215.9 0.0 15 0.0
216.0 0.0 15 0.0
216.1 0.0 15 0.0
216.2 0.0 15 0.0
216.3 0.0 15 0.0
216.4 0.0 15 0.0
216.5 0.0 15 0.0
216.6 0.0 15 0.0
216.7 0.0 15 0.0
216.8 0.0 15 0.0
216.9 0.0 15 0.0
217.0 0.0 15 0.0
217.1 0.0 15 0.0
217.2 0.0 15 0.0
217.3 0.0 15 0.0
217.4 0.0 15 0.0
217.5 0.0 15 0.0
217.6 0.0 15 0.0
217.7 0.0 15 0.0
217.8 0.0 15 0.0
217.9 0.0 15 0.0
218.0 0.0 15 0.0
218.1 0.0 15 0.0
218.2 0.0 15 0.0
218.3 0.0 15 0.0
218.4 0.0 15 0.0
218.5 0.0 15 0.0
218.6 0.0 15 0.0
218.7 0.0 15 0.0
218.8 0.0 15 0.0
218.9 0.0 15 0.0
219.0 0.0 15 0.0
219.1 0.0 15 0.0
219.2 0.0 15 0.0
219.3 0.0 15 0.0
219.4 0.0 15 0.0
219.5 0.0 15 0.0
219.6 0.0 15 0.0
219.7 0.0 15 0.0
219.8 0.0 15 0.0
219.9 0.0 15 0.0
220.0 0.0 15 0.0
220.1 0.0 15 0.0
220.2 0.0 15 0.0
220.3 0.0 15 0.0
220.4 0.0 15 0.0
220.5 0.0 15 0.0
220.6 0.0 15 0.0
220.7 0.0 15 0.0
220.8 0.0 15 0.0
220.9 0.0 15 0.0
221.0 0.0 15 0.0
221.1 0.0 15 0.0
221.2 0.0 15 0.0
221.3 0.0 15 0.0
221.4 0.0 15 0.0
221.5 0.0 15 0.0
221.6 0.0 15 0.0
221.7 0.0 15 0.0
221.8 0.0 15 0.0
221.9 0.0 15 0.0
222.0 0.0 15 0.0
222.1 0.0 15 0.0
222.2 0.0 15 0.0
222.3 0.0 15 0.0
222.4 0.0 15 0.0
222.5 0.0 15 0.0
222.6 0.0 15 0.0
222.7 0.0 15 0.0
222.8 0.0 15 0.0
222.9 0.0 15 0.0
223.0 0.0 15 0.0
223.1 0.0 15 0.0
223.2 0.0 15 0.0
223.3 0.0 15 0.0
223.4 0.0 15 0.0
223.5 0.0 15 0.0
223.6 0.0 15 0.0
223.7 0.0 15 0.0
223.8 0.0 15 0.0
223.9 0.0 15 0.0
224.0 0.0 15 0.0
224.1 0.0 15 0.0
224.2 0.0 15 0.0
224.3 0.0 15 0.0
224.4 0.0 15 0.0
224.5 0.0 15 0.0
224.6 0.0 15 0.0
224.7 0.0 15 0.0
224.8 0.0 15 0.0
224.9 0.0 15 0.0
225.0 0.0 15 0.0
225.1 0.0 15 0.0
225.2 0.0 15 0.0
225.3 0.0 15 0.0
225.4 0.0 15 0.0
225.5 0.0 15 0.0
225.6 0.0 15 0.0
225.7 0.0 15 0.0
225.8 0.0 15 0.0
225.9 0.0 15 0.0
226.0 0.0 15 0.0
226.1 0.0 15 0.0
226.2 0.0 15 0.0
226.3 0.0 15 0.0
226.4 0.0 15 0.0
226.5 0.0 15 0.0
226.6 0.0 15 0.0
226.7 0.0 15 0.0
226.8 0.0 15 0.0
226.9 0.0 15 0.0
227.0 0.0 15 0.0
227.1 0.0 15 0.0
227.2 0.0 15 0.0
227.3 0.0 15 0.0
227.4 0.0 15 0.0
227.5 0.0 15 0.0
227.6 0.0 15 0.0
227.7 0.0 15 0.0
227.8 0.0 15 0.0
227.9 0.0 15 0.0
228.0 0.0 15 0.0
228.1 0.0 15 0.0
228.2 0.0 15 0.0
228.3 0.0 15 0.0
228.4 0.0 15 0.0
228.5 0.0 15 0.0
228.6 0.0 15 0.0
228.7 0.0 15 0.0
228.8 0.0 15 0.0
228.9 0.0 15 0.0
229.0 0.0 15 0.0
229.1 0.0 15 0.0
229.2 0.0 15 0.0
229.3 0.0 15 0.0
229.4 0.0 15 0.0
229.5 0.0 15 0.0
229.6 0.0 15 0.0
229.7 0.0 15 0.0
229.8 0.0 15 0.0
229.9 0.0 15 0.0
230.0 0.0 15 0.0
230.1 0.0 15 0.0
230.2 0.0 15 0.0
230.3 0.0 15 0.0
230.4 0.0 15 0.0
230.5 0.0 15 0.0
230.6 0.0 15 0.0
230.7 0.0 15 0.0
230.8 0.0 15 0.0
230.8 0.0 15 0.0
231.0 0.0 15 0.0
231.0 0.0 15 0.0
231.1 0.0 15 0.0
231.2 0.0 15 0.0
231.3 0.0 15 0.0
231.4 0.0 15 0.0
231.5 0.0 15 0.0
231.6 0.0 15 0.0
231.7 0.0 15 0.0
231.8 0.0 15 0.0
231.9 0.0 15 0.0
232.0 0.0 15 0.0
232.1 0.0 15 0.0
232.2 0.0 15 0.0
232.3 0.0 15 0.0
232.4 0.0 15 0.0
232.5 0.0 15 0.0
232.6 0.0 15 0.0
232.7 0.0 15 0.0
232.8 0.0 15 0.0
232.9 0.0 15 0.0
233.0 0.0 15 0.0
233.1 0.0 15 0.0
233.2 0.0 15 0.0
233.3 0.0 15 0.0
233.4 0.0 15 0.0
233.5 0.0 15 0.0
233.6 0.0 15 0.0
233.7 0.0 15 0.0
233.8 0.0 15 0.0
233.9 0.0 15 0.0
234.0 0.0 15 0.0
234.1 0.0 15 0.0
234.2 0.0 15 0.0
234.3 0.0 15 0.0
234.4 0.0 15 0.0
234.5 0.0 15 0.0
234.6 0.0 15 0.0
234.7 0.0 15 0.0
234.8 0.0 15 0.0
234.9 0.0 15 0.0
235.0 0.0 15 0.0
235.1 0.0 15 0.0
235.2 0.0 15 0.0
235.3 0.0 15 0.0
235.4 0.0 15 0.0
235.5 0.0 15 0.0
235.6 0.0 15 0.0
235.7 0.0 15 0.0
235.8 0.0 15 0.0
235.9 0.0 15 0.0
236.0 0.0 15 0.0
236.1 0.0 15 0.0
236.2 0.0 15 0.0
236.3 0.0 15 0.0
236.4 0.0 15 0.0
236.5 0.0 15 0.0
236.6 0.0 15 0.0
236.7 0.0 15 0.0
236.8 0.0 15 0.0
236.9 0.0 15 0.0
237.0 0.0 15 0.0
237.1 0.0 15 0.0
237.2 0.0 15 0.0
237.3 0.0 15 0.0
237.4 0.0 15 0.0
237.5 0.0 15 0.0
237.6 0.0 15 0.0
237.7 0.0 15 0.0
237.8 0.0 15 0.0
237.9 0.0 15 0.0
238.0 0.0 15 0.0
238.1 0.0 15 0.0
238.2 0.0 15 0.0
238.3 0.0 15 0.0
238.4 0.0 15 0.0
238.5 0.0 15 0.0
238.6 0.0 15 0.0
238.7 0.0 15 0.0
238.8 0.0 15 0.0
238.9 0.0 15 0.0
239.0 0.0 15 0.0
239.1 0.0 15 0.0
239.2 0.0 15 0.0
239.3 0.0 15 0.0
239.4 0.0 15 0.0
239.5 0.0 15 0.0
239.6 0.0 15 0.0
239.7 0.0 15 0.0
239.8 0.0 15 0.0
239.9 0.0 15 0.0
240.0 0.0 15 0.0
240.1 0.0 15 0.0
240.2 0.0 15 0.0
240.3 0.0 15 0.0
240.4 0.0 15 0.0
240.5 0.0 15 0.0
240.6 0.0 15 0.0
240.7 0.0 15 0.0
240.8 0.0 15 0.0
240.9 0.0 15 0.0
241.0 0.0 15 0.0
241.1 0.0 15 0.0
241.2 0.0 15 0.0
241.3 0.0 15 0.0
241.4 0.0 15 0.0
241.5 0.0 15 0.0
241.6 0.0 15 0.0
241.7 0.0 15 0.0
241.8 0.0 15 0.0
241.9 0.0 15 0.0
242.0 0.0 15 0.0
242.1 0.0 15 0.0
242.2 0.0 15 0.0
242.3 0.0 15 0.0
242.4 0.0 15 0.0
242.5 0.0 15 0.0
242.6 0.0 15 0.0
242.7 0.0 15 0.0
242.8 0.0 15 0.0
242.9 0.0 15 0.0
243.0 0.0 15 0.0
243.1 0.0 15 0.0
243.2 0.0 15 0.0
243.3 0.0 15 0.0
243.4 0.0 15 0.0
243.5 0.0 15 0.0
243.6 0.0 15 0.0
243.7 0.0 15 0.0
243.8 0.0 15 0.0
243.9 0.0 15 0.0
244.0 0.0 15 0.0
244.1 0.0 15 0.0
244.2 0.0 15 0.0
244.3 0.0 15 0.0
244.4 0.0 15 0.0
244.5 0.0 15 0.0
244.6 0.0 15 0.0
244.7 0.0 15 0.0
244.8 0.0 15 0.0
244.9 0.0 15 0.0
245.0 0.0 15 0.0
245.1 0.0 15 0.0
245.2 0.0 15 0.0
245.3 0.0 15 0.0
245.4 0.0 15 0.0
245.5 0.0 15 0.0
245.6 0.0 15 0.0
245.7 0.0 15 0.0
245.8 0.0 15 0.0
245.9 0.0 15 0.0
246.0 0.0 15 0.0
246.1 0.0 15 0.0
246.2 0.0 15 0.0
246.3 0.0 15 0.0
246.4 0.0 15 0.0
246.5 0.0 15 0.0
246.6 0.0 15 0.0
246.7 0.0 15 0.0
246.8 0.0 15 0.0
246.9 0.0 15 0.0
247.0 0.0 15 0.0
247.1 0.0 15 0.0
247.2 0.0 15 0.0
247.3 0.0 15 0.0
247.4 0.0 15 0.0
247.5 0.0 15 0.0
247.6 0.0 15 0.0
247.7 0.0 15 0.0
247.8 0.0 15 0.0
247.9 0.0 15 0.0
248.0 0.0 15 0.0
248.1 0.0 15 0.0
248.2 0.0 15 0.0
248.3 0.0 15 0.0
248.4 0.0 15 0.0
248.5 0.0 15 0.0
248.6 0.0 15 0.0
248.7 0.0 15 0.0
248.8 0.0 15 0.0
248.9 0.0 15 0.0
249.0 0.0 15 0.0
249.1 0.0 15 0.0
249.2 0.0 15 0.0
249.3 0.0 15 0.0
249.4 0.0 15 0.0
249.5 0.0 15 0.0
249.6 0.0 15 0.0
249.7 0.0 15 0.0
249.8 0.0 15 0.0
249.9 0.0 15 0.0
250.0 0.0 15 0.0
250.1 0.0 15 0.0
250.2 0.0 15 0.0
250.3 0.0 15 0.0
250.4 0.0 15 0.0
250.5 0.0 15 0.0
250.6 0.0 15 0.0
250.7 0.0 15 0.0
250.8 0.0 15 0.0
250.9 0.0 15 0.0
251.0 0.0 15 0.0
251.1 0.0 15 0.0
251.2 0.0 15 0.0
251.3 0.0 15 0.0
251.4 0.0 15 0.0
251.5 0.0 15 0.0
251.6 0.0 15 0.0
251.7 0.0 15 0.0
251.8 0.0 15 0.0
251.9 0.0 15 0.0
252.0 0.0 15 0.0
252.1 0.0 15 0.0
252.2 0.0 15 0.0
252.3 0.0 15 0.0
252.4 0.0 15 0.0
252.5 0.0 15 0.0
252.6 0.0 15 0.0
252.7 0.0 15 0.0
252.8 0.0 15 0.0
252.9 0.0 15 0.0
253.0 0.0 15 0.0
253.1 0.0 15 0.0
253.2 0.0 15 0.0
253.3 0.0 15 0.0
253.4 0.0 15 0.0
253.5 0.0 15 0.0
253.6 0.0 15 0.0
253.7 0.0 15 0.0
253.8 0.0 15 0.0
253.9 0.0 15 0.0
254.0 0.0 15 0.0
254.1 0.0 15 0.0
254.2 0.0 15 0.0
254.3 0.0 15 0.0
254.4 0.0 15 0.0
254.5 0.0 15 0.0
254.6 0.0 15 0.0
254.7 0.0 15 0.0
254.8 0.0 15 0.0
254.9 0.0 15 0.0
255.0 0.0 15 0.0
255.1 0.0 15 0.0
255.2 0.0 15 0.0
255.3 0.0 15 0.0
255.4 0.0 15 0.0
255.5 0.0 15 0.0
255.6 0.0 15 0.0
255.7 0.0 15 0.0
255.8 0.0 15 0.0
255.9 0.0 15 0.0
256.0 0.0 15 0.0
256.1 0.0 15 0.0
256.2 0.0 15 0.0
256.3 0.0 15 0.0
256.4 0.0 15 0.0
256.5 0.0 15 0.0
256.6 0.0 15 0.0
256.7 0.0 15 0.0
256.8 0.0 15 0.0
256.9 0.0 15 0.0
257.0 0.0 15 0.0
257.1 0.0 15 0.0
257.2 0.0 15 0.0
257.3 0.0 15 0.0
257.4 0.0 15 0.0
257.5 0.0 15 0.0
257.6 0.0 15 0.0
257.7 0.0 15 0.0
257.8 0.0 15 0.0
257.9 0.0 15 0.0
258.0 0.0 15 0.0
258.1 0.0 15 0.0
258.2 0.0 15 0.0
258.3 0.0 15 0.0
258.4 0.0 15 0.0
258.5 0.0 15 0.0
258.6 0.0 15 0.0
258.7 0.0 15 0.0
258.8 0.0 15 0.0
258.9 0.0 15 0.0
259.0 0.0 15 0.0
259.1 0.0 15 0.0
259.2 0.0 15 0.0
259.3 0.0 15 0.0
259.4 0.0 15 0.0
259.5 0.0 15 0.0
259.6 0.0 15 0.0
259.7 0.0 15 0.0
259.8 0.0 15 0.0
259.9 0.0 15 0.0
260.0 0.0 15 0.0
260.1 0.0 15 0.0
260.2 0.0 15 0.0
260.3 0.0 15 0.0
260.4 0.0 15 0.0
260.5 0.0 15 0.0
260.6 0.0 15 0.0
260.7 0.0 15 0.0
260.8 0.0 15 0.0
260.9 0.0 15 0.0
261.0 0.0 15 0.0
261.1 0.0 15 0.0
261.2 0.0 15 0.0
261.3 0.0 15 0.0
261.4 0.0 15 0.0
261.5 0.0 15 0.0
261.6 0.0 15 0.0
261.7 0.0 15 0.0
261.8 0.0 15 0.0
261.9 0.0 15 0.0
262.0 0.0 15 0.0
262.1 0.0 15 0.0
262.2 0.0 15 0.0
262.3 0.0 15 0.0
262.4 0.0 15 0.0
262.5 0.0 15 0.0
262.6 0.0 15 0.0
262.7 0.0 15 0.0
262.8 0.0 15 0.0
262.9 0.0 15 0.0
263.0 0.0 15 0.0
263.1 0.0 15 0.0
263.2 0.0 15 0.0
263.3 0.0 15 0.0
263.4 0.0 15 0.0
263.5 0.0 15 0.0
263.6 0.0 15 0.0
263.7 0.0 15 0.0
263.8 0.0 15 0.0
263.9 0.0 15 0.0
264.0 0.0 15 0.0
264.1 0.0 15 0.0
264.2 0.0 15 0.0
264.3 0.0 15 0.0
264.4 0.0 15 0.0
264.5 0.0 15 0.0
264.6 0.0 15 0.0
264.7 0.0 15 0.0
264.8 0.0 15 0.0
264.9 0.0 15 0.0
265.0 0.0 15 0.0
265.1 0.0 15 0.0
265.2 0.0 15 0.0
265.3 0.0 15 0.0
265.4 0.0 15 0.0
265.5 0.0 15 0.0
265.6 0.0 15 0.0
265.7 0.0 15 0.0
265.8 0.0 15 0.0
265.9 0.0 15 0.0
266.0 0.0 15 0.0
266.1 0.0 15 0.0
266.2 0.0 15 0.0
266.3 0.0 15 0.0
266.4 0.0 15 0.0
266.5 0.0 15 0.0
266.6 0.0 15 0.0
266.7 0.0 15 0.0
266.8 0.0 15 0.0
266.9 0.0 15 0.0
267.0 0.0 15 0.0
267.1 0.0 15 0.0
267.2 0.0 15 0.0
267.3 0.0 15 0.0
267.4 0.0 15 0.0
267.5 0.0 15 0.0
267.6 0.0 15 0.0
267.7 0.0 15 0.0
267.8 0.0 15 0.0
267.9 0.0 15 0.0
268.0 0.0 15 0.0
268.1 0.0 15 0.0
268.2 0.0 15 0.0
268.3 0.0 15 0.0
268.4 0.0 15 0.0
268.5 0.0 15 0.0
268.6 0.0 15 0.0
268.7 0.0 15 0.0
268.8 0.0 15 0.0
268.9 0.0 15 0.0
269.0 0.0 15 0.0
269.1 0.0 15 0.0
269.2 0.0 15 0.0
269.3 0.0 15 0.0
269.4 0.0 15 0.0
269.5 0.0 15 0.0
269.6 0.0 15 0.0
269.7 0.0 15 0.0
269.8 0.0 15 0.0
269.9 0.0 15 0.0
270.0 0.0 15 0.0
270.1 0.0 15 0.0
270.2 0.0 15 0.0
270.3 0.0 15 0.0
270.4 0.0 15 0.0
270.5 0.0 15 0.0
270.6 0.0 15 0.0
270.7 0.0 15 0.0
270.8 0.0 15 0.0
270.9 0.0 15 0.0
271.0 0.0 15 0.0
271.1 0.0 15 0.0
271.2 0.0 15 0.0
271.3 0.0 15 0.0
271.4 0.0 15 0.0
271.5 0.0 15 0.0
271.6 0.0 15 0.0
271.7 0.0 15 0.0
271.8 0.0 15 0.0
271.9 0.0 15 0.0
272.0 0.0 15 0.0
272.1 0.0 15 0.0
272.2 0.0 15 0.0
272.3 0.0 15 0.0
272.4 0.0 15 0.0
272.5 0.0 15 0.0
272.6 0.0 15 0.0
272.7 0.0 15 0.0
272.8 0.0 15 0.0
272.9 0.0 15 0.0
273.0 0.0 15 0.0
273.1 0.0 15 0.0
273.2 0.0 15 0.0
273.3 0.0 15 0.0
273.4 0.0 15 0.0
273.5 0.0 15 0.0
273.6 0.0 15 0.0
273.7 0.0 15 0.0
273.8 0.0 15 0.0
273.9 0.0 15 0.0
274.0 0.0 15 0.0
274.1 0.0 15 0.0
274.2 0.0 15 0.0
274.3 0.0 15 0.0
274.4 0.0 15 0.0
274.5 0.0 15 0.0
274.6 0.0 15 0.0
274.7 0.0 15 0.0
274.8 0.0 15 0.0
274.9 0.0 15 0.0
275.0 0.0 15 0.0
275.1 0.0 15 0.0
275.2 0.0 15 0.0
275.3 0.0 15 0.0
275.4 0.0 15 0.0
275.5 0.0 15 0.0
275.6 0.0 15 0.0
275.7 0.0 15 0.0
275.8 0.0 15 0.0
275.9 0.0 15 0.0
276.0 0.0 15 0.0
276.1 0.0 15 0.0
276.2 0.0 15 0.0
276.3 0.0 15 0.0
276.4 0.0 15 0.0
276.5 0.0 15 0.0
276.6 0.0 15 0.0
276.7 0.0 15 0.0
276.8 0.0 15 0.0
276.9 0.0 15 0.0
277.0 0.0 15 0.0
277.1 0.0 15 0.0
277.2 0.0 15 0.0
277.3 0.0 15 0.0
277.4 0.0 15 0.0
277.5 0.0 15 0.0
277.6 0.0 15 0.0
277.7 0.0 15 0.0
277.8 0.0 15 0.0
277.9 0.0 15 0.0
278.0 0.0 15 0.0
278.1 0.0 15 0.0
278.2 0.0 15 0.0
278.3 0.0 15 0.0
278.4 0.0 15 0.0
278.5 0.0 15 0.0
278.6 0.0 15 0.0
278.7 0.0 15 0.0
278.8 0.0 15 0.0
278.9 0.0 15 0.0
279.0 0.0 15 0.0
279.1 0.0 15 0.0
279.2 0.0 15 0.0
279.3 0.0 15 0.0
279.4 0.0 15 0.0
279.5 0.0 15 0.0
279.6 0.0 15 0.0
279.7 0.0 15 0.0
279.8 0.0 15 0.0
279.9 0.0 15 0.0
280.0 0.0 15 0.0
280.1 0.0 15 0.0
280.2 0.0 15 0.0
280.3 0.0 15 0.0
280.4 0.0 15 0.0
280.5 0.0 15 0.0
280.6 0.0 15 0.0
280.7 0.0 15 0.0
280.8 0.0 15 0.0
280.9 0.0 15 0.0
281.0 0.0 15 0.0
281.1 0.0 15 0.0
281.2 0.0 15 0.0
281.3 0.0 15 0.0
281.4 0.0 15 0.0
281.5 0.0 15 0.0
281.6 0.0 15 0.0
281.7 0.0 15 0.0
281.8 0.0 15 0.0
281.9 0.0 15 0.0
282.0 0.0 15 0.0
282.1 0.0 15 0.0
282.2 0.0 15 0.0
282.3 0.0 15 0.0
282.4 0.0 15 0.0
282.5 0.0 15 0.0
282.6 0.0 15 0.0
282.7 0.0 15 0.0
282.8 0.0 15 0.0
282.9 0.0 15 0.0
283.0 0.0 15 0.0
283.1 0.0 15 0.0
283.2 0.0 15 0.0
283.3 0.0 15 0.0
283.4 0.0 15 0.0
283.5 0.0 15 0.0
283.6 0.0 15 0.0
283.7 0.0 15 0.0
283.8 0.0 15 0.0
283.9 0.0 15 0.0
284.0 0.0 15 0.0
284.1 0.0 15 0.0
284.2 0.0 15 0.0
284.3 0.0 15 0.0
284.4 0.0 15 0.0
284.5 0.0 15 0.0
284.6 0.0 15 0.0
284.7 0.0 15 0.0
284.8 0.0 15 0.0
284.9 0.0 15 0.0
285.0 0.0 15 0.0
285.1 0.0 15 0.0
285.2 0.0 15 0.0
285.3 0.0 15 0.0
285.4 0.0 15 0.0
285.5 0.0 15 0.0
285.6 0.0 15 0.0
285.7 0.0 15 0.0
285.8 0.0 15 0.0
285.9 0.0 15 0.0
286.0 0.0 15 0.0
286.1 0.0 15 0.0
286.2 0.0 15 0.0
286.3 0.0 15 0.0
286.4 0.0 15 0.0
286.5 0.0 15 0.0
286.6 0.0 15 0.0
286.7 0.0 15 0.0
286.8 0.0 15 0.0
286.9 0.0 15 0.0
287.0 0.0 15 0.0
287.1 0.0 15 0.0
287.2 0.0 15 0.0
287.3 0.0 15 0.0
287.4 0.0 15 0.0
287.5 0.0 15 0.0
287.6 0.0 15 0.0
287.7 0.0 15 0.0
287.8 0.0 15 0.0
287.9 0.0 15 0.0
288.0 0.0 15 0.0
288.1 0.0 15 0.0
288.2 0.0 15 0.0
288.3 0.0 15 0.0
288.4 0.0 15 0.0
288.5 0.0 15 0.0
288.6 0.0 15 0.0
288.7 0.0 15 0.0
288.8 0.0 15 0.0
288.9 0.0 15 0.0
289.0 0.0 15 0.0
289.1 0.0 15 0.0
289.2 0.0 15 0.0
289.3 0.0 15 0.0
289.4 0.0 15 0.0
289.5 0.0 15 0.0
289.6 0.0 15 0.0
289.7 0.0 15 0.0
289.8 0.0 15 0.0
289.9 0.0 15 0.0
290.0 0.0 15 0.0
290.1 0.0 15 0.0
290.2 0.0 15 0.0
290.3 0.0 15 0.0
290.4 0.0 15 0.0
290.5 0.0 15 0.0
290.6 0.0 15 0.0
290.7 0.0 15 0.0
290.8 0.0 15 0.0
290.9 0.0 15 0.0
291.0 0.0 15 0.0
291.1 0.0 15 0.0
291.2 0.0 15 0.0
291.3 0.0 15 0.0
291.4 0.0 15 0.0
291.5 0.0 15 0.0
291.6 0.0 15 0.0
291.7 0.0 15 0.0
291.8 0.0 15 0.0
291.9 0.0 15 0.0
292.0 0.0 15 0.0
292.1 0.0 15 0.0
292.2 0.0 15 0.0
292.3 0.0 15 0.0
292.4 0.0 15 0.0
292.5 0.0 15 0.0
292.6 0.0 15 0.0
292.7 0.0 15 0.0
292.8 0.0 15 0.0
292.9 0.0 15 0.0
293.0 0.0 15 0.0
293.1 0.0 15 0.0
293.2 0.0 15 0.0
293.3 0.0 15 0.0
293.4 0.0 15 0.0
293.5 0.0 15 0.0
293.6 0.0 15 0.0
293.7 0.0 15 0.0
293.8 0.0 15 0.0
293.9 0.0 15 0.0
294.0 0.0 15 0.0
294.1 0.0 15 0.0
294.2 0.0 15 0.0
294.3 0.0 15 0.0
294.4 0.0 15 0.0
294.5 0.0 15 0.0
294.6 0.0 15 0.0
294.7 0.0 15 0.0
294.8 0.0 15 0.0
294.9 0.0 15 0.0
295.0 0.0 15 0.0
295.1 0.0 15 0.0
295.2 0.0 15 0.0
295.3 0.0 15 0.0
295.4 0.0 15 0.0
295.5 0.0 15 0.0
295.6 0.0 15 0.0
295.7 0.0 15 0.0
295.8 0.0 15 0.0
295.9 0.0 15 0.0
296.0 0.0 15 0.0
296.1 0.0 15 0.0
296.2 0.0 15 0.0
296.3 0.0 15 0.0
296.4 0.0 15 0.0
296.5 0.0 15 0.0
296.6 0.0 15 0.0
296.7 0.0 15 0.0
296.8 0.0 15 0.0
296.9 0.0 15 0.0
297.0 0.0 15 0.0
297.1 0.0 15 0.0
297.2 0.0 15 0.0
297.3 0.0 15 0.0
297.4 0.0 15 0.0
297.5 0.0 15 0.0
297.6 0.0 15 0.0
297.7 0.0 15 0.0
297.8 0.0 15 0.0
297.9 0.0 15 0.0
298.0 0.0 15 0.0
298.1 0.0 15 0.0
298.2 0.0 15 0.0
298.3 0.0 15 0.0
298.4 0.0 15 0.0
298.5 0.0 15 0.0
298.6 0.0 15 0.0
298.7 0.0 15 0.0
298.8 0.0 15 0.0
298.9 0.0 15 0.0
299.0 0.0 15 0.0
299.1 0.0 15 0.0
299.2 0.0 15 0.0
299.3 264.3843 14 1.0
299.4 264.4666 14 1.0
299.5 264.5488 14 1.0
299.6 264.6311 14 1.0
299.7 264.7133 14 1.0
299.8 264.7955 14 1.0
299.9 264.8778 14 1.0
300.0 264.9576 14 1.0
300.1 265.0375 14 1.0
300.2 265.1173 14 1.0
300.3 265.1972 14 1.0
300.4 265.277 14 1.0
300.5 265.3568 14 1.0
300.6 265.4367 14 1.0
300.7 265.5165 14 1.0
300.8 265.5963 14 1.0
300.9 265.6762 14 1.0
301.0 265.756 14 1.0
301.1 265.8359 14 1.0
301.2 265.9157 14 1.0
301.3 265.9955 14 1.0
301.4 266.0754 14 1.0
301.5 266.1552 14 1.0
301.6 266.2351 14 1.0
301.7 266.3149 14 1.0
301.8 266.3947 14 1.0
301.9 266.4746 14 1.0
302.0 266.5544 14 1.0
302.1 266.6343 14 1.0
302.2 266.7141 14 1.0
302.3 266.7939 14 1.0
302.4 266.8738 14 1.0
302.5 266.9536 14 1.0
302.6 267.0335 14 1.0
302.7 267.1133 14 1.0
302.8 267.1931 14 1.0
302.9 267.273 14 1.0
303.0 267.3528 14 1.0
303.1 267.4327 14 1.0
303.2 267.5125 14 1.0
303.3 267.5923 14 1.0
303.4 267.6722 14 1.0
303.5 267.752 14 1.0
303.6 267.8319 14 1.0
303.7 267.9117 14 1.0
303.8 267.9915 14 1.0
303.9 268.0714 14 1.0
304.0 268.1512 14 1.0
304.1 268.2311 14 1.0
304.2 268.3109 14 1.0
304.3 268.3907 14 1.0
304.4 268.4706 14 1.0
304.5 268.5504 14 1.0
304.6 268.6303 14 1.0
304.7 268.7101 14 1.0
304.8 268.7899 14 1.0
304.9 268.8698 14 1.0
305.0 268.9496 14 1.0
305.1 269.0295 14 1.0
305.2 269.1093 14 1.0
305.3 269.1891 14 1.0
305.4 269.269 14 1.0
305.5 269.3488 14 1.0
305.6 269.4287 14 1.0
305.7 269.5085 14 1.0
305.8 269.5883 14 1.0
305.9 269.6682 14 1.0
306.0 269.748 14 1.0
306.1 269.8279 14 1.0
306.2 269.9077 14 1.0
306.3 269.9875 14 1.0
306.4 270.0674 14 1.0
306.5 270.1472 14 1.0
306.6 270.2271 14 1.0
306.7 270.3069 14 1.0
306.8 270.3867 14 1.0
306.9 270.4666 14 1.0
307.0 270.5464 14 1.0
307.1 270.6263 14 1.0
307.2 270.7061 14 1.0
307.3 270.7859 14 1.0
307.4 270.8658 14 1.0
307.5 270.9456 14 1.0
307.6 271.0255 14 1.0
307.7 271.1053 14 1.0
307.8 271.1851 14 1.0
307.9 271.265 14 1.0
308.0 271.3448 14 1.0
308.1 271.4247 14 1.0
308.2 271.5045 14 1.0
308.3 271.5843 14 1.0
308.4 271.6642 14 1.0
308.5 271.744 14 1.0
308.6 271.8239 14 1.0
308.7 271.9037 14 1.0
308.8 271.9835 14 1.0
308.9 272.0634 14 1.0
309.0 272.1432 14 1.0
309.1 272.2231 14 1.0
309.2 272.3029 14 1.0
309.3 272.3827 14 1.0
309.4 272.4626 14 1.0
309.5 272.5424 14 1.0
309.6 272.6223 14 1.0
309.7 272.7021 14 1.0
309.8 272.7819 14 1.0
309.9 272.8618 14 1.0
310.0 272.9416 14 1.0
310.1 273.0215 14 1.0
310.2 273.1013 14 1.0
310.3 273.1811 14 1.0
310.4 273.261 14 1.0
310.5 273.3408 14 1.0
310.6 273.4207 14 1.0
310.7 273.5005 14 1.0
310.8 273.5803 14 1.0
310.9 273.6602 14 1.0
311.0 273.74 14 1.0
311.1 273.8198 14 1.0
311.2 273.8997 14 1.0
311.3 273.9795 14 1.0
311.4 274.0594 14 1.0
311.5 274.1392 14 1.0
311.6 274.219 14 1.0
311.7 274.2989 14 1.0
311.8 274.3787 14 1.0
311.9 274.4586 14 1.0
312.0 274.5384 14 1.0
312.1 274.6182 14 1.0
312.2 274.6981 14 1.0
312.3 274.7779 14 1.0
312.4 274.8578 14 1.0
312.5 274.9376 14 1.0
312.6 275.0174 14 1.0
312.7 275.0973 14 1.0
312.8 275.1771 14 1.0
312.9 275.257 14 1.0
313.0 275.3368 14 1.0
313.1 275.4166 14 1.0
313.2 275.4965 14 1.0
313.3 275.5763 14 1.0
313.4 275.6562 14 1.0
313.5 275.736 14 1.0
313.6 275.8158 14 1.0
313.7 275.8957 14 1.0
313.8 275.9755 14 1.0
313.9 276.0554 14 1.0
314.0 276.1352 14 1.0
314.1 276.215 14 1.0
314.2 276.2949 14 1.0
314.3 276.3747 14 1.0
314.4 276.4546 14 1.0
314.5 276.5344 14 1.0
314.6 276.6142 14 1.0
314.7 276.6941 14 1.0
314.8 276.7739 14 1.0
314.9 276.8538 14 1.0
315.0 276.9336 14 1.0
315.1 277.0134 14 1.0
315.2 277.0933 14 1.0
315.3 277.1731 14 1.0
315.4 277.253 14 1.0
315.5 277.3328 14 1.0
315.6 277.4126 14 1.0
315.7 277.4925 14 1.0
315.8 277.5723 14 1.0
315.9 277.6522 14 1.0
316.0 277.732 14 1.0
316.1 277.8118 14 1.0
316.2 277.8917 14 1.0
316.3 277.9715 14 1.0
316.4 278.0514 14 1.0
316.5 278.1312 14 1.0
316.6 278.211 14 1.0
316.7 278.2909 14 1.0
316.8 278.3707 14 1.0
316.9 278.4506 14 1.0
317.0 278.5304 14 1.0
317.1 278.6102 14 1.0
317.2 278.6901 14 1.0
317.3 278.7699 14 1.0
317.4 278.8498 14 1.0
317.5 278.9296 14 1.0
317.6 279.0094 14 1.0
317.7 279.0893 14 1.0
317.8 279.1691 14 1.0
317.9 279.249 14 1.0
318.0 279.3288 14 1.0
318.1 279.4086 14 1.0
318.2 279.4885 14 1.0
318.3 279.5683 14 1.0
318.4 279.6482 14 1.0
318.5 279.728 14 1.0
318.6 279.8078 14 1.0
318.7 279.8877 14 1.0
318.8 279.9675 14 1.0
318.9 280.0474 14 1.0
319.0 280.1272 14 1.0
319.1 280.207 14 1.0
319.2 280.2869 14 1.0
319.3 280.3667 14 1.0
319.4 280.4466 14 1.0
319.5 280.5264 14 1.0
319.6 280.6062 14 1.0
319.7 280.6861 14 1.0
319.8 280.7659 14 1.0
319.9 280.8458 14 1.0
320.0 280.9256 14 1.0
320.1 281.0054 14 1.0
320.2 281.0853 14 1.0
320.3 281.1651 14 1.0
320.4 281.245 14 1.0
320.5 281.3248 14 1.0
320.6 281.4046 14 1.0
320.7 281.4845 14 1.0
320.8 281.5643 14 1.0
320.9 281.6442 14 1.0
321.0 281.724 14 1.0
321.1 281.8038 14 1.0
321.2 281.8837 14 1.0
321.3 281.9635 14 1.0
321.4 282.0433 14 1.0
321.5 282.1232 14 1.0
321.6 282.203 14 1.0
321.7 282.2829 14 1.0
321.8 282.3627 14 1.0
321.9 282.4425 14 1.0
322.0 282.5224 14 1.0
322.1 282.6022 14 1.0
322.2 282.6821 14 1.0
322.3 282.7619 14 1.0
322.4 282.8417 14 1.0
322.5 282.9216 14 1.0
322.6 283.0014 14 1.0
322.7 283.0813 14 1.0
322.8 283.1611 14 1.0
322.9 283.2409 14 1.0
323.0 283.3208 14 1.0
323.1 283.4006 14 1.0
323.2 283.4805 14 1.0
323.3 283.5603 14 1.0
323.4 283.6401 14 1.0
323.5 283.72 14 1.0
323.6 283.7998 14 1.0
323.7 283.8797 14 1.0
323.8 283.9595 14 1.0
323.9 284.0393 14 1.0
324.0 284.1192 14 1.0
324.1 284.199 14 1.0
324.2 284.2789 14 1.0
324.3 284.3587 14 1.0
324.4 284.4385 14 1.0
324.5 284.5184 14 1.0
324.6 284.5982 14 1.0
324.7 284.6781 14 1.0
324.8 284.7579 14 1.0
324.9 284.8377 14 1.0
325.0 284.9176 14 1.0
325.1 284.9974 14 1.0
325.2 285.0773 14 1.0
325.3 285.1571 14 1.0
325.4 285.2369 14 1.0
325.5 285.3168 14 1.0
325.6 285.3966 14 1.0
325.7 285.4765 14 1.0
325.8 285.5563 14 1.0
325.9 285.6361 14 1.0
326.0 285.716 14 1.0
326.1 285.7958 14 1.0
326.2 285.8757 14 1.0
326.3 285.9555 14 1.0
326.4 286.0353 14 1.0
326.5 286.1152 14 1.0
326.6 286.195 14 1.0
326.7 286.2749 14 1.0
326.8 286.3547 14 1.0
326.9 286.4345 14 1.0
327.0 286.5144 14 1.0
327.1 286.5942 14 1.0
327.2 286.6741 14 1.0
327.3 286.7539 14 1.0
327.4 286.8337 14 1.0
327.5 286.9136 14 1.0
327.6 286.9934 14 1.0
327.7 287.0733 14 1.0
327.8 287.1531 14 1.0
327.9 287.2329 14 1.0
328.0 287.3128 14 1.0
328.1 287.3926 14 1.0
328.2 287.4725 14 1.0
328.3 287.5523 14 1.0
328.4 287.6321 14 1.0
328.5 287.712 14 1.0
328.6 287.7918 14 1.0
328.7 287.8717 14 1.0
328.8 287.9515 14 1.0
328.9 288.0313 14 1.0
329.0 288.1112 14 1.0
329.1 288.191 14 1.0
329.2 288.2709 14 1.0
329.3 288.3507 14 1.0
329.4 288.4305 14 1.0
329.5 288.5104 14 1.0
329.6 288.5902 14 1.0
329.7 288.6701 14 1.0
329.8 288.7499 14 1.0
329.9 288.8297 14 1.0
330.0 288.9096 14 1.0
330.1 288.9894 14 1.0
330.2 289.0693 14 1.0
330.3 289.1491 14 1.0
330.4 289.2289 14 1.0
330.5 289.3088 14 1.0
330.6 289.3886 14 1.0
330.7 289.4685 14 1.0
330.8 289.5483 14 1.0
330.9 289.6281 14 1.0
331.0 289.708 14 1.0
331.1 289.7878 14 1.0
331.2 289.8677 14 1.0
331.3 289.9475 14 1.0
331.4 290.0273 14 1.0
331.5 290.1072 14 1.0
331.6 290.187 14 1.0
331.7 290.2669 14 1.0
331.8 290.3467 14 1.0
331.9 290.4265 14 1.0
332.0 290.5064 14 1.0
332.1 290.5862 14 1.0
332.2 290.666 14 1.0
332.3 290.7459 14 1.0
332.4 290.8257 14 1.0
332.5 290.9056 14 1.0
332.6 290.9854 14 1.0
332.7 291.0652 14 1.0
332.8 291.1451 14 1.0
332.9 291.2249 14 1.0
333.0 291.3048 14 1.0
333.1 291.3846 14 1.0
333.2 291.4644 14 1.0
333.3 291.5443 14 1.0
333.4 291.6241 14 1.0
333.5 291.704 14 1.0
333.6 291.7838 14 1.0
333.7 291.8636 14 1.0
333.8 291.9435 14 1.0
333.9 292.0233 14 1.0
334.0 292.1032 14 1.0
334.1 292.183 14 1.0
334.2 292.2628 14 1.0
334.3 292.3427 14 1.0
334.4 292.4225 14 1.0
334.5 292.5024 14 1.0
334.6 292.5822 14 1.0
334.7 292.662 14 1.0
334.8 292.7419 14 1.0
334.9 292.8217 14 1.0
335.0 292.9016 14 1.0
335.1 292.9814 14 1.0
335.2 293.0612 14 1.0
335.3 293.1411 14 1.0
335.4 293.2209 14 1.0
335.5 293.3008 14 1.0
335.6 293.3806 14 1.0
335.7 293.4604 14 1.0
335.8 293.5403 14 1.0
335.9 293.6201 14 1.0
336.0 293.7 14 1.0
336.1 293.7798 14 1.0
336.2 293.8596 14 1.0
336.3 293.9395 14 1.0
336.4 294.0193 14 1.0
336.5 294.0992 14 1.0
336.6 294.179 14 1.0
336.7 294.2588 14 1.0
336.8 294.3387 14 1.0
336.9 294.4185 14 1.0
337.0 294.4984 14 1.0
337.1 294.5782 14 1.0
337.2 294.658 14 1.0
337.3 294.7379 14 1.0
337.4 294.8177 14 1.0
337.5 294.8976 14 1.0
337.6 294.9774 14 1.0
337.7 295.0572 14 1.0
337.8 295.1371 14 1.0
337.9 295.2169 14 1.0
338.0 295.2968 14 1.0
338.1 295.3766 14 1.0
338.2 295.4564 14 1.0
338.3 295.5363 14 1.0
338.4 295.6161 14 1.0
338.5 295.696 14 1.0
338.6 295.7758 14 1.0
338.7 295.8556 14 1.0
338.8 295.9355 14 1.0
338.9 296.0153 14 1.0
339.0 296.0952 14 1.0
339.1 296.175 14 1.0
339.2 296.2548 14 1.0
339.3 296.3347 14 1.0
339.4 296.4145 14 1.0
339.5 296.4944 14 1.0
339.6 296.5742 14 1.0
339.7 296.654 14 1.0
339.8 296.7339 14 1.0
339.9 296.8137 14 1.0
340.0 296.8936 14 1.0
340.1 296.9734 14 1.0
340.2 297.0532 14 1.0
340.3 297.1331 14 1.0
340.4 297.2129 14 1.0
340.5 297.2928 14 1.0
340.6 297.3726 14 1.0
340.7 297.4524 14 1.0
340.8 297.5323 14 1.0
340.9 297.6121 14 1.0
341.0 297.692 14 1.0
341.1 297.7718 14 1.0
341.2 297.8516 14 1.0
341.3 297.9315 14 1.0
341.4 298.0113 14 1.0
341.5 298.0912 14 1.0
341.6 298.171 14 1.0
341.7 298.2508 14 1.0
341.8 298.3307 14 1.0
341.9 298.4105 14 1.0
342.0 298.4904 14 1.0
342.1 298.5702 14 1.0
342.2 298.65 14 1.0
342.3 298.7299 14 1.0
342.4 298.8097 14 1.0
342.5 298.8895 14 1.0
342.6 298.9694 14 1.0
342.7 299.0492 14 1.0
342.8 299.1291 14 1.0
342.9 299.2089 14 1.0
343.0 299.2887 14 1.0
343.1 299.3686 14 1.0
343.2 299.4484 14 1.0
343.3 299.5283 14 1.0
343.4 299.6081 14 1.0
343.5 299.6879 14 1.0
343.6 299.7678 14 1.0
343.7 299.8476 14 1.0
343.8 299.9275 14 1.0
343.9 300.0073 14 1.0
344.0 300.0871 14 1.0
344.1 300.167 14 1.0
344.2 300.2468 14 1.0
344.3 300.3267 14 1.0
344.4 300.4065 14 1.0
344.5 300.4863 14 1.0
344.6 300.5662 14 1.0
344.7 300.646 14 1.0
344.8 300.7259 14 1.0
344.9 300.8057 14 1.0
345.0 300.8855 14 1.0
345.1 300.9654 14 1.0
345.2 301.0452 14 1.0
345.3 301.1251 14 1.0
345.4 301.2049 14 1.0
345.5 301.2847 14 1.0
345.6 301.3646 14 1.0
345.7 301.4444 14 1.0
345.8 301.5243 14 1.0
345.9 301.6041 14 1.0
346.0 301.6839 14 1.0
346.1 301.7638 14 1.0
346.2 301.8436 14 1.0
346.3 301.9235 14 1.0
346.4 302.0033 14 1.0
346.5 302.0831 14 1.0
346.6 302.163 14 1.0
346.7 302.2428 14 1.0
346.8 302.3227 14 1.0
346.9 302.4025 14 1.0
347.0 302.4823 14 1.0
347.1 302.5622 14 1.0
347.2 302.642 14 1.0
347.3 302.7219 14 1.0
347.4 302.8017 14 1.0
347.5 302.8815 14 1.0
347.6 302.9614 14 1.0
347.7 303.0412 14 1.0
347.8 303.1211 14 1.0
347.9 303.2009 14 1.0
348.0 303.2807 14 1.0
348.1 303.3606 14 1.0
348.2 303.4404 14 1.0
348.3 303.5203 14 1.0
348.4 303.6001 14 1.0
348.5 303.6799 14 1.0
348.6 303.7598 14 1.0
348.7 303.8396 14 1.0
348.8 303.9195 14 1.0
348.9 303.9993 14 1.0
349.0 304.0791 14 1.0
349.1 304.159 14 1.0
349.2 304.2388 14 1.0
349.3 304.3187 14 1.0
349.4 304.3985 14 1.0
349.5 304.4783 14 1.0
349.6 304.5582 14 1.0
349.7 304.638 14 1.0
349.8 304.7179 14 1.0
349.9 304.7977 14 1.0
350.0 304.8765 14 1.0
350.1 304.9553 14 1.0
350.2 305.0341 14 1.0
350.3 305.1129 14 1.0
350.4 305.1917 14 1.0
350.5 305.2705 14 1.0
350.6 305.3493 14 1.0
350.7 305.4282 14 1.0
350.8 305.507 14 1.0
350.9 305.5858 14 1.0
351.0 305.6646 14 1.0
351.1 305.7434 14 1.0
351.2 305.8222 14 1.0
351.3 305.901 14 1.0
351.4 305.9798 14 1.0
351.5 306.0586 14 1.0
351.6 306.1374 14 1.0
351.7 306.2162 14 1.0
351.8 306.295 14 1.0
351.9 306.3738 14 1.0
352.0 306.4526 14 1.0
352.1 306.5314 14 1.0
352.2 306.6103 14 1.0
352.3 306.6891 14 1.0
352.4 306.7679 14 1.0
352.5 306.8467 14 1.0
352.6 306.9255 14 1.0
352.7 307.0043 14 1.0
352.8 307.0831 14 1.0
352.9 307.1619 14 1.0
353.0 307.2407 14 1.0
353.1 307.3195 14 1.0
353.2 307.3983 14 1.0
353.3 307.4771 14 1.0
353.4 307.5559 14 1.0
353.5 307.6347 14 1.0
353.6 307.7136 14 1.0
353.7 307.7924 14 1.0
353.8 307.8712 14 1.0
353.9 307.95 14 1.0
354.0 308.0288 14 1.0
354.1 308.1076 14 1.0
354.2 308.1864 14 1.0
354.3 308.2652 14 1.0
354.4 308.344 14 1.0
354.5 308.4228 14 1.0
354.6 308.5016 14 1.0
354.7 308.5804 14 1.0
354.8 308.6592 14 1.0
354.9 308.738 14 1.0
355.0 308.8169 14 1.0
355.1 308.8957 14 1.0
355.2 308.9745 14 1.0
355.3 309.0533 14 1.0
355.4 309.1321 14 1.0
355.5 309.2109 14 1.0
355.6 309.2897 14 1.0
355.7 309.3685 14 1.0
355.8 309.4473 14 1.0
355.9 309.5261 14 1.0
356.0 309.6049 14 1.0
356.1 309.6837 14 1.0
356.2 309.7625 14 1.0
356.3 309.8413 14 1.0
356.4 309.9201 14 1.0
356.5 309.999 14 1.0
356.6 310.0778 14 1.0
356.7 310.1566 14 1.0
356.8 310.2354 14 1.0
356.9 310.3142 14 1.0
357.0 310.393 14 1.0
357.1 310.4718 14 1.0
357.2 310.5506 14 1.0
357.3 310.6294 14 1.0
357.4 310.7082 14 1.0
357.5 310.787 14 1.0
357.6 310.8658 14 1.0
357.7 310.9446 14 1.0
357.8 311.0234 14 1.0
357.9 311.1023 14 1.0
358.0 311.1811 14 1.0
358.1 311.2599 14 1.0
358.2 311.3387 14 1.0
358.3 311.4175 14 1.0
358.4 311.4963 14 1.0
358.5 311.5751 14 1.0
358.6 311.6539 14 1.0
358.7 311.7327 14 1.0
358.8 311.8115 14 1.0
358.9 311.8903 14 1.0
359.0 311.9691 14 1.0
359.1 312.0479 14 1.0
359.2 312.1267 14 1.0
359.3 312.2056 14 1.0
359.4 312.2844 14 1.0
359.5 312.3632 14 1.0
359.6 312.442 14 1.0
359.7 312.5208 14 1.0
359.8 312.5996 14 1.0
359.9 312.6784 14 1.0
360.0 312.7572 14 1.0
360.1 312.836 14 1.0
360.2 312.9148 14 1.0
360.3 312.9936 14 1.0
360.4 313.0724 14 1.0
360.5 313.1512 14 1.0
360.6 313.23 14 1.0
360.7 313.3088 14 1.0
360.8 313.3877 14 1.0
360.9 313.4665 14 1.0
361.0 313.5453 14 1.0
361.1 313.6241 14 1.0
361.2 313.7029 14 1.0
361.3 313.7817 14 1.0
361.4 313.8605 14 1.0
361.5 313.9393 14 1.0
361.6 314.0181 14 1.0
361.7 314.0969 14 1.0
361.8 314.1757 14 1.0
361.9 314.2545 14 1.0
362.0 314.3333 14 1.0
362.1 314.4121 14 1.0
362.2 314.491 14 1.0
362.3 314.5698 14 1.0
362.4 314.6486 14 1.0
362.5 314.7274 14 1.0
362.6 314.8062 14 1.0
362.7 314.885 14 1.0
362.8 314.9638 14 1.0
362.9 315.0426 14 1.0
363.0 315.1214 14 1.0
363.1 315.2002 14 1.0
363.2 315.279 14 1.0
363.3 315.3578 14 1.0
363.4 315.4366 14 1.0
363.5 315.5154 14 1.0
363.6 315.5943 14 1.0
363.7 315.6731 14 1.0
363.8 315.7519 14 1.0
363.9 315.8307 14 1.0
364.0 315.9095 14 1.0
364.1 315.9883 14 1.0
364.2 316.0671 14 1.0
364.3 316.1459 14 1.0
364.4 316.2247 14 1.0
364.5 316.3035 14 1.0
364.6 316.3823 14 1.0
364.7 316.4611 14 1.0
364.8 316.5399 14 1.0
364.9 316.6187 14 1.0
365.0 316.6975 14 1.0
365.1 316.7764 14 1.0
365.2 316.8552 14 1.0
365.3 316.934 14 1.0
365.4 317.0128 14 1.0
365.5 317.0916 14 1.0
365.6 317.1704 14 1.0
365.7 317.2492 14 1.0
365.8 317.328 14 1.0
365.9 317.4068 14 1.0
366.0 317.4856 14 1.0
366.1 317.5644 14 1.0
366.2 317.6432 14 1.0
366.3 317.722 14 1.0
366.4 317.8008 14 1.0
366.5 317.8797 14 1.0
366.6 317.9585 14 1.0
366.7 318.0373 14 1.0
366.8 318.1161 14 1.0
366.9 318.1949 14 1.0
367.0 318.2737 14 1.0
367.1 318.3525 14 1.0
367.2 318.4313 14 1.0
367.3 318.5101 14 1.0
367.4 318.5889 14 1.0
367.5 318.6677 14 1.0
367.6 318.7465 14 1.0
367.7 318.8253 14 1.0
367.8 318.9041 14 1.0
367.9 318.983 14 1.0
368.0 319.0618 14 1.0
368.1 319.1406 14 1.0
368.2 319.2194 14 1.0
368.3 319.2982 14 1.0
368.4 319.377 14 1.0
368.5 319.4558 14 1.0
368.6 319.5346 14 1.0
368.7 319.6134 14 1.0
368.8 319.6922 14 1.0
368.9 319.771 14 1.0
369.0 319.8498 14 1.0
369.1 319.9286 14 1.0
369.2 320.0074 14 1.0
369.3 320.0862 14 1.0
369.4 320.1651 14 1.0
369.5 320.2439 14 1.0
369.6 320.3227 14 1.0
369.7 320.4015 14 1.0
369.8 320.4803 14 1.0
369.9 320.5591 14 1.0
370.0 320.6379 14 1.0
370.1 320.7167 14 1.0
370.2 320.7955 14 1.0
370.3 320.8743 14 1.0
370.4 320.9531 14 1.0
370.5 321.0319 14 1.0
370.6 321.1107 14 1.0
370.7 321.1895 14 1.0
370.8 321.2684 14 1.0
370.9 321.3472 14 1.0
371.0 321.426 14 1.0
371.1 321.5048 14 1.0
371.2 321.5836 14 1.0
371.3 321.6624 14 1.0
371.4 321.7412 14 1.0
371.5 321.82 14 1.0
371.6 321.8988 14 1.0
371.7 321.9776 14 1.0
371.8 322.0564 14 1.0
371.9 322.1352 14 1.0
372.0 322.214 14 1.0
372.1 322.2928 14 1.0
372.2 322.3716 14 1.0
372.3 322.4505 14 1.0
372.4 322.5293 14 1.0
372.5 322.6081 14 1.0
372.6 322.6869 14 1.0
372.7 322.7657 14 1.0
372.8 322.8445 14 1.0
372.9 322.9233 14 1.0
373.0 323.0021 14 1.0
373.1 323.0809 14 1.0
373.2 323.1597 14 1.0
373.3 323.2385 14 1.0
373.4 323.3173 14 1.0
373.5 323.3961 14 1.0
373.6 323.4749 14 1.0
373.7 323.5538 14 1.0
373.8 323.6326 14 1.0
373.9 323.7114 14 1.0
374.0 323.7902 14 1.0
374.1 323.869 14 1.0
374.2 323.9478 14 1.0
374.3 324.0266 14 1.0
374.4 324.1054 14 1.0
374.5 324.1842 14 1.0
374.6 324.263 14 1.0
374.7 324.3418 14 1.0
374.8 324.4206 14 1.0
374.9 324.4994 14 1.0
375.0 324.5782 14 1.0
375.1 324.6571 14 1.0
375.2 324.7359 14 1.0
375.3 324.8147 14 1.0
375.4 324.8935 14 1.0
375.5 324.9723 14 1.0
375.6 325.0511 14 1.0
375.7 325.1299 14 1.0
375.8 325.2087 14 1.0
375.9 325.2875 14 1.0
376.0 325.3663 14 1.0
376.1 325.4451 14 1.0
376.2 325.5239 14 1.0
376.3 325.6027 14 1.0
376.4 325.6815 14 1.0
376.5 325.7603 14 1.0
376.6 325.8392 14 1.0
376.7 325.918 14 1.0
376.8 325.9968 14 1.0
376.9 326.0756 14 1.0
377.0 326.1544 14 1.0
377.1 326.2332 14 1.0
377.2 326.312 14 1.0
377.3 326.3908 14 1.0
377.4 326.4696 14 1.0
377.5 326.5484 14 1.0
377.6 326.6272 14 1.0
377.7 326.706 14 1.0
377.8 326.7848 14 1.0
377.9 326.8636 14 1.0
378.0 326.9425 14 1.0
378.1 327.0213 14 1.0
378.2 327.1001 14 1.0
378.3 327.1789 14 1.0
378.4 327.2577 14 1.0
378.5 327.3365 14 1.0
378.6 327.4153 14 1.0
378.7 327.4941 14 1.0
378.8 327.5729 14 1.0
378.9 327.6517 14 1.0
379.0 327.7305 14 1.0
379.1 327.8093 14 1.0
379.2 327.8881 14 1.0
379.3 327.9669 14 1.0
379.4 328.0458 14 1.0
379.5 328.1246 14 1.0
379.6 328.2034 14 1.0
379.7 328.2822 14 1.0
379.8 328.361 14 1.0
379.9 328.4398 14 1.0
380.0 328.5186 14 1.0
380.1 328.5974 14 1.0
380.2 328.6762 14 1.0
380.3 328.755 14 1.0
380.4 328.8338 14 1.0
380.5 328.9126 14 1.0
380.6 328.9914 14 1.0
380.7 329.0702 14 1.0
380.8 329.149 14 1.0
380.9 329.2279 14 1.0
381.0 329.3067 14 1.0
381.1 329.3855 14 1.0
381.2 329.4643 14 1.0
381.3 329.5431 14 1.0
381.4 329.6219 14 1.0
381.5 329.7007 14 1.0
381.6 329.7795 14 1.0
381.7 329.8583 14 1.0
381.8 329.9371 14 1.0
381.9 330.0159 14 1.0
382.0 330.0947 14 1.0
382.1 330.1735 14 1.0
382.2 330.2523 14 1.0
382.3 330.3312 14 1.0
382.4 330.41 14 1.0
382.5 330.4888 14 1.0
382.6 330.5676 14 1.0
382.7 330.6464 14 1.0
382.8 330.7252 14 1.0
382.9 330.804 14 1.0
383.0 330.8828 14 1.0
383.1 330.9616 14 1.0
383.2 331.0404 14 1.0
383.3 331.1192 14 1.0
383.4 331.198 14 1.0
383.5 331.2768 14 1.0
383.6 331.3556 14 1.0
383.7 331.4345 14 1.0
383.8 331.5133 14 1.0
383.9 331.5921 14 1.0
384.0 331.6709 14 1.0
384.1 331.7497 14 1.0
384.2 331.8285 14 1.0
384.3 331.9073 14 1.0
384.4 331.9861 14 1.0
384.5 332.0649 14 1.0
384.6 332.1437 14 1.0
384.7 332.2225 14 1.0
384.8 332.3013 14 1.0
384.9 332.3801 14 1.0
385.0 332.4589 14 1.0
385.1 332.5377 14 1.0
385.2 332.6166 14 1.0
385.3 332.6954 14 1.0
385.4 332.7742 14 1.0
385.5 332.853 14 1.0
385.6 332.9318 14 1.0
385.7 333.0106 14 1.0
385.8 333.0894 14 1.0
385.9 333.1682 14 1.0
386.0 333.247 14 1.0
386.1 333.3258 14 1.0
386.2 333.4046 14 1.0
386.3 333.4834 14 1.0
386.4 333.5622 14 1.0
386.5 333.641 14 1.0
386.6 333.7199 14 1.0
386.7 333.7987 14 1.0
386.8 333.8775 14 1.0
386.9 333.9563 14 1.0
387.0 334.0351 14 1.0
387.1 334.1139 14 1.0
387.2 334.1927 14 1.0
387.3 334.2715 14 1.0
387.4 334.3503 14 1.0
387.5 334.4291 14 1.0
387.6 334.5079 14 1.0
387.7 334.5867 14 1.0
387.8 334.6655 14 1.0
387.9 334.7443 14 1.0
388.0 334.8232 14 1.0
388.1 334.902 14 1.0
388.2 334.9808 14 1.0
388.3 335.0596 14 1.0
388.4 335.1384 14 1.0
388.5 335.2172 14 1.0
388.6 335.296 14 1.0
388.7 335.3748 14 1.0
388.8 335.4536 14 1.0
388.9 335.5324 14 1.0
389.0 335.6112 14 1.0
389.1 335.69 14 1.0
389.2 335.7688 14 1.0
389.3 335.8476 14 1.0
389.4 335.9264 14 1.0
389.5 336.0053 14 1.0
389.6 336.0841 14 1.0
389.7 336.1629 14 1.0
389.8 336.2417 14 1.0
389.9 336.3205 14 1.0
390.0 336.3993 14 1.0
390.1 336.4781 14 1.0
390.2 336.5569 14 1.0
390.3 336.6357 14 1.0
390.4 336.7145 14 1.0
390.5 336.7933 14 1.0
390.6 336.8721 14 1.0
390.7 336.9509 14 1.0
390.8 337.0297 14 1.0
390.9 337.1086 14 1.0
391.0 337.1874 14 1.0
391.1 337.2662 14 1.0
391.2 337.345 14 1.0
391.3 337.4238 14 1.0
391.4 337.5026 14 1.0
391.5 337.5814 14 1.0
391.6 337.6602 14 1.0
391.7 337.739 14 1.0
391.8 337.8178 14 1.0
391.9 337.8966 14 1.0
392.0 337.9754 14 1.0
392.1 338.0542 14 1.0
392.2 338.133 14 1.0
392.3 338.2119 14 1.0
392.4 338.2907 14 1.0
392.5 338.3695 14 1.0
392.6 338.4483 14 1.0
392.7 338.5271 14 1.0
392.8 338.6059 14 1.0
392.9 338.6847 14 1.0
393.0 338.7635 14 1.0
393.1 338.8423 14 1.0
393.2 338.9211 14 1.0
393.3 338.9999 14 1.0
393.4 339.0787 14 1.0
393.5 339.1575 14 1.0
393.6 339.2363 14 1.0
393.7 339.3151 14 1.0
393.8 339.394 14 1.0
393.9 339.4728 14 1.0
394.0 339.5516 14 1.0
394.1 339.6304 14 1.0
394.2 339.7092 14 1.0
394.3 339.788 14 1.0
394.4 339.8668 14 1.0
394.5 339.9456 14 1.0
394.6 340.0244 14 1.0
394.7 340.1032 14 1.0
394.8 340.182 14 1.0
394.9 340.2608 14 1.0
395.0 340.3396 14 1.0
395.1 340.4184 14 1.0
395.2 340.4973 14 1.0
395.3 340.5761 14 1.0
395.4 340.6549 14 1.0
395.5 340.7337 14 1.0
395.6 340.8125 14 1.0
395.7 340.8913 14 1.0
395.8 340.9701 14 1.0
395.9 341.0489 14 1.0
396.0 341.1277 14 1.0
396.1 341.2065 14 1.0
396.2 341.2853 14 1.0
396.3 341.3641 14 1.0
396.4 341.4429 14 1.0
396.5 341.5217 14 1.0
396.6 341.6006 14 1.0
396.7 341.6794 14 1.0
396.8 341.7582 14 1.0
396.9 341.837 14 1.0
397.0 341.9158 14 1.0
397.1 341.9946 14 1.0
397.2 342.0734 14 1.0
397.3 342.1522 14 1.0
397.4 342.231 14 1.0
397.5 342.3098 14 1.0
397.6 342.3886 14 1.0
397.7 342.4674 14 1.0
397.8 342.5462 14 1.0
397.9 342.625 14 1.0
398.0 342.7038 14 1.0
398.1 342.7827 14 1.0
398.2 342.8615 14 1.0
398.3 342.9403 14 1.0
398.4 343.0191 14 1.0
398.5 343.0979 14 1.0
398.6 343.1767 14 1.0
398.7 343.2555 14 1.0
398.8 343.3343 14 1.0
398.9 343.4131 14 1.0
399.0 343.4919 14 1.0
399.1 343.5707 14 1.0
399.2 343.6495 14 1.0
399.3 343.7283 14 1.0
399.4 343.8071 14 1.0
399.5 343.886 14 1.0
399.6 343.9648 14 1.0
399.7 344.0436 14 1.0
399.8 344.1224 14 1.0
399.9 344.2012 14 1.0
400.0 344.2722 14 1.0
400.1 344.3432 14 1.0
400.2 344.4142 14 1.0
400.3 344.4852 14 1.0
400.4 344.5562 14 1.0
400.5 344.6272 14 1.0
400.6 344.6982 14 1.0
400.7 344.7692 14 1.0
400.8 344.8402 14 1.0
400.9 344.9112 14 1.0
401.0 344.9822 14 1.0
401.1 345.0532 14 1.0
401.2 345.1242 14 1.0
401.3 345.1952 14 1.0
401.4 345.2662 14 1.0
401.5 345.3372 14 1.0
401.6 345.4082 14 1.0
401.7 345.4792 14 1.0
401.8 345.5501 14 1.0
401.9 345.6211 14 1.0
402.0 345.6921 14 1.0
402.1 345.7631 14 1.0
402.2 345.8341 14 1.0
402.3 345.9051 14 1.0
402.4 345.9761 14 1.0
402.5 346.0471 14 1.0
402.6 346.1181 14 1.0
402.7 346.1891 14 1.0
402.8 346.2601 14 1.0
402.9 346.3311 14 1.0
403.0 346.4021 14 1.0
403.1 346.4731 14 1.0
403.2 346.5441 14 1.0
403.3 346.6151 14 1.0
403.4 346.6861 14 1.0
403.5 346.7571 14 1.0
403.6 346.8281 14 1.0
403.7 346.8991 14 1.0
403.8 346.9701 14 1.0
403.9 347.0411 14 1.0
404.0 347.1121 14 1.0
404.1 347.1831 14 1.0
404.2 347.2541 14 1.0
404.3 347.3251 14 1.0
404.4 347.3961 14 1.0
404.5 347.4671 14 1.0
404.6 347.5381 14 1.0
404.7 347.6091 14 1.0
404.8 347.6801 14 1.0
404.9 347.7511 14 1.0
405.0 347.8221 14 1.0
405.1 347.8931 14 1.0
405.2 347.9641 14 1.0
405.3 348.0351 14 1.0
405.4 348.1061 14 1.0
405.5 348.1771 14 1.0
405.6 348.2481 14 1.0
405.7 348.3191 14 1.0
405.8 348.3901 14 1.0
405.9 348.4611 14 1.0
406.0 348.5321 14 1.0
406.1 348.6031 14 1.0
406.2 348.6741 14 1.0
406.3 348.7451 14 1.0
406.4 348.8161 14 1.0
406.5 348.8871 14 1.0
406.6 348.9581 14 1.0
406.7 349.0291 14 1.0
406.8 349.1001 14 1.0
406.9 349.1711 14 1.0
407.0 349.2421 14 1.0
407.1 349.3131 14 1.0
407.2 349.3841 14 1.0
407.3 349.4551 14 1.0
407.4 349.5261 14 1.0
407.5 349.5971 14 1.0
407.6 349.6681 14 1.0
407.7 349.7391 14 1.0
407.8 349.81 14 1.0
407.9 349.881 14 1.0
408.0 349.952 14 1.0
408.1 350.023 14 1.0
408.2 350.094 14 1.0
408.3 350.165 14 1.0
408.4 350.236 14 1.0
408.5 350.307 14 1.0
408.6 350.378 14 1.0
408.7 350.449 14 1.0
408.8 350.52 14 1.0
408.9 350.591 14 1.0
409.0 350.662 14 1.0
409.1 350.733 14 1.0
409.2 350.804 14 1.0
409.3 350.875 14 1.0
409.4 350.946 14 1.0
409.5 351.017 14 1.0
409.6 351.088 14 1.0
409.7 351.159 14 1.0
409.8 351.23 14 1.0
409.9 351.301 14 1.0
410.0 351.372 14 1.0
410.1 351.443 14 1.0
410.2 351.514 14 1.0
410.3 351.585 14 1.0
410.4 351.656 14 1.0
410.5 351.727 14 1.0
410.6 351.798 14 1.0
410.7 351.869 14 1.0
410.8 351.94 14 1.0
410.9 352.011 14 1.0
411.0 352.082 14 1.0
411.1 352.153 14 1.0
411.2 352.224 14 1.0
411.3 352.295 14 1.0
411.4 352.366 14 1.0
411.5 352.437 14 1.0
411.6 352.508 14 1.0
411.7 352.579 14 1.0
411.8 352.65 14 1.0
411.9 352.721 14 1.0
412.0 352.792 14 1.0
412.1 352.863 14 1.0
412.2 352.934 14 1.0
412.3 353.005 14 1.0
412.4 353.076 14 1.0
412.5 353.147 14 1.0
412.6 353.218 14 1.0
412.7 353.289 14 1.0
412.8 353.36 14 1.0
412.9 353.431 14 1.0
413.0 353.502 14 1.0
413.1 353.573 14 1.0
413.2 353.644 14 1.0
413.3 353.715 14 1.0
413.4 353.786 14 1.0
413.5 353.857 14 1.0
413.6 353.928 14 1.0
413.7 353.999 14 1.0
413.8 354.07 14 1.0
413.9 354.1409 14 1.0
414.0 354.2119 14 1.0
414.1 354.2829 14 1.0
414.2 354.3539 14 1.0
414.3 354.4249 14 1.0
414.4 354.4959 14 1.0
414.5 354.5669 14 1.0
414.6 354.6379 14 1.0
414.7 354.7089 14 1.0
414.8 354.7799 14 1.0
414.9 354.8509 14 1.0
415.0 354.9219 14 1.0
415.1 354.9929 14 1.0
415.2 355.0639 14 1.0
415.3 355.1349 14 1.0
415.4 355.2059 14 1.0
415.5 355.2769 14 1.0
415.6 355.3479 14 1.0
415.7 355.4189 14 1.0
415.8 355.4899 14 1.0
415.9 355.5609 14 1.0
416.0 355.6319 14 1.0
416.1 355.7029 14 1.0
416.2 355.7739 14 1.0
416.3 355.8449 14 1.0
416.4 355.9159 14 1.0
416.5 355.9869 14 1.0
416.6 356.0579 14 1.0
416.7 356.1289 14 1.0
416.8 356.1999 14 1.0
416.9 356.2709 14 1.0
417.0 356.3419 14 1.0
417.1 356.4129 14 1.0
417.2 356.4839 14 1.0
417.3 356.5549 14 1.0
417.4 356.6259 14 1.0
417.5 356.6969 14 1.0
417.6 356.7679 14 1.0
417.7 356.8389 14 1.0
417.8 356.9099 14 1.0
417.9 356.9809 14 1.0
418.0 357.0519 14 1.0
418.1 357.1229 14 1.0
418.2 357.1939 14 1.0
418.3 357.2649 14 1.0
418.4 357.3359 14 1.0
418.5 357.4069 14 1.0
418.6 357.4779 14 1.0
418.7 357.5489 14 1.0
418.8 357.6199 14 1.0
418.9 357.6909 14 1.0
419.0 357.7619 14 1.0
419.1 357.8329 14 1.0
419.2 357.9039 14 1.0
419.3 357.9749 14 1.0
419.4 358.0459 14 1.0
419.5 358.1169 14 1.0
419.6 358.1879 14 1.0
419.7 358.2589 14 1.0
419.8 358.3299 14 1.0
419.9 358.4008 14 1.0
420.0 358.4718 14 1.0
420.1 358.5428 14 1.0
420.2 358.6138 14 1.0
420.3 358.6848 14 1.0
420.4 358.7558 14 1.0
420.5 358.8268 14 1.0
420.6 358.8978 14 1.0
420.7 358.9688 14 1.0
420.8 359.0398 14 1.0
420.9 359.1108 14 1.0
421.0 359.1818 14 1.0
421.1 359.2528 14 1.0
421.2 359.3238 14 1.0
421.3 359.3948 14 1.0
421.4 359.4658 14 1.0
421.5 359.5368 14 1.0
421.6 359.6078 14 1.0
421.7 359.6788 14 1.0
421.8 359.7498 14 1.0
421.9 359.8208 14 1.0
422.0 359.8918 14 1.0
422.1 359.9628 14 1.0
422.2 360.0338 14 1.0
422.3 360.1048 14 1.0
422.4 360.1758 14 1.0
422.5 360.2468 14 1.0
422.6 360.3178 14 1.0
422.7 360.3888 14 1.0
422.8 360.4598 14 1.0
422.9 360.5308 14 1.0
423.0 360.6018 14 1.0
423.1 360.6728 14 1.0
423.2 360.7438 14 1.0
423.3 360.8148 14 1.0
423.4 360.8858 14 1.0
423.5 360.9568 14 1.0
423.6 361.0278 14 1.0
423.7 361.0988 14 1.0
423.8 361.1698 14 1.0
423.9 361.2408 14 1.0
424.0 361.3118 14 1.0
424.1 361.3828 14 1.0
424.2 361.4538 14 1.0
424.3 361.5248 14 1.0
424.4 361.5958 14 1.0
424.5 361.6668 14 1.0
424.6 361.7378 14 1.0
424.7 361.8088 14 1.0
424.8 361.8798 14 1.0
424.9 361.9508 14 1.0
425.0 362.0218 14 1.0
425.1 362.0928 14 1.0
425.2 362.1638 14 1.0
425.3 362.2348 14 1.0
425.4 362.3058 14 1.0
425.5 362.3768 14 1.0
425.6 362.4478 14 1.0
425.7 362.5188 14 1.0
425.8 362.5898 14 1.0
425.9 362.6607 14 1.0
426.0 362.7317 14 1.0
426.1 362.8027 14 1.0
426.2 362.8737 14 1.0
426.3 362.9447 14 1.0
426.4 363.0157 14 1.0
426.5 363.0867 14 1.0
426.6 363.1577 14 1.0
426.7 363.2287 14 1.0
426.8 363.2997 14 1.0
426.9 363.3707 14 1.0
427.0 363.4417 14 1.0
427.1 363.5127 14 1.0
427.2 363.5837 14 1.0
427.3 363.6547 14 1.0
427.4 363.7257 14 1.0
427.5 363.7967 14 1.0
427.6 363.8677 14 1.0
427.7 363.9387 14 1.0
427.8 364.0097 14 1.0
427.9 364.0807 14 1.0
428.0 364.1517 14 1.0
428.1 364.2227 14 1.0
428.2 364.2937 14 1.0
428.3 364.3647 14 1.0
428.4 364.4357 14 1.0
428.5 364.5067 14 1.0
428.6 364.5777 14 1.0
428.7 364.6487 14 1.0
428.8 364.7197 14 1.0
428.9 364.7907 14 1.0
429.0 364.8617 14 1.0
429.1 364.9327 14 1.0
429.2 365.0037 14 1.0
429.3 365.0747 14 1.0
429.4 365.1457 14 1.0
429.5 365.2167 14 1.0
429.6 365.2877 14 1.0
429.7 365.3587 14 1.0
429.8 365.4297 14 1.0
429.9 365.5007 14 1.0
430.0 365.5717 14 1.0
430.1 365.6427 14 1.0
430.2 365.7137 14 1.0
430.3 365.7847 14 1.0
430.4 365.8557 14 1.0
430.5 365.9267 14 1.0
430.6 365.9977 14 1.0
430.7 366.0687 14 1.0
430.8 366.1397 14 1.0
430.9 366.2107 14 1.0
431.0 366.2817 14 1.0
431.1 366.3527 14 1.0
431.2 366.4237 14 1.0
431.3 366.4947 14 1.0
431.4 366.5657 14 1.0
431.5 366.6367 14 1.0
431.6 366.7077 14 1.0
431.7 366.7787 14 1.0
431.8 366.8497 14 1.0
431.9 366.9207 14 1.0
432.0 366.9916 14 1.0
432.1 367.0626 14 1.0
432.2 367.1336 14 1.0
432.3 367.2046 14 1.0
432.4 367.2756 14 1.0
432.5 367.3466 14 1.0
432.6 367.4176 14 1.0
432.7 367.4886 14 1.0
432.8 367.5596 14 1.0
432.9 367.6306 14 1.0
433.0 367.7016 14 1.0
433.1 367.7726 14 1.0
433.2 367.8436 14 1.0
433.3 367.9146 14 1.0
433.4 367.9856 14 1.0
433.5 368.0566 14 1.0
433.6 368.1276 14 1.0
433.7 368.1986 14 1.0
433.8 368.2696 14 1.0
433.9 368.3406 14 1.0
434.0 368.4116 14 1.0
434.1 368.4826 14 1.0
434.2 368.5536 14 1.0
434.3 368.6246 14 1.0
434.4 368.6956 14 1.0
434.5 368.7666 14 1.0
434.6 368.8376 14 1.0
434.7 368.9086 14 1.0
434.8 368.9796 14 1.0
434.9 369.0506 14 1.0
435.0 369.1216 14 1.0
435.1 369.1926 14 1.0
435.2 369.2636 14 1.0
435.3 369.3346 14 1.0
435.4 369.4056 14 1.0
435.5 369.4766 14 1.0
435.6 369.5476 14 1.0
435.7 369.6186 14 1.0
435.8 369.6896 14 1.0
435.9 369.7606 14 1.0
436.0 369.8316 14 1.0
436.1 369.9026 14 1.0
436.2 369.9736 14 1.0
436.3 370.0446 14 1.0
436.4 370.1156 14 1.0
436.5 370.1866 14 1.0
436.6 370.2576 14 1.0
436.7 370.3286 14 1.0
436.8 370.3996 14 1.0
436.9 370.4706 14 1.0
437.0 370.5416 14 1.0
437.1 370.6126 14 1.0
437.2 370.6836 14 1.0
437.3 370.7546 14 1.0
437.4 370.8256 14 1.0
437.5 370.8966 14 1.0
437.6 370.9676 14 1.0
437.7 371.0386 14 1.0
437.8 371.1096 14 1.0
437.9 371.1806 14 1.0
438.0 371.2515 14 1.0
438.1 371.3225 14 1.0
438.2 371.3935 14 1.0
438.3 371.4645 14 1.0
438.4 371.5355 14 1.0
438.5 371.6065 14 1.0
438.6 371.6775 14 1.0
438.7 371.7485 14 1.0
438.8 371.8195 14 1.0
438.9 371.8905 14 1.0
439.0 371.9615 14 1.0
439.1 372.0325 14 1.0
439.2 372.1035 14 1.0
439.3 372.1745 14 1.0
439.4 372.2455 14 1.0
439.5 372.3165 14 1.0
439.6 372.3875 14 1.0
439.7 372.4585 14 1.0
439.8 372.5295 14 1.0
439.9 372.6005 14 1.0
440.0 372.6715 14 1.0
440.1 372.7425 14 1.0
440.2 372.8135 14 1.0
440.3 372.8845 14 1.0
440.4 372.9555 14 1.0
440.5 373.0265 14 1.0
440.6 373.0975 14 1.0
440.7 373.1685 14 1.0
440.8 373.2395 14 1.0
440.9 373.3105 14 1.0
441.0 373.3815 14 1.0
441.1 373.4525 14 1.0
441.2 373.5235 14 1.0
441.3 373.5945 14 1.0
441.4 373.6655 14 1.0
441.5 373.7365 14 1.0
441.6 373.8075 14 1.0
441.7 373.8785 14 1.0
441.8 373.9495 14 1.0
441.9 374.0205 14 1.0
442.0 374.0915 14 1.0
442.1 374.1625 14 1.0
442.2 374.2335 14 1.0
442.3 374.3045 14 1.0
442.4 374.3755 14 1.0
442.5 374.4465 14 1.0
442.6 374.5175 14 1.0
442.7 374.5885 14 1.0
442.8 374.6595 14 1.0
442.9 374.7305 14 1.0
443.0 374.8015 14 1.0
443.1 374.8725 14 1.0
443.2 374.9435 14 1.0
443.3 375.0145 14 1.0
443.4 375.0855 14 1.0
443.5 375.1565 14 1.0
443.6 375.2275 14 1.0
443.7 375.2985 14 1.0
443.8 375.3695 14 1.0
443.9 375.4405 14 1.0
444.0 375.5114 14 1.0
444.1 375.5824 14 1.0
444.2 375.6534 14 1.0
444.3 375.7244 14 1.0
444.4 375.7954 14 1.0
444.5 375.8664 14 1.0
444.6 375.9374 14 1.0
444.7 376.0084 14 1.0
444.8 376.0794 14 1.0
444.9 376.1504 14 1.0
445.0 376.2214 14 1.0
445.1 376.2924 14 1.0
445.2 376.3634 14 1.0
445.3 376.4344 14 1.0
445.4 376.5054 14 1.0
445.5 376.5764 14 1.0
445.6 376.6474 14 1.0
445.7 376.7184 14 1.0
445.8 376.7894 14 1.0
445.9 376.8604 14 1.0
446.0 376.9314 14 1.0
446.1 377.0024 14 1.0
446.2 377.0734 14 1.0
446.3 377.1444 14 1.0
446.4 377.2154 14 1.0
446.5 377.2864 14 1.0
446.6 377.3574 14 1.0
446.7 377.4284 14 1.0
446.8 377.4994 14 1.0
446.9 377.5704 14 1.0
447.0 377.6414 14 1.0
447.1 377.7124 14 1.0
447.2 377.7834 14 1.0
447.3 377.8544 14 1.0
447.4 377.9254 14 1.0
447.5 377.9964 14 1.0
447.6 378.0674 14 1.0
447.7 378.1384 14 1.0
447.8 378.2094 14 1.0
447.9 378.2804 14 1.0
448.0 378.3514 14 1.0
448.1 378.4224 14 1.0
448.2 378.4934 14 1.0
448.3 378.5644 14 1.0
448.4 378.6354 14 1.0
448.5 378.7064 14 1.0
448.6 378.7774 14 1.0
448.7 378.8484 14 1.0
448.8 378.9194 14 1.0
448.9 378.9904 14 1.0
449.0 379.0614 14 1.0
449.1 379.1324 14 1.0
449.2 379.2034 14 1.0
449.3 379.2744 14 1.0
449.4 379.3454 14 1.0
449.5 379.4164 14 1.0
449.6 379.4874 14 1.0
449.7 379.5584 14 1.0
449.8 379.6294 14 1.0
449.9 379.7004 14 1.0
