15.0 1.51857 13 0.03911694547949063
15.1 1.532629 13 0.04007555152614073
15.2 1.546663 13 0.04102280070156006
15.3 1.560674 13 0.041957133067088814
15.4 1.574661 13 0.042873898670208854
15.5 1.588624 13 0.04377810647580649
15.6 1.602564 13 0.04467406169275179
15.7 1.61648 13 0.045555897751770824
15.8 1.630373 13 0.04642500293875629
15.9 1.644242 13 0.04728057318294021
16.0 1.703184 13 0.04872744935085771
16.1 1.753632 13 0.05266692887181179
16.2 1.804472 13 0.05661141499260769
16.3 1.855699 13 0.06056378395150919
16.4 1.907304 13 0.06452259339348299
16.5 1.959281 13 0.0684856996285288
16.6 2.011623 13 0.07245507019061281
16.7 2.064324 13 0.07643164523678736
16.8 2.117377 13 0.08041184917681687
16.9 2.170776 13 0.08439890864503952
17.0 2.224514 13 0.08838904043665408
17.1 2.278587 13 0.09238879340614659
17.2 2.332986 13 0.09638833458640239
17.3 2.387707 13 0.10039775818099239
17.4 2.442745 13 0.10440763496752048
17.5 2.498092 13 0.10842608942422904
17.6 2.553744 13 0.11244453350891759
17.7 2.620464 13 0.11647518177587524
17.8 2.698963 13 0.12050339598446269
17.9 2.778342 13 0.12454371767191175
18.0 2.858601 13 0.12858100222473468
18.1 2.952768 13 0.13339636676495104
18.2 3.047975 14 0.13822117117766664
18.3 3.144222 14 0.1430430279589645
18.4 3.241509 14 0.14787555303226962
18.5 3.339836 14 0.15270852549449465
18.6 3.439202 14 0.15754817027405632
18.7 3.539609 14 0.16238996413645923
18.8 3.641056 14 0.1672390622666865
18.9 3.743542 14 0.17209026998239985
19.0 3.847069 14 0.17694628024010184
19.1 3.951635 14 0.181805830776266
19.2 4.057242 14 0.1866656274704107
19.3 4.163888 14 0.19153837532323015
19.4 4.271575 14 0.1964062017491217
19.5 4.380301 14 0.2012813634990226
19.6 4.490067 14 0.20616187699826383
19.7 4.600874 14 0.2110434933973181
19.8 4.71272 14 0.21592783745616007
19.9 4.825606 14 0.22081870343410115
20.0 4.939532 14 0.22571349454856393
20.1 5.058246 14 0.23080777932538898
20.2 5.178039 14 0.23590405680740756
20.3 5.298914 14 0.24100528626008
20.4 5.420869 14 0.2461114138364715
20.5 5.543904 14 0.25122085947816786
20.6 5.66802 14 0.2563309212734264
20.7 5.793216 14 0.2614486786742001
20.8 5.919493 14 0.26656358844276673
20.9 6.04685 14 0.27168608485381407
21.0 6.175288 14 0.27681009470738804
21.1 6.304806 14 0.2819358648472704
21.2 6.435405 14 0.28706753913766125
21.3 6.567084 14 0.2921985950136262
21.4 6.699844 14 0.2973370330489522
21.5 6.833685 14 0.3024727542438779
21.6 6.968605 14 0.3076129220764626
21.7 7.104607 14 0.3127546818491066
21.8 7.241688 14 0.3179036853659676
21.9 7.379851 14 0.32305135755009207
22.0 7.519093 14 0.328204135617278
22.1 7.667901 14 0.3337662215193029
22.2 7.817872 14 0.33933054072104674
22.3 7.969007 14 0.3448982045273834
22.4 8.121305 14 0.3504675645474329
22.5 8.341132 14 0.35613652080762603
22.6 8.495172 14 0.3617070053576329
22.7 8.650376 14 0.36728444469690325
22.8 8.806743 14 0.3728597702557378
22.9 8.964273 14 0.3784413061488796
23.0 9.122966 14 0.3840234236149028
23.1 9.282823 14 0.3896107859560125
23.2 9.443843 14 0.3951969066686214
23.3 9.606026 14 0.4007846505404249
23.4 9.769373 14 0.40637874035771804
23.5 9.933883 14 0.4119703530243449
23.6 10.09956 14 0.4175683312782572
23.7 10.26639 14 0.42316517860334113
23.8 10.43439 14 0.42876820286782336
23.9 10.60355 14 0.43437123954820356
24.0 10.77388 14 0.43997449619817
24.1 10.95558 14 0.44603274706280804
24.2 11.13853 14 0.45209115214867257
24.3 11.32273 14 0.4581523690688023
24.4 11.50819 14 0.46421462217608045
24.5 11.6949 14 0.4702798106933027
24.6 11.88287 14 0.4763478251608231
24.7 12.0721 14 0.48241508712383774
24.8 12.26257 14 0.4884856224767241
24.9 12.4543 14 0.49456051077992425
25.0 12.64729 14 0.5006358667926196
25.1 12.84153 14 0.5067109226954014
25.2 13.03703 14 0.5127908854563528
25.3 13.23378 14 0.5188697406931462
25.4 13.43178 14 0.5249517244106423
25.5 13.63104 14 0.5310376198426425
25.6 13.83155 14 0.5371225036531905
25.7 14.03332 14 0.5432107422825438
25.8 14.23634 14 0.549300792109638
25.9 14.44062 14 0.5553906728118585
26.0 14.64615 14 0.5614849456292301
26.1 14.85988 14 0.5678594357154925
26.2 15.07493 14 0.5742377242668906
26.3 15.29128 14 0.580616461648913
26.4 15.50895 14 0.5869962696627009
26.5 15.72793 14 0.5933783013253855
26.6 15.94822 14 0.5997637713792254
26.7 16.16982 14 0.6061474528910225
26.8 16.39274 14 0.6125351220833889
26.9 16.61696 14 0.6189252353284511
27.0 16.8425 14 0.6253148179131114
27.1 17.06935 14 0.6317065301990958
27.2 17.29751 14 0.6381000659494256
27.3 17.52698 14 0.6444954931163835
27.4 17.75776 14 0.6508898252443267
27.5 17.98986 14 0.6572892055299093
27.6 18.22327 14 0.6636880530342073
27.7 18.45798 14 0.6700883719810253
27.8 18.69401 14 0.6764892933883278
27.9 18.93136 14 0.6828941846634435
28.0 19.17001 14 0.689299066225622
28.1 19.4032 14 0.6954523321034263
28.2 19.63764 14 0.7016051408900091
28.3 19.87335 14 0.7077618657253275
28.4 20.11032 14 0.7139173107671695
28.5 20.34854 14 0.7200760840004063
28.6 20.58803 14 0.7262349240829995
28.7 20.82878 14 0.7323955179624833
28.8 21.07078 14 0.7385570932114789
28.9 21.31405 14 0.744720202230865
29.0 21.55858 14 0.7508845815222289
29.1 21.80436 14 0.757048740848074
29.2 22.05141 14 0.7632155697059773
29.3 22.29972 14 0.7693839763189632
29.4 22.54928 14 0.7755515463445459
29.5 22.80011 14 0.7817222934497985
29.6 23.0522 14 0.7878934721880317
29.7 23.30554 14 0.7940653571375303
29.8 23.56015 14 0.8002392131059787
29.9 23.81602 14 0.8064132274705788
30.0 24.07314 14 0.8125883384277623
30.1 24.34207 14 0.8191362358210892
30.2 24.61234 14 0.8256856565514884
30.3 24.88394 14 0.8322361401217044
30.4 25.15687 14 0.8387866435269269
30.5 25.43113 14 0.8453394467010766
30.6 25.70673 14 0.8518930712491368
30.7 25.98366 14 0.8584476491968578
30.8 26.26193 14 0.8650029045630534
30.9 26.54153 14 0.8715593982944813
31.0 26.82246 14 0.8781170655743255
31.1 27.10473 14 0.8846758037963385
31.2 27.38832 14 0.8912352899971981
31.3 27.67326 14 0.8977962603674703
31.4 27.95952 14 0.9043576460988102
31.5 28.24712 14 0.9109203506290467
31.6 28.53606 14 0.9174837599503821
31.7 28.82632 14 0.9240485166733988
31.8 29.11792 14 0.9306135708613538
31.9 29.41086 14 0.9371799356165926
32.0 29.70512 14 0.9437479256852104
32.1 30.00072 14 0.9503161443420982
32.2 30.29766 14 0.956885258416673
32.3 30.59592 14 0.9634554258564945
32.4 30.89552 14 0.9700264229241645
32.5 31.19646 14 0.9765981924629114
32.6 31.49873 14 0.9831710823642918
32.7 31.80233 14 0.9897446907817969
32.8 32.10726 14 0.9963192204601533
32.9 32.32229 14 1.0
33.0 32.42165 14 1.0
33.1 32.52101 14 1.0
33.2 32.62038 14 1.0
33.3 32.71974 14 1.0
33.4 32.8191 14 1.0
33.5 32.91847 14 1.0
33.6 33.01783 14 1.0
33.7 33.11719 14 1.0
33.8 33.21656 14 1.0
33.9 33.31592 14 1.0
34.0 33.41528 14 1.0
34.1 33.51465 14 1.0
34.2 33.61401 14 1.0
34.3 33.71337 14 1.0
34.4 33.81274 14 1.0
34.5 33.9121 14 1.0
34.6 34.01146 14 1.0
34.7 34.11083 14 1.0
34.8 34.21019 14 1.0
34.9 34.30955 14 1.0
35.0 34.40892 14 1.0
35.1 34.50828 14 1.0
35.2 34.60765 14 1.0
35.3 34.70702 14 1.0
35.4 34.80638 14 1.0
35.5 34.90575 14 1.0
35.6 35.00512 14 1.0
35.7 35.10448 14 1.0
35.8 35.20385 14 1.0
35.9 35.30322 14 1.0
36.0 35.40259 14 1.0
36.1 35.50195 14 1.0
36.2 35.60132 14 1.0
36.3 35.70069 14 1.0
36.4 35.80005 14 1.0
36.5 35.89942 14 1.0
36.6 35.99879 14 1.0
36.7 36.09815 14 1.0
36.8 36.19752 14 1.0
36.9 36.29689 14 1.0
37.0 36.39625 14 1.0
37.1 36.49562 14 1.0
37.2 36.59499 14 1.0
37.3 36.69436 14 1.0
37.4 36.79372 14 1.0
37.5 36.89309 14 1.0
37.6 36.99246 14 1.0
37.7 37.09182 14 1.0
37.8 37.19119 14 1.0
37.9 37.29056 14 1.0
38.0 37.38992 14 1.0
38.1 37.48929 14 1.0
38.2 37.58866 14 1.0
38.3 37.68802 14 1.0
38.4 37.78739 14 1.0
38.5 37.88676 14 1.0
38.6 37.98612 14 1.0
38.7 38.08549 14 1.0
38.8 38.18486 14 1.0
38.9 38.28423 14 1.0
39.0 38.38359 14 1.0
39.1 38.48296 14 1.0
39.2 38.58233 14 1.0
39.3 38.68169 14 1.0
39.4 38.78106 14 1.0
39.5 38.88043 14 1.0
39.6 38.97979 14 1.0
39.7 39.07916 14 1.0
39.8 39.17853 14 1.0
39.9 39.27789 14 1.0
40.0 39.37726 14 1.0
40.1 39.47614 14 1.0
40.2 39.57501 14 1.0
40.3 39.67388 14 1.0
40.4 39.77276 14 1.0
40.5 39.87163 14 1.0
40.6 39.97051 14 1.0
40.7 40.06938 14 1.0
40.8 40.16826 14 1.0
40.9 40.26713 14 1.0
41.0 40.36601 14 1.0
41.1 40.46488 14 1.0
41.2 40.56376 14 1.0
41.3 40.66263 14 1.0
41.4 40.7615 14 1.0
41.5 40.86038 14 1.0
41.6 40.95925 14 1.0
41.7 41.05813 14 1.0
41.8 41.157 14 1.0
41.9 41.25588 14 1.0
42.0 41.35475 14 1.0
42.1 41.45363 14 1.0
42.2 41.5525 14 1.0
42.3 41.65138 14 1.0
42.4 41.75025 14 1.0
42.5 41.84912 14 1.0
42.6 41.948 14 1.0
42.7 42.04687 14 1.0
42.8 42.14575 14 1.0
42.9 42.24462 14 1.0
43.0 42.3435 14 1.0
43.1 42.44237 14 1.0
43.2 42.54125 14 1.0
43.3 42.64012 14 1.0
43.4 42.739 14 1.0
43.5 42.83787 14 1.0
43.6 42.93674 14 1.0
43.7 43.03562 14 1.0
43.8 43.13449 14 1.0
43.9 43.23337 14 1.0
44.0 43.33224 14 1.0
44.1 43.43112 14 1.0
44.2 43.52999 14 1.0
44.3 43.62887 14 1.0
44.4 43.72774 14 1.0
44.5 43.82662 14 1.0
44.6 43.92549 14 1.0
44.7 44.02437 14 1.0
44.8 44.12324 14 1.0
44.9 44.22211 14 1.0
45.0 44.32099 14 1.0
45.1 44.41986 14 1.0
45.2 44.51874 14 1.0
45.3 44.61761 14 1.0
45.4 44.71649 14 1.0
45.5 44.81536 14 1.0
45.6 44.91424 14 1.0
45.7 45.01311 14 1.0
45.8 45.11199 14 1.0
45.9 45.21086 14 1.0
46.0 45.30973 14 1.0
46.1 45.40861 14 1.0
46.2 45.50748 14 1.0
46.3 45.60636 14 1.0
46.4 45.70523 14 1.0
46.5 45.80411 14 1.0
46.6 45.90298 14 1.0
46.7 46.00186 14 1.0
46.8 46.10073 14 1.0
46.9 46.19961 14 1.0
47.0 46.29848 14 1.0
47.1 46.39735 14 1.0
47.2 46.49623 14 1.0
47.3 46.5951 14 1.0
47.4 46.69398 14 1.0
47.5 46.79285 14 1.0
47.6 46.89173 14 1.0
47.7 46.9906 14 1.0
47.8 47.08948 14 1.0
47.9 47.18835 14 1.0
48.0 47.28723 14 1.0
48.1 47.3861 14 1.0
48.2 47.48497 14 1.0
48.3 47.58385 14 1.0
48.4 47.68272 14 1.0
48.5 47.7816 14 1.0
48.6 47.88047 14 1.0
48.7 47.97935 14 1.0
48.8 48.07822 14 1.0
48.9 48.1771 14 1.0
49.0 48.27597 14 1.0
49.1 48.37485 14 1.0
49.2 48.47372 14 1.0
49.3 48.57259 14 1.0
49.4 48.67147 14 1.0
49.5 48.77034 14 1.0
49.6 48.86922 14 1.0
49.7 48.96809 14 1.0
49.8 49.06697 14 1.0
49.9 49.16584 14 1.0
50.0 49.26472 14 1.0
50.1 49.36218 14 1.0
50.2 49.45965 14 1.0
50.3 49.55712 14 1.0
50.4 49.65459 14 1.0
50.5 49.75206 14 1.0
50.6 49.84953 14 1.0
50.7 49.947 14 1.0
50.8 50.04447 14 1.0
50.9 50.14193 14 1.0
51.0 50.2394 14 1.0
51.1 50.33687 14 1.0
51.2 50.43434 14 1.0
51.3 50.53181 14 1.0
51.4 50.62928 14 1.0
51.5 50.72675 14 1.0
51.6 50.82421 14 1.0
51.7 50.92168 14 1.0
51.8 51.01915 14 1.0
51.9 51.11662 14 1.0
52.0 51.21409 14 1.0
52.1 51.31156 14 1.0
52.2 51.40903 14 1.0
52.3 51.50649 14 1.0
52.4 51.60396 14 1.0
52.5 51.70143 14 1.0
52.6 51.7989 14 1.0
52.7 51.89637 14 1.0
52.8 51.99384 14 1.0
52.9 52.09131 14 1.0
53.0 52.18878 14 1.0
53.1 52.28624 14 1.0
53.2 52.38371 14 1.0
53.3 52.48118 14 1.0
53.4 52.57865 14 1.0
53.5 52.67612 14 1.0
53.6 52.77359 14 1.0
53.7 52.87106 14 1.0
53.8 52.96852 14 1.0
53.9 53.06599 14 1.0
54.0 53.16346 14 1.0
54.1 53.26093 14 1.0
54.2 53.3584 14 1.0
54.3 53.45587 14 1.0
54.4 53.55334 14 1.0
54.5 53.65081 14 1.0
54.6 53.74827 14 1.0
54.7 53.84574 14 1.0
54.8 53.94321 14 1.0
54.9 54.04068 14 1.0
55.0 54.13815 14 1.0
55.1 54.23562 14 1.0
55.2 54.33309 14 1.0
55.3 54.43055 14 1.0
55.4 54.52802 14 1.0
55.5 54.62549 14 1.0
55.6 54.72296 14 1.0
55.7 54.82043 14 1.0
55.8 54.9179 14 1.0
55.9 55.01537 14 1.0
56.0 55.11283 14 1.0
56.1 55.2103 14 1.0
56.2 55.30777 14 1.0
56.3 55.40524 14 1.0
56.4 55.50271 14 1.0
56.5 55.60018 14 1.0
56.6 55.69765 14 1.0
56.7 55.79512 14 1.0
56.8 55.89258 14 1.0
56.9 55.99005 14 1.0
57.0 56.08752 14 1.0
57.1 56.18499 14 1.0
57.2 56.28246 14 1.0
57.3 56.37993 14 1.0
57.4 56.4774 14 1.0
57.5 56.57486 14 1.0
57.6 56.67233 14 1.0
57.7 56.7698 14 1.0
57.8 56.86727 14 1.0
57.9 56.96474 14 1.0
58.0 57.06221 14 1.0
58.1 57.15968 14 1.0
58.2 57.25715 14 1.0
58.3 57.35461 14 1.0
58.4 57.45208 14 1.0
58.5 57.54955 14 1.0
58.6 57.64702 14 1.0
58.7 57.74449 14 1.0
58.8 57.84196 14 1.0
58.9 57.93943 14 1.0
59.0 58.03689 14 1.0
59.1 58.13436 14 1.0
59.2 58.23183 14 1.0
59.3 58.3293 14 1.0
59.4 58.42677 14 1.0
59.5 58.52424 14 1.0
59.6 58.62171 14 1.0
59.7 58.71917 14 1.0
59.8 58.81664 14 1.0
59.9 58.91411 14 1.0
60.0 59.01158 14 1.0
60.1 59.10957 14 1.0
60.2 59.20756 14 1.0
60.3 59.30555 14 1.0
60.4 59.40354 14 1.0
60.5 59.50154 14 1.0
60.6 59.59953 14 1.0
60.7 59.69752 14 1.0
60.8 59.79551 14 1.0
60.9 59.8935 14 1.0
61.0 59.99149 14 1.0
61.1 60.08948 14 1.0
61.2 60.18747 14 1.0
61.3 60.28546 14 1.0
61.4 60.38346 14 1.0
61.5 60.48145 14 1.0
61.6 60.57944 14 1.0
61.7 60.67743 14 1.0
61.8 60.77542 14 1.0
61.9 60.87341 14 1.0
62.0 60.9714 14 1.0
62.1 61.06939 14 1.0
62.2 61.16738 14 1.0
62.3 60.85931 14 1.0
62.4 60.54373 14 1.0
62.5 60.22699 14 1.0
62.6 59.9091 14 1.0
62.7 59.59005 14 1.0
62.8 59.26985 14 1.0
62.9 58.9485 14 1.0
63.0 58.62599 14 1.0
63.1 58.30234 14 1.0
63.2 57.97752 14 1.0
63.3 57.65156 14 1.0
63.4 57.32444 14 1.0
63.5 56.99617 14 1.0
63.6 56.66675 14 1.0
63.7 56.33617 14 1.0
63.8 56.00444 14 1.0
63.9 55.67156 14 1.0
64.0 55.33752 14 1.0
64.1 55.00233 14 1.0
64.2 54.66599 14 1.0
64.3 54.32849 14 1.0
64.4 53.98984 14 1.0
64.5 53.65004 14 1.0
64.6 53.30908 14 1.0
64.7 52.96697 14 1.0
64.8 52.62371 14 1.0
64.9 52.27929 14 1.0
65.0 51.93373 14 1.0
65.1 51.587 14 1.0
65.2 51.23913 14 1.0
65.3 50.8901 14 1.0
65.4 50.53992 14 1.0
65.5 50.18858 14 1.0
65.6 49.8361 14 1.0
65.7 49.48246 14 1.0
65.8 49.12766 14 1.0
65.9 48.77171 14 1.0
66.0 48.41461 14 1.0
66.1 48.05636 14 1.0
66.2 47.69695 14 1.0
66.3 47.33639 14 1.0
66.4 46.97468 14 1.0
66.5 46.61181 14 1.0
66.6 46.2478 14 1.0
66.7 45.88262 14 1.0
66.8 45.5163 14 1.0
66.9 45.14882 14 1.0
67.0 44.78019 14 1.0
67.1 44.4104 14 1.0
67.2 44.03946 14 1.0
67.3 43.66737 14 1.0
67.4 43.29412 14 1.0
67.5 42.91973 14 1.0
67.6 42.54418 14 1.0
67.7 42.16747 14 1.0
67.8 41.78961 14 1.0
67.9 41.4106 14 1.0
68.0 41.03044 14 1.0
68.1 40.64912 14 1.0
68.2 40.26665 14 1.0
68.3 39.88303 14 1.0
68.4 39.49825 14 1.0
68.5 39.11232 14 1.0
68.6 38.72524 14 1.0
68.7 38.337 14 1.0
68.8 37.94761 14 1.0
68.9 37.55707 14 1.0
69.0 37.16537 14 1.0
69.1 36.77253 14 1.0
69.2 36.37852 14 1.0
69.3 35.98337 14 1.0
69.4 35.58706 14 1.0
69.5 35.1896 14 1.0
69.6 34.79098 14 1.0
69.7 34.39122 14 1.0
69.8 33.99029 14 1.0
69.9 33.58822 14 1.0
70.0 33.18499 14 1.0
70.1 32.76856 14 1.0
70.2 32.35101 14 1.0
70.3 31.93235 14 1.0
70.4 31.51256 14 1.0
70.5 31.28637 14 1.0
70.6 31.33765 14 1.0
70.7 31.38893 14 1.0
70.8 31.44021 14 1.0
70.9 31.49149 14 1.0
71.0 31.54276 14 1.0
71.1 31.59404 14 1.0
71.2 31.64532 14 1.0
71.3 31.6966 14 1.0
71.4 31.74788 14 1.0
71.5 31.79915 14 1.0
71.6 31.85043 14 1.0
71.7 31.90171 14 1.0
71.8 31.95299 14 1.0
71.9 32.00427 14 1.0
72.0 32.05554 14 1.0
72.1 32.10682 14 1.0
72.2 32.1581 14 1.0
72.3 32.20938 14 1.0
72.4 32.26066 14 1.0
72.5 32.31193 14 1.0
72.6 32.36321 14 1.0
72.7 32.41449 14 1.0
72.8 32.46577 14 1.0
72.9 32.51705 14 1.0
73.0 32.56832 14 1.0
73.1 32.6196 14 1.0
73.2 32.67088 14 1.0
73.3 32.72216 14 1.0
73.4 32.77344 14 1.0
73.5 32.82471 14 1.0
73.6 32.87599 14 1.0
73.7 32.92727 14 1.0
73.8 32.97855 14 1.0
73.9 33.02983 14 1.0
74.0 33.0811 14 1.0
74.1 33.13238 14 1.0
74.2 33.18366 14 1.0
74.3 33.23494 14 1.0
74.4 33.28622 14 1.0
74.5 33.33749 14 1.0
74.6 33.38877 14 1.0
74.7 33.44005 14 1.0
74.8 33.49133 14 1.0
74.9 33.54261 14 1.0
75.0 33.59388 14 1.0
75.1 33.64516 14 1.0
75.2 33.69644 14 1.0
75.3 33.74772 14 1.0
75.4 33.799 14 1.0
75.5 33.85027 14 1.0
75.6 33.90155 14 1.0
75.7 33.95283 14 1.0
75.8 34.00411 14 1.0
75.9 34.05539 14 1.0
76.0 34.10666 14 1.0
76.1 34.15794 14 1.0
76.2 34.20922 14 1.0
76.3 34.2605 14 1.0
76.4 34.31178 14 1.0
76.5 34.36305 14 1.0
76.6 34.41433 14 1.0
76.7 34.46561 14 1.0
76.8 34.51689 14 1.0
76.9 34.56817 14 1.0
77.0 34.61944 14 1.0
77.1 34.67072 14 1.0
77.2 34.722 14 1.0
77.3 34.77328 14 1.0
77.4 34.82456 14 1.0
77.5 34.87583 14 1.0
77.6 34.92711 14 1.0
77.7 34.97839 14 1.0
77.8 35.02967 14 1.0
77.9 35.08095 14 1.0
78.0 35.13222 14 1.0
78.1 35.1835 14 1.0
78.2 35.23478 14 1.0
78.3 35.28606 14 1.0
78.4 35.33734 14 1.0
78.5 35.38861 14 1.0
78.6 35.43989 14 1.0
78.7 35.49117 14 1.0
78.8 35.54245 14 1.0
78.9 35.59373 14 1.0
79.0 35.645 14 1.0
79.1 35.69628 14 1.0
79.2 35.74756 14 1.0
79.3 35.79884 14 1.0
79.4 35.85012 14 1.0
79.5 35.90139 14 1.0
79.6 35.95267 14 1.0
79.7 36.00395 14 1.0
79.8 36.05523 14 1.0
79.9 36.10651 14 1.0
80.0 36.15778 14 1.0
80.1 36.17917 14 1.0
80.2 36.20055 14 1.0
80.3 36.22194 14 1.0
80.4 36.24332 14 1.0
80.5 36.26471 14 1.0
80.6 36.28609 14 1.0
80.7 36.30748 14 1.0
80.8 36.32887 14 1.0
80.9 36.35025 14 1.0
81.0 36.37164 14 1.0
81.1 36.39302 14 1.0
81.2 36.41441 14 1.0
81.3 36.43579 14 1.0
81.4 36.45718 14 1.0
81.5 36.47856 14 1.0
81.6 36.49995 14 1.0
81.7 36.52133 14 1.0
81.8 36.54272 14 1.0
81.9 36.5641 14 1.0
82.0 36.58549 14 1.0
82.1 36.60687 14 1.0
82.2 36.62826 14 1.0
82.3 36.64965 14 1.0
82.4 36.67103 14 1.0
82.5 36.69242 14 1.0
82.6 36.7138 14 1.0
82.7 36.73519 14 1.0
82.8 36.75657 14 1.0
82.9 36.77796 14 1.0
83.0 36.79934 14 1.0
83.1 36.82073 14 1.0
83.2 36.84211 14 1.0
83.3 36.8635 14 1.0
83.4 36.88488 14 1.0
83.5 36.90627 14 1.0
83.6 36.92765 14 1.0
83.7 36.94904 14 1.0
83.8 36.97042 14 1.0
83.9 36.99181 14 1.0
84.0 37.0132 14 1.0
84.1 37.03458 14 1.0
84.2 37.05597 14 1.0
84.3 37.07735 14 1.0
84.4 37.09874 14 1.0
84.5 37.12012 14 1.0
84.6 37.14151 14 1.0
84.7 37.16289 14 1.0
84.8 37.18428 14 1.0
84.9 37.20566 14 1.0
85.0 37.22705 14 1.0
85.1 37.24843 14 1.0
85.2 37.26982 14 1.0
85.3 37.2912 14 1.0
85.4 37.31259 14 1.0
85.5 37.33397 14 1.0
85.6 37.35536 14 1.0
85.7 37.37675 14 1.0
85.8 37.39813 14 1.0
85.9 37.41952 14 1.0
86.0 37.4409 14 1.0
86.1 37.46229 14 1.0
86.2 37.48367 14 1.0
86.3 37.50506 14 1.0
86.4 37.52644 14 1.0
86.5 37.54783 14 1.0
86.6 37.56921 14 1.0
86.7 37.5906 14 1.0
86.8 37.61198 14 1.0
86.9 37.63337 14 1.0
87.0 37.65475 14 1.0
87.1 37.67614 14 1.0
87.2 37.69753 14 1.0
87.3 37.71891 14 1.0
87.4 37.7403 14 1.0
87.5 37.76168 14 1.0
87.6 37.78307 14 1.0
87.7 37.80445 14 1.0
87.8 37.82584 14 1.0
87.9 37.84722 14 1.0
88.0 37.86861 14 1.0
88.1 37.88999 14 1.0
88.2 37.91138 14 1.0
88.3 37.93276 14 1.0
88.4 37.95415 14 1.0
88.5 37.97553 14 1.0
88.6 37.99692 14 1.0
88.7 38.0183 14 1.0
88.8 38.03969 14 1.0
88.9 38.06108 14 1.0
89.0 38.08246 14 1.0
89.1 38.10385 14 1.0
89.2 38.12523 14 1.0
89.3 38.14662 14 1.0
89.4 38.168 14 1.0
89.5 38.18939 14 1.0
89.6 38.21077 14 1.0
89.7 38.23216 14 1.0
89.8 38.25354 14 1.0
89.9 38.27493 14 1.0
90.0 38.29631 14 1.0
90.1 38.22325 14 1.0
90.2 38.15018 14 1.0
90.3 38.07712 14 1.0
90.4 38.00405 14 1.0
90.5 37.93098 14 1.0
90.6 37.85792 14 1.0
90.7 37.78485 14 1.0
90.8 37.71179 14 1.0
90.9 37.63872 14 1.0
91.0 37.56566 14 1.0
91.1 37.49259 14 1.0
91.2 37.41952 14 1.0
91.3 37.34646 14 1.0
91.4 37.27339 14 1.0
91.5 37.20033 14 1.0
91.6 37.12726 14 1.0
91.7 37.05419 14 1.0
91.8 36.98113 14 1.0
91.9 36.90806 14 1.0
92.0 36.835 14 1.0
92.1 36.76193 14 1.0
92.2 36.68886 14 1.0
92.3 36.6158 14 1.0
92.4 36.54273 14 1.0
92.5 36.46967 14 1.0
92.6 36.3966 14 1.0
92.7 36.32354 14 1.0
92.8 36.25047 14 1.0
92.9 36.1774 14 1.0
93.0 36.10434 14 1.0
93.1 36.03127 14 1.0
93.2 35.95821 14 1.0
93.3 35.88514 14 1.0
93.4 35.81207 14 1.0
93.5 35.73901 14 1.0
93.6 35.66594 14 1.0
93.7 35.59288 14 1.0
93.8 35.51981 14 1.0
93.9 35.44675 14 1.0
94.0 35.37368 14 1.0
94.1 35.30061 14 1.0
94.2 35.22755 14 1.0
94.3 35.15448 14 1.0
94.4 35.08142 14 1.0
94.5 35.00835 14 1.0
94.6 34.93528 14 1.0
94.7 34.86222 14 1.0
94.8 34.78915 14 1.0
94.9 34.71609 14 1.0
95.0 34.64302 14 1.0
95.1 34.56996 14 1.0
95.2 34.49689 14 1.0
95.3 34.42382 14 1.0
95.4 34.35076 14 1.0
95.5 34.27769 14 1.0
95.6 34.20463 14 1.0
95.7 34.13156 14 1.0
95.8 34.05849 14 1.0
95.9 33.98543 14 1.0
96.0 33.91236 14 1.0
96.1 33.8393 14 1.0
96.2 33.76623 14 1.0
96.3 33.69316 14 1.0
96.4 34.25286 14 1.0
96.5 35.63351 14 1.0
96.6 37.02182 14 1.0
96.7 38.41778 14 1.0
96.8 39.82139 14 1.0
96.9 41.23265 14 1.0
97.0 42.65157 14 1.0
97.1 44.07814 14 1.0
97.2 45.51235 14 1.0
97.3 46.95423 14 1.0
97.4 48.40375 14 1.0
97.5 49.86092 14 1.0
97.6 51.32575 14 1.0
97.7 52.79823 14 1.0
97.8 54.27836 14 1.0
97.9 55.76615 14 1.0
98.0 57.26158 14 1.0
98.1 58.76467 14 1.0
98.2 60.27541 14 1.0
98.3 61.7938 14 1.0
98.4 63.31984 14 1.0
98.5 64.85354 14 1.0
98.6 66.39488 14 1.0
98.7 67.94388 14 1.0
98.8 69.50053 14 1.0
98.9 71.06484 14 1.0
99.0 72.63679 14 1.0
99.1 74.2164 14 1.0
99.2 75.80366 14 1.0
99.3 77.39857 14 1.0
99.4 79.00113 14 1.0
99.5 80.61135 14 1.0
99.6 82.22922 14 1.0
99.7 83.85473 14 1.0
99.8 85.48791 14 1.0
99.9 87.12873 14 1.0
100.0 88.7772 14 1.0
100.1 85.78617 14 1.0
100.2 82.80111 14 1.0
100.3 79.82202 14 1.0
100.4 76.84892 14 1.0
100.5 73.88179 14 1.0
100.6 70.92065 14 1.0
100.7 67.96548 14 1.0
100.8 65.01629 14 1.0
100.9 62.07307 14 1.0
101.0 59.13584 14 1.0
101.1 56.20458 14 1.0
101.2 53.2793 14 1.0
101.3 50.36 14 1.0
101.4 47.44668 14 1.0
101.5 44.53933 14 1.0
101.6 41.63797 14 1.0
101.7 38.74258 14 1.0
101.8 35.85317 14 1.0
101.9 34.22975 14 1.0
102.0 34.40028 14 1.0
102.1 34.57081 14 1.0
102.2 34.74133 14 1.0
102.3 34.91186 14 1.0
102.4 35.08239 14 1.0
102.5 35.25291 14 1.0
102.6 35.42344 14 1.0
102.7 35.59397 14 1.0
102.8 35.7645 14 1.0
102.9 35.93502 14 1.0
103.0 36.10555 14 1.0
103.1 36.27608 14 1.0
103.2 36.44661 14 1.0
103.3 36.61713 14 1.0
103.4 36.78766 14 1.0
103.5 36.95819 14 1.0
103.6 37.12872 14 1.0
103.7 37.29924 14 1.0
103.8 37.46977 14 1.0
103.9 37.6403 14 1.0
104.0 37.81083 14 1.0
104.1 37.98135 14 1.0
104.2 38.15188 14 1.0
104.3 38.32241 14 1.0
104.4 38.49294 14 1.0
104.5 38.66346 14 1.0
104.6 38.83399 14 1.0
104.7 39.00452 14 1.0
104.8 39.17505 14 1.0
104.9 39.34557 14 1.0
105.0 39.5161 14 1.0
105.1 39.68663 14 1.0
105.2 39.85716 14 1.0
105.3 40.02768 14 1.0
105.4 40.19821 14 1.0
105.5 40.36874 14 1.0
105.6 40.53927 14 1.0
105.7 40.70979 14 1.0
105.8 40.88032 14 1.0
105.9 41.05085 14 1.0
106.0 41.22138 14 1.0
106.1 41.3919 14 1.0
106.2 41.56243 14 1.0
106.3 41.73296 14 1.0
106.4 41.90349 14 1.0
106.5 42.07401 14 1.0
106.6 42.24454 14 1.0
106.7 42.41507 14 1.0
106.8 42.5856 14 1.0
106.9 42.75612 14 1.0
107.0 42.92665 14 1.0
107.1 43.09718 14 1.0
107.2 43.26771 14 1.0
107.3 43.43823 14 1.0
107.4 43.60876 14 1.0
107.5 43.77929 14 1.0
107.6 43.94982 14 1.0
107.7 44.12034 14 1.0
107.8 44.29087 14 1.0
107.9 44.4614 14 1.0
108.0 44.63193 14 1.0
108.1 44.80245 14 1.0
108.2 44.97298 14 1.0
108.3 45.14351 14 1.0
108.4 45.31404 14 1.0
108.5 45.48456 14 1.0
108.6 45.65509 14 1.0
108.7 45.82562 14 1.0
108.8 45.99615 14 1.0
108.9 46.16667 14 1.0
109.0 46.3372 14 1.0
109.1 46.50773 14 1.0
109.2 46.67826 14 1.0
109.3 46.84878 14 1.0
109.4 47.01931 14 1.0
109.5 47.18984 14 1.0
109.6 47.36037 14 1.0
109.7 47.53089 14 1.0
109.8 47.70142 14 1.0
109.9 47.87195 14 1.0
110.0 48.04248 14 1.0
110.1 48.08877 14 1.0
110.2 48.13506 14 1.0
110.3 48.18135 14 1.0
110.4 48.22764 14 1.0
110.5 48.27393 14 1.0
110.6 48.32022 14 1.0
110.7 48.36651 14 1.0
110.8 48.4128 14 1.0
110.9 48.45909 14 1.0
111.0 48.50538 14 1.0
111.1 48.55167 14 1.0
111.2 48.59796 14 1.0
111.3 48.64426 14 1.0
111.4 48.69055 14 1.0
111.5 48.73684 14 1.0
111.6 48.78313 14 1.0
111.7 48.82942 14 1.0
111.8 48.87571 14 1.0
111.9 48.922 14 1.0
112.0 48.96829 14 1.0
112.1 49.01458 14 1.0
112.2 49.06087 14 1.0
112.3 49.10716 14 1.0
112.4 49.15345 14 1.0
112.5 49.19975 14 1.0
112.6 49.24604 14 1.0
112.7 49.29233 14 1.0
112.8 49.33862 14 1.0
112.9 49.38491 14 1.0
113.0 49.4312 14 1.0
113.1 49.47749 14 1.0
113.2 49.52378 14 1.0
113.3 49.57007 14 1.0
113.4 49.61636 14 1.0
113.5 49.66265 14 1.0
113.6 49.70894 14 1.0
113.7 49.75523 14 1.0
113.8 49.80153 14 1.0
113.9 49.84782 14 1.0
114.0 49.89411 14 1.0
114.1 49.9404 14 1.0
114.2 49.98669 14 1.0
114.3 50.03298 14 1.0
114.4 50.07927 14 1.0
114.5 50.12556 14 1.0
114.6 50.17185 14 1.0
114.7 50.21814 14 1.0
114.8 50.26443 14 1.0
114.9 50.31072 14 1.0
115.0 50.35702 14 1.0
115.1 50.40331 14 1.0
115.2 50.4496 14 1.0
115.3 50.49589 14 1.0
115.4 50.54218 14 1.0
115.5 50.58847 14 1.0
115.6 50.63476 14 1.0
115.7 50.68105 14 1.0
115.8 50.72734 14 1.0
115.9 50.77363 14 1.0
116.0 50.81992 14 1.0
116.1 50.86621 14 1.0
116.2 50.9125 14 1.0
116.3 50.9588 14 1.0
116.4 51.00509 14 1.0
116.5 51.05138 14 1.0
116.6 50.90722 14 1.0
116.7 50.2483 14 1.0
116.8 49.58812 14 1.0
116.9 48.92667 14 1.0
117.0 48.26396 14 1.0
117.1 47.59998 14 1.0
117.2 46.93474 14 1.0
117.3 46.26824 14 1.0
117.4 45.60047 14 1.0
117.5 44.93144 14 1.0
117.6 44.26115 14 1.0
117.7 43.58959 14 1.0
117.8 42.91676 14 1.0
117.9 42.24268 14 1.0
118.0 41.56733 14 1.0
118.1 40.89071 14 1.0
118.2 40.21283 14 1.0
118.3 39.53369 14 1.0
118.4 38.85328 14 1.0
118.5 38.17161 14 1.0
118.6 37.48868 14 1.0
118.7 36.80448 14 1.0
118.8 36.11902 14 1.0
118.9 35.43229 14 1.0
119.0 34.7443 14 1.0
119.1 34.05505 14 1.0
119.2 33.36453 14 1.0
119.3 32.67275 14 1.0
119.4 31.9797 14 1.0
119.5 31.28539 14 1.0
119.6 30.58982 14 1.0
119.7 29.89298 14 1.0
119.8 29.19488 14 1.0
119.9 28.49551 14 1.0
120.0 27.79488 14 1.0
120.1 26.96813 14 1.0
120.2 26.13967 14 1.0
120.3 25.30952 14 1.0
120.4 24.47766 14 1.0
120.5 23.64411 14 1.0
120.6 22.80886 14 1.0
120.7 21.97191 14 1.0
120.8 21.13327 14 1.0
120.9 20.29292 14 1.0
121.0 19.45088 14 1.0
121.1 18.60714 14 1.0
121.2 17.7617 14 1.0
121.3 16.91456 14 1.0
121.4 16.06573 14 1.0
121.5 15.21519 14 1.0
121.6 14.36296 14 1.0
121.7 13.50903 14 1.0
121.8 12.6534 14 1.0
121.9 11.79607 14 1.0
122.0 10.93705 14 1.0
122.1 10.07632 14 1.0
122.2 9.213901 14 1.0
122.3 8.34978 14 1.0
122.4 7.483961 14 1.0
122.5 6.616444 14 1.0
122.6 5.747228 14 1.0
122.7 4.876314 14 1.0
122.8 4.003702 14 1.0
122.9 0.0 15 0.0
123.0 0.0 15 0.0
123.1 0.0 15 0.0
123.2 0.0 15 0.0
123.3 0.0 15 0.0
123.4 0.0 15 0.0
123.5 0.0 15 0.0
123.6 0.0 15 0.0
123.7 0.0 15 0.0
123.8 0.0 15 0.0
123.9 0.0 15 0.0
124.0 0.0 15 0.0
124.1 0.0 15 0.0
124.2 0.0 15 0.0
124.3 0.0 15 0.0
124.4 0.0 15 0.0
124.5 0.0 15 0.0
124.6 0.0 15 0.0
124.7 0.0 15 0.0
124.8 0.0 15 0.0
124.9 0.0 15 0.0
125.0 0.0 15 0.0
125.1 0.0 15 0.0
125.2 0.0 15 0.0
125.3 0.0 15 0.0
125.4 0.0 15 0.0
125.5 0.0 15 0.0
125.6 0.0 15 0.0
125.7 0.0 15 0.0
125.8 0.0 15 0.0
125.9 0.0 15 0.0
126.0 0.0 15 0.0
126.1 0.0 15 0.0
126.2 0.0 15 0.0
126.3 0.0 15 0.0
126.4 0.0 15 0.0
126.5 0.0 15 0.0
126.6 0.0 15 0.0
126.7 0.0 15 0.0
126.8 0.0 15 0.0
126.9 0.0 15 0.0
127.0 0.0 15 0.0
127.1 0.0 15 0.0
127.2 0.0 15 0.0
127.3 0.0 15 0.0
127.4 0.0 15 0.0
127.5 0.0 15 0.0
127.6 0.0 15 0.0
127.7 0.0 15 0.0
127.8 0.0 15 0.0
127.9 0.0 15 0.0
128.0 0.0 15 0.0
128.1 0.0 15 0.0
128.2 0.0 15 0.0
128.3 0.0 15 0.0
128.4 0.0 15 0.0
128.5 0.0 15 0.0
128.6 0.0 15 0.0
128.7 0.0 15 0.0
128.8 0.0 15 0.0
128.9 0.0 15 0.0
129.0 0.0 15 0.0
129.1 0.0 15 0.0
129.2 0.0 15 0.0
129.3 0.0 15 0.0
129.4 0.0 15 0.0
129.5 0.0 15 0.0
129.6 0.0 15 0.0
129.7 0.0 15 0.0
129.8 0.0 15 0.0
129.9 0.0 15 0.0
130.0 0.0 15 0.0
130.1 0.0 15 0.0
130.2 0.0 15 0.0
130.3 0.0 15 0.0
130.4 0.0 15 0.0
130.5 0.0 15 0.0
130.6 0.0 15 0.0
130.7 0.0 15 0.0
130.8 0.0 15 0.0
130.9 0.0 15 0.0
131.0 0.0 15 0.0
131.1 0.0 15 0.0
131.2 0.0 15 0.0
131.3 0.0 15 0.0
131.4 0.0 15 0.0
131.5 0.0 15 0.0
131.6 0.0 15 0.0
131.7 0.0 15 0.0
131.8 0.0 15 0.0
131.9 0.0 15 0.0
132.0 0.0 15 0.0
132.1 0.0 15 0.0
132.2 0.0 15 0.0
132.3 0.0 15 0.0
132.4 0.0 15 0.0
132.5 0.0 15 0.0
132.6 0.0 15 0.0
132.7 0.0 15 0.0
132.8 0.0 15 0.0
132.9 0.0 15 0.0
133.0 0.0 15 0.0
133.1 0.0 15 0.0
133.2 0.0 15 0.0
133.3 0.0 15 0.0
133.4 0.0 15 0.0
133.5 0.0 15 0.0
133.6 0.0 15 0.0
133.7 0.0 15 0.0
133.8 0.0 15 0.0
133.9 0.0 15 0.0
134.0 0.0 15 0.0
134.1 0.0 15 0.0
134.2 0.0 15 0.0
134.3 0.0 15 0.0
134.4 0.0 15 0.0
134.5 0.0 15 0.0
134.6 0.0 15 0.0
134.7 0.0 15 0.0
134.8 0.0 15 0.0
134.9 0.0 15 0.0
135.0 0.0 15 0.0
135.1 0.0 15 0.0
135.2 0.0 15 0.0
135.3 0.0 15 0.0
135.4 0.0 15 0.0
135.5 0.0 15 0.0
135.6 0.0 15 0.0
135.7 0.0 15 0.0
135.8 0.0 15 0.0
135.9 0.0 15 0.0
136.0 0.0 15 0.0
136.1 0.0 15 0.0
136.2 0.0 15 0.0
136.3 0.0 15 0.0
136.4 0.0 15 0.0
136.5 0.0 15 0.0
136.6 0.0 15 0.0
136.7 0.0 15 0.0
136.8 0.0 15 0.0
136.9 0.0 15 0.0
137.0 0.0 15 0.0
137.1 0.0 15 0.0
137.2 0.0 15 0.0
137.3 0.0 15 0.0
137.4 0.0 15 0.0
137.5 0.0 15 0.0
137.6 0.0 15 0.0
137.7 0.0 15 0.0
137.8 0.0 15 0.0
137.9 0.0 15 0.0
138.0 0.0 15 0.0
138.1 0.0 15 0.0
138.2 0.0 15 0.0
138.3 0.0 15 0.0
138.4 0.0 15 0.0
138.5 0.0 15 0.0
138.6 0.0 15 0.0
138.7 0.0 15 0.0
138.8 0.0 15 0.0
138.9 0.0 15 0.0
139.0 0.0 15 0.0
139.1 0.0 15 0.0
139.2 0.0 15 0.0
139.3 0.0 15 0.0
139.4 0.0 15 0.0
139.5 0.0 15 0.0
139.6 0.0 15 0.0
139.7 0.0 15 0.0
139.8 0.0 15 0.0
139.9 0.0 15 0.0
140.0 0.0 15 0.0
140.1 0.0 15 0.0
140.2 0.0 15 0.0
140.3 0.0 15 0.0
140.4 0.0 15 0.0
140.5 0.0 15 0.0
140.6 0.0 15 0.0
140.7 0.0 15 0.0
140.8 0.0 15 0.0
140.9 0.0 15 0.0
141.0 0.0 15 0.0
141.1 0.0 15 0.0
141.2 0.0 15 0.0
141.3 0.0 15 0.0
141.4 0.0 15 0.0
141.5 0.0 15 0.0
141.6 0.0 15 0.0
141.7 0.0 15 0.0
141.8 0.0 15 0.0
141.9 0.0 15 0.0
142.0 0.0 15 0.0
142.1 0.0 15 0.0
142.2 0.0 15 0.0
142.3 0.0 15 0.0
142.4 0.0 15 0.0
142.5 0.0 15 0.0
142.6 0.0 15 0.0
142.7 0.0 15 0.0
142.8 0.0 15 0.0
142.9 0.0 15 0.0
143.0 0.0 15 0.0
143.1 0.0 15 0.0
143.2 0.0 15 0.0
143.3 0.0 15 0.0
143.4 0.0 15 0.0
143.5 0.0 15 0.0
143.6 0.0 15 0.0
143.7 0.0 15 0.0
143.8 0.0 15 0.0
143.9 0.0 15 0.0
144.0 0.0 15 0.0
144.1 0.0 15 0.0
144.2 0.0 15 0.0
144.3 0.0 15 0.0
144.4 0.0 15 0.0
144.5 0.0 15 0.0
144.6 5.325856 14 1.0
144.7 8.389222 14 1.0
144.8 11.43758 14 1.0
144.9 14.47092 14 1.0
145.0 17.48925 14 1.0
145.1 20.49256 14 1.0
145.2 23.48086 14 1.0
145.3 26.45415 14 1.0
145.4 29.41243 14 1.0
145.5 32.35569 14 1.0
145.6 35.28394 14 1.0
145.7 38.19718 14 1.0
145.8 41.09541 14 1.0
145.9 43.97862 14 1.0
146.0 46.84682 14 1.0
146.1 49.7 14 1.0
146.2 52.53818 14 1.0
146.3 53.81446 14 1.0
146.4 53.6766 14 1.0
146.5 53.53874 14 1.0
146.6 53.40088 14 1.0
146.7 53.26302 14 1.0
146.8 53.12517 14 1.0
146.9 52.98731 14 1.0
147.0 52.84945 14 1.0
147.1 52.71159 14 1.0
147.2 52.57373 14 1.0
147.3 52.43587 14 1.0
147.4 52.29801 14 1.0
147.5 52.16015 14 1.0
147.6 52.0223 14 1.0
147.7 51.88444 14 1.0
147.8 51.74658 14 1.0
147.9 51.60872 14 1.0
148.0 51.47086 14 1.0
148.1 51.333 14 1.0
148.2 51.19514 14 1.0
148.3 51.05728 14 1.0
148.4 50.91943 14 1.0
148.5 50.78157 14 1.0
148.6 50.64371 14 1.0
148.7 50.50585 14 1.0
148.8 50.36799 14 1.0
148.9 50.23013 14 1.0
149.0 50.09227 14 1.0
149.1 49.95441 14 1.0
149.2 49.81656 14 1.0
149.3 49.6787 14 1.0
149.4 49.58726 14 1.0
149.5 49.4976 14 1.0
149.6 49.40793 14 1.0
149.7 49.31825 14 1.0
149.8 49.22858 14 1.0
149.9 49.13891 14 1.0
150.0 49.04924 14 1.0
150.1 49.12625 14 1.0
150.2 49.20326 14 1.0
150.3 49.28027 14 1.0
150.4 49.35727 14 1.0
150.5 49.43428 14 1.0
150.6 49.5113 14 1.0
150.7 49.5883 14 1.0
150.8 49.66531 14 1.0
150.9 49.74232 14 1.0
151.0 49.81932 14 1.0
151.1 49.89633 14 1.0
151.2 49.97333 14 1.0
151.3 50.05035 14 1.0
151.4 50.12736 14 1.0
151.5 50.20436 14 1.0
151.6 50.28137 14 1.0
151.7 50.35838 14 1.0
151.8 50.43539 14 1.0
151.9 50.51239 14 1.0
152.0 50.5894 14 1.0
152.1 50.66641 14 1.0
152.2 50.74342 14 1.0
152.3 50.82043 14 1.0
152.4 50.89744 14 1.0
152.5 50.97445 14 1.0
152.6 51.05145 14 1.0
152.7 51.12846 14 1.0
152.8 51.20547 14 1.0
152.9 51.28645 14 1.0
153.0 51.37516 14 1.0
153.1 51.46388 14 1.0
153.2 51.55259 14 1.0
153.3 51.64131 14 1.0
153.4 51.73003 14 1.0
153.5 51.81874 14 1.0
153.6 51.90746 14 1.0
153.7 51.99617 14 1.0
153.8 52.08489 14 1.0
153.9 52.1736 14 1.0
154.0 52.26232 14 1.0
154.1 52.35104 14 1.0
154.2 52.43975 14 1.0
154.3 52.52847 14 1.0
154.4 52.61718 14 1.0
154.5 52.7059 14 1.0
154.6 52.79462 14 1.0
154.7 52.88333 14 1.0
154.8 52.97205 14 1.0
154.9 53.06076 14 1.0
155.0 53.14948 14 1.0
155.1 53.2382 14 1.0
155.2 53.32691 14 1.0
155.3 53.41563 14 1.0
155.4 53.50434 14 1.0
155.5 53.59306 14 1.0
155.6 53.68177 14 1.0
155.7 53.77049 14 1.0
155.8 53.85921 14 1.0
155.9 53.94792 14 1.0
156.0 54.03664 14 1.0
156.1 54.12535 14 1.0
156.2 54.21407 14 1.0
156.3 54.30279 14 1.0
156.4 54.3915 14 1.0
156.5 54.48022 14 1.0
156.6 54.56893 14 1.0
156.7 54.65765 14 1.0
156.8 54.74637 14 1.0
156.9 54.83508 14 1.0
157.0 54.27875 14 1.0
157.1 52.73692 14 1.0
157.2 51.18988 14 1.0
157.3 49.63763 14 1.0
157.4 48.08017 14 1.0
157.5 46.51751 14 1.0
157.6 44.94964 14 1.0
157.7 43.37656 14 1.0
157.8 41.79827 14 1.0
157.9 40.21477 14 1.0
158.0 38.62606 14 1.0
158.1 37.03215 14 1.0
158.2 35.43303 14 1.0
158.3 33.8287 14 1.0
158.4 32.21916 14 1.0
158.5 30.60441 14 1.0
158.6 28.98445 14 1.0
158.7 27.35929 14 1.0
158.8 25.72892 14 1.0
158.9 24.09334 14 1.0
159.0 22.45255 14 1.0
159.1 20.80655 14 1.0
159.2 19.15534 14 1.0
159.3 17.49893 14 1.0
159.4 15.83731 14 1.0
159.5 14.17048 14 1.0
159.6 12.49844 14 1.0
159.7 10.82119 14 1.0
159.8 9.138735 14 1.0
159.9 7.451071 14 1.0
160.0 5.758199 14 1.0
160.1 4.060118 14 1.0
160.2 0.0 15 0.0
160.3 0.0 15 0.0
160.4 0.0 15 0.0
160.5 0.0 15 0.0
160.6 0.0 15 0.0
160.7 0.0 15 0.0
160.8 0.0 15 0.0
160.9 0.0 15 0.0
161.0 0.0 15 0.0
161.1 0.0 15 0.0
161.2 0.0 15 0.0
161.3 0.0 15 0.0
161.4 0.0 15 0.0
161.5 0.0 15 0.0
161.6 0.0 15 0.0
161.7 0.0 15 0.0
161.8 0.0 15 0.0
161.9 0.0 15 0.0
162.0 0.0 15 0.0
162.1 0.0 15 0.0
162.2 0.0 15 0.0
162.3 0.0 15 0.0
162.4 0.0 15 0.0
162.5 0.0 15 0.0
162.6 0.0 15 0.0
162.7 0.0 15 0.0
162.8 0.0 15 0.0
162.9 0.0 15 0.0
163.0 0.0 15 0.0
163.1 0.0 15 0.0
163.2 0.0 15 0.0
163.3 0.0 15 0.0
163.4 0.0 15 0.0
163.5 0.0 15 0.0
163.6 0.0 15 0.0
163.7 0.0 15 0.0
163.8 0.0 15 0.0
163.9 0.0 15 0.0
164.0 0.0 15 0.0
164.1 0.0 15 0.0
164.2 0.0 15 0.0
164.3 0.0 15 0.0
164.4 0.0 15 0.0
164.5 0.0 15 0.0
164.6 0.0 15 0.0
164.7 0.0 15 0.0
164.8 0.0 15 0.0
164.9 0.0 15 0.0
165.0 0.0 15 0.0
165.1 0.0 15 0.0
165.2 0.0 15 0.0
165.3 0.0 15 0.0
165.4 0.0 15 0.0
165.5 0.0 15 0.0
165.6 0.0 15 0.0
165.7 0.0 15 0.0
165.8 0.0 15 0.0
165.9 0.0 15 0.0
166.0 0.0 15 0.0
166.1 0.0 15 0.0
166.2 0.0 15 0.0
166.3 0.0 15 0.0
166.4 0.0 15 0.0
166.5 0.0 15 0.0
166.6 0.0 15 0.0
166.7 0.0 15 0.0
166.8 0.0 15 0.0
166.9 0.0 15 0.0
167.0 0.0 15 0.0
167.1 0.0 15 0.0
167.2 0.0 15 0.0
167.3 0.0 15 0.0
167.4 0.0 15 0.0
167.5 0.0 15 0.0
167.6 0.0 15 0.0
167.7 0.0 15 0.0
167.8 0.0 15 0.0
167.9 0.0 15 0.0
168.0 0.0 15 0.0
168.1 0.0 15 0.0
168.2 0.0 15 0.0
168.3 0.0 15 0.0
168.4 0.0 15 0.0
168.5 0.0 15 0.0
168.6 0.0 15 0.0
168.7 0.0 15 0.0
168.8 0.0 15 0.0
168.9 0.0 15 0.0
169.0 0.0 15 0.0
169.1 0.0 15 0.0
169.2 0.0 15 0.0
169.3 0.0 15 0.0
169.4 0.0 15 0.0
169.5 0.0 15 0.0
169.6 0.0 15 0.0
169.7 0.0 15 0.0
169.8 0.0 15 0.0
169.9 0.0 15 0.0
170.0 0.0 15 0.0
170.1 0.0 15 0.0
170.2 0.0 15 0.0
170.3 0.0 15 0.0
170.4 0.0 15 0.0
170.5 0.0 15 0.0
170.6 0.0 15 0.0
170.7 0.0 15 0.0
170.8 0.0 15 0.0
170.9 0.0 15 0.0
171.0 0.0 15 0.0
171.1 0.0 15 0.0
171.2 0.0 15 0.0
171.3 0.0 15 0.0
171.4 0.0 15 0.0
171.5 0.0 15 0.0
171.6 0.0 15 0.0
171.7 0.0 15 0.0
171.8 0.0 15 0.0
171.9 0.0 15 0.0
172.0 0.0 15 0.0
172.1 0.0 15 0.0
172.2 0.0 15 0.0
172.3 0.0 15 0.0
172.4 0.0 15 0.0
172.5 0.0 15 0.0
172.6 0.0 15 0.0
172.7 0.0 15 0.0
172.8 0.0 15 0.0
172.9 0.0 15 0.0
173.0 0.0 15 0.0
173.1 0.0 15 0.0
173.2 0.0 15 0.0
173.3 0.0 15 0.0
173.4 0.0 15 0.0
173.5 0.0 15 0.0
173.6 0.0 15 0.0
173.7 0.0 15 0.0
173.8 0.0 15 0.0
173.9 0.0 15 0.0
174.0 0.0 15 0.0
174.1 0.0 15 0.0
174.2 0.0 15 0.0
174.3 0.0 15 0.0
174.4 0.0 15 0.0
174.5 0.0 15 0.0
174.6 0.0 15 0.0
174.7 0.0 15 0.0
174.8 0.0 15 0.0
174.9 0.0 15 0.0
175.0 0.0 15 0.0
175.1 0.0 15 0.0
175.2 0.0 15 0.0
175.3 0.0 15 0.0
175.4 0.0 15 0.0
175.5 0.0 15 0.0
175.6 0.0 15 0.0
175.7 0.0 15 0.0
175.8 0.0 15 0.0
175.9 0.0 15 0.0
176.0 0.0 15 0.0
176.1 0.0 15 0.0
176.2 0.0 15 0.0
176.3 0.0 15 0.0
176.4 0.0 15 0.0
176.5 0.0 15 0.0
176.6 0.0 15 0.0
176.7 0.0 15 0.0
176.8 0.0 15 0.0
176.9 0.0 15 0.0
177.0 0.0 15 0.0
177.1 0.0 15 0.0
177.2 0.0 15 0.0
177.3 0.0 15 0.0
177.4 0.0 15 0.0
177.5 0.0 15 0.0
177.6 0.0 15 0.0
177.7 0.0 15 0.0
177.8 0.0 15 0.0
177.9 0.0 15 0.0
178.0 0.0 15 0.0
178.1 0.0 15 0.0
178.2 0.0 15 0.0
178.3 0.0 15 0.0
178.4 0.0 15 0.0
178.5 0.0 15 0.0
178.6 0.0 15 0.0
178.7 0.0 15 0.0
178.8 0.0 15 0.0
178.9 0.0 15 0.0
179.0 0.0 15 0.0
179.1 0.0 15 0.0
179.2 0.0 15 0.0
179.3 0.0 15 0.0
179.4 0.0 15 0.0
179.5 0.0 15 0.0
179.6 0.0 15 0.0
179.7 0.0 15 0.0
179.8 0.0 15 0.0
179.9 0.0 15 0.0
180.0 0.0 15 0.0
180.1 0.0 15 0.0
180.2 0.0 15 0.0
180.3 0.0 15 0.0
180.4 0.0 15 0.0
180.5 0.0 15 0.0
180.6 0.0 15 0.0
180.7 0.0 15 0.0
180.8 0.0 15 0.0
180.9 0.0 15 0.0
181.0 0.0 15 0.0
181.1 0.0 15 0.0
181.2 0.0 15 0.0
181.3 0.0 15 0.0
181.4 0.0 15 0.0
181.5 0.0 15 0.0
181.6 0.0 15 0.0
181.7 0.0 15 0.0
181.8 0.0 15 0.0
181.9 0.0 15 0.0
182.0 0.0 15 0.0
182.1 0.0 15 0.0
182.2 0.0 15 0.0
182.3 0.0 15 0.0
182.4 0.0 15 0.0
182.5 0.0 15 0.0
182.6 0.0 15 0.0
182.7 0.0 15 0.0
182.8 0.0 15 0.0
182.9 0.0 15 0.0
183.0 0.0 15 0.0
183.1 0.0 15 0.0
183.2 0.0 15 0.0
183.3 0.0 15 0.0
183.4 0.0 15 0.0
183.5 0.0 15 0.0
183.6 0.0 15 0.0
183.7 0.0 15 0.0
183.8 0.0 15 0.0
183.9 0.0 15 0.0
184.0 0.0 15 0.0
184.1 0.0 15 0.0
184.2 0.0 15 0.0
184.3 0.0 15 0.0
184.4 0.0 15 0.0
184.5 0.0 15 0.0
184.6 0.0 15 0.0
184.7 0.0 15 0.0
184.8 0.0 15 0.0
184.9 0.0 15 0.0
185.0 0.0 15 0.0
185.1 0.0 15 0.0
185.2 0.0 15 0.0
185.3 0.0 15 0.0
185.4 0.0 15 0.0
185.5 0.0 15 0.0
185.6 0.0 15 0.0
185.7 0.0 15 0.0
185.8 0.0 15 0.0
185.9 0.0 15 0.0
186.0 0.0 15 0.0
186.1 0.0 15 0.0
186.2 0.0 15 0.0
186.3 0.0 15 0.0
186.4 0.0 15 0.0
186.5 0.0 15 0.0
186.6 0.0 15 0.0
186.7 0.0 15 0.0
186.8 0.0 15 0.0
186.9 0.0 15 0.0
187.0 0.0 15 0.0
187.1 0.0 15 0.0
187.2 0.0 15 0.0
187.3 0.0 15 0.0
187.4 0.0 15 0.0
187.5 0.0 15 0.0
187.6 0.0 15 0.0
187.7 0.0 15 0.0
187.8 0.0 15 0.0
187.9 0.0 15 0.0
188.0 0.0 15 0.0
188.1 0.0 15 0.0
188.2 0.0 15 0.0
188.3 0.0 15 0.0
188.4 0.0 15 0.0
188.5 0.0 15 0.0
188.6 0.0 15 0.0
188.7 0.0 15 0.0
188.8 0.0 15 0.0
188.9 0.0 15 0.0
189.0 0.0 15 0.0
189.1 0.0 15 0.0
189.2 0.0 15 0.0
189.3 0.0 15 0.0
189.4 0.0 15 0.0
189.5 0.0 15 0.0
189.6 0.0 15 0.0
189.7 0.0 15 0.0
189.8 0.0 15 0.0
189.9 0.0 15 0.0
190.0 0.0 15 0.0
190.1 0.0 15 0.0
190.2 0.0 15 0.0
190.3 0.0 15 0.0
190.4 0.0 15 0.0
190.5 0.0 15 0.0
190.6 0.0 15 0.0
190.7 0.0 15 0.0
190.8 0.0 15 0.0
190.9 0.0 15 0.0
191.0 0.0 15 0.0
191.1 0.0 15 0.0
191.2 0.0 15 0.0
191.3 0.0 15 0.0
191.4 0.0 15 0.0
191.5 0.0 15 0.0
191.6 0.0 15 0.0
191.7 0.0 15 0.0
191.8 0.0 15 0.0
191.9 0.0 15 0.0
192.0 0.0 15 0.0
192.1 0.0 15 0.0
192.2 0.0 15 0.0
192.3 0.0 15 0.0
192.4 0.0 15 0.0
192.5 0.0 15 0.0
192.6 0.0 15 0.0
192.7 0.0 15 0.0
192.8 0.0 15 0.0
192.9 0.0 15 0.0
193.0 0.0 15 0.0
193.1 0.0 15 0.0
193.2 0.0 15 0.0
193.3 0.0 15 0.0
193.4 0.0 15 0.0
193.5 0.0 15 0.0
193.6 0.0 15 0.0
193.7 0.0 15 0.0
193.8 0.0 15 0.0
193.9 0.0 15 0.0
194.0 0.0 15 0.0
194.1 0.0 15 0.0
194.2 0.0 15 0.0
194.3 0.0 15 0.0
194.4 0.0 15 0.0
194.5 0.0 15 0.0
194.6 0.0 15 0.0
194.7 0.0 15 0.0
194.8 0.0 15 0.0
194.9 0.0 15 0.0
195.0 0.0 15 0.0
195.1 0.0 15 0.0
195.2 0.0 15 0.0
195.3 0.0 15 0.0
195.4 0.0 15 0.0
195.5 0.0 15 0.0
195.6 0.0 15 0.0
195.7 0.0 15 0.0
195.8 0.0 15 0.0
195.9 0.0 15 0.0
196.0 0.0 15 0.0
196.1 0.0 15 0.0
196.2 0.0 15 0.0
196.3 0.0 15 0.0
196.4 0.0 15 0.0
196.5 0.0 15 0.0
196.6 0.0 15 0.0
196.7 0.0 15 0.0
196.8 0.0 15 0.0
196.9 0.0 15 0.0
197.0 0.0 15 0.0
197.1 0.0 15 0.0
197.2 0.0 15 0.0
197.3 0.0 15 0.0
197.4 0.0 15 0.0
197.5 0.0 15 0.0
197.6 0.0 15 0.0
197.7 0.0 15 0.0
197.8 0.0 15 0.0
197.9 0.0 15 0.0
198.0 0.0 15 0.0
198.1 0.0 15 0.0
198.2 0.0 15 0.0
198.3 0.0 15 0.0
198.4 0.0 15 0.0
198.5 0.0 15 0.0
198.6 0.0 15 0.0
198.7 0.0 15 0.0
198.8 0.0 15 0.0
198.9 0.0 15 0.0
199.0 0.0 15 0.0
199.1 0.0 15 0.0
199.2 0.0 15 0.0
199.3 0.0 15 0.0
199.4 0.0 15 0.0
199.5 0.0 15 0.0
199.6 0.0 15 0.0
199.7 0.0 15 0.0
199.8 0.0 15 0.0
199.9 0.0 15 0.0
200.0 0.0 15 0.0
200.1 0.0 15 0.0
200.2 0.0 15 0.0
200.3 0.0 15 0.0
200.4 0.0 15 0.0
200.5 0.0 15 0.0
200.6 0.0 15 0.0
200.7 0.0 15 0.0
200.8 0.0 15 0.0
200.9 0.0 15 0.0
201.0 0.0 15 0.0
201.1 0.0 15 0.0
201.2 0.0 15 0.0
201.3 0.0 15 0.0
201.4 0.0 15 0.0
201.5 0.0 15 0.0
201.6 0.0 15 0.0
201.7 0.0 15 0.0
201.8 0.0 15 0.0
201.9 0.0 15 0.0
202.0 0.0 15 0.0
202.1 0.0 15 0.0
202.2 0.0 15 0.0
202.3 0.0 15 0.0
202.4 0.0 15 0.0
202.5 0.0 15 0.0
202.6 0.0 15 0.0
202.7 0.0 15 0.0
202.8 0.0 15 0.0
202.9 0.0 15 0.0
203.0 0.0 15 0.0
203.1 0.0 15 0.0
203.2 0.0 15 0.0
203.3 0.0 15 0.0
203.4 0.0 15 0.0
203.5 0.0 15 0.0
203.6 0.0 15 0.0
203.7 0.0 15 0.0
203.8 0.0 15 0.0
203.9 0.0 15 0.0
204.0 0.0 15 0.0
204.1 0.0 15 0.0
204.2 0.0 15 0.0
204.3 0.0 15 0.0
204.4 0.0 15 0.0
204.5 0.0 15 0.0
204.6 0.0 15 0.0
204.7 0.0 15 0.0
204.8 0.0 15 0.0
204.9 0.0 15 0.0
205.0 0.0 15 0.0
205.1 0.0 15 0.0
205.2 0.0 15 0.0
205.3 0.0 15 0.0
205.4 0.0 15 0.0
205.5 0.0 15 0.0
205.6 0.0 15 0.0
205.7 0.0 15 0.0
205.8 0.0 15 0.0
205.9 0.0 15 0.0
206.0 0.0 15 0.0
206.1 0.0 15 0.0
206.2 0.0 15 0.0
206.3 0.0 15 0.0
206.4 0.0 15 0.0
206.5 0.0 15 0.0
206.6 0.0 15 0.0
206.7 0.0 15 0.0
206.8 0.0 15 0.0
206.9 0.0 15 0.0
207.0 0.0 15 0.0
207.1 0.0 15 0.0
207.2 0.0 15 0.0
207.3 0.0 15 0.0
207.4 0.0 15 0.0
207.5 0.0 15 0.0
207.6 0.0 15 0.0
207.7 0.0 15 0.0
207.8 0.0 15 0.0
207.9 0.0 15 0.0
208.0 0.0 15 0.0
208.1 0.0 15 0.0
208.2 0.0 15 0.0
208.3 0.0 15 0.0
208.4 0.0 15 0.0
208.5 0.0 15 0.0
208.6 0.0 15 0.0
208.7 0.0 15 0.0
208.8 0.0 15 0.0
208.9 0.0 15 0.0
209.0 0.0 15 0.0
209.1 0.0 15 0.0
209.2 0.0 15 0.0
209.3 0.0 15 0.0
209.4 0.0 15 0.0
209.5 0.0 15 0.0
209.6 0.0 15 0.0
209.7 0.0 15 0.0
209.8 0.0 15 0.0
209.9 0.0 15 0.0
210.0 0.0 15 0.0
210.1 0.0 15 0.0
210.2 0.0 15 0.0
210.3 0.0 15 0.0
210.4 0.0 15 0.0
210.5 0.0 15 0.0
210.6 0.0 15 0.0
210.7 0.0 15 0.0
210.8 0.0 15 0.0
210.9 0.0 15 0.0
211.0 0.0 15 0.0
211.1 0.0 15 0.0
211.2 0.0 15 0.0
211.3 0.0 15 0.0
211.4 0.0 15 0.0
211.5 0.0 15 0.0
211.6 0.0 15 0.0
211.7 0.0 15 0.0
211.8 0.0 15 0.0
211.9 0.0 15 0.0
212.0 0.0 15 0.0
212.1 0.0 15 0.0
212.2 0.0 15 0.0
212.3 0.0 15 0.0
212.4 0.0 15 0.0
212.5 0.0 15 0.0
212.6 0.0 15 0.0
212.7 0.0 15 0.0
212.8 0.0 15 0.0
212.9 0.0 15 0.0
213.0 0.0 15 0.0
213.1 0.0 15 0.0
213.2 0.0 15 0.0
213.3 0.0 15 0.0
213.4 0.0 15 0.0
213.5 0.0 15 0.0
213.6 0.0 15 0.0
213.7 0.0 15 0.0
213.8 0.0 15 0.0
213.9 0.0 15 0.0
214.0 0.0 15 0.0
214.1 0.0 15 0.0
214.2 0.0 15 0.0
214.3 0.0 15 0.0
214.4 0.0 15 0.0
214.5 0.0 15 0.0
214.6 0.0 15 0.0
214.7 0.0 15 0.0
214.8 0.0 15 0.0
214.9 0.0 15 0.0
215.0 0.0 15 0.0
215.1 0.0 15 0.0
215.2 0.0 15 0.0
215.3 0.0 15 0.0
215.4 0.0 15 0.0
215.5 0.0 15 0.0
215.6 0.0 15 0.0
215.7 0.0 15 0.0
215.8 0.0 15 0.0
215.9 0.0 15 0.0
216.0 0.0 15 0.0
216.1 0.0 15 0.0
216.2 0.0 15 0.0
216.3 0.0 15 0.0
216.4 0.0 15 0.0
216.5 0.0 15 0.0
216.6 0.0 15 0.0
216.7 0.0 15 0.0
216.8 0.0 15 0.0
216.9 0.0 15 0.0
217.0 0.0 15 0.0
217.1 0.0 15 0.0
217.2 0.0 15 0.0
217.3 0.0 15 0.0
217.4 0.0 15 0.0
217.5 0.0 15 0.0
217.6 0.0 15 0.0
217.7 0.0 15 0.0
217.8 0.0 15 0.0
217.9 0.0 15 0.0
218.0 0.0 15 0.0
218.1 0.0 15 0.0
218.2 0.0 15 0.0
218.3 0.0 15 0.0
218.4 0.0 15 0.0
218.5 0.0 15 0.0
218.6 0.0 15 0.0
218.7 0.0 15 0.0
218.8 0.0 15 0.0
218.9 0.0 15 0.0
219.0 0.0 15 0.0
219.1 0.0 15 0.0
219.2 0.0 15 0.0
219.3 0.0 15 0.0
219.4 0.0 15 0.0
219.5 0.0 15 0.0
219.6 0.0 15 0.0
219.7 0.0 15 0.0
219.8 0.0 15 0.0
219.9 0.0 15 0.0
220.0 0.0 15 0.0
220.1 0.0 15 0.0
220.2 0.0 15 0.0
220.3 0.0 15 0.0
220.4 0.0 15 0.0
220.5 0.0 15 0.0
220.6 0.0 15 0.0
220.7 0.0 15 0.0
220.8 0.0 15 0.0
220.9 0.0 15 0.0
221.0 0.0 15 0.0
221.1 0.0 15 0.0
221.2 0.0 15 0.0
221.3 0.0 15 0.0
221.4 0.0 15 0.0
221.5 0.0 15 0.0
221.6 0.0 15 0.0
221.7 0.0 15 0.0
221.8 0.0 15 0.0
221.9 0.0 15 0.0
222.0 0.0 15 0.0
222.1 0.0 15 0.0
222.2 0.0 15 0.0
222.3 0.0 15 0.0
222.4 0.0 15 0.0
222.5 0.0 15 0.0
222.6 0.0 15 0.0
222.7 0.0 15 0.0
222.8 0.0 15 0.0
222.9 0.0 15 0.0
223.0 0.0 15 0.0
223.1 0.0 15 0.0
223.2 0.0 15 0.0
223.3 0.0 15 0.0
223.4 0.0 15 0.0
223.5 0.0 15 0.0
223.6 0.0 15 0.0
223.7 0.0 15 0.0
223.8 0.0 15 0.0
223.9 0.0 15 0.0
224.0 0.0 15 0.0
224.1 0.0 15 0.0
224.2 0.0 15 0.0
224.3 0.0 15 0.0
224.4 0.0 15 0.0
224.5 0.0 15 0.0
224.6 0.0 15 0.0
224.7 0.0 15 0.0
224.8 0.0 15 0.0
224.9 0.0 15 0.0
225.0 0.0 15 0.0
225.1 0.0 15 0.0
225.2 0.0 15 0.0
225.3 0.0 15 0.0
225.4 0.0 15 0.0
225.5 0.0 15 0.0
225.6 0.0 15 0.0
225.7 0.0 15 0.0
225.8 0.0 15 0.0
225.9 0.0 15 0.0
226.0 0.0 15 0.0
226.1 0.0 15 0.0
226.2 0.0 15 0.0
226.3 0.0 15 0.0
226.4 0.0 15 0.0
226.5 0.0 15 0.0
226.6 0.0 15 0.0
226.7 0.0 15 0.0
226.8 0.0 15 0.0
226.9 0.0 15 0.0
227.0 0.0 15 0.0
227.1 0.0 15 0.0
227.2 0.0 15 0.0
227.3 0.0 15 0.0
227.4 0.0 15 0.0
227.5 0.0 15 0.0
227.6 0.0 15 0.0
227.7 0.0 15 0.0
227.8 0.0 15 0.0
227.9 0.0 15 0.0
228.0 0.0 15 0.0
228.1 0.0 15 0.0
228.2 0.0 15 0.0
228.3 0.0 15 0.0
228.4 0.0 15 0.0
228.5 0.0 15 0.0
228.6 0.0 15 0.0
228.7 0.0 15 0.0
228.8 0.0 15 0.0
228.9 0.0 15 0.0
229.0 0.0 15 0.0
229.1 0.0 15 0.0
229.2 0.0 15 0.0
229.3 0.0 15 0.0
229.4 0.0 15 0.0
229.5 0.0 15 0.0
229.6 0.0 15 0.0
229.7 0.0 15 0.0
229.8 0.0 15 0.0
229.9 0.0 15 0.0
230.0 0.0 15 0.0
230.1 0.0 15 0.0
230.2 0.0 15 0.0
230.3 0.0 15 0.0
230.4 0.0 15 0.0
230.5 0.0 15 0.0
230.6 0.0 15 0.0
230.7 0.0 15 0.0
230.8 0.0 15 0.0
230.9 0.0 15 0.0
231.0 0.0 15 0.0
231.1 0.0 15 0.0
231.2 0.0 15 0.0
231.3 0.0 15 0.0
231.4 0.0 15 0.0
231.5 0.0 15 0.0
231.6 0.0 15 0.0
231.7 0.0 15 0.0
231.8 0.0 15 0.0
231.9 0.0 15 0.0
232.0 0.0 15 0.0
232.1 0.0 15 0.0
232.2 0.0 15 0.0
232.3 0.0 15 0.0
232.4 0.0 15 0.0
232.5 0.0 15 0.0
232.6 0.0 15 0.0
232.7 0.0 15 0.0
232.8 0.0 15 0.0
232.9 0.0 15 0.0
233.0 0.0 15 0.0
233.1 0.0 15 0.0
233.2 0.0 15 0.0
233.3 0.0 15 0.0
233.4 0.0 15 0.0
233.5 0.0 15 0.0
233.6 0.0 15 0.0
233.7 0.0 15 0.0
233.8 0.0 15 0.0
233.9 0.0 15 0.0
234.0 0.0 15 0.0
234.1 0.0 15 0.0
234.2 0.0 15 0.0
234.3 0.0 15 0.0
234.4 0.0 15 0.0
234.5 0.0 15 0.0
234.6 0.0 15 0.0
234.7 0.0 15 0.0
234.8 0.0 15 0.0
234.9 0.0 15 0.0
235.0 0.0 15 0.0
235.1 0.0 15 0.0
235.2 0.0 15 0.0
235.3 0.0 15 0.0
235.4 0.0 15 0.0
235.5 0.0 15 0.0
235.6 0.0 15 0.0
235.7 0.0 15 0.0
235.8 0.0 15 0.0
235.9 0.0 15 0.0
236.0 0.0 15 0.0
236.1 0.0 15 0.0
236.2 0.0 15 0.0
236.3 0.0 15 0.0
236.4 0.0 15 0.0
236.5 0.0 15 0.0
236.6 0.0 15 0.0
236.7 0.0 15 0.0
236.8 0.0 15 0.0
236.9 0.0 15 0.0
237.0 0.0 15 0.0
237.1 0.0 15 0.0
237.2 0.0 15 0.0
237.3 0.0 15 0.0
237.4 0.0 15 0.0
237.5 0.0 15 0.0
237.6 0.0 15 0.0
237.7 0.0 15 0.0
237.8 0.0 15 0.0
237.9 0.0 15 0.0
238.0 0.0 15 0.0
238.1 0.0 15 0.0
238.2 0.0 15 0.0
238.3 0.0 15 0.0
238.4 0.0 15 0.0
238.5 0.0 15 0.0
238.6 0.0 15 0.0
238.7 0.0 15 0.0
238.8 0.0 15 0.0
238.9 0.0 15 0.0
239.0 0.0 15 0.0
239.1 0.0 15 0.0
239.2 0.0 15 0.0
239.3 0.0 15 0.0
239.4 0.0 15 0.0
239.5 0.0 15 0.0
239.6 0.0 15 0.0
239.7 0.0 15 0.0
239.8 0.0 15 0.0
239.9 0.0 15 0.0
240.0 0.0 15 0.0
240.1 0.0 15 0.0
240.2 0.0 15 0.0
240.3 0.0 15 0.0
240.4 0.0 15 0.0
240.5 0.0 15 0.0
240.6 233.217 14 1.0
240.7 233.312 14 1.0
240.8 233.4071 14 1.0
240.9 233.5021 14 1.0
241.0 233.5972 14 1.0
241.1 233.6922 14 1.0
241.2 233.7873 14 1.0
241.3 233.8823 14 1.0
241.4 233.9774 14 1.0
241.5 234.0724 14 1.0
241.6 234.1674 14 1.0
241.7 234.2625 14 1.0
241.8 234.3575 14 1.0
241.9 234.4526 14 1.0
242.0 234.5476 14 1.0
242.1 234.6427 14 1.0
242.2 234.7377 14 1.0
242.3 234.8328 14 1.0
242.4 234.9278 14 1.0
242.5 235.0228 14 1.0
242.6 235.1179 14 1.0
242.7 235.2129 14 1.0
242.8 235.308 14 1.0
242.9 235.403 14 1.0
243.0 235.4981 14 1.0
243.1 235.5931 14 1.0
243.2 235.6882 14 1.0
243.3 235.7832 14 1.0
243.4 235.8782 14 1.0
243.5 235.9733 14 1.0
243.6 236.0683 14 1.0
243.7 236.1634 14 1.0
243.8 236.2584 14 1.0
243.9 236.3535 14 1.0
244.0 236.4485 14 1.0
244.1 236.5436 14 1.0
244.2 236.6386 14 1.0
244.3 236.7337 14 1.0
244.4 236.8287 14 1.0
244.5 236.9237 14 1.0
244.6 237.0188 14 1.0
244.7 237.1138 14 1.0
244.8 237.2089 14 1.0
244.9 237.3039 14 1.0
245.0 237.399 14 1.0
245.1 237.494 14 1.0
245.2 237.5891 14 1.0
245.3 237.6841 14 1.0
245.4 237.7791 14 1.0
245.5 237.8742 14 1.0
245.6 237.9692 14 1.0
245.7 238.0643 14 1.0
245.8 238.1593 14 1.0
245.9 238.2544 14 1.0
246.0 238.3494 14 1.0
246.1 238.4445 14 1.0
246.2 238.5395 14 1.0
246.3 238.6345 14 1.0
246.4 238.7296 14 1.0
246.5 238.8246 14 1.0
246.6 238.9197 14 1.0
246.7 239.0147 14 1.0
246.8 239.1098 14 1.0
246.9 239.2048 14 1.0
247.0 239.2999 14 1.0
247.1 239.3949 14 1.0
247.2 239.4899 14 1.0
247.3 239.585 14 1.0
247.4 239.68 14 1.0
247.5 239.7751 14 1.0
247.6 239.8701 14 1.0
247.7 239.9652 14 1.0
247.8 240.0602 14 1.0
247.9 240.1553 14 1.0
248.0 240.2503 14 1.0
248.1 240.3453 14 1.0
248.2 240.4404 14 1.0
248.3 240.5354 14 1.0
248.4 240.6305 14 1.0
248.5 240.7255 14 1.0
248.6 240.8206 14 1.0
248.7 240.9156 14 1.0
248.8 241.0107 14 1.0
248.9 241.1057 14 1.0
249.0 241.2008 14 1.0
249.1 241.2958 14 1.0
249.2 241.3908 14 1.0
249.3 241.4859 14 1.0
249.4 241.5809 14 1.0
249.5 241.676 14 1.0
249.6 241.771 14 1.0
249.7 241.8661 14 1.0
249.8 241.9611 14 1.0
249.9 242.0562 14 1.0
250.0 242.1512 14 1.0
250.1 242.2449 14 1.0
250.2 242.3385 14 1.0
250.3 242.4322 14 1.0
250.4 242.5258 14 1.0
250.5 242.6195 14 1.0
250.6 242.7131 14 1.0
250.7 242.8068 14 1.0
250.8 242.9005 14 1.0
250.9 242.9941 14 1.0
251.0 243.0878 14 1.0
251.1 243.1814 14 1.0
251.2 243.2751 14 1.0
251.3 243.3687 14 1.0
251.4 243.4624 14 1.0
251.5 243.5561 14 1.0
251.6 243.6497 14 1.0
251.7 243.7434 14 1.0
251.8 243.837 14 1.0
251.9 243.9307 14 1.0
252.0 244.0243 14 1.0
252.1 244.118 14 1.0
252.2 244.2117 14 1.0
252.3 244.3053 14 1.0
252.4 244.399 14 1.0
252.5 244.4926 14 1.0
252.6 244.5863 14 1.0
252.7 244.6799 14 1.0
252.8 244.7736 14 1.0
252.9 244.8673 14 1.0
253.0 244.9609 14 1.0
253.1 245.0546 14 1.0
253.2 245.1482 14 1.0
253.3 245.2419 14 1.0
253.4 245.3355 14 1.0
253.5 245.4292 14 1.0
253.6 245.5228 14 1.0
253.7 245.6165 14 1.0
253.8 245.7102 14 1.0
253.9 245.8038 14 1.0
254.0 245.8975 14 1.0
254.1 245.9911 14 1.0
254.2 246.0848 14 1.0
254.3 246.1784 14 1.0
254.4 246.2721 14 1.0
254.5 246.3658 14 1.0
254.6 246.4594 14 1.0
254.7 246.5531 14 1.0
254.8 246.6467 14 1.0
254.9 246.7404 14 1.0
255.0 246.834 14 1.0
255.1 246.9277 14 1.0
255.2 247.0214 14 1.0
255.3 247.115 14 1.0
255.4 247.2087 14 1.0
255.5 247.3023 14 1.0
255.6 247.396 14 1.0
255.7 247.4896 14 1.0
255.8 247.5833 14 1.0
255.9 247.677 14 1.0
256.0 247.7706 14 1.0
256.1 247.8643 14 1.0
256.2 247.9579 14 1.0
256.3 248.0516 14 1.0
256.4 248.1452 14 1.0
256.5 248.2389 14 1.0
256.6 248.3326 14 1.0
256.7 248.4262 14 1.0
256.8 248.5199 14 1.0
256.9 248.6135 14 1.0
257.0 248.7072 14 1.0
257.1 248.8008 14 1.0
257.2 248.8945 14 1.0
257.3 248.9882 14 1.0
257.4 249.0818 14 1.0
257.5 249.1755 14 1.0
257.6 249.2691 14 1.0
257.7 249.3628 14 1.0
257.8 249.4564 14 1.0
257.9 249.5501 14 1.0
258.0 249.6438 14 1.0
258.1 249.7374 14 1.0
258.2 249.8311 14 1.0
258.3 249.9247 14 1.0
258.4 250.0184 14 1.0
258.5 250.112 14 1.0
258.6 250.2057 14 1.0
258.7 250.2994 14 1.0
258.8 250.393 14 1.0
258.9 250.4867 14 1.0
259.0 250.5803 14 1.0
259.1 250.674 14 1.0
259.2 250.7676 14 1.0
259.3 250.8613 14 1.0
259.4 250.955 14 1.0
259.5 251.0486 14 1.0
259.6 251.1423 14 1.0
259.7 251.2359 14 1.0
259.8 251.3296 14 1.0
259.9 251.4232 14 1.0
260.0 251.5169 14 1.0
260.1 251.6106 14 1.0
260.2 251.7042 14 1.0
260.3 251.7979 14 1.0
260.4 251.8915 14 1.0
260.5 251.9852 14 1.0
260.6 252.0788 14 1.0
260.7 252.1725 14 1.0
260.8 252.2662 14 1.0
260.9 252.3598 14 1.0
261.0 252.4535 14 1.0
261.1 252.5471 14 1.0
261.2 252.6408 14 1.0
261.3 252.7344 14 1.0
261.4 252.8281 14 1.0
261.5 252.9218 14 1.0
261.6 253.0154 14 1.0
261.7 253.1091 14 1.0
261.8 253.2027 14 1.0
261.9 253.2964 14 1.0
262.0 253.39 14 1.0
262.1 253.4837 14 1.0
262.2 253.5773 14 1.0
262.3 253.671 14 1.0
262.4 253.7647 14 1.0
262.5 253.8583 14 1.0
262.6 253.952 14 1.0
262.7 254.0456 14 1.0
262.8 254.1393 14 1.0
262.9 254.2329 14 1.0
263.0 254.3266 14 1.0
263.1 254.4203 14 1.0
263.2 254.5139 14 1.0
263.3 254.6076 14 1.0
263.4 254.7012 14 1.0
263.5 254.7949 14 1.0
263.6 254.8885 14 1.0
263.7 254.9822 14 1.0
263.8 255.0759 14 1.0
263.9 255.1695 14 1.0
264.0 255.2632 14 1.0
264.1 255.3568 14 1.0
264.2 255.4505 14 1.0
264.3 255.5441 14 1.0
264.4 255.6378 14 1.0
264.5 255.7315 14 1.0
264.6 255.8251 14 1.0
264.7 255.9188 14 1.0
264.8 256.0124 14 1.0
264.9 256.1061 14 1.0
265.0 256.1997 14 1.0
265.1 256.2934 14 1.0
265.2 256.3871 14 1.0
265.3 256.4807 14 1.0
265.4 256.5744 14 1.0
265.5 256.668 14 1.0
265.6 256.7617 14 1.0
265.7 256.8553 14 1.0
265.8 256.949 14 1.0
265.9 257.0427 14 1.0
266.0 257.1363 14 1.0
266.1 257.23 14 1.0
266.2 257.3236 14 1.0
266.3 257.4173 14 1.0
266.4 257.5109 14 1.0
266.5 257.6046 14 1.0
266.6 257.6983 14 1.0
266.7 257.7919 14 1.0
266.8 257.8856 14 1.0
266.9 257.9792 14 1.0
267.0 258.0729 14 1.0
267.1 258.1665 14 1.0
267.2 258.2602 14 1.0
267.3 258.3539 14 1.0
267.4 258.4475 14 1.0
267.5 258.5412 14 1.0
267.6 258.6348 14 1.0
267.7 258.7285 14 1.0
267.8 258.8221 14 1.0
267.9 258.9158 14 1.0
268.0 259.0095 14 1.0
268.1 259.1031 14 1.0
268.2 259.1968 14 1.0
268.3 259.2904 14 1.0
268.4 259.3841 14 1.0
268.5 259.4777 14 1.0
268.6 259.5714 14 1.0
268.7 259.6651 14 1.0
268.8 259.7587 14 1.0
268.9 259.8524 14 1.0
269.0 259.946 14 1.0
269.1 260.0397 14 1.0
269.2 260.1333 14 1.0
269.3 260.227 14 1.0
269.4 260.3207 14 1.0
269.5 260.4143 14 1.0
269.6 260.508 14 1.0
269.7 260.6016 14 1.0
269.8 260.6953 14 1.0
269.9 260.7889 14 1.0
270.0 260.8826 14 1.0
270.1 260.9762 14 1.0
270.2 261.0699 14 1.0
270.3 261.1636 14 1.0
270.4 261.2572 14 1.0
270.5 261.3509 14 1.0
270.6 261.4445 14 1.0
270.7 261.5382 14 1.0
270.8 261.6318 14 1.0
270.9 261.7255 14 1.0
271.0 261.8192 14 1.0
271.1 261.9128 14 1.0
271.2 262.0065 14 1.0
271.3 262.1001 14 1.0
271.4 262.1938 14 1.0
271.5 262.2874 14 1.0
271.6 262.3811 14 1.0
271.7 262.4748 14 1.0
271.8 262.5684 14 1.0
271.9 262.6621 14 1.0
272.0 262.7557 14 1.0
272.1 262.8494 14 1.0
272.2 262.943 14 1.0
272.3 263.0367 14 1.0
272.4 263.1304 14 1.0
272.5 263.224 14 1.0
272.6 263.3177 14 1.0
272.7 263.4113 14 1.0
272.8 263.505 14 1.0
272.9 263.5986 14 1.0
273.0 263.6923 14 1.0
273.1 263.786 14 1.0
273.2 263.8796 14 1.0
273.3 263.9733 14 1.0
273.4 264.0669 14 1.0
273.5 264.1606 14 1.0
273.6 264.2542 14 1.0
273.7 264.3479 14 1.0
273.8 264.4416 14 1.0
273.9 264.5352 14 1.0
274.0 264.6289 14 1.0
274.1 264.7225 14 1.0
274.2 264.8162 14 1.0
274.3 264.9098 14 1.0
274.4 265.0035 14 1.0
274.5 265.0972 14 1.0
274.6 265.1908 14 1.0
274.7 265.2845 14 1.0
274.8 265.3781 14 1.0
274.9 265.4718 14 1.0
275.0 265.5654 14 1.0
275.1 265.6591 14 1.0
275.2 265.7528 14 1.0
275.3 265.8464 14 1.0
275.4 265.9401 14 1.0
275.5 266.0337 14 1.0
275.6 266.1274 14 1.0
275.7 266.221 14 1.0
275.8 266.3147 14 1.0
275.9 266.4084 14 1.0
276.0 266.502 14 1.0
276.1 266.5957 14 1.0
276.2 266.6893 14 1.0
276.3 266.783 14 1.0
276.4 266.8766 14 1.0
276.5 266.9703 14 1.0
276.6 267.064 14 1.0
276.7 267.1576 14 1.0
276.8 267.2513 14 1.0
276.9 267.3449 14 1.0
277.0 267.4386 14 1.0
277.1 267.5322 14 1.0
277.2 267.6259 14 1.0
277.3 267.7196 14 1.0
277.4 267.8132 14 1.0
277.5 267.9069 14 1.0
277.6 268.0005 14 1.0
277.7 268.0942 14 1.0
277.8 268.1878 14 1.0
277.9 268.2815 14 1.0
278.0 268.3752 14 1.0
278.1 268.4688 14 1.0
278.2 268.5625 14 1.0
278.3 268.6561 14 1.0
278.4 268.7498 14 1.0
278.5 268.8434 14 1.0
278.6 268.9371 14 1.0
278.7 269.0307 14 1.0
278.8 269.1244 14 1.0
278.9 269.2181 14 1.0
279.0 269.3117 14 1.0
279.1 269.4054 14 1.0
279.2 269.499 14 1.0
279.3 269.5927 14 1.0
279.4 269.6863 14 1.0
279.5 269.78 14 1.0
279.6 269.8737 14 1.0
279.7 269.9673 14 1.0
279.8 270.061 14 1.0
279.9 270.1546 14 1.0
280.0 270.2483 14 1.0
280.1 270.3419 14 1.0
280.2 270.4356 14 1.0
280.3 270.5293 14 1.0
280.4 270.6229 14 1.0
280.5 270.7166 14 1.0
280.6 270.8102 14 1.0
280.7 270.9039 14 1.0
280.8 270.9975 14 1.0
280.9 271.0912 14 1.0
281.0 271.1849 14 1.0
281.1 271.2785 14 1.0
281.2 271.3722 14 1.0
281.3 271.4658 14 1.0
281.4 271.5595 14 1.0
281.5 271.6531 14 1.0
281.6 271.7468 14 1.0
281.7 271.8405 14 1.0
281.8 271.9341 14 1.0
281.9 272.0278 14 1.0
282.0 272.1214 14 1.0
282.1 272.2151 14 1.0
282.2 272.3087 14 1.0
282.3 272.4024 14 1.0
282.4 272.4961 14 1.0
282.5 272.5897 14 1.0
282.6 272.6834 14 1.0
282.7 272.777 14 1.0
282.8 272.8707 14 1.0
282.9 272.9643 14 1.0
283.0 273.058 14 1.0
283.1 273.1517 14 1.0
283.2 273.2453 14 1.0
283.3 273.339 14 1.0
283.4 273.4326 14 1.0
283.5 273.5263 14 1.0
283.6 273.6199 14 1.0
283.7 273.7136 14 1.0
283.8 273.8073 14 1.0
283.9 273.9009 14 1.0
284.0 273.9946 14 1.0
284.1 274.0882 14 1.0
284.2 274.1819 14 1.0
284.3 274.2755 14 1.0
284.4 274.3692 14 1.0
284.5 274.4629 14 1.0
284.6 274.5565 14 1.0
284.7 274.6502 14 1.0
284.8 274.7438 14 1.0
284.9 274.8375 14 1.0
285.0 274.9311 14 1.0
285.1 275.0248 14 1.0
285.2 275.1185 14 1.0
285.3 275.2121 14 1.0
285.4 275.3058 14 1.0
285.5 275.3994 14 1.0
285.6 275.4931 14 1.0
285.7 275.5867 14 1.0
285.8 275.6804 14 1.0
285.9 275.7741 14 1.0
286.0 275.8677 14 1.0
286.1 275.9614 14 1.0
286.2 276.055 14 1.0
286.3 276.1487 14 1.0
286.4 276.2423 14 1.0
286.5 276.336 14 1.0
286.6 276.4297 14 1.0
286.7 276.5233 14 1.0
286.8 276.617 14 1.0
286.9 276.7106 14 1.0
287.0 276.8043 14 1.0
287.1 276.8979 14 1.0
287.2 276.9916 14 1.0
287.3 277.0852 14 1.0
287.4 277.1789 14 1.0
287.5 277.2726 14 1.0
287.6 277.3662 14 1.0
287.7 277.4599 14 1.0
287.8 277.5535 14 1.0
287.9 277.6472 14 1.0
288.0 277.7408 14 1.0
288.1 277.8345 14 1.0
288.2 277.9282 14 1.0
288.3 278.0218 14 1.0
288.4 278.1155 14 1.0
288.5 278.2091 14 1.0
288.6 278.3028 14 1.0
288.7 278.3964 14 1.0
288.8 278.4901 14 1.0
288.9 278.5838 14 1.0
289.0 278.6774 14 1.0
289.1 278.7711 14 1.0
289.2 278.8647 14 1.0
289.3 278.9584 14 1.0
289.4 279.052 14 1.0
289.5 279.1457 14 1.0
289.6 279.2394 14 1.0
289.7 279.333 14 1.0
289.8 279.4267 14 1.0
289.9 279.5203 14 1.0
290.0 279.614 14 1.0
290.1 279.7076 14 1.0
290.2 279.8013 14 1.0
290.3 279.895 14 1.0
290.4 279.9886 14 1.0
290.5 280.0823 14 1.0
290.6 280.1759 14 1.0
290.7 280.2696 14 1.0
290.8 280.3632 14 1.0
290.9 280.4569 14 1.0
291.0 280.5506 14 1.0
291.1 280.6442 14 1.0
291.2 280.7379 14 1.0
291.3 280.8315 14 1.0
291.4 280.9252 14 1.0
291.5 281.0188 14 1.0
291.6 281.1125 14 1.0
291.7 281.2062 14 1.0
291.8 281.2998 14 1.0
291.9 281.3935 14 1.0
292.0 281.4871 14 1.0
292.1 281.5808 14 1.0
292.2 281.6744 14 1.0
292.3 281.7681 14 1.0
292.4 281.8618 14 1.0
292.5 281.9554 14 1.0
292.6 282.0491 14 1.0
292.7 282.1427 14 1.0
292.8 282.2364 14 1.0
292.9 282.33 14 1.0
293.0 282.4237 14 1.0
293.1 282.5174 14 1.0
293.2 282.611 14 1.0
293.3 282.7047 14 1.0
293.4 282.7983 14 1.0
293.5 282.892 14 1.0
293.6 282.9856 14 1.0
293.7 283.0793 14 1.0
293.8 283.173 14 1.0
293.9 283.2666 14 1.0
294.0 283.3603 14 1.0
294.1 283.4539 14 1.0
294.2 283.5476 14 1.0
294.3 283.6412 14 1.0
294.4 283.7349 14 1.0
294.5 283.8286 14 1.0
294.6 283.9222 14 1.0
294.7 284.0159 14 1.0
294.8 284.1095 14 1.0
294.9 284.2032 14 1.0
295.0 284.2968 14 1.0
295.1 284.3905 14 1.0
295.2 284.4842 14 1.0
295.3 284.5778 14 1.0
295.4 284.6715 14 1.0
295.5 284.7651 14 1.0
295.6 284.8588 14 1.0
295.7 284.9524 14 1.0
295.8 285.0461 14 1.0
295.9 285.1397 14 1.0
296.0 285.2334 14 1.0
296.1 285.3271 14 1.0
296.2 285.4207 14 1.0
296.3 285.5144 14 1.0
296.4 285.608 14 1.0
296.5 285.7017 14 1.0
296.6 285.7953 14 1.0
296.7 285.889 14 1.0
296.8 285.9827 14 1.0
296.9 286.0763 14 1.0
297.0 286.17 14 1.0
297.1 286.2636 14 1.0
297.2 286.3573 14 1.0
297.3 286.4509 14 1.0
297.4 286.5446 14 1.0
297.5 286.6383 14 1.0
297.6 286.7319 14 1.0
297.7 286.8256 14 1.0
297.8 286.9192 14 1.0
297.9 287.0129 14 1.0
298.0 287.1065 14 1.0
298.1 287.2002 14 1.0
298.2 287.2939 14 1.0
298.3 287.3875 14 1.0
298.4 287.4812 14 1.0
298.5 287.5748 14 1.0
298.6 287.6685 14 1.0
298.7 287.7621 14 1.0
298.8 287.8558 14 1.0
298.9 287.9495 14 1.0
299.0 288.0431 14 1.0
299.1 288.1368 14 1.0
299.2 288.2304 14 1.0
299.3 288.3241 14 1.0
299.4 288.4177 14 1.0
299.5 288.5114 14 1.0
299.6 288.6051 14 1.0
299.7 288.6987 14 1.0
299.8 288.7924 14 1.0
299.9 288.886 14 1.0
300.0 288.9797 14 1.0
300.1 289.0706 14 1.0
300.2 289.1614 14 1.0
300.3 289.2523 14 1.0
300.4 289.3432 14 1.0
300.5 289.4341 14 1.0
300.6 289.525 14 1.0
300.7 289.6158 14 1.0
300.8 289.7067 14 1.0
300.9 289.7976 14 1.0
301.0 289.8885 14 1.0
301.1 289.9794 14 1.0
301.2 290.0702 14 1.0
301.3 290.1611 14 1.0
301.4 290.252 14 1.0
301.5 290.3429 14 1.0
301.6 290.4337 14 1.0
301.7 290.5246 14 1.0
301.8 290.6155 14 1.0
301.9 290.7064 14 1.0
302.0 290.7973 14 1.0
302.1 290.8881 14 1.0
302.2 290.979 14 1.0
302.3 291.0699 14 1.0
302.4 291.1608 14 1.0
302.5 291.2517 14 1.0
302.6 291.3425 14 1.0
302.7 291.4334 14 1.0
302.8 291.5243 14 1.0
302.9 291.6152 14 1.0
303.0 291.706 14 1.0
303.1 291.7969 14 1.0
303.2 291.8878 14 1.0
303.3 291.9787 14 1.0
303.4 292.0696 14 1.0
303.5 292.1604 14 1.0
303.6 292.2513 14 1.0
303.7 292.3422 14 1.0
303.8 292.4331 14 1.0
303.9 292.524 14 1.0
304.0 292.6148 14 1.0
304.1 292.7057 14 1.0
304.2 292.7966 14 1.0
304.3 292.8875 14 1.0
304.4 292.9784 14 1.0
304.5 293.0692 14 1.0
304.6 293.1601 14 1.0
304.7 293.251 14 1.0
304.8 293.3419 14 1.0
304.9 293.4327 14 1.0
305.0 293.5236 14 1.0
305.1 293.6145 14 1.0
305.2 293.7054 14 1.0
305.3 293.7963 14 1.0
305.4 293.8871 14 1.0
305.5 293.978 14 1.0
305.6 294.0689 14 1.0
305.7 294.1598 14 1.0
305.8 294.2507 14 1.0
305.9 294.3415 14 1.0
306.0 294.4324 14 1.0
306.1 294.5233 14 1.0
306.2 294.6142 14 1.0
306.3 294.705 14 1.0
306.4 294.7959 14 1.0
306.5 294.8868 14 1.0
306.6 294.9777 14 1.0
306.7 295.0686 14 1.0
306.8 295.1594 14 1.0
306.9 295.2503 14 1.0
307.0 295.3412 14 1.0
307.1 295.4321 14 1.0
307.2 295.523 14 1.0
307.3 295.6138 14 1.0
307.4 295.7047 14 1.0
307.5 295.7956 14 1.0
307.6 295.8865 14 1.0
307.7 295.9774 14 1.0
307.8 296.0682 14 1.0
307.9 296.1591 14 1.0
308.0 296.25 14 1.0
308.1 296.3409 14 1.0
308.2 296.4317 14 1.0
308.3 296.5226 14 1.0
308.4 296.6135 14 1.0
308.5 296.7044 14 1.0
308.6 296.7953 14 1.0
308.7 296.8861 14 1.0
308.8 296.977 14 1.0
308.9 297.0679 14 1.0
309.0 297.1588 14 1.0
309.1 297.2497 14 1.0
309.2 297.3405 14 1.0
309.3 297.4314 14 1.0
309.4 297.5223 14 1.0
309.5 297.6132 14 1.0
309.6 297.704 14 1.0
309.7 297.7949 14 1.0
309.8 297.8858 14 1.0
309.9 297.9767 14 1.0
310.0 298.0676 14 1.0
310.1 298.1584 14 1.0
310.2 298.2493 14 1.0
310.3 298.3402 14 1.0
310.4 298.4311 14 1.0
310.5 298.522 14 1.0
310.6 298.6128 14 1.0
310.7 298.7037 14 1.0
310.8 298.7946 14 1.0
310.9 298.8855 14 1.0
311.0 298.9764 14 1.0
311.1 299.0672 14 1.0
311.2 299.1581 14 1.0
311.3 299.249 14 1.0
311.4 299.3399 14 1.0
311.5 299.4307 14 1.0
311.6 299.5216 14 1.0
311.7 299.6125 14 1.0
311.8 299.7034 14 1.0
311.9 299.7943 14 1.0
312.0 299.8851 14 1.0
312.1 299.976 14 1.0
312.2 300.0669 14 1.0
312.3 300.1578 14 1.0
312.4 300.2487 14 1.0
312.5 300.3395 14 1.0
312.6 300.4304 14 1.0
312.7 300.5213 14 1.0
312.8 300.6122 14 1.0
312.9 300.703 14 1.0
313.0 300.7939 14 1.0
313.1 300.8848 14 1.0
313.2 300.9757 14 1.0
313.3 301.0666 14 1.0
313.4 301.1574 14 1.0
313.5 301.2483 14 1.0
313.6 301.3392 14 1.0
313.7 301.4301 14 1.0
313.8 301.521 14 1.0
313.9 301.6118 14 1.0
314.0 301.7027 14 1.0
314.1 301.7936 14 1.0
314.2 301.8845 14 1.0
314.3 301.9754 14 1.0
314.4 302.0662 14 1.0
314.5 302.1571 14 1.0
314.6 302.248 14 1.0
314.7 302.3389 14 1.0
314.8 302.4297 14 1.0
314.9 302.5206 14 1.0
315.0 302.6115 14 1.0
315.1 302.7024 14 1.0
315.2 302.7933 14 1.0
315.3 302.8841 14 1.0
315.4 302.975 14 1.0
315.5 303.0659 14 1.0
315.6 303.1568 14 1.0
315.7 303.2477 14 1.0
315.8 303.3385 14 1.0
315.9 303.4294 14 1.0
316.0 303.5203 14 1.0
316.1 303.6112 14 1.0
316.2 303.702 14 1.0
316.3 303.7929 14 1.0
316.4 303.8838 14 1.0
316.5 303.9747 14 1.0
316.6 304.0656 14 1.0
316.7 304.1564 14 1.0
316.8 304.2473 14 1.0
316.9 304.3382 14 1.0
317.0 304.4291 14 1.0
317.1 304.52 14 1.0
317.2 304.6108 14 1.0
317.3 304.7017 14 1.0
317.4 304.7926 14 1.0
317.5 304.8835 14 1.0
317.6 304.9744 14 1.0
317.7 305.0652 14 1.0
317.8 305.1561 14 1.0
317.9 305.247 14 1.0
318.0 305.3379 14 1.0
318.1 305.4287 14 1.0
318.2 305.5196 14 1.0
318.3 305.6105 14 1.0
318.4 305.7014 14 1.0
318.5 305.7923 14 1.0
318.6 305.8831 14 1.0
318.7 305.974 14 1.0
318.8 306.0649 14 1.0
318.9 306.1558 14 1.0
319.0 306.2467 14 1.0
319.1 306.3375 14 1.0
319.2 306.4284 14 1.0
319.3 306.5193 14 1.0
319.4 306.6102 14 1.0
319.5 306.701 14 1.0
319.6 306.7919 14 1.0
319.7 306.8828 14 1.0
319.8 306.9737 14 1.0
319.9 307.0646 14 1.0
320.0 307.1554 14 1.0
320.1 307.2463 14 1.0
320.2 307.3372 14 1.0
320.3 307.4281 14 1.0
320.4 307.519 14 1.0
320.5 307.6098 14 1.0
320.6 307.7007 14 1.0
320.7 307.7916 14 1.0
320.8 307.8825 14 1.0
320.9 307.9733 14 1.0
321.0 308.0642 14 1.0
321.1 308.1551 14 1.0
321.2 308.246 14 1.0
321.3 308.3369 14 1.0
321.4 308.4277 14 1.0
321.5 308.5186 14 1.0
321.6 308.6095 14 1.0
321.7 308.7004 14 1.0
321.8 308.7913 14 1.0
321.9 308.8821 14 1.0
322.0 308.973 14 1.0
322.1 309.0639 14 1.0
322.2 309.1548 14 1.0
322.3 309.2457 14 1.0
322.4 309.3365 14 1.0
322.5 309.4274 14 1.0
322.6 309.5183 14 1.0
322.7 309.6092 14 1.0
322.8 309.7 14 1.0
322.9 309.7909 14 1.0
323.0 309.8818 14 1.0
323.1 309.9727 14 1.0
323.2 310.0636 14 1.0
323.3 310.1544 14 1.0
323.4 310.2453 14 1.0
323.5 310.3362 14 1.0
323.6 310.4271 14 1.0
323.7 310.518 14 1.0
323.8 310.6088 14 1.0
323.9 310.6997 14 1.0
324.0 310.7906 14 1.0
324.1 310.8815 14 1.0
324.2 310.9723 14 1.0
324.3 311.0632 14 1.0
324.4 311.1541 14 1.0
324.5 311.245 14 1.0
324.6 311.3359 14 1.0
324.7 311.4267 14 1.0
324.8 311.5176 14 1.0
324.9 311.6085 14 1.0
325.0 311.6994 14 1.0
325.1 311.7903 14 1.0
325.2 311.8811 14 1.0
325.3 311.972 14 1.0
325.4 312.0629 14 1.0
325.5 312.1538 14 1.0
325.6 312.2447 14 1.0
325.7 312.3355 14 1.0
325.8 312.4264 14 1.0
325.9 312.5173 14 1.0
326.0 312.6082 14 1.0
326.1 312.699 14 1.0
326.2 312.7899 14 1.0
326.3 312.8808 14 1.0
326.4 312.9717 14 1.0
326.5 313.0626 14 1.0
326.6 313.1534 14 1.0
326.7 313.2443 14 1.0
326.8 313.3352 14 1.0
326.9 313.4261 14 1.0
327.0 313.517 14 1.0
327.1 313.6078 14 1.0
327.2 313.6987 14 1.0
327.3 313.7896 14 1.0
327.4 313.8805 14 1.0
327.5 313.9713 14 1.0
327.6 314.0622 14 1.0
327.7 314.1531 14 1.0
327.8 314.244 14 1.0
327.9 314.3349 14 1.0
328.0 314.4257 14 1.0
328.1 314.5166 14 1.0
328.2 314.6075 14 1.0
328.3 314.6984 14 1.0
328.4 314.7893 14 1.0
328.5 314.8801 14 1.0
328.6 314.971 14 1.0
328.7 315.0619 14 1.0
328.8 315.1528 14 1.0
328.9 315.2437 14 1.0
329.0 315.3345 14 1.0
329.1 315.4254 14 1.0
329.2 315.5163 14 1.0
329.3 315.6072 14 1.0
329.4 315.698 14 1.0
329.5 315.7889 14 1.0
329.6 315.8798 14 1.0
329.7 315.9707 14 1.0
329.8 316.0616 14 1.0
329.9 316.1524 14 1.0
330.0 316.2433 14 1.0
330.1 316.3342 14 1.0
330.2 316.4251 14 1.0
330.3 316.516 14 1.0
330.4 316.6068 14 1.0
330.5 316.6977 14 1.0
330.6 316.7886 14 1.0
330.7 316.8795 14 1.0
330.8 316.9703 14 1.0
330.9 317.0612 14 1.0
331.0 317.1521 14 1.0
331.1 317.243 14 1.0
331.2 317.3339 14 1.0
331.3 317.4247 14 1.0
331.4 317.5156 14 1.0
331.5 317.6065 14 1.0
331.6 317.6974 14 1.0
331.7 317.7883 14 1.0
331.8 317.8791 14 1.0
331.9 317.97 14 1.0
332.0 318.0609 14 1.0
332.1 318.1518 14 1.0
332.2 318.2427 14 1.0
332.3 318.3335 14 1.0
332.4 318.4244 14 1.0
332.5 318.5153 14 1.0
332.6 318.6062 14 1.0
332.7 318.697 14 1.0
332.8 318.7879 14 1.0
332.9 318.8788 14 1.0
333.0 318.9697 14 1.0
333.1 319.0606 14 1.0
333.2 319.1514 14 1.0
333.3 319.2423 14 1.0
333.4 319.3332 14 1.0
333.5 319.4241 14 1.0
333.6 319.515 14 1.0
333.7 319.6058 14 1.0
333.8 319.6967 14 1.0
333.9 319.7876 14 1.0
334.0 319.8785 14 1.0
334.1 319.9693 14 1.0
334.2 320.0602 14 1.0
334.3 320.1511 14 1.0
334.4 320.242 14 1.0
334.5 320.3329 14 1.0
334.6 320.4237 14 1.0
334.7 320.5146 14 1.0
334.8 320.6055 14 1.0
334.9 320.6964 14 1.0
335.0 320.7873 14 1.0
335.1 320.8781 14 1.0
335.2 320.969 14 1.0
335.3 321.0599 14 1.0
335.4 321.1508 14 1.0
335.5 321.2417 14 1.0
335.6 321.3325 14 1.0
335.7 321.4234 14 1.0
335.8 321.5143 14 1.0
335.9 321.6052 14 1.0
336.0 321.696 14 1.0
336.1 321.7869 14 1.0
336.2 321.8778 14 1.0
336.3 321.9687 14 1.0
336.4 322.0596 14 1.0
336.5 322.1504 14 1.0
336.6 322.2413 14 1.0
336.7 322.3322 14 1.0
336.8 322.4231 14 1.0
336.9 322.514 14 1.0
337.0 322.6048 14 1.0
337.1 322.6957 14 1.0
337.2 322.7866 14 1.0
337.3 322.8775 14 1.0
337.4 322.9683 14 1.0
337.5 323.0592 14 1.0
337.6 323.1501 14 1.0
337.7 323.241 14 1.0
337.8 323.3319 14 1.0
337.9 323.4227 14 1.0
338.0 323.5136 14 1.0
338.1 323.6045 14 1.0
338.2 323.6954 14 1.0
338.3 323.7863 14 1.0
338.4 323.8771 14 1.0
338.5 323.968 14 1.0
338.6 324.0589 14 1.0
338.7 324.1498 14 1.0
338.8 324.2407 14 1.0
338.9 324.3315 14 1.0
339.0 324.4224 14 1.0
339.1 324.5133 14 1.0
339.2 324.6042 14 1.0
339.3 324.695 14 1.0
339.4 324.7859 14 1.0
339.5 324.8768 14 1.0
339.6 324.9677 14 1.0
339.7 325.0586 14 1.0
339.8 325.1494 14 1.0
339.9 325.2403 14 1.0
340.0 325.3312 14 1.0
340.1 325.4221 14 1.0
340.2 325.513 14 1.0
340.3 325.6038 14 1.0
340.4 325.6947 14 1.0
340.5 325.7856 14 1.0
340.6 325.8765 14 1.0
340.7 325.9673 14 1.0
340.8 326.0582 14 1.0
340.9 326.1491 14 1.0
341.0 326.24 14 1.0
341.1 326.3309 14 1.0
341.2 326.4217 14 1.0
341.3 326.5126 14 1.0
341.4 326.6035 14 1.0
341.5 326.6944 14 1.0
341.6 326.7853 14 1.0
341.7 326.8761 14 1.0
341.8 326.967 14 1.0
341.9 327.0579 14 1.0
342.0 327.1488 14 1.0
342.1 327.2397 14 1.0
342.2 327.3305 14 1.0
342.3 327.4214 14 1.0
342.4 327.5123 14 1.0
342.5 327.6032 14 1.0
342.6 327.694 14 1.0
342.7 327.7849 14 1.0
342.8 327.8758 14 1.0
342.9 327.9667 14 1.0
343.0 328.0576 14 1.0
343.1 328.1484 14 1.0
343.2 328.2393 14 1.0
343.3 328.3302 14 1.0
343.4 328.4211 14 1.0
343.5 328.512 14 1.0
343.6 328.6028 14 1.0
343.7 328.6937 14 1.0
343.8 328.7846 14 1.0
343.9 328.8755 14 1.0
344.0 328.9663 14 1.0
344.1 329.0572 14 1.0
344.2 329.1481 14 1.0
344.3 329.239 14 1.0
344.4 329.3299 14 1.0
344.5 329.4207 14 1.0
344.6 329.5116 14 1.0
344.7 329.6025 14 1.0
344.8 329.6934 14 1.0
344.9 329.7843 14 1.0
345.0 329.8751 14 1.0
345.1 329.966 14 1.0
345.2 330.0569 14 1.0
345.3 330.1478 14 1.0
345.4 330.2387 14 1.0
345.5 330.3295 14 1.0
345.6 330.4204 14 1.0
345.7 330.5113 14 1.0
345.8 330.6022 14 1.0
345.9 330.693 14 1.0
346.0 330.7839 14 1.0
346.1 330.8748 14 1.0
346.2 330.9657 14 1.0
346.3 331.0566 14 1.0
346.4 331.1474 14 1.0
346.5 331.2383 14 1.0
346.6 331.3292 14 1.0
346.7 331.4201 14 1.0
346.8 331.511 14 1.0
346.9 331.6018 14 1.0
347.0 331.6927 14 1.0
347.1 331.7836 14 1.0
347.2 331.8745 14 1.0
347.3 331.9653 14 1.0
347.4 332.0562 14 1.0
347.5 332.1471 14 1.0
347.6 332.238 14 1.0
347.7 332.3289 14 1.0
347.8 332.4197 14 1.0
347.9 332.5106 14 1.0
348.0 332.6015 14 1.0
348.1 332.6924 14 1.0
348.2 332.7833 14 1.0
348.3 332.8741 14 1.0
348.4 332.965 14 1.0
348.5 333.0559 14 1.0
348.6 333.1468 14 1.0
348.7 333.2377 14 1.0
348.8 333.3285 14 1.0
348.9 333.4194 14 1.0
349.0 333.5103 14 1.0
349.1 333.6012 14 1.0
349.2 333.692 14 1.0
349.3 333.7829 14 1.0
349.4 333.8738 14 1.0
349.5 333.9647 14 1.0
349.6 334.0556 14 1.0
349.7 334.1464 14 1.0
349.8 334.2373 14 1.0
349.9 334.3282 14 1.0
350.0 334.4191 14 1.0
350.1 334.5106 14 1.0
350.2 334.602 14 1.0
350.3 334.6935 14 1.0
350.4 334.785 14 1.0
350.5 334.8765 14 1.0
350.6 334.968 14 1.0
350.7 335.0595 14 1.0
350.8 335.1509 14 1.0
350.9 335.2424 14 1.0
351.0 335.3339 14 1.0
351.1 335.4254 14 1.0
351.2 335.5169 14 1.0
351.3 335.6083 14 1.0
351.4 335.6998 14 1.0
351.5 335.7913 14 1.0
351.6 335.8828 14 1.0
351.7 335.9743 14 1.0
351.8 336.0658 14 1.0
351.9 336.1572 14 1.0
352.0 336.2487 14 1.0
352.1 336.3402 14 1.0
352.2 336.4317 14 1.0
352.3 336.5232 14 1.0
352.4 336.6147 14 1.0
352.5 336.7061 14 1.0
352.6 336.7976 14 1.0
352.7 336.8891 14 1.0
352.8 336.9806 14 1.0
352.9 337.0721 14 1.0
353.0 337.1635 14 1.0
353.1 337.255 14 1.0
353.2 337.3465 14 1.0
353.3 337.438 14 1.0
353.4 337.5295 14 1.0
353.5 337.621 14 1.0
353.6 337.7124 14 1.0
353.7 337.8039 14 1.0
353.8 337.8954 14 1.0
353.9 337.9869 14 1.0
354.0 338.0784 14 1.0
354.1 338.1699 14 1.0
354.2 338.2613 14 1.0
354.3 338.3528 14 1.0
354.4 338.4443 14 1.0
354.5 338.5358 14 1.0
354.6 338.6273 14 1.0
354.7 338.7188 14 1.0
354.8 338.8102 14 1.0
354.9 338.9017 14 1.0
355.0 338.9932 14 1.0
355.1 339.0847 14 1.0
355.2 339.1762 14 1.0
355.3 339.2676 14 1.0
355.4 339.3591 14 1.0
355.5 339.4506 14 1.0
355.6 339.5421 14 1.0
355.7 339.6336 14 1.0
355.8 339.7251 14 1.0
355.9 339.8165 14 1.0
356.0 339.908 14 1.0
356.1 339.9995 14 1.0
356.2 340.091 14 1.0
356.3 340.1825 14 1.0
356.4 340.274 14 1.0
356.5 340.3654 14 1.0
356.6 340.4569 14 1.0
356.7 340.5484 14 1.0
356.8 340.6399 14 1.0
356.9 340.7314 14 1.0
357.0 340.8228 14 1.0
357.1 340.9143 14 1.0
357.2 341.0058 14 1.0
357.3 341.0973 14 1.0
357.4 341.1888 14 1.0
357.5 341.2803 14 1.0
357.6 341.3717 14 1.0
357.7 341.4632 14 1.0
357.8 341.5547 14 1.0
357.9 341.6462 14 1.0
358.0 341.7377 14 1.0
358.1 341.8292 14 1.0
358.2 341.9206 14 1.0
358.3 342.0121 14 1.0
358.4 342.1036 14 1.0
358.5 342.1951 14 1.0
358.6 342.2866 14 1.0
358.7 342.378 14 1.0
358.8 342.4695 14 1.0
358.9 342.561 14 1.0
359.0 342.6525 14 1.0
359.1 342.744 14 1.0
359.2 342.8355 14 1.0
359.3 342.9269 14 1.0
359.4 343.0184 14 1.0
359.5 343.1099 14 1.0
359.6 343.2014 14 1.0
359.7 343.2929 14 1.0
359.8 343.3844 14 1.0
359.9 343.4758 14 1.0
360.0 343.5673 14 1.0
360.1 343.6588 14 1.0
360.2 343.7503 14 1.0
360.3 343.8418 14 1.0
360.4 343.9333 14 1.0
360.5 344.0247 14 1.0
360.6 344.1162 14 1.0
360.7 344.2077 14 1.0
360.8 344.2992 14 1.0
360.9 344.3907 14 1.0
361.0 344.4821 14 1.0
361.1 344.5736 14 1.0
361.2 344.6651 14 1.0
361.3 344.7566 14 1.0
361.4 344.8481 14 1.0
361.5 344.9396 14 1.0
361.6 345.031 14 1.0
361.7 345.1225 14 1.0
361.8 345.214 14 1.0
361.9 345.3055 14 1.0
362.0 345.397 14 1.0
362.1 345.4885 14 1.0
362.2 345.5799 14 1.0
362.3 345.6714 14 1.0
362.4 345.7629 14 1.0
362.5 345.8544 14 1.0
362.6 345.9459 14 1.0
362.7 346.0373 14 1.0
362.8 346.1288 14 1.0
362.9 346.2203 14 1.0
363.0 346.3118 14 1.0
363.1 346.4033 14 1.0
363.2 346.4948 14 1.0
363.3 346.5862 14 1.0
363.4 346.6777 14 1.0
363.5 346.7692 14 1.0
363.6 346.8607 14 1.0
363.7 346.9522 14 1.0
363.8 347.0437 14 1.0
363.9 347.1351 14 1.0
364.0 347.2266 14 1.0
364.1 347.3181 14 1.0
364.2 347.4096 14 1.0
364.3 347.5011 14 1.0
364.4 347.5926 14 1.0
364.5 347.684 14 1.0
364.6 347.7755 14 1.0
364.7 347.867 14 1.0
364.8 347.9585 14 1.0
364.9 348.05 14 1.0
365.0 348.1414 14 1.0
365.1 348.2329 14 1.0
365.2 348.3244 14 1.0
365.3 348.4159 14 1.0
365.4 348.5074 14 1.0
365.5 348.5989 14 1.0
365.6 348.6903 14 1.0
365.7 348.7818 14 1.0
365.8 348.8733 14 1.0
365.9 348.9648 14 1.0
366.0 349.0563 14 1.0
366.1 349.1478 14 1.0
366.2 349.2392 14 1.0
366.3 349.3307 14 1.0
366.4 349.4222 14 1.0
366.5 349.5137 14 1.0
366.6 349.6052 14 1.0
366.7 349.6966 14 1.0
366.8 349.7881 14 1.0
366.9 349.8796 14 1.0
367.0 349.9711 14 1.0
367.1 350.0626 14 1.0
367.2 350.1541 14 1.0
367.3 350.2455 14 1.0
367.4 350.337 14 1.0
367.5 350.4285 14 1.0
367.6 350.52 14 1.0
367.7 350.6115 14 1.0
367.8 350.703 14 1.0
367.9 350.7944 14 1.0
368.0 350.8859 14 1.0
368.1 350.9774 14 1.0
368.2 351.0689 14 1.0
368.3 351.1604 14 1.0
368.4 351.2518 14 1.0
368.5 351.3433 14 1.0
368.6 351.4348 14 1.0
368.7 351.5263 14 1.0
368.8 351.6178 14 1.0
368.9 351.7093 14 1.0
369.0 351.8007 14 1.0
369.1 351.8922 14 1.0
369.2 351.9837 14 1.0
369.3 352.0752 14 1.0
369.4 352.1667 14 1.0
369.5 352.2582 14 1.0
369.6 352.3496 14 1.0
369.7 352.4411 14 1.0
369.8 352.5326 14 1.0
369.9 352.6241 14 1.0
370.0 352.7156 14 1.0
370.1 352.8071 14 1.0
370.2 352.8985 14 1.0
370.3 352.99 14 1.0
370.4 353.0815 14 1.0
370.5 353.173 14 1.0
370.6 353.2645 14 1.0
370.7 353.3559 14 1.0
370.8 353.4474 14 1.0
370.9 353.5389 14 1.0
371.0 353.6304 14 1.0
371.1 353.7219 14 1.0
371.2 353.8134 14 1.0
371.3 353.9048 14 1.0
371.4 353.9963 14 1.0
371.5 354.0878 14 1.0
371.6 354.1793 14 1.0
371.7 354.2708 14 1.0
371.8 354.3623 14 1.0
371.9 354.4537 14 1.0
372.0 354.5452 14 1.0
372.1 354.6367 14 1.0
372.2 354.7282 14 1.0
372.3 354.8197 14 1.0
372.4 354.9111 14 1.0
372.5 355.0026 14 1.0
372.6 355.0941 14 1.0
372.7 355.1856 14 1.0
372.8 355.2771 14 1.0
372.9 355.3686 14 1.0
373.0 355.46 14 1.0
373.1 355.5515 14 1.0
373.2 355.643 14 1.0
373.3 355.7345 14 1.0
373.4 355.826 14 1.0
373.5 355.9175 14 1.0
373.6 356.0089 14 1.0
373.7 356.1004 14 1.0
373.8 356.1919 14 1.0
373.9 356.2834 14 1.0
374.0 356.3749 14 1.0
374.1 356.4663 14 1.0
374.2 356.5578 14 1.0
374.3 356.6493 14 1.0
374.4 356.7408 14 1.0
374.5 356.8323 14 1.0
374.6 356.9238 14 1.0
374.7 357.0152 14 1.0
374.8 357.1067 14 1.0
374.9 357.1982 14 1.0
375.0 357.2897 14 1.0
375.1 357.3812 14 1.0
375.2 357.4727 14 1.0
375.3 357.5641 14 1.0
375.4 357.6556 14 1.0
375.5 357.7471 14 1.0
375.6 357.8386 14 1.0
375.7 357.9301 14 1.0
375.8 358.0216 14 1.0
375.9 358.113 14 1.0
376.0 358.2045 14 1.0
376.1 358.296 14 1.0
376.2 358.3875 14 1.0
376.3 358.479 14 1.0
376.4 358.5704 14 1.0
376.5 358.6619 14 1.0
376.6 358.7534 14 1.0
376.7 358.8449 14 1.0
376.8 358.9364 14 1.0
376.9 359.0279 14 1.0
377.0 359.1193 14 1.0
377.1 359.2108 14 1.0
377.2 359.3023 14 1.0
377.3 359.3938 14 1.0
377.4 359.4853 14 1.0
377.5 359.5768 14 1.0
377.6 359.6682 14 1.0
377.7 359.7597 14 1.0
377.8 359.8512 14 1.0
377.9 359.9427 14 1.0
378.0 360.0342 14 1.0
378.1 360.1256 14 1.0
378.2 360.2171 14 1.0
378.3 360.3086 14 1.0
378.4 360.4001 14 1.0
378.5 360.4916 14 1.0
378.6 360.5831 14 1.0
378.7 360.6745 14 1.0
378.8 360.766 14 1.0
378.9 360.8575 14 1.0
379.0 360.949 14 1.0
379.1 361.0405 14 1.0
379.2 361.132 14 1.0
379.3 361.2234 14 1.0
379.4 361.3149 14 1.0
379.5 361.4064 14 1.0
379.6 361.4979 14 1.0
379.7 361.5894 14 1.0
379.8 361.6809 14 1.0
379.9 361.7723 14 1.0
380.0 361.8638 14 1.0
380.1 361.9553 14 1.0
380.2 362.0468 14 1.0
380.3 362.1383 14 1.0
380.4 362.2297 14 1.0
380.5 362.3212 14 1.0
380.6 362.4127 14 1.0
380.7 362.5042 14 1.0
380.8 362.5957 14 1.0
380.9 362.6872 14 1.0
381.0 362.7786 14 1.0
381.1 362.8701 14 1.0
381.2 362.9616 14 1.0
381.3 363.0531 14 1.0
381.4 363.1446 14 1.0
381.5 363.2361 14 1.0
381.6 363.3275 14 1.0
381.7 363.419 14 1.0
381.8 363.5105 14 1.0
381.9 363.602 14 1.0
382.0 363.6935 14 1.0
382.1 363.7849 14 1.0
382.2 363.8764 14 1.0
382.3 363.9679 14 1.0
382.4 364.0594 14 1.0
382.5 364.1509 14 1.0
382.6 364.2424 14 1.0
382.7 364.3338 14 1.0
382.8 364.4253 14 1.0
382.9 364.5168 14 1.0
383.0 364.6083 14 1.0
383.1 364.6998 14 1.0
383.2 364.7913 14 1.0
383.3 364.8827 14 1.0
383.4 364.9742 14 1.0
383.5 365.0657 14 1.0
383.6 365.1572 14 1.0
383.7 365.2487 14 1.0
383.8 365.3401 14 1.0
383.9 365.4316 14 1.0
384.0 365.5231 14 1.0
384.1 365.6146 14 1.0
384.2 365.7061 14 1.0
384.3 365.7976 14 1.0
384.4 365.889 14 1.0
384.5 365.9805 14 1.0
384.6 366.072 14 1.0
384.7 366.1635 14 1.0
384.8 366.255 14 1.0
384.9 366.3465 14 1.0
385.0 366.4379 14 1.0
385.1 366.5294 14 1.0
385.2 366.6209 14 1.0
385.3 366.7124 14 1.0
385.4 366.8039 14 1.0
385.5 366.8954 14 1.0
385.6 366.9868 14 1.0
385.7 367.0783 14 1.0
385.8 367.1698 14 1.0
385.9 367.2613 14 1.0
386.0 367.3528 14 1.0
386.1 367.4442 14 1.0
386.2 367.5357 14 1.0
386.3 367.6272 14 1.0
386.4 367.7187 14 1.0
386.5 367.8102 14 1.0
386.6 367.9017 14 1.0
386.7 367.9931 14 1.0
386.8 368.0846 14 1.0
386.9 368.1761 14 1.0
387.0 368.2676 14 1.0
387.1 368.3591 14 1.0
387.2 368.4506 14 1.0
387.3 368.542 14 1.0
387.4 368.6335 14 1.0
387.5 368.725 14 1.0
387.6 368.8165 14 1.0
387.7 368.908 14 1.0
387.8 368.9994 14 1.0
387.9 369.0909 14 1.0
388.0 369.1824 14 1.0
388.1 369.2739 14 1.0
388.2 369.3654 14 1.0
388.3 369.4569 14 1.0
388.4 369.5483 14 1.0
388.5 369.6398 14 1.0
388.6 369.7313 14 1.0
388.7 369.8228 14 1.0
388.8 369.9143 14 1.0
388.9 370.0058 14 1.0
389.0 370.0972 14 1.0
389.1 370.1887 14 1.0
389.2 370.2802 14 1.0
389.3 370.3717 14 1.0
389.4 370.4632 14 1.0
389.5 370.5547 14 1.0
389.6 370.6461 14 1.0
389.7 370.7376 14 1.0
389.8 370.8291 14 1.0
389.9 370.9206 14 1.0
390.0 371.0121 14 1.0
390.1 371.1035 14 1.0
390.2 371.195 14 1.0
390.3 371.2865 14 1.0
390.4 371.378 14 1.0
390.5 371.4695 14 1.0
390.6 371.561 14 1.0
390.7 371.6524 14 1.0
390.8 371.7439 14 1.0
390.9 371.8354 14 1.0
391.0 371.9269 14 1.0
391.1 372.0184 14 1.0
391.2 372.1099 14 1.0
391.3 372.2013 14 1.0
391.4 372.2928 14 1.0
391.5 372.3843 14 1.0
391.6 372.4758 14 1.0
391.7 372.5673 14 1.0
391.8 372.6587 14 1.0
391.9 372.7502 14 1.0
392.0 372.8417 14 1.0
392.1 372.9332 14 1.0
392.2 373.0247 14 1.0
392.3 373.1162 14 1.0
392.4 373.2076 14 1.0
392.5 373.2991 14 1.0
392.6 373.3906 14 1.0
392.7 373.4821 14 1.0
392.8 373.5736 14 1.0
392.9 373.6651 14 1.0
393.0 373.7565 14 1.0
393.1 373.848 14 1.0
393.2 373.9395 14 1.0
393.3 374.031 14 1.0
393.4 374.1225 14 1.0
393.5 374.2139 14 1.0
393.6 374.3054 14 1.0
393.7 374.3969 14 1.0
393.8 374.4884 14 1.0
393.9 374.5799 14 1.0
394.0 374.6714 14 1.0
394.1 374.7628 14 1.0
394.2 374.8543 14 1.0
394.3 374.9458 14 1.0
394.4 375.0373 14 1.0
394.5 375.1288 14 1.0
394.6 375.2203 14 1.0
394.7 375.3117 14 1.0
394.8 375.4032 14 1.0
394.9 375.4947 14 1.0
395.0 375.5862 14 1.0
395.1 375.6777 14 1.0
395.2 375.7692 14 1.0
395.3 375.8606 14 1.0
395.4 375.9521 14 1.0
395.5 376.0436 14 1.0
395.6 376.1351 14 1.0
395.7 376.2266 14 1.0
395.8 376.318 14 1.0
395.9 376.4095 14 1.0
396.0 376.501 14 1.0
396.1 376.5925 14 1.0
396.2 376.684 14 1.0
396.3 376.7755 14 1.0
396.4 376.8669 14 1.0
396.5 376.9584 14 1.0
396.6 377.0499 14 1.0
396.7 377.1414 14 1.0
396.8 377.2329 14 1.0
396.9 377.3244 14 1.0
397.0 377.4158 14 1.0
397.1 377.5073 14 1.0
397.2 377.5988 14 1.0
397.3 377.6903 14 1.0
397.4 377.7818 14 1.0
397.5 377.8732 14 1.0
397.6 377.9647 14 1.0
397.7 378.0562 14 1.0
397.8 378.1477 14 1.0
397.9 378.2392 14 1.0
398.0 378.3307 14 1.0
398.1 378.4221 14 1.0
398.2 378.5136 14 1.0
398.3 378.6051 14 1.0
398.4 378.6966 14 1.0
398.5 378.7881 14 1.0
398.6 378.8796 14 1.0
398.7 378.971 14 1.0
398.8 379.0625 14 1.0
398.9 379.154 14 1.0
399.0 379.2455 14 1.0
399.1 379.337 14 1.0
399.2 379.4284 14 1.0
399.3 379.5199 14 1.0
399.4 379.6114 14 1.0
399.5 379.7029 14 1.0
399.6 379.7944 14 1.0
399.7 379.8859 14 1.0
399.8 379.9773 14 1.0
399.9 380.0688 14 1.0
400.0 380.1603 14 1.0
400.1 380.2492 14 1.0
400.2 380.338 14 1.0
400.3 380.4269 14 1.0
400.4 380.5157 14 1.0
400.5 380.6046 14 1.0
400.6 380.6934 14 1.0
400.7 380.7823 14 1.0
400.8 380.8711 14 1.0
400.9 380.9599 14 1.0
401.0 381.0488 14 1.0
401.1 381.1376 14 1.0
401.2 381.2265 14 1.0
401.3 381.3153 14 1.0
401.4 381.4042 14 1.0
401.5 381.493 14 1.0
401.6 381.5819 14 1.0
401.7 381.6707 14 1.0
401.8 381.7596 14 1.0
401.9 381.8484 14 1.0
402.0 381.9373 14 1.0
402.1 382.0261 14 1.0
402.2 382.115 14 1.0
402.3 382.2038 14 1.0
402.4 382.2927 14 1.0
402.5 382.3815 14 1.0
402.6 382.4704 14 1.0
402.7 382.5592 14 1.0
402.8 382.6481 14 1.0
402.9 382.7369 14 1.0
403.0 382.8258 14 1.0
403.1 382.9146 14 1.0
403.2 383.0035 14 1.0
403.3 383.0923 14 1.0
403.4 383.1812 14 1.0
403.5 383.27 14 1.0
403.6 383.3589 14 1.0
403.7 383.4477 14 1.0
403.8 383.5366 14 1.0
403.9 383.6254 14 1.0
404.0 383.7143 14 1.0
404.1 383.8031 14 1.0
404.2 383.892 14 1.0
404.3 383.9808 14 1.0
404.4 384.0697 14 1.0
404.5 384.1585 14 1.0
404.6 384.2474 14 1.0
404.7 384.3362 14 1.0
404.8 384.4251 14 1.0
404.9 384.5139 14 1.0
405.0 384.6028 14 1.0
405.1 384.6916 14 1.0
405.2 384.7805 14 1.0
405.3 384.8693 14 1.0
405.4 384.9582 14 1.0
405.5 385.047 14 1.0
405.6 385.1359 14 1.0
405.7 385.2247 14 1.0
405.8 385.3135 14 1.0
405.9 385.4024 14 1.0
406.0 385.4912 14 1.0
406.1 385.5801 14 1.0
406.2 385.6689 14 1.0
406.3 385.7578 14 1.0
406.4 385.8466 14 1.0
406.5 385.9355 14 1.0
406.6 386.0243 14 1.0
406.7 386.1132 14 1.0
406.8 386.202 14 1.0
406.9 386.2909 14 1.0
407.0 386.3797 14 1.0
407.1 386.4686 14 1.0
407.2 386.5574 14 1.0
407.3 386.6463 14 1.0
407.4 386.7351 14 1.0
407.5 386.824 14 1.0
407.6 386.9128 14 1.0
407.7 387.0017 14 1.0
407.8 387.0905 14 1.0
407.9 387.1794 14 1.0
408.0 387.2682 14 1.0
408.1 387.3571 14 1.0
408.2 387.4459 14 1.0
408.3 387.5348 14 1.0
408.4 387.6236 14 1.0
408.5 387.7125 14 1.0
408.6 387.8013 14 1.0
408.7 387.8902 14 1.0
408.8 387.979 14 1.0
408.9 388.0679 14 1.0
409.0 388.1567 14 1.0
409.1 388.2456 14 1.0
409.2 388.3344 14 1.0
409.3 388.4233 14 1.0
409.4 388.5121 14 1.0
409.5 388.601 14 1.0
409.6 388.6898 14 1.0
409.7 388.7787 14 1.0
409.8 388.8675 14 1.0
409.9 388.9564 14 1.0
410.0 389.0452 14 1.0
410.1 389.1341 14 1.0
410.2 389.2229 14 1.0
410.3 389.3118 14 1.0
410.4 389.4006 14 1.0
410.5 389.4894 14 1.0
410.6 389.5783 14 1.0
410.7 389.6671 14 1.0
410.8 389.756 14 1.0
410.9 389.8448 14 1.0
411.0 389.9337 14 1.0
411.1 390.0225 14 1.0
411.2 390.1114 14 1.0
411.3 390.2002 14 1.0
411.4 390.2891 14 1.0
411.5 390.3779 14 1.0
411.6 390.4668 14 1.0
411.7 390.5556 14 1.0
411.8 390.6445 14 1.0
411.9 390.7333 14 1.0
412.0 390.8222 14 1.0
412.1 390.911 14 1.0
412.2 390.9999 14 1.0
412.3 391.0887 14 1.0
412.4 391.1776 14 1.0
412.5 391.2664 14 1.0
412.6 391.3553 14 1.0
412.7 391.4441 14 1.0
412.8 391.533 14 1.0
412.9 391.6218 14 1.0
413.0 391.7107 14 1.0
413.1 391.7995 14 1.0
413.2 391.8884 14 1.0
413.3 391.9772 14 1.0
413.4 392.0661 14 1.0
413.5 392.1549 14 1.0
413.6 392.2438 14 1.0
413.7 392.3326 14 1.0
413.8 392.4215 14 1.0
413.9 392.5103 14 1.0
414.0 392.5992 14 1.0
414.1 392.688 14 1.0
414.2 392.7769 14 1.0
414.3 392.8657 14 1.0
414.4 392.9546 14 1.0
414.5 393.0434 14 1.0
414.6 393.1323 14 1.0
414.7 393.2211 14 1.0
414.8 393.31 14 1.0
414.9 393.3988 14 1.0
415.0 393.4877 14 1.0
415.1 393.5765 14 1.0
415.2 393.6654 14 1.0
415.3 393.7542 14 1.0
415.4 393.843 14 1.0
415.5 393.9319 14 1.0
415.6 394.0207 14 1.0
415.7 394.1096 14 1.0
415.8 394.1984 14 1.0
415.9 394.2873 14 1.0
416.0 394.3761 14 1.0
416.1 394.465 14 1.0
416.2 394.5538 14 1.0
416.3 394.6427 14 1.0
416.4 394.7315 14 1.0
416.5 394.8204 14 1.0
416.6 394.9092 14 1.0
416.7 394.9981 14 1.0
416.8 395.0869 14 1.0
416.9 395.1758 14 1.0
417.0 395.2646 14 1.0
417.1 395.3535 14 1.0
417.2 395.4423 14 1.0
417.3 395.5312 14 1.0
417.4 395.62 14 1.0
417.5 395.7089 14 1.0
417.6 395.7977 14 1.0
417.7 395.8866 14 1.0
417.8 395.9754 14 1.0
417.9 396.0643 14 1.0
418.0 396.1531 14 1.0
418.1 396.242 14 1.0
418.2 396.3308 14 1.0
418.3 396.4197 14 1.0
418.4 396.5085 14 1.0
418.5 396.5974 14 1.0
418.6 396.6862 14 1.0
418.7 396.7751 14 1.0
418.8 396.8639 14 1.0
418.9 396.9528 14 1.0
419.0 397.0416 14 1.0
419.1 397.1305 14 1.0
419.2 397.2193 14 1.0
419.3 397.3082 14 1.0
419.4 397.397 14 1.0
419.5 397.4859 14 1.0
419.6 397.5747 14 1.0
419.7 397.6636 14 1.0
419.8 397.7524 14 1.0
419.9 397.8413 14 1.0
420.0 397.9301 14 1.0
420.1 398.0189 14 1.0
420.2 398.1078 14 1.0
420.3 398.1966 14 1.0
420.4 398.2855 14 1.0
420.5 398.3743 14 1.0
420.6 398.4632 14 1.0
420.7 398.552 14 1.0
420.8 398.6409 14 1.0
420.9 398.7297 14 1.0
421.0 398.8186 14 1.0
421.1 398.9074 14 1.0
421.2 398.9963 14 1.0
421.3 399.0851 14 1.0
421.4 399.174 14 1.0
421.5 399.2628 14 1.0
421.6 399.3517 14 1.0
421.7 399.4405 14 1.0
421.8 399.5294 14 1.0
421.9 399.6182 14 1.0
422.0 399.7071 14 1.0
422.1 399.7959 14 1.0
422.2 399.8848 14 1.0
422.3 399.9736 14 1.0
422.4 400.0625 14 1.0
422.5 400.1513 14 1.0
422.6 400.2402 14 1.0
422.7 400.329 14 1.0
422.8 400.4179 14 1.0
422.9 400.5067 14 1.0
423.0 400.5956 14 1.0
423.1 400.6844 14 1.0
423.2 400.7733 14 1.0
423.3 400.8621 14 1.0
423.4 400.951 14 1.0
423.5 401.0398 14 1.0
423.6 401.1287 14 1.0
423.7 401.2175 14 1.0
423.8 401.3064 14 1.0
423.9 401.3952 14 1.0
424.0 401.4841 14 1.0
424.1 401.5729 14 1.0
424.2 401.6618 14 1.0
424.3 401.7506 14 1.0
424.4 401.8395 14 1.0
424.5 401.9283 14 1.0
424.6 402.0172 14 1.0
424.7 402.106 14 1.0
424.8 402.1949 14 1.0
424.9 402.2837 14 1.0
425.0 402.3725 14 1.0
425.1 402.4614 14 1.0
425.2 402.5502 14 1.0
425.3 402.6391 14 1.0
425.4 402.7279 14 1.0
425.5 402.8168 14 1.0
425.6 402.9056 14 1.0
425.7 402.9945 14 1.0
425.8 403.0833 14 1.0
425.9 403.1722 14 1.0
426.0 403.261 14 1.0
426.1 403.3499 14 1.0
426.2 403.4387 14 1.0
426.3 403.5276 14 1.0
426.4 403.6164 14 1.0
426.5 403.7053 14 1.0
426.6 403.7941 14 1.0
426.7 403.883 14 1.0
426.8 403.9718 14 1.0
426.9 404.0607 14 1.0
427.0 404.1495 14 1.0
427.1 404.2384 14 1.0
427.2 404.3272 14 1.0
427.3 404.4161 14 1.0
427.4 404.5049 14 1.0
427.5 404.5938 14 1.0
427.6 404.6826 14 1.0
427.7 404.7715 14 1.0
427.8 404.8603 14 1.0
427.9 404.9492 14 1.0
428.0 405.038 14 1.0
428.1 405.1269 14 1.0
428.2 405.2157 14 1.0
428.3 405.3046 14 1.0
428.4 405.3934 14 1.0
428.5 405.4823 14 1.0
428.6 405.5711 14 1.0
428.7 405.66 14 1.0
428.8 405.7488 14 1.0
428.9 405.8377 14 1.0
429.0 405.9265 14 1.0
429.1 406.0154 14 1.0
429.2 406.1042 14 1.0
429.3 406.1931 14 1.0
429.4 406.2819 14 1.0
429.5 406.3708 14 1.0
429.6 406.4596 14 1.0
429.7 406.5484 14 1.0
429.8 406.6373 14 1.0
429.9 406.7261 14 1.0
430.0 406.815 14 1.0
430.1 406.9038 14 1.0
430.2 406.9927 14 1.0
430.3 407.0815 14 1.0
430.4 407.1704 14 1.0
430.5 407.2592 14 1.0
430.6 407.3481 14 1.0
430.7 407.4369 14 1.0
430.8 407.5258 14 1.0
430.9 407.6146 14 1.0
431.0 407.7035 14 1.0
431.1 407.7923 14 1.0
431.2 407.8812 14 1.0
431.3 407.97 14 1.0
431.4 408.0589 14 1.0
431.5 408.1477 14 1.0
431.6 408.2366 14 1.0
431.7 408.3254 14 1.0
431.8 408.4143 14 1.0
431.9 408.5031 14 1.0
432.0 408.592 14 1.0
432.1 408.6808 14 1.0
432.2 408.7697 14 1.0
432.3 408.8585 14 1.0
432.4 408.9474 14 1.0
432.5 409.0362 14 1.0
432.6 409.1251 14 1.0
432.7 409.2139 14 1.0
432.8 409.3028 14 1.0
432.9 409.3916 14 1.0
433.0 409.4805 14 1.0
433.1 409.5693 14 1.0
433.2 409.6582 14 1.0
433.3 409.747 14 1.0
433.4 409.8359 14 1.0
433.5 409.9247 14 1.0
433.6 410.0136 14 1.0
433.7 410.1024 14 1.0
433.8 410.1913 14 1.0
433.9 410.2801 14 1.0
434.0 410.369 14 1.0
434.1 410.4578 14 1.0
434.2 410.5467 14 1.0
434.3 410.6355 14 1.0
434.4 410.7244 14 1.0
434.5 410.8132 14 1.0
434.6 410.902 14 1.0
434.7 410.9909 14 1.0
434.8 411.0797 14 1.0
434.9 411.1686 14 1.0
435.0 411.2574 14 1.0
435.1 411.3463 14 1.0
435.2 411.4351 14 1.0
435.3 411.524 14 1.0
435.4 411.6128 14 1.0
435.5 411.7017 14 1.0
435.6 411.7905 14 1.0
435.7 411.8794 14 1.0
435.8 411.9682 14 1.0
435.9 412.0571 14 1.0
436.0 412.1459 14 1.0
436.1 412.2348 14 1.0
436.2 412.3236 14 1.0
436.3 412.4125 14 1.0
436.4 412.5013 14 1.0
436.5 412.5902 14 1.0
436.6 412.679 14 1.0
436.7 412.7679 14 1.0
436.8 412.8567 14 1.0
436.9 412.9456 14 1.0
437.0 413.0344 14 1.0
437.1 413.1233 14 1.0
437.2 413.2121 14 1.0
437.3 413.301 14 1.0
437.4 413.3898 14 1.0
437.5 413.4787 14 1.0
437.6 413.5675 14 1.0
437.7 413.6564 14 1.0
437.8 413.7452 14 1.0
437.9 413.8341 14 1.0
438.0 413.9229 14 1.0
438.1 414.0118 14 1.0
438.2 414.1006 14 1.0
438.3 414.1895 14 1.0
438.4 414.2783 14 1.0
438.5 414.3672 14 1.0
438.6 414.456 14 1.0
438.7 414.5449 14 1.0
438.8 414.6337 14 1.0
438.9 414.7226 14 1.0
439.0 414.8114 14 1.0
439.1 414.9003 14 1.0
439.2 414.9891 14 1.0
439.3 415.0779 14 1.0
439.4 415.1668 14 1.0
439.5 415.2556 14 1.0
439.6 415.3445 14 1.0
439.7 415.4333 14 1.0
439.8 415.5222 14 1.0
439.9 415.611 14 1.0
440.0 415.6999 14 1.0
440.1 415.7887 14 1.0
440.2 415.8776 14 1.0
440.3 415.9664 14 1.0
440.4 416.0553 14 1.0
440.5 416.1441 14 1.0
440.6 416.233 14 1.0
440.7 416.3218 14 1.0
440.8 416.4107 14 1.0
440.9 416.4995 14 1.0
441.0 416.5884 14 1.0
441.1 416.6772 14 1.0
441.2 416.7661 14 1.0
441.3 416.8549 14 1.0
441.4 416.9438 14 1.0
441.5 417.0326 14 1.0
441.6 417.1215 14 1.0
441.7 417.2103 14 1.0
441.8 417.2992 14 1.0
441.9 417.388 14 1.0
442.0 417.4769 14 1.0
442.1 417.5657 14 1.0
442.2 417.6546 14 1.0
442.3 417.7434 14 1.0
442.4 417.8323 14 1.0
442.5 417.9211 14 1.0
442.6 418.01 14 1.0
442.7 418.0988 14 1.0
442.8 418.1877 14 1.0
442.9 418.2765 14 1.0
443.0 418.3654 14 1.0
443.1 418.4542 14 1.0
443.2 418.5431 14 1.0
443.3 418.6319 14 1.0
443.4 418.7208 14 1.0
443.5 418.8096 14 1.0
443.6 418.8985 14 1.0
443.7 418.9873 14 1.0
443.8 419.0762 14 1.0
443.9 419.165 14 1.0
444.0 419.2539 14 1.0
444.1 419.3427 14 1.0
444.2 419.4315 14 1.0
444.3 419.5204 14 1.0
444.4 419.6092 14 1.0
444.5 419.6981 14 1.0
444.6 419.7869 14 1.0
444.7 419.8758 14 1.0
444.8 419.9646 14 1.0
444.9 420.0535 14 1.0
445.0 420.1423 14 1.0
445.1 420.2312 14 1.0
445.2 420.32 14 1.0
445.3 420.4089 14 1.0
445.4 420.4977 14 1.0
445.5 420.5866 14 1.0
445.6 420.6754 14 1.0
445.7 420.7643 14 1.0
445.8 420.8531 14 1.0
445.9 420.942 14 1.0
446.0 421.0308 14 1.0
446.1 421.1197 14 1.0
446.2 421.2085 14 1.0
446.3 421.2974 14 1.0
446.4 421.3862 14 1.0
446.5 421.4751 14 1.0
446.6 421.5639 14 1.0
446.7 421.6528 14 1.0
446.8 421.7416 14 1.0
446.9 421.8305 14 1.0
447.0 421.9193 14 1.0
447.1 422.0082 14 1.0
447.2 422.097 14 1.0
447.3 422.1859 14 1.0
447.4 422.2747 14 1.0
447.5 422.3636 14 1.0
447.6 422.4524 14 1.0
447.7 422.5413 14 1.0
447.8 422.6301 14 1.0
447.9 422.719 14 1.0
448.0 422.8078 14 1.0
448.1 422.8967 14 1.0
448.2 422.9855 14 1.0
448.3 423.0744 14 1.0
448.4 423.1632 14 1.0
448.5 423.2521 14 1.0
448.6 423.3409 14 1.0
448.7 423.4298 14 1.0
448.8 423.5186 14 1.0
448.9 423.6074 14 1.0
449.0 423.6963 14 1.0
449.1 423.7851 14 1.0
449.2 423.874 14 1.0
449.3 423.9628 14 1.0
449.4 424.0517 14 1.0
449.5 424.1405 14 1.0
449.6 424.2294 14 1.0
449.7 424.3182 14 1.0
449.8 424.4071 14 1.0
449.9 424.4959 14 1.0
450.0 424.5848 14 1.0
