15.0 1.511217 13 0.038549396232854916
15.1 1.524256 13 0.03942539692516123
15.2 1.537275 13 0.04029123389306466
15.3 1.550273 13 0.04114104065584734
15.4 1.563251 13 0.041981615137033024
15.5 1.576208 13 0.042808338730219164
15.6 1.589145 13 0.04362660057827339
15.7 1.602062 13 0.04443483774280943
15.8 1.614958 13 0.0452254103595382
15.9 1.627835 13 0.046010728146140156
16.0 1.640691 13 0.04678250347163926
16.1 1.688882 13 0.04731352632008923
16.2 1.740356 13 0.05132586045133558
16.3 1.79222 13 0.055345560553626605
16.4 1.844469 13 0.059368880613784425
16.5 1.897093 13 0.0634015372956589
16.6 1.950088 13 0.06743801020570817
16.7 2.003446 13 0.07148092868107514
16.8 2.05716 13 0.07552847121992357
16.9 2.111223 13 0.07958148143484889
17.0 2.16563 13 0.08363669354381431
17.1 2.220374 13 0.08770684042345722
17.2 2.275449 13 0.09177448326669813
17.3 2.330849 13 0.09585041682886508
17.4 2.386567 13 0.0999284343500878
17.5 2.442599 13 0.10401413545339888
17.6 2.498937 13 0.10810345330881288
17.7 2.555577 13 0.11219771379019094
17.8 2.624388 13 0.11629868646908459
17.9 2.704286 13 0.1204016380423597
18.0 2.785077 13 0.12450849384081342
18.1 2.875984 13 0.1291725840489496
18.2 2.967893 13 0.13384226001650945
18.3 3.060802 14 0.13851651863155556
18.4 3.154713 14 0.14319248826291087
18.5 3.249625 14 0.147874395941207
18.6 3.345539 14 0.152563436324044
18.7 3.442454 14 0.15725263698881575
18.8 3.540369 14 0.1619492976742949
18.9 3.639287 14 0.16664765031752815
19.0 3.739205 14 0.17135169795189664
19.1 3.840125 14 0.17605713276351043
19.2 3.942046 14 0.18076816568345266
19.3 4.044968 14 0.18548365738586292
19.4 4.148891 14 0.1902001438666271
19.5 4.253816 14 0.19492420999008253
19.6 4.359741 14 0.19964901530545576
19.7 4.466668 14 0.20437770210651118
19.8 4.574597 14 0.2091126379969921
19.9 4.683526 14 0.21384773471914553
20.0 4.793457 14 0.21858794957186112
20.1 4.909383 14 0.2235949363000107
20.2 5.026364 14 0.22860924103803437
20.3 5.144401 14 0.23362336907539527
20.4 5.263493 14 0.23864268671074096
20.5 5.38364 14 0.24366592860330993
20.6 5.504843 14 0.2486877303335251
20.7 5.627101 14 0.2537155456530953
20.8 5.750414 14 0.2587459011987314
20.9 5.874783 14 0.2637801519071864
21.0 6.000207 14 0.268816470991456
21.1 6.126686 14 0.2738565963098536
21.2 6.254221 14 0.27890189215793504
21.3 6.382811 14 0.28394587978431307
21.4 6.512456 14 0.28899507734135244
21.5 6.643157 14 0.29404638215286905
21.6 6.774913 14 0.2991016720050913
21.7 6.907725 14 0.3041584441584442
21.8 7.041591 14 0.3092171063364946
21.9 7.176513 14 0.3142780341382554
22.0 7.312491 14 0.31934136607116514
22.1 7.466393 14 0.32523297706457244
22.2 7.621508 14 0.3311263094916884
22.3 7.777837 14 0.337023102078132
22.4 7.935378 14 0.34291986352847026
22.5 8.094134 14 0.34882129894827163
22.6 8.320602 14 0.3548172379057376
22.7 8.481166 14 0.3607219882295124
22.8 8.642943 14 0.3666300768386389
22.9 8.805934 14 0.3725389091750939
23.0 8.970138 14 0.3784508389713507
23.1 9.135555 14 0.3843640186783106
23.2 9.302185 14 0.39028218912370405
23.3 9.470029 14 0.3962006099505482
23.4 9.639086 14 0.40212226797592654
23.5 9.809357 14 0.4080459517638273
23.6 9.980841 14 0.4139719657810983
23.7 10.15354 14 0.4198999847088739
23.8 10.32745 14 0.42582969583593155
23.9 10.50257 14 0.43176142314142796
24.0 10.67891 14 0.43769748683421106
24.1 10.85579 14 0.44361651244157707
24.2 11.03387 14 0.44953829376133525
24.3 11.21315 14 0.4554611972188598
24.4 11.39363 14 0.46138610403638003
24.5 11.57532 14 0.467313891377966
24.6 11.75821 14 0.4732434419252495
24.7 11.9423 14 0.4791775035071957
24.8 12.12759 14 0.48510712928590216
24.9 12.31408 14 0.4910455729775346
25.0 12.50178 14 0.49698104318286074
25.1 12.69068 14 0.5029214784437135
25.2 12.88078 14 0.5088613123754289
25.3 13.07208 14 0.5148050515820657
25.4 13.26458 14 0.5207489183077711
25.5 13.45829 14 0.5266939068744106
25.6 13.65319 14 0.5326421195235417
25.7 13.8493 14 0.5385932382799458
25.8 14.04662 14 0.5445440059250615
25.9 14.24513 14 0.5504966320356206
26.0 14.44484 14 0.556450782855002
26.1 14.64774 14 0.5624772885564606
26.2 14.85185 14 0.5685066201261793
26.3 15.05719 14 0.5745362581699943
26.4 15.26374 14 0.580568240305748
26.5 15.47152 14 0.586603296754296
26.6 15.68052 14 0.5926376590006583
26.7 15.89074 14 0.5986746208377478
26.8 16.10218 14 0.6047106789566696
26.9 16.31485 14 0.6107520608806006
27.0 16.52873 14 0.6167931277031982
27.1 16.74384 14 0.6228359514762147
27.2 16.96016 14 0.628879781272252
27.3 17.17771 14 0.6349252961282972
27.4 17.39648 14 0.6409718667261148
27.5 17.61647 14 0.6470213353633478
27.6 17.83768 14 0.6530714103910152
27.7 18.06012 14 0.6591211677234621
27.8 18.28377 14 0.6651745256245825
27.9 18.50865 14 0.6712281599380492
28.0 18.73475 14 0.6772832501986028
28.1 18.96809 14 0.6835630471223691
28.2 19.20271 14 0.6898449587724046
28.3 19.43859 14 0.6961278440314759
28.4 19.67574 14 0.7024125951573228
28.5 19.91416 14 0.7086973592017203
28.6 20.15385 14 0.7149848762830366
28.7 20.3948 14 0.7212720622810003
28.8 20.63702 14 0.727561083824365
28.9 20.88051 14 0.7338520506867865
29.0 21.12527 14 0.740143913883899
29.1 21.3713 14 0.746437953200092
29.2 21.61859 14 0.7527315134761575
29.3 21.86715 14 0.7590269559500329
29.4 22.11698 14 0.7653232876063212
29.5 22.36807 14 0.7716213254655419
29.6 22.62044 14 0.7779204192191643
29.7 22.87407 14 0.7842207078478787
29.8 23.12897 14 0.7905215535940363
29.9 23.38514 14 0.7968232214351709
30.0 23.64257 14 0.8031275921876178
30.1 23.9089 14 0.8097379327416788
30.2 24.17653 14 0.8163490443940753
30.3 24.44548 14 0.8229623540009533
30.4 24.71574 14 0.8295759233926129
30.5 24.9873 14 0.8361910245200064
30.6 25.26018 14 0.8428066812287107
30.7 25.53437 14 0.849423654131191
30.8 25.80987 14 0.8560413427620911
30.9 26.08668 14 0.862660787414449
31.0 26.3648 14 0.8692807238725606
31.1 26.64423 14 0.8759017827500619
31.2 26.92497 14 0.8825239743864701
31.3 27.20702 14 0.8891468603839179
31.4 27.49038 14 0.895771133840935
31.5 27.77506 14 0.9023958362403371
31.6 28.06104 14 0.909022316081259
31.7 28.34833 14 0.9156491157449829
31.8 28.63694 14 0.9222771848187679
31.9 28.92685 14 0.9289058055427627
32.0 29.21808 14 0.9355359536087259
32.1 29.51061 14 0.9421666562407144
32.2 29.80446 14 0.9487982747704969
32.3 30.09962 14 0.9554309189246867
32.4 30.39609 14 0.9620642836959593
32.5 30.69386 14 0.9686987061843214
32.6 30.99295 14 0.9753339177400427
32.7 31.29335 14 0.9819700488316977
32.8 31.59506 14 0.9886069859477459
32.9 31.89808 14 0.9952448354091457
33.0 32.14338 14 1.0
33.1 32.24009 14 1.0
33.2 32.3368 14 1.0
33.3 32.43351 14 1.0
33.4 32.53022 14 1.0
33.5 32.62694 14 1.0
33.6 32.72365 14 1.0
33.7 32.82036 14 1.0
33.8 32.91707 14 1.0
33.9 33.01378 14 1.0
34.0 33.1105 14 1.0
34.1 33.20721 14 1.0
34.2 33.30392 14 1.0
34.3 33.40063 14 1.0
34.4 33.49734 14 1.0
34.5 33.59406 14 1.0
34.6 33.69077 14 1.0
34.7 33.78748 14 1.0
34.8 33.88419 14 1.0
34.9 33.9809 14 1.0
35.0 34.07761 14 1.0
35.1 34.17398 14 1.0
35.2 34.27035 14 1.0
35.3 34.36672 14 1.0
35.4 34.46309 14 1.0
35.5 34.55946 14 1.0
35.6 34.65582 14 1.0
35.7 34.75219 14 1.0
35.8 34.84856 14 1.0
35.9 34.94493 14 1.0
36.0 35.0413 14 1.0
36.1 35.13766 14 1.0
36.2 35.23403 14 1.0
36.3 35.3304 14 1.0
36.4 35.42677 14 1.0
36.5 35.52314 14 1.0
36.6 35.6195 14 1.0
36.7 35.71587 14 1.0
36.8 35.81224 14 1.0
36.9 35.90861 14 1.0
37.0 36.00498 14 1.0
37.1 36.10134 14 1.0
37.2 36.19771 14 1.0
37.3 36.29408 14 1.0
37.4 36.39045 14 1.0
37.5 36.48682 14 1.0
37.6 36.58319 14 1.0
37.7 36.67955 14 1.0
37.8 36.77592 14 1.0
37.9 36.87229 14 1.0
38.0 36.96866 14 1.0
38.1 37.06503 14 1.0
38.2 37.16139 14 1.0
38.3 37.25776 14 1.0
38.4 37.35413 14 1.0
38.5 37.4505 14 1.0
38.6 37.54687 14 1.0
38.7 37.64323 14 1.0
38.8 37.7396 14 1.0
38.9 37.83597 14 1.0
39.0 37.93234 14 1.0
39.1 38.02871 14 1.0
39.2 38.12508 14 1.0
39.3 38.22144 14 1.0
39.4 38.31781 14 1.0
39.5 38.41418 14 1.0
39.6 38.51055 14 1.0
39.7 38.60692 14 1.0
39.8 38.70328 14 1.0
39.9 38.79965 14 1.0
40.0 38.89602 14 1.0
40.1 38.98806 14 1.0
40.2 39.08011 14 1.0
40.3 39.17215 14 1.0
40.4 39.26419 14 1.0
40.5 39.35624 14 1.0
40.6 39.44828 14 1.0
40.7 39.54032 14 1.0
40.8 39.63237 14 1.0
40.9 39.72441 14 1.0
41.0 39.81646 14 1.0
41.1 39.9085 14 1.0
41.2 40.00054 14 1.0
41.3 40.09259 14 1.0
41.4 40.18463 14 1.0
41.5 40.27667 14 1.0
41.6 40.36872 14 1.0
41.7 40.46076 14 1.0
41.8 40.5528 14 1.0
41.9 40.64485 14 1.0
42.0 40.73689 14 1.0
42.1 40.82893 14 1.0
42.2 40.92098 14 1.0
42.3 41.01302 14 1.0
42.4 41.10506 14 1.0
42.5 41.19711 14 1.0
42.6 41.28915 14 1.0
42.7 41.38119 14 1.0
42.8 41.47324 14 1.0
42.9 41.56528 14 1.0
43.0 41.65733 14 1.0
43.1 41.74937 14 1.0
43.2 41.84141 14 1.0
43.3 41.93346 14 1.0
43.4 42.0255 14 1.0
43.5 42.11754 14 1.0
43.6 42.20959 14 1.0
43.7 42.30163 14 1.0
43.8 42.39367 14 1.0
43.9 42.48572 14 1.0
44.0 42.57776 14 1.0
44.1 42.6698 14 1.0
44.2 42.76185 14 1.0
44.3 42.85389 14 1.0
44.4 42.94593 14 1.0
44.5 43.03798 14 1.0
44.6 43.13002 14 1.0
44.7 43.22206 14 1.0
44.8 43.31411 14 1.0
44.9 43.40615 14 1.0
45.0 43.4982 14 1.0
45.1 43.59024 14 1.0
45.2 43.68228 14 1.0
45.3 43.77433 14 1.0
45.4 43.86637 14 1.0
45.5 43.95841 14 1.0
45.6 44.05046 14 1.0
45.7 44.1425 14 1.0
45.8 44.23454 14 1.0
45.9 44.32659 14 1.0
46.0 44.41863 14 1.0
46.1 44.51067 14 1.0
46.2 44.60272 14 1.0
46.3 44.69476 14 1.0
46.4 44.7868 14 1.0
46.5 44.87885 14 1.0
46.6 44.97089 14 1.0
46.7 45.06293 14 1.0
46.8 45.15498 14 1.0
46.9 45.24702 14 1.0
47.0 45.33907 14 1.0
47.1 45.43111 14 1.0
47.2 45.52315 14 1.0
47.3 45.6152 14 1.0
47.4 45.70724 14 1.0
47.5 45.79928 14 1.0
47.6 45.89133 14 1.0
47.7 45.98337 14 1.0
47.8 46.07541 14 1.0
47.9 46.16746 14 1.0
48.0 46.2595 14 1.0
48.1 46.35154 14 1.0
48.2 46.44359 14 1.0
48.3 46.53563 14 1.0
48.4 46.62767 14 1.0
48.5 46.71972 14 1.0
48.6 46.81176 14 1.0
48.7 46.90381 14 1.0
48.8 46.99585 14 1.0
48.9 47.08789 14 1.0
49.0 47.17994 14 1.0
49.1 47.27198 14 1.0
49.2 47.36402 14 1.0
49.3 47.45607 14 1.0
49.4 47.54811 14 1.0
49.5 47.64015 14 1.0
49.6 47.7322 14 1.0
49.7 47.82424 14 1.0
49.8 47.91628 14 1.0
49.9 48.00833 14 1.0
50.0 48.10037 14 1.0
50.1 48.18483 14 1.0
50.2 48.26929 14 1.0
50.3 48.35375 14 1.0
50.4 48.43821 14 1.0
50.5 48.52267 14 1.0
50.6 48.60713 14 1.0
50.7 48.69159 14 1.0
50.8 48.77606 14 1.0
50.9 48.86052 14 1.0
51.0 48.94498 14 1.0
51.1 49.02944 14 1.0
51.2 49.1139 14 1.0
51.3 49.19836 14 1.0
51.4 49.28282 14 1.0
51.5 49.36728 14 1.0
51.6 49.45174 14 1.0
51.7 49.5362 14 1.0
51.8 49.62066 14 1.0
51.9 49.70512 14 1.0
52.0 49.78958 14 1.0
52.1 49.87404 14 1.0
52.2 49.9585 14 1.0
52.3 50.04296 14 1.0
52.4 50.12743 14 1.0
52.5 50.21189 14 1.0
52.6 50.29635 14 1.0
52.7 50.38081 14 1.0
52.8 50.46527 14 1.0
52.9 50.54973 14 1.0
53.0 50.63419 14 1.0
53.1 50.71865 14 1.0
53.2 50.80311 14 1.0
53.3 50.88757 14 1.0
53.4 50.97203 14 1.0
53.5 51.05649 14 1.0
53.6 51.14095 14 1.0
53.7 51.22541 14 1.0
53.8 51.30987 14 1.0
53.9 51.39434 14 1.0
54.0 51.4788 14 1.0
54.1 51.56326 14 1.0
54.2 51.64772 14 1.0
54.3 51.73218 14 1.0
54.4 51.81664 14 1.0
54.5 51.9011 14 1.0
54.6 51.98556 14 1.0
54.7 52.07002 14 1.0
54.8 52.15448 14 1.0
54.9 52.23894 14 1.0
55.0 52.3234 14 1.0
55.1 52.40786 14 1.0
55.2 52.49232 14 1.0
55.3 52.57678 14 1.0
55.4 52.66124 14 1.0
55.5 52.74571 14 1.0
55.6 52.83017 14 1.0
55.7 52.91463 14 1.0
55.8 52.99909 14 1.0
55.9 53.08355 14 1.0
56.0 53.16801 14 1.0
56.1 53.25247 14 1.0
56.2 53.33693 14 1.0
56.3 53.42139 14 1.0
56.4 53.50585 14 1.0
56.5 53.59031 14 1.0
56.6 53.67477 14 1.0
56.7 53.75923 14 1.0
56.8 53.84369 14 1.0
56.9 53.92815 14 1.0
57.0 54.01261 14 1.0
57.1 54.09708 14 1.0
57.2 54.18154 14 1.0
57.3 54.266 14 1.0
57.4 54.35046 14 1.0
57.5 54.43492 14 1.0
57.6 54.51938 14 1.0
57.7 54.60384 14 1.0
57.8 54.6883 14 1.0
57.9 54.77276 14 1.0
58.0 54.85722 14 1.0
58.1 54.94168 14 1.0
58.2 55.02614 14 1.0
58.3 55.1106 14 1.0
58.4 55.19506 14 1.0
58.5 55.27952 14 1.0
58.6 55.36398 14 1.0
58.7 55.44845 14 1.0
58.8 55.53291 14 1.0
58.9 55.61737 14 1.0
59.0 55.70183 14 1.0
59.1 55.78629 14 1.0
59.2 55.87075 14 1.0
59.3 55.95521 14 1.0
59.4 56.03967 14 1.0
59.5 56.12413 14 1.0
59.6 56.20859 14 1.0
59.7 56.29305 14 1.0
59.8 56.37751 14 1.0
59.9 56.46197 14 1.0
60.0 56.54643 14 1.0
60.1 56.63378 14 1.0
60.2 56.72113 14 1.0
60.3 56.80847 14 1.0
60.4 56.89582 14 1.0
60.5 56.98316 14 1.0
60.6 57.07051 14 1.0
60.7 57.15786 14 1.0
60.8 57.2452 14 1.0
60.9 57.33255 14 1.0
61.0 57.41989 14 1.0
61.1 57.50724 14 1.0
61.2 57.59459 14 1.0
61.3 57.68193 14 1.0
61.4 57.76928 14 1.0
61.5 57.85662 14 1.0
61.6 57.94397 14 1.0
61.7 58.03132 14 1.0
61.8 58.11866 14 1.0
61.9 58.20601 14 1.0
62.0 58.29336 14 1.0
62.1 58.3807 14 1.0
62.2 58.46805 14 1.0
62.3 58.55539 14 1.0
62.4 58.64274 14 1.0
62.5 58.40251 14 1.0
62.6 58.08898 14 1.0
62.7 57.77453 14 1.0
62.8 57.45917 14 1.0
62.9 57.14288 14 1.0
63.0 56.82568 14 1.0
63.1 56.50756 14 1.0
63.2 56.18853 14 1.0
63.3 55.86857 14 1.0
63.4 55.5477 14 1.0
63.5 55.22591 14 1.0
63.6 54.90321 14 1.0
63.7 54.57958 14 1.0
63.8 54.25504 14 1.0
63.9 53.92958 14 1.0
64.0 53.6032 14 1.0
64.1 53.27591 14 1.0
64.2 52.9477 14 1.0
64.3 52.61857 14 1.0
64.4 52.28852 14 1.0
64.5 51.95755 14 1.0
64.6 51.62567 14 1.0
64.7 51.29287 14 1.0
64.8 50.95915 14 1.0
64.9 50.62451 14 1.0
65.0 50.28896 14 1.0
65.1 49.95248 14 1.0
65.2 49.61509 14 1.0
65.3 49.27679 14 1.0
65.4 48.93756 14 1.0
65.5 48.59742 14 1.0
65.6 48.25636 14 1.0
65.7 47.91438 14 1.0
65.8 47.57148 14 1.0
65.9 47.22767 14 1.0
66.0 46.88294 14 1.0
66.1 46.53729 14 1.0
66.2 46.19072 14 1.0
66.3 45.84324 14 1.0
66.4 45.49484 14 1.0
66.5 45.14552 14 1.0
66.6 44.79528 14 1.0
66.7 44.44412 14 1.0
66.8 44.09205 14 1.0
66.9 43.73906 14 1.0
67.0 43.38515 14 1.0
67.1 43.03032 14 1.0
67.2 42.67458 14 1.0
67.3 42.31792 14 1.0
67.4 41.96034 14 1.0
67.5 41.60184 14 1.0
67.6 41.24243 14 1.0
67.7 40.8821 14 1.0
67.8 40.52085 14 1.0
67.9 40.15868 14 1.0
68.0 39.79559 14 1.0
68.1 39.43159 14 1.0
68.2 39.06667 14 1.0
68.3 38.70083 14 1.0
68.4 38.33408 14 1.0
68.5 37.9664 14 1.0
68.6 37.59781 14 1.0
68.7 37.2283 14 1.0
68.8 36.85788 14 1.0
68.9 36.48653 14 1.0
69.0 36.11427 14 1.0
69.1 35.74109 14 1.0
69.2 35.36699 14 1.0
69.3 34.99198 14 1.0
69.4 34.61604 14 1.0
69.5 34.23919 14 1.0
69.6 33.86142 14 1.0
69.7 33.48274 14 1.0
69.8 33.10313 14 1.0
69.9 32.72261 14 1.0
70.0 32.34117 14 1.0
70.1 31.97456 14 1.0
70.2 31.60744 14 1.0
70.3 31.2398 14 1.0
70.4 30.89803 14 1.0
70.5 30.94503 14 1.0
70.6 30.99203 14 1.0
70.7 31.03902 14 1.0
70.8 31.08602 14 1.0
70.9 31.13302 14 1.0
71.0 31.18001 14 1.0
71.1 31.22701 14 1.0
71.2 31.27401 14 1.0
71.3 31.32101 14 1.0
71.4 31.368 14 1.0
71.5 31.415 14 1.0
71.6 31.462 14 1.0
71.7 31.50899 14 1.0
71.8 31.55599 14 1.0
71.9 31.60299 14 1.0
72.0 31.64998 14 1.0
72.1 31.69698 14 1.0
72.2 31.74398 14 1.0
72.3 31.79098 14 1.0
72.4 31.83797 14 1.0
72.5 31.88497 14 1.0
72.6 31.93197 14 1.0
72.7 31.97896 14 1.0
72.8 32.02596 14 1.0
72.9 32.07296 14 1.0
73.0 32.11995 14 1.0
73.1 32.16695 14 1.0
73.2 32.21395 14 1.0
73.3 32.26094 14 1.0
73.4 32.30794 14 1.0
73.5 32.35494 14 1.0
73.6 32.40194 14 1.0
73.7 32.44893 14 1.0
73.8 32.49593 14 1.0
73.9 32.54293 14 1.0
74.0 32.58992 14 1.0
74.1 32.63692 14 1.0
74.2 32.68392 14 1.0
74.3 32.73091 14 1.0
74.4 32.77791 14 1.0
74.5 32.82491 14 1.0
74.6 32.87191 14 1.0
74.7 32.9189 14 1.0
74.8 32.9659 14 1.0
74.9 33.0129 14 1.0
75.0 33.05989 14 1.0
75.1 33.10689 14 1.0
75.2 33.15389 14 1.0
75.3 33.20088 14 1.0
75.4 33.24788 14 1.0
75.5 33.29488 14 1.0
75.6 33.34188 14 1.0
75.7 33.38887 14 1.0
75.8 33.43587 14 1.0
75.9 33.48287 14 1.0
76.0 33.52986 14 1.0
76.1 33.57686 14 1.0
76.2 33.62386 14 1.0
76.3 33.67085 14 1.0
76.4 33.71785 14 1.0
76.5 33.76485 14 1.0
76.6 33.81185 14 1.0
76.7 33.85884 14 1.0
76.8 33.90584 14 1.0
76.9 33.95284 14 1.0
77.0 33.99983 14 1.0
77.1 34.04683 14 1.0
77.2 34.09383 14 1.0
77.3 34.14082 14 1.0
77.4 34.18782 14 1.0
77.5 34.23482 14 1.0
77.6 34.28182 14 1.0
77.7 34.32881 14 1.0
77.8 34.37581 14 1.0
77.9 34.42281 14 1.0
78.0 34.4698 14 1.0
78.1 34.5168 14 1.0
78.2 34.5638 14 1.0
78.3 34.61079 14 1.0
78.4 34.65779 14 1.0
78.5 34.70479 14 1.0
78.6 34.75178 14 1.0
78.7 34.79878 14 1.0
78.8 34.84578 14 1.0
78.9 34.89278 14 1.0
79.0 34.93977 14 1.0
79.1 34.98677 14 1.0
79.2 35.03377 14 1.0
79.3 35.08076 14 1.0
79.4 35.12776 14 1.0
79.5 35.17476 14 1.0
79.6 35.22175 14 1.0
79.7 35.26875 14 1.0
79.8 35.31575 14 1.0
79.9 35.36275 14 1.0
80.0 35.40974 14 1.0
80.1 35.34952 14 1.0
80.2 35.2893 14 1.0
80.3 35.22907 14 1.0
80.4 35.16885 14 1.0
80.5 35.10862 14 1.0
80.6 35.0484 14 1.0
80.7 34.98818 14 1.0
80.8 34.92795 14 1.0
80.9 34.86773 14 1.0
81.0 34.80751 14 1.0
81.1 34.74728 14 1.0
81.2 34.68706 14 1.0
81.3 34.62683 14 1.0
81.4 34.56661 14 1.0
81.5 34.50639 14 1.0
81.6 34.44616 14 1.0
81.7 34.38594 14 1.0
81.8 34.32572 14 1.0
81.9 34.26549 14 1.0
82.0 34.20527 14 1.0
82.1 34.14504 14 1.0
82.2 34.08482 14 1.0
82.3 34.0246 14 1.0
82.4 33.96437 14 1.0
82.5 33.90415 14 1.0
82.6 33.84393 14 1.0
82.7 33.7837 14 1.0
82.8 33.72348 14 1.0
82.9 33.66325 14 1.0
83.0 33.60303 14 1.0
83.1 33.54281 14 1.0
83.2 33.48258 14 1.0
83.3 33.42236 14 1.0
83.4 33.36214 14 1.0
83.5 33.30191 14 1.0
83.6 33.24169 14 1.0
83.7 33.18146 14 1.0
83.8 33.12124 14 1.0
83.9 33.06102 14 1.0
84.0 33.00079 14 1.0
84.1 32.94057 14 1.0
84.2 32.88035 14 1.0
84.3 32.82012 14 1.0
84.4 32.7599 14 1.0
84.5 32.69967 14 1.0
84.6 32.63945 14 1.0
84.7 32.57923 14 1.0
84.8 32.519 14 1.0
84.9 32.45878 14 1.0
85.0 32.39856 14 1.0
85.1 32.33833 14 1.0
85.2 32.27811 14 1.0
85.3 32.21789 14 1.0
85.4 32.15766 14 1.0
85.5 32.09744 14 1.0
85.6 32.36393 14 1.0
85.7 33.24263 14 1.0
85.8 34.12759 14 1.0
85.9 35.01881 14 1.0
86.0 35.91627 14 1.0
86.1 36.81999 14 1.0
86.2 37.72996 14 1.0
86.3 38.64618 14 1.0
86.4 39.56865 14 1.0
86.5 40.49738 14 1.0
86.6 41.43236 14 1.0
86.7 42.37359 14 1.0
86.8 43.32107 14 1.0
86.9 44.27481 14 1.0
87.0 45.2348 14 1.0
87.1 46.20104 14 1.0
87.2 47.17353 14 1.0
87.3 48.15228 14 1.0
87.4 49.13728 14 1.0
87.5 50.12853 14 1.0
87.6 51.12603 14 1.0
87.7 52.12979 14 1.0
87.8 53.1398 14 1.0
87.9 54.15606 14 1.0
88.0 55.17857 14 1.0
88.1 56.20734 14 1.0
88.2 57.24236 14 1.0
88.3 58.28363 14 1.0
88.4 59.33115 14 1.0
88.5 60.38492 14 1.0
88.6 61.44495 14 1.0
88.7 62.51123 14 1.0
88.8 63.58377 14 1.0
88.9 64.66255 14 1.0
89.0 65.74759 14 1.0
89.1 66.83888 14 1.0
89.2 67.93642 14 1.0
89.3 69.04022 14 1.0
89.4 70.15026 14 1.0
89.5 71.26656 14 1.0
89.6 72.38911 14 1.0
89.7 73.51792 14 1.0
89.8 74.65298 14 1.0
89.9 75.79429 14 1.0
90.0 76.94185 14 1.0
90.1 76.76891 14 1.0
90.2 76.59559 14 1.0
90.3 76.42187 14 1.0
90.4 76.24777 14 1.0
90.5 76.07327 14 1.0
90.6 75.89839 14 1.0
90.7 75.72311 14 1.0
90.8 75.54745 14 1.0
90.9 75.37139 14 1.0
91.0 75.19495 14 1.0
91.1 75.01811 14 1.0
91.2 74.84088 14 1.0
91.3 74.66327 14 1.0
91.4 74.48526 14 1.0
91.5 74.30686 14 1.0
91.6 74.12807 14 1.0
91.7 73.9489 14 1.0
91.8 73.76933 14 1.0
91.9 73.58937 14 1.0
92.0 73.40902 14 1.0
92.1 73.22828 14 1.0
92.2 73.04715 14 1.0
92.3 72.86563 14 1.0
92.4 72.68373 14 1.0
92.5 72.50143 14 1.0
92.6 72.31874 14 1.0
92.7 72.13566 14 1.0
92.8 71.95219 14 1.0
92.9 71.76833 14 1.0
93.0 71.58407 14 1.0
93.1 71.39943 14 1.0
93.2 71.2144 14 1.0
93.3 71.02898 14 1.0
93.4 70.84317 14 1.0
93.5 70.65697 14 1.0
93.6 70.47037 14 1.0
93.7 70.28339 14 1.0
93.8 70.09602 14 1.0
93.9 69.90826 14 1.0
94.0 69.7201 14 1.0
94.1 69.53156 14 1.0
94.2 69.34263 14 1.0
94.3 69.1533 14 1.0
94.4 68.96359 14 1.0
94.5 68.77349 14 1.0
94.6 68.58299 14 1.0
94.7 68.39211 14 1.0
94.8 68.20083 14 1.0
94.9 68.00917 14 1.0
95.0 67.81711 14 1.0
95.1 67.62467 14 1.0
95.2 67.43183 14 1.0
95.3 67.2386 14 1.0
95.4 67.04499 14 1.0
95.5 66.85098 14 1.0
95.6 66.65658 14 1.0
95.7 66.4618 14 1.0
95.8 66.26662 14 1.0
95.9 66.07105 14 1.0
96.0 65.87509 14 1.0
96.1 65.67875 14 1.0
96.2 65.48201 14 1.0
96.3 65.28488 14 1.0
96.4 65.08736 14 1.0
96.5 64.88945 14 1.0
96.6 64.69115 14 1.0
96.7 64.49246 14 1.0
96.8 64.29338 14 1.0
96.9 64.09391 14 1.0
97.0 63.89405 14 1.0
97.1 63.6938 14 1.0
97.2 63.49316 14 1.0
97.3 63.29213 14 1.0
97.4 63.09071 14 1.0
97.5 62.8889 14 1.0
97.6 62.6867 14 1.0
97.7 62.48411 14 1.0
97.8 62.28113 14 1.0
97.9 62.07775 14 1.0
98.0 61.87399 14 1.0
98.1 61.66984 14 1.0
98.2 61.4653 14 1.0
98.3 61.26036 14 1.0
98.4 61.05504 14 1.0
98.5 60.84933 14 1.0
98.6 60.64322 14 1.0
98.7 60.43673 14 1.0
98.8 60.22985 14 1.0
98.9 60.02257 14 1.0
99.0 59.81491 14 1.0
99.1 59.60685 14 1.0
99.2 59.39841 14 1.0
99.3 59.18957 14 1.0
99.4 58.98035 14 1.0
99.5 58.77073 14 1.0
99.6 58.56072 14 1.0
99.7 58.35033 14 1.0
99.8 58.13954 14 1.0
99.9 57.92837 14 1.0
100.0 57.7168 14 1.0
100.1 57.35584 14 1.0
100.2 56.99437 14 1.0
100.3 56.63237 14 1.0
100.4 56.26986 14 1.0
100.5 55.90682 14 1.0
100.6 55.54327 14 1.0
100.7 55.17919 14 1.0
100.8 54.81459 14 1.0
100.9 54.44947 14 1.0
101.0 54.08384 14 1.0
101.1 53.71768 14 1.0
101.2 53.351 14 1.0
101.3 52.9838 14 1.0
101.4 52.61608 14 1.0
101.5 52.24784 14 1.0
101.6 51.87908 14 1.0
101.7 51.5098 14 1.0
101.8 51.14 14 1.0
101.9 50.76968 14 1.0
102.0 50.39883 14 1.0
102.1 50.02747 14 1.0
102.2 49.65559 14 1.0
102.3 49.28318 14 1.0
102.4 48.91026 14 1.0
102.5 48.53682 14 1.0
102.6 48.16285 14 1.0
102.7 47.78837 14 1.0
102.8 47.41336 14 1.0
102.9 47.03783 14 1.0
103.0 46.66179 14 1.0
103.1 46.28522 14 1.0
103.2 45.90813 14 1.0
103.3 45.53053 14 1.0
103.4 45.1524 14 1.0
103.5 44.77375 14 1.0
103.6 44.39458 14 1.0
103.7 44.01489 14 1.0
103.8 43.63468 14 1.0
103.9 43.25395 14 1.0
104.0 42.8727 14 1.0
104.1 42.49093 14 1.0
104.2 42.10864 14 1.0
104.3 41.72583 14 1.0
104.4 41.34249 14 1.0
104.5 40.95864 14 1.0
104.6 40.57427 14 1.0
104.7 40.18938 14 1.0
104.8 39.80396 14 1.0
104.9 39.41803 14 1.0
105.0 39.03157 14 1.0
105.1 38.6446 14 1.0
105.2 38.2571 14 1.0
105.3 37.86909 14 1.0
105.4 37.48055 14 1.0
105.5 37.09149 14 1.0
105.6 36.70192 14 1.0
105.7 36.31182 14 1.0
105.8 35.9212 14 1.0
105.9 35.53006 14 1.0
106.0 35.1384 14 1.0
106.1 34.74622 14 1.0
106.2 34.35352 14 1.0
106.3 33.9603 14 1.0
106.4 33.56656 14 1.0
106.5 33.56643 14 1.0
106.6 33.59748 14 1.0
106.7 33.62853 14 1.0
106.8 33.65958 14 1.0
106.9 33.69063 14 1.0
107.0 33.72168 14 1.0
107.1 33.75273 14 1.0
107.2 33.78378 14 1.0
107.3 33.81483 14 1.0
107.4 33.84588 14 1.0
107.5 33.87693 14 1.0
107.6 33.90798 14 1.0
107.7 33.93903 14 1.0
107.8 33.97008 14 1.0
107.9 34.00113 14 1.0
108.0 34.03218 14 1.0
108.1 34.06324 14 1.0
108.2 34.09429 14 1.0
108.3 34.12534 14 1.0
108.4 34.15639 14 1.0
108.5 34.18744 14 1.0
108.6 34.21849 14 1.0
108.7 34.24954 14 1.0
108.8 34.28059 14 1.0
108.9 34.31164 14 1.0
109.0 34.34269 14 1.0
109.1 34.37374 14 1.0
109.2 34.40479 14 1.0
109.3 34.43584 14 1.0
109.4 34.46689 14 1.0
109.5 34.49794 14 1.0
109.6 34.52899 14 1.0
109.7 34.56004 14 1.0
109.8 34.59109 14 1.0
109.9 34.62214 14 1.0
110.0 34.65319 14 1.0
110.1 34.69981 14 1.0
110.2 34.74643 14 1.0
110.3 34.79304 14 1.0
110.4 34.83966 14 1.0
110.5 34.88628 14 1.0
110.6 34.93289 14 1.0
110.7 34.97951 14 1.0
110.8 35.02613 14 1.0
110.9 35.07274 14 1.0
111.0 35.11936 14 1.0
111.1 35.16598 14 1.0
111.2 35.21259 14 1.0
111.3 35.25921 14 1.0
111.4 35.30583 14 1.0
111.5 35.35244 14 1.0
111.6 35.39906 14 1.0
111.7 35.44568 14 1.0
111.8 35.49229 14 1.0
111.9 35.53891 14 1.0
112.0 35.58553 14 1.0
112.1 35.63214 14 1.0
112.2 35.67876 14 1.0
112.3 35.72538 14 1.0
112.4 35.77199 14 1.0
112.5 35.81861 14 1.0
112.6 35.86523 14 1.0
112.7 35.91184 14 1.0
112.8 35.95846 14 1.0
112.9 36.00508 14 1.0
113.0 36.05169 14 1.0
113.1 36.09831 14 1.0
113.2 36.14493 14 1.0
113.3 36.19154 14 1.0
113.4 36.23816 14 1.0
113.5 36.28478 14 1.0
113.6 36.33139 14 1.0
113.7 36.37801 14 1.0
113.8 36.42463 14 1.0
113.9 36.47124 14 1.0
114.0 36.51786 14 1.0
114.1 36.56448 14 1.0
114.2 36.61109 14 1.0
114.3 36.65771 14 1.0
114.4 36.70433 14 1.0
114.5 36.75094 14 1.0
114.6 36.79756 14 1.0
114.7 36.84418 14 1.0
114.8 36.89079 14 1.0
114.9 36.93741 14 1.0
115.0 36.98403 14 1.0
115.1 37.03064 14 1.0
115.2 37.07726 14 1.0
115.3 37.12388 14 1.0
115.4 37.17049 14 1.0
115.5 37.21711 14 1.0
115.6 37.26373 14 1.0
115.7 37.31034 14 1.0
115.8 37.35696 14 1.0
115.9 37.40358 14 1.0
116.0 37.45019 14 1.0
116.1 37.49681 14 1.0
116.2 37.54343 14 1.0
116.3 37.59004 14 1.0
116.4 37.63666 14 1.0
116.5 37.68328 14 1.0
116.6 37.72989 14 1.0
116.7 37.77651 14 1.0
116.8 37.82313 14 1.0
116.9 37.86974 14 1.0
117.0 37.91636 14 1.0
117.1 37.96298 14 1.0
117.2 38.00959 14 1.0
117.3 38.05621 14 1.0
117.4 38.10283 14 1.0
117.5 38.14944 14 1.0
117.6 38.19606 14 1.0
117.7 38.24268 14 1.0
117.8 38.28929 14 1.0
117.9 38.33591 14 1.0
118.0 38.38253 14 1.0
118.1 38.42914 14 1.0
118.2 38.47576 14 1.0
118.3 38.52238 14 1.0
118.4 38.56899 14 1.0
118.5 38.61561 14 1.0
118.6 38.66223 14 1.0
118.7 38.70884 14 1.0
118.8 38.75546 14 1.0
118.9 38.80208 14 1.0
119.0 38.84869 14 1.0
119.1 38.89531 14 1.0
119.2 38.94193 14 1.0
119.3 38.98854 14 1.0
119.4 39.03516 14 1.0
119.5 39.08178 14 1.0
119.6 39.12839 14 1.0
119.7 39.17501 14 1.0
119.8 39.22163 14 1.0
119.9 39.26824 14 1.0
120.0 39.31486 14 1.0
120.1 39.32813 14 1.0
120.2 39.34141 14 1.0
120.3 39.35468 14 1.0
120.4 39.36796 14 1.0
120.5 39.38123 14 1.0
120.6 39.3945 14 1.0
120.7 39.40778 14 1.0
120.8 39.42105 14 1.0
120.9 39.43433 14 1.0
121.0 39.4476 14 1.0
121.1 39.46087 14 1.0
121.2 39.47415 14 1.0
121.3 39.48742 14 1.0
121.4 39.5007 14 1.0
121.5 39.51397 14 1.0
121.6 39.52724 14 1.0
121.7 39.54052 14 1.0
121.8 39.55379 14 1.0
121.9 39.56707 14 1.0
122.0 39.58034 14 1.0
122.1 39.59361 14 1.0
122.2 39.60689 14 1.0
122.3 39.62016 14 1.0
122.4 39.63344 14 1.0
122.5 39.64671 14 1.0
122.6 39.65998 14 1.0
122.7 39.67326 14 1.0
122.8 39.68653 14 1.0
122.9 39.69981 14 1.0
123.0 39.71308 14 1.0
123.1 39.72635 14 1.0
123.2 39.73963 14 1.0
123.3 39.7529 14 1.0
123.4 39.76617 14 1.0
123.5 39.77945 14 1.0
123.6 39.79272 14 1.0
123.7 39.806 14 1.0
123.8 39.81927 14 1.0
123.9 39.83254 14 1.0
124.0 39.84582 14 1.0
124.1 39.85909 14 1.0
124.2 39.87237 14 1.0
124.3 39.88564 14 1.0
124.4 39.89891 14 1.0
124.5 39.91219 14 1.0
124.6 39.92546 14 1.0
124.7 39.93874 14 1.0
124.8 39.95201 14 1.0
124.9 39.96528 14 1.0
125.0 39.97856 14 1.0
125.1 39.99183 14 1.0
125.2 40.00511 14 1.0
125.3 40.01838 14 1.0
125.4 40.03207 14 1.0
125.5 40.04701 14 1.0
125.6 40.06194 14 1.0
125.7 40.07687 14 1.0
125.8 40.0918 14 1.0
125.9 40.10673 14 1.0
126.0 40.12165 14 1.0
126.1 40.13656 14 1.0
126.2 40.15147 14 1.0
126.3 40.16627 14 1.0
126.4 40.18118 14 1.0
126.5 40.19609 14 1.0
126.6 40.211 14 1.0
126.7 40.22591 14 1.0
126.8 40.24082 14 1.0
126.9 40.25572 14 1.0
127.0 40.27063 14 1.0
127.1 40.28554 14 1.0
127.2 40.30044 14 1.0
127.3 40.31535 14 1.0
127.4 40.33026 14 1.0
127.5 40.34516 14 1.0
127.6 40.36007 14 1.0
127.7 40.37497 14 1.0
127.8 40.38988 14 1.0
127.9 40.40478 14 1.0
128.0 40.41969 14 1.0
128.1 40.43459 14 1.0
128.2 40.44949 14 1.0
128.3 40.4644 14 1.0
128.4 40.4793 14 1.0
128.5 40.4942 14 1.0
128.6 40.5091 14 1.0
128.7 40.52401 14 1.0
128.8 40.53876 14 1.0
128.9 40.55366 14 1.0
129.0 40.56856 14 1.0
129.1 40.58346 14 1.0
129.2 40.59836 14 1.0
129.3 40.61326 14 1.0
129.4 40.62815 14 1.0
129.5 40.64305 14 1.0
129.6 40.65795 14 1.0
129.7 40.67285 14 1.0
129.8 40.68774 14 1.0
129.9 40.70264 14 1.0
130.0 40.71758 14 1.0
130.1 40.75792 14 1.0
130.2 40.79879 14 1.0
130.3 40.83958 14 1.0
130.4 40.88036 14 1.0
130.5 40.92113 14 1.0
130.6 40.96186 14 1.0
130.7 41.00313 14 1.0
130.8 41.04404 14 1.0
130.9 41.08492 14 1.0
131.0 41.12566 14 1.0
131.1 41.16642 14 1.0
131.2 41.20722 14 1.0
131.3 41.24801 14 1.0
131.4 41.2888 14 1.0
131.5 41.32957 14 1.0
131.6 41.37033 14 1.0
131.7 41.41109 14 1.0
131.8 41.45184 14 1.0
131.9 41.49259 14 1.0
132.0 41.53332 14 1.0
132.1 41.57404 14 1.0
132.2 41.61476 14 1.0
132.3 41.65545 14 1.0
132.4 41.69616 14 1.0
132.5 41.73684 14 1.0
132.6 41.77753 14 1.0
132.7 41.8182 14 1.0
132.8 41.85887 14 1.0
132.9 41.89956 14 1.0
133.0 41.94037 14 1.0
133.1 41.98118 14 1.0
133.2 42.02199 14 1.0
133.3 42.0628 14 1.0
133.4 42.10361 14 1.0
133.5 42.14444 14 1.0
133.6 42.18526 14 1.0
133.7 42.22609 14 1.0
133.8 42.26691 14 1.0
133.9 42.30774 14 1.0
134.0 42.34857 14 1.0
134.1 42.3894 14 1.0
134.2 42.43023 14 1.0
134.3 42.47107 14 1.0
134.4 42.5119 14 1.0
134.5 42.55274 14 1.0
134.6 42.59359 14 1.0
134.7 42.63442 14 1.0
134.8 42.67528 14 1.0
134.9 42.71613 14 1.0
135.0 42.75698 14 1.0
135.1 42.79784 14 1.0
135.2 42.83869 14 1.0
135.3 42.87955 14 1.0
135.4 42.91703 14 1.0
135.5 42.95777 14 1.0
135.6 42.99851 14 1.0
135.7 43.03925 14 1.0
135.8 43.07999 14 1.0
135.9 43.12073 14 1.0
136.0 43.16147 14 1.0
136.1 43.20221 14 1.0
136.2 43.24295 14 1.0
136.3 43.28369 14 1.0
136.4 43.32443 14 1.0
136.5 43.36517 14 1.0
136.6 43.40591 14 1.0
136.7 43.44665 14 1.0
136.8 43.48739 14 1.0
136.9 43.52813 14 1.0
137.0 43.56887 14 1.0
137.1 43.60961 14 1.0
137.2 43.65035 14 1.0
137.3 43.69109 14 1.0
137.4 43.73184 14 1.0
137.5 43.77258 14 1.0
137.6 43.81332 14 1.0
137.7 43.85406 14 1.0
137.8 43.89478 14 1.0
137.9 43.93553 14 1.0
138.0 43.97627 14 1.0
138.1 44.01702 14 1.0
138.2 44.0675 14 1.0
138.3 44.10802 14 1.0
138.4 44.14854 14 1.0
138.5 44.18904 14 1.0
138.6 44.22952 14 1.0
138.7 44.27002 14 1.0
138.8 44.3105 14 1.0
138.9 44.35098 14 1.0
139.0 44.39144 14 1.0
139.1 44.43189 14 1.0
139.2 44.47234 14 1.0
139.3 44.51278 14 1.0
139.4 44.55321 14 1.0
139.5 44.59547 14 1.0
139.6 44.63857 14 1.0
139.7 44.66886 14 1.0
139.8 44.7096 14 1.0
139.9 44.75034 14 1.0
140.0 44.80215 14 1.0
140.1 44.84203 14 1.0
140.2 44.88191 14 1.0
140.3 44.9218 14 1.0
140.4 44.96161 14 1.0
140.5 45.00118 14 1.0
140.6 45.04074 14 1.0
140.7 45.0803 14 1.0
140.8 45.11987 14 1.0
140.9 45.15942 14 1.0
141.0 45.19898 14 1.0
141.1 45.23854 14 1.0
141.2 45.2781 14 1.0
141.3 45.31767 14 1.0
141.4 45.35722 14 1.0
141.5 45.39678 14 1.0
141.6 45.43633 14 1.0
141.7 45.47588 14 1.0
141.8 45.51543 14 1.0
141.9 45.55499 14 1.0
142.0 45.59453 14 1.0
142.1 45.63408 14 1.0
142.2 45.67407 14 1.0
142.3 45.71423 14 1.0
142.4 45.75438 14 1.0
142.5 45.79454 14 1.0
142.6 45.8347 14 1.0
142.7 45.87486 14 1.0
142.8 45.91502 14 1.0
142.9 45.95518 14 1.0
143.0 45.99534 14 1.0
143.1 46.03549 14 1.0
143.2 46.07565 14 1.0
143.3 46.11581 14 1.0
143.4 46.15597 14 1.0
143.5 46.19613 14 1.0
143.6 46.23629 14 1.0
143.7 46.27644 14 1.0
143.8 46.3166 14 1.0
143.9 46.35676 14 1.0
144.0 46.39692 14 1.0
144.1 46.43708 14 1.0
144.2 46.47724 14 1.0
144.3 46.5174 14 1.0
144.4 46.55755 14 1.0
144.5 46.59771 14 1.0
144.6 46.63787 14 1.0
144.7 46.67803 14 1.0
144.8 46.71819 14 1.0
144.9 46.75835 14 1.0
145.0 46.79851 14 1.0
145.1 46.83866 14 1.0
145.2 46.87882 14 1.0
145.3 46.91898 14 1.0
145.4 46.95914 14 1.0
145.5 46.9993 14 1.0
145.6 47.03946 14 1.0
145.7 47.07962 14 1.0
145.8 47.11977 14 1.0
145.9 47.15993 14 1.0
146.0 47.20009 14 1.0
146.1 47.24025 14 1.0
146.2 47.28041 14 1.0
146.3 47.32057 14 1.0
146.4 47.36072 14 1.0
146.5 47.40088 14 1.0
146.6 47.44104 14 1.0
146.7 47.4812 14 1.0
146.8 47.52136 14 1.0
146.9 47.56152 14 1.0
147.0 47.60168 14 1.0
147.1 47.64183 14 1.0
147.2 47.68199 14 1.0
147.3 47.72215 14 1.0
147.4 47.76231 14 1.0
147.5 47.80247 14 1.0
147.6 47.84263 14 1.0
147.7 47.88279 14 1.0
147.8 47.92294 14 1.0
147.9 47.9631 14 1.0
148.0 48.00326 14 1.0
148.1 48.04342 14 1.0
148.2 48.08358 14 1.0
148.3 48.12374 14 1.0
148.4 48.1639 14 1.0
148.5 48.20405 14 1.0
148.6 48.24421 14 1.0
148.7 48.28437 14 1.0
148.8 48.32453 14 1.0
148.9 48.36469 14 1.0
149.0 48.40485 14 1.0
149.1 48.44501 14 1.0
149.2 48.48516 14 1.0
149.3 48.52532 14 1.0
149.4 48.56548 14 1.0
149.5 48.60564 14 1.0
149.6 48.6458 14 1.0
149.7 48.68596 14 1.0
149.8 48.72611 14 1.0
149.9 48.76627 14 1.0
150.0 48.80643 14 1.0
150.1 48.84485 14 1.0
150.2 48.88326 14 1.0
150.3 48.92168 14 1.0
150.4 48.96009 14 1.0
150.5 48.99851 14 1.0
150.6 49.03692 14 1.0
150.7 49.07534 14 1.0
150.8 49.11375 14 1.0
150.9 49.15217 14 1.0
151.0 49.19058 14 1.0
151.1 49.229 14 1.0
151.2 49.26741 14 1.0
151.3 49.30583 14 1.0
151.4 49.34424 14 1.0
151.5 49.38265 14 1.0
151.6 49.42107 14 1.0
151.7 49.46121 14 1.0
151.8 49.50273 14 1.0
151.9 49.54426 14 1.0
152.0 49.58578 14 1.0
152.1 49.6273 14 1.0
152.2 49.66883 14 1.0
152.3 49.71035 14 1.0
152.4 49.75188 14 1.0
152.5 49.7934 14 1.0
152.6 49.83493 14 1.0
152.7 49.87645 14 1.0
152.8 49.91797 14 1.0
152.9 49.9595 14 1.0
153.0 50.00102 14 1.0
153.1 50.04255 14 1.0
153.2 50.08407 14 1.0
153.3 50.1256 14 1.0
153.4 50.16711 14 1.0
153.5 50.20864 14 1.0
153.6 50.25016 14 1.0
153.7 50.29169 14 1.0
153.8 50.33321 14 1.0
153.9 50.37473 14 1.0
154.0 50.41626 14 1.0
154.1 50.45778 14 1.0
154.2 50.49931 14 1.0
154.3 50.54083 14 1.0
154.4 50.58236 14 1.0
154.5 50.62388 14 1.0
154.6 50.66541 14 1.0
154.7 50.70693 14 1.0
154.8 50.74845 14 1.0
154.9 50.78998 14 1.0
155.0 50.8315 14 1.0
155.1 50.87303 14 1.0
155.2 50.91455 14 1.0
155.3 50.95608 14 1.0
155.4 50.9976 14 1.0
155.5 51.03912 14 1.0
155.6 51.08065 14 1.0
155.7 51.12217 14 1.0
155.8 51.1637 14 1.0
155.9 51.20522 14 1.0
156.0 51.24675 14 1.0
156.1 51.28827 14 1.0
156.2 51.32979 14 1.0
156.3 51.37132 14 1.0
156.4 51.41284 14 1.0
156.5 51.45437 14 1.0
156.6 51.49589 14 1.0
156.7 51.53742 14 1.0
156.8 51.57894 14 1.0
156.9 51.62046 14 1.0
157.0 51.66199 14 1.0
157.1 51.70351 14 1.0
157.2 51.74504 14 1.0
157.3 51.78656 14 1.0
157.4 51.82809 14 1.0
157.5 51.86961 14 1.0
157.6 51.91113 14 1.0
157.7 51.95266 14 1.0
157.8 51.99418 14 1.0
157.9 52.03571 14 1.0
158.0 52.07723 14 1.0
158.1 52.11876 14 1.0
158.2 52.16028 14 1.0
158.3 52.2018 14 1.0
158.4 52.24333 14 1.0
158.5 52.28485 14 1.0
158.6 52.32638 14 1.0
158.7 52.3679 14 1.0
158.8 52.40943 14 1.0
158.9 52.45095 14 1.0
159.0 52.49247 14 1.0
159.1 52.534 14 1.0
159.2 52.57552 14 1.0
159.3 52.61705 14 1.0
159.4 52.65857 14 1.0
159.5 52.7001 14 1.0
159.6 52.74162 14 1.0
159.7 52.78314 14 1.0
159.8 52.82467 14 1.0
159.9 52.86619 14 1.0
160.0 52.90772 14 1.0
160.1 52.94924 14 1.0
160.2 52.99077 14 1.0
160.3 53.03229 14 1.0
160.4 53.07381 14 1.0
160.5 53.11534 14 1.0
160.6 53.15686 14 1.0
160.7 53.19839 14 1.0
160.8 53.23991 14 1.0
160.9 53.28144 14 1.0
161.0 53.32296 14 1.0
161.1 53.36448 14 1.0
161.2 53.40601 14 1.0
161.3 53.44753 14 1.0
161.4 53.48906 14 1.0
161.5 53.53058 14 1.0
161.6 53.5721 14 1.0
161.7 53.61362 14 1.0
161.8 53.65515 14 1.0
161.9 53.69667 14 1.0
162.0 53.7382 14 1.0
162.1 53.77972 14 1.0
162.2 53.82125 14 1.0
162.3 53.86277 14 1.0
162.4 53.45148 14 1.0
162.5 52.83907 14 1.0
162.6 52.22565 14 1.0
162.7 51.61124 14 1.0
162.8 50.99583 14 1.0
162.9 50.37943 14 1.0
163.0 49.76203 14 1.0
163.1 49.14363 14 1.0
163.2 48.52423 14 1.0
163.3 47.90384 14 1.0
163.4 47.28245 14 1.0
163.5 46.66006 14 1.0
163.6 46.03668 14 1.0
163.7 45.4123 14 1.0
163.8 44.78692 14 1.0
163.9 44.16054 14 1.0
164.0 43.53317 14 1.0
164.1 42.9048 14 1.0
164.2 42.27544 14 1.0
164.3 41.64508 14 1.0
164.4 41.01372 14 1.0
164.5 40.38136 14 1.0
164.6 39.74801 14 1.0
164.7 39.11366 14 1.0
164.8 38.47831 14 1.0
164.9 37.84197 14 1.0
165.0 37.20462 14 1.0
165.1 36.56629 14 1.0
165.2 35.92695 14 1.0
165.3 35.28662 14 1.0
165.4 34.64529 14 1.0
165.5 34.00296 14 1.0
165.6 33.35964 14 1.0
165.7 32.71532 14 1.0
165.8 32.07 14 1.0
165.9 31.42369 14 1.0
166.0 30.77638 14 1.0
166.1 30.12807 14 1.0
166.2 29.4789 14 1.0
166.3 28.8286 14 1.0
166.4 28.1773 14 1.0
166.5 27.52501 14 1.0
166.6 26.87172 14 1.0
166.7 26.21743 14 1.0
166.8 25.56214 14 1.0
166.9 24.90586 14 1.0
167.0 24.24858 14 1.0
167.1 23.59016 14 1.0
167.2 22.93103 14 1.0
167.3 22.27076 14 1.0
167.4 21.60949 14 1.0
167.5 20.94722 14 1.0
167.6 20.28396 14 1.0
167.7 19.6197 14 1.0
167.8 18.95445 14 1.0
167.9 18.28805 14 1.0
168.0 17.6208 14 1.0
168.1 16.95256 14 1.0
168.2 16.28331 14 1.0
168.3 15.61307 14 1.0
168.4 14.94183 14 1.0
168.5 14.2696 14 1.0
168.6 13.59637 14 1.0
168.7 12.92214 14 1.0
168.8 12.24691 14 1.0
168.9 11.57069 14 1.0
169.0 10.89347 14 1.0
169.1 10.21526 14 1.0
169.2 9.536042 14 1.0
169.3 8.855832 14 1.0
169.4 8.174624 14 1.0
169.5 7.49242 14 1.0
169.6 6.809219 14 1.0
169.7 6.125021 14 1.0
169.8 5.439826 14 1.0
169.9 4.753633 14 1.0
170.0 4.066444 14 1.0
170.1 0.0 15 0.0
170.2 0.0 15 0.0
170.3 0.0 15 0.0
170.4 0.0 15 0.0
170.5 0.0 15 0.0
170.6 0.0 15 0.0
170.7 0.0 15 0.0
170.8 0.0 15 0.0
170.9 0.0 15 0.0
171.0 0.0 15 0.0
171.1 0.0 15 0.0
171.2 0.0 15 0.0
171.3 0.0 15 0.0
171.4 0.0 15 0.0
171.5 0.0 15 0.0
171.6 0.0 15 0.0
171.7 0.0 15 0.0
171.8 0.0 15 0.0
171.9 0.0 15 0.0
172.0 0.0 15 0.0
172.1 0.0 15 0.0
172.2 0.0 15 0.0
172.3 0.0 15 0.0
172.4 0.0 15 0.0
172.5 0.0 15 0.0
172.6 0.0 15 0.0
172.7 0.0 15 0.0
172.8 0.0 15 0.0
172.9 0.0 15 0.0
173.0 0.0 15 0.0
173.1 0.0 15 0.0
173.2 0.0 15 0.0
173.3 0.0 15 0.0
173.4 0.0 15 0.0
173.5 0.0 15 0.0
173.6 0.0 15 0.0
173.7 0.0 15 0.0
173.8 0.0 15 0.0
173.9 0.0 15 0.0
174.0 0.0 15 0.0
174.1 0.0 15 0.0
174.2 0.0 15 0.0
174.3 0.0 15 0.0
174.4 0.0 15 0.0
174.5 0.0 15 0.0
174.6 0.0 15 0.0
174.7 0.0 15 0.0
174.8 0.0 15 0.0
174.9 0.0 15 0.0
175.0 0.0 15 0.0
175.1 0.0 15 0.0
175.2 0.0 15 0.0
175.3 0.0 15 0.0
175.4 0.0 15 0.0
175.5 0.0 15 0.0
175.6 0.0 15 0.0
175.7 0.0 15 0.0
175.8 0.0 15 0.0
175.9 0.0 15 0.0
176.0 0.0 15 0.0
176.1 0.0 15 0.0
176.2 0.0 15 0.0
176.3 0.0 15 0.0
176.4 0.0 15 0.0
176.5 0.0 15 0.0
176.6 0.0 15 0.0
176.7 0.0 15 0.0
176.8 0.0 15 0.0
176.9 0.0 15 0.0
177.0 0.0 15 0.0
177.1 0.0 15 0.0
177.2 0.0 15 0.0
177.3 0.0 15 0.0
177.4 0.0 15 0.0
177.5 0.0 15 0.0
177.6 0.0 15 0.0
177.7 0.0 15 0.0
177.8 0.0 15 0.0
177.9 0.0 15 0.0
178.0 0.0 15 0.0
178.1 0.0 15 0.0
178.2 0.0 15 0.0
178.3 0.0 15 0.0
178.4 0.0 15 0.0
178.5 0.0 15 0.0
178.6 0.0 15 0.0
178.7 0.0 15 0.0
178.8 0.0 15 0.0
178.9 0.0 15 0.0
179.0 0.0 15 0.0
179.1 0.0 15 0.0
179.2 0.0 15 0.0
179.3 0.0 15 0.0
179.4 0.0 15 0.0
179.5 0.0 15 0.0
179.6 0.0 15 0.0
179.7 0.0 15 0.0
179.8 0.0 15 0.0
179.9 0.0 15 0.0
180.0 0.0 15 0.0
180.1 0.0 15 0.0
180.2 0.0 15 0.0
180.3 0.0 15 0.0
180.4 0.0 15 0.0
180.5 0.0 15 0.0
180.6 0.0 15 0.0
180.7 0.0 15 0.0
180.8 0.0 15 0.0
180.9 0.0 15 0.0
181.0 0.0 15 0.0
181.1 0.0 15 0.0
181.2 0.0 15 0.0
181.3 0.0 15 0.0
181.4 0.0 15 0.0
181.5 0.0 15 0.0
181.6 0.0 15 0.0
181.7 0.0 15 0.0
181.8 0.0 15 0.0
181.9 0.0 15 0.0
182.0 0.0 15 0.0
182.1 0.0 15 0.0
182.2 0.0 15 0.0
182.3 0.0 15 0.0
182.4 0.0 15 0.0
182.5 0.0 15 0.0
182.6 0.0 15 0.0
182.7 0.0 15 0.0
182.8 0.0 15 0.0
182.9 0.0 15 0.0
183.0 0.0 15 0.0
183.1 0.0 15 0.0
183.2 0.0 15 0.0
183.3 0.0 15 0.0
183.4 0.0 15 0.0
183.5 0.0 15 0.0
183.6 0.0 15 0.0
183.7 0.0 15 0.0
183.8 0.0 15 0.0
183.9 0.0 15 0.0
184.0 0.0 15 0.0
184.1 0.0 15 0.0
184.2 0.0 15 0.0
184.3 0.0 15 0.0
184.4 0.0 15 0.0
184.5 0.0 15 0.0
184.6 0.0 15 0.0
184.7 0.0 15 0.0
184.8 0.0 15 0.0
184.9 0.0 15 0.0
185.0 0.0 15 0.0
185.1 0.0 15 0.0
185.2 0.0 15 0.0
185.3 0.0 15 0.0
185.4 0.0 15 0.0
185.5 0.0 15 0.0
185.6 0.0 15 0.0
185.7 0.0 15 0.0
185.8 0.0 15 0.0
185.9 0.0 15 0.0
186.0 0.0 15 0.0
186.1 0.0 15 0.0
186.2 0.0 15 0.0
186.3 0.0 15 0.0
186.4 0.0 15 0.0
186.5 0.0 15 0.0
186.6 0.0 15 0.0
186.7 0.0 15 0.0
186.8 0.0 15 0.0
186.9 0.0 15 0.0
187.0 0.0 15 0.0
187.1 0.0 15 0.0
187.2 0.0 15 0.0
187.3 0.0 15 0.0
187.4 0.0 15 0.0
187.5 0.0 15 0.0
187.6 0.0 15 0.0
187.7 0.0 15 0.0
187.8 0.0 15 0.0
187.9 0.0 15 0.0
188.0 0.0 15 0.0
188.1 0.0 15 0.0
188.2 0.0 15 0.0
188.3 0.0 15 0.0
188.4 0.0 15 0.0
188.5 0.0 15 0.0
188.6 0.0 15 0.0
188.7 0.0 15 0.0
188.8 0.0 15 0.0
188.9 0.0 15 0.0
189.0 0.0 15 0.0
189.1 0.0 15 0.0
189.2 0.0 15 0.0
189.3 0.0 15 0.0
189.4 0.0 15 0.0
189.5 0.0 15 0.0
189.6 0.0 15 0.0
189.7 0.0 15 0.0
189.8 0.0 15 0.0
189.9 0.0 15 0.0
190.0 0.0 15 0.0
190.1 0.0 15 0.0
190.2 0.0 15 0.0
190.3 0.0 15 0.0
190.4 0.0 15 0.0
190.5 0.0 15 0.0
190.6 0.0 15 0.0
190.7 0.0 15 0.0
190.8 0.0 15 0.0
190.9 0.0 15 0.0
191.0 0.0 15 0.0
191.1 0.0 15 0.0
191.2 0.0 15 0.0
191.3 0.0 15 0.0
191.4 0.0 15 0.0
191.5 0.0 15 0.0
191.6 0.0 15 0.0
191.7 0.0 15 0.0
191.8 0.0 15 0.0
191.9 0.0 15 0.0
192.0 0.0 15 0.0
192.1 0.0 15 0.0
192.2 0.0 15 0.0
192.3 0.0 15 0.0
192.4 0.0 15 0.0
192.5 0.0 15 0.0
192.6 0.0 15 0.0
192.7 0.0 15 0.0
192.8 0.0 15 0.0
192.9 0.0 15 0.0
193.0 0.0 15 0.0
193.1 0.0 15 0.0
193.2 0.0 15 0.0
193.3 0.0 15 0.0
193.4 0.0 15 0.0
193.5 0.0 15 0.0
193.6 0.0 15 0.0
193.7 0.0 15 0.0
193.8 0.0 15 0.0
193.9 0.0 15 0.0
194.0 0.0 15 0.0
194.1 0.0 15 0.0
194.2 0.0 15 0.0
194.2 0.0 15 0.0
194.4 0.0 15 0.0
194.4 0.0 15 0.0
194.5 0.0 15 0.0
194.6 0.0 15 0.0
194.7 0.0 15 0.0
194.8 0.0 15 0.0
194.9 0.0 15 0.0
195.0 0.0 15 0.0
195.1 0.0 15 0.0
195.2 0.0 15 0.0
195.3 0.0 15 0.0
195.4 0.0 15 0.0
195.5 0.0 15 0.0
195.6 0.0 15 0.0
195.7 0.0 15 0.0
195.8 0.0 15 0.0
195.9 0.0 15 0.0
196.0 0.0 15 0.0
196.1 0.0 15 0.0
196.2 0.0 15 0.0
196.3 0.0 15 0.0
196.4 0.0 15 0.0
196.5 0.0 15 0.0
196.6 0.0 15 0.0
196.7 0.0 15 0.0
196.8 0.0 15 0.0
196.9 0.0 15 0.0
197.0 0.0 15 0.0
197.1 0.0 15 0.0
197.2 0.0 15 0.0
197.3 0.0 15 0.0
197.4 0.0 15 0.0
197.5 0.0 15 0.0
197.6 0.0 15 0.0
197.7 0.0 15 0.0
197.8 0.0 15 0.0
197.9 0.0 15 0.0
198.0 0.0 15 0.0
198.1 0.0 15 0.0
198.2 0.0 15 0.0
198.3 0.0 15 0.0
198.4 0.0 15 0.0
198.5 0.0 15 0.0
198.6 0.0 15 0.0
198.7 0.0 15 0.0
198.8 0.0 15 0.0
198.9 0.0 15 0.0
199.0 0.0 15 0.0
199.1 0.0 15 0.0
199.2 0.0 15 0.0
199.3 0.0 15 0.0
199.4 0.0 15 0.0
199.5 0.0 15 0.0
199.6 0.0 15 0.0
199.7 0.0 15 0.0
199.8 0.0 15 0.0
199.9 0.0 15 0.0
200.0 0.0 15 0.0
200.1 0.0 15 0.0
200.2 0.0 15 0.0
200.3 0.0 15 0.0
200.4 0.0 15 0.0
200.5 0.0 15 0.0
200.6 0.0 15 0.0
200.7 0.0 15 0.0
200.8 0.0 15 0.0
200.9 0.0 15 0.0
201.0 0.0 15 0.0
201.1 0.0 15 0.0
201.2 0.0 15 0.0
201.3 0.0 15 0.0
201.4 0.0 15 0.0
201.5 0.0 15 0.0
201.6 0.0 15 0.0
201.7 0.0 15 0.0
201.8 0.0 15 0.0
201.9 0.0 15 0.0
202.0 0.0 15 0.0
202.1 0.0 15 0.0
202.2 0.0 15 0.0
202.3 0.0 15 0.0
202.4 0.0 15 0.0
202.5 0.0 15 0.0
202.6 0.0 15 0.0
202.7 0.0 15 0.0
202.8 0.0 15 0.0
202.9 0.0 15 0.0
203.0 0.0 15 0.0
203.1 0.0 15 0.0
203.2 0.0 15 0.0
203.3 0.0 15 0.0
203.4 0.0 15 0.0
203.5 0.0 15 0.0
203.6 0.0 15 0.0
203.7 0.0 15 0.0
203.8 0.0 15 0.0
203.9 0.0 15 0.0
204.0 0.0 15 0.0
204.1 0.0 15 0.0
204.2 0.0 15 0.0
204.3 0.0 15 0.0
204.4 0.0 15 0.0
204.5 0.0 15 0.0
204.6 0.0 15 0.0
204.7 0.0 15 0.0
204.8 0.0 15 0.0
204.9 0.0 15 0.0
205.0 0.0 15 0.0
205.1 0.0 15 0.0
205.2 0.0 15 0.0
205.3 0.0 15 0.0
205.4 0.0 15 0.0
205.5 0.0 15 0.0
205.6 0.0 15 0.0
205.7 0.0 15 0.0
205.8 0.0 15 0.0
205.9 0.0 15 0.0
206.0 0.0 15 0.0
206.1 0.0 15 0.0
206.2 0.0 15 0.0
206.3 0.0 15 0.0
206.4 0.0 15 0.0
206.5 0.0 15 0.0
206.6 0.0 15 0.0
206.7 0.0 15 0.0
206.8 0.0 15 0.0
206.9 0.0 15 0.0
207.0 0.0 15 0.0
207.1 0.0 15 0.0
207.2 0.0 15 0.0
207.3 0.0 15 0.0
207.4 0.0 15 0.0
207.5 0.0 15 0.0
207.6 0.0 15 0.0
207.7 0.0 15 0.0
207.8 0.0 15 0.0
207.9 0.0 15 0.0
208.0 0.0 15 0.0
208.1 0.0 15 0.0
208.2 0.0 15 0.0
208.3 0.0 15 0.0
208.4 0.0 15 0.0
208.5 0.0 15 0.0
208.6 0.0 15 0.0
208.7 0.0 15 0.0
208.8 0.0 15 0.0
208.9 0.0 15 0.0
209.0 0.0 15 0.0
209.1 0.0 15 0.0
209.2 0.0 15 0.0
209.3 0.0 15 0.0
209.4 0.0 15 0.0
209.5 0.0 15 0.0
209.6 0.0 15 0.0
209.7 0.0 15 0.0
209.8 0.0 15 0.0
209.9 0.0 15 0.0
210.0 0.0 15 0.0
210.1 0.0 15 0.0
210.2 0.0 15 0.0
210.3 0.0 15 0.0
210.4 0.0 15 0.0
210.5 0.0 15 0.0
210.6 0.0 15 0.0
210.7 0.0 15 0.0
210.8 0.0 15 0.0
210.9 0.0 15 0.0
211.0 0.0 15 0.0
211.1 0.0 15 0.0
211.2 0.0 15 0.0
211.3 0.0 15 0.0
211.4 0.0 15 0.0
211.5 0.0 15 0.0
211.6 0.0 15 0.0
211.7 0.0 15 0.0
211.8 0.0 15 0.0
211.9 0.0 15 0.0
212.0 0.0 15 0.0
212.1 0.0 15 0.0
212.2 0.0 15 0.0
212.3 0.0 15 0.0
212.4 0.0 15 0.0
212.5 0.0 15 0.0
212.6 0.0 15 0.0
212.7 0.0 15 0.0
212.8 0.0 15 0.0
212.9 0.0 15 0.0
213.0 0.0 15 0.0
213.1 0.0 15 0.0
213.2 0.0 15 0.0
213.3 0.0 15 0.0
213.4 0.0 15 0.0
213.5 0.0 15 0.0
213.6 0.0 15 0.0
213.7 0.0 15 0.0
213.8 0.0 15 0.0
213.9 0.0 15 0.0
214.0 0.0 15 0.0
214.1 0.0 15 0.0
214.2 0.0 15 0.0
214.3 0.0 15 0.0
214.4 0.0 15 0.0
214.5 0.0 15 0.0
214.6 0.0 15 0.0
214.7 0.0 15 0.0
214.8 0.0 15 0.0
214.9 0.0 15 0.0
215.0 0.0 15 0.0
215.1 0.0 15 0.0
215.2 0.0 15 0.0
215.3 0.0 15 0.0
215.4 0.0 15 0.0
215.5 0.0 15 0.0
215.6 0.0 15 0.0
215.7 0.0 15 0.0
215.8 0.0 15 0.0
215.9 0.0 15 0.0
216.0 0.0 15 0.0
216.1 0.0 15 0.0
216.2 0.0 15 0.0
216.3 0.0 15 0.0
216.4 0.0 15 0.0
216.5 0.0 15 0.0
216.6 0.0 15 0.0
216.7 0.0 15 0.0
216.8 0.0 15 0.0
216.9 0.0 15 0.0
217.0 0.0 15 0.0
217.1 0.0 15 0.0
217.2 0.0 15 0.0
217.3 0.0 15 0.0
217.4 0.0 15 0.0
217.5 0.0 15 0.0
217.6 0.0 15 0.0
217.7 0.0 15 0.0
217.8 0.0 15 0.0
217.9 0.0 15 0.0
218.0 0.0 15 0.0
218.1 0.0 15 0.0
218.2 0.0 15 0.0
218.3 0.0 15 0.0
218.4 0.0 15 0.0
218.5 0.0 15 0.0
218.6 0.0 15 0.0
218.7 0.0 15 0.0
218.8 0.0 15 0.0
218.9 0.0 15 0.0
219.0 0.0 15 0.0
219.1 0.0 15 0.0
219.2 0.0 15 0.0
219.3 0.0 15 0.0
219.4 0.0 15 0.0
219.5 0.0 15 0.0
219.6 0.0 15 0.0
219.7 0.0 15 0.0
219.8 0.0 15 0.0
219.9 0.0 15 0.0
220.0 0.0 15 0.0
220.1 0.0 15 0.0
220.2 0.0 15 0.0
220.3 0.0 15 0.0
220.4 0.0 15 0.0
220.5 0.0 15 0.0
220.6 0.0 15 0.0
220.7 0.0 15 0.0
220.8 0.0 15 0.0
220.9 0.0 15 0.0
221.0 0.0 15 0.0
221.1 0.0 15 0.0
221.2 0.0 15 0.0
221.3 0.0 15 0.0
221.4 0.0 15 0.0
221.5 0.0 15 0.0
221.6 0.0 15 0.0
221.7 0.0 15 0.0
221.8 0.0 15 0.0
221.9 0.0 15 0.0
222.0 0.0 15 0.0
222.1 0.0 15 0.0
222.2 0.0 15 0.0
222.3 0.0 15 0.0
222.4 0.0 15 0.0
222.5 0.0 15 0.0
222.6 0.0 15 0.0
222.7 0.0 15 0.0
222.8 0.0 15 0.0
222.9 0.0 15 0.0
223.0 0.0 15 0.0
223.1 0.0 15 0.0
223.2 0.0 15 0.0
223.3 0.0 15 0.0
223.4 0.0 15 0.0
223.5 0.0 15 0.0
223.6 0.0 15 0.0
223.7 0.0 15 0.0
223.8 0.0 15 0.0
223.9 0.0 15 0.0
224.0 0.0 15 0.0
224.1 0.0 15 0.0
224.2 0.0 15 0.0
224.3 0.0 15 0.0
224.4 0.0 15 0.0
224.5 0.0 15 0.0
224.6 0.0 15 0.0
224.7 0.0 15 0.0
224.8 0.0 15 0.0
224.9 0.0 15 0.0
225.0 0.0 15 0.0
225.1 0.0 15 0.0
225.2 0.0 15 0.0
225.3 0.0 15 0.0
225.4 0.0 15 0.0
225.5 0.0 15 0.0
225.6 0.0 15 0.0
225.7 0.0 15 0.0
225.8 0.0 15 0.0
225.9 0.0 15 0.0
226.0 0.0 15 0.0
226.1 0.0 15 0.0
226.2 0.0 15 0.0
226.3 0.0 15 0.0
226.4 0.0 15 0.0
226.5 0.0 15 0.0
226.6 0.0 15 0.0
226.7 0.0 15 0.0
226.8 0.0 15 0.0
226.9 0.0 15 0.0
227.0 0.0 15 0.0
227.1 0.0 15 0.0
227.2 0.0 15 0.0
227.3 0.0 15 0.0
227.4 0.0 15 0.0
227.5 0.0 15 0.0
227.6 0.0 15 0.0
227.7 0.0 15 0.0
227.8 0.0 15 0.0
227.9 0.0 15 0.0
228.0 0.0 15 0.0
228.1 0.0 15 0.0
228.2 0.0 15 0.0
228.3 0.0 15 0.0
228.4 0.0 15 0.0
228.5 0.0 15 0.0
228.6 0.0 15 0.0
228.7 0.0 15 0.0
228.8 0.0 15 0.0
228.9 0.0 15 0.0
229.0 0.0 15 0.0
229.1 0.0 15 0.0
229.2 0.0 15 0.0
229.3 0.0 15 0.0
229.4 0.0 15 0.0
229.5 0.0 15 0.0
229.6 0.0 15 0.0
229.7 0.0 15 0.0
229.8 0.0 15 0.0
229.9 0.0 15 0.0
230.0 0.0 15 0.0
230.1 0.0 15 0.0
230.2 0.0 15 0.0
230.3 0.0 15 0.0
230.4 0.0 15 0.0
230.5 0.0 15 0.0
230.6 0.0 15 0.0
230.7 0.0 15 0.0
230.8 0.0 15 0.0
230.9 0.0 15 0.0
231.0 0.0 15 0.0
231.1 0.0 15 0.0
231.2 0.0 15 0.0
231.3 0.0 15 0.0
231.4 0.0 15 0.0
231.5 0.0 15 0.0
231.6 0.0 15 0.0
231.7 0.0 15 0.0
231.8 0.0 15 0.0
231.9 0.0 15 0.0
232.0 0.0 15 0.0
232.1 0.0 15 0.0
232.2 0.0 15 0.0
232.3 0.0 15 0.0
232.4 0.0 15 0.0
232.5 0.0 15 0.0
232.6 0.0 15 0.0
232.7 0.0 15 0.0
232.8 0.0 15 0.0
232.9 0.0 15 0.0
233.0 0.0 15 0.0
233.1 0.0 15 0.0
233.2 0.0 15 0.0
233.3 0.0 15 0.0
233.4 0.0 15 0.0
233.5 0.0 15 0.0
233.6 0.0 15 0.0
233.7 0.0 15 0.0
233.8 0.0 15 0.0
233.9 0.0 15 0.0
234.0 0.0 15 0.0
234.1 0.0 15 0.0
234.2 0.0 15 0.0
234.3 0.0 15 0.0
234.4 0.0 15 0.0
234.5 0.0 15 0.0
234.6 0.0 15 0.0
234.7 0.0 15 0.0
234.8 0.0 15 0.0
234.9 0.0 15 0.0
235.0 0.0 15 0.0
235.1 0.0 15 0.0
235.2 0.0 15 0.0
235.3 0.0 15 0.0
235.4 0.0 15 0.0
235.5 0.0 15 0.0
235.6 0.0 15 0.0
235.7 0.0 15 0.0
235.8 0.0 15 0.0
235.9 0.0 15 0.0
236.0 0.0 15 0.0
236.1 0.0 15 0.0
236.2 0.0 15 0.0
236.3 0.0 15 0.0
236.4 0.0 15 0.0
236.5 0.0 15 0.0
236.6 0.0 15 0.0
236.7 0.0 15 0.0
236.8 0.0 15 0.0
236.9 0.0 15 0.0
237.0 0.0 15 0.0
237.1 0.0 15 0.0
237.2 0.0 15 0.0
237.3 0.0 15 0.0
237.4 0.0 15 0.0
237.5 0.0 15 0.0
237.6 0.0 15 0.0
237.7 0.0 15 0.0
237.8 0.0 15 0.0
237.9 0.0 15 0.0
238.0 0.0 15 0.0
238.1 0.0 15 0.0
238.2 0.0 15 0.0
238.3 0.0 15 0.0
238.4 0.0 15 0.0
238.5 0.0 15 0.0
238.6 0.0 15 0.0
238.7 0.0 15 0.0
238.8 0.0 15 0.0
238.9 0.0 15 0.0
239.0 0.0 15 0.0
239.1 0.0 15 0.0
239.2 0.0 15 0.0
239.3 0.0 15 0.0
239.4 0.0 15 0.0
239.5 0.0 15 0.0
239.6 0.0 15 0.0
239.7 0.0 15 0.0
239.8 0.0 15 0.0
239.9 0.0 15 0.0
240.0 0.0 15 0.0
240.1 0.0 15 0.0
240.2 0.0 15 0.0
240.3 0.0 15 0.0
240.4 0.0 15 0.0
240.5 0.0 15 0.0
240.6 0.0 15 0.0
240.7 0.0 15 0.0
240.8 0.0 15 0.0
240.9 0.0 15 0.0
241.0 0.0 15 0.0
241.1 0.0 15 0.0
241.2 0.0 15 0.0
241.3 0.0 15 0.0
241.4 0.0 15 0.0
241.5 0.0 15 0.0
241.6 0.0 15 0.0
241.7 0.0 15 0.0
241.8 0.0 15 0.0
241.9 0.0 15 0.0
242.0 0.0 15 0.0
242.1 0.0 15 0.0
242.2 0.0 15 0.0
242.3 0.0 15 0.0
242.4 0.0 15 0.0
242.5 0.0 15 0.0
242.6 0.0 15 0.0
242.7 0.0 15 0.0
242.8 0.0 15 0.0
242.9 0.0 15 0.0
243.0 0.0 15 0.0
243.1 0.0 15 0.0
243.2 0.0 15 0.0
243.3 0.0 15 0.0
243.4 0.0 15 0.0
243.5 0.0 15 0.0
243.6 0.0 15 0.0
243.7 0.0 15 0.0
243.8 0.0 15 0.0
243.9 0.0 15 0.0
244.0 0.0 15 0.0
244.1 0.0 15 0.0
244.2 0.0 15 0.0
244.3 0.0 15 0.0
244.4 0.0 15 0.0
244.5 0.0 15 0.0
244.6 0.0 15 0.0
244.7 0.0 15 0.0
244.8 0.0 15 0.0
244.9 0.0 15 0.0
245.0 0.0 15 0.0
245.1 0.0 15 0.0
245.2 0.0 15 0.0
245.3 0.0 15 0.0
245.4 0.0 15 0.0
245.5 0.0 15 0.0
245.6 0.0 15 0.0
245.7 0.0 15 0.0
245.8 0.0 15 0.0
245.9 0.0 15 0.0
246.0 0.0 15 0.0
246.1 0.0 15 0.0
246.2 0.0 15 0.0
246.3 0.0 15 0.0
246.4 0.0 15 0.0
246.5 0.0 15 0.0
246.6 0.0 15 0.0
246.7 0.0 15 0.0
246.8 0.0 15 0.0
246.9 0.0 15 0.0
247.0 0.0 15 0.0
247.1 0.0 15 0.0
247.2 0.0 15 0.0
247.3 0.0 15 0.0
247.4 0.0 15 0.0
247.5 0.0 15 0.0
247.6 0.0 15 0.0
247.7 0.0 15 0.0
247.8 0.0 15 0.0
247.9 0.0 15 0.0
248.0 0.0 15 0.0
248.1 0.0 15 0.0
248.2 0.0 15 0.0
248.3 0.0 15 0.0
248.4 0.0 15 0.0
248.5 0.0 15 0.0
248.6 0.0 15 0.0
248.7 0.0 15 0.0
248.8 0.0 15 0.0
248.9 0.0 15 0.0
249.0 0.0 15 0.0
249.1 0.0 15 0.0
249.2 0.0 15 0.0
249.3 0.0 15 0.0
249.4 0.0 15 0.0
249.5 0.0 15 0.0
249.6 0.0 15 0.0
249.7 0.0 15 0.0
249.8 0.0 15 0.0
249.9 0.0 15 0.0
250.0 0.0 15 0.0
250.1 0.0 15 0.0
250.2 0.0 15 0.0
250.3 0.0 15 0.0
250.4 0.0 15 0.0
250.5 0.0 15 0.0
250.6 0.0 15 0.0
250.7 0.0 15 0.0
250.8 0.0 15 0.0
250.9 0.0 15 0.0
251.0 0.0 15 0.0
251.1 0.0 15 0.0
251.2 0.0 15 0.0
251.3 0.0 15 0.0
251.4 0.0 15 0.0
251.5 0.0 15 0.0
251.6 0.0 15 0.0
251.7 0.0 15 0.0
251.8 0.0 15 0.0
251.9 0.0 15 0.0
252.0 0.0 15 0.0
252.1 0.0 15 0.0
252.2 0.0 15 0.0
252.3 0.0 15 0.0
252.4 0.0 15 0.0
252.5 0.0 15 0.0
252.6 0.0 15 0.0
252.7 0.0 15 0.0
252.8 0.0 15 0.0
252.9 0.0 15 0.0
253.0 0.0 15 0.0
253.1 0.0 15 0.0
253.2 0.0 15 0.0
253.3 0.0 15 0.0
253.4 0.0 15 0.0
253.5 0.0 15 0.0
253.6 0.0 15 0.0
253.7 0.0 15 0.0
253.8 0.0 15 0.0
253.9 0.0 15 0.0
254.0 0.0 15 0.0
254.1 0.0 15 0.0
254.2 0.0 15 0.0
254.3 0.0 15 0.0
254.4 0.0 15 0.0
254.5 0.0 15 0.0
254.6 0.0 15 0.0
254.7 0.0 15 0.0
254.8 0.0 15 0.0
254.9 0.0 15 0.0
255.0 0.0 15 0.0
255.1 0.0 15 0.0
255.2 0.0 15 0.0
255.3 0.0 15 0.0
255.4 0.0 15 0.0
255.5 0.0 15 0.0
255.6 0.0 15 0.0
255.7 0.0 15 0.0
255.8 0.0 15 0.0
255.9 0.0 15 0.0
256.0 0.0 15 0.0
256.1 0.0 15 0.0
256.2 0.0 15 0.0
256.3 0.0 15 0.0
256.4 0.0 15 0.0
256.5 0.0 15 0.0
256.6 0.0 15 0.0
256.7 0.0 15 0.0
256.8 0.0 15 0.0
256.9 0.0 15 0.0
257.0 0.0 15 0.0
257.1 0.0 15 0.0
257.2 0.0 15 0.0
257.3 0.0 15 0.0
257.4 0.0 15 0.0
257.5 0.0 15 0.0
257.6 0.0 15 0.0
257.7 0.0 15 0.0
257.8 0.0 15 0.0
257.9 0.0 15 0.0
258.0 0.0 15 0.0
258.1 0.0 15 0.0
258.2 0.0 15 0.0
258.3 0.0 15 0.0
258.4 0.0 15 0.0
258.5 0.0 15 0.0
258.6 0.0 15 0.0
258.7 0.0 15 0.0
258.8 0.0 15 0.0
258.9 0.0 15 0.0
259.0 0.0 15 0.0
259.1 0.0 15 0.0
259.2 0.0 15 0.0
259.3 0.0 15 0.0
259.4 0.0 15 0.0
259.5 0.0 15 0.0
259.6 0.0 15 0.0
259.7 0.0 15 0.0
259.8 0.0 15 0.0
259.9 0.0 15 0.0
260.0 0.0 15 0.0
260.1 0.0 15 0.0
260.2 0.0 15 0.0
260.3 0.0 15 0.0
260.4 0.0 15 0.0
260.5 0.0 15 0.0
260.6 0.0 15 0.0
260.7 0.0 15 0.0
260.8 0.0 15 0.0
260.9 0.0 15 0.0
261.0 0.0 15 0.0
261.1 0.0 15 0.0
261.2 0.0 15 0.0
261.3 0.0 15 0.0
261.4 0.0 15 0.0
261.5 0.0 15 0.0
261.6 0.0 15 0.0
261.7 0.0 15 0.0
261.8 0.0 15 0.0
261.9 0.0 15 0.0
262.0 0.0 15 0.0
262.1 0.0 15 0.0
262.2 0.0 15 0.0
262.3 0.0 15 0.0
262.4 0.0 15 0.0
262.5 0.0 15 0.0
262.6 0.0 15 0.0
262.7 0.0 15 0.0
262.8 0.0 15 0.0
262.9 0.0 15 0.0
263.0 0.0 15 0.0
263.1 0.0 15 0.0
263.2 0.0 15 0.0
263.3 0.0 15 0.0
263.4 0.0 15 0.0
263.5 0.0 15 0.0
263.6 0.0 15 0.0
263.7 0.0 15 0.0
263.8 0.0 15 0.0
263.9 0.0 15 0.0
264.0 0.0 15 0.0
264.1 0.0 15 0.0
264.2 0.0 15 0.0
264.3 0.0 15 0.0
264.4 0.0 15 0.0
264.5 0.0 15 0.0
264.6 0.0 15 0.0
264.7 0.0 15 0.0
264.8 0.0 15 0.0
264.9 0.0 15 0.0
265.0 0.0 15 0.0
265.1 0.0 15 0.0
265.2 0.0 15 0.0
265.3 0.0 15 0.0
265.4 0.0 15 0.0
265.5 0.0 15 0.0
265.6 0.0 15 0.0
265.7 0.0 15 0.0
265.8 0.0 15 0.0
265.9 0.0 15 0.0
266.0 0.0 15 0.0
266.1 0.0 15 0.0
266.2 0.0 15 0.0
266.3 0.0 15 0.0
266.4 0.0 15 0.0
266.5 0.0 15 0.0
266.6 0.0 15 0.0
266.7 0.0 15 0.0
266.8 0.0 15 0.0
266.9 0.0 15 0.0
267.0 0.0 15 0.0
267.1 0.0 15 0.0
267.2 0.0 15 0.0
267.3 0.0 15 0.0
267.4 0.0 15 0.0
267.5 0.0 15 0.0
267.6 0.0 15 0.0
267.7 0.0 15 0.0
267.8 0.0 15 0.0
267.9 0.0 15 0.0
268.0 0.0 15 0.0
268.1 0.0 15 0.0
268.2 0.0 15 0.0
268.3 0.0 15 0.0
268.4 0.0 15 0.0
268.5 0.0 15 0.0
268.6 0.0 15 0.0
268.7 0.0 15 0.0
268.8 0.0 15 0.0
268.9 0.0 15 0.0
269.0 0.0 15 0.0
269.1 0.0 15 0.0
269.2 0.0 15 0.0
269.3 0.0 15 0.0
269.4 0.0 15 0.0
269.5 0.0 15 0.0
269.6 0.0 15 0.0
269.7 0.0 15 0.0
269.8 0.0 15 0.0
269.9 0.0 15 0.0
270.0 0.0 15 0.0
270.1 0.0 15 0.0
270.2 0.0 15 0.0
270.3 0.0 15 0.0
270.4 0.0 15 0.0
270.5 0.0 15 0.0
270.6 0.0 15 0.0
270.7 0.0 15 0.0
270.8 0.0 15 0.0
270.9 0.0 15 0.0
271.0 0.0 15 0.0
271.1 0.0 15 0.0
271.2 0.0 15 0.0
271.3 0.0 15 0.0
271.4 0.0 15 0.0
271.5 0.0 15 0.0
271.6 0.0 15 0.0
271.7 0.0 15 0.0
271.8 0.0 15 0.0
271.9 0.0 15 0.0
272.0 0.0 15 0.0
272.1 0.0 15 0.0
272.2 0.0 15 0.0
272.3 0.0 15 0.0
272.4 0.0 15 0.0
272.5 0.0 15 0.0
272.6 0.0 15 0.0
272.7 0.0 15 0.0
272.8 0.0 15 0.0
272.9 0.0 15 0.0
273.0 0.0 15 0.0
273.1 0.0 15 0.0
273.2 0.0 15 0.0
273.3 0.0 15 0.0
273.4 0.0 15 0.0
273.5 0.0 15 0.0
273.6 0.0 15 0.0
273.7 0.0 15 0.0
273.8 0.0 15 0.0
273.9 0.0 15 0.0
274.0 0.0 15 0.0
274.1 0.0 15 0.0
274.2 0.0 15 0.0
274.3 0.0 15 0.0
274.4 0.0 15 0.0
274.5 0.0 15 0.0
274.6 0.0 15 0.0
274.7 0.0 15 0.0
274.8 0.0 15 0.0
274.9 0.0 15 0.0
275.0 0.0 15 0.0
275.1 0.0 15 0.0
275.2 0.0 15 0.0
275.3 0.0 15 0.0
275.4 0.0 15 0.0
275.5 0.0 15 0.0
275.6 0.0 15 0.0
275.7 0.0 15 0.0
275.8 0.0 15 0.0
275.9 0.0 15 0.0
276.0 0.0 15 0.0
276.1 0.0 15 0.0
276.2 0.0 15 0.0
276.3 0.0 15 0.0
276.4 0.0 15 0.0
276.5 0.0 15 0.0
276.6 0.0 15 0.0
276.7 0.0 15 0.0
276.8 0.0 15 0.0
276.9 0.0 15 0.0
277.0 0.0 15 0.0
277.1 0.0 15 0.0
277.2 0.0 15 0.0
277.3 0.0 15 0.0
277.4 0.0 15 0.0
277.5 0.0 15 0.0
277.6 0.0 15 0.0
277.7 0.0 15 0.0
277.8 0.0 15 0.0
277.9 0.0 15 0.0
278.0 0.0 15 0.0
278.1 0.0 15 0.0
278.2 0.0 15 0.0
278.3 0.0 15 0.0
278.4 0.0 15 0.0
278.5 0.0 15 0.0
278.6 0.0 15 0.0
278.7 0.0 15 0.0
278.8 0.0 15 0.0
278.9 0.0 15 0.0
279.0 0.0 15 0.0
279.1 0.0 15 0.0
279.2 0.0 15 0.0
279.3 0.0 15 0.0
279.4 0.0 15 0.0
279.5 0.0 15 0.0
279.6 0.0 15 0.0
279.7 0.0 15 0.0
279.8 0.0 15 0.0
279.9 0.0 15 0.0
280.0 0.0 15 0.0
280.1 0.0 15 0.0
280.2 0.0 15 0.0
280.3 0.0 15 0.0
280.4 0.0 15 0.0
280.5 0.0 15 0.0
280.6 0.0 15 0.0
280.7 0.0 15 0.0
280.8 0.0 15 0.0
280.9 0.0 15 0.0
281.0 0.0 15 0.0
281.1 0.0 15 0.0
281.2 0.0 15 0.0
281.3 0.0 15 0.0
281.4 0.0 15 0.0
281.5 0.0 15 0.0
281.6 0.0 15 0.0
281.7 0.0 15 0.0
281.8 0.0 15 0.0
281.9 0.0 15 0.0
282.0 0.0 15 0.0
282.1 0.0 15 0.0
282.2 0.0 15 0.0
282.3 0.0 15 0.0
282.4 0.0 15 0.0
282.5 0.0 15 0.0
282.6 0.0 15 0.0
282.7 0.0 15 0.0
282.8 0.0 15 0.0
282.9 0.0 15 0.0
283.0 0.0 15 0.0
283.1 0.0 15 0.0
283.2 0.0 15 0.0
283.3 0.0 15 0.0
283.4 0.0 15 0.0
283.5 0.0 15 0.0
283.6 0.0 15 0.0
283.7 0.0 15 0.0
283.8 0.0 15 0.0
283.9 0.0 15 0.0
284.0 0.0 15 0.0
284.1 0.0 15 0.0
284.2 0.0 15 0.0
284.3 0.0 15 0.0
284.4 0.0 15 0.0
284.5 0.0 15 0.0
284.6 0.0 15 0.0
284.7 0.0 15 0.0
284.8 0.0 15 0.0
284.9 0.0 15 0.0
285.0 0.0 15 0.0
285.1 0.0 15 0.0
285.2 0.0 15 0.0
285.3 0.0 15 0.0
285.4 0.0 15 0.0
285.5 0.0 15 0.0
285.6 0.0 15 0.0
285.7 0.0 15 0.0
285.8 0.0 15 0.0
285.9 0.0 15 0.0
286.0 0.0 15 0.0
286.1 0.0 15 0.0
286.2 0.0 15 0.0
286.3 0.0 15 0.0
286.4 0.0 15 0.0
286.5 0.0 15 0.0
286.6 0.0 15 0.0
286.7 0.0 15 0.0
286.8 0.0 15 0.0
286.9 0.0 15 0.0
287.0 0.0 15 0.0
287.1 0.0 15 0.0
287.2 0.0 15 0.0
287.3 0.0 15 0.0
287.4 0.0 15 0.0
287.5 0.0 15 0.0
287.6 0.0 15 0.0
287.7 0.0 15 0.0
287.8 0.0 15 0.0
287.9 0.0 15 0.0
288.0 0.0 15 0.0
288.1 0.0 15 0.0
288.2 0.0 15 0.0
288.3 0.0 15 0.0
288.4 0.0 15 0.0
288.5 0.0 15 0.0
288.6 0.0 15 0.0
288.7 0.0 15 0.0
288.8 0.0 15 0.0
288.9 0.0 15 0.0
289.0 0.0 15 0.0
289.1 0.0 15 0.0
289.2 0.0 15 0.0
289.3 0.0 15 0.0
289.4 0.0 15 0.0
289.5 0.0 15 0.0
289.6 0.0 15 0.0
289.7 0.0 15 0.0
289.8 0.0 15 0.0
289.9 0.0 15 0.0
290.0 0.0 15 0.0
290.1 0.0 15 0.0
290.2 0.0 15 0.0
290.3 0.0 15 0.0
290.4 0.0 15 0.0
290.5 0.0 15 0.0
290.6 0.0 15 0.0
290.7 0.0 15 0.0
290.8 0.0 15 0.0
290.9 0.0 15 0.0
291.0 0.0 15 0.0
291.1 0.0 15 0.0
291.2 0.0 15 0.0
291.3 0.0 15 0.0
291.4 0.0 15 0.0
291.5 0.0 15 0.0
291.6 0.0 15 0.0
291.7 0.0 15 0.0
291.8 0.0 15 0.0
291.9 0.0 15 0.0
292.0 0.0 15 0.0
292.1 0.0 15 0.0
292.2 0.0 15 0.0
292.3 0.0 15 0.0
292.4 0.0 15 0.0
292.5 0.0 15 0.0
292.6 0.0 15 0.0
292.7 0.0 15 0.0
292.8 0.0 15 0.0
292.9 0.0 15 0.0
293.0 0.0 15 0.0
293.1 0.0 15 0.0
293.2 0.0 15 0.0
293.3 0.0 15 0.0
293.4 0.0 15 0.0
293.5 0.0 15 0.0
293.6 0.0 15 0.0
293.7 0.0 15 0.0
293.8 0.0 15 0.0
293.9 0.0 15 0.0
294.0 0.0 15 0.0
294.1 0.0 15 0.0
294.2 0.0 15 0.0
294.3 0.0 15 0.0
294.4 0.0 15 0.0
294.5 0.0 15 0.0
294.6 0.0 15 0.0
294.7 0.0 15 0.0
294.8 0.0 15 0.0
294.9 0.0 15 0.0
295.0 0.0 15 0.0
295.1 0.0 15 0.0
295.2 0.0 15 0.0
295.3 0.0 15 0.0
295.4 0.0 15 0.0
295.5 0.0 15 0.0
295.6 0.0 15 0.0
295.7 0.0 15 0.0
295.8 0.0 15 0.0
295.9 0.0 15 0.0
296.0 0.0 15 0.0
296.1 0.0 15 0.0
296.2 0.0 15 0.0
296.3 0.0 15 0.0
296.4 0.0 15 0.0
296.5 0.0 15 0.0
296.6 0.0 15 0.0
296.7 0.0 15 0.0
296.8 0.0 15 0.0
296.9 0.0 15 0.0
297.0 0.0 15 0.0
297.1 0.0 15 0.0
297.2 0.0 15 0.0
297.3 0.0 15 0.0
297.4 0.0 15 0.0
297.5 0.0 15 0.0
297.6 0.0 15 0.0
297.7 0.0 15 0.0
297.8 0.0 15 0.0
297.9 0.0 15 0.0
298.0 0.0 15 0.0
298.1 0.0 15 0.0
298.2 0.0 15 0.0
298.3 0.0 15 0.0
298.4 0.0 15 0.0
298.5 0.0 15 0.0
298.6 0.0 15 0.0
298.7 0.0 15 0.0
298.8 0.0 15 0.0
298.9 0.0 15 0.0
299.0 0.0 15 0.0
299.1 0.0 15 0.0
299.2 0.0 15 0.0
299.3 0.0 15 0.0
299.4 0.0 15 0.0
299.5 0.0 15 0.0
299.6 0.0 15 0.0
299.7 0.0 15 0.0
299.8 0.0 15 0.0
299.9 0.0 15 0.0
300.0 0.0 15 0.0
300.1 0.0 15 0.0
300.2 0.0 15 0.0
300.3 0.0 15 0.0
300.4 0.0 15 0.0
300.5 0.0 15 0.0
300.6 0.0 15 0.0
300.7 0.0 15 0.0
300.8 0.0 15 0.0
300.9 0.0 15 0.0
301.0 0.0 15 0.0
301.1 0.0 15 0.0
301.2 0.0 15 0.0
301.3 0.0 15 0.0
301.4 0.0 15 0.0
301.5 0.0 15 0.0
301.6 0.0 15 0.0
301.7 0.0 15 0.0
301.8 0.0 15 0.0
301.9 0.0 15 0.0
302.0 0.0 15 0.0
302.1 0.0 15 0.0
302.2 0.0 15 0.0
302.3 0.0 15 0.0
302.4 0.0 15 0.0
302.5 0.0 15 0.0
302.6 0.0 15 0.0
302.7 0.0 15 0.0
302.8 0.0 15 0.0
302.9 0.0 15 0.0
303.0 0.0 15 0.0
303.1 0.0 15 0.0
303.2 0.0 15 0.0
303.3 0.0 15 0.0
303.4 0.0 15 0.0
303.5 0.0 15 0.0
303.6 0.0 15 0.0
303.7 0.0 15 0.0
303.8 0.0 15 0.0
303.9 0.0 15 0.0
304.0 0.0 15 0.0
304.1 0.0 15 0.0
304.2 0.0 15 0.0
304.3 0.0 15 0.0
304.4 0.0 15 0.0
304.5 0.0 15 0.0
304.6 0.0 15 0.0
304.7 0.0 15 0.0
304.8 0.0 15 0.0
304.9 0.0 15 0.0
305.0 0.0 15 0.0
305.1 0.0 15 0.0
305.2 0.0 15 0.0
305.3 0.0 15 0.0
305.4 0.0 15 0.0
305.5 259.677 14 1.0
305.6 259.7545 14 1.0
305.7 259.8319 14 1.0
305.8 259.9094 14 1.0
305.9 259.9868 14 1.0
306.0 260.0643 14 1.0
306.1 260.1417 14 1.0
306.2 260.2192 14 1.0
306.3 260.2966 14 1.0
306.4 260.3741 14 1.0
306.5 260.4516 14 1.0
306.6 260.529 14 1.0
306.7 260.6065 14 1.0
306.8 260.6839 14 1.0
306.9 260.7614 14 1.0
307.0 260.8388 14 1.0
307.1 260.9163 14 1.0
307.2 260.9937 14 1.0
307.3 261.0712 14 1.0
307.4 261.1486 14 1.0
307.5 261.2261 14 1.0
307.6 261.3035 14 1.0
307.7 261.381 14 1.0
307.8 261.4584 14 1.0
307.9 261.5359 14 1.0
308.0 261.6133 14 1.0
308.1 261.6908 14 1.0
308.2 261.7682 14 1.0
308.3 261.8457 14 1.0
308.4 261.9231 14 1.0
308.5 262.0006 14 1.0
308.6 262.078 14 1.0
308.7 262.1555 14 1.0
308.8 262.2329 14 1.0
308.9 262.3104 14 1.0
309.0 262.3878 14 1.0
309.1 262.4653 14 1.0
309.2 262.5427 14 1.0
309.3 262.6202 14 1.0
309.4 262.6976 14 1.0
309.5 262.7751 14 1.0
309.6 262.8525 14 1.0
309.7 262.93 14 1.0
309.8 263.0074 14 1.0
309.9 263.0849 14 1.0
310.0 263.1623 14 1.0
310.1 263.2398 14 1.0
310.2 263.3172 14 1.0
310.3 263.3947 14 1.0
310.4 263.4721 14 1.0
310.5 263.5496 14 1.0
310.6 263.627 14 1.0
310.7 263.7045 14 1.0
310.8 263.7819 14 1.0
310.9 263.8594 14 1.0
311.0 263.9368 14 1.0
311.1 264.0143 14 1.0
311.2 264.0917 14 1.0
311.3 264.1692 14 1.0
311.4 264.2466 14 1.0
311.5 264.3241 14 1.0
311.6 264.4015 14 1.0
311.7 264.479 14 1.0
311.8 264.5564 14 1.0
311.9 264.6339 14 1.0
312.0 264.7113 14 1.0
312.1 264.7888 14 1.0
312.2 264.8662 14 1.0
312.3 264.9437 14 1.0
312.4 265.0211 14 1.0
312.5 265.0986 14 1.0
312.6 265.176 14 1.0
312.7 265.2535 14 1.0
312.8 265.3309 14 1.0
312.9 265.4084 14 1.0
313.0 265.4858 14 1.0
313.1 265.5633 14 1.0
313.2 265.6407 14 1.0
313.3 265.7182 14 1.0
313.4 265.7956 14 1.0
313.5 265.8731 14 1.0
313.6 265.9505 14 1.0
313.7 266.028 14 1.0
313.8 266.1054 14 1.0
313.9 266.1829 14 1.0
314.0 266.2603 14 1.0
314.1 266.3378 14 1.0
314.2 266.4152 14 1.0
314.3 266.4927 14 1.0
314.4 266.5701 14 1.0
314.5 266.6476 14 1.0
314.6 266.725 14 1.0
314.7 266.8025 14 1.0
314.8 266.8799 14 1.0
314.9 266.9574 14 1.0
315.0 267.0348 14 1.0
315.1 267.1123 14 1.0
315.2 267.1897 14 1.0
315.3 267.2672 14 1.0
315.4 267.3446 14 1.0
315.5 267.4221 14 1.0
315.6 267.4995 14 1.0
315.7 267.577 14 1.0
315.8 267.6544 14 1.0
315.9 267.7319 14 1.0
316.0 267.8093 14 1.0
316.1 267.8868 14 1.0
316.2 267.9642 14 1.0
316.3 268.0417 14 1.0
316.4 268.1191 14 1.0
316.5 268.1966 14 1.0
316.6 268.274 14 1.0
316.7 268.3515 14 1.0
316.8 268.4289 14 1.0
316.9 268.5064 14 1.0
317.0 268.5838 14 1.0
317.1 268.6613 14 1.0
317.2 268.7387 14 1.0
317.3 268.8162 14 1.0
317.4 268.8936 14 1.0
317.5 268.9711 14 1.0
317.6 269.0485 14 1.0
317.7 269.126 14 1.0
317.8 269.2034 14 1.0
317.9 269.2809 14 1.0
318.0 269.3584 14 1.0
318.1 269.4358 14 1.0
318.2 269.5133 14 1.0
318.3 269.5907 14 1.0
318.4 269.6682 14 1.0
318.5 269.7456 14 1.0
318.6 269.8231 14 1.0
318.7 269.9005 14 1.0
318.8 269.978 14 1.0
318.9 270.0554 14 1.0
319.0 270.1329 14 1.0
319.1 270.2103 14 1.0
319.2 270.2878 14 1.0
319.3 270.3652 14 1.0
319.4 270.4427 14 1.0
319.5 270.5201 14 1.0
319.6 270.5976 14 1.0
319.7 270.675 14 1.0
319.8 270.7525 14 1.0
319.9 270.8299 14 1.0
320.0 270.9074 14 1.0
320.1 270.9848 14 1.0
320.2 271.0623 14 1.0
320.3 271.1397 14 1.0
320.4 271.2172 14 1.0
320.5 271.2946 14 1.0
320.6 271.3721 14 1.0
320.7 271.4495 14 1.0
320.8 271.527 14 1.0
320.9 271.6044 14 1.0
321.0 271.6819 14 1.0
321.1 271.7593 14 1.0
321.2 271.8368 14 1.0
321.3 271.9142 14 1.0
321.4 271.9917 14 1.0
321.5 272.0691 14 1.0
321.6 272.1466 14 1.0
321.7 272.224 14 1.0
321.8 272.3015 14 1.0
321.9 272.3789 14 1.0
322.0 272.4564 14 1.0
322.1 272.5338 14 1.0
322.2 272.6113 14 1.0
322.3 272.6887 14 1.0
322.4 272.7662 14 1.0
322.5 272.8436 14 1.0
322.6 272.9211 14 1.0
322.7 272.9985 14 1.0
322.8 273.076 14 1.0
322.9 273.1534 14 1.0
323.0 273.2309 14 1.0
323.1 273.3083 14 1.0
323.2 273.3858 14 1.0
323.3 273.4632 14 1.0
323.4 273.5407 14 1.0
323.5 273.6181 14 1.0
323.6 273.6956 14 1.0
323.7 273.773 14 1.0
323.8 273.8505 14 1.0
323.9 273.9279 14 1.0
324.0 274.0054 14 1.0
324.1 274.0828 14 1.0
324.2 274.1603 14 1.0
324.3 274.2377 14 1.0
324.4 274.3152 14 1.0
324.5 274.3926 14 1.0
324.6 274.4701 14 1.0
324.7 274.5475 14 1.0
324.8 274.625 14 1.0
324.9 274.7024 14 1.0
325.0 274.7799 14 1.0
325.1 274.8573 14 1.0
325.2 274.9348 14 1.0
325.3 275.0122 14 1.0
325.4 275.0897 14 1.0
325.5 275.1671 14 1.0
325.6 275.2446 14 1.0
325.7 275.322 14 1.0
325.8 275.3995 14 1.0
325.9 275.4769 14 1.0
326.0 275.5544 14 1.0
326.1 275.6318 14 1.0
326.2 275.7093 14 1.0
326.3 275.7867 14 1.0
326.4 275.8642 14 1.0
326.5 275.9416 14 1.0
326.6 276.0191 14 1.0
326.7 276.0965 14 1.0
326.8 276.174 14 1.0
326.9 276.2514 14 1.0
327.0 276.3289 14 1.0
327.1 276.4063 14 1.0
327.2 276.4838 14 1.0
327.3 276.5612 14 1.0
327.4 276.6387 14 1.0
327.5 276.7161 14 1.0
327.6 276.7936 14 1.0
327.7 276.871 14 1.0
327.8 276.9485 14 1.0
327.9 277.0259 14 1.0
328.0 277.1034 14 1.0
328.1 277.1808 14 1.0
328.2 277.2583 14 1.0
328.3 277.3357 14 1.0
328.4 277.4132 14 1.0
328.5 277.4906 14 1.0
328.6 277.5681 14 1.0
328.7 277.6455 14 1.0
328.8 277.723 14 1.0
328.9 277.8004 14 1.0
329.0 277.8779 14 1.0
329.1 277.9553 14 1.0
329.2 278.0328 14 1.0
329.3 278.1102 14 1.0
329.4 278.1877 14 1.0
329.5 278.2651 14 1.0
329.6 278.3426 14 1.0
329.7 278.4201 14 1.0
329.8 278.4975 14 1.0
329.9 278.575 14 1.0
330.0 278.6524 14 1.0
330.1 278.7299 14 1.0
330.2 278.8073 14 1.0
330.3 278.8848 14 1.0
330.4 278.9622 14 1.0
330.5 279.0397 14 1.0
330.6 279.1171 14 1.0
330.7 279.1946 14 1.0
330.8 279.272 14 1.0
330.9 279.3495 14 1.0
331.0 279.4269 14 1.0
331.1 279.5044 14 1.0
331.2 279.5818 14 1.0
331.3 279.6593 14 1.0
331.4 279.7367 14 1.0
331.5 279.8142 14 1.0
331.6 279.8916 14 1.0
331.7 279.9691 14 1.0
331.8 280.0465 14 1.0
331.9 280.124 14 1.0
332.0 280.2014 14 1.0
332.1 280.2789 14 1.0
332.2 280.3563 14 1.0
332.3 280.4338 14 1.0
332.4 280.5112 14 1.0
332.5 280.5887 14 1.0
332.6 280.6661 14 1.0
332.7 280.7436 14 1.0
332.8 280.821 14 1.0
332.9 280.8985 14 1.0
333.0 280.9759 14 1.0
333.1 281.0534 14 1.0
333.2 281.1308 14 1.0
333.3 281.2083 14 1.0
333.4 281.2857 14 1.0
333.5 281.3632 14 1.0
333.6 281.4406 14 1.0
333.7 281.5181 14 1.0
333.8 281.5955 14 1.0
333.9 281.673 14 1.0
334.0 281.7504 14 1.0
334.1 281.8279 14 1.0
334.2 281.9053 14 1.0
334.3 281.9828 14 1.0
334.4 282.0602 14 1.0
334.5 282.1377 14 1.0
334.6 282.2151 14 1.0
334.7 282.2926 14 1.0
334.8 282.37 14 1.0
334.9 282.4475 14 1.0
335.0 282.5249 14 1.0
335.1 282.6024 14 1.0
335.2 282.6798 14 1.0
335.3 282.7573 14 1.0
335.4 282.8347 14 1.0
335.5 282.9122 14 1.0
335.6 282.9896 14 1.0
335.7 283.0671 14 1.0
335.8 283.1445 14 1.0
335.9 283.222 14 1.0
336.0 283.2994 14 1.0
336.1 283.3769 14 1.0
336.2 283.4543 14 1.0
336.3 283.5318 14 1.0
336.4 283.6092 14 1.0
336.5 283.6867 14 1.0
336.6 283.7641 14 1.0
336.7 283.8416 14 1.0
336.8 283.919 14 1.0
336.9 283.9965 14 1.0
337.0 284.0739 14 1.0
337.1 284.1514 14 1.0
337.2 284.2288 14 1.0
337.3 284.3063 14 1.0
337.4 284.3837 14 1.0
337.5 284.4612 14 1.0
337.6 284.5386 14 1.0
337.7 284.6161 14 1.0
337.8 284.6935 14 1.0
337.9 284.771 14 1.0
338.0 284.8484 14 1.0
338.1 284.9259 14 1.0
338.2 285.0033 14 1.0
338.3 285.0808 14 1.0
338.4 285.1582 14 1.0
338.5 285.2357 14 1.0
338.6 285.3131 14 1.0
338.7 285.3906 14 1.0
338.8 285.468 14 1.0
338.9 285.5455 14 1.0
339.0 285.6229 14 1.0
339.1 285.7004 14 1.0
339.2 285.7778 14 1.0
339.3 285.8553 14 1.0
339.4 285.9327 14 1.0
339.5 286.0102 14 1.0
339.6 286.0876 14 1.0
339.7 286.1651 14 1.0
339.8 286.2425 14 1.0
339.9 286.32 14 1.0
340.0 286.3974 14 1.0
340.1 286.4749 14 1.0
340.2 286.5523 14 1.0
340.3 286.6298 14 1.0
340.4 286.7072 14 1.0
340.5 286.7847 14 1.0
340.6 286.8621 14 1.0
340.7 286.9396 14 1.0
340.8 287.017 14 1.0
340.9 287.0945 14 1.0
341.0 287.1719 14 1.0
341.1 287.2494 14 1.0
341.2 287.3269 14 1.0
341.3 287.4043 14 1.0
341.4 287.4818 14 1.0
341.5 287.5592 14 1.0
341.6 287.6367 14 1.0
341.7 287.7141 14 1.0
341.8 287.7916 14 1.0
341.9 287.869 14 1.0
342.0 287.9465 14 1.0
342.1 288.0239 14 1.0
342.2 288.1014 14 1.0
342.3 288.1788 14 1.0
342.4 288.2563 14 1.0
342.5 288.3337 14 1.0
342.6 288.4112 14 1.0
342.7 288.4886 14 1.0
342.8 288.5661 14 1.0
342.9 288.6435 14 1.0
343.0 288.721 14 1.0
343.1 288.7984 14 1.0
343.2 288.8759 14 1.0
343.3 288.9533 14 1.0
343.4 289.0308 14 1.0
343.5 289.1082 14 1.0
343.6 289.1857 14 1.0
343.7 289.2631 14 1.0
343.8 289.3406 14 1.0
343.9 289.418 14 1.0
344.0 289.4955 14 1.0
344.1 289.5729 14 1.0
344.2 289.6504 14 1.0
344.3 289.7278 14 1.0
344.4 289.8053 14 1.0
344.5 289.8827 14 1.0
344.6 289.9602 14 1.0
344.7 290.0376 14 1.0
344.8 290.1151 14 1.0
344.9 290.1925 14 1.0
345.0 290.27 14 1.0
345.1 290.3474 14 1.0
345.2 290.4249 14 1.0
345.3 290.5023 14 1.0
345.4 290.5798 14 1.0
345.5 290.6572 14 1.0
345.6 290.7347 14 1.0
345.7 290.8121 14 1.0
345.8 290.8896 14 1.0
345.9 290.967 14 1.0
346.0 291.0445 14 1.0
346.1 291.1219 14 1.0
346.2 291.1994 14 1.0
346.3 291.2768 14 1.0
346.4 291.3543 14 1.0
346.5 291.4317 14 1.0
346.6 291.5092 14 1.0
346.7 291.5866 14 1.0
346.8 291.6641 14 1.0
346.9 291.7415 14 1.0
347.0 291.819 14 1.0
347.1 291.8964 14 1.0
347.2 291.9739 14 1.0
347.3 292.0513 14 1.0
347.4 292.1288 14 1.0
347.5 292.2062 14 1.0
347.6 292.2837 14 1.0
347.7 292.3611 14 1.0
347.8 292.4386 14 1.0
347.9 292.516 14 1.0
348.0 292.5935 14 1.0
348.1 292.6709 14 1.0
348.2 292.7484 14 1.0
348.3 292.8258 14 1.0
348.4 292.9033 14 1.0
348.5 292.9807 14 1.0
348.6 293.0582 14 1.0
348.7 293.1356 14 1.0
348.8 293.2131 14 1.0
348.9 293.2905 14 1.0
349.0 293.368 14 1.0
349.1 293.4454 14 1.0
349.2 293.5229 14 1.0
349.3 293.6003 14 1.0
349.4 293.6778 14 1.0
349.5 293.7552 14 1.0
349.6 293.8327 14 1.0
349.7 293.9101 14 1.0
349.8 293.9876 14 1.0
349.9 294.065 14 1.0
350.0 294.1414 14 1.0
350.1 294.2177 14 1.0
350.2 294.294 14 1.0
350.3 294.3703 14 1.0
350.4 294.4466 14 1.0
350.5 294.523 14 1.0
350.6 294.5993 14 1.0
350.7 294.6756 14 1.0
350.8 294.7519 14 1.0
350.9 294.8283 14 1.0
351.0 294.9046 14 1.0
351.1 294.9809 14 1.0
351.2 295.0572 14 1.0
351.3 295.1335 14 1.0
351.4 295.2099 14 1.0
351.5 295.2862 14 1.0
351.6 295.3625 14 1.0
351.7 295.4388 14 1.0
351.8 295.5151 14 1.0
351.9 295.5915 14 1.0
352.0 295.6678 14 1.0
352.1 295.7441 14 1.0
352.2 295.8204 14 1.0
352.3 295.8967 14 1.0
352.4 295.9731 14 1.0
352.5 296.0494 14 1.0
352.6 296.1257 14 1.0
352.7 296.202 14 1.0
352.8 296.2784 14 1.0
352.9 296.3547 14 1.0
353.0 296.431 14 1.0
353.1 296.5073 14 1.0
353.2 296.5836 14 1.0
353.3 296.66 14 1.0
353.4 296.7363 14 1.0
353.5 296.8126 14 1.0
353.6 296.8889 14 1.0
353.7 296.9652 14 1.0
353.8 297.0416 14 1.0
353.9 297.1179 14 1.0
354.0 297.1942 14 1.0
354.1 297.2705 14 1.0
354.2 297.3469 14 1.0
354.3 297.4232 14 1.0
354.4 297.4995 14 1.0
354.5 297.5758 14 1.0
354.6 297.6521 14 1.0
354.7 297.7285 14 1.0
354.8 297.8048 14 1.0
354.9 297.8811 14 1.0
355.0 297.9574 14 1.0
355.1 298.0337 14 1.0
355.2 298.1101 14 1.0
355.3 298.1864 14 1.0
355.4 298.2627 14 1.0
355.5 298.339 14 1.0
355.6 298.4154 14 1.0
355.7 298.4917 14 1.0
355.8 298.568 14 1.0
355.9 298.6443 14 1.0
356.0 298.7206 14 1.0
356.1 298.797 14 1.0
356.2 298.8733 14 1.0
356.3 298.9496 14 1.0
356.4 299.0259 14 1.0
356.5 299.1022 14 1.0
356.6 299.1786 14 1.0
356.7 299.2549 14 1.0
356.8 299.3312 14 1.0
356.9 299.4075 14 1.0
357.0 299.4839 14 1.0
357.1 299.5602 14 1.0
357.2 299.6365 14 1.0
357.3 299.7128 14 1.0
357.4 299.7891 14 1.0
357.5 299.8655 14 1.0
357.6 299.9418 14 1.0
357.7 300.0181 14 1.0
357.8 300.0944 14 1.0
357.9 300.1707 14 1.0
358.0 300.2471 14 1.0
358.1 300.3234 14 1.0
358.2 300.3997 14 1.0
358.3 300.476 14 1.0
358.4 300.5523 14 1.0
358.5 300.6287 14 1.0
358.6 300.705 14 1.0
358.7 300.7813 14 1.0
358.8 300.8576 14 1.0
358.9 300.934 14 1.0
359.0 301.0103 14 1.0
359.1 301.0866 14 1.0
359.2 301.1629 14 1.0
359.3 301.2392 14 1.0
359.4 301.3156 14 1.0
359.5 301.3919 14 1.0
359.6 301.4682 14 1.0
359.7 301.5445 14 1.0
359.8 301.6208 14 1.0
359.9 301.6972 14 1.0
360.0 301.7735 14 1.0
360.1 301.8498 14 1.0
360.2 301.9261 14 1.0
360.3 302.0025 14 1.0
360.4 302.0788 14 1.0
360.5 302.1551 14 1.0
360.6 302.2314 14 1.0
360.7 302.3077 14 1.0
360.8 302.3841 14 1.0
360.9 302.4604 14 1.0
361.0 302.5367 14 1.0
361.1 302.613 14 1.0
361.2 302.6893 14 1.0
361.3 302.7657 14 1.0
361.4 302.842 14 1.0
361.5 302.9183 14 1.0
361.6 302.9946 14 1.0
361.7 303.071 14 1.0
361.8 303.1473 14 1.0
361.9 303.2236 14 1.0
362.0 303.2999 14 1.0
362.1 303.3762 14 1.0
362.2 303.4526 14 1.0
362.3 303.5289 14 1.0
362.4 303.6052 14 1.0
362.5 303.6815 14 1.0
362.6 303.7578 14 1.0
362.7 303.8342 14 1.0
362.8 303.9105 14 1.0
362.9 303.9868 14 1.0
363.0 304.0631 14 1.0
363.1 304.1395 14 1.0
363.2 304.2158 14 1.0
363.3 304.2921 14 1.0
363.4 304.3684 14 1.0
363.5 304.4447 14 1.0
363.6 304.5211 14 1.0
363.7 304.5974 14 1.0
363.8 304.6737 14 1.0
363.9 304.75 14 1.0
364.0 304.8263 14 1.0
364.1 304.9027 14 1.0
364.2 304.979 14 1.0
364.3 305.0553 14 1.0
364.4 305.1316 14 1.0
364.5 305.2079 14 1.0
364.6 305.2843 14 1.0
364.7 305.3606 14 1.0
364.8 305.4369 14 1.0
364.9 305.5132 14 1.0
365.0 305.5896 14 1.0
365.1 305.6659 14 1.0
365.2 305.7422 14 1.0
365.3 305.8185 14 1.0
365.4 305.8948 14 1.0
365.5 305.9712 14 1.0
365.6 306.0475 14 1.0
365.7 306.1238 14 1.0
365.8 306.2001 14 1.0
365.9 306.2764 14 1.0
366.0 306.3528 14 1.0
366.1 306.4291 14 1.0
366.2 306.5054 14 1.0
366.3 306.5817 14 1.0
366.4 306.6581 14 1.0
366.5 306.7344 14 1.0
366.6 306.8107 14 1.0
366.7 306.887 14 1.0
366.8 306.9633 14 1.0
366.9 307.0397 14 1.0
367.0 307.116 14 1.0
367.1 307.1923 14 1.0
367.2 307.2686 14 1.0
367.3 307.3449 14 1.0
367.4 307.4213 14 1.0
367.5 307.4976 14 1.0
367.6 307.5739 14 1.0
367.7 307.6502 14 1.0
367.8 307.7266 14 1.0
367.9 307.8029 14 1.0
368.0 307.8792 14 1.0
368.1 307.9555 14 1.0
368.2 308.0318 14 1.0
368.3 308.1082 14 1.0
368.4 308.1845 14 1.0
368.5 308.2608 14 1.0
368.6 308.3371 14 1.0
368.7 308.4134 14 1.0
368.8 308.4898 14 1.0
368.9 308.5661 14 1.0
369.0 308.6424 14 1.0
369.1 308.7187 14 1.0
369.2 308.7951 14 1.0
369.3 308.8714 14 1.0
369.4 308.9477 14 1.0
369.5 309.024 14 1.0
369.6 309.1003 14 1.0
369.7 309.1767 14 1.0
369.8 309.253 14 1.0
369.9 309.3293 14 1.0
370.0 309.4056 14 1.0
370.1 309.4819 14 1.0
370.2 309.5583 14 1.0
370.3 309.6346 14 1.0
370.4 309.7109 14 1.0
370.5 309.7872 14 1.0
370.6 309.8635 14 1.0
370.7 309.9399 14 1.0
370.8 310.0162 14 1.0
370.9 310.0925 14 1.0
371.0 310.1688 14 1.0
371.1 310.2452 14 1.0
371.2 310.3215 14 1.0
371.3 310.3978 14 1.0
371.4 310.4741 14 1.0
371.5 310.5504 14 1.0
371.6 310.6268 14 1.0
371.7 310.7031 14 1.0
371.8 310.7794 14 1.0
371.9 310.8557 14 1.0
372.0 310.932 14 1.0
372.1 311.0084 14 1.0
372.2 311.0847 14 1.0
372.3 311.161 14 1.0
372.4 311.2373 14 1.0
372.5 311.3137 14 1.0
372.6 311.39 14 1.0
372.7 311.4663 14 1.0
372.8 311.5426 14 1.0
372.9 311.6189 14 1.0
373.0 311.6953 14 1.0
373.1 311.7716 14 1.0
373.2 311.8479 14 1.0
373.3 311.9242 14 1.0
373.4 312.0005 14 1.0
373.5 312.0769 14 1.0
373.6 312.1532 14 1.0
373.7 312.2295 14 1.0
373.8 312.3058 14 1.0
373.9 312.3822 14 1.0
374.0 312.4585 14 1.0
374.1 312.5348 14 1.0
374.2 312.6111 14 1.0
374.3 312.6874 14 1.0
374.4 312.7638 14 1.0
374.5 312.8401 14 1.0
374.6 312.9164 14 1.0
374.7 312.9927 14 1.0
374.8 313.069 14 1.0
374.9 313.1454 14 1.0
375.0 313.2217 14 1.0
375.1 313.298 14 1.0
375.2 313.3743 14 1.0
375.3 313.4507 14 1.0
375.4 313.527 14 1.0
375.5 313.6033 14 1.0
375.6 313.6796 14 1.0
375.7 313.7559 14 1.0
375.8 313.8323 14 1.0
375.9 313.9086 14 1.0
376.0 313.9849 14 1.0
376.1 314.0612 14 1.0
376.2 314.1375 14 1.0
376.3 314.2139 14 1.0
376.4 314.2902 14 1.0
376.5 314.3665 14 1.0
376.6 314.4428 14 1.0
376.7 314.5191 14 1.0
376.8 314.5955 14 1.0
376.9 314.6718 14 1.0
377.0 314.7481 14 1.0
377.1 314.8244 14 1.0
377.2 314.9008 14 1.0
377.3 314.9771 14 1.0
377.4 315.0534 14 1.0
377.5 315.1297 14 1.0
377.6 315.206 14 1.0
377.7 315.2824 14 1.0
377.8 315.3587 14 1.0
377.9 315.435 14 1.0
378.0 315.5113 14 1.0
378.1 315.5876 14 1.0
378.2 315.664 14 1.0
378.3 315.7403 14 1.0
378.4 315.8166 14 1.0
378.5 315.8929 14 1.0
378.6 315.9693 14 1.0
378.7 316.0456 14 1.0
378.8 316.1219 14 1.0
378.9 316.1982 14 1.0
379.0 316.2745 14 1.0
379.1 316.3509 14 1.0
379.2 316.4272 14 1.0
379.3 316.5035 14 1.0
379.4 316.5798 14 1.0
379.5 316.6561 14 1.0
379.6 316.7325 14 1.0
379.7 316.8088 14 1.0
379.8 316.8851 14 1.0
379.9 316.9614 14 1.0
380.0 317.0378 14 1.0
380.1 317.1141 14 1.0
380.2 317.1904 14 1.0
380.3 317.2667 14 1.0
380.4 317.343 14 1.0
380.5 317.4194 14 1.0
380.6 317.4957 14 1.0
380.7 317.572 14 1.0
380.8 317.6483 14 1.0
380.9 317.7246 14 1.0
381.0 317.801 14 1.0
381.1 317.8773 14 1.0
381.2 317.9536 14 1.0
381.3 318.0299 14 1.0
381.4 318.1062 14 1.0
381.5 318.1826 14 1.0
381.6 318.2589 14 1.0
381.7 318.3352 14 1.0
381.8 318.4115 14 1.0
381.9 318.4879 14 1.0
382.0 318.5642 14 1.0
382.1 318.6405 14 1.0
382.2 318.7168 14 1.0
382.3 318.7931 14 1.0
382.4 318.8695 14 1.0
382.5 318.9458 14 1.0
382.6 319.0221 14 1.0
382.7 319.0984 14 1.0
382.8 319.1747 14 1.0
382.9 319.2511 14 1.0
383.0 319.3274 14 1.0
383.1 319.4037 14 1.0
383.2 319.48 14 1.0
383.3 319.5564 14 1.0
383.4 319.6327 14 1.0
383.5 319.709 14 1.0
383.6 319.7853 14 1.0
383.7 319.8616 14 1.0
383.8 319.938 14 1.0
383.9 320.0143 14 1.0
384.0 320.0906 14 1.0
384.1 320.1669 14 1.0
384.2 320.2432 14 1.0
384.3 320.3196 14 1.0
384.4 320.3959 14 1.0
384.5 320.4722 14 1.0
384.6 320.5485 14 1.0
384.7 320.6249 14 1.0
384.8 320.7012 14 1.0
384.9 320.7775 14 1.0
385.0 320.8538 14 1.0
385.1 320.9301 14 1.0
385.2 321.0065 14 1.0
385.3 321.0828 14 1.0
385.4 321.1591 14 1.0
385.5 321.2354 14 1.0
385.6 321.3117 14 1.0
385.7 321.3881 14 1.0
385.8 321.4644 14 1.0
385.9 321.5407 14 1.0
386.0 321.617 14 1.0
386.1 321.6934 14 1.0
386.2 321.7697 14 1.0
386.3 321.846 14 1.0
386.4 321.9223 14 1.0
386.5 321.9986 14 1.0
386.6 322.075 14 1.0
386.7 322.1513 14 1.0
386.8 322.2276 14 1.0
386.9 322.3039 14 1.0
387.0 322.3802 14 1.0
387.1 322.4566 14 1.0
387.2 322.5329 14 1.0
387.3 322.6092 14 1.0
387.4 322.6855 14 1.0
387.5 322.7618 14 1.0
387.6 322.8382 14 1.0
387.7 322.9145 14 1.0
387.8 322.9908 14 1.0
387.9 323.0671 14 1.0
388.0 323.1435 14 1.0
388.1 323.2198 14 1.0
388.2 323.2961 14 1.0
388.3 323.3724 14 1.0
388.4 323.4487 14 1.0
388.5 323.5251 14 1.0
388.6 323.6014 14 1.0
388.7 323.6777 14 1.0
388.8 323.754 14 1.0
388.9 323.8303 14 1.0
389.0 323.9067 14 1.0
389.1 323.983 14 1.0
389.2 324.0593 14 1.0
389.3 324.1356 14 1.0
389.4 324.212 14 1.0
389.5 324.2883 14 1.0
389.6 324.3646 14 1.0
389.7 324.4409 14 1.0
389.8 324.5172 14 1.0
389.9 324.5936 14 1.0
390.0 324.6699 14 1.0
390.1 324.7462 14 1.0
390.2 324.8225 14 1.0
390.3 324.8988 14 1.0
390.4 324.9752 14 1.0
390.5 325.0515 14 1.0
390.6 325.1278 14 1.0
390.7 325.2041 14 1.0
390.8 325.2805 14 1.0
390.9 325.3568 14 1.0
391.0 325.4331 14 1.0
391.1 325.5094 14 1.0
391.2 325.5857 14 1.0
391.3 325.6621 14 1.0
391.4 325.7384 14 1.0
391.5 325.8147 14 1.0
391.6 325.891 14 1.0
391.7 325.9673 14 1.0
391.8 326.0437 14 1.0
391.9 326.12 14 1.0
392.0 326.1963 14 1.0
392.1 326.2726 14 1.0
392.2 326.349 14 1.0
392.3 326.4253 14 1.0
392.4 326.5016 14 1.0
392.5 326.5779 14 1.0
392.6 326.6542 14 1.0
392.7 326.7306 14 1.0
392.8 326.8069 14 1.0
392.9 326.8832 14 1.0
393.0 326.9595 14 1.0
393.1 327.0358 14 1.0
393.2 327.1122 14 1.0
393.3 327.1885 14 1.0
393.4 327.2648 14 1.0
393.5 327.3411 14 1.0
393.6 327.4174 14 1.0
393.7 327.4938 14 1.0
393.8 327.5701 14 1.0
393.9 327.6464 14 1.0
394.0 327.7227 14 1.0
394.1 327.7991 14 1.0
394.2 327.8754 14 1.0
394.3 327.9517 14 1.0
394.4 328.028 14 1.0
394.5 328.1043 14 1.0
394.6 328.1807 14 1.0
394.7 328.257 14 1.0
394.8 328.3333 14 1.0
394.9 328.4096 14 1.0
395.0 328.4859 14 1.0
395.1 328.5623 14 1.0
395.2 328.6386 14 1.0
395.3 328.7149 14 1.0
395.4 328.7912 14 1.0
395.5 328.8676 14 1.0
395.6 328.9439 14 1.0
395.7 329.0202 14 1.0
395.8 329.0965 14 1.0
395.9 329.1728 14 1.0
396.0 329.2492 14 1.0
396.1 329.3255 14 1.0
396.2 329.4018 14 1.0
396.3 329.4781 14 1.0
396.4 329.5544 14 1.0
396.5 329.6308 14 1.0
396.6 329.7071 14 1.0
396.7 329.7834 14 1.0
396.8 329.8597 14 1.0
396.9 329.9361 14 1.0
397.0 330.0124 14 1.0
397.1 330.0887 14 1.0
397.2 330.165 14 1.0
397.3 330.2413 14 1.0
397.4 330.3177 14 1.0
397.5 330.394 14 1.0
397.6 330.4703 14 1.0
397.7 330.5466 14 1.0
397.8 330.6229 14 1.0
397.9 330.6993 14 1.0
398.0 330.7756 14 1.0
398.1 330.8519 14 1.0
398.2 330.9282 14 1.0
398.3 331.0046 14 1.0
398.4 331.0809 14 1.0
398.5 331.1572 14 1.0
398.6 331.2335 14 1.0
398.7 331.3098 14 1.0
398.8 331.3862 14 1.0
398.9 331.4625 14 1.0
399.0 331.5388 14 1.0
399.1 331.6151 14 1.0
399.2 331.6914 14 1.0
399.3 331.7678 14 1.0
399.4 331.8441 14 1.0
399.5 331.9204 14 1.0
399.6 331.9967 14 1.0
399.7 332.073 14 1.0
399.8 332.1494 14 1.0
399.9 332.2257 14 1.0
400.0 332.2939 14 1.0
400.1 332.3622 14 1.0
400.2 332.4304 14 1.0
400.3 332.4987 14 1.0
400.4 332.567 14 1.0
400.5 332.6352 14 1.0
400.6 332.7035 14 1.0
400.7 332.7717 14 1.0
400.8 332.84 14 1.0
400.9 332.9082 14 1.0
401.0 332.9765 14 1.0
401.1 333.0447 14 1.0
401.2 333.113 14 1.0
401.3 333.1812 14 1.0
401.4 333.2495 14 1.0
401.5 333.3177 14 1.0
401.6 333.386 14 1.0
401.7 333.4542 14 1.0
401.8 333.5225 14 1.0
401.9 333.5907 14 1.0
402.0 333.659 14 1.0
402.1 333.7272 14 1.0
402.2 333.7955 14 1.0
402.3 333.8637 14 1.0
402.4 333.932 14 1.0
402.5 334.0003 14 1.0
402.6 334.0685 14 1.0
402.7 334.1368 14 1.0
402.8 334.205 14 1.0
402.9 334.2733 14 1.0
403.0 334.3415 14 1.0
403.1 334.4098 14 1.0
403.2 334.478 14 1.0
403.3 334.5463 14 1.0
403.4 334.6145 14 1.0
403.5 334.6828 14 1.0
403.6 334.751 14 1.0
403.7 334.8193 14 1.0
403.8 334.8875 14 1.0
403.9 334.9558 14 1.0
404.0 335.024 14 1.0
404.1 335.0923 14 1.0
404.2 335.1605 14 1.0
404.3 335.2288 14 1.0
404.4 335.297 14 1.0
404.5 335.3653 14 1.0
404.6 335.4335 14 1.0
404.7 335.5018 14 1.0
404.8 335.5701 14 1.0
404.9 335.6383 14 1.0
405.0 335.7066 14 1.0
405.1 335.7748 14 1.0
405.2 335.8431 14 1.0
405.3 335.9113 14 1.0
405.4 335.9796 14 1.0
405.5 336.0478 14 1.0
405.6 336.1161 14 1.0
405.7 336.1843 14 1.0
405.8 336.2526 14 1.0
405.9 336.3208 14 1.0
406.0 336.3891 14 1.0
406.1 336.4573 14 1.0
406.2 336.5256 14 1.0
406.3 336.5938 14 1.0
406.4 336.6621 14 1.0
406.5 336.7303 14 1.0
406.6 336.7986 14 1.0
406.7 336.8668 14 1.0
406.8 336.9351 14 1.0
406.9 337.0034 14 1.0
407.0 337.0716 14 1.0
407.1 337.1399 14 1.0
407.2 337.2081 14 1.0
407.3 337.2764 14 1.0
407.4 337.3446 14 1.0
407.5 337.4129 14 1.0
407.6 337.4811 14 1.0
407.7 337.5494 14 1.0
407.8 337.6176 14 1.0
407.9 337.6859 14 1.0
408.0 337.7541 14 1.0
408.1 337.8224 14 1.0
408.2 337.8906 14 1.0
408.3 337.9589 14 1.0
408.4 338.0271 14 1.0
408.5 338.0954 14 1.0
408.6 338.1636 14 1.0
408.7 338.2319 14 1.0
408.8 338.3001 14 1.0
408.9 338.3684 14 1.0
409.0 338.4367 14 1.0
409.1 338.5049 14 1.0
409.2 338.5732 14 1.0
409.3 338.6414 14 1.0
409.4 338.7097 14 1.0
409.5 338.7779 14 1.0
409.6 338.8462 14 1.0
409.7 338.9144 14 1.0
409.8 338.9827 14 1.0
409.9 339.0509 14 1.0
410.0 339.1192 14 1.0
410.1 339.1874 14 1.0
410.2 339.2557 14 1.0
410.3 339.3239 14 1.0
410.4 339.3922 14 1.0
410.5 339.4604 14 1.0
410.6 339.5287 14 1.0
410.7 339.5969 14 1.0
410.8 339.6652 14 1.0
410.9 339.7334 14 1.0
411.0 339.8017 14 1.0
411.1 339.8699 14 1.0
411.2 339.9382 14 1.0
411.3 340.0065 14 1.0
411.4 340.0747 14 1.0
411.5 340.143 14 1.0
411.6 340.2112 14 1.0
411.7 340.2795 14 1.0
411.8 340.3477 14 1.0
411.9 340.416 14 1.0
412.0 340.4842 14 1.0
412.1 340.5525 14 1.0
412.2 340.6207 14 1.0
412.3 340.689 14 1.0
412.4 340.7572 14 1.0
412.5 340.8255 14 1.0
412.6 340.8937 14 1.0
412.7 340.962 14 1.0
412.8 341.0302 14 1.0
412.9 341.0985 14 1.0
413.0 341.1667 14 1.0
413.1 341.235 14 1.0
413.2 341.3032 14 1.0
413.3 341.3715 14 1.0
413.4 341.4398 14 1.0
413.5 341.508 14 1.0
413.6 341.5763 14 1.0
413.7 341.6445 14 1.0
413.8 341.7128 14 1.0
413.9 341.781 14 1.0
414.0 341.8493 14 1.0
414.1 341.9175 14 1.0
414.2 341.9858 14 1.0
414.3 342.054 14 1.0
414.4 342.1223 14 1.0
414.5 342.1905 14 1.0
414.6 342.2588 14 1.0
414.7 342.327 14 1.0
414.8 342.3953 14 1.0
414.9 342.4635 14 1.0
415.0 342.5318 14 1.0
415.1 342.6 14 1.0
415.2 342.6683 14 1.0
415.3 342.7365 14 1.0
415.4 342.8048 14 1.0
415.5 342.8731 14 1.0
415.6 342.9413 14 1.0
415.7 343.0096 14 1.0
415.8 343.0778 14 1.0
415.9 343.1461 14 1.0
416.0 343.2143 14 1.0
416.1 343.2826 14 1.0
416.2 343.3508 14 1.0
416.3 343.4191 14 1.0
416.4 343.4873 14 1.0
416.5 343.5556 14 1.0
416.6 343.6238 14 1.0
416.7 343.6921 14 1.0
416.8 343.7603 14 1.0
416.9 343.8286 14 1.0
417.0 343.8968 14 1.0
417.1 343.9651 14 1.0
417.2 344.0333 14 1.0
417.3 344.1016 14 1.0
417.4 344.1698 14 1.0
417.5 344.2381 14 1.0
417.6 344.3063 14 1.0
417.7 344.3746 14 1.0
417.8 344.4429 14 1.0
417.9 344.5111 14 1.0
418.0 344.5794 14 1.0
418.1 344.6476 14 1.0
418.2 344.7159 14 1.0
418.3 344.7841 14 1.0
418.4 344.8524 14 1.0
418.5 344.9206 14 1.0
418.6 344.9889 14 1.0
418.7 345.0571 14 1.0
418.8 345.1254 14 1.0
418.9 345.1936 14 1.0
419.0 345.2619 14 1.0
419.1 345.3301 14 1.0
419.2 345.3984 14 1.0
419.3 345.4666 14 1.0
419.4 345.5349 14 1.0
419.5 345.6031 14 1.0
419.6 345.6714 14 1.0
419.7 345.7396 14 1.0
419.8 345.8079 14 1.0
419.9 345.8762 14 1.0
420.0 345.9444 14 1.0
420.1 346.0127 14 1.0
420.2 346.0809 14 1.0
420.3 346.1492 14 1.0
420.4 346.2174 14 1.0
420.5 346.2857 14 1.0
420.6 346.3539 14 1.0
420.7 346.4222 14 1.0
420.8 346.4904 14 1.0
420.9 346.5587 14 1.0
421.0 346.6269 14 1.0
421.1 346.6952 14 1.0
421.2 346.7634 14 1.0
421.3 346.8317 14 1.0
421.4 346.8999 14 1.0
421.5 346.9682 14 1.0
421.6 347.0364 14 1.0
421.7 347.1047 14 1.0
421.8 347.1729 14 1.0
421.9 347.2412 14 1.0
422.0 347.3095 14 1.0
422.1 347.3777 14 1.0
422.2 347.446 14 1.0
422.3 347.5142 14 1.0
422.4 347.5825 14 1.0
422.5 347.6507 14 1.0
422.6 347.719 14 1.0
422.7 347.7872 14 1.0
422.8 347.8555 14 1.0
422.9 347.9237 14 1.0
423.0 347.992 14 1.0
423.1 348.0602 14 1.0
423.2 348.1285 14 1.0
423.3 348.1967 14 1.0
423.4 348.265 14 1.0
423.5 348.3332 14 1.0
423.6 348.4015 14 1.0
423.7 348.4697 14 1.0
423.8 348.538 14 1.0
423.9 348.6062 14 1.0
424.0 348.6745 14 1.0
424.1 348.7427 14 1.0
424.2 348.811 14 1.0
424.3 348.8793 14 1.0
424.4 348.9475 14 1.0
424.5 349.0158 14 1.0
424.6 349.084 14 1.0
424.7 349.1523 14 1.0
424.8 349.2205 14 1.0
424.9 349.2888 14 1.0
425.0 349.357 14 1.0
425.1 349.4253 14 1.0
425.2 349.4935 14 1.0
425.3 349.5618 14 1.0
425.4 349.63 14 1.0
425.5 349.6983 14 1.0
425.6 349.7665 14 1.0
425.7 349.8348 14 1.0
425.8 349.903 14 1.0
425.9 349.9713 14 1.0
426.0 350.0395 14 1.0
426.1 350.1078 14 1.0
426.2 350.176 14 1.0
426.3 350.2443 14 1.0
426.4 350.3126 14 1.0
426.5 350.3808 14 1.0
426.6 350.4491 14 1.0
426.7 350.5173 14 1.0
426.8 350.5856 14 1.0
426.9 350.6538 14 1.0
427.0 350.7221 14 1.0
427.1 350.7903 14 1.0
427.2 350.8586 14 1.0
427.3 350.9268 14 1.0
427.4 350.9951 14 1.0
427.5 351.0633 14 1.0
427.6 351.1316 14 1.0
427.7 351.1998 14 1.0
427.8 351.2681 14 1.0
427.9 351.3363 14 1.0
428.0 351.4046 14 1.0
428.1 351.4728 14 1.0
428.2 351.5411 14 1.0
428.3 351.6093 14 1.0
428.4 351.6776 14 1.0
428.5 351.7459 14 1.0
428.6 351.8141 14 1.0
428.7 351.8824 14 1.0
428.8 351.9506 14 1.0
428.9 352.0189 14 1.0
429.0 352.0871 14 1.0
429.1 352.1554 14 1.0
429.2 352.2236 14 1.0
429.3 352.2919 14 1.0
429.4 352.3601 14 1.0
429.5 352.4284 14 1.0
429.6 352.4966 14 1.0
429.7 352.5649 14 1.0
429.8 352.6331 14 1.0
429.9 352.7014 14 1.0
430.0 352.7696 14 1.0
430.1 352.8379 14 1.0
430.2 352.9061 14 1.0
430.3 352.9744 14 1.0
430.4 353.0426 14 1.0
430.5 353.1109 14 1.0
430.6 353.1791 14 1.0
430.7 353.2474 14 1.0
430.8 353.3157 14 1.0
430.9 353.3839 14 1.0
431.0 353.4522 14 1.0
431.1 353.5204 14 1.0
431.2 353.5887 14 1.0
431.3 353.6569 14 1.0
431.4 353.7252 14 1.0
431.5 353.7934 14 1.0
431.6 353.8617 14 1.0
431.7 353.9299 14 1.0
431.8 353.9982 14 1.0
431.9 354.0664 14 1.0
432.0 354.1347 14 1.0
432.1 354.2029 14 1.0
432.2 354.2712 14 1.0
432.3 354.3394 14 1.0
432.4 354.4077 14 1.0
432.5 354.4759 14 1.0
432.6 354.5442 14 1.0
432.7 354.6124 14 1.0
432.8 354.6807 14 1.0
432.9 354.749 14 1.0
433.0 354.8172 14 1.0
433.1 354.8855 14 1.0
433.2 354.9537 14 1.0
433.3 355.022 14 1.0
433.4 355.0902 14 1.0
433.5 355.1585 14 1.0
433.6 355.2267 14 1.0
433.7 355.295 14 1.0
433.8 355.3632 14 1.0
433.9 355.4315 14 1.0
434.0 355.4997 14 1.0
434.1 355.568 14 1.0
434.2 355.6362 14 1.0
434.3 355.7045 14 1.0
434.4 355.7727 14 1.0
434.5 355.841 14 1.0
434.6 355.9092 14 1.0
434.7 355.9775 14 1.0
434.8 356.0457 14 1.0
434.9 356.114 14 1.0
435.0 356.1822 14 1.0
435.1 356.2505 14 1.0
435.2 356.3188 14 1.0
435.3 356.387 14 1.0
435.4 356.4553 14 1.0
435.5 356.5235 14 1.0
435.6 356.5918 14 1.0
435.7 356.66 14 1.0
435.8 356.7283 14 1.0
435.9 356.7965 14 1.0
436.0 356.8648 14 1.0
436.1 356.933 14 1.0
436.2 357.0013 14 1.0
436.3 357.0695 14 1.0
436.4 357.1378 14 1.0
436.5 357.206 14 1.0
436.6 357.2743 14 1.0
436.7 357.3425 14 1.0
436.8 357.4108 14 1.0
436.9 357.479 14 1.0
437.0 357.5473 14 1.0
437.1 357.6155 14 1.0
437.2 357.6838 14 1.0
437.3 357.7521 14 1.0
437.4 357.8203 14 1.0
437.5 357.8886 14 1.0
437.6 357.9568 14 1.0
437.7 358.0251 14 1.0
437.8 358.0933 14 1.0
437.9 358.1616 14 1.0
438.0 358.2298 14 1.0
438.1 358.2981 14 1.0
438.2 358.3663 14 1.0
438.3 358.4346 14 1.0
438.4 358.5028 14 1.0
438.5 358.5711 14 1.0
438.6 358.6393 14 1.0
438.7 358.7076 14 1.0
438.8 358.7758 14 1.0
438.9 358.8441 14 1.0
439.0 358.9123 14 1.0
439.1 358.9806 14 1.0
439.2 359.0488 14 1.0
439.3 359.1171 14 1.0
439.4 359.1854 14 1.0
439.5 359.2536 14 1.0
439.6 359.3219 14 1.0
439.7 359.3901 14 1.0
439.8 359.4584 14 1.0
439.9 359.5266 14 1.0
440.0 359.5949 14 1.0
440.1 359.6631 14 1.0
440.2 359.7314 14 1.0
440.3 359.7996 14 1.0
440.4 359.8679 14 1.0
440.5 359.9361 14 1.0
440.6 360.0044 14 1.0
440.7 360.0726 14 1.0
440.8 360.1409 14 1.0
440.9 360.2091 14 1.0
441.0 360.2774 14 1.0
441.1 360.3456 14 1.0
441.2 360.4139 14 1.0
441.3 360.4821 14 1.0
441.4 360.5504 14 1.0
441.5 360.6186 14 1.0
441.6 360.6869 14 1.0
441.7 360.7552 14 1.0
441.8 360.8234 14 1.0
441.9 360.8917 14 1.0
442.0 360.9599 14 1.0
442.1 361.0282 14 1.0
442.2 361.0964 14 1.0
442.3 361.1647 14 1.0
442.4 361.2329 14 1.0
442.5 361.3012 14 1.0
442.6 361.3694 14 1.0
442.7 361.4377 14 1.0
442.8 361.5059 14 1.0
442.9 361.5742 14 1.0
443.0 361.6424 14 1.0
443.1 361.7107 14 1.0
443.2 361.7789 14 1.0
443.3 361.8472 14 1.0
443.4 361.9154 14 1.0
443.5 361.9837 14 1.0
443.6 362.0519 14 1.0
443.7 362.1202 14 1.0
443.8 362.1885 14 1.0
443.9 362.2567 14 1.0
444.0 362.325 14 1.0
444.1 362.3932 14 1.0
444.2 362.4615 14 1.0
444.3 362.5297 14 1.0
444.4 362.598 14 1.0
444.5 362.6662 14 1.0
444.6 362.7345 14 1.0
444.7 362.8027 14 1.0
444.8 362.871 14 1.0
444.9 362.9392 14 1.0
445.0 363.0075 14 1.0
445.1 363.0757 14 1.0
445.2 363.144 14 1.0
445.3 363.2122 14 1.0
445.4 363.2805 14 1.0
445.5 363.3487 14 1.0
445.6 363.417 14 1.0
445.7 363.4852 14 1.0
445.8 363.5535 14 1.0
445.9 363.6218 14 1.0
446.0 363.69 14 1.0
446.1 363.7583 14 1.0
446.2 363.8265 14 1.0
446.3 363.8948 14 1.0
446.4 363.963 14 1.0
446.5 364.0313 14 1.0
446.6 364.0995 14 1.0
446.7 364.1678 14 1.0
446.8 364.236 14 1.0
446.9 364.3043 14 1.0
447.0 364.3725 14 1.0
447.1 364.4408 14 1.0
447.2 364.509 14 1.0
447.3 364.5773 14 1.0
447.4 364.6455 14 1.0
447.5 364.7138 14 1.0
447.6 364.782 14 1.0
447.7 364.8503 14 1.0
447.8 364.9185 14 1.0
447.9 364.9868 14 1.0
448.0 365.055 14 1.0
448.1 365.1233 14 1.0
448.2 365.1916 14 1.0
448.3 365.2598 14 1.0
448.4 365.3281 14 1.0
448.5 365.3963 14 1.0
448.6 365.4646 14 1.0
448.7 365.5328 14 1.0
448.8 365.6011 14 1.0
448.9 365.6693 14 1.0
449.0 365.7376 14 1.0
449.1 365.8058 14 1.0
449.2 365.8741 14 1.0
449.3 365.9423 14 1.0
449.4 366.0106 14 1.0
449.5 366.0788 14 1.0
449.6 366.1471 14 1.0
449.7 366.2153 14 1.0
449.8 366.2836 14 1.0
449.9 366.3518 14 1.0
