15.0 1.515407 13 0.03886880849665586
15.1 1.529012 13 0.03978777855934856
15.2 1.542595 13 0.04069905031837029
15.3 1.556156 13 0.04159294806557179
15.4 1.569694 13 0.04247646882894884
15.5 1.583209 13 0.04335007980521355
15.6 1.596703 13 0.0442115751703136
15.7 1.610175 13 0.045054608993677636
15.8 1.623625 13 0.045891994490468546
15.9 1.637053 13 0.04671474774728035
16.0 1.674527 13 0.04634320332274755
16.1 1.725193 13 0.0503052904829806
16.2 1.776254 13 0.054272618653850024
16.3 1.827703 13 0.05825051500843703
16.4 1.879534 13 0.06223066942752642
16.5 1.931739 13 0.06621759604980404
16.6 1.984312 13 0.07021106717139936
16.7 2.037246 13 0.07420997699466125
16.8 2.090534 13 0.07821382436209623
16.9 2.14417 13 0.08222498956976876
17.0 2.198148 13 0.08623865079338056
17.1 2.252461 13 0.0902605554024678
17.2 2.307103 13 0.09428601453308472
17.3 2.362069 13 0.0983196563898131
17.4 2.417352 13 0.1023561329959336
17.5 2.472947 13 0.10639357480514133
17.6 2.528848 13 0.11044301379283994
17.7 2.586218 13 0.11449043831735062
17.8 2.66486 13 0.1185462840068564
17.9 2.744388 13 0.12260710332620928
18.0 2.824802 13 0.12667001689870938
18.1 2.917757 13 0.13143405242186534
18.2 3.011739 14 0.13619608494716962
18.3 3.106746 14 0.1409702659310914
18.4 3.20278 14 0.14574504421308299
18.5 3.29984 14 0.15052542783556044
18.6 3.397927 14 0.1553089190663962
18.7 3.49704 14 0.16009725137643227
18.8 3.597179 14 0.16488880853371912
18.9 3.698345 14 0.16968578182687455
19.0 3.800536 14 0.1744871172269522
19.1 3.903755 14 0.179290955586077
19.2 4.007999 14 0.18410038766098946
19.3 4.11327 14 0.18891423544334873
19.4 4.219567 14 0.19372928817396806
19.5 4.32689 14 0.19854939958673334
19.6 4.43524 14 0.20337254535211768
19.7 4.544616 14 0.20820068631909705
19.8 4.655019 14 0.21303083731303196
19.9 4.766447 14 0.21786496642860964
20.0 4.878902 14 0.22270024084065487
20.1 4.996518 14 0.22776335295921324
20.2 5.115204 14 0.2328264006234424
20.3 5.234962 14 0.2378955991349061
20.4 5.35579 14 0.24296442183018352
20.5 5.47769 14 0.24803851227810314
20.6 5.60066 14 0.2531144872331641
20.7 5.724701 14 0.2581952200134018
20.8 5.849814 14 0.2632782498600714
20.9 5.975997 14 0.2683659556767498
21.0 6.103251 14 0.2734549152012098
21.1 6.231576 14 0.2785480591419893
21.2 6.360972 14 0.283641542253262
21.3 6.491439 14 0.2887391960150094
21.4 6.622977 14 0.2938423587177188
21.5 6.755586 14 0.29894433463996983
21.6 6.889265 14 0.3040517876621335
21.7 7.024016 14 0.3091620097199762
21.8 7.159838 14 0.31427289747969245
21.9 7.29673 14 0.3193888001927886
22.0 7.434694 14 0.32450519673223854
22.1 7.58589 14 0.33021239843052475
22.2 7.738274 14 0.3359225189672902
22.3 7.891845 14 0.34163477866333947
22.4 8.046604 14 0.3473527340061333
22.5 8.202551 14 0.353070823269096
22.6 8.425761 14 0.3588828248847369
22.7 8.583484 14 0.3646046032964698
22.8 8.742395 14 0.3703274086158165
22.9 8.902493 14 0.37605827845963535
23.0 9.063779 14 0.3817847833093939
23.1 9.226252 14 0.38751746247082863
23.2 9.389913 14 0.39324944420716024
23.3 9.554762 14 0.398987349612127
23.4 9.720798 14 0.40472326290403315
23.5 9.888022 14 0.410466333614958
23.6 10.05643 14 0.4162067882088506
23.7 10.22603 14 0.4219534065339131
23.8 10.39682 14 0.4276992407146929
23.9 10.56879 14 0.4334499171331001
24.0 10.74196 14 0.4391999752824495
24.1 10.92155 14 0.4451940696318508
24.2 11.10238 14 0.4511870863112636
24.3 11.28444 14 0.4571840495405647
24.4 11.46773 14 0.463181077461721
24.5 11.65225 14 0.4691831799113818
24.6 11.838 14 0.47518364058575424
24.7 12.02498 14 0.48118782060332255
24.8 12.2132 14 0.48719488522157206
24.9 12.40264 14 0.49320142153290913
25.0 12.59332 14 0.49921172900584554
25.1 12.78523 14 0.5052234008357441
25.2 12.97837 14 0.5112373890992197
25.3 13.17274 14 0.5172524164493141
25.4 13.36834 14 0.5232696973566595
25.5 13.56518 14 0.5292879329478093
25.6 13.76324 14 0.5353083993501719
25.7 13.96254 14 0.5413314497616104
25.8 14.16307 14 0.5473554491065573
25.9 14.36483 14 0.553381602609818
26.0 14.56782 14 0.5594111543450064
26.1 14.7775 14 0.5656567177664669
26.2 14.98847 14 0.5719026267386569
26.3 15.2007 14 0.5781523901909937
26.4 15.41422 14 0.5844057015086265
26.5 15.62901 14 0.590656495927102
26.6 15.84509 14 0.596912337546309
26.7 16.06244 14 0.6031673674861835
26.8 16.28106 14 0.6094252807630691
26.9 16.50097 14 0.6156857877871553
27.0 16.72215 14 0.6219456326223556
27.1 16.94461 14 0.6282088136653858
27.2 17.16835 14 0.634472231472308
27.3 17.39336 14 0.6407358700241181
27.4 17.61966 14 0.6470029305120946
27.5 17.84723 14 0.6532707011308775
27.6 18.07607 14 0.6595408364883297
27.7 18.3062 14 0.6658122542559917
27.8 18.5376 14 0.6720840105478092
27.9 18.77028 14 0.6783583987294053
28.0 19.00424 14 0.6846330979428923
28.1 19.23772 14 0.6908394901500854
28.2 19.47245 14 0.697046574764754
28.3 19.70846 14 0.703255161991535
28.4 19.94573 14 0.7094658658658659
28.5 20.18426 14 0.7156764461074977
28.6 20.42406 14 0.7218895514300177
28.7 20.66513 14 0.7281036675025039
28.8 20.90746 14 0.7343194779234523
28.9 21.15105 14 0.7405354582635336
29.0 21.39591 14 0.7467520663263139
29.1 21.64204 14 0.7529723171942209
29.2 21.88943 14 0.7591921290219488
29.3 22.13809 14 0.7654135448694899
29.4 22.38801 14 0.7716350655826851
29.5 22.6392 14 0.7778596912642622
29.6 22.89166 14 0.784085015248549
29.7 23.14538 14 0.7903102333779792
29.8 23.40036 14 0.7965371366247678
29.9 23.65661 14 0.802765225066196
30.0 23.91413 14 0.8089947964337774
30.1 24.18228 14 0.8155705548460803
30.2 24.45176 14 0.8221476363953033
30.3 24.72257 14 0.8287261911607787
30.4 24.9947 14 0.8353056306141824
30.5 25.26816 14 0.8418866705198629
30.6 25.54294 14 0.8484683119148848
30.7 25.81905 14 0.8550510500089465
30.8 26.09649 14 0.8616347628735204
30.9 26.37526 14 0.8682199410465059
31.0 26.65535 14 0.8748053786270347
31.1 26.93677 14 0.8813924283370164
31.2 27.21951 14 0.8879805614374077
31.3 27.50358 14 0.8945693684410183
31.4 27.78898 14 0.9011593010211184
31.5 28.0757 14 0.9077503167240784
31.6 28.36375 14 0.9143420480220043
31.7 28.65313 14 0.920934865599576
31.8 28.94383 14 0.9275285850128719
31.9 29.23586 14 0.9341233495378468
32.0 29.52921 14 0.9407190036488932
32.1 29.8239 14 0.947315414130253
32.2 30.11991 14 0.9539130291120628
32.3 30.41724 14 0.9605115083129462
32.4 30.7159 14 0.9671108380452403
32.5 31.01589 14 0.9737109751029238
32.6 31.3172 14 0.9803119990417282
32.7 31.61985 14 0.9869139308538628
32.8 31.92381 14 0.9935167464114832
32.9 32.22532 14 1.0
33.0 32.32373 14 1.0
33.1 32.42214 14 1.0
33.2 32.52055 14 1.0
33.3 32.61896 14 1.0
33.4 32.71737 14 1.0
33.5 32.81578 14 1.0
33.6 32.91419 14 1.0
33.7 33.0126 14 1.0
33.8 33.11101 14 1.0
33.9 33.20942 14 1.0
34.0 33.30783 14 1.0
34.1 33.40624 14 1.0
34.2 33.50465 14 1.0
34.3 33.60306 14 1.0
34.4 33.70147 14 1.0
34.5 33.79988 14 1.0
34.6 33.89829 14 1.0
34.7 33.9967 14 1.0
34.8 34.09511 14 1.0
34.9 34.19352 14 1.0
35.0 34.29193 14 1.0
35.1 34.39063 14 1.0
35.2 34.48933 14 1.0
35.3 34.58802 14 1.0
35.4 34.68672 14 1.0
35.5 34.78542 14 1.0
35.6 34.88411 14 1.0
35.7 34.98281 14 1.0
35.8 35.08151 14 1.0
35.9 35.18021 14 1.0
36.0 35.2789 14 1.0
36.1 35.3776 14 1.0
36.2 35.4763 14 1.0
36.3 35.57499 14 1.0
36.4 35.67369 14 1.0
36.5 35.77239 14 1.0
36.6 35.87108 14 1.0
36.7 35.96978 14 1.0
36.8 36.06848 14 1.0
36.9 36.16717 14 1.0
37.0 36.26587 14 1.0
37.1 36.36457 14 1.0
37.2 36.46327 14 1.0
37.3 36.56196 14 1.0
37.4 36.66066 14 1.0
37.5 36.75936 14 1.0
37.6 36.85805 14 1.0
37.7 36.95675 14 1.0
37.8 37.05545 14 1.0
37.9 37.15414 14 1.0
38.0 37.25284 14 1.0
38.1 37.35154 14 1.0
38.2 37.45024 14 1.0
38.3 37.54893 14 1.0
38.4 37.64763 14 1.0
38.5 37.74633 14 1.0
38.6 37.84502 14 1.0
38.7 37.94372 14 1.0
38.8 38.04242 14 1.0
38.9 38.14111 14 1.0
39.0 38.23981 14 1.0
39.1 38.33851 14 1.0
39.2 38.4372 14 1.0
39.3 38.5359 14 1.0
39.4 38.6346 14 1.0
39.5 38.7333 14 1.0
39.6 38.83199 14 1.0
39.7 38.93069 14 1.0
39.8 39.02939 14 1.0
39.9 39.12808 14 1.0
40.0 39.22678 14 1.0
40.1 39.3231 14 1.0
40.2 39.41942 14 1.0
40.3 39.51573 14 1.0
40.4 39.61205 14 1.0
40.5 39.70837 14 1.0
40.6 39.80469 14 1.0
40.7 39.90101 14 1.0
40.8 39.99732 14 1.0
40.9 40.09364 14 1.0
41.0 40.18996 14 1.0
41.1 40.28628 14 1.0
41.2 40.38259 14 1.0
41.3 40.47891 14 1.0
41.4 40.57523 14 1.0
41.5 40.67155 14 1.0
41.6 40.76787 14 1.0
41.7 40.86418 14 1.0
41.8 40.9605 14 1.0
41.9 41.05682 14 1.0
42.0 41.15314 14 1.0
42.1 41.24946 14 1.0
42.2 41.34577 14 1.0
42.3 41.44209 14 1.0
42.4 41.53841 14 1.0
42.5 41.63473 14 1.0
42.6 41.73105 14 1.0
42.7 41.82736 14 1.0
42.8 41.92368 14 1.0
42.9 42.02 14 1.0
43.0 42.11632 14 1.0
43.1 42.21264 14 1.0
43.2 42.30895 14 1.0
43.3 42.40527 14 1.0
43.4 42.50159 14 1.0
43.5 42.59791 14 1.0
43.6 42.69422 14 1.0
43.7 42.79054 14 1.0
43.8 42.88686 14 1.0
43.9 42.98318 14 1.0
44.0 43.0795 14 1.0
44.1 43.17581 14 1.0
44.2 43.27213 14 1.0
44.3 43.36845 14 1.0
44.4 43.46477 14 1.0
44.5 43.56109 14 1.0
44.6 43.6574 14 1.0
44.7 43.75372 14 1.0
44.8 43.85004 14 1.0
44.9 43.94636 14 1.0
45.0 44.04268 14 1.0
45.1 44.13899 14 1.0
45.2 44.23531 14 1.0
45.3 44.33163 14 1.0
45.4 44.42795 14 1.0
45.5 44.52426 14 1.0
45.6 44.62058 14 1.0
45.7 44.7169 14 1.0
45.8 44.81322 14 1.0
45.9 44.90954 14 1.0
46.0 45.00585 14 1.0
46.1 45.10217 14 1.0
46.2 45.19849 14 1.0
46.3 45.29481 14 1.0
46.4 45.39113 14 1.0
46.5 45.48744 14 1.0
46.6 45.58376 14 1.0
46.7 45.68008 14 1.0
46.8 45.7764 14 1.0
46.9 45.87272 14 1.0
47.0 45.96903 14 1.0
47.1 46.06535 14 1.0
47.2 46.16167 14 1.0
47.3 46.25799 14 1.0
47.4 46.35431 14 1.0
47.5 46.45062 14 1.0
47.6 46.54694 14 1.0
47.7 46.64326 14 1.0
47.8 46.73958 14 1.0
47.9 46.83589 14 1.0
48.0 46.93221 14 1.0
48.1 47.02853 14 1.0
48.2 47.12485 14 1.0
48.3 47.22117 14 1.0
48.4 47.31748 14 1.0
48.5 47.4138 14 1.0
48.6 47.51012 14 1.0
48.7 47.60644 14 1.0
48.8 47.70276 14 1.0
48.9 47.79907 14 1.0
49.0 47.89539 14 1.0
49.1 47.99171 14 1.0
49.2 48.08803 14 1.0
49.3 48.18435 14 1.0
49.4 48.28066 14 1.0
49.5 48.37698 14 1.0
49.6 48.4733 14 1.0
49.7 48.56962 14 1.0
49.8 48.66594 14 1.0
49.9 48.76225 14 1.0
50.0 48.85857 14 1.0
50.1 48.95105 14 1.0
50.2 49.04353 14 1.0
50.3 49.13602 14 1.0
50.4 49.2285 14 1.0
50.5 49.32098 14 1.0
50.6 49.41346 14 1.0
50.7 49.50594 14 1.0
50.8 49.59843 14 1.0
50.9 49.69091 14 1.0
51.0 49.78339 14 1.0
51.1 49.87587 14 1.0
51.2 49.96835 14 1.0
51.3 50.06084 14 1.0
51.4 50.15332 14 1.0
51.5 50.2458 14 1.0
51.6 50.33828 14 1.0
51.7 50.43076 14 1.0
51.8 50.52325 14 1.0
51.9 50.61573 14 1.0
52.0 50.70821 14 1.0
52.1 50.80069 14 1.0
52.2 50.89317 14 1.0
52.3 50.98566 14 1.0
52.4 51.07814 14 1.0
52.5 51.17062 14 1.0
52.6 51.2631 14 1.0
52.7 51.35558 14 1.0
52.8 51.44807 14 1.0
52.9 51.54055 14 1.0
53.0 51.63303 14 1.0
53.1 51.72551 14 1.0
53.2 51.81799 14 1.0
53.3 51.91048 14 1.0
53.4 52.00296 14 1.0
53.5 52.09544 14 1.0
53.6 52.18792 14 1.0
53.7 52.2804 14 1.0
53.8 52.37289 14 1.0
53.9 52.46537 14 1.0
54.0 52.55785 14 1.0
54.1 52.65033 14 1.0
54.2 52.74281 14 1.0
54.3 52.8353 14 1.0
54.4 52.92778 14 1.0
54.5 53.02026 14 1.0
54.6 53.11274 14 1.0
54.7 53.20522 14 1.0
54.8 53.2977 14 1.0
54.9 53.39019 14 1.0
55.0 53.48267 14 1.0
55.1 53.57515 14 1.0
55.2 53.66763 14 1.0
55.3 53.76011 14 1.0
55.4 53.8526 14 1.0
55.5 53.94508 14 1.0
55.6 54.03756 14 1.0
55.7 54.13004 14 1.0
55.8 54.22252 14 1.0
55.9 54.31501 14 1.0
56.0 54.40749 14 1.0
56.1 54.49997 14 1.0
56.2 54.59245 14 1.0
56.3 54.68493 14 1.0
56.4 54.77742 14 1.0
56.5 54.8699 14 1.0
56.6 54.96238 14 1.0
56.7 55.05486 14 1.0
56.8 55.14734 14 1.0
56.9 55.23983 14 1.0
57.0 55.33231 14 1.0
57.1 55.42479 14 1.0
57.2 55.51727 14 1.0
57.3 55.60975 14 1.0
57.4 55.70224 14 1.0
57.5 55.79472 14 1.0
57.6 55.8872 14 1.0
57.7 55.97968 14 1.0
57.8 56.07216 14 1.0
57.9 56.16465 14 1.0
58.0 56.25713 14 1.0
58.1 56.34961 14 1.0
58.2 56.44209 14 1.0
58.3 56.53457 14 1.0
58.4 56.62706 14 1.0
58.5 56.71954 14 1.0
58.6 56.81202 14 1.0
58.7 56.9045 14 1.0
58.8 56.99698 14 1.0
58.9 57.08947 14 1.0
59.0 57.18195 14 1.0
59.1 57.27443 14 1.0
59.2 57.36691 14 1.0
59.3 57.45939 14 1.0
59.4 57.55187 14 1.0
59.5 57.64436 14 1.0
59.6 57.73684 14 1.0
59.7 57.82932 14 1.0
59.8 57.9218 14 1.0
59.9 58.01428 14 1.0
60.0 58.10677 14 1.0
60.1 58.20093 14 1.0
60.2 58.29509 14 1.0
60.3 58.38926 14 1.0
60.4 58.48342 14 1.0
60.5 58.57758 14 1.0
60.6 58.67175 14 1.0
60.7 58.76591 14 1.0
60.8 58.86007 14 1.0
60.9 58.95424 14 1.0
61.0 59.0484 14 1.0
61.1 59.14257 14 1.0
61.2 59.23673 14 1.0
61.3 59.33089 14 1.0
61.4 59.42506 14 1.0
61.5 59.51922 14 1.0
61.6 59.61338 14 1.0
61.7 59.70755 14 1.0
61.8 59.80171 14 1.0
61.9 59.89587 14 1.0
62.0 59.99004 14 1.0
62.1 60.0842 14 1.0
62.2 60.17836 14 1.0
62.3 60.18038 14 1.0
62.4 59.86545 14 1.0
62.5 59.54946 14 1.0
62.6 59.23239 14 1.0
62.7 58.91425 14 1.0
62.8 58.59504 14 1.0
62.9 58.27475 14 1.0
63.0 57.9534 14 1.0
63.1 57.63098 14 1.0
63.2 57.30748 14 1.0
63.3 56.98291 14 1.0
63.4 56.65728 14 1.0
63.5 56.33057 14 1.0
63.6 56.00279 14 1.0
63.7 55.67394 14 1.0
63.8 55.34402 14 1.0
63.9 55.01302 14 1.0
64.0 54.68096 14 1.0
64.1 54.34783 14 1.0
64.2 54.01362 14 1.0
64.3 53.67834 14 1.0
64.4 53.34199 14 1.0
64.5 53.00458 14 1.0
64.6 52.66608 14 1.0
64.7 52.32652 14 1.0
64.8 51.98589 14 1.0
64.9 51.64419 14 1.0
65.0 51.30141 14 1.0
65.1 50.95757 14 1.0
65.2 50.61265 14 1.0
65.3 50.26666 14 1.0
65.4 49.9196 14 1.0
65.5 49.57147 14 1.0
65.6 49.22227 14 1.0
65.7 48.872 14 1.0
65.8 48.52066 14 1.0
65.9 48.16824 14 1.0
66.0 47.81476 14 1.0
66.1 47.4602 14 1.0
66.2 47.10458 14 1.0
66.3 46.74788 14 1.0
66.4 46.39011 14 1.0
66.5 46.03127 14 1.0
66.6 45.67136 14 1.0
66.7 45.31037 14 1.0
66.8 44.94832 14 1.0
66.9 44.58519 14 1.0
67.0 44.221 14 1.0
67.1 43.85573 14 1.0
67.2 43.48939 14 1.0
67.3 43.12198 14 1.0
67.4 42.7535 14 1.0
67.5 42.38395 14 1.0
67.6 42.01333 14 1.0
67.7 41.64164 14 1.0
67.8 41.26887 14 1.0
67.9 40.89504 14 1.0
68.0 40.52013 14 1.0
68.1 40.14415 14 1.0
68.2 39.76711 14 1.0
68.3 39.38899 14 1.0
68.4 39.00979 14 1.0
68.5 38.62953 14 1.0
68.6 38.2482 14 1.0
68.7 37.8658 14 1.0
68.8 37.48232 14 1.0
68.9 37.09777 14 1.0
69.0 36.71216 14 1.0
69.1 36.32547 14 1.0
69.2 35.93771 14 1.0
69.3 35.54888 14 1.0
69.4 35.15898 14 1.0
69.5 34.76801 14 1.0
69.6 34.37596 14 1.0
69.7 33.98285 14 1.0
69.8 33.58866 14 1.0
69.9 33.1934 14 1.0
70.0 32.79708 14 1.0
70.1 32.39673 14 1.0
70.2 31.9955 14 1.0
70.3 31.59339 14 1.0
70.4 31.1904 14 1.0
70.5 31.16997 14 1.0
70.6 31.21985 14 1.0
70.7 31.26973 14 1.0
70.8 31.3196 14 1.0
70.9 31.36948 14 1.0
71.0 31.41936 14 1.0
71.1 31.46924 14 1.0
71.2 31.51912 14 1.0
71.3 31.569 14 1.0
71.4 31.61888 14 1.0
71.5 31.66876 14 1.0
71.6 31.71864 14 1.0
71.7 31.76852 14 1.0
71.8 31.8184 14 1.0
71.9 31.86828 14 1.0
72.0 31.91816 14 1.0
72.1 31.96804 14 1.0
72.2 32.01792 14 1.0
72.3 32.0678 14 1.0
72.4 32.11768 14 1.0
72.5 32.16756 14 1.0
72.6 32.21744 14 1.0
72.7 32.26732 14 1.0
72.8 32.3172 14 1.0
72.9 32.36708 14 1.0
73.0 32.41696 14 1.0
73.1 32.46684 14 1.0
73.2 32.51672 14 1.0
73.3 32.5666 14 1.0
73.4 32.61648 14 1.0
73.5 32.66636 14 1.0
73.6 32.71624 14 1.0
73.7 32.76612 14 1.0
73.8 32.816 14 1.0
73.9 32.86588 14 1.0
74.0 32.91576 14 1.0
74.1 32.96564 14 1.0
74.2 33.01552 14 1.0
74.3 33.0654 14 1.0
74.4 33.11528 14 1.0
74.5 33.16516 14 1.0
74.6 33.21504 14 1.0
74.7 33.26491 14 1.0
74.8 33.31479 14 1.0
74.9 33.36467 14 1.0
75.0 33.41455 14 1.0
75.1 33.46443 14 1.0
75.2 33.51431 14 1.0
75.3 33.56419 14 1.0
75.4 33.61407 14 1.0
75.5 33.66395 14 1.0
75.6 33.71383 14 1.0
75.7 33.76371 14 1.0
75.8 33.81359 14 1.0
75.9 33.86347 14 1.0
76.0 33.91335 14 1.0
76.1 33.96323 14 1.0
76.2 34.01311 14 1.0
76.3 34.06299 14 1.0
76.4 34.11287 14 1.0
76.5 34.16275 14 1.0
76.6 34.21263 14 1.0
76.7 34.26251 14 1.0
76.8 34.31239 14 1.0
76.9 34.36227 14 1.0
77.0 34.41215 14 1.0
77.1 34.46203 14 1.0
77.2 34.51191 14 1.0
77.3 34.56179 14 1.0
77.4 34.61167 14 1.0
77.5 34.66155 14 1.0
77.6 34.71143 14 1.0
77.7 34.76131 14 1.0
77.8 34.81119 14 1.0
77.9 34.86107 14 1.0
78.0 34.91095 14 1.0
78.1 34.96083 14 1.0
78.2 35.01071 14 1.0
78.3 35.06059 14 1.0
78.4 35.11047 14 1.0
78.5 35.16035 14 1.0
78.6 35.21022 14 1.0
78.7 35.2601 14 1.0
78.8 35.30998 14 1.0
78.9 35.35986 14 1.0
79.0 35.40974 14 1.0
79.1 35.45962 14 1.0
79.2 35.5095 14 1.0
79.3 35.55938 14 1.0
79.4 35.60926 14 1.0
79.5 35.65914 14 1.0
79.6 35.70902 14 1.0
79.7 35.7589 14 1.0
79.8 35.80878 14 1.0
79.9 35.85866 14 1.0
80.0 35.90854 14 1.0
80.1 35.89549 14 1.0
80.2 35.88245 14 1.0
80.3 35.8694 14 1.0
80.4 35.85636 14 1.0
80.5 35.84331 14 1.0
80.6 35.83026 14 1.0
80.7 35.81722 14 1.0
80.8 35.80417 14 1.0
80.9 35.79113 14 1.0
81.0 35.77808 14 1.0
81.1 35.76503 14 1.0
81.2 35.75199 14 1.0
81.3 35.73894 14 1.0
81.4 35.72589 14 1.0
81.5 35.71285 14 1.0
81.6 35.6998 14 1.0
81.7 35.68676 14 1.0
81.8 35.67371 14 1.0
81.9 35.66066 14 1.0
82.0 35.64762 14 1.0
82.1 35.63457 14 1.0
82.2 35.62152 14 1.0
82.3 35.60848 14 1.0
82.4 35.59543 14 1.0
82.5 35.58239 14 1.0
82.6 35.56934 14 1.0
82.7 35.55629 14 1.0
82.8 35.54325 14 1.0
82.9 35.5302 14 1.0
83.0 35.51716 14 1.0
83.1 35.50411 14 1.0
83.2 35.49106 14 1.0
83.3 35.47802 14 1.0
83.4 35.46497 14 1.0
83.5 35.45192 14 1.0
83.6 35.43888 14 1.0
83.7 35.42583 14 1.0
83.8 35.41279 14 1.0
83.9 35.39974 14 1.0
84.0 35.38669 14 1.0
84.1 35.37365 14 1.0
84.2 35.3606 14 1.0
84.3 35.34755 14 1.0
84.4 35.33451 14 1.0
84.5 35.32146 14 1.0
84.6 35.30842 14 1.0
84.7 35.29537 14 1.0
84.8 35.28232 14 1.0
84.9 35.26928 14 1.0
85.0 35.25623 14 1.0
85.1 35.24319 14 1.0
85.2 35.23014 14 1.0
85.3 35.21709 14 1.0
85.4 35.20405 14 1.0
85.5 35.191 14 1.0
85.6 35.17795 14 1.0
85.7 35.16491 14 1.0
85.8 35.15186 14 1.0
85.9 35.13882 14 1.0
86.0 35.12577 14 1.0
86.1 35.11272 14 1.0
86.2 35.09968 14 1.0
86.3 35.08663 14 1.0
86.4 35.07358 14 1.0
86.5 35.06054 14 1.0
86.6 35.04749 14 1.0
86.7 35.03445 14 1.0
86.8 35.0214 14 1.0
86.9 35.00835 14 1.0
87.0 34.99531 14 1.0
87.1 34.98226 14 1.0
87.2 34.96921 14 1.0
87.3 34.95617 14 1.0
87.4 34.94312 14 1.0
87.5 34.93008 14 1.0
87.6 34.91703 14 1.0
87.7 34.90398 14 1.0
87.8 34.89094 14 1.0
87.9 34.87789 14 1.0
88.0 34.86485 14 1.0
88.1 34.8518 14 1.0
88.2 34.83875 14 1.0
88.3 34.82571 14 1.0
88.4 34.81266 14 1.0
88.5 34.79961 14 1.0
88.6 34.78657 14 1.0
88.7 34.77352 14 1.0
88.8 34.76048 14 1.0
88.9 34.74743 14 1.0
89.0 34.73438 14 1.0
89.1 34.72134 14 1.0
89.2 34.70829 14 1.0
89.3 34.69524 14 1.0
89.4 34.6822 14 1.0
89.5 34.66915 14 1.0
89.6 34.65611 14 1.0
89.7 34.64306 14 1.0
89.8 34.63001 14 1.0
89.9 34.61697 14 1.0
90.0 34.60392 14 1.0
90.1 34.56907 14 1.0
90.2 34.53422 14 1.0
90.3 34.49936 14 1.0
90.4 34.46451 14 1.0
90.5 34.42966 14 1.0
90.6 34.39481 14 1.0
90.7 34.35996 14 1.0
90.8 34.3251 14 1.0
90.9 34.29025 14 1.0
91.0 34.2554 14 1.0
91.1 34.22055 14 1.0
91.2 34.18569 14 1.0
91.3 34.15084 14 1.0
91.4 34.11599 14 1.0
91.5 34.08114 14 1.0
91.6 34.04628 14 1.0
91.7 34.01143 14 1.0
91.8 33.97658 14 1.0
91.9 33.94173 14 1.0
92.0 33.90687 14 1.0
92.1 33.87202 14 1.0
92.2 33.83717 14 1.0
92.3 33.80232 14 1.0
92.4 33.76747 14 1.0
92.5 33.73261 14 1.0
92.6 33.69776 14 1.0
92.7 33.66291 14 1.0
92.8 33.62806 14 1.0
92.9 33.5932 14 1.0
93.0 33.55835 14 1.0
93.1 33.5235 14 1.0
93.2 33.48865 14 1.0
93.3 33.45379 14 1.0
93.4 33.41894 14 1.0
93.5 33.38409 14 1.0
93.6 33.34924 14 1.0
93.7 33.31438 14 1.0
93.8 33.27953 14 1.0
93.9 33.24468 14 1.0
94.0 33.20983 14 1.0
94.1 33.5915 14 1.0
94.2 34.26619 14 1.0
94.3 34.94379 14 1.0
94.4 35.62429 14 1.0
94.5 36.30769 14 1.0
94.6 36.994 14 1.0
94.7 37.68321 14 1.0
94.8 38.37533 14 1.0
94.9 39.07034 14 1.0
95.0 39.76827 14 1.0
95.1 40.46909 14 1.0
95.2 41.17283 14 1.0
95.3 41.87946 14 1.0
95.4 42.589 14 1.0
95.5 43.30144 14 1.0
95.6 44.01679 14 1.0
95.7 44.73504 14 1.0
95.8 45.45619 14 1.0
95.9 46.18025 14 1.0
96.0 46.90721 14 1.0
96.1 47.63707 14 1.0
96.2 48.36984 14 1.0
96.3 49.10552 14 1.0
96.4 49.84409 14 1.0
96.5 50.58557 14 1.0
96.6 51.32996 14 1.0
96.7 52.07724 14 1.0
96.8 52.82744 14 1.0
96.9 53.58053 14 1.0
97.0 54.33653 14 1.0
97.1 55.09543 14 1.0
97.2 55.85724 14 1.0
97.3 56.62195 14 1.0
97.4 57.38957 14 1.0
97.5 58.16008 14 1.0
97.6 58.93351 14 1.0
97.7 59.70983 14 1.0
97.8 60.48906 14 1.0
97.9 61.2712 14 1.0
98.0 62.05623 14 1.0
98.1 62.84417 14 1.0
98.2 63.63502 14 1.0
98.3 64.42877 14 1.0
98.4 65.22542 14 1.0
98.5 66.02498 14 1.0
98.6 66.82744 14 1.0
98.7 67.6328 14 1.0
98.8 68.44107 14 1.0
98.9 69.25224 14 1.0
99.0 70.06632 14 1.0
99.1 70.8833 14 1.0
99.2 71.70318 14 1.0
99.3 72.52597 14 1.0
99.4 73.35166 14 1.0
99.5 74.18025 14 1.0
99.6 75.01175 14 1.0
99.7 75.84615 14 1.0
99.8 76.68346 14 1.0
99.9 77.52367 14 1.0
100.0 78.36678 14 1.0
100.1 76.55447 14 1.0
100.2 74.74339 14 1.0
100.3 72.93354 14 1.0
100.4 71.1249 14 1.0
100.5 69.3175 14 1.0
100.6 67.51132 14 1.0
100.7 65.70636 14 1.0
100.8 63.90263 14 1.0
100.9 62.10013 14 1.0
101.0 60.29885 14 1.0
101.1 58.49879 14 1.0
101.2 56.69996 14 1.0
101.3 54.90236 14 1.0
101.4 53.10598 14 1.0
101.5 51.31083 14 1.0
101.6 49.5169 14 1.0
101.7 47.7242 14 1.0
101.8 45.93272 14 1.0
101.9 44.14247 14 1.0
102.0 42.35344 14 1.0
102.1 40.56564 14 1.0
102.2 38.77906 14 1.0
102.3 36.99371 14 1.0
102.4 35.20958 14 1.0
102.5 33.92352 14 1.0
102.6 34.03571 14 1.0
102.7 34.1479 14 1.0
102.8 34.2601 14 1.0
102.9 34.37229 14 1.0
103.0 34.48448 14 1.0
103.1 34.59667 14 1.0
103.2 34.70887 14 1.0
103.3 34.82106 14 1.0
103.4 34.93325 14 1.0
103.5 35.04545 14 1.0
103.6 35.15764 14 1.0
103.7 35.26983 14 1.0
103.8 35.38203 14 1.0
103.9 35.49422 14 1.0
104.0 35.60641 14 1.0
104.1 35.71861 14 1.0
104.2 35.8308 14 1.0
104.3 35.94299 14 1.0
104.4 36.05519 14 1.0
104.5 36.16738 14 1.0
104.6 36.27957 14 1.0
104.7 36.39176 14 1.0
104.8 36.50396 14 1.0
104.9 36.61615 14 1.0
105.0 36.72834 14 1.0
105.1 36.84054 14 1.0
105.2 36.95273 14 1.0
105.3 37.06492 14 1.0
105.4 37.17712 14 1.0
105.5 37.28931 14 1.0
105.6 37.4015 14 1.0
105.7 37.5137 14 1.0
105.8 37.62589 14 1.0
105.9 37.73808 14 1.0
106.0 37.85027 14 1.0
106.1 37.96247 14 1.0
106.2 38.07466 14 1.0
106.3 38.18685 14 1.0
106.4 38.29905 14 1.0
106.5 38.41124 14 1.0
106.6 38.52343 14 1.0
106.7 38.63563 14 1.0
106.8 38.74782 14 1.0
106.9 38.86001 14 1.0
107.0 38.97221 14 1.0
107.1 39.0844 14 1.0
107.2 39.19659 14 1.0
107.3 39.30879 14 1.0
107.4 39.42098 14 1.0
107.5 39.53317 14 1.0
107.6 39.64536 14 1.0
107.7 39.75756 14 1.0
107.8 39.86975 14 1.0
107.9 39.98194 14 1.0
108.0 40.09414 14 1.0
108.1 40.20633 14 1.0
108.2 40.31852 14 1.0
108.3 40.43072 14 1.0
108.4 40.54291 14 1.0
108.5 40.6551 14 1.0
108.6 40.7673 14 1.0
108.7 40.87949 14 1.0
108.8 40.99168 14 1.0
108.9 41.10388 14 1.0
109.0 41.21607 14 1.0
109.1 41.32826 14 1.0
109.2 41.44045 14 1.0
109.3 41.55265 14 1.0
109.4 41.66484 14 1.0
109.5 41.77703 14 1.0
109.6 41.88923 14 1.0
109.7 42.00142 14 1.0
109.8 42.11361 14 1.0
109.9 42.22581 14 1.0
110.0 42.338 14 1.0
110.1 42.38454 14 1.0
110.2 42.43108 14 1.0
110.3 42.47762 14 1.0
110.4 42.52416 14 1.0
110.5 42.5707 14 1.0
110.6 42.61724 14 1.0
110.7 42.66378 14 1.0
110.8 42.71032 14 1.0
110.9 42.75686 14 1.0
111.0 42.8034 14 1.0
111.1 42.84994 14 1.0
111.2 42.89648 14 1.0
111.3 42.94302 14 1.0
111.4 42.98956 14 1.0
111.5 43.0361 14 1.0
111.6 43.08264 14 1.0
111.7 43.12918 14 1.0
111.8 43.17573 14 1.0
111.9 43.22227 14 1.0
112.0 43.26881 14 1.0
112.1 43.31535 14 1.0
112.2 43.36189 14 1.0
112.3 43.40843 14 1.0
112.4 43.45497 14 1.0
112.5 43.50151 14 1.0
112.6 43.54805 14 1.0
112.7 43.59459 14 1.0
112.8 43.64113 14 1.0
112.9 43.68767 14 1.0
113.0 43.73421 14 1.0
113.1 43.78075 14 1.0
113.2 43.82729 14 1.0
113.3 43.87383 14 1.0
113.4 43.92037 14 1.0
113.5 43.96691 14 1.0
113.6 44.01345 14 1.0
113.7 44.05999 14 1.0
113.8 44.10653 14 1.0
113.9 44.15307 14 1.0
114.0 44.19961 14 1.0
114.1 44.24615 14 1.0
114.2 44.29269 14 1.0
114.3 44.33923 14 1.0
114.4 44.38577 14 1.0
114.5 44.43231 14 1.0
114.6 44.47885 14 1.0
114.7 44.52539 14 1.0
114.8 44.57193 14 1.0
114.9 44.61847 14 1.0
115.0 44.66501 14 1.0
115.1 44.71155 14 1.0
115.2 44.7581 14 1.0
115.3 44.80464 14 1.0
115.4 44.85118 14 1.0
115.5 44.89772 14 1.0
115.6 44.94426 14 1.0
115.7 44.9908 14 1.0
115.8 45.03734 14 1.0
115.9 45.08388 14 1.0
116.0 45.13042 14 1.0
116.1 45.17696 14 1.0
116.2 45.2235 14 1.0
116.3 45.27004 14 1.0
116.4 45.31658 14 1.0
116.5 45.36312 14 1.0
116.6 45.40966 14 1.0
116.7 45.4562 14 1.0
116.8 45.50274 14 1.0
116.9 45.54928 14 1.0
117.0 45.59582 14 1.0
117.1 45.64236 14 1.0
117.2 45.6889 14 1.0
117.3 45.73544 14 1.0
117.4 45.78198 14 1.0
117.5 45.82852 14 1.0
117.6 45.87506 14 1.0
117.7 45.9216 14 1.0
117.8 45.96814 14 1.0
117.9 46.01468 14 1.0
118.0 46.06122 14 1.0
118.1 46.10776 14 1.0
118.2 46.1543 14 1.0
118.3 46.20084 14 1.0
118.4 46.24738 14 1.0
118.5 46.29393 14 1.0
118.6 46.34047 14 1.0
118.7 46.38701 14 1.0
118.8 46.43355 14 1.0
118.9 46.48009 14 1.0
119.0 46.52663 14 1.0
119.1 46.57317 14 1.0
119.2 46.61971 14 1.0
119.3 46.66625 14 1.0
119.4 46.71279 14 1.0
119.5 46.75933 14 1.0
119.6 46.80587 14 1.0
119.7 46.85241 14 1.0
119.8 46.89895 14 1.0
119.9 46.94549 14 1.0
120.0 46.99203 14 1.0
120.1 47.02698 14 1.0
120.2 47.06192 14 1.0
120.3 47.09687 14 1.0
120.4 47.13181 14 1.0
120.5 47.16676 14 1.0
120.6 47.20171 14 1.0
120.7 47.23665 14 1.0
120.8 47.2716 14 1.0
120.9 47.30655 14 1.0
121.0 47.34149 14 1.0
121.1 47.37644 14 1.0
121.2 47.41138 14 1.0
121.3 47.44633 14 1.0
121.4 47.48128 14 1.0
121.5 47.51622 14 1.0
121.6 47.55117 14 1.0
121.7 47.58611 14 1.0
121.8 47.62106 14 1.0
121.9 47.65601 14 1.0
122.0 47.69095 14 1.0
122.1 47.7259 14 1.0
122.2 47.76085 14 1.0
122.3 47.79579 14 1.0
122.4 47.83074 14 1.0
122.5 47.86568 14 1.0
122.6 47.90063 14 1.0
122.7 47.93558 14 1.0
122.8 47.97052 14 1.0
122.9 48.00547 14 1.0
123.0 48.04042 14 1.0
123.1 48.07536 14 1.0
123.2 48.11031 14 1.0
123.3 48.14525 14 1.0
123.4 48.1802 14 1.0
123.5 48.21515 14 1.0
123.6 48.25009 14 1.0
123.7 48.28504 14 1.0
123.8 48.31999 14 1.0
123.9 48.35493 14 1.0
124.0 48.38988 14 1.0
124.1 48.42482 14 1.0
124.2 48.45977 14 1.0
124.3 48.49472 14 1.0
124.4 48.52966 14 1.0
124.5 48.56461 14 1.0
124.6 48.59955 14 1.0
124.7 48.6345 14 1.0
124.8 48.66945 14 1.0
124.9 48.70439 14 1.0
125.0 48.73934 14 1.0
125.1 48.77429 14 1.0
125.2 48.80923 14 1.0
125.3 48.84418 14 1.0
125.4 48.87912 14 1.0
125.5 48.91407 14 1.0
125.6 48.94902 14 1.0
125.7 48.98396 14 1.0
125.8 49.01891 14 1.0
125.9 49.05386 14 1.0
126.0 49.0888 14 1.0
126.1 49.12375 14 1.0
126.2 49.15869 14 1.0
126.3 49.19364 14 1.0
126.4 49.22859 14 1.0
126.5 49.26353 14 1.0
126.6 49.29848 14 1.0
126.7 49.33342 14 1.0
126.8 49.36837 14 1.0
126.9 49.40332 14 1.0
127.0 49.43826 14 1.0
127.1 49.47321 14 1.0
127.2 49.50816 14 1.0
127.3 49.5431 14 1.0
127.4 49.57805 14 1.0
127.5 49.61299 14 1.0
127.6 49.64794 14 1.0
127.7 49.68289 14 1.0
127.8 49.71783 14 1.0
127.9 49.75278 14 1.0
128.0 49.78773 14 1.0
128.1 49.82267 14 1.0
128.2 49.85762 14 1.0
128.3 49.89256 14 1.0
128.4 49.92751 14 1.0
128.5 49.96246 14 1.0
128.6 49.9974 14 1.0
128.7 50.03235 14 1.0
128.8 50.0673 14 1.0
128.9 50.10224 14 1.0
129.0 50.13719 14 1.0
129.1 50.17213 14 1.0
129.2 50.20708 14 1.0
129.3 50.24203 14 1.0
129.4 50.27697 14 1.0
129.5 50.31192 14 1.0
129.6 50.34686 14 1.0
129.7 50.38181 14 1.0
129.8 50.41676 14 1.0
129.9 50.4517 14 1.0
130.0 50.48665 14 1.0
130.1 50.53043 14 1.0
130.2 50.5742 14 1.0
130.3 50.61798 14 1.0
130.4 50.66176 14 1.0
130.5 50.70553 14 1.0
130.6 50.74931 14 1.0
130.7 50.79309 14 1.0
130.8 50.83686 14 1.0
130.9 50.88064 14 1.0
131.0 50.92442 14 1.0
131.1 50.96819 14 1.0
131.2 51.01197 14 1.0
131.3 51.05575 14 1.0
131.4 51.09952 14 1.0
131.5 51.1433 14 1.0
131.6 51.18708 14 1.0
131.7 51.23086 14 1.0
131.8 51.27463 14 1.0
131.9 51.31841 14 1.0
132.0 51.36219 14 1.0
132.1 51.40596 14 1.0
132.2 51.44974 14 1.0
132.3 51.49352 14 1.0
132.4 51.53729 14 1.0
132.5 51.58107 14 1.0
132.6 51.62485 14 1.0
132.7 51.66862 14 1.0
132.8 51.7124 14 1.0
132.9 51.75618 14 1.0
133.0 51.79995 14 1.0
133.1 51.84373 14 1.0
133.2 51.88751 14 1.0
133.3 51.93128 14 1.0
133.4 51.97506 14 1.0
133.5 52.01884 14 1.0
133.6 52.06261 14 1.0
133.7 52.10639 14 1.0
133.8 52.15017 14 1.0
133.9 51.94333 14 1.0
134.0 51.31716 14 1.0
134.1 50.68987 14 1.0
134.2 50.06148 14 1.0
134.3 49.43197 14 1.0
134.4 48.80135 14 1.0
134.5 48.16961 14 1.0
134.6 47.53677 14 1.0
134.7 46.90281 14 1.0
134.8 46.26774 14 1.0
134.9 45.63156 14 1.0
135.0 44.99427 14 1.0
135.1 44.35586 14 1.0
135.2 43.71634 14 1.0
135.3 43.07572 14 1.0
135.4 42.43398 14 1.0
135.5 41.79112 14 1.0
135.6 41.14716 14 1.0
135.7 40.50208 14 1.0
135.8 39.8559 14 1.0
135.9 39.2086 14 1.0
136.0 38.56018 14 1.0
136.1 37.91066 14 1.0
136.2 37.26002 14 1.0
136.3 36.60828 14 1.0
136.4 35.95542 14 1.0
136.5 35.30145 14 1.0
136.6 34.64636 14 1.0
136.7 33.99017 14 1.0
136.8 33.33286 14 1.0
136.9 32.67444 14 1.0
137.0 32.01491 14 1.0
137.1 31.35427 14 1.0
137.2 30.69251 14 1.0
137.3 30.02965 14 1.0
137.4 29.36567 14 1.0
137.5 28.70058 14 1.0
137.6 28.03438 14 1.0
137.7 27.36706 14 1.0
137.8 26.69864 14 1.0
137.9 26.0291 14 1.0
138.0 25.35845 14 1.0
138.1 24.68669 14 1.0
138.2 24.01382 14 1.0
138.3 23.33983 14 1.0
138.4 22.66473 14 1.0
138.5 21.98853 14 1.0
138.6 21.3112 14 1.0
138.7 20.63277 14 1.0
138.8 19.95323 14 1.0
138.9 19.27257 14 1.0
139.0 18.5908 14 1.0
139.1 17.90792 14 1.0
139.2 17.22393 14 1.0
139.3 16.53883 14 1.0
139.4 15.85261 14 1.0
139.5 15.16528 14 1.0
139.6 14.47684 14 1.0
139.7 13.78729 14 1.0
139.8 13.09663 14 1.0
139.9 12.40485 14 1.0
140.0 11.71196 14 1.0
140.1 13.20384 14 1.0
140.2 14.6922 14 1.0
140.3 16.17706 14 1.0
140.4 17.65841 14 1.0
140.5 19.13626 14 1.0
140.6 20.6106 14 1.0
140.7 22.08143 14 1.0
140.8 23.54876 14 1.0
140.9 25.01258 14 1.0
141.0 26.4729 14 1.0
141.1 27.92971 14 1.0
141.2 29.38302 14 1.0
141.3 30.83281 14 1.0
141.4 32.27911 14 1.0
141.5 33.72189 14 1.0
141.6 35.16117 14 1.0
141.7 36.59695 14 1.0
141.8 38.02922 14 1.0
141.9 39.45798 14 1.0
142.0 40.88323 14 1.0
142.1 42.30498 14 1.0
142.2 43.72323 14 1.0
142.3 45.13797 14 1.0
142.4 46.5492 14 1.0
142.5 47.95692 14 1.0
142.6 49.36114 14 1.0
142.7 50.76186 14 1.0
142.8 52.15907 14 1.0
142.9 52.99768 14 1.0
143.0 52.93331 14 1.0
143.1 52.86894 14 1.0
143.2 52.80457 14 1.0
143.3 52.74021 14 1.0
143.4 52.67584 14 1.0
143.5 52.61147 14 1.0
143.6 52.5471 14 1.0
143.7 52.48274 14 1.0
143.8 52.41837 14 1.0
143.9 52.354 14 1.0
144.0 52.28963 14 1.0
144.1 52.22527 14 1.0
144.2 52.1609 14 1.0
144.3 52.09653 14 1.0
144.4 52.03216 14 1.0
144.5 51.9678 14 1.0
144.6 51.90343 14 1.0
144.7 51.83906 14 1.0
144.8 51.77469 14 1.0
144.9 51.71033 14 1.0
145.0 51.64596 14 1.0
145.1 51.58159 14 1.0
145.2 51.51723 14 1.0
145.3 51.45286 14 1.0
145.4 51.38849 14 1.0
145.5 51.32412 14 1.0
145.6 51.25976 14 1.0
145.7 51.19539 14 1.0
145.8 51.13102 14 1.0
145.9 51.06665 14 1.0
146.0 51.00229 14 1.0
146.1 50.93792 14 1.0
146.2 50.87355 14 1.0
146.3 50.80918 14 1.0
146.4 50.74482 14 1.0
146.5 50.68045 14 1.0
146.6 50.61608 14 1.0
146.7 50.55171 14 1.0
146.8 50.48735 14 1.0
146.9 50.42298 14 1.0
147.0 50.35861 14 1.0
147.1 50.29424 14 1.0
147.2 50.22988 14 1.0
147.3 50.16551 14 1.0
147.4 50.10114 14 1.0
147.5 50.03678 14 1.0
147.6 49.97241 14 1.0
147.7 49.90804 14 1.0
147.8 49.84367 14 1.0
147.9 49.77931 14 1.0
148.0 49.71494 14 1.0
148.1 49.65057 14 1.0
148.2 49.5862 14 1.0
148.3 49.52184 14 1.0
148.4 49.45747 14 1.0
148.5 49.3931 14 1.0
148.6 49.32873 14 1.0
148.7 49.26437 14 1.0
148.8 49.2 14 1.0
148.9 49.13563 14 1.0
149.0 49.07126 14 1.0
149.1 49.00781 14 1.0
149.2 48.97147 14 1.0
149.3 48.93503 14 1.0
149.4 48.89858 14 1.0
149.5 48.86214 14 1.0
149.6 48.8257 14 1.0
149.7 48.78923 14 1.0
149.8 48.75284 14 1.0
149.9 48.71639 14 1.0
150.0 48.67997 14 1.0
150.1 48.74251 14 1.0
150.2 48.80505 14 1.0
150.3 48.8676 14 1.0
150.4 48.93014 14 1.0
150.5 48.99268 14 1.0
150.6 49.05522 14 1.0
150.7 49.11776 14 1.0
150.8 49.18031 14 1.0
150.9 49.24284 14 1.0
151.0 49.30539 14 1.0
151.1 49.36793 14 1.0
151.2 49.43047 14 1.0
151.3 49.49301 14 1.0
151.4 49.55555 14 1.0
151.5 49.61809 14 1.0
151.6 49.68064 14 1.0
151.7 49.74318 14 1.0
151.8 49.80572 14 1.0
151.9 49.86826 14 1.0
152.0 49.9308 14 1.0
152.1 49.99334 14 1.0
152.2 50.05588 14 1.0
152.3 50.11843 14 1.0
152.4 50.18097 14 1.0
152.5 50.24351 14 1.0
152.6 50.30605 14 1.0
152.7 50.36859 14 1.0
152.8 50.43113 14 1.0
152.9 50.49367 14 1.0
153.0 50.55622 14 1.0
153.1 50.61876 14 1.0
153.2 50.6813 14 1.0
153.3 50.74385 14 1.0
153.4 50.80639 14 1.0
153.5 50.86893 14 1.0
153.6 50.93147 14 1.0
153.7 50.99401 14 1.0
153.8 51.05655 14 1.0
153.9 51.11909 14 1.0
154.0 51.18163 14 1.0
154.1 51.24418 14 1.0
154.2 51.30672 14 1.0
154.3 51.36926 14 1.0
154.4 51.4318 14 1.0
154.5 51.49434 14 1.0
154.6 51.55688 14 1.0
154.7 51.61942 14 1.0
154.8 51.68654 14 1.0
154.9 51.75444 14 1.0
155.0 51.82233 14 1.0
155.1 51.89023 14 1.0
155.2 51.95812 14 1.0
155.3 52.02602 14 1.0
155.4 52.09391 14 1.0
155.5 52.16181 14 1.0
155.6 52.2297 14 1.0
155.7 52.2976 14 1.0
155.8 52.36549 14 1.0
155.9 52.43339 14 1.0
156.0 52.50128 14 1.0
156.1 52.56918 14 1.0
156.2 52.63707 14 1.0
156.3 52.70497 14 1.0
156.4 52.77286 14 1.0
156.5 52.84076 14 1.0
156.6 52.90865 14 1.0
156.7 52.97655 14 1.0
156.8 53.04444 14 1.0
156.9 53.11234 14 1.0
157.0 53.18023 14 1.0
157.1 53.24813 14 1.0
157.2 53.31602 14 1.0
157.3 53.38392 14 1.0
157.4 53.45181 14 1.0
157.5 53.51971 14 1.0
157.6 53.5876 14 1.0
157.7 53.6555 14 1.0
157.8 53.72339 14 1.0
157.9 53.79129 14 1.0
158.0 53.85918 14 1.0
158.1 53.92707 14 1.0
158.2 53.99497 14 1.0
158.3 54.06286 14 1.0
158.4 54.13076 14 1.0
158.5 54.19865 14 1.0
158.6 54.26655 14 1.0
158.7 54.33444 14 1.0
158.8 54.40234 14 1.0
158.9 54.47023 14 1.0
159.0 54.20485 14 1.0
159.1 53.07832 14 1.0
159.2 51.94885 14 1.0
159.3 50.81643 14 1.0
159.4 49.68108 14 1.0
159.5 48.54278 14 1.0
159.6 47.40153 14 1.0
159.7 46.25735 14 1.0
159.8 45.11022 14 1.0
159.9 43.96015 14 1.0
160.0 42.80714 14 1.0
160.1 41.65119 14 1.0
160.2 40.49229 14 1.0
160.3 39.33046 14 1.0
160.4 38.16568 14 1.0
160.5 36.99795 14 1.0
160.6 35.82729 14 1.0
160.7 34.65368 14 1.0
160.8 33.47713 14 1.0
160.9 32.29764 14 1.0
161.0 31.11521 14 1.0
161.1 29.92983 14 1.0
161.2 28.74151 14 1.0
161.3 27.55025 14 1.0
161.4 26.35605 14 1.0
161.5 25.15891 14 1.0
161.6 23.95882 14 1.0
161.7 22.75579 14 1.0
161.8 21.54982 14 1.0
161.9 20.34091 14 1.0
162.0 19.12905 14 1.0
162.1 17.91425 14 1.0
162.2 16.69651 14 1.0
162.3 15.47583 14 1.0
162.4 14.2522 14 1.0
162.5 13.02564 14 1.0
162.6 11.79613 14 1.0
162.7 10.56368 14 1.0
162.8 9.328282 14 1.0
162.9 8.089946 14 1.0
163.0 6.848668 14 1.0
163.1 5.604448 14 1.0
163.2 4.357285 14 1.0
163.3 0.0 15 0.0
163.4 0.0 15 0.0
163.5 0.0 15 0.0
163.6 0.0 15 0.0
163.7 0.0 15 0.0
163.8 0.0 15 0.0
163.9 0.0 15 0.0
164.0 0.0 15 0.0
164.1 0.0 15 0.0
164.2 0.0 15 0.0
164.3 0.0 15 0.0
164.4 0.0 15 0.0
164.5 0.0 15 0.0
164.6 0.0 15 0.0
164.7 0.0 15 0.0
164.8 0.0 15 0.0
164.9 0.0 15 0.0
165.0 0.0 15 0.0
165.1 0.0 15 0.0
165.2 0.0 15 0.0
165.3 0.0 15 0.0
165.4 0.0 15 0.0
165.5 0.0 15 0.0
165.6 0.0 15 0.0
165.7 0.0 15 0.0
165.8 0.0 15 0.0
165.9 0.0 15 0.0
166.0 0.0 15 0.0
166.1 0.0 15 0.0
166.2 0.0 15 0.0
166.3 0.0 15 0.0
166.4 0.0 15 0.0
166.5 0.0 15 0.0
166.6 0.0 15 0.0
166.7 0.0 15 0.0
166.8 0.0 15 0.0
166.9 0.0 15 0.0
167.0 0.0 15 0.0
167.1 0.0 15 0.0
167.2 0.0 15 0.0
167.3 0.0 15 0.0
167.4 0.0 15 0.0
167.5 0.0 15 0.0
167.6 0.0 15 0.0
167.7 0.0 15 0.0
167.8 0.0 15 0.0
167.9 0.0 15 0.0
168.0 0.0 15 0.0
168.1 0.0 15 0.0
168.2 0.0 15 0.0
168.3 0.0 15 0.0
168.4 0.0 15 0.0
168.5 0.0 15 0.0
168.6 0.0 15 0.0
168.7 0.0 15 0.0
168.8 0.0 15 0.0
168.9 0.0 15 0.0
169.0 0.0 15 0.0
169.1 0.0 15 0.0
169.2 0.0 15 0.0
169.3 0.0 15 0.0
169.4 0.0 15 0.0
169.5 0.0 15 0.0
169.6 0.0 15 0.0
169.7 0.0 15 0.0
169.8 0.0 15 0.0
169.9 0.0 15 0.0
170.0 0.0 15 0.0
170.1 0.0 15 0.0
170.2 0.0 15 0.0
170.3 0.0 15 0.0
170.4 0.0 15 0.0
170.5 0.0 15 0.0
170.6 0.0 15 0.0
170.7 0.0 15 0.0
170.8 0.0 15 0.0
170.9 0.0 15 0.0
171.0 0.0 15 0.0
171.1 0.0 15 0.0
171.2 0.0 15 0.0
171.3 0.0 15 0.0
171.4 0.0 15 0.0
171.5 0.0 15 0.0
171.6 0.0 15 0.0
171.7 0.0 15 0.0
171.8 0.0 15 0.0
171.9 0.0 15 0.0
172.0 0.0 15 0.0
172.1 0.0 15 0.0
172.2 0.0 15 0.0
172.3 0.0 15 0.0
172.4 0.0 15 0.0
172.5 0.0 15 0.0
172.6 0.0 15 0.0
172.7 0.0 15 0.0
172.8 0.0 15 0.0
172.9 0.0 15 0.0
173.0 0.0 15 0.0
173.1 0.0 15 0.0
173.2 0.0 15 0.0
173.3 0.0 15 0.0
173.4 0.0 15 0.0
173.5 0.0 15 0.0
173.6 0.0 15 0.0
173.7 0.0 15 0.0
173.8 0.0 15 0.0
173.9 0.0 15 0.0
174.0 0.0 15 0.0
174.1 0.0 15 0.0
174.2 0.0 15 0.0
174.3 0.0 15 0.0
174.4 0.0 15 0.0
174.5 0.0 15 0.0
174.6 0.0 15 0.0
174.7 0.0 15 0.0
174.8 0.0 15 0.0
174.9 0.0 15 0.0
175.0 0.0 15 0.0
175.1 0.0 15 0.0
175.2 0.0 15 0.0
175.3 0.0 15 0.0
175.4 0.0 15 0.0
175.5 0.0 15 0.0
175.6 0.0 15 0.0
175.7 0.0 15 0.0
175.8 0.0 15 0.0
175.9 0.0 15 0.0
176.0 0.0 15 0.0
176.1 0.0 15 0.0
176.2 0.0 15 0.0
176.3 0.0 15 0.0
176.4 0.0 15 0.0
176.5 0.0 15 0.0
176.6 0.0 15 0.0
176.7 0.0 15 0.0
176.8 0.0 15 0.0
176.9 0.0 15 0.0
177.0 0.0 15 0.0
177.1 0.0 15 0.0
177.2 0.0 15 0.0
177.3 0.0 15 0.0
177.4 0.0 15 0.0
177.5 0.0 15 0.0
177.6 0.0 15 0.0
177.7 0.0 15 0.0
177.8 0.0 15 0.0
177.9 0.0 15 0.0
178.0 0.0 15 0.0
178.1 0.0 15 0.0
178.2 0.0 15 0.0
178.3 0.0 15 0.0
178.4 0.0 15 0.0
178.5 0.0 15 0.0
178.6 0.0 15 0.0
178.7 0.0 15 0.0
178.8 0.0 15 0.0
178.9 0.0 15 0.0
179.0 0.0 15 0.0
179.1 0.0 15 0.0
179.2 0.0 15 0.0
179.3 0.0 15 0.0
179.4 0.0 15 0.0
179.5 0.0 15 0.0
179.6 0.0 15 0.0
179.7 0.0 15 0.0
179.8 0.0 15 0.0
179.9 0.0 15 0.0
180.0 0.0 15 0.0
180.1 0.0 15 0.0
180.2 0.0 15 0.0
180.3 0.0 15 0.0
180.4 0.0 15 0.0
180.5 0.0 15 0.0
180.6 0.0 15 0.0
180.7 0.0 15 0.0
180.8 0.0 15 0.0
180.9 0.0 15 0.0
181.0 0.0 15 0.0
181.1 0.0 15 0.0
181.2 0.0 15 0.0
181.3 0.0 15 0.0
181.4 0.0 15 0.0
181.5 0.0 15 0.0
181.6 0.0 15 0.0
181.7 0.0 15 0.0
181.8 0.0 15 0.0
181.9 0.0 15 0.0
182.0 0.0 15 0.0
182.1 0.0 15 0.0
182.2 0.0 15 0.0
182.3 0.0 15 0.0
182.4 0.0 15 0.0
182.5 0.0 15 0.0
182.6 0.0 15 0.0
182.7 0.0 15 0.0
182.8 0.0 15 0.0
182.9 0.0 15 0.0
183.0 0.0 15 0.0
183.1 0.0 15 0.0
183.2 0.0 15 0.0
183.3 0.0 15 0.0
183.4 0.0 15 0.0
183.5 0.0 15 0.0
183.6 0.0 15 0.0
183.7 0.0 15 0.0
183.8 0.0 15 0.0
183.9 0.0 15 0.0
184.0 0.0 15 0.0
184.1 0.0 15 0.0
184.2 0.0 15 0.0
184.3 0.0 15 0.0
184.4 0.0 15 0.0
184.5 0.0 15 0.0
184.6 0.0 15 0.0
184.7 0.0 15 0.0
184.8 0.0 15 0.0
184.9 0.0 15 0.0
185.0 0.0 15 0.0
185.1 0.0 15 0.0
185.2 0.0 15 0.0
185.3 0.0 15 0.0
185.4 0.0 15 0.0
185.5 0.0 15 0.0
185.6 0.0 15 0.0
185.7 0.0 15 0.0
185.8 0.0 15 0.0
185.9 0.0 15 0.0
186.0 0.0 15 0.0
186.1 0.0 15 0.0
186.2 0.0 15 0.0
186.3 0.0 15 0.0
186.4 0.0 15 0.0
186.5 0.0 15 0.0
186.6 0.0 15 0.0
186.7 0.0 15 0.0
186.8 0.0 15 0.0
186.9 0.0 15 0.0
187.0 0.0 15 0.0
187.1 0.0 15 0.0
187.2 0.0 15 0.0
187.3 0.0 15 0.0
187.4 0.0 15 0.0
187.5 0.0 15 0.0
187.6 0.0 15 0.0
187.7 0.0 15 0.0
187.8 0.0 15 0.0
187.9 0.0 15 0.0
188.0 0.0 15 0.0
188.1 0.0 15 0.0
188.2 0.0 15 0.0
188.3 0.0 15 0.0
188.4 0.0 15 0.0
188.5 0.0 15 0.0
188.6 0.0 15 0.0
188.7 0.0 15 0.0
188.8 0.0 15 0.0
188.9 0.0 15 0.0
189.0 0.0 15 0.0
189.1 0.0 15 0.0
189.2 0.0 15 0.0
189.3 0.0 15 0.0
189.4 0.0 15 0.0
189.5 0.0 15 0.0
189.6 0.0 15 0.0
189.7 0.0 15 0.0
189.8 0.0 15 0.0
189.9 0.0 15 0.0
190.0 0.0 15 0.0
190.1 0.0 15 0.0
190.2 0.0 15 0.0
190.3 0.0 15 0.0
190.4 0.0 15 0.0
190.5 0.0 15 0.0
190.6 0.0 15 0.0
190.7 0.0 15 0.0
190.8 0.0 15 0.0
190.9 0.0 15 0.0
191.0 0.0 15 0.0
191.1 0.0 15 0.0
191.2 0.0 15 0.0
191.3 0.0 15 0.0
191.4 0.0 15 0.0
191.5 0.0 15 0.0
191.6 0.0 15 0.0
191.7 0.0 15 0.0
191.8 0.0 15 0.0
191.9 0.0 15 0.0
192.0 0.0 15 0.0
192.1 0.0 15 0.0
192.2 0.0 15 0.0
192.3 0.0 15 0.0
192.4 0.0 15 0.0
192.5 0.0 15 0.0
192.6 0.0 15 0.0
192.7 0.0 15 0.0
192.8 0.0 15 0.0
192.9 0.0 15 0.0
193.0 0.0 15 0.0
193.1 0.0 15 0.0
193.2 0.0 15 0.0
193.3 0.0 15 0.0
193.4 0.0 15 0.0
193.5 0.0 15 0.0
193.6 0.0 15 0.0
193.7 0.0 15 0.0
193.8 0.0 15 0.0
193.9 0.0 15 0.0
194.0 0.0 15 0.0
194.1 0.0 15 0.0
194.2 0.0 15 0.0
194.3 0.0 15 0.0
194.4 0.0 15 0.0
194.5 0.0 15 0.0
194.6 0.0 15 0.0
194.7 0.0 15 0.0
194.8 0.0 15 0.0
194.9 0.0 15 0.0
195.0 0.0 15 0.0
195.1 0.0 15 0.0
195.2 0.0 15 0.0
195.3 0.0 15 0.0
195.4 0.0 15 0.0
195.5 0.0 15 0.0
195.6 0.0 15 0.0
195.7 0.0 15 0.0
195.8 0.0 15 0.0
195.9 0.0 15 0.0
196.0 0.0 15 0.0
196.1 0.0 15 0.0
196.2 0.0 15 0.0
196.3 0.0 15 0.0
196.4 0.0 15 0.0
196.5 0.0 15 0.0
196.6 0.0 15 0.0
196.7 0.0 15 0.0
196.8 0.0 15 0.0
196.9 0.0 15 0.0
197.0 0.0 15 0.0
197.1 0.0 15 0.0
197.2 0.0 15 0.0
197.3 0.0 15 0.0
197.4 0.0 15 0.0
197.5 0.0 15 0.0
197.6 0.0 15 0.0
197.7 0.0 15 0.0
197.8 0.0 15 0.0
197.9 0.0 15 0.0
198.0 0.0 15 0.0
198.1 0.0 15 0.0
198.2 0.0 15 0.0
198.3 0.0 15 0.0
198.4 0.0 15 0.0
198.5 0.0 15 0.0
198.6 0.0 15 0.0
198.7 0.0 15 0.0
198.8 0.0 15 0.0
198.9 0.0 15 0.0
199.0 0.0 15 0.0
199.1 0.0 15 0.0
199.2 0.0 15 0.0
199.3 0.0 15 0.0
199.4 0.0 15 0.0
199.5 0.0 15 0.0
199.6 0.0 15 0.0
199.7 0.0 15 0.0
199.8 0.0 15 0.0
199.9 0.0 15 0.0
200.0 0.0 15 0.0
200.1 0.0 15 0.0
200.2 0.0 15 0.0
200.3 0.0 15 0.0
200.4 0.0 15 0.0
200.5 0.0 15 0.0
200.6 0.0 15 0.0
200.7 0.0 15 0.0
200.8 0.0 15 0.0
200.9 0.0 15 0.0
201.0 0.0 15 0.0
201.1 0.0 15 0.0
201.2 0.0 15 0.0
201.3 0.0 15 0.0
201.4 0.0 15 0.0
201.5 0.0 15 0.0
201.6 0.0 15 0.0
201.7 0.0 15 0.0
201.8 0.0 15 0.0
201.9 0.0 15 0.0
202.0 0.0 15 0.0
202.1 0.0 15 0.0
202.2 0.0 15 0.0
202.3 0.0 15 0.0
202.4 0.0 15 0.0
202.5 0.0 15 0.0
202.6 0.0 15 0.0
202.7 0.0 15 0.0
202.8 0.0 15 0.0
202.9 0.0 15 0.0
203.0 0.0 15 0.0
203.1 0.0 15 0.0
203.2 0.0 15 0.0
203.3 0.0 15 0.0
203.4 0.0 15 0.0
203.5 0.0 15 0.0
203.6 0.0 15 0.0
203.7 0.0 15 0.0
203.8 0.0 15 0.0
203.9 0.0 15 0.0
204.0 0.0 15 0.0
204.1 0.0 15 0.0
204.2 0.0 15 0.0
204.3 0.0 15 0.0
204.4 0.0 15 0.0
204.5 0.0 15 0.0
204.6 0.0 15 0.0
204.7 0.0 15 0.0
204.8 0.0 15 0.0
204.9 0.0 15 0.0
205.0 0.0 15 0.0
205.1 0.0 15 0.0
205.2 0.0 15 0.0
205.3 0.0 15 0.0
205.4 0.0 15 0.0
205.5 0.0 15 0.0
205.6 0.0 15 0.0
205.7 0.0 15 0.0
205.8 0.0 15 0.0
205.9 0.0 15 0.0
206.0 0.0 15 0.0
206.1 0.0 15 0.0
206.2 0.0 15 0.0
206.3 0.0 15 0.0
206.4 0.0 15 0.0
206.5 0.0 15 0.0
206.6 0.0 15 0.0
206.7 0.0 15 0.0
206.8 0.0 15 0.0
206.9 0.0 15 0.0
207.0 0.0 15 0.0
207.1 0.0 15 0.0
207.2 0.0 15 0.0
207.3 0.0 15 0.0
207.4 0.0 15 0.0
207.5 0.0 15 0.0
207.6 0.0 15 0.0
207.7 0.0 15 0.0
207.8 0.0 15 0.0
207.9 0.0 15 0.0
208.0 0.0 15 0.0
208.1 0.0 15 0.0
208.2 0.0 15 0.0
208.3 0.0 15 0.0
208.4 0.0 15 0.0
208.5 0.0 15 0.0
208.6 0.0 15 0.0
208.7 0.0 15 0.0
208.8 0.0 15 0.0
208.9 0.0 15 0.0
209.0 0.0 15 0.0
209.1 0.0 15 0.0
209.2 0.0 15 0.0
209.3 0.0 15 0.0
209.4 0.0 15 0.0
209.5 0.0 15 0.0
209.6 0.0 15 0.0
209.7 0.0 15 0.0
209.8 0.0 15 0.0
209.9 0.0 15 0.0
210.0 0.0 15 0.0
210.1 0.0 15 0.0
210.2 0.0 15 0.0
210.3 0.0 15 0.0
210.4 0.0 15 0.0
210.5 0.0 15 0.0
210.6 0.0 15 0.0
210.7 0.0 15 0.0
210.8 0.0 15 0.0
210.9 0.0 15 0.0
211.0 0.0 15 0.0
211.1 0.0 15 0.0
211.2 0.0 15 0.0
211.3 0.0 15 0.0
211.4 0.0 15 0.0
211.5 0.0 15 0.0
211.6 0.0 15 0.0
211.7 0.0 15 0.0
211.8 0.0 15 0.0
211.9 0.0 15 0.0
212.0 0.0 15 0.0
212.1 0.0 15 0.0
212.2 0.0 15 0.0
212.3 0.0 15 0.0
212.4 0.0 15 0.0
212.5 0.0 15 0.0
212.6 0.0 15 0.0
212.7 0.0 15 0.0
212.8 0.0 15 0.0
212.9 0.0 15 0.0
213.0 0.0 15 0.0
213.1 0.0 15 0.0
213.2 0.0 15 0.0
213.3 0.0 15 0.0
213.4 0.0 15 0.0
213.5 0.0 15 0.0
213.6 0.0 15 0.0
213.7 0.0 15 0.0
213.8 0.0 15 0.0
213.9 0.0 15 0.0
214.0 0.0 15 0.0
214.1 0.0 15 0.0
214.2 0.0 15 0.0
214.3 0.0 15 0.0
214.4 0.0 15 0.0
214.5 0.0 15 0.0
214.6 0.0 15 0.0
214.7 0.0 15 0.0
214.8 0.0 15 0.0
214.9 0.0 15 0.0
215.0 0.0 15 0.0
215.1 0.0 15 0.0
215.2 0.0 15 0.0
215.3 0.0 15 0.0
215.4 0.0 15 0.0
215.5 0.0 15 0.0
215.6 0.0 15 0.0
215.7 0.0 15 0.0
215.8 0.0 15 0.0
215.9 0.0 15 0.0
216.0 0.0 15 0.0
216.1 0.0 15 0.0
216.2 0.0 15 0.0
216.3 0.0 15 0.0
216.4 0.0 15 0.0
216.5 0.0 15 0.0
216.6 0.0 15 0.0
216.7 0.0 15 0.0
216.8 0.0 15 0.0
216.9 0.0 15 0.0
217.0 0.0 15 0.0
217.1 0.0 15 0.0
217.2 0.0 15 0.0
217.3 0.0 15 0.0
217.4 0.0 15 0.0
217.5 0.0 15 0.0
217.6 0.0 15 0.0
217.7 0.0 15 0.0
217.8 0.0 15 0.0
217.9 0.0 15 0.0
218.0 0.0 15 0.0
218.1 0.0 15 0.0
218.2 0.0 15 0.0
218.3 0.0 15 0.0
218.4 0.0 15 0.0
218.5 0.0 15 0.0
218.6 0.0 15 0.0
218.7 0.0 15 0.0
218.8 0.0 15 0.0
218.9 0.0 15 0.0
219.0 0.0 15 0.0
219.1 0.0 15 0.0
219.2 0.0 15 0.0
219.3 0.0 15 0.0
219.4 0.0 15 0.0
219.5 0.0 15 0.0
219.6 0.0 15 0.0
219.7 0.0 15 0.0
219.8 0.0 15 0.0
219.9 0.0 15 0.0
220.0 0.0 15 0.0
220.1 0.0 15 0.0
220.2 0.0 15 0.0
220.3 0.0 15 0.0
220.4 0.0 15 0.0
220.5 0.0 15 0.0
220.6 0.0 15 0.0
220.7 0.0 15 0.0
220.8 0.0 15 0.0
220.9 0.0 15 0.0
221.0 0.0 15 0.0
221.1 0.0 15 0.0
221.2 0.0 15 0.0
221.3 0.0 15 0.0
221.4 0.0 15 0.0
221.5 0.0 15 0.0
221.6 0.0 15 0.0
221.7 0.0 15 0.0
221.8 0.0 15 0.0
221.9 0.0 15 0.0
222.0 0.0 15 0.0
222.1 0.0 15 0.0
222.2 0.0 15 0.0
222.3 0.0 15 0.0
222.4 0.0 15 0.0
222.5 0.0 15 0.0
222.6 0.0 15 0.0
222.7 0.0 15 0.0
222.8 0.0 15 0.0
222.9 0.0 15 0.0
223.0 0.0 15 0.0
223.1 0.0 15 0.0
223.2 0.0 15 0.0
223.3 0.0 15 0.0
223.4 0.0 15 0.0
223.5 0.0 15 0.0
223.6 0.0 15 0.0
223.7 0.0 15 0.0
223.8 0.0 15 0.0
223.9 0.0 15 0.0
224.0 0.0 15 0.0
224.1 0.0 15 0.0
224.2 0.0 15 0.0
224.3 0.0 15 0.0
224.4 0.0 15 0.0
224.5 0.0 15 0.0
224.6 0.0 15 0.0
224.7 0.0 15 0.0
224.8 0.0 15 0.0
224.9 0.0 15 0.0
225.0 0.0 15 0.0
225.1 0.0 15 0.0
225.2 0.0 15 0.0
225.3 0.0 15 0.0
225.4 0.0 15 0.0
225.5 0.0 15 0.0
225.6 0.0 15 0.0
225.7 0.0 15 0.0
225.8 0.0 15 0.0
225.9 0.0 15 0.0
226.0 0.0 15 0.0
226.1 0.0 15 0.0
226.2 0.0 15 0.0
226.3 0.0 15 0.0
226.4 0.0 15 0.0
226.5 0.0 15 0.0
226.6 0.0 15 0.0
226.7 0.0 15 0.0
226.8 0.0 15 0.0
226.9 0.0 15 0.0
227.0 0.0 15 0.0
227.1 0.0 15 0.0
227.2 0.0 15 0.0
227.3 0.0 15 0.0
227.4 0.0 15 0.0
227.5 0.0 15 0.0
227.6 0.0 15 0.0
227.7 0.0 15 0.0
227.8 0.0 15 0.0
227.9 0.0 15 0.0
228.0 0.0 15 0.0
228.1 0.0 15 0.0
228.2 0.0 15 0.0
228.3 0.0 15 0.0
228.4 0.0 15 0.0
228.5 0.0 15 0.0
228.6 0.0 15 0.0
228.7 0.0 15 0.0
228.8 0.0 15 0.0
228.9 0.0 15 0.0
229.0 0.0 15 0.0
229.1 0.0 15 0.0
229.2 0.0 15 0.0
229.3 0.0 15 0.0
229.4 0.0 15 0.0
229.5 0.0 15 0.0
229.6 0.0 15 0.0
229.7 0.0 15 0.0
229.8 0.0 15 0.0
229.9 0.0 15 0.0
230.0 0.0 15 0.0
230.1 0.0 15 0.0
230.2 0.0 15 0.0
230.3 0.0 15 0.0
230.4 0.0 15 0.0
230.5 0.0 15 0.0
230.6 0.0 15 0.0
230.7 0.0 15 0.0
230.8 0.0 15 0.0
230.9 0.0 15 0.0
231.0 0.0 15 0.0
231.1 0.0 15 0.0
231.2 0.0 15 0.0
231.3 0.0 15 0.0
231.4 0.0 15 0.0
231.5 0.0 15 0.0
231.6 0.0 15 0.0
231.7 0.0 15 0.0
231.8 0.0 15 0.0
231.9 0.0 15 0.0
232.0 0.0 15 0.0
232.1 0.0 15 0.0
232.2 0.0 15 0.0
232.3 0.0 15 0.0
232.4 0.0 15 0.0
232.5 0.0 15 0.0
232.6 0.0 15 0.0
232.7 0.0 15 0.0
232.8 0.0 15 0.0
232.9 0.0 15 0.0
233.0 0.0 15 0.0
233.1 0.0 15 0.0
233.2 0.0 15 0.0
233.3 0.0 15 0.0
233.4 0.0 15 0.0
233.5 0.0 15 0.0
233.6 0.0 15 0.0
233.7 0.0 15 0.0
233.8 0.0 15 0.0
233.9 0.0 15 0.0
234.0 0.0 15 0.0
234.1 0.0 15 0.0
234.2 0.0 15 0.0
234.3 0.0 15 0.0
234.4 0.0 15 0.0
234.5 0.0 15 0.0
234.6 0.0 15 0.0
234.7 0.0 15 0.0
234.8 0.0 15 0.0
234.9 0.0 15 0.0
235.0 0.0 15 0.0
235.1 0.0 15 0.0
235.2 0.0 15 0.0
235.3 0.0 15 0.0
235.4 0.0 15 0.0
235.5 0.0 15 0.0
235.6 0.0 15 0.0
235.7 0.0 15 0.0
235.8 0.0 15 0.0
235.9 0.0 15 0.0
236.0 0.0 15 0.0
236.1 0.0 15 0.0
236.2 0.0 15 0.0
236.3 0.0 15 0.0
236.4 0.0 15 0.0
236.5 0.0 15 0.0
236.6 0.0 15 0.0
236.7 0.0 15 0.0
236.8 0.0 15 0.0
236.9 0.0 15 0.0
237.0 0.0 15 0.0
237.1 0.0 15 0.0
237.2 0.0 15 0.0
237.3 0.0 15 0.0
237.4 0.0 15 0.0
237.5 0.0 15 0.0
237.6 0.0 15 0.0
237.7 0.0 15 0.0
237.8 0.0 15 0.0
237.9 0.0 15 0.0
238.0 0.0 15 0.0
238.1 0.0 15 0.0
238.2 0.0 15 0.0
238.3 0.0 15 0.0
238.4 0.0 15 0.0
238.5 0.0 15 0.0
238.6 0.0 15 0.0
238.7 0.0 15 0.0
238.8 0.0 15 0.0
238.9 0.0 15 0.0
239.0 0.0 15 0.0
239.1 0.0 15 0.0
239.2 0.0 15 0.0
239.3 0.0 15 0.0
239.4 0.0 15 0.0
239.5 0.0 15 0.0
239.6 0.0 15 0.0
239.7 0.0 15 0.0
239.8 0.0 15 0.0
239.9 0.0 15 0.0
240.0 0.0 15 0.0
240.1 0.0 15 0.0
240.2 0.0 15 0.0
240.3 0.0 15 0.0
240.4 0.0 15 0.0
240.5 0.0 15 0.0
240.6 0.0 15 0.0
240.7 0.0 15 0.0
240.8 0.0 15 0.0
240.9 0.0 15 0.0
241.0 0.0 15 0.0
241.1 0.0 15 0.0
241.2 0.0 15 0.0
241.3 0.0 15 0.0
241.4 0.0 15 0.0
241.5 0.0 15 0.0
241.6 0.0 15 0.0
241.7 0.0 15 0.0
241.8 0.0 15 0.0
241.9 0.0 15 0.0
242.0 0.0 15 0.0
242.1 0.0 15 0.0
242.2 0.0 15 0.0
242.3 0.0 15 0.0
242.4 0.0 15 0.0
242.5 0.0 15 0.0
242.6 0.0 15 0.0
242.7 0.0 15 0.0
242.8 0.0 15 0.0
242.9 0.0 15 0.0
243.0 0.0 15 0.0
243.1 0.0 15 0.0
243.2 0.0 15 0.0
243.3 0.0 15 0.0
243.4 0.0 15 0.0
243.5 0.0 15 0.0
243.6 0.0 15 0.0
243.7 0.0 15 0.0
243.8 0.0 15 0.0
243.9 0.0 15 0.0
244.0 0.0 15 0.0
244.1 0.0 15 0.0
244.2 0.0 15 0.0
244.3 0.0 15 0.0
244.4 0.0 15 0.0
244.5 0.0 15 0.0
244.6 0.0 15 0.0
244.7 0.0 15 0.0
244.8 0.0 15 0.0
244.9 0.0 15 0.0
245.0 0.0 15 0.0
245.1 0.0 15 0.0
245.2 0.0 15 0.0
245.3 0.0 15 0.0
245.4 0.0 15 0.0
245.5 0.0 15 0.0
245.6 0.0 15 0.0
245.7 0.0 15 0.0
245.8 0.0 15 0.0
245.9 0.0 15 0.0
246.0 0.0 15 0.0
246.1 0.0 15 0.0
246.2 0.0 15 0.0
246.3 0.0 15 0.0
246.4 0.0 15 0.0
246.5 0.0 15 0.0
246.6 0.0 15 0.0
246.7 0.0 15 0.0
246.8 0.0 15 0.0
246.9 0.0 15 0.0
247.0 0.0 15 0.0
247.1 0.0 15 0.0
247.2 0.0 15 0.0
247.3 0.0 15 0.0
247.4 0.0 15 0.0
247.5 0.0 15 0.0
247.6 0.0 15 0.0
247.7 0.0 15 0.0
247.8 0.0 15 0.0
247.9 0.0 15 0.0
248.0 0.0 15 0.0
248.1 0.0 15 0.0
248.2 0.0 15 0.0
248.3 0.0 15 0.0
248.4 0.0 15 0.0
248.5 0.0 15 0.0
248.6 0.0 15 0.0
248.7 0.0 15 0.0
248.8 0.0 15 0.0
248.9 0.0 15 0.0
249.0 0.0 15 0.0
249.1 0.0 15 0.0
249.2 0.0 15 0.0
249.3 0.0 15 0.0
249.4 0.0 15 0.0
249.5 0.0 15 0.0
249.6 0.0 15 0.0
249.7 0.0 15 0.0
249.8 0.0 15 0.0
249.9 0.0 15 0.0
250.0 0.0 15 0.0
250.1 0.0 15 0.0
250.2 0.0 15 0.0
250.3 0.0 15 0.0
250.4 0.0 15 0.0
250.5 0.0 15 0.0
250.6 0.0 15 0.0
250.7 0.0 15 0.0
250.8 0.0 15 0.0
250.9 0.0 15 0.0
251.0 0.0 15 0.0
251.1 0.0 15 0.0
251.2 0.0 15 0.0
251.3 0.0 15 0.0
251.4 0.0 15 0.0
251.5 0.0 15 0.0
251.6 0.0 15 0.0
251.7 0.0 15 0.0
251.8 0.0 15 0.0
251.9 0.0 15 0.0
252.0 0.0 15 0.0
252.1 0.0 15 0.0
252.2 0.0 15 0.0
252.3 0.0 15 0.0
252.4 0.0 15 0.0
252.5 0.0 15 0.0
252.6 0.0 15 0.0
252.7 0.0 15 0.0
252.8 0.0 15 0.0
252.9 0.0 15 0.0
253.0 0.0 15 0.0
253.1 0.0 15 0.0
253.2 0.0 15 0.0
253.3 0.0 15 0.0
253.4 0.0 15 0.0
253.5 0.0 15 0.0
253.6 0.0 15 0.0
253.7 0.0 15 0.0
253.8 0.0 15 0.0
253.9 0.0 15 0.0
254.0 0.0 15 0.0
254.1 0.0 15 0.0
254.2 0.0 15 0.0
254.3 0.0 15 0.0
254.4 0.0 15 0.0
254.5 0.0 15 0.0
254.6 0.0 15 0.0
254.7 0.0 15 0.0
254.8 0.0 15 0.0
254.9 0.0 15 0.0
255.0 0.0 15 0.0
255.1 0.0 15 0.0
255.2 0.0 15 0.0
255.3 0.0 15 0.0
255.4 0.0 15 0.0
255.5 0.0 15 0.0
255.6 0.0 15 0.0
255.7 0.0 15 0.0
255.8 0.0 15 0.0
255.9 0.0 15 0.0
256.0 0.0 15 0.0
256.1 0.0 15 0.0
256.2 0.0 15 0.0
256.3 0.0 15 0.0
256.4 0.0 15 0.0
256.5 0.0 15 0.0
256.6 0.0 15 0.0
256.7 0.0 15 0.0
256.8 0.0 15 0.0
256.9 0.0 15 0.0
257.0 0.0 15 0.0
257.1 0.0 15 0.0
257.2 0.0 15 0.0
257.3 0.0 15 0.0
257.4 0.0 15 0.0
257.5 0.0 15 0.0
257.6 0.0 15 0.0
257.7 0.0 15 0.0
257.8 0.0 15 0.0
257.9 0.0 15 0.0
258.0 0.0 15 0.0
258.1 0.0 15 0.0
258.2 0.0 15 0.0
258.3 0.0 15 0.0
258.4 0.0 15 0.0
258.5 0.0 15 0.0
258.6 0.0 15 0.0
258.7 0.0 15 0.0
258.8 0.0 15 0.0
258.9 0.0 15 0.0
259.0 0.0 15 0.0
259.1 0.0 15 0.0
259.2 0.0 15 0.0
259.3 0.0 15 0.0
259.4 0.0 15 0.0
259.5 0.0 15 0.0
259.6 0.0 15 0.0
259.7 0.0 15 0.0
259.8 0.0 15 0.0
259.9 0.0 15 0.0
260.0 0.0 15 0.0
260.1 0.0 15 0.0
260.2 0.0 15 0.0
260.3 0.0 15 0.0
260.4 0.0 15 0.0
260.5 0.0 15 0.0
260.6 0.0 15 0.0
260.7 0.0 15 0.0
260.8 0.0 15 0.0
260.9 0.0 15 0.0
261.0 0.0 15 0.0
261.1 0.0 15 0.0
261.2 0.0 15 0.0
261.3 0.0 15 0.0
261.4 0.0 15 0.0
261.5 0.0 15 0.0
261.6 0.0 15 0.0
261.7 0.0 15 0.0
261.8 0.0 15 0.0
261.9 0.0 15 0.0
262.0 0.0 15 0.0
262.1 0.0 15 0.0
262.2 0.0 15 0.0
262.3 0.0 15 0.0
262.4 0.0 15 0.0
262.5 0.0 15 0.0
262.6 0.0 15 0.0
262.7 0.0 15 0.0
262.8 0.0 15 0.0
262.9 0.0 15 0.0
263.0 0.0 15 0.0
263.1 0.0 15 0.0
263.2 0.0 15 0.0
263.3 0.0 15 0.0
263.4 0.0 15 0.0
263.5 0.0 15 0.0
263.6 0.0 15 0.0
263.7 0.0 15 0.0
263.8 0.0 15 0.0
263.9 0.0 15 0.0
264.0 0.0 15 0.0
264.1 0.0 15 0.0
264.2 0.0 15 0.0
264.3 0.0 15 0.0
264.4 0.0 15 0.0
264.5 0.0 15 0.0
264.6 0.0 15 0.0
264.7 0.0 15 0.0
264.8 0.0 15 0.0
264.9 0.0 15 0.0
265.0 0.0 15 0.0
265.1 0.0 15 0.0
265.2 0.0 15 0.0
265.3 0.0 15 0.0
265.4 0.0 15 0.0
265.5 0.0 15 0.0
265.6 0.0 15 0.0
265.7 0.0 15 0.0
265.8 0.0 15 0.0
265.9 0.0 15 0.0
266.0 0.0 15 0.0
266.1 0.0 15 0.0
266.2 0.0 15 0.0
266.3 0.0 15 0.0
266.4 0.0 15 0.0
266.5 0.0 15 0.0
266.6 0.0 15 0.0
266.7 0.0 15 0.0
266.8 0.0 15 0.0
266.9 0.0 15 0.0
267.0 0.0 15 0.0
267.1 0.0 15 0.0
267.2 0.0 15 0.0
267.3 0.0 15 0.0
267.4 248.3125 14 1.0
267.5 248.4004 14 1.0
267.6 248.4884 14 1.0
267.7 248.5764 14 1.0
267.8 248.6644 14 1.0
267.9 248.7524 14 1.0
268.0 248.8403 14 1.0
268.1 248.9283 14 1.0
268.2 249.0163 14 1.0
268.3 249.1043 14 1.0
268.4 249.1923 14 1.0
268.5 249.2802 14 1.0
268.6 249.3682 14 1.0
268.7 249.4562 14 1.0
268.8 249.5442 14 1.0
268.9 249.6322 14 1.0
269.0 249.7201 14 1.0
269.1 249.8081 14 1.0
269.2 249.8961 14 1.0
269.3 249.9841 14 1.0
269.4 250.0721 14 1.0
269.5 250.16 14 1.0
269.6 250.248 14 1.0
269.7 250.336 14 1.0
269.8 250.424 14 1.0
269.9 250.512 14 1.0
270.0 250.5999 14 1.0
270.1 250.6879 14 1.0
270.2 250.7759 14 1.0
270.3 250.8639 14 1.0
270.4 250.9519 14 1.0
270.5 251.0398 14 1.0
270.6 251.1278 14 1.0
270.7 251.2158 14 1.0
270.8 251.3038 14 1.0
270.9 251.3918 14 1.0
271.0 251.4797 14 1.0
271.1 251.5677 14 1.0
271.2 251.6557 14 1.0
271.3 251.7437 14 1.0
271.4 251.8317 14 1.0
271.5 251.9196 14 1.0
271.6 252.0076 14 1.0
271.7 252.0956 14 1.0
271.8 252.1836 14 1.0
271.9 252.2716 14 1.0
272.0 252.3595 14 1.0
272.1 252.4475 14 1.0
272.2 252.5355 14 1.0
272.3 252.6235 14 1.0
272.4 252.7115 14 1.0
272.5 252.7994 14 1.0
272.6 252.8874 14 1.0
272.7 252.9754 14 1.0
272.8 253.0634 14 1.0
272.9 253.1514 14 1.0
273.0 253.2393 14 1.0
273.1 253.3273 14 1.0
273.2 253.4153 14 1.0
273.3 253.5033 14 1.0
273.4 253.5913 14 1.0
273.5 253.6792 14 1.0
273.6 253.7672 14 1.0
273.7 253.8552 14 1.0
273.8 253.9432 14 1.0
273.9 254.0312 14 1.0
274.0 254.1191 14 1.0
274.1 254.2071 14 1.0
274.2 254.2951 14 1.0
274.3 254.3831 14 1.0
274.4 254.4711 14 1.0
274.5 254.559 14 1.0
274.6 254.647 14 1.0
274.7 254.735 14 1.0
274.8 254.823 14 1.0
274.9 254.911 14 1.0
275.0 254.9989 14 1.0
275.1 255.0869 14 1.0
275.2 255.1749 14 1.0
275.3 255.2629 14 1.0
275.4 255.3509 14 1.0
275.5 255.4388 14 1.0
275.6 255.5268 14 1.0
275.7 255.6148 14 1.0
275.8 255.7028 14 1.0
275.9 255.7908 14 1.0
276.0 255.8787 14 1.0
276.1 255.9667 14 1.0
276.2 256.0547 14 1.0
276.3 256.1427 14 1.0
276.4 256.2307 14 1.0
276.5 256.3186 14 1.0
276.6 256.4066 14 1.0
276.7 256.4946 14 1.0
276.8 256.5826 14 1.0
276.9 256.6706 14 1.0
277.0 256.7585 14 1.0
277.1 256.8465 14 1.0
277.2 256.9345 14 1.0
277.3 257.0225 14 1.0
277.4 257.1104 14 1.0
277.5 257.1984 14 1.0
277.6 257.2864 14 1.0
277.7 257.3744 14 1.0
277.8 257.4624 14 1.0
277.9 257.5503 14 1.0
278.0 257.6383 14 1.0
278.1 257.7263 14 1.0
278.2 257.8143 14 1.0
278.3 257.9023 14 1.0
278.4 257.9902 14 1.0
278.5 258.0782 14 1.0
278.6 258.1662 14 1.0
278.7 258.2542 14 1.0
278.8 258.3422 14 1.0
278.9 258.4301 14 1.0
279.0 258.5181 14 1.0
279.1 258.6061 14 1.0
279.2 258.6941 14 1.0
279.3 258.7821 14 1.0
279.4 258.87 14 1.0
279.5 258.958 14 1.0
279.6 259.046 14 1.0
279.7 259.134 14 1.0
279.8 259.222 14 1.0
279.9 259.3099 14 1.0
280.0 259.3979 14 1.0
280.1 259.4859 14 1.0
280.2 259.5739 14 1.0
280.3 259.6619 14 1.0
280.4 259.7498 14 1.0
280.5 259.8378 14 1.0
280.6 259.9258 14 1.0
280.7 260.0138 14 1.0
280.8 260.1018 14 1.0
280.9 260.1897 14 1.0
281.0 260.2777 14 1.0
281.1 260.3657 14 1.0
281.2 260.4537 14 1.0
281.3 260.5417 14 1.0
281.4 260.6296 14 1.0
281.5 260.7176 14 1.0
281.6 260.8056 14 1.0
281.7 260.8936 14 1.0
281.8 260.9816 14 1.0
281.9 261.0695 14 1.0
282.0 261.1575 14 1.0
282.1 261.2455 14 1.0
282.2 261.3335 14 1.0
282.3 261.4215 14 1.0
282.4 261.5094 14 1.0
282.5 261.5974 14 1.0
282.6 261.6854 14 1.0
282.7 261.7734 14 1.0
282.8 261.8614 14 1.0
282.9 261.9493 14 1.0
283.0 262.0373 14 1.0
283.1 262.1253 14 1.0
283.2 262.2133 14 1.0
283.3 262.3013 14 1.0
283.4 262.3892 14 1.0
283.5 262.4772 14 1.0
283.6 262.5652 14 1.0
283.7 262.6532 14 1.0
283.8 262.7412 14 1.0
283.9 262.8291 14 1.0
284.0 262.9171 14 1.0
284.1 263.0051 14 1.0
284.2 263.0931 14 1.0
284.3 263.1811 14 1.0
284.4 263.269 14 1.0
284.5 263.357 14 1.0
284.6 263.445 14 1.0
284.7 263.533 14 1.0
284.8 263.621 14 1.0
284.9 263.7089 14 1.0
285.0 263.7969 14 1.0
285.1 263.8849 14 1.0
285.2 263.9729 14 1.0
285.3 264.0609 14 1.0
285.4 264.1488 14 1.0
285.5 264.2368 14 1.0
285.6 264.3248 14 1.0
285.7 264.4128 14 1.0
285.8 264.5008 14 1.0
285.9 264.5887 14 1.0
286.0 264.6767 14 1.0
286.1 264.7647 14 1.0
286.2 264.8527 14 1.0
286.3 264.9407 14 1.0
286.4 265.0286 14 1.0
286.5 265.1166 14 1.0
286.6 265.2046 14 1.0
286.7 265.2926 14 1.0
286.8 265.3806 14 1.0
286.9 265.4685 14 1.0
287.0 265.5565 14 1.0
287.1 265.6445 14 1.0
287.2 265.7325 14 1.0
287.3 265.8205 14 1.0
287.4 265.9084 14 1.0
287.5 265.9964 14 1.0
287.6 266.0844 14 1.0
287.7 266.1724 14 1.0
287.8 266.2604 14 1.0
287.9 266.3483 14 1.0
288.0 266.4363 14 1.0
288.1 266.5243 14 1.0
288.2 266.6123 14 1.0
288.3 266.7003 14 1.0
288.4 266.7882 14 1.0
288.5 266.8762 14 1.0
288.6 266.9642 14 1.0
288.7 267.0522 14 1.0
288.8 267.1402 14 1.0
288.9 267.2281 14 1.0
289.0 267.3161 14 1.0
289.1 267.4041 14 1.0
289.2 267.4921 14 1.0
289.3 267.5801 14 1.0
289.4 267.668 14 1.0
289.5 267.756 14 1.0
289.6 267.844 14 1.0
289.7 267.932 14 1.0
289.8 268.02 14 1.0
289.9 268.1079 14 1.0
290.0 268.1959 14 1.0
290.1 268.2839 14 1.0
290.2 268.3719 14 1.0
290.3 268.4599 14 1.0
290.4 268.5478 14 1.0
290.5 268.6358 14 1.0
290.6 268.7238 14 1.0
290.7 268.8118 14 1.0
290.8 268.8998 14 1.0
290.9 268.9877 14 1.0
291.0 269.0757 14 1.0
291.1 269.1637 14 1.0
291.2 269.2517 14 1.0
291.3 269.3397 14 1.0
291.4 269.4276 14 1.0
291.5 269.5156 14 1.0
291.6 269.6036 14 1.0
291.7 269.6916 14 1.0
291.8 269.7796 14 1.0
291.9 269.8675 14 1.0
292.0 269.9555 14 1.0
292.1 270.0435 14 1.0
292.2 270.1315 14 1.0
292.3 270.2195 14 1.0
292.4 270.3074 14 1.0
292.5 270.3954 14 1.0
292.6 270.4834 14 1.0
292.7 270.5714 14 1.0
292.8 270.6594 14 1.0
292.9 270.7473 14 1.0
293.0 270.8353 14 1.0
293.1 270.9233 14 1.0
293.2 271.0113 14 1.0
293.3 271.0993 14 1.0
293.4 271.1872 14 1.0
293.5 271.2752 14 1.0
293.6 271.3632 14 1.0
293.7 271.4512 14 1.0
293.8 271.5392 14 1.0
293.9 271.6271 14 1.0
294.0 271.7151 14 1.0
294.1 271.8031 14 1.0
294.2 271.8911 14 1.0
294.3 271.9791 14 1.0
294.4 272.067 14 1.0
294.5 272.155 14 1.0
294.6 272.243 14 1.0
294.7 272.331 14 1.0
294.8 272.419 14 1.0
294.9 272.5069 14 1.0
295.0 272.5949 14 1.0
295.1 272.6829 14 1.0
295.2 272.7709 14 1.0
295.3 272.8589 14 1.0
295.4 272.9468 14 1.0
295.5 273.0348 14 1.0
295.6 273.1228 14 1.0
295.7 273.2108 14 1.0
295.8 273.2988 14 1.0
295.9 273.3867 14 1.0
296.0 273.4747 14 1.0
296.1 273.5627 14 1.0
296.2 273.6507 14 1.0
296.3 273.7387 14 1.0
296.4 273.8266 14 1.0
296.5 273.9146 14 1.0
296.6 274.0026 14 1.0
296.7 274.0906 14 1.0
296.8 274.1786 14 1.0
296.9 274.2665 14 1.0
297.0 274.3545 14 1.0
297.1 274.4425 14 1.0
297.2 274.5305 14 1.0
297.3 274.6185 14 1.0
297.4 274.7064 14 1.0
297.5 274.7944 14 1.0
297.6 274.8824 14 1.0
297.7 274.9704 14 1.0
297.8 275.0584 14 1.0
297.9 275.1463 14 1.0
298.0 275.2343 14 1.0
298.1 275.3223 14 1.0
298.2 275.4103 14 1.0
298.3 275.4983 14 1.0
298.4 275.5862 14 1.0
298.5 275.6742 14 1.0
298.6 275.7622 14 1.0
298.7 275.8502 14 1.0
298.8 275.9382 14 1.0
298.9 276.0261 14 1.0
299.0 276.1141 14 1.0
299.1 276.2021 14 1.0
299.2 276.2901 14 1.0
299.3 276.3781 14 1.0
299.4 276.466 14 1.0
299.5 276.554 14 1.0
299.6 276.642 14 1.0
299.7 276.73 14 1.0
299.8 276.818 14 1.0
299.9 276.9059 14 1.0
300.0 276.9939 14 1.0
300.1 277.0793 14 1.0
300.2 277.1647 14 1.0
300.3 277.2501 14 1.0
300.4 277.3355 14 1.0
300.5 277.4209 14 1.0
300.6 277.5063 14 1.0
300.7 277.5916 14 1.0
300.8 277.677 14 1.0
300.9 277.7624 14 1.0
301.0 277.8478 14 1.0
301.1 277.9332 14 1.0
301.2 278.0186 14 1.0
301.3 278.104 14 1.0
301.4 278.1894 14 1.0
301.5 278.2748 14 1.0
301.6 278.3601 14 1.0
301.7 278.4455 14 1.0
301.8 278.5309 14 1.0
301.9 278.6163 14 1.0
302.0 278.7017 14 1.0
302.1 278.7871 14 1.0
302.2 278.8725 14 1.0
302.3 278.9579 14 1.0
302.4 279.0433 14 1.0
302.5 279.1286 14 1.0
302.6 279.214 14 1.0
302.7 279.2994 14 1.0
302.8 279.3848 14 1.0
302.9 279.4702 14 1.0
303.0 279.5556 14 1.0
303.1 279.641 14 1.0
303.2 279.7264 14 1.0
303.3 279.8118 14 1.0
303.4 279.8971 14 1.0
303.5 279.9825 14 1.0
303.6 280.0679 14 1.0
303.7 280.1533 14 1.0
303.8 280.2387 14 1.0
303.9 280.3241 14 1.0
304.0 280.4095 14 1.0
304.1 280.4949 14 1.0
304.2 280.5803 14 1.0
304.3 280.6657 14 1.0
304.4 280.751 14 1.0
304.5 280.8364 14 1.0
304.6 280.9218 14 1.0
304.7 281.0072 14 1.0
304.8 281.0926 14 1.0
304.9 281.178 14 1.0
305.0 281.2634 14 1.0
305.1 281.3488 14 1.0
305.2 281.4342 14 1.0
305.3 281.5195 14 1.0
305.4 281.6049 14 1.0
305.5 281.6903 14 1.0
305.6 281.7757 14 1.0
305.7 281.8611 14 1.0
305.8 281.9465 14 1.0
305.9 282.0319 14 1.0
306.0 282.1173 14 1.0
306.1 282.2027 14 1.0
306.2 282.288 14 1.0
306.3 282.3734 14 1.0
306.4 282.4588 14 1.0
306.5 282.5442 14 1.0
306.6 282.6296 14 1.0
306.7 282.715 14 1.0
306.8 282.8004 14 1.0
306.9 282.8858 14 1.0
307.0 282.9712 14 1.0
307.1 283.0565 14 1.0
307.2 283.1419 14 1.0
307.3 283.2273 14 1.0
307.4 283.3127 14 1.0
307.5 283.3981 14 1.0
307.6 283.4835 14 1.0
307.7 283.5689 14 1.0
307.8 283.6543 14 1.0
307.9 283.7397 14 1.0
308.0 283.825 14 1.0
308.1 283.9104 14 1.0
308.2 283.9958 14 1.0
308.3 284.0812 14 1.0
308.4 284.1666 14 1.0
308.5 284.252 14 1.0
308.6 284.3374 14 1.0
308.7 284.4228 14 1.0
308.8 284.5082 14 1.0
308.9 284.5936 14 1.0
309.0 284.6789 14 1.0
309.1 284.7643 14 1.0
309.2 284.8497 14 1.0
309.3 284.9351 14 1.0
309.4 285.0205 14 1.0
309.5 285.1059 14 1.0
309.6 285.1913 14 1.0
309.7 285.2767 14 1.0
309.8 285.3621 14 1.0
309.9 285.4474 14 1.0
310.0 285.5328 14 1.0
310.1 285.6182 14 1.0
310.2 285.7036 14 1.0
310.3 285.789 14 1.0
310.4 285.8744 14 1.0
310.5 285.9598 14 1.0
310.6 286.0452 14 1.0
310.7 286.1306 14 1.0
310.8 286.2159 14 1.0
310.9 286.3013 14 1.0
311.0 286.3867 14 1.0
311.1 286.4721 14 1.0
311.2 286.5575 14 1.0
311.3 286.6429 14 1.0
311.4 286.7283 14 1.0
311.5 286.8137 14 1.0
311.6 286.8991 14 1.0
311.7 286.9844 14 1.0
311.8 287.0698 14 1.0
311.9 287.1552 14 1.0
312.0 287.2406 14 1.0
312.1 287.326 14 1.0
312.2 287.4114 14 1.0
312.3 287.4968 14 1.0
312.4 287.5822 14 1.0
312.5 287.6676 14 1.0
312.6 287.753 14 1.0
312.7 287.8383 14 1.0
312.8 287.9237 14 1.0
312.9 288.0091 14 1.0
313.0 288.0945 14 1.0
313.1 288.1799 14 1.0
313.2 288.2653 14 1.0
313.3 288.3507 14 1.0
313.4 288.4361 14 1.0
313.5 288.5215 14 1.0
313.6 288.6068 14 1.0
313.7 288.6922 14 1.0
313.8 288.7776 14 1.0
313.9 288.863 14 1.0
314.0 288.9484 14 1.0
314.1 289.0338 14 1.0
314.2 289.1192 14 1.0
314.3 289.2046 14 1.0
314.4 289.29 14 1.0
314.5 289.3753 14 1.0
314.6 289.4607 14 1.0
314.7 289.5461 14 1.0
314.8 289.6315 14 1.0
314.9 289.7169 14 1.0
315.0 289.8023 14 1.0
315.1 289.8877 14 1.0
315.2 289.9731 14 1.0
315.3 290.0585 14 1.0
315.4 290.1438 14 1.0
315.5 290.2292 14 1.0
315.6 290.3146 14 1.0
315.7 290.4 14 1.0
315.8 290.4854 14 1.0
315.9 290.5708 14 1.0
316.0 290.6562 14 1.0
316.1 290.7416 14 1.0
316.2 290.827 14 1.0
316.3 290.9123 14 1.0
316.4 290.9977 14 1.0
316.5 291.0831 14 1.0
316.6 291.1685 14 1.0
316.7 291.2539 14 1.0
316.8 291.3393 14 1.0
316.9 291.4247 14 1.0
317.0 291.5101 14 1.0
317.1 291.5955 14 1.0
317.2 291.6809 14 1.0
317.3 291.7662 14 1.0
317.4 291.8516 14 1.0
317.5 291.937 14 1.0
317.6 292.0224 14 1.0
317.7 292.1078 14 1.0
317.8 292.1932 14 1.0
317.9 292.2786 14 1.0
318.0 292.364 14 1.0
318.1 292.4494 14 1.0
318.2 292.5347 14 1.0
318.3 292.6201 14 1.0
318.4 292.7055 14 1.0
318.5 292.7909 14 1.0
318.6 292.8763 14 1.0
318.7 292.9617 14 1.0
318.8 293.0471 14 1.0
318.9 293.1325 14 1.0
319.0 293.2179 14 1.0
319.1 293.3032 14 1.0
319.2 293.3886 14 1.0
319.3 293.474 14 1.0
319.4 293.5594 14 1.0
319.5 293.6448 14 1.0
319.6 293.7302 14 1.0
319.7 293.8156 14 1.0
319.8 293.901 14 1.0
319.9 293.9864 14 1.0
320.0 294.0717 14 1.0
320.1 294.1571 14 1.0
320.2 294.2425 14 1.0
320.3 294.3279 14 1.0
320.4 294.4133 14 1.0
320.5 294.4987 14 1.0
320.6 294.5841 14 1.0
320.7 294.6695 14 1.0
320.8 294.7549 14 1.0
320.9 294.8402 14 1.0
321.0 294.9256 14 1.0
321.1 295.011 14 1.0
321.2 295.0964 14 1.0
321.3 295.1818 14 1.0
321.4 295.2672 14 1.0
321.5 295.3526 14 1.0
321.6 295.438 14 1.0
321.7 295.5234 14 1.0
321.8 295.6088 14 1.0
321.9 295.6941 14 1.0
322.0 295.7795 14 1.0
322.1 295.8649 14 1.0
322.2 295.9503 14 1.0
322.3 296.0357 14 1.0
322.4 296.1211 14 1.0
322.5 296.2065 14 1.0
322.6 296.2919 14 1.0
322.7 296.3773 14 1.0
322.8 296.4626 14 1.0
322.9 296.548 14 1.0
323.0 296.6334 14 1.0
323.1 296.7188 14 1.0
323.2 296.8042 14 1.0
323.3 296.8896 14 1.0
323.4 296.975 14 1.0
323.5 297.0604 14 1.0
323.6 297.1458 14 1.0
323.7 297.2311 14 1.0
323.8 297.3165 14 1.0
323.9 297.4019 14 1.0
324.0 297.4873 14 1.0
324.1 297.5727 14 1.0
324.2 297.6581 14 1.0
324.3 297.7435 14 1.0
324.4 297.8289 14 1.0
324.5 297.9143 14 1.0
324.6 297.9996 14 1.0
324.7 298.085 14 1.0
324.8 298.1704 14 1.0
324.9 298.2558 14 1.0
325.0 298.3412 14 1.0
325.1 298.4266 14 1.0
325.2 298.512 14 1.0
325.3 298.5974 14 1.0
325.4 298.6828 14 1.0
325.5 298.7682 14 1.0
325.6 298.8535 14 1.0
325.7 298.9389 14 1.0
325.8 299.0243 14 1.0
325.9 299.1097 14 1.0
326.0 299.1951 14 1.0
326.1 299.2805 14 1.0
326.2 299.3659 14 1.0
326.3 299.4513 14 1.0
326.4 299.5367 14 1.0
326.5 299.622 14 1.0
326.6 299.7074 14 1.0
326.7 299.7928 14 1.0
326.8 299.8782 14 1.0
326.9 299.9636 14 1.0
327.0 300.049 14 1.0
327.1 300.1344 14 1.0
327.2 300.2198 14 1.0
327.3 300.3052 14 1.0
327.4 300.3905 14 1.0
327.5 300.4759 14 1.0
327.6 300.5613 14 1.0
327.7 300.6467 14 1.0
327.8 300.7321 14 1.0
327.9 300.8175 14 1.0
328.0 300.9029 14 1.0
328.1 300.9883 14 1.0
328.2 301.0737 14 1.0
328.3 301.159 14 1.0
328.4 301.2444 14 1.0
328.5 301.3298 14 1.0
328.6 301.4152 14 1.0
328.7 301.5006 14 1.0
328.8 301.586 14 1.0
328.9 301.6714 14 1.0
329.0 301.7568 14 1.0
329.1 301.8422 14 1.0
329.2 301.9275 14 1.0
329.3 302.0129 14 1.0
329.4 302.0983 14 1.0
329.5 302.1837 14 1.0
329.6 302.2691 14 1.0
329.7 302.3545 14 1.0
329.8 302.4399 14 1.0
329.9 302.5253 14 1.0
330.0 302.6107 14 1.0
330.1 302.6961 14 1.0
330.2 302.7814 14 1.0
330.3 302.8668 14 1.0
330.4 302.9522 14 1.0
330.5 303.0376 14 1.0
330.6 303.123 14 1.0
330.7 303.2084 14 1.0
330.8 303.2938 14 1.0
330.9 303.3792 14 1.0
331.0 303.4646 14 1.0
331.1 303.5499 14 1.0
331.2 303.6353 14 1.0
331.3 303.7207 14 1.0
331.4 303.8061 14 1.0
331.5 303.8915 14 1.0
331.6 303.9769 14 1.0
331.7 304.0623 14 1.0
331.8 304.1477 14 1.0
331.9 304.2331 14 1.0
332.0 304.3184 14 1.0
332.1 304.4038 14 1.0
332.2 304.4892 14 1.0
332.3 304.5746 14 1.0
332.4 304.66 14 1.0
332.5 304.7454 14 1.0
332.6 304.8308 14 1.0
332.7 304.9162 14 1.0
332.8 305.0016 14 1.0
332.9 305.0869 14 1.0
333.0 305.1723 14 1.0
333.1 305.2577 14 1.0
333.2 305.3431 14 1.0
333.3 305.4285 14 1.0
333.4 305.5139 14 1.0
333.5 305.5993 14 1.0
333.6 305.6847 14 1.0
333.7 305.7701 14 1.0
333.8 305.8554 14 1.0
333.9 305.9408 14 1.0
334.0 306.0262 14 1.0
334.1 306.1116 14 1.0
334.2 306.197 14 1.0
334.3 306.2824 14 1.0
334.4 306.3678 14 1.0
334.5 306.4532 14 1.0
334.6 306.5386 14 1.0
334.7 306.624 14 1.0
334.8 306.7093 14 1.0
334.9 306.7947 14 1.0
335.0 306.8801 14 1.0
335.1 306.9655 14 1.0
335.2 307.0509 14 1.0
335.3 307.1363 14 1.0
335.4 307.2217 14 1.0
335.5 307.3071 14 1.0
335.6 307.3925 14 1.0
335.6 307.4778 14 1.0
335.8 307.5632 14 1.0
335.8 307.6486 14 1.0
336.0 307.734 14 1.0
336.0 307.8194 14 1.0
336.2 307.9048 14 1.0
336.2 307.9902 14 1.0
336.3 308.0756 14 1.0
336.4 308.161 14 1.0
336.5 308.2463 14 1.0
336.6 308.3317 14 1.0
336.7 308.4171 14 1.0
336.8 308.5025 14 1.0
336.9 308.5879 14 1.0
337.0 308.6733 14 1.0
337.1 308.7587 14 1.0
337.2 308.8441 14 1.0
337.3 308.9295 14 1.0
337.4 309.0148 14 1.0
337.5 309.1002 14 1.0
337.6 309.1856 14 1.0
337.7 309.271 14 1.0
337.8 309.3564 14 1.0
337.9 309.4418 14 1.0
338.0 309.5272 14 1.0
338.1 309.6126 14 1.0
338.2 309.698 14 1.0
338.3 309.7834 14 1.0
338.4 309.8687 14 1.0
338.5 309.9541 14 1.0
338.6 310.0395 14 1.0
338.7 310.1249 14 1.0
338.8 310.2103 14 1.0
338.9 310.2957 14 1.0
339.0 310.3811 14 1.0
339.1 310.4665 14 1.0
339.2 310.5519 14 1.0
339.3 310.6372 14 1.0
339.4 310.7226 14 1.0
339.5 310.808 14 1.0
339.6 310.8934 14 1.0
339.7 310.9788 14 1.0
339.8 311.0642 14 1.0
339.9 311.1496 14 1.0
340.0 311.235 14 1.0
340.1 311.3204 14 1.0
340.2 311.4057 14 1.0
340.3 311.4911 14 1.0
340.4 311.5765 14 1.0
340.5 311.6619 14 1.0
340.6 311.7473 14 1.0
340.7 311.8327 14 1.0
340.8 311.9181 14 1.0
340.9 312.0035 14 1.0
341.0 312.0889 14 1.0
341.1 312.1742 14 1.0
341.2 312.2596 14 1.0
341.3 312.345 14 1.0
341.4 312.4304 14 1.0
341.5 312.5158 14 1.0
341.6 312.6012 14 1.0
341.7 312.6866 14 1.0
341.8 312.772 14 1.0
341.9 312.8574 14 1.0
342.0 312.9427 14 1.0
342.1 313.0281 14 1.0
342.2 313.1135 14 1.0
342.3 313.1989 14 1.0
342.4 313.2843 14 1.0
342.5 313.3697 14 1.0
342.6 313.4551 14 1.0
342.7 313.5405 14 1.0
342.8 313.6259 14 1.0
342.9 313.7113 14 1.0
343.0 313.7966 14 1.0
343.1 313.882 14 1.0
343.2 313.9674 14 1.0
343.3 314.0528 14 1.0
343.4 314.1382 14 1.0
343.5 314.2236 14 1.0
343.6 314.309 14 1.0
343.7 314.3944 14 1.0
343.8 314.4798 14 1.0
343.9 314.5651 14 1.0
344.0 314.6505 14 1.0
344.1 314.7359 14 1.0
344.2 314.8213 14 1.0
344.3 314.9067 14 1.0
344.4 314.9921 14 1.0
344.5 315.0775 14 1.0
344.6 315.1629 14 1.0
344.7 315.2483 14 1.0
344.8 315.3336 14 1.0
344.9 315.419 14 1.0
345.0 315.5044 14 1.0
345.1 315.5898 14 1.0
345.2 315.6752 14 1.0
345.3 315.7606 14 1.0
345.4 315.846 14 1.0
345.5 315.9314 14 1.0
345.6 316.0168 14 1.0
345.7 316.1021 14 1.0
345.8 316.1875 14 1.0
345.9 316.2729 14 1.0
346.0 316.3583 14 1.0
346.1 316.4437 14 1.0
346.2 316.5291 14 1.0
346.3 316.6145 14 1.0
346.4 316.6999 14 1.0
346.5 316.7853 14 1.0
346.6 316.8706 14 1.0
346.7 316.956 14 1.0
346.8 317.0414 14 1.0
346.9 317.1268 14 1.0
347.0 317.2122 14 1.0
347.1 317.2976 14 1.0
347.2 317.383 14 1.0
347.3 317.4684 14 1.0
347.4 317.5538 14 1.0
347.5 317.6392 14 1.0
347.6 317.7245 14 1.0
347.7 317.8099 14 1.0
347.8 317.8953 14 1.0
347.9 317.9807 14 1.0
348.0 318.0661 14 1.0
348.1 318.1515 14 1.0
348.2 318.2369 14 1.0
348.3 318.3223 14 1.0
348.4 318.4077 14 1.0
348.5 318.493 14 1.0
348.6 318.5784 14 1.0
348.7 318.6638 14 1.0
348.8 318.7492 14 1.0
348.9 318.8346 14 1.0
349.0 318.92 14 1.0
349.1 319.0054 14 1.0
349.2 319.0908 14 1.0
349.3 319.1762 14 1.0
349.4 319.2615 14 1.0
349.5 319.3469 14 1.0
349.6 319.4323 14 1.0
349.7 319.5177 14 1.0
349.8 319.6031 14 1.0
349.9 319.6885 14 1.0
350.0 319.7737 14 1.0
350.1 319.8588 14 1.0
350.2 319.944 14 1.0
350.3 320.0292 14 1.0
350.4 320.1144 14 1.0
350.5 320.1996 14 1.0
350.6 320.2847 14 1.0
350.7 320.3699 14 1.0
350.8 320.4551 14 1.0
350.9 320.5403 14 1.0
351.0 320.6255 14 1.0
351.1 320.7106 14 1.0
351.2 320.7958 14 1.0
351.3 320.881 14 1.0
351.4 320.9662 14 1.0
351.5 321.0514 14 1.0
351.6 321.1365 14 1.0
351.7 321.2217 14 1.0
351.8 321.3069 14 1.0
351.9 321.3921 14 1.0
352.0 321.4773 14 1.0
352.1 321.5624 14 1.0
352.2 321.6476 14 1.0
352.3 321.7328 14 1.0
352.4 321.818 14 1.0
352.5 321.9031 14 1.0
352.6 321.9883 14 1.0
352.7 322.0735 14 1.0
352.8 322.1587 14 1.0
352.9 322.2439 14 1.0
353.0 322.329 14 1.0
353.1 322.4142 14 1.0
353.2 322.4994 14 1.0
353.3 322.5846 14 1.0
353.4 322.6698 14 1.0
353.5 322.7549 14 1.0
353.6 322.8401 14 1.0
353.7 322.9253 14 1.0
353.8 323.0105 14 1.0
353.9 323.0957 14 1.0
354.0 323.1808 14 1.0
354.1 323.266 14 1.0
354.2 323.3512 14 1.0
354.3 323.4364 14 1.0
354.4 323.5215 14 1.0
354.5 323.6067 14 1.0
354.6 323.6919 14 1.0
354.7 323.7771 14 1.0
354.8 323.8623 14 1.0
354.9 323.9474 14 1.0
355.0 324.0326 14 1.0
355.1 324.1178 14 1.0
355.2 324.203 14 1.0
355.3 324.2882 14 1.0
355.4 324.3733 14 1.0
355.5 324.4585 14 1.0
355.6 324.5437 14 1.0
355.7 324.6289 14 1.0
355.8 324.7141 14 1.0
355.9 324.7992 14 1.0
356.0 324.8844 14 1.0
356.1 324.9696 14 1.0
356.2 325.0548 14 1.0
356.3 325.1399 14 1.0
356.4 325.2251 14 1.0
356.5 325.3103 14 1.0
356.6 325.3955 14 1.0
356.7 325.4807 14 1.0
356.8 325.5658 14 1.0
356.9 325.651 14 1.0
357.0 325.7362 14 1.0
357.1 325.8214 14 1.0
357.2 325.9066 14 1.0
357.3 325.9917 14 1.0
357.4 326.0769 14 1.0
357.5 326.1621 14 1.0
357.6 326.2473 14 1.0
357.7 326.3325 14 1.0
357.8 326.4176 14 1.0
357.9 326.5028 14 1.0
358.0 326.588 14 1.0
358.1 326.6732 14 1.0
358.2 326.7583 14 1.0
358.3 326.8435 14 1.0
358.4 326.9287 14 1.0
358.5 327.0139 14 1.0
358.6 327.0991 14 1.0
358.7 327.1842 14 1.0
358.8 327.2694 14 1.0
358.9 327.3546 14 1.0
359.0 327.4398 14 1.0
359.1 327.525 14 1.0
359.2 327.6101 14 1.0
359.3 327.6953 14 1.0
359.4 327.7805 14 1.0
359.5 327.8657 14 1.0
359.6 327.9509 14 1.0
359.7 328.036 14 1.0
359.8 328.1212 14 1.0
359.9 328.2064 14 1.0
360.0 328.2916 14 1.0
360.1 328.3767 14 1.0
360.2 328.4619 14 1.0
360.3 328.5471 14 1.0
360.4 328.6323 14 1.0
360.5 328.7175 14 1.0
360.6 328.8026 14 1.0
360.7 328.8878 14 1.0
360.8 328.973 14 1.0
360.9 329.0582 14 1.0
361.0 329.1434 14 1.0
361.1 329.2285 14 1.0
361.2 329.3137 14 1.0
361.3 329.3989 14 1.0
361.4 329.4841 14 1.0
361.5 329.5693 14 1.0
361.6 329.6544 14 1.0
361.7 329.7396 14 1.0
361.8 329.8248 14 1.0
361.9 329.91 14 1.0
362.0 329.9952 14 1.0
362.1 330.0803 14 1.0
362.2 330.1655 14 1.0
362.3 330.2507 14 1.0
362.4 330.3359 14 1.0
362.5 330.421 14 1.0
362.6 330.5062 14 1.0
362.7 330.5914 14 1.0
362.8 330.6766 14 1.0
362.9 330.7618 14 1.0
363.0 330.8469 14 1.0
363.1 330.9321 14 1.0
363.2 331.0173 14 1.0
363.3 331.1025 14 1.0
363.4 331.1877 14 1.0
363.5 331.2728 14 1.0
363.6 331.358 14 1.0
363.7 331.4432 14 1.0
363.8 331.5284 14 1.0
363.9 331.6136 14 1.0
364.0 331.6987 14 1.0
364.1 331.7839 14 1.0
364.2 331.8691 14 1.0
364.3 331.9543 14 1.0
364.4 332.0394 14 1.0
364.5 332.1246 14 1.0
364.6 332.2098 14 1.0
364.7 332.295 14 1.0
364.8 332.3802 14 1.0
364.9 332.4653 14 1.0
365.0 332.5505 14 1.0
365.1 332.6357 14 1.0
365.2 332.7209 14 1.0
365.3 332.8061 14 1.0
365.4 332.8912 14 1.0
365.5 332.9764 14 1.0
365.6 333.0616 14 1.0
365.7 333.1468 14 1.0
365.8 333.232 14 1.0
365.9 333.3171 14 1.0
366.0 333.4023 14 1.0
366.1 333.4875 14 1.0
366.2 333.5727 14 1.0
366.3 333.6578 14 1.0
366.4 333.743 14 1.0
366.5 333.8282 14 1.0
366.6 333.9134 14 1.0
366.7 333.9986 14 1.0
366.8 334.0837 14 1.0
366.9 334.1689 14 1.0
367.0 334.2541 14 1.0
367.1 334.3393 14 1.0
367.2 334.4245 14 1.0
367.3 334.5096 14 1.0
367.4 334.5948 14 1.0
367.5 334.68 14 1.0
367.6 334.7652 14 1.0
367.7 334.8504 14 1.0
367.8 334.9355 14 1.0
367.9 335.0207 14 1.0
368.0 335.1059 14 1.0
368.1 335.1911 14 1.0
368.2 335.2762 14 1.0
368.3 335.3614 14 1.0
368.4 335.4466 14 1.0
368.5 335.5318 14 1.0
368.6 335.617 14 1.0
368.7 335.7021 14 1.0
368.8 335.7873 14 1.0
368.9 335.8725 14 1.0
369.0 335.9577 14 1.0
369.1 336.0429 14 1.0
369.2 336.128 14 1.0
369.3 336.2132 14 1.0
369.4 336.2984 14 1.0
369.5 336.3836 14 1.0
369.6 336.4688 14 1.0
369.7 336.5539 14 1.0
369.8 336.6391 14 1.0
369.9 336.7243 14 1.0
370.0 336.8095 14 1.0
370.1 336.8946 14 1.0
370.2 336.9798 14 1.0
370.3 337.065 14 1.0
370.4 337.1502 14 1.0
370.5 337.2354 14 1.0
370.6 337.3205 14 1.0
370.7 337.4057 14 1.0
370.8 337.4909 14 1.0
370.9 337.5761 14 1.0
371.0 337.6613 14 1.0
371.1 337.7464 14 1.0
371.2 337.8316 14 1.0
371.3 337.9168 14 1.0
371.4 338.002 14 1.0
371.5 338.0872 14 1.0
371.6 338.1723 14 1.0
371.7 338.2575 14 1.0
371.8 338.3427 14 1.0
371.9 338.4279 14 1.0
372.0 338.5131 14 1.0
372.1 338.5982 14 1.0
372.2 338.6834 14 1.0
372.3 338.7686 14 1.0
372.4 338.8538 14 1.0
372.5 338.9389 14 1.0
372.6 339.0241 14 1.0
372.7 339.1093 14 1.0
372.8 339.1945 14 1.0
372.9 339.2797 14 1.0
373.0 339.3648 14 1.0
373.1 339.45 14 1.0
373.2 339.5352 14 1.0
373.3 339.6204 14 1.0
373.4 339.7056 14 1.0
373.5 339.7907 14 1.0
373.6 339.8759 14 1.0
373.7 339.9611 14 1.0
373.8 340.0463 14 1.0
373.9 340.1315 14 1.0
374.0 340.2166 14 1.0
374.1 340.3018 14 1.0
374.2 340.387 14 1.0
374.3 340.4722 14 1.0
374.4 340.5573 14 1.0
374.5 340.6425 14 1.0
374.6 340.7277 14 1.0
374.7 340.8129 14 1.0
374.8 340.8981 14 1.0
374.9 340.9832 14 1.0
375.0 341.0684 14 1.0
375.1 341.1536 14 1.0
375.2 341.2388 14 1.0
375.3 341.324 14 1.0
375.4 341.4091 14 1.0
375.5 341.4943 14 1.0
375.6 341.5795 14 1.0
375.7 341.6647 14 1.0
375.8 341.7499 14 1.0
375.9 341.835 14 1.0
376.0 341.9202 14 1.0
376.1 342.0054 14 1.0
376.2 342.0906 14 1.0
376.3 342.1757 14 1.0
376.4 342.2609 14 1.0
376.5 342.3461 14 1.0
376.6 342.4313 14 1.0
376.7 342.5165 14 1.0
376.8 342.6016 14 1.0
376.9 342.6868 14 1.0
377.0 342.772 14 1.0
377.1 342.8572 14 1.0
377.2 342.9424 14 1.0
377.3 343.0275 14 1.0
377.4 343.1127 14 1.0
377.5 343.1979 14 1.0
377.6 343.2831 14 1.0
377.7 343.3683 14 1.0
377.8 343.4534 14 1.0
377.9 343.5386 14 1.0
378.0 343.6238 14 1.0
378.1 343.709 14 1.0
378.2 343.7941 14 1.0
378.3 343.8793 14 1.0
378.4 343.9645 14 1.0
378.5 344.0497 14 1.0
378.6 344.1349 14 1.0
378.7 344.22 14 1.0
378.8 344.3052 14 1.0
378.9 344.3904 14 1.0
379.0 344.4756 14 1.0
379.1 344.5608 14 1.0
379.2 344.6459 14 1.0
379.3 344.7311 14 1.0
379.4 344.8163 14 1.0
379.5 344.9015 14 1.0
379.6 344.9867 14 1.0
379.7 345.0718 14 1.0
379.8 345.157 14 1.0
379.9 345.2422 14 1.0
380.0 345.3274 14 1.0
380.1 345.4125 14 1.0
380.2 345.4977 14 1.0
380.3 345.5829 14 1.0
380.4 345.6681 14 1.0
380.5 345.7533 14 1.0
380.6 345.8384 14 1.0
380.7 345.9236 14 1.0
380.8 346.0088 14 1.0
380.9 346.094 14 1.0
381.0 346.1792 14 1.0
381.1 346.2643 14 1.0
381.2 346.3495 14 1.0
381.3 346.4347 14 1.0
381.4 346.5199 14 1.0
381.5 346.6051 14 1.0
381.6 346.6902 14 1.0
381.7 346.7754 14 1.0
381.8 346.8606 14 1.0
381.9 346.9458 14 1.0
382.0 347.0309 14 1.0
382.1 347.1161 14 1.0
382.2 347.2013 14 1.0
382.3 347.2865 14 1.0
382.4 347.3717 14 1.0
382.5 347.4568 14 1.0
382.6 347.542 14 1.0
382.7 347.6272 14 1.0
382.8 347.7124 14 1.0
382.9 347.7976 14 1.0
383.0 347.8827 14 1.0
383.1 347.9679 14 1.0
383.2 348.0531 14 1.0
383.3 348.1383 14 1.0
383.4 348.2235 14 1.0
383.5 348.3086 14 1.0
383.6 348.3938 14 1.0
383.7 348.479 14 1.0
383.8 348.5642 14 1.0
383.9 348.6494 14 1.0
384.0 348.7345 14 1.0
384.1 348.8197 14 1.0
384.2 348.9049 14 1.0
384.3 348.9901 14 1.0
384.4 349.0752 14 1.0
384.5 349.1604 14 1.0
384.6 349.2456 14 1.0
384.7 349.3308 14 1.0
384.8 349.416 14 1.0
384.9 349.5011 14 1.0
385.0 349.5863 14 1.0
385.1 349.6715 14 1.0
385.2 349.7567 14 1.0
385.3 349.8419 14 1.0
385.4 349.927 14 1.0
385.5 350.0122 14 1.0
385.6 350.0974 14 1.0
385.7 350.1826 14 1.0
385.8 350.2678 14 1.0
385.9 350.3529 14 1.0
386.0 350.4381 14 1.0
386.1 350.5233 14 1.0
386.2 350.6085 14 1.0
386.3 350.6936 14 1.0
386.4 350.7788 14 1.0
386.5 350.864 14 1.0
386.6 350.9492 14 1.0
386.7 351.0344 14 1.0
386.8 351.1195 14 1.0
386.9 351.2047 14 1.0
387.0 351.2899 14 1.0
387.1 351.3751 14 1.0
387.2 351.4603 14 1.0
387.3 351.5454 14 1.0
387.4 351.6306 14 1.0
387.5 351.7158 14 1.0
387.6 351.801 14 1.0
387.7 351.8862 14 1.0
387.8 351.9713 14 1.0
387.9 352.0565 14 1.0
388.0 352.1417 14 1.0
388.1 352.2269 14 1.0
388.2 352.312 14 1.0
388.3 352.3972 14 1.0
388.4 352.4824 14 1.0
388.5 352.5676 14 1.0
388.6 352.6528 14 1.0
388.7 352.7379 14 1.0
388.8 352.8231 14 1.0
388.9 352.9083 14 1.0
389.0 352.9935 14 1.0
389.1 353.0787 14 1.0
389.2 353.1638 14 1.0
389.3 353.249 14 1.0
389.4 353.3342 14 1.0
389.5 353.4194 14 1.0
389.6 353.5046 14 1.0
389.7 353.5897 14 1.0
389.8 353.6749 14 1.0
389.9 353.7601 14 1.0
390.0 353.8453 14 1.0
390.1 353.9304 14 1.0
390.2 354.0156 14 1.0
390.3 354.1008 14 1.0
390.4 354.186 14 1.0
390.5 354.2712 14 1.0
390.6 354.3563 14 1.0
390.7 354.4415 14 1.0
390.8 354.5267 14 1.0
390.9 354.6119 14 1.0
391.0 354.6971 14 1.0
391.1 354.7822 14 1.0
391.2 354.8674 14 1.0
391.3 354.9526 14 1.0
391.4 355.0378 14 1.0
391.5 355.123 14 1.0
391.6 355.2081 14 1.0
391.7 355.2933 14 1.0
391.8 355.3785 14 1.0
391.9 355.4637 14 1.0
392.0 355.5488 14 1.0
392.1 355.634 14 1.0
392.2 355.7192 14 1.0
392.3 355.8044 14 1.0
392.4 355.8896 14 1.0
392.5 355.9747 14 1.0
392.6 356.0599 14 1.0
392.7 356.1451 14 1.0
392.8 356.2303 14 1.0
392.9 356.3155 14 1.0
393.0 356.4006 14 1.0
393.1 356.4858 14 1.0
393.2 356.571 14 1.0
393.3 356.6562 14 1.0
393.4 356.7414 14 1.0
393.5 356.8265 14 1.0
393.6 356.9117 14 1.0
393.7 356.9969 14 1.0
393.8 357.0821 14 1.0
393.9 357.1673 14 1.0
394.0 357.2524 14 1.0
394.1 357.3376 14 1.0
394.2 357.4228 14 1.0
394.3 357.508 14 1.0
394.4 357.5931 14 1.0
394.5 357.6783 14 1.0
394.6 357.7635 14 1.0
394.7 357.8487 14 1.0
394.8 357.9339 14 1.0
394.9 358.019 14 1.0
395.0 358.1042 14 1.0
395.1 358.1894 14 1.0
395.2 358.2746 14 1.0
395.3 358.3598 14 1.0
395.4 358.4449 14 1.0
395.5 358.5301 14 1.0
395.6 358.6153 14 1.0
395.7 358.7005 14 1.0
395.8 358.7857 14 1.0
395.9 358.8708 14 1.0
396.0 358.956 14 1.0
396.1 359.0412 14 1.0
396.2 359.1264 14 1.0
396.3 359.2115 14 1.0
396.4 359.2967 14 1.0
396.5 359.3819 14 1.0
396.6 359.4671 14 1.0
396.7 359.5523 14 1.0
396.8 359.6374 14 1.0
396.9 359.7226 14 1.0
397.0 359.8078 14 1.0
397.1 359.893 14 1.0
397.2 359.9782 14 1.0
397.3 360.0633 14 1.0
397.4 360.1485 14 1.0
397.5 360.2337 14 1.0
397.6 360.3189 14 1.0
397.7 360.4041 14 1.0
397.8 360.4892 14 1.0
397.9 360.5744 14 1.0
398.0 360.6596 14 1.0
398.1 360.7448 14 1.0
398.2 360.8299 14 1.0
398.3 360.9151 14 1.0
398.4 361.0003 14 1.0
398.5 361.0855 14 1.0
398.6 361.1707 14 1.0
398.7 361.2558 14 1.0
398.8 361.341 14 1.0
398.9 361.4262 14 1.0
399.0 361.5114 14 1.0
399.1 361.5966 14 1.0
399.2 361.6817 14 1.0
399.3 361.7669 14 1.0
399.4 361.8521 14 1.0
399.5 361.9373 14 1.0
399.6 362.0225 14 1.0
399.7 362.1076 14 1.0
399.8 362.1928 14 1.0
399.9 362.278 14 1.0
400.0 362.358 14 1.0
400.1 362.4379 14 1.0
400.2 362.5179 14 1.0
400.3 362.5979 14 1.0
400.4 362.6779 14 1.0
400.5 362.7578 14 1.0
400.6 362.8378 14 1.0
400.7 362.9178 14 1.0
400.8 362.9977 14 1.0
400.9 363.0777 14 1.0
401.0 363.1577 14 1.0
401.1 363.2377 14 1.0
401.2 363.3176 14 1.0
401.3 363.3976 14 1.0
401.4 363.4776 14 1.0
401.5 363.5575 14 1.0
401.6 363.6375 14 1.0
401.7 363.7175 14 1.0
401.8 363.7975 14 1.0
401.9 363.8774 14 1.0
402.0 363.9574 14 1.0
402.1 364.0374 14 1.0
402.2 364.1173 14 1.0
402.3 364.1973 14 1.0
402.4 364.2773 14 1.0
402.5 364.3573 14 1.0
402.6 364.4372 14 1.0
402.7 364.5172 14 1.0
402.8 364.5972 14 1.0
402.9 364.6771 14 1.0
403.0 364.7571 14 1.0
403.1 364.8371 14 1.0
403.2 364.9171 14 1.0
403.3 364.997 14 1.0
403.4 365.077 14 1.0
403.5 365.157 14 1.0
403.6 365.237 14 1.0
403.7 365.3169 14 1.0
403.8 365.3969 14 1.0
403.9 365.4769 14 1.0
404.0 365.5568 14 1.0
404.1 365.6368 14 1.0
404.2 365.7168 14 1.0
404.3 365.7968 14 1.0
404.4 365.8767 14 1.0
404.5 365.9567 14 1.0
404.6 366.0367 14 1.0
404.7 366.1166 14 1.0
404.8 366.1966 14 1.0
404.9 366.2766 14 1.0
405.0 366.3566 14 1.0
405.1 366.4365 14 1.0
405.2 366.5165 14 1.0
405.3 366.5965 14 1.0
405.4 366.6764 14 1.0
405.5 366.7564 14 1.0
405.6 366.8364 14 1.0
405.7 366.9164 14 1.0
405.8 366.9963 14 1.0
405.9 367.0763 14 1.0
406.0 367.1563 14 1.0
406.1 367.2363 14 1.0
406.2 367.3162 14 1.0
406.3 367.3962 14 1.0
406.4 367.4762 14 1.0
406.5 367.5561 14 1.0
406.6 367.6361 14 1.0
406.7 367.7161 14 1.0
406.8 367.7961 14 1.0
406.9 367.876 14 1.0
407.0 367.956 14 1.0
407.1 368.036 14 1.0
407.2 368.1159 14 1.0
407.3 368.1959 14 1.0
407.4 368.2759 14 1.0
407.5 368.3559 14 1.0
407.6 368.4358 14 1.0
407.7 368.5158 14 1.0
407.8 368.5958 14 1.0
407.9 368.6757 14 1.0
408.0 368.7557 14 1.0
408.1 368.8357 14 1.0
408.2 368.9157 14 1.0
408.3 368.9956 14 1.0
408.4 369.0756 14 1.0
408.5 369.1556 14 1.0
408.6 369.2355 14 1.0
408.7 369.3155 14 1.0
408.8 369.3955 14 1.0
408.9 369.4755 14 1.0
409.0 369.5554 14 1.0
409.1 369.6354 14 1.0
409.2 369.7154 14 1.0
409.3 369.7954 14 1.0
409.4 369.8753 14 1.0
409.5 369.9553 14 1.0
409.6 370.0353 14 1.0
409.7 370.1152 14 1.0
409.8 370.1952 14 1.0
409.9 370.2752 14 1.0
410.0 370.3552 14 1.0
410.1 370.4351 14 1.0
410.2 370.5151 14 1.0
410.3 370.5951 14 1.0
410.4 370.675 14 1.0
410.5 370.755 14 1.0
410.6 370.835 14 1.0
410.7 370.915 14 1.0
410.8 370.9949 14 1.0
410.9 371.0749 14 1.0
411.0 371.1549 14 1.0
411.1 371.2348 14 1.0
411.2 371.3148 14 1.0
411.3 371.3948 14 1.0
411.4 371.4748 14 1.0
411.5 371.5547 14 1.0
411.6 371.6347 14 1.0
411.7 371.7147 14 1.0
411.8 371.7946 14 1.0
411.9 371.8746 14 1.0
412.0 371.9546 14 1.0
412.1 372.0346 14 1.0
412.2 372.1145 14 1.0
412.3 372.1945 14 1.0
412.4 372.2745 14 1.0
412.5 372.3545 14 1.0
412.6 372.4344 14 1.0
412.7 372.5144 14 1.0
412.8 372.5944 14 1.0
412.9 372.6743 14 1.0
413.0 372.7543 14 1.0
413.1 372.8343 14 1.0
413.2 372.9143 14 1.0
413.3 372.9942 14 1.0
413.4 373.0742 14 1.0
413.5 373.1542 14 1.0
413.6 373.2341 14 1.0
413.7 373.3141 14 1.0
413.8 373.3941 14 1.0
413.9 373.4741 14 1.0
414.0 373.554 14 1.0
414.1 373.634 14 1.0
414.2 373.714 14 1.0
414.3 373.7939 14 1.0
414.4 373.8739 14 1.0
414.5 373.9539 14 1.0
414.6 374.0339 14 1.0
414.7 374.1138 14 1.0
414.8 374.1938 14 1.0
414.9 374.2738 14 1.0
415.0 374.3538 14 1.0
415.1 374.4337 14 1.0
415.2 374.5137 14 1.0
415.3 374.5937 14 1.0
415.4 374.6736 14 1.0
415.5 374.7536 14 1.0
415.6 374.8336 14 1.0
415.7 374.9136 14 1.0
415.8 374.9935 14 1.0
415.9 375.0735 14 1.0
416.0 375.1535 14 1.0
416.1 375.2334 14 1.0
416.2 375.3134 14 1.0
416.3 375.3934 14 1.0
416.4 375.4734 14 1.0
416.5 375.5533 14 1.0
416.6 375.6333 14 1.0
416.7 375.7133 14 1.0
416.8 375.7932 14 1.0
416.9 375.8732 14 1.0
417.0 375.9532 14 1.0
417.1 376.0332 14 1.0
417.2 376.1131 14 1.0
417.3 376.1931 14 1.0
417.4 376.2731 14 1.0
417.5 376.353 14 1.0
417.6 376.433 14 1.0
417.7 376.513 14 1.0
417.8 376.593 14 1.0
417.9 376.6729 14 1.0
418.0 376.7529 14 1.0
418.1 376.8329 14 1.0
418.2 376.9129 14 1.0
418.3 376.9928 14 1.0
418.4 377.0728 14 1.0
418.5 377.1528 14 1.0
418.6 377.2327 14 1.0
418.7 377.3127 14 1.0
418.8 377.3927 14 1.0
418.9 377.4727 14 1.0
419.0 377.5526 14 1.0
419.1 377.6326 14 1.0
419.2 377.7126 14 1.0
419.3 377.7925 14 1.0
419.4 377.8725 14 1.0
419.5 377.9525 14 1.0
419.6 378.0325 14 1.0
419.7 378.1124 14 1.0
419.8 378.1924 14 1.0
419.9 378.2724 14 1.0
420.0 378.3523 14 1.0
420.1 378.4323 14 1.0
420.2 378.5123 14 1.0
420.3 378.5923 14 1.0
420.4 378.6722 14 1.0
420.5 378.7522 14 1.0
420.6 378.8322 14 1.0
420.7 378.9122 14 1.0
420.8 378.9921 14 1.0
420.9 379.0721 14 1.0
421.0 379.1521 14 1.0
421.1 379.232 14 1.0
421.2 379.312 14 1.0
421.3 379.392 14 1.0
421.4 379.472 14 1.0
421.5 379.5519 14 1.0
421.6 379.6319 14 1.0
421.7 379.7119 14 1.0
421.8 379.7918 14 1.0
421.9 379.8718 14 1.0
422.0 379.9518 14 1.0
422.1 380.0318 14 1.0
422.2 380.1117 14 1.0
422.3 380.1917 14 1.0
422.4 380.2717 14 1.0
422.5 380.3516 14 1.0
422.6 380.4316 14 1.0
422.7 380.5116 14 1.0
422.8 380.5916 14 1.0
422.9 380.6715 14 1.0
423.0 380.7515 14 1.0
423.1 380.8315 14 1.0
423.2 380.9114 14 1.0
423.3 380.9914 14 1.0
423.4 381.0714 14 1.0
423.5 381.1514 14 1.0
423.6 381.2313 14 1.0
423.7 381.3113 14 1.0
423.8 381.3913 14 1.0
423.9 381.4713 14 1.0
424.0 381.5512 14 1.0
424.1 381.6312 14 1.0
424.2 381.7112 14 1.0
424.3 381.7911 14 1.0
424.4 381.8711 14 1.0
424.5 381.9511 14 1.0
424.6 382.0311 14 1.0
424.7 382.111 14 1.0
424.8 382.191 14 1.0
424.9 382.271 14 1.0
425.0 382.3509 14 1.0
425.1 382.4309 14 1.0
425.2 382.5109 14 1.0
425.3 382.5909 14 1.0
425.4 382.6708 14 1.0
425.5 382.7508 14 1.0
425.6 382.8308 14 1.0
425.7 382.9107 14 1.0
425.8 382.9907 14 1.0
425.9 383.0707 14 1.0
426.0 383.1507 14 1.0
426.1 383.2306 14 1.0
426.2 383.3106 14 1.0
426.3 383.3906 14 1.0
426.4 383.4706 14 1.0
426.5 383.5505 14 1.0
426.6 383.6305 14 1.0
426.7 383.7105 14 1.0
426.8 383.7904 14 1.0
426.9 383.8704 14 1.0
427.0 383.9504 14 1.0
427.1 384.0304 14 1.0
427.2 384.1103 14 1.0
427.3 384.1903 14 1.0
427.4 384.2703 14 1.0
427.5 384.3502 14 1.0
427.6 384.4302 14 1.0
427.7 384.5102 14 1.0
427.8 384.5902 14 1.0
427.9 384.6701 14 1.0
428.0 384.7501 14 1.0
428.1 384.8301 14 1.0
428.2 384.91 14 1.0
428.3 384.99 14 1.0
428.4 385.07 14 1.0
428.5 385.15 14 1.0
428.6 385.2299 14 1.0
428.7 385.3099 14 1.0
428.8 385.3899 14 1.0
428.9 385.4698 14 1.0
429.0 385.5498 14 1.0
429.1 385.6298 14 1.0
429.2 385.7098 14 1.0
429.3 385.7897 14 1.0
429.4 385.8697 14 1.0
429.5 385.9497 14 1.0
429.6 386.0297 14 1.0
429.7 386.1096 14 1.0
429.8 386.1896 14 1.0
429.9 386.2696 14 1.0
430.0 386.3495 14 1.0
430.1 386.4295 14 1.0
430.2 386.5095 14 1.0
430.3 386.5895 14 1.0
430.4 386.6694 14 1.0
430.5 386.7494 14 1.0
430.6 386.8294 14 1.0
430.7 386.9093 14 1.0
430.8 386.9893 14 1.0
430.9 387.0693 14 1.0
431.0 387.1493 14 1.0
431.1 387.2292 14 1.0
431.2 387.3092 14 1.0
431.3 387.3892 14 1.0
431.4 387.4691 14 1.0
431.5 387.5491 14 1.0
431.6 387.6291 14 1.0
431.7 387.7091 14 1.0
431.8 387.789 14 1.0
431.9 387.869 14 1.0
432.0 387.949 14 1.0
432.1 388.029 14 1.0
432.2 388.1089 14 1.0
432.3 388.1889 14 1.0
432.4 388.2689 14 1.0
432.5 388.3488 14 1.0
432.6 388.4288 14 1.0
432.7 388.5088 14 1.0
432.8 388.5888 14 1.0
432.9 388.6687 14 1.0
433.0 388.7487 14 1.0
433.1 388.8287 14 1.0
433.2 388.9086 14 1.0
433.3 388.9886 14 1.0
433.4 389.0686 14 1.0
433.5 389.1486 14 1.0
433.6 389.2285 14 1.0
433.7 389.3085 14 1.0
433.8 389.3885 14 1.0
433.9 389.4684 14 1.0
434.0 389.5484 14 1.0
434.1 389.6284 14 1.0
434.2 389.7084 14 1.0
434.3 389.7883 14 1.0
434.4 389.8683 14 1.0
434.5 389.9483 14 1.0
434.6 390.0282 14 1.0
434.7 390.1082 14 1.0
434.8 390.1882 14 1.0
434.9 390.2682 14 1.0
435.0 390.3481 14 1.0
435.1 390.4281 14 1.0
435.2 390.5081 14 1.0
435.3 390.5881 14 1.0
435.4 390.668 14 1.0
435.5 390.748 14 1.0
435.6 390.828 14 1.0
435.7 390.9079 14 1.0
435.8 390.9879 14 1.0
435.9 391.0679 14 1.0
436.0 391.1479 14 1.0
436.1 391.2278 14 1.0
436.2 391.3078 14 1.0
436.3 391.3878 14 1.0
436.4 391.4677 14 1.0
436.5 391.5477 14 1.0
436.6 391.6277 14 1.0
436.7 391.7077 14 1.0
436.8 391.7876 14 1.0
436.9 391.8676 14 1.0
437.0 391.9476 14 1.0
437.1 392.0275 14 1.0
437.2 392.1075 14 1.0
437.3 392.1875 14 1.0
437.4 392.2675 14 1.0
437.5 392.3474 14 1.0
437.6 392.4274 14 1.0
437.7 392.5074 14 1.0
437.8 392.5873 14 1.0
437.9 392.6673 14 1.0
438.0 392.7473 14 1.0
438.1 392.8273 14 1.0
438.2 392.9072 14 1.0
438.3 392.9872 14 1.0
438.4 393.0672 14 1.0
438.5 393.1472 14 1.0
438.6 393.2271 14 1.0
438.7 393.3071 14 1.0
438.8 393.3871 14 1.0
438.9 393.467 14 1.0
439.0 393.547 14 1.0
439.1 393.627 14 1.0
439.2 393.707 14 1.0
439.3 393.7869 14 1.0
439.4 393.8669 14 1.0
439.5 393.9469 14 1.0
439.6 394.0268 14 1.0
439.7 394.1068 14 1.0
439.8 394.1868 14 1.0
439.9 394.2668 14 1.0
440.0 394.3467 14 1.0
440.1 394.4267 14 1.0
440.2 394.5067 14 1.0
440.3 394.5866 14 1.0
440.4 394.6666 14 1.0
440.5 394.7466 14 1.0
440.6 394.8266 14 1.0
440.7 394.9065 14 1.0
440.8 394.9865 14 1.0
440.9 395.0665 14 1.0
441.0 395.1465 14 1.0
441.1 395.2264 14 1.0
441.2 395.3064 14 1.0
441.3 395.3864 14 1.0
441.4 395.4663 14 1.0
441.5 395.5463 14 1.0
441.6 395.6263 14 1.0
441.7 395.7063 14 1.0
441.8 395.7862 14 1.0
441.9 395.8662 14 1.0
442.0 395.9462 14 1.0
442.1 396.0261 14 1.0
442.2 396.1061 14 1.0
442.3 396.1861 14 1.0
442.4 396.2661 14 1.0
442.5 396.346 14 1.0
442.6 396.426 14 1.0
442.7 396.506 14 1.0
442.8 396.5859 14 1.0
442.9 396.6659 14 1.0
443.0 396.7459 14 1.0
443.1 396.8259 14 1.0
443.2 396.9058 14 1.0
443.3 396.9858 14 1.0
443.4 397.0658 14 1.0
443.5 397.1457 14 1.0
443.6 397.2257 14 1.0
443.7 397.3057 14 1.0
443.8 397.3857 14 1.0
443.9 397.4656 14 1.0
444.0 397.5456 14 1.0
444.1 397.6256 14 1.0
444.2 397.7056 14 1.0
444.3 397.7855 14 1.0
444.4 397.8655 14 1.0
444.5 397.9455 14 1.0
444.6 398.0254 14 1.0
444.7 398.1054 14 1.0
444.8 398.1854 14 1.0
444.9 398.2654 14 1.0
445.0 398.3453 14 1.0
445.1 398.4253 14 1.0
445.2 398.5053 14 1.0
445.3 398.5852 14 1.0
445.4 398.6652 14 1.0
445.5 398.7452 14 1.0
445.6 398.8252 14 1.0
445.7 398.9051 14 1.0
445.8 398.9851 14 1.0
445.9 399.0651 14 1.0
446.0 399.145 14 1.0
446.1 399.225 14 1.0
446.2 399.305 14 1.0
446.3 399.385 14 1.0
446.4 399.4649 14 1.0
446.5 399.5449 14 1.0
446.6 399.6249 14 1.0
446.7 399.7049 14 1.0
446.8 399.7848 14 1.0
446.9 399.8648 14 1.0
447.0 399.9448 14 1.0
447.1 400.0247 14 1.0
447.2 400.1047 14 1.0
447.3 400.1847 14 1.0
447.4 400.2647 14 1.0
447.5 400.3446 14 1.0
447.6 400.4246 14 1.0
447.7 400.5046 14 1.0
447.8 400.5845 14 1.0
447.9 400.6645 14 1.0
448.0 400.7445 14 1.0
448.1 400.8245 14 1.0
448.2 400.9044 14 1.0
448.3 400.9844 14 1.0
448.4 401.0644 14 1.0
448.5 401.1443 14 1.0
448.6 401.2243 14 1.0
448.7 401.3043 14 1.0
448.8 401.3843 14 1.0
448.9 401.4642 14 1.0
449.0 401.5442 14 1.0
449.1 401.6242 14 1.0
449.2 401.7041 14 1.0
449.3 401.7841 14 1.0
449.4 401.8641 14 1.0
449.5 401.9441 14 1.0
449.6 402.024 14 1.0
449.7 402.104 14 1.0
449.8 402.184 14 1.0
449.9 402.264 14 1.0
