15.0 1.51161 13 0.03860092600951792
15.1 1.524752 13 0.039485740681842296
15.2 1.537873 13 0.04035767590089123
15.3 1.550973 13 0.041217925774162945
15.4 1.564052 13 0.04206778122269994
15.5 1.57711 13 0.04290330143004206
15.6 1.590148 13 0.04372875459802583
15.7 1.603165 13 0.04454254318438855
15.8 1.616162 13 0.04534857021742578
15.9 1.629139 13 0.046137404373617574
16.0 1.642095 13 0.04691953943799032
16.1 1.694282 13 0.04779283348389041
16.2 1.745884 13 0.05181454478991088
16.3 1.797875 13 0.05584558096026193
16.4 1.850249 13 0.05988313286388902
16.5 1.902997 13 0.06392699465756857
16.6 1.956114 13 0.0679766330323952
16.7 2.009593 13 0.07203140232687966
16.8 2.063426 13 0.07609464480501771
16.9 2.117608 13 0.08015871606867031
17.0 2.172131 13 0.0842303877694186
17.1 2.226991 13 0.08830911855773982
17.2 2.282179 13 0.09239323802833599
17.3 2.337691 13 0.09647906474568324
17.4 2.393521 13 0.10056859997378786
17.5 2.449662 13 0.10466715998065923
17.6 2.506109 13 0.10877140470696256
17.7 2.562857 13 0.11287965691057689
17.8 2.634671 13 0.11699171264714003
17.9 2.714779 13 0.12110650959611902
18.0 2.795781 13 0.12522804677112276
18.1 2.886248 13 0.12986680159548947
18.2 2.977708 13 0.1345095503045659
18.3 3.070161 14 0.13915871995184081
18.4 3.163609 14 0.14381373738063907
18.5 3.25805 14 0.148466550514332
18.6 3.353484 14 0.153126749824273
18.7 3.449912 14 0.15779289694885978
18.8 3.547334 14 0.16246237679674447
18.9 3.645749 14 0.16713643329062733
19.0 3.745157 14 0.1718131701557314
19.1 3.84556 14 0.17649350043751
19.2 3.946956 14 0.18117803018055678
19.3 4.049345 14 0.18586790762023053
19.4 4.152728 14 0.1905607788126623
19.5 4.257104 14 0.19525700731888462
19.6 4.362475 14 0.19995559009659147
19.7 4.468838 14 0.20465885256014804
19.8 4.576196 14 0.2093651909828379
19.9 4.684546 14 0.2140797476909213
20.0 4.793891 14 0.2187901954197271
20.1 4.909635 14 0.22379262645095332
20.2 5.026431 14 0.22880248388111535
20.3 5.14428 14 0.23380876771569836
20.4 5.263181 14 0.23882350980130684
20.5 5.383135 14 0.24384265414846373
20.6 5.504142 14 0.2488649133177009
20.7 5.626201 14 0.25388585503799665
20.8 5.749313 14 0.2589131582326337
20.9 5.873477 14 0.2639419243842054
21.0 5.998694 14 0.26897574507005895
21.1 6.124963 14 0.27401012484537257
21.2 6.252284 14 0.2790477217825633
21.3 6.380659 14 0.2840901427447454
21.4 6.510086 14 0.28913321538261216
21.5 6.640565 14 0.2941795909396313
21.6 6.772097 14 0.2992316821787744
21.7 6.904681 14 0.30428309873197434
21.8 7.038318 14 0.3093359129711658
21.9 7.173008 14 0.31439132758599586
22.0 7.30875 14 0.3194557366612034
22.1 7.461761 14 0.3253103445736192
22.2 7.615974 14 0.3311726182295014
22.3 7.771389 14 0.3370355029170381
22.4 7.928007 14 0.3429029609553701
22.5 8.085827 14 0.3487715755958196
22.6 8.244849 14 0.3546436600258095
22.7 8.47097 14 0.3606072277027619
22.8 8.631782 14 0.36648079863297056
22.9 8.793797 14 0.3723568024236752
23.0 8.957014 14 0.378237958768605
23.1 9.121434 14 0.3841188340646161
23.2 9.287055 14 0.39000343003916627
23.3 9.453879 14 0.3958897932919698
23.4 9.621906 14 0.40177877391876626
23.5 9.791134 14 0.40766961418449255
23.6 9.961565 14 0.41356333058037387
23.7 10.1332 14 0.4194579089737307
23.8 10.30603 14 0.4253546498536366
23.9 10.48007 14 0.4312579996872521
24.0 10.65531 14 0.43715735594836347
24.1 10.83252 14 0.4431029355973217
24.2 11.01094 14 0.44905071797853247
24.3 11.19056 14 0.4549997662325518
24.4 11.37139 14 0.46095112543640826
24.5 11.55342 14 0.4669038074266463
24.6 11.73666 14 0.4728618589677869
24.7 11.9211 14 0.47881747194732716
24.8 12.10676 14 0.4847746414860802
24.9 12.29361 14 0.49073619559160053
25.0 12.48168 14 0.49669949539474234
25.1 12.67095 14 0.5026652631376565
25.2 12.86142 14 0.5086305382917135
25.3 13.0531 14 0.5145995257971208
25.4 13.24599 14 0.5205687508693838
25.5 13.44008 14 0.5265427459726784
25.6 13.63538 14 0.5325132543868194
25.7 13.83189 14 0.5384907212725112
25.8 14.0296 14 0.5444667148452629
25.9 14.22852 14 0.550445189085687
26.0 14.42864 14 0.5564280206487766
26.1 14.63011 14 0.5624059468512919
26.2 14.83279 14 0.5683875764913937
26.3 15.03669 14 0.574371017159335
26.4 15.24179 14 0.5803581849910753
26.5 15.4481 14 0.5863424519595621
26.6 15.65562 14 0.5923313474539528
26.7 15.86435 14 0.5983198103071394
26.8 16.0743 14 0.6043122572564904
26.9 16.28545 14 0.6103023437937014
27.0 16.49781 14 0.6162977075425067
27.1 16.71138 14 0.622291878362009
27.2 16.92616 14 0.6282902166367941
27.3 17.14215 14 0.6342878821356657
27.4 17.35935 14 0.6402867791853086
27.5 17.57776 14 0.6462884225534613
27.6 17.79739 14 0.6522919291173259
27.7 18.01822 14 0.6582937027225432
27.8 18.24026 14 0.6642993962686867
27.9 18.46351 14 0.6703063892863969
28.0 18.68797 14 0.6763131084990437
28.1 18.92062 14 0.6825925780966067
28.2 19.15454 14 0.6888703571830141
28.3 19.38971 14 0.6951505523085794
28.4 19.62615 14 0.7014328846522806
28.5 19.86384 14 0.707715534011307
28.6 20.1028 14 0.7140000622574934
28.7 20.34302 14 0.7202871224284061
28.8 20.58449 14 0.726573081852585
28.9 20.82723 14 0.7328613561748027
29.0 21.07123 14 0.7391504705287043
29.1 21.3165 14 0.7454408560483228
29.2 21.56302 14 0.7517323045327008
29.3 21.8108 14 0.7580253540567701
29.4 22.05985 14 0.7643197059119171
29.5 22.31015 14 0.7706150179194718
29.6 22.56172 14 0.7769118241487498
29.7 22.81454 14 0.7832090447190894
29.8 23.06863 14 0.7895073547832934
29.9 23.32398 14 0.7958075195930214
30.0 23.58059 14 0.8021087467244963
30.1 23.84595 14 0.8087115215809256
30.2 24.11262 14 0.8153142939173813
30.3 24.38059 14 0.8219198514656727
30.4 24.64986 14 0.8285259019398565
30.5 24.92043 14 0.8351328495289791
30.6 25.19231 14 0.84174094858308
30.7 25.46549 14 0.8483500664583814
30.8 25.73997 14 0.8549603531519604
30.9 26.01576 14 0.8615716341990721
31.0 26.29285 14 0.8681837928887453
31.1 26.57124 14 0.874796920889469
31.2 26.85093 14 0.8814112953829969
31.3 27.13193 14 0.8880266193908186
31.4 27.41423 14 0.8946429344766359
31.5 27.69783 14 0.9012601380626442
31.6 27.98274 14 0.9078784204329606
31.7 28.26895 14 0.9144975543058054
31.8 28.55646 14 0.9211177132904655
31.9 28.84527 14 0.9277389423293592
32.0 29.13539 14 0.9343606757914875
32.1 29.42681 14 0.940983606557377
32.2 29.71953 14 0.9476074672048436
32.3 30.01356 14 0.9542321327854323
32.4 30.30889 14 0.9608579666269004
32.5 30.60552 14 0.9674844207854822
32.6 30.90345 14 0.9741118569448597
32.7 31.20269 14 0.9807401403095993
32.8 31.50323 14 0.9873692813313987
32.9 31.80508 14 0.9939992494467571
33.0 32.08851 14 1.0
33.1 32.18476 14 1.0
33.2 32.28101 14 1.0
33.3 32.37727 14 1.0
33.4 32.47352 14 1.0
33.5 32.56978 14 1.0
33.6 32.66603 14 1.0
33.7 32.76229 14 1.0
33.8 32.85854 14 1.0
33.9 32.95479 14 1.0
34.0 33.05105 14 1.0
34.1 33.1473 14 1.0
34.2 33.24356 14 1.0
34.3 33.33981 14 1.0
34.4 33.43607 14 1.0
34.5 33.53232 14 1.0
34.6 33.62857 14 1.0
34.7 33.72483 14 1.0
34.8 33.82108 14 1.0
34.9 33.91734 14 1.0
35.0 34.01359 14 1.0
35.1 34.10814 14 1.0
35.2 34.20268 14 1.0
35.3 34.29723 14 1.0
35.4 34.39177 14 1.0
35.5 34.48632 14 1.0
35.6 34.58086 14 1.0
35.7 34.67541 14 1.0
35.8 34.76995 14 1.0
35.9 34.8645 14 1.0
36.0 34.95905 14 1.0
36.1 35.05359 14 1.0
36.2 35.14814 14 1.0
36.3 35.24268 14 1.0
36.4 35.33723 14 1.0
36.5 35.43177 14 1.0
36.6 35.52632 14 1.0
36.7 35.62086 14 1.0
36.8 35.71541 14 1.0
36.9 35.80995 14 1.0
37.0 35.9045 14 1.0
37.1 35.99905 14 1.0
37.2 36.09359 14 1.0
37.3 36.18814 14 1.0
37.4 36.28268 14 1.0
37.5 36.37723 14 1.0
37.6 36.47177 14 1.0
37.7 36.56632 14 1.0
37.8 36.66086 14 1.0
37.9 36.75541 14 1.0
38.0 36.84995 14 1.0
38.1 36.9445 14 1.0
38.2 37.03905 14 1.0
38.3 37.13359 14 1.0
38.4 37.22814 14 1.0
38.5 37.32268 14 1.0
38.6 37.41723 14 1.0
38.7 37.51177 14 1.0
38.8 37.60632 14 1.0
38.9 37.70086 14 1.0
39.0 37.79541 14 1.0
39.1 37.88996 14 1.0
39.2 37.9845 14 1.0
39.3 38.07905 14 1.0
39.4 38.17359 14 1.0
39.5 38.26814 14 1.0
39.6 38.36268 14 1.0
39.7 38.45723 14 1.0
39.8 38.55177 14 1.0
39.9 38.64632 14 1.0
40.0 38.74086 14 1.0
40.1 38.83205 14 1.0
40.2 38.92324 14 1.0
40.3 39.01442 14 1.0
40.4 39.10561 14 1.0
40.5 39.19679 14 1.0
40.6 39.28798 14 1.0
40.7 39.37916 14 1.0
40.8 39.47035 14 1.0
40.9 39.56153 14 1.0
41.0 39.65272 14 1.0
41.1 39.74391 14 1.0
41.2 39.83509 14 1.0
41.3 39.92628 14 1.0
41.4 40.01746 14 1.0
41.5 40.10865 14 1.0
41.6 40.19983 14 1.0
41.7 40.29102 14 1.0
41.8 40.3822 14 1.0
41.9 40.47339 14 1.0
42.0 40.56458 14 1.0
42.1 40.65576 14 1.0
42.2 40.74695 14 1.0
42.3 40.83813 14 1.0
42.4 40.92932 14 1.0
42.5 41.0205 14 1.0
42.6 41.11169 14 1.0
42.7 41.20287 14 1.0
42.8 41.29406 14 1.0
42.9 41.38525 14 1.0
43.0 41.47643 14 1.0
43.1 41.56762 14 1.0
43.2 41.6588 14 1.0
43.3 41.74999 14 1.0
43.4 41.84117 14 1.0
43.5 41.93236 14 1.0
43.6 42.02354 14 1.0
43.7 42.11473 14 1.0
43.8 42.20592 14 1.0
43.9 42.2971 14 1.0
44.0 42.38829 14 1.0
44.1 42.47947 14 1.0
44.2 42.57066 14 1.0
44.3 42.66184 14 1.0
44.4 42.75303 14 1.0
44.5 42.84421 14 1.0
44.6 42.9354 14 1.0
44.7 43.02659 14 1.0
44.8 43.11777 14 1.0
44.9 43.20896 14 1.0
45.0 43.30014 14 1.0
45.1 43.39133 14 1.0
45.2 43.48251 14 1.0
45.3 43.5737 14 1.0
45.4 43.66488 14 1.0
45.5 43.75607 14 1.0
45.6 43.84726 14 1.0
45.7 43.93844 14 1.0
45.8 44.02963 14 1.0
45.9 44.12081 14 1.0
46.0 44.212 14 1.0
46.1 44.30318 14 1.0
46.2 44.39437 14 1.0
46.3 44.48555 14 1.0
46.4 44.57674 14 1.0
46.5 44.66793 14 1.0
46.6 44.75911 14 1.0
46.7 44.8503 14 1.0
46.8 44.94148 14 1.0
46.9 45.03267 14 1.0
47.0 45.12385 14 1.0
47.1 45.21504 14 1.0
47.2 45.30622 14 1.0
47.3 45.39741 14 1.0
47.4 45.4886 14 1.0
47.5 45.57978 14 1.0
47.6 45.67097 14 1.0
47.7 45.76215 14 1.0
47.8 45.85334 14 1.0
47.9 45.94452 14 1.0
48.0 46.03571 14 1.0
48.1 46.12689 14 1.0
48.2 46.21808 14 1.0
48.3 46.30927 14 1.0
48.4 46.40045 14 1.0
48.5 46.49164 14 1.0
48.6 46.58282 14 1.0
48.7 46.67401 14 1.0
48.8 46.76519 14 1.0
48.9 46.85638 14 1.0
49.0 46.94756 14 1.0
49.1 47.03875 14 1.0
49.2 47.12994 14 1.0
49.3 47.22112 14 1.0
49.4 47.31231 14 1.0
49.5 47.40349 14 1.0
49.6 47.49468 14 1.0
49.7 47.58586 14 1.0
49.8 47.67705 14 1.0
49.9 47.76823 14 1.0
50.0 47.85942 14 1.0
50.1 47.94262 14 1.0
50.2 48.02583 14 1.0
50.3 48.10903 14 1.0
50.4 48.19224 14 1.0
50.5 48.27544 14 1.0
50.6 48.35865 14 1.0
50.7 48.44185 14 1.0
50.8 48.52506 14 1.0
50.9 48.60826 14 1.0
51.0 48.69147 14 1.0
51.1 48.77467 14 1.0
51.2 48.85788 14 1.0
51.3 48.94108 14 1.0
51.4 49.02429 14 1.0
51.5 49.10749 14 1.0
51.6 49.1907 14 1.0
51.7 49.2739 14 1.0
51.8 49.35711 14 1.0
51.9 49.44031 14 1.0
52.0 49.52351 14 1.0
52.1 49.60672 14 1.0
52.2 49.68992 14 1.0
52.3 49.77313 14 1.0
52.4 49.85633 14 1.0
52.5 49.93954 14 1.0
52.6 50.02274 14 1.0
52.7 50.10595 14 1.0
52.8 50.18915 14 1.0
52.9 50.27236 14 1.0
53.0 50.35556 14 1.0
53.1 50.43877 14 1.0
53.2 50.52197 14 1.0
53.3 50.60518 14 1.0
53.4 50.68838 14 1.0
53.5 50.77159 14 1.0
53.6 50.85479 14 1.0
53.7 50.938 14 1.0
53.8 51.0212 14 1.0
53.9 51.1044 14 1.0
54.0 51.18761 14 1.0
54.1 51.27081 14 1.0
54.2 51.35402 14 1.0
54.3 51.43722 14 1.0
54.4 51.52043 14 1.0
54.5 51.60363 14 1.0
54.6 51.68684 14 1.0
54.7 51.77004 14 1.0
54.8 51.85325 14 1.0
54.9 51.93645 14 1.0
55.0 52.01966 14 1.0
55.1 52.10286 14 1.0
55.2 52.18607 14 1.0
55.3 52.26927 14 1.0
55.4 52.35248 14 1.0
55.5 52.43568 14 1.0
55.6 52.51889 14 1.0
55.7 52.60209 14 1.0
55.8 52.68529 14 1.0
55.9 52.7685 14 1.0
56.0 52.8517 14 1.0
56.1 52.93491 14 1.0
56.2 53.01811 14 1.0
56.3 53.10132 14 1.0
56.4 53.18452 14 1.0
56.5 53.26773 14 1.0
56.6 53.35093 14 1.0
56.7 53.43414 14 1.0
56.8 53.51734 14 1.0
56.9 53.60055 14 1.0
57.0 53.68375 14 1.0
57.1 53.76696 14 1.0
57.2 53.85016 14 1.0
57.3 53.93337 14 1.0
57.4 54.01657 14 1.0
57.5 54.09978 14 1.0
57.6 54.18298 14 1.0
57.7 54.26618 14 1.0
57.8 54.34939 14 1.0
57.9 54.43259 14 1.0
58.0 54.5158 14 1.0
58.1 54.599 14 1.0
58.2 54.68221 14 1.0
58.3 54.76541 14 1.0
58.4 54.84862 14 1.0
58.5 54.93182 14 1.0
58.6 55.01503 14 1.0
58.7 55.09823 14 1.0
58.8 55.18144 14 1.0
58.9 55.26464 14 1.0
59.0 55.34785 14 1.0
59.1 55.43105 14 1.0
59.2 55.51426 14 1.0
59.3 55.59746 14 1.0
59.4 55.68067 14 1.0
59.5 55.76387 14 1.0
59.6 55.84707 14 1.0
59.7 55.93028 14 1.0
59.8 56.01348 14 1.0
59.9 56.09669 14 1.0
60.0 56.17989 14 1.0
60.1 56.2654 14 1.0
60.2 56.35091 14 1.0
60.3 56.43642 14 1.0
60.4 56.52193 14 1.0
60.5 56.60744 14 1.0
60.6 56.69295 14 1.0
60.7 56.77845 14 1.0
60.8 56.86396 14 1.0
60.9 56.94947 14 1.0
61.0 57.03498 14 1.0
61.1 57.12049 14 1.0
61.2 57.206 14 1.0
61.3 57.29151 14 1.0
61.4 57.37702 14 1.0
61.5 57.46252 14 1.0
61.6 57.54803 14 1.0
61.7 57.63354 14 1.0
61.8 57.71905 14 1.0
61.9 57.80456 14 1.0
62.0 57.89007 14 1.0
62.1 57.97558 14 1.0
62.2 58.06109 14 1.0
62.3 58.14659 14 1.0
62.4 58.2321 14 1.0
62.5 58.18713 14 1.0
62.6 57.87612 14 1.0
62.7 57.56423 14 1.0
62.8 57.25147 14 1.0
62.9 56.93783 14 1.0
63.0 56.62331 14 1.0
63.1 56.30792 14 1.0
63.2 55.99165 14 1.0
63.3 55.6745 14 1.0
63.4 55.35648 14 1.0
63.5 55.03759 14 1.0
63.6 54.71781 14 1.0
63.7 54.39716 14 1.0
63.8 54.07564 14 1.0
63.9 53.75324 14 1.0
64.0 53.42996 14 1.0
64.1 53.10581 14 1.0
64.2 52.78078 14 1.0
64.3 52.45487 14 1.0
64.4 52.12809 14 1.0
64.5 51.80044 14 1.0
64.6 51.4719 14 1.0
64.7 51.1425 14 1.0
64.8 50.81221 14 1.0
64.9 50.48105 14 1.0
65.0 50.14901 14 1.0
65.1 49.8161 14 1.0
65.2 49.48231 14 1.0
65.3 49.14765 14 1.0
65.4 48.81211 14 1.0
65.5 48.47569 14 1.0
65.6 48.1384 14 1.0
65.7 47.80023 14 1.0
65.8 47.46118 14 1.0
65.9 47.12126 14 1.0
66.0 46.78047 14 1.0
66.1 46.43879 14 1.0
66.2 46.09625 14 1.0
66.3 45.75282 14 1.0
66.4 45.40852 14 1.0
66.5 45.06334 14 1.0
66.6 44.71729 14 1.0
66.7 44.37036 14 1.0
66.8 44.02256 14 1.0
66.9 43.67388 14 1.0
67.0 43.32432 14 1.0
67.1 42.97389 14 1.0
67.2 42.62258 14 1.0
67.3 42.2704 14 1.0
67.4 41.91734 14 1.0
67.5 41.5634 14 1.0
67.6 41.20859 14 1.0
67.7 40.8529 14 1.0
67.8 40.49633 14 1.0
67.9 40.13889 14 1.0
68.0 39.78058 14 1.0
68.1 39.42138 14 1.0
68.2 39.06132 14 1.0
68.3 38.70037 14 1.0
68.4 38.33855 14 1.0
68.5 37.97586 14 1.0
68.6 37.61228 14 1.0
68.7 37.24783 14 1.0
68.8 36.88251 14 1.0
68.9 36.51631 14 1.0
69.0 36.14923 14 1.0
69.1 35.78128 14 1.0
69.2 35.41245 14 1.0
69.3 35.04275 14 1.0
69.4 34.67217 14 1.0
69.5 34.30071 14 1.0
69.6 33.92838 14 1.0
69.7 33.55517 14 1.0
69.8 33.18109 14 1.0
69.9 32.80613 14 1.0
70.0 32.43029 14 1.0
70.1 32.07815 14 1.0
70.2 31.72553 14 1.0
70.3 31.37243 14 1.0
70.4 31.01886 14 1.0
70.5 30.86589 14 1.0
70.6 30.9117 14 1.0
70.7 30.95751 14 1.0
70.8 31.00332 14 1.0
70.9 31.04912 14 1.0
71.0 31.09493 14 1.0
71.1 31.14074 14 1.0
71.2 31.18654 14 1.0
71.3 31.23235 14 1.0
71.4 31.27816 14 1.0
71.5 31.32397 14 1.0
71.6 31.36977 14 1.0
71.7 31.41558 14 1.0
71.8 31.46139 14 1.0
71.9 31.50719 14 1.0
72.0 31.553 14 1.0
72.1 31.59881 14 1.0
72.2 31.64462 14 1.0
72.3 31.69042 14 1.0
72.4 31.73623 14 1.0
72.5 31.78204 14 1.0
72.6 31.82785 14 1.0
72.7 31.87365 14 1.0
72.8 31.91946 14 1.0
72.9 31.96527 14 1.0
73.0 32.01107 14 1.0
73.1 32.05688 14 1.0
73.2 32.10269 14 1.0
73.3 32.1485 14 1.0
73.4 32.1943 14 1.0
73.5 32.24011 14 1.0
73.6 32.28592 14 1.0
73.7 32.33173 14 1.0
73.8 32.37753 14 1.0
73.9 32.42334 14 1.0
74.0 32.46915 14 1.0
74.1 32.51495 14 1.0
74.2 32.56076 14 1.0
74.3 32.60657 14 1.0
74.4 32.65238 14 1.0
74.5 32.69818 14 1.0
74.6 32.74399 14 1.0
74.7 32.7898 14 1.0
74.8 32.8356 14 1.0
74.9 32.88141 14 1.0
75.0 32.92722 14 1.0
75.1 32.97303 14 1.0
75.2 33.01883 14 1.0
75.3 33.06464 14 1.0
75.4 33.11045 14 1.0
75.5 33.15626 14 1.0
75.6 33.20206 14 1.0
75.7 33.24787 14 1.0
75.8 33.29368 14 1.0
75.9 33.33948 14 1.0
76.0 33.38529 14 1.0
76.1 33.4311 14 1.0
76.2 33.47691 14 1.0
76.3 33.52271 14 1.0
76.4 33.56852 14 1.0
76.5 33.61433 14 1.0
76.6 33.66014 14 1.0
76.7 33.70594 14 1.0
76.8 33.75175 14 1.0
76.9 33.79756 14 1.0
77.0 33.84336 14 1.0
77.1 33.88917 14 1.0
77.2 33.93498 14 1.0
77.3 33.98079 14 1.0
77.4 34.02659 14 1.0
77.5 34.0724 14 1.0
77.6 34.11821 14 1.0
77.7 34.16401 14 1.0
77.8 34.20982 14 1.0
77.9 34.25563 14 1.0
78.0 34.30144 14 1.0
78.1 34.34724 14 1.0
78.2 34.39305 14 1.0
78.3 34.43886 14 1.0
78.4 34.48467 14 1.0
78.5 34.53047 14 1.0
78.6 34.57628 14 1.0
78.7 34.62209 14 1.0
78.8 34.66789 14 1.0
78.9 34.7137 14 1.0
79.0 34.75951 14 1.0
79.1 34.80532 14 1.0
79.2 34.85112 14 1.0
79.3 34.89693 14 1.0
79.4 34.94274 14 1.0
79.5 34.98855 14 1.0
79.6 35.03435 14 1.0
79.7 35.08016 14 1.0
79.8 35.12597 14 1.0
79.9 35.17177 14 1.0
80.0 35.21758 14 1.0
80.1 35.15954 14 1.0
80.2 35.10149 14 1.0
80.3 35.04344 14 1.0
80.4 34.9854 14 1.0
80.5 34.92735 14 1.0
80.6 34.8693 14 1.0
80.7 34.81126 14 1.0
80.8 34.75321 14 1.0
80.9 34.69517 14 1.0
81.0 34.63712 14 1.0
81.1 34.57907 14 1.0
81.2 34.52103 14 1.0
81.3 34.46298 14 1.0
81.4 34.40494 14 1.0
81.5 34.34689 14 1.0
81.6 34.28884 14 1.0
81.7 34.2308 14 1.0
81.8 34.17275 14 1.0
81.9 34.11471 14 1.0
82.0 34.05666 14 1.0
82.1 33.99861 14 1.0
82.2 33.94057 14 1.0
82.3 33.88252 14 1.0
82.4 33.82447 14 1.0
82.5 33.76643 14 1.0
82.6 33.70838 14 1.0
82.7 33.65034 14 1.0
82.8 33.59229 14 1.0
82.9 33.53424 14 1.0
83.0 33.4762 14 1.0
83.1 33.41815 14 1.0
83.2 33.36011 14 1.0
83.3 33.30206 14 1.0
83.4 33.24401 14 1.0
83.5 33.18597 14 1.0
83.6 33.12792 14 1.0
83.7 33.06988 14 1.0
83.8 33.01183 14 1.0
83.9 32.95378 14 1.0
84.0 32.89574 14 1.0
84.1 32.83769 14 1.0
84.2 32.77964 14 1.0
84.3 32.7216 14 1.0
84.4 32.66355 14 1.0
84.5 32.60551 14 1.0
84.6 32.54746 14 1.0
84.7 32.48941 14 1.0
84.8 32.43137 14 1.0
84.9 32.37332 14 1.0
85.0 32.31528 14 1.0
85.1 32.25723 14 1.0
85.2 32.19918 14 1.0
85.3 32.14114 14 1.0
85.4 32.08309 14 1.0
85.5 32.02505 14 1.0
85.6 32.03626 14 1.0
85.7 32.86739 14 1.0
85.8 33.70438 14 1.0
85.9 34.54723 14 1.0
86.0 35.39595 14 1.0
86.1 36.25053 14 1.0
86.2 37.11098 14 1.0
86.3 37.97729 14 1.0
86.4 38.84946 14 1.0
86.5 39.72749 14 1.0
86.6 40.61139 14 1.0
86.7 41.50115 14 1.0
86.8 42.39678 14 1.0
86.9 43.29826 14 1.0
87.0 44.20561 14 1.0
87.1 45.11883 14 1.0
87.2 46.0379 14 1.0
87.3 46.96284 14 1.0
87.4 47.89365 14 1.0
87.5 48.83031 14 1.0
87.6 49.77284 14 1.0
87.7 50.72124 14 1.0
87.8 51.67549 14 1.0
87.9 52.63561 14 1.0
88.0 53.60159 14 1.0
88.1 54.57344 14 1.0
88.2 55.55115 14 1.0
88.3 56.53472 14 1.0
88.4 57.52415 14 1.0
88.5 58.51945 14 1.0
88.6 59.52061 14 1.0
88.7 60.52764 14 1.0
88.8 61.54053 14 1.0
88.9 62.55928 14 1.0
89.0 63.58389 14 1.0
89.1 64.61437 14 1.0
89.2 65.65071 14 1.0
89.3 66.69291 14 1.0
89.4 67.74098 14 1.0
89.5 68.79491 14 1.0
89.6 69.85471 14 1.0
89.7 70.92036 14 1.0
89.8 71.99188 14 1.0
89.9 73.06926 14 1.0
90.0 74.15251 14 1.0
90.1 73.9164 14 1.0
90.2 73.67993 14 1.0
90.3 73.44311 14 1.0
90.4 73.20593 14 1.0
90.5 72.96839 14 1.0
90.6 72.7305 14 1.0
90.7 72.49225 14 1.0
90.8 72.25364 14 1.0
90.9 72.01467 14 1.0
91.0 71.77535 14 1.0
91.1 71.53567 14 1.0
91.2 71.29563 14 1.0
91.3 71.05524 14 1.0
91.4 70.81449 14 1.0
91.5 70.57338 14 1.0
91.6 70.33191 14 1.0
91.7 70.09009 14 1.0
91.8 69.84791 14 1.0
91.9 69.60538 14 1.0
92.0 69.36248 14 1.0
92.1 69.11923 14 1.0
92.2 68.87563 14 1.0
92.3 68.63166 14 1.0
92.4 68.38734 14 1.0
92.5 68.14266 14 1.0
92.6 67.89763 14 1.0
92.7 67.65224 14 1.0
92.8 67.40649 14 1.0
92.9 67.16038 14 1.0
93.0 66.91392 14 1.0
93.1 66.6671 14 1.0
93.2 66.41992 14 1.0
93.3 66.17239 14 1.0
93.4 65.9245 14 1.0
93.5 65.67625 14 1.0
93.6 65.42764 14 1.0
93.7 65.17868 14 1.0
93.8 64.92936 14 1.0
93.9 64.67969 14 1.0
94.0 64.42965 14 1.0
94.1 64.17926 14 1.0
94.2 63.92852 14 1.0
94.3 63.67741 14 1.0
94.4 63.42595 14 1.0
94.5 63.17413 14 1.0
94.6 62.92196 14 1.0
94.7 62.66943 14 1.0
94.8 62.41654 14 1.0
94.9 62.16329 14 1.0
95.0 61.90969 14 1.0
95.1 61.65573 14 1.0
95.2 61.40141 14 1.0
95.3 61.14674 14 1.0
95.4 60.89171 14 1.0
95.5 60.63632 14 1.0
95.6 60.38057 14 1.0
95.7 60.12447 14 1.0
95.8 59.86801 14 1.0
95.9 59.61119 14 1.0
96.0 59.35402 14 1.0
96.1 59.09649 14 1.0
96.2 58.8386 14 1.0
96.3 58.58036 14 1.0
96.4 58.32176 14 1.0
96.5 58.0628 14 1.0
96.6 57.80348 14 1.0
96.7 57.54381 14 1.0
96.8 57.28378 14 1.0
96.9 57.0234 14 1.0
97.0 56.76265 14 1.0
97.1 56.50155 14 1.0
97.2 56.24009 14 1.0
97.3 55.97828 14 1.0
97.4 55.71611 14 1.0
97.5 55.45358 14 1.0
97.6 55.1907 14 1.0
97.7 54.92745 14 1.0
97.8 54.66385 14 1.0
97.9 54.3999 14 1.0
98.0 54.13558 14 1.0
98.1 53.87091 14 1.0
98.2 53.60589 14 1.0
98.3 53.3405 14 1.0
98.4 53.07476 14 1.0
98.5 52.80866 14 1.0
98.6 52.54221 14 1.0
98.7 52.27539 14 1.0
98.8 52.00822 14 1.0
98.9 51.7407 14 1.0
99.0 51.47281 14 1.0
99.1 51.20457 14 1.0
99.2 50.93598 14 1.0
99.3 50.66702 14 1.0
99.4 50.39771 14 1.0
99.5 50.12804 14 1.0
99.6 49.85801 14 1.0
99.7 49.58763 14 1.0
99.8 49.31689 14 1.0
99.9 49.0458 14 1.0
100.0 48.77434 14 1.0
100.1 48.3832 14 1.0
100.2 47.9916 14 1.0
100.3 47.59952 14 1.0
100.4 47.20697 14 1.0
100.5 46.81396 14 1.0
100.6 46.42047 14 1.0
100.7 46.02651 14 1.0
100.8 45.63208 14 1.0
100.9 45.23719 14 1.0
101.0 44.84182 14 1.0
101.1 44.44598 14 1.0
101.2 44.04968 14 1.0
101.3 43.6529 14 1.0
101.4 43.25565 14 1.0
101.5 42.85794 14 1.0
101.6 42.45975 14 1.0
101.7 42.0611 14 1.0
101.8 41.66197 14 1.0
101.9 41.26237 14 1.0
102.0 40.86231 14 1.0
102.1 40.46177 14 1.0
102.2 40.06076 14 1.0
102.3 39.65929 14 1.0
102.4 39.25734 14 1.0
102.5 38.85493 14 1.0
102.6 38.45204 14 1.0
102.7 38.04869 14 1.0
102.8 37.64486 14 1.0
102.9 37.24056 14 1.0
103.0 36.8358 14 1.0
103.1 36.43056 14 1.0
103.2 36.02486 14 1.0
103.3 35.61868 14 1.0
103.4 35.21204 14 1.0
103.5 34.80492 14 1.0
103.6 34.39734 14 1.0
103.7 33.98928 14 1.0
103.8 33.58076 14 1.0
103.9 33.17176 14 1.0
104.0 33.19954 14 1.0
104.1 33.23267 14 1.0
104.2 33.26581 14 1.0
104.3 33.29894 14 1.0
104.4 33.33208 14 1.0
104.5 33.36521 14 1.0
104.6 33.39835 14 1.0
104.7 33.43148 14 1.0
104.8 33.46462 14 1.0
104.9 33.49775 14 1.0
105.0 33.53089 14 1.0
105.1 33.56402 14 1.0
105.2 33.59716 14 1.0
105.3 33.63029 14 1.0
105.4 33.66343 14 1.0
105.5 33.69656 14 1.0
105.6 33.7297 14 1.0
105.7 33.76283 14 1.0
105.8 33.79597 14 1.0
105.9 33.8291 14 1.0
106.0 33.86224 14 1.0
106.1 33.89537 14 1.0
106.2 33.92851 14 1.0
106.3 33.96164 14 1.0
106.4 33.99478 14 1.0
106.5 34.02791 14 1.0
106.6 34.06105 14 1.0
106.7 34.09418 14 1.0
106.8 34.12732 14 1.0
106.9 34.16045 14 1.0
107.0 34.19359 14 1.0
107.1 34.22672 14 1.0
107.2 34.25986 14 1.0
107.3 34.29299 14 1.0
107.4 34.32613 14 1.0
107.5 34.35926 14 1.0
107.6 34.3924 14 1.0
107.7 34.42553 14 1.0
107.8 34.45867 14 1.0
107.9 34.49181 14 1.0
108.0 34.52494 14 1.0
108.1 34.55808 14 1.0
108.2 34.59121 14 1.0
108.3 34.62435 14 1.0
108.4 34.65748 14 1.0
108.5 34.69062 14 1.0
108.6 34.72375 14 1.0
108.7 34.75689 14 1.0
108.8 34.79002 14 1.0
108.9 34.82316 14 1.0
109.0 34.85629 14 1.0
109.1 34.88943 14 1.0
109.2 34.92256 14 1.0
109.3 34.9557 14 1.0
109.4 34.98883 14 1.0
109.5 35.02197 14 1.0
109.6 35.0551 14 1.0
109.7 35.08824 14 1.0
109.8 35.12137 14 1.0
109.9 35.15451 14 1.0
110.0 35.18764 14 1.0
110.1 35.23389 14 1.0
110.2 35.28014 14 1.0
110.3 35.32639 14 1.0
110.4 35.37264 14 1.0
110.5 35.41889 14 1.0
110.6 35.46514 14 1.0
110.7 35.51139 14 1.0
110.8 35.55764 14 1.0
110.9 35.60389 14 1.0
111.0 35.65014 14 1.0
111.1 35.69639 14 1.0
111.2 35.74264 14 1.0
111.3 35.78889 14 1.0
111.4 35.83514 14 1.0
111.5 35.88139 14 1.0
111.6 35.92764 14 1.0
111.7 35.97389 14 1.0
111.8 36.02014 14 1.0
111.9 36.06639 14 1.0
112.0 36.11264 14 1.0
112.1 36.15889 14 1.0
112.2 36.20514 14 1.0
112.3 36.25139 14 1.0
112.4 36.29764 14 1.0
112.5 36.34389 14 1.0
112.6 36.39014 14 1.0
112.7 36.43639 14 1.0
112.8 36.48264 14 1.0
112.9 36.52889 14 1.0
113.0 36.57514 14 1.0
113.1 36.62139 14 1.0
113.2 36.66764 14 1.0
113.3 36.71389 14 1.0
113.4 36.76014 14 1.0
113.5 36.80639 14 1.0
113.6 36.85264 14 1.0
113.7 36.89889 14 1.0
113.8 36.94514 14 1.0
113.9 36.99139 14 1.0
114.0 37.03764 14 1.0
114.1 37.08389 14 1.0
114.2 37.13014 14 1.0
114.3 37.17639 14 1.0
114.4 37.22264 14 1.0
114.5 37.26889 14 1.0
114.6 37.31514 14 1.0
114.7 37.36139 14 1.0
114.8 37.40764 14 1.0
114.9 37.45389 14 1.0
115.0 37.50014 14 1.0
115.1 37.54639 14 1.0
115.2 37.59264 14 1.0
115.3 37.63889 14 1.0
115.4 37.68514 14 1.0
115.5 37.73139 14 1.0
115.6 37.77764 14 1.0
115.7 37.82389 14 1.0
115.8 37.87014 14 1.0
115.9 37.91639 14 1.0
116.0 37.96264 14 1.0
116.1 38.00889 14 1.0
116.2 38.05514 14 1.0
116.3 38.10139 14 1.0
116.4 38.14764 14 1.0
116.5 38.19389 14 1.0
116.6 38.24014 14 1.0
116.7 38.28639 14 1.0
116.8 38.33264 14 1.0
116.9 38.37889 14 1.0
117.0 38.42514 14 1.0
117.1 38.47139 14 1.0
117.2 38.51764 14 1.0
117.3 38.56389 14 1.0
117.4 38.61014 14 1.0
117.5 38.65639 14 1.0
117.6 38.70264 14 1.0
117.7 38.74889 14 1.0
117.8 38.79514 14 1.0
117.9 38.84139 14 1.0
118.0 38.88764 14 1.0
118.1 38.93389 14 1.0
118.2 38.98014 14 1.0
118.3 39.02639 14 1.0
118.4 39.07264 14 1.0
118.5 39.11889 14 1.0
118.6 39.16514 14 1.0
118.7 39.21139 14 1.0
118.8 39.25764 14 1.0
118.9 39.30389 14 1.0
119.0 39.35014 14 1.0
119.1 39.39639 14 1.0
119.2 39.44264 14 1.0
119.3 39.48889 14 1.0
119.4 39.53514 14 1.0
119.5 39.58139 14 1.0
119.6 39.62764 14 1.0
119.7 39.67389 14 1.0
119.8 39.72014 14 1.0
119.9 39.76639 14 1.0
120.0 39.81264 14 1.0
120.1 39.83086 14 1.0
120.2 39.84908 14 1.0
120.3 39.86729 14 1.0
120.4 39.88551 14 1.0
120.5 39.90373 14 1.0
120.6 39.92195 14 1.0
120.7 39.94017 14 1.0
120.8 39.95839 14 1.0
120.9 39.97661 14 1.0
121.0 39.99482 14 1.0
121.1 40.01304 14 1.0
121.2 40.03126 14 1.0
121.3 40.04948 14 1.0
121.4 40.0677 14 1.0
121.5 40.08592 14 1.0
121.6 40.10414 14 1.0
121.7 40.12235 14 1.0
121.8 40.14057 14 1.0
121.9 40.15879 14 1.0
122.0 40.17701 14 1.0
122.1 40.19523 14 1.0
122.2 40.21345 14 1.0
122.3 40.23167 14 1.0
122.4 40.24988 14 1.0
122.5 40.2681 14 1.0
122.6 40.28632 14 1.0
122.7 40.30454 14 1.0
122.8 40.32276 14 1.0
122.9 40.34098 14 1.0
123.0 40.3592 14 1.0
123.1 40.37742 14 1.0
123.2 40.39563 14 1.0
123.3 40.41385 14 1.0
123.4 40.43207 14 1.0
123.5 40.45029 14 1.0
123.6 40.46851 14 1.0
123.7 40.48673 14 1.0
123.8 40.50495 14 1.0
123.9 40.52316 14 1.0
124.0 40.54138 14 1.0
124.1 40.5596 14 1.0
124.2 40.57782 14 1.0
124.3 40.59604 14 1.0
124.4 40.61426 14 1.0
124.5 40.63248 14 1.0
124.6 40.65069 14 1.0
124.7 40.66891 14 1.0
124.8 40.68713 14 1.0
124.9 40.70535 14 1.0
125.0 40.72357 14 1.0
125.1 40.74179 14 1.0
125.2 40.76001 14 1.0
125.3 40.77822 14 1.0
125.4 40.79644 14 1.0
125.5 40.81466 14 1.0
125.6 40.83288 14 1.0
125.7 40.8511 14 1.0
125.8 40.86932 14 1.0
125.9 40.88754 14 1.0
126.0 40.90575 14 1.0
126.1 40.92397 14 1.0
126.2 40.94219 14 1.0
126.3 40.96041 14 1.0
126.4 40.97863 14 1.0
126.5 40.99685 14 1.0
126.6 41.01507 14 1.0
126.7 41.03328 14 1.0
126.8 41.0515 14 1.0
126.9 41.06972 14 1.0
127.0 41.08794 14 1.0
127.1 41.10616 14 1.0
127.2 41.12438 14 1.0
127.3 41.1426 14 1.0
127.4 41.16081 14 1.0
127.5 41.17903 14 1.0
127.6 41.19725 14 1.0
127.7 41.21547 14 1.0
127.8 41.23369 14 1.0
127.9 41.25191 14 1.0
128.0 41.27013 14 1.0
128.1 41.28835 14 1.0
128.2 41.30656 14 1.0
128.3 41.32478 14 1.0
128.4 41.343 14 1.0
128.5 41.36122 14 1.0
128.6 41.37944 14 1.0
128.7 41.39766 14 1.0
128.8 41.41588 14 1.0
128.9 41.43409 14 1.0
129.0 41.45231 14 1.0
129.1 41.47053 14 1.0
129.2 41.48875 14 1.0
129.3 41.50697 14 1.0
129.4 41.52519 14 1.0
129.5 41.54341 14 1.0
129.6 41.56162 14 1.0
129.7 41.57984 14 1.0
129.8 41.59806 14 1.0
129.9 41.61628 14 1.0
130.0 41.6345 14 1.0
130.1 41.67602 14 1.0
130.2 41.71753 14 1.0
130.3 41.75905 14 1.0
130.4 41.80057 14 1.0
130.5 41.84209 14 1.0
130.6 41.8836 14 1.0
130.7 41.92512 14 1.0
130.8 41.96664 14 1.0
130.9 42.00816 14 1.0
131.0 42.04968 14 1.0
131.1 42.09119 14 1.0
131.2 42.13271 14 1.0
131.3 42.17423 14 1.0
131.4 42.21575 14 1.0
131.5 42.25726 14 1.0
131.6 42.29878 14 1.0
131.7 42.3403 14 1.0
131.8 42.38182 14 1.0
131.9 42.42334 14 1.0
132.0 42.46485 14 1.0
132.1 42.50637 14 1.0
132.2 42.54789 14 1.0
132.3 42.58941 14 1.0
132.4 42.63092 14 1.0
132.5 42.67244 14 1.0
132.6 42.71396 14 1.0
132.7 42.75548 14 1.0
132.8 42.79699 14 1.0
132.9 42.83851 14 1.0
133.0 42.88003 14 1.0
133.1 42.92155 14 1.0
133.2 42.96307 14 1.0
133.3 43.00458 14 1.0
133.4 43.0461 14 1.0
133.5 43.08762 14 1.0
133.6 43.12914 14 1.0
133.7 43.17065 14 1.0
133.8 43.21217 14 1.0
133.9 43.25369 14 1.0
134.0 43.29521 14 1.0
134.1 43.33672 14 1.0
134.2 43.37824 14 1.0
134.3 43.41976 14 1.0
134.4 43.46128 14 1.0
134.5 43.5028 14 1.0
134.6 43.54431 14 1.0
134.7 43.58583 14 1.0
134.8 43.62735 14 1.0
134.9 43.66887 14 1.0
135.0 43.71038 14 1.0
135.1 43.7519 14 1.0
135.2 43.79342 14 1.0
135.3 43.83494 14 1.0
135.4 43.87646 14 1.0
135.5 43.91797 14 1.0
135.6 43.95949 14 1.0
135.7 44.00101 14 1.0
135.8 44.04253 14 1.0
135.9 44.08404 14 1.0
136.0 44.12556 14 1.0
136.1 44.16708 14 1.0
136.2 44.2086 14 1.0
136.3 44.25011 14 1.0
136.4 44.29163 14 1.0
136.5 44.33315 14 1.0
136.6 44.37467 14 1.0
136.7 44.41619 14 1.0
136.8 44.4577 14 1.0
136.9 44.49922 14 1.0
137.0 44.54074 14 1.0
137.1 44.58226 14 1.0
137.2 44.62377 14 1.0
137.3 44.66529 14 1.0
137.4 44.70681 14 1.0
137.5 44.74833 14 1.0
137.6 44.78984 14 1.0
137.7 44.83136 14 1.0
137.8 44.87288 14 1.0
137.9 44.9144 14 1.0
138.0 44.95592 14 1.0
138.1 44.99743 14 1.0
138.2 45.03895 14 1.0
138.3 45.08047 14 1.0
138.4 45.12199 14 1.0
138.5 45.1635 14 1.0
138.6 45.20502 14 1.0
138.7 45.24654 14 1.0
138.8 45.28806 14 1.0
138.9 45.32958 14 1.0
139.0 45.37109 14 1.0
139.1 45.41261 14 1.0
139.2 45.45413 14 1.0
139.3 45.49565 14 1.0
139.4 45.53716 14 1.0
139.5 45.57868 14 1.0
139.6 45.6202 14 1.0
139.7 45.66172 14 1.0
139.8 45.70323 14 1.0
139.9 45.74475 14 1.0
140.0 45.78627 14 1.0
140.1 45.82684 14 1.0
140.2 45.86741 14 1.0
140.3 45.90799 14 1.0
140.4 45.94856 14 1.0
140.5 45.98913 14 1.0
140.6 46.0297 14 1.0
140.7 46.07028 14 1.0
140.8 46.11085 14 1.0
140.9 46.15142 14 1.0
141.0 46.19199 14 1.0
141.1 46.23257 14 1.0
141.2 46.27314 14 1.0
141.3 46.31371 14 1.0
141.4 46.35428 14 1.0
141.5 46.39486 14 1.0
141.6 46.43543 14 1.0
141.7 46.476 14 1.0
141.8 46.51657 14 1.0
141.9 46.55715 14 1.0
142.0 46.59772 14 1.0
142.1 46.63829 14 1.0
142.2 46.67886 14 1.0
142.3 46.71944 14 1.0
142.4 46.76001 14 1.0
142.5 46.80058 14 1.0
142.6 46.84115 14 1.0
142.7 46.88172 14 1.0
142.8 46.9223 14 1.0
142.9 46.96287 14 1.0
143.0 47.00344 14 1.0
143.1 47.04401 14 1.0
143.2 47.08459 14 1.0
143.3 47.12516 14 1.0
143.4 47.16573 14 1.0
143.5 47.2063 14 1.0
143.6 47.24688 14 1.0
143.7 47.28745 14 1.0
143.8 47.32802 14 1.0
143.9 47.36859 14 1.0
144.0 47.40917 14 1.0
144.1 47.44974 14 1.0
144.2 47.49031 14 1.0
144.3 47.53088 14 1.0
144.4 47.57146 14 1.0
144.5 47.61203 14 1.0
144.6 47.6526 14 1.0
144.7 47.69317 14 1.0
144.8 47.73375 14 1.0
144.9 47.77432 14 1.0
145.0 47.81489 14 1.0
145.1 47.85546 14 1.0
145.2 47.89604 14 1.0
145.3 47.93661 14 1.0
145.4 47.97718 14 1.0
145.5 48.01775 14 1.0
145.6 48.05832 14 1.0
145.7 48.0989 14 1.0
145.8 48.13947 14 1.0
145.9 48.18004 14 1.0
146.0 48.22061 14 1.0
146.1 48.26119 14 1.0
146.2 48.30176 14 1.0
146.3 48.34233 14 1.0
146.4 48.3829 14 1.0
146.5 48.42348 14 1.0
146.6 48.46405 14 1.0
146.7 48.50462 14 1.0
146.8 48.54519 14 1.0
146.9 48.58577 14 1.0
147.0 48.62634 14 1.0
147.1 48.66691 14 1.0
147.2 48.70748 14 1.0
147.3 48.74806 14 1.0
147.4 48.78863 14 1.0
147.5 48.8292 14 1.0
147.6 48.86977 14 1.0
147.7 48.91035 14 1.0
147.8 48.95092 14 1.0
147.9 48.99149 14 1.0
148.0 49.03206 14 1.0
148.1 49.07263 14 1.0
148.2 49.11321 14 1.0
148.3 49.15378 14 1.0
148.4 49.19435 14 1.0
148.5 49.23492 14 1.0
148.6 49.2755 14 1.0
148.7 49.31607 14 1.0
148.8 49.35664 14 1.0
148.9 49.39721 14 1.0
149.0 49.43779 14 1.0
149.1 49.47836 14 1.0
149.2 49.51893 14 1.0
149.3 49.5595 14 1.0
149.4 49.60008 14 1.0
149.5 49.64065 14 1.0
149.6 49.68122 14 1.0
149.7 49.72179 14 1.0
149.8 49.76237 14 1.0
149.9 49.80294 14 1.0
150.0 49.84351 14 1.0
150.1 49.88198 14 1.0
150.2 49.92046 14 1.0
150.3 49.95893 14 1.0
150.4 49.99741 14 1.0
150.5 50.03588 14 1.0
150.6 50.07435 14 1.0
150.7 50.11283 14 1.0
150.8 50.1513 14 1.0
150.9 50.18978 14 1.0
151.0 50.22825 14 1.0
151.1 50.26673 14 1.0
151.2 50.3052 14 1.0
151.3 50.34367 14 1.0
151.4 50.38215 14 1.0
151.5 50.42062 14 1.0
151.6 50.4591 14 1.0
151.7 50.49757 14 1.0
151.8 50.53604 14 1.0
151.9 50.57452 14 1.0
152.0 50.61299 14 1.0
152.1 50.65147 14 1.0
152.2 50.68994 14 1.0
152.3 50.72841 14 1.0
152.4 50.76689 14 1.0
152.5 50.80536 14 1.0
152.6 50.84384 14 1.0
152.7 50.88231 14 1.0
152.8 50.92078 14 1.0
152.9 50.95926 14 1.0
153.0 50.99773 14 1.0
153.1 51.03621 14 1.0
153.2 51.07468 14 1.0
153.3 51.11315 14 1.0
153.4 51.15163 14 1.0
153.5 51.1901 14 1.0
153.6 51.22858 14 1.0
153.7 51.26705 14 1.0
153.8 51.30552 14 1.0
153.9 51.344 14 1.0
154.0 51.38247 14 1.0
154.1 51.42095 14 1.0
154.2 51.45942 14 1.0
154.3 51.49789 14 1.0
154.4 51.53637 14 1.0
154.5 51.57484 14 1.0
154.6 51.61332 14 1.0
154.7 51.65179 14 1.0
154.8 51.69027 14 1.0
154.9 51.72874 14 1.0
155.0 51.76721 14 1.0
155.1 51.80569 14 1.0
155.2 51.84416 14 1.0
155.3 51.88264 14 1.0
155.4 51.92111 14 1.0
155.5 51.95958 14 1.0
155.6 51.99806 14 1.0
155.7 52.03653 14 1.0
155.8 52.07501 14 1.0
155.9 52.11348 14 1.0
156.0 52.15195 14 1.0
156.1 52.19043 14 1.0
156.2 52.2289 14 1.0
156.3 52.26738 14 1.0
156.4 52.30585 14 1.0
156.5 52.34432 14 1.0
156.6 52.3828 14 1.0
156.7 52.42127 14 1.0
156.8 52.45975 14 1.0
156.9 52.49822 14 1.0
157.0 52.53669 14 1.0
157.1 52.57517 14 1.0
157.2 52.61364 14 1.0
157.3 52.65212 14 1.0
157.4 52.69059 14 1.0
157.5 52.72906 14 1.0
157.6 52.76754 14 1.0
157.7 52.80601 14 1.0
157.8 52.84449 14 1.0
157.9 52.88296 14 1.0
158.0 52.92143 14 1.0
158.1 52.95991 14 1.0
158.2 52.99838 14 1.0
158.3 53.03686 14 1.0
158.4 53.07533 14 1.0
158.5 53.11381 14 1.0
158.6 53.15228 14 1.0
158.7 53.19075 14 1.0
158.8 53.22923 14 1.0
158.9 53.2677 14 1.0
159.0 53.30618 14 1.0
159.1 53.34465 14 1.0
159.2 53.38312 14 1.0
159.3 52.9218 14 1.0
159.4 52.36932 14 1.0
159.5 51.816 14 1.0
159.6 51.26184 14 1.0
159.7 50.70683 14 1.0
159.8 50.15098 14 1.0
159.9 49.59429 14 1.0
160.0 49.03676 14 1.0
160.1 48.47839 14 1.0
160.2 47.91917 14 1.0
160.3 47.35911 14 1.0
160.4 46.79821 14 1.0
160.5 46.23647 14 1.0
160.6 45.67389 14 1.0
160.7 45.11046 14 1.0
160.8 44.54619 14 1.0
160.9 43.98108 14 1.0
161.0 43.41512 14 1.0
161.1 42.84833 14 1.0
161.2 42.28069 14 1.0
161.3 41.71221 14 1.0
161.4 41.14289 14 1.0
161.5 40.57272 14 1.0
161.6 40.00171 14 1.0
161.7 39.42987 14 1.0
161.8 38.85717 14 1.0
161.9 38.28364 14 1.0
162.0 37.70926 14 1.0
162.1 37.13405 14 1.0
162.2 36.55799 14 1.0
162.3 35.98108 14 1.0
162.4 35.40334 14 1.0
162.5 34.79208 14 1.0
162.6 34.165 14 1.0
162.7 33.53695 14 1.0
162.8 32.90793 14 1.0
162.9 32.27794 14 1.0
163.0 31.64699 14 1.0
163.1 31.01507 14 1.0
163.2 30.38218 14 1.0
163.3 29.74833 14 1.0
163.4 29.11351 14 1.0
163.5 28.47772 14 1.0
163.6 27.84096 14 1.0
163.7 27.20324 14 1.0
163.8 26.56455 14 1.0
163.9 25.92489 14 1.0
164.0 25.28427 14 1.0
164.1 24.64268 14 1.0
164.2 24.00012 14 1.0
164.3 23.35659 14 1.0
164.4 22.7121 14 1.0
164.5 22.06664 14 1.0
164.6 21.42021 14 1.0
164.7 20.77282 14 1.0
164.8 20.12446 14 1.0
164.9 19.47513 14 1.0
165.0 18.82483 14 1.0
165.1 18.17357 14 1.0
165.2 17.52134 14 1.0
165.3 16.86814 14 1.0
165.4 16.21398 14 1.0
165.5 15.55885 14 1.0
165.6 14.90275 14 1.0
165.7 14.24569 14 1.0
165.8 13.58765 14 1.0
165.9 12.92865 14 1.0
166.0 12.26869 14 1.0
166.1 11.60775 14 1.0
166.2 10.94585 14 1.0
166.3 10.28299 14 1.0
166.4 9.619291 14 1.0
166.5 8.954489 14 1.0
166.6 8.28872 14 1.0
166.7 7.621984 14 1.0
166.8 6.95428 14 1.0
166.9 6.28561 14 1.0
167.0 5.615972 14 1.0
167.1 4.945368 14 1.0
167.2 4.273796 14 1.0
167.3 0.0 15 0.0
167.4 0.0 15 0.0
167.5 0.0 15 0.0
167.6 0.0 15 0.0
167.7 0.0 15 0.0
167.8 0.0 15 0.0
167.9 0.0 15 0.0
168.0 0.0 15 0.0
168.1 0.0 15 0.0
168.2 0.0 15 0.0
168.3 0.0 15 0.0
168.4 0.0 15 0.0
168.5 0.0 15 0.0
168.6 0.0 15 0.0
168.7 0.0 15 0.0
168.8 0.0 15 0.0
168.9 0.0 15 0.0
169.0 0.0 15 0.0
169.1 0.0 15 0.0
169.2 0.0 15 0.0
169.3 0.0 15 0.0
169.4 0.0 15 0.0
169.5 0.0 15 0.0
169.6 0.0 15 0.0
169.7 0.0 15 0.0
169.8 0.0 15 0.0
169.9 0.0 15 0.0
170.0 0.0 15 0.0
170.1 0.0 15 0.0
170.2 0.0 15 0.0
170.3 0.0 15 0.0
170.4 0.0 15 0.0
170.5 0.0 15 0.0
170.6 0.0 15 0.0
170.7 0.0 15 0.0
170.8 0.0 15 0.0
170.9 0.0 15 0.0
171.0 0.0 15 0.0
171.1 0.0 15 0.0
171.2 0.0 15 0.0
171.3 0.0 15 0.0
171.4 0.0 15 0.0
171.5 0.0 15 0.0
171.6 0.0 15 0.0
171.7 0.0 15 0.0
171.8 0.0 15 0.0
171.9 0.0 15 0.0
172.0 0.0 15 0.0
172.1 0.0 15 0.0
172.2 0.0 15 0.0
172.3 0.0 15 0.0
172.4 0.0 15 0.0
172.5 0.0 15 0.0
172.6 0.0 15 0.0
172.7 0.0 15 0.0
172.8 0.0 15 0.0
172.9 0.0 15 0.0
173.0 0.0 15 0.0
173.1 0.0 15 0.0
173.2 0.0 15 0.0
173.3 0.0 15 0.0
173.4 0.0 15 0.0
173.5 0.0 15 0.0
173.6 0.0 15 0.0
173.7 0.0 15 0.0
173.8 0.0 15 0.0
173.9 0.0 15 0.0
174.0 0.0 15 0.0
174.1 0.0 15 0.0
174.2 0.0 15 0.0
174.3 0.0 15 0.0
174.4 0.0 15 0.0
174.5 0.0 15 0.0
174.6 0.0 15 0.0
174.7 0.0 15 0.0
174.8 0.0 15 0.0
174.9 0.0 15 0.0
175.0 0.0 15 0.0
175.1 0.0 15 0.0
175.2 0.0 15 0.0
175.3 0.0 15 0.0
175.4 0.0 15 0.0
175.5 0.0 15 0.0
175.6 0.0 15 0.0
175.7 0.0 15 0.0
175.8 0.0 15 0.0
175.9 0.0 15 0.0
176.0 0.0 15 0.0
176.1 0.0 15 0.0
176.2 0.0 15 0.0
176.3 0.0 15 0.0
176.4 0.0 15 0.0
176.5 0.0 15 0.0
176.6 0.0 15 0.0
176.7 0.0 15 0.0
176.8 0.0 15 0.0
176.9 0.0 15 0.0
177.0 0.0 15 0.0
177.1 0.0 15 0.0
177.2 0.0 15 0.0
177.3 0.0 15 0.0
177.4 0.0 15 0.0
177.5 0.0 15 0.0
177.6 0.0 15 0.0
177.7 0.0 15 0.0
177.8 0.0 15 0.0
177.9 0.0 15 0.0
178.0 0.0 15 0.0
178.1 0.0 15 0.0
178.2 0.0 15 0.0
178.3 0.0 15 0.0
178.4 0.0 15 0.0
178.5 0.0 15 0.0
178.6 0.0 15 0.0
178.7 0.0 15 0.0
178.8 0.0 15 0.0
178.9 0.0 15 0.0
179.0 0.0 15 0.0
179.1 0.0 15 0.0
179.2 0.0 15 0.0
179.3 0.0 15 0.0
179.4 0.0 15 0.0
179.5 0.0 15 0.0
179.6 0.0 15 0.0
179.7 0.0 15 0.0
179.8 0.0 15 0.0
179.8 0.0 15 0.0
180.0 0.0 15 0.0
180.0 0.0 15 0.0
180.1 0.0 15 0.0
180.2 0.0 15 0.0
180.3 0.0 15 0.0
180.4 0.0 15 0.0
180.5 0.0 15 0.0
180.6 0.0 15 0.0
180.7 0.0 15 0.0
180.8 0.0 15 0.0
180.9 0.0 15 0.0
181.0 0.0 15 0.0
181.1 0.0 15 0.0
181.2 0.0 15 0.0
181.3 0.0 15 0.0
181.4 0.0 15 0.0
181.5 0.0 15 0.0
181.6 0.0 15 0.0
181.7 0.0 15 0.0
181.8 0.0 15 0.0
181.9 0.0 15 0.0
182.0 0.0 15 0.0
182.1 0.0 15 0.0
182.2 0.0 15 0.0
182.3 0.0 15 0.0
182.4 0.0 15 0.0
182.5 0.0 15 0.0
182.6 0.0 15 0.0
182.7 0.0 15 0.0
182.8 0.0 15 0.0
182.9 0.0 15 0.0
183.0 0.0 15 0.0
183.1 0.0 15 0.0
183.2 0.0 15 0.0
183.3 0.0 15 0.0
183.4 0.0 15 0.0
183.5 0.0 15 0.0
183.6 0.0 15 0.0
183.7 0.0 15 0.0
183.8 0.0 15 0.0
183.9 0.0 15 0.0
184.0 0.0 15 0.0
184.1 0.0 15 0.0
184.2 0.0 15 0.0
184.3 0.0 15 0.0
184.4 0.0 15 0.0
184.5 0.0 15 0.0
184.6 0.0 15 0.0
184.7 0.0 15 0.0
184.8 0.0 15 0.0
184.9 0.0 15 0.0
185.0 0.0 15 0.0
185.1 0.0 15 0.0
185.2 0.0 15 0.0
185.3 0.0 15 0.0
185.4 0.0 15 0.0
185.5 0.0 15 0.0
185.6 0.0 15 0.0
185.7 0.0 15 0.0
185.8 0.0 15 0.0
185.9 0.0 15 0.0
186.0 0.0 15 0.0
186.1 0.0 15 0.0
186.2 0.0 15 0.0
186.3 0.0 15 0.0
186.4 0.0 15 0.0
186.5 0.0 15 0.0
186.6 0.0 15 0.0
186.7 0.0 15 0.0
186.8 0.0 15 0.0
186.9 0.0 15 0.0
187.0 0.0 15 0.0
187.1 0.0 15 0.0
187.2 0.0 15 0.0
187.3 0.0 15 0.0
187.4 0.0 15 0.0
187.5 0.0 15 0.0
187.6 0.0 15 0.0
187.7 0.0 15 0.0
187.8 0.0 15 0.0
187.9 0.0 15 0.0
188.0 0.0 15 0.0
188.1 0.0 15 0.0
188.2 0.0 15 0.0
188.3 0.0 15 0.0
188.4 0.0 15 0.0
188.5 0.0 15 0.0
188.6 0.0 15 0.0
188.7 0.0 15 0.0
188.8 0.0 15 0.0
188.9 0.0 15 0.0
189.0 0.0 15 0.0
189.1 0.0 15 0.0
189.2 0.0 15 0.0
189.3 0.0 15 0.0
189.4 0.0 15 0.0
189.5 0.0 15 0.0
189.6 0.0 15 0.0
189.7 0.0 15 0.0
189.8 0.0 15 0.0
189.9 0.0 15 0.0
190.0 0.0 15 0.0
190.1 0.0 15 0.0
190.2 0.0 15 0.0
190.3 0.0 15 0.0
190.4 0.0 15 0.0
190.5 0.0 15 0.0
190.6 0.0 15 0.0
190.7 0.0 15 0.0
190.8 0.0 15 0.0
190.9 0.0 15 0.0
191.0 0.0 15 0.0
191.1 0.0 15 0.0
191.2 0.0 15 0.0
191.3 0.0 15 0.0
191.4 0.0 15 0.0
191.5 0.0 15 0.0
191.6 0.0 15 0.0
191.7 0.0 15 0.0
191.8 0.0 15 0.0
191.9 0.0 15 0.0
192.0 0.0 15 0.0
192.1 0.0 15 0.0
192.2 0.0 15 0.0
192.3 0.0 15 0.0
192.4 0.0 15 0.0
192.5 0.0 15 0.0
192.6 0.0 15 0.0
192.7 0.0 15 0.0
192.8 0.0 15 0.0
192.9 0.0 15 0.0
193.0 0.0 15 0.0
193.1 0.0 15 0.0
193.2 0.0 15 0.0
193.3 0.0 15 0.0
193.4 0.0 15 0.0
193.5 0.0 15 0.0
193.6 0.0 15 0.0
193.7 0.0 15 0.0
193.8 0.0 15 0.0
193.9 0.0 15 0.0
194.0 0.0 15 0.0
194.1 0.0 15 0.0
194.2 0.0 15 0.0
194.3 0.0 15 0.0
194.4 0.0 15 0.0
194.5 0.0 15 0.0
194.6 0.0 15 0.0
194.7 0.0 15 0.0
194.8 0.0 15 0.0
194.9 0.0 15 0.0
195.0 0.0 15 0.0
195.1 0.0 15 0.0
195.2 0.0 15 0.0
195.3 0.0 15 0.0
195.4 0.0 15 0.0
195.5 0.0 15 0.0
195.6 0.0 15 0.0
195.7 0.0 15 0.0
195.8 0.0 15 0.0
195.9 0.0 15 0.0
196.0 0.0 15 0.0
196.1 0.0 15 0.0
196.2 0.0 15 0.0
196.3 0.0 15 0.0
196.4 0.0 15 0.0
196.5 0.0 15 0.0
196.6 0.0 15 0.0
196.7 0.0 15 0.0
196.8 0.0 15 0.0
196.9 0.0 15 0.0
197.0 0.0 15 0.0
197.1 0.0 15 0.0
197.2 0.0 15 0.0
197.3 0.0 15 0.0
197.4 0.0 15 0.0
197.5 0.0 15 0.0
197.6 0.0 15 0.0
197.7 0.0 15 0.0
197.8 0.0 15 0.0
197.9 0.0 15 0.0
198.0 0.0 15 0.0
198.1 0.0 15 0.0
198.2 0.0 15 0.0
198.3 0.0 15 0.0
198.4 0.0 15 0.0
198.5 0.0 15 0.0
198.6 0.0 15 0.0
198.7 0.0 15 0.0
198.8 0.0 15 0.0
198.9 0.0 15 0.0
199.0 0.0 15 0.0
199.1 0.0 15 0.0
199.2 0.0 15 0.0
199.3 0.0 15 0.0
199.4 0.0 15 0.0
199.5 0.0 15 0.0
199.6 0.0 15 0.0
199.7 0.0 15 0.0
199.8 0.0 15 0.0
199.9 0.0 15 0.0
200.0 0.0 15 0.0
200.1 0.0 15 0.0
200.2 0.0 15 0.0
200.3 0.0 15 0.0
200.4 0.0 15 0.0
200.5 0.0 15 0.0
200.6 0.0 15 0.0
200.7 0.0 15 0.0
200.8 0.0 15 0.0
200.9 0.0 15 0.0
201.0 0.0 15 0.0
201.1 0.0 15 0.0
201.2 0.0 15 0.0
201.3 0.0 15 0.0
201.4 0.0 15 0.0
201.5 0.0 15 0.0
201.6 0.0 15 0.0
201.7 0.0 15 0.0
201.8 0.0 15 0.0
201.9 0.0 15 0.0
202.0 0.0 15 0.0
202.1 0.0 15 0.0
202.2 0.0 15 0.0
202.3 0.0 15 0.0
202.4 0.0 15 0.0
202.5 0.0 15 0.0
202.6 0.0 15 0.0
202.7 0.0 15 0.0
202.8 0.0 15 0.0
202.9 0.0 15 0.0
203.0 0.0 15 0.0
203.1 0.0 15 0.0
203.2 0.0 15 0.0
203.3 0.0 15 0.0
203.4 0.0 15 0.0
203.5 0.0 15 0.0
203.6 0.0 15 0.0
203.7 0.0 15 0.0
203.8 0.0 15 0.0
203.9 0.0 15 0.0
204.0 0.0 15 0.0
204.1 0.0 15 0.0
204.2 0.0 15 0.0
204.3 0.0 15 0.0
204.4 0.0 15 0.0
204.5 0.0 15 0.0
204.6 0.0 15 0.0
204.7 0.0 15 0.0
204.8 0.0 15 0.0
204.9 0.0 15 0.0
205.0 0.0 15 0.0
205.1 0.0 15 0.0
205.2 0.0 15 0.0
205.3 0.0 15 0.0
205.4 0.0 15 0.0
205.5 0.0 15 0.0
205.6 0.0 15 0.0
205.7 0.0 15 0.0
205.8 0.0 15 0.0
205.9 0.0 15 0.0
206.0 0.0 15 0.0
206.1 0.0 15 0.0
206.2 0.0 15 0.0
206.3 0.0 15 0.0
206.4 0.0 15 0.0
206.5 0.0 15 0.0
206.6 0.0 15 0.0
206.7 0.0 15 0.0
206.8 0.0 15 0.0
206.9 0.0 15 0.0
207.0 0.0 15 0.0
207.1 0.0 15 0.0
207.2 0.0 15 0.0
207.3 0.0 15 0.0
207.4 0.0 15 0.0
207.5 0.0 15 0.0
207.6 0.0 15 0.0
207.7 0.0 15 0.0
207.8 0.0 15 0.0
207.9 0.0 15 0.0
208.0 0.0 15 0.0
208.1 0.0 15 0.0
208.2 0.0 15 0.0
208.3 0.0 15 0.0
208.4 0.0 15 0.0
208.5 0.0 15 0.0
208.6 0.0 15 0.0
208.7 0.0 15 0.0
208.8 0.0 15 0.0
208.9 0.0 15 0.0
209.0 0.0 15 0.0
209.1 0.0 15 0.0
209.2 0.0 15 0.0
209.3 0.0 15 0.0
209.4 0.0 15 0.0
209.5 0.0 15 0.0
209.6 0.0 15 0.0
209.7 0.0 15 0.0
209.8 0.0 15 0.0
209.9 0.0 15 0.0
210.0 0.0 15 0.0
210.1 0.0 15 0.0
210.2 0.0 15 0.0
210.3 0.0 15 0.0
210.4 0.0 15 0.0
210.5 0.0 15 0.0
210.6 0.0 15 0.0
210.7 0.0 15 0.0
210.8 0.0 15 0.0
210.9 0.0 15 0.0
211.0 0.0 15 0.0
211.1 0.0 15 0.0
211.2 0.0 15 0.0
211.3 0.0 15 0.0
211.4 0.0 15 0.0
211.5 0.0 15 0.0
211.6 0.0 15 0.0
211.7 0.0 15 0.0
211.8 0.0 15 0.0
211.9 0.0 15 0.0
212.0 0.0 15 0.0
212.1 0.0 15 0.0
212.2 0.0 15 0.0
212.3 0.0 15 0.0
212.4 0.0 15 0.0
212.5 0.0 15 0.0
212.6 0.0 15 0.0
212.7 0.0 15 0.0
212.8 0.0 15 0.0
212.9 0.0 15 0.0
213.0 0.0 15 0.0
213.1 0.0 15 0.0
213.2 0.0 15 0.0
213.3 0.0 15 0.0
213.4 0.0 15 0.0
213.5 0.0 15 0.0
213.6 0.0 15 0.0
213.7 0.0 15 0.0
213.8 0.0 15 0.0
213.9 0.0 15 0.0
214.0 0.0 15 0.0
214.1 0.0 15 0.0
214.2 0.0 15 0.0
214.3 0.0 15 0.0
214.4 0.0 15 0.0
214.5 0.0 15 0.0
214.6 0.0 15 0.0
214.7 0.0 15 0.0
214.8 0.0 15 0.0
214.9 0.0 15 0.0
215.0 0.0 15 0.0
215.1 0.0 15 0.0
215.2 0.0 15 0.0
215.3 0.0 15 0.0
215.4 0.0 15 0.0
215.5 0.0 15 0.0
215.6 0.0 15 0.0
215.7 0.0 15 0.0
215.8 0.0 15 0.0
215.9 0.0 15 0.0
216.0 0.0 15 0.0
216.1 0.0 15 0.0
216.2 0.0 15 0.0
216.3 0.0 15 0.0
216.4 0.0 15 0.0
216.5 0.0 15 0.0
216.6 0.0 15 0.0
216.7 0.0 15 0.0
216.8 0.0 15 0.0
216.9 0.0 15 0.0
217.0 0.0 15 0.0
217.1 0.0 15 0.0
217.2 0.0 15 0.0
217.3 0.0 15 0.0
217.4 0.0 15 0.0
217.5 0.0 15 0.0
217.6 0.0 15 0.0
217.7 0.0 15 0.0
217.8 0.0 15 0.0
217.9 0.0 15 0.0
218.0 0.0 15 0.0
218.1 0.0 15 0.0
218.2 0.0 15 0.0
218.3 0.0 15 0.0
218.4 0.0 15 0.0
218.5 0.0 15 0.0
218.6 0.0 15 0.0
218.7 0.0 15 0.0
218.8 0.0 15 0.0
218.9 0.0 15 0.0
219.0 0.0 15 0.0
219.1 0.0 15 0.0
219.2 0.0 15 0.0
219.3 0.0 15 0.0
219.4 0.0 15 0.0
219.5 0.0 15 0.0
219.6 0.0 15 0.0
219.7 0.0 15 0.0
219.8 0.0 15 0.0
219.9 0.0 15 0.0
220.0 0.0 15 0.0
220.1 0.0 15 0.0
220.2 0.0 15 0.0
220.3 0.0 15 0.0
220.4 0.0 15 0.0
220.5 0.0 15 0.0
220.6 0.0 15 0.0
220.7 0.0 15 0.0
220.8 0.0 15 0.0
220.9 0.0 15 0.0
221.0 0.0 15 0.0
221.1 0.0 15 0.0
221.2 0.0 15 0.0
221.3 0.0 15 0.0
221.4 0.0 15 0.0
221.5 0.0 15 0.0
221.6 0.0 15 0.0
221.7 0.0 15 0.0
221.8 0.0 15 0.0
221.9 0.0 15 0.0
222.0 0.0 15 0.0
222.1 0.0 15 0.0
222.2 0.0 15 0.0
222.3 0.0 15 0.0
222.4 0.0 15 0.0
222.5 0.0 15 0.0
222.6 0.0 15 0.0
222.7 0.0 15 0.0
222.8 0.0 15 0.0
222.9 0.0 15 0.0
223.0 0.0 15 0.0
223.1 0.0 15 0.0
223.2 0.0 15 0.0
223.3 0.0 15 0.0
223.4 0.0 15 0.0
223.5 0.0 15 0.0
223.6 0.0 15 0.0
223.7 0.0 15 0.0
223.8 0.0 15 0.0
223.9 0.0 15 0.0
224.0 0.0 15 0.0
224.1 0.0 15 0.0
224.2 0.0 15 0.0
224.3 0.0 15 0.0
224.4 0.0 15 0.0
224.5 0.0 15 0.0
224.6 0.0 15 0.0
224.7 0.0 15 0.0
224.8 0.0 15 0.0
224.9 0.0 15 0.0
225.0 0.0 15 0.0
225.1 0.0 15 0.0
225.2 0.0 15 0.0
225.3 0.0 15 0.0
225.4 0.0 15 0.0
225.5 0.0 15 0.0
225.6 0.0 15 0.0
225.7 0.0 15 0.0
225.8 0.0 15 0.0
225.9 0.0 15 0.0
226.0 0.0 15 0.0
226.1 0.0 15 0.0
226.2 0.0 15 0.0
226.3 0.0 15 0.0
226.4 0.0 15 0.0
226.5 0.0 15 0.0
226.6 0.0 15 0.0
226.7 0.0 15 0.0
226.8 0.0 15 0.0
226.9 0.0 15 0.0
227.0 0.0 15 0.0
227.1 0.0 15 0.0
227.2 0.0 15 0.0
227.3 0.0 15 0.0
227.4 0.0 15 0.0
227.5 0.0 15 0.0
227.6 0.0 15 0.0
227.7 0.0 15 0.0
227.8 0.0 15 0.0
227.9 0.0 15 0.0
228.0 0.0 15 0.0
228.1 0.0 15 0.0
228.2 0.0 15 0.0
228.3 0.0 15 0.0
228.4 0.0 15 0.0
228.5 0.0 15 0.0
228.6 0.0 15 0.0
228.7 0.0 15 0.0
228.8 0.0 15 0.0
228.9 0.0 15 0.0
229.0 0.0 15 0.0
229.1 0.0 15 0.0
229.2 0.0 15 0.0
229.3 0.0 15 0.0
229.4 0.0 15 0.0
229.5 0.0 15 0.0
229.6 0.0 15 0.0
229.7 0.0 15 0.0
229.8 0.0 15 0.0
229.9 0.0 15 0.0
230.0 0.0 15 0.0
230.1 0.0 15 0.0
230.2 0.0 15 0.0
230.3 0.0 15 0.0
230.4 0.0 15 0.0
230.5 0.0 15 0.0
230.6 0.0 15 0.0
230.7 0.0 15 0.0
230.8 0.0 15 0.0
230.9 0.0 15 0.0
231.0 0.0 15 0.0
231.1 0.0 15 0.0
231.2 0.0 15 0.0
231.3 0.0 15 0.0
231.4 0.0 15 0.0
231.5 0.0 15 0.0
231.6 0.0 15 0.0
231.7 0.0 15 0.0
231.8 0.0 15 0.0
231.9 0.0 15 0.0
232.0 0.0 15 0.0
232.1 0.0 15 0.0
232.2 0.0 15 0.0
232.3 0.0 15 0.0
232.4 0.0 15 0.0
232.5 0.0 15 0.0
232.6 0.0 15 0.0
232.7 0.0 15 0.0
232.8 0.0 15 0.0
232.9 0.0 15 0.0
233.0 0.0 15 0.0
233.1 0.0 15 0.0
233.2 0.0 15 0.0
233.3 0.0 15 0.0
233.4 0.0 15 0.0
233.5 0.0 15 0.0
233.6 0.0 15 0.0
233.7 0.0 15 0.0
233.8 0.0 15 0.0
233.9 0.0 15 0.0
234.0 0.0 15 0.0
234.1 0.0 15 0.0
234.2 0.0 15 0.0
234.3 0.0 15 0.0
234.4 0.0 15 0.0
234.5 0.0 15 0.0
234.6 0.0 15 0.0
234.7 0.0 15 0.0
234.8 0.0 15 0.0
234.9 0.0 15 0.0
235.0 0.0 15 0.0
235.1 0.0 15 0.0
235.2 0.0 15 0.0
235.3 0.0 15 0.0
235.4 0.0 15 0.0
235.5 0.0 15 0.0
235.6 0.0 15 0.0
235.7 0.0 15 0.0
235.8 0.0 15 0.0
235.9 0.0 15 0.0
236.0 0.0 15 0.0
236.1 0.0 15 0.0
236.2 0.0 15 0.0
236.3 0.0 15 0.0
236.4 0.0 15 0.0
236.5 0.0 15 0.0
236.6 0.0 15 0.0
236.7 0.0 15 0.0
236.8 0.0 15 0.0
236.9 0.0 15 0.0
237.0 0.0 15 0.0
237.1 0.0 15 0.0
237.2 0.0 15 0.0
237.3 0.0 15 0.0
237.4 0.0 15 0.0
237.5 0.0 15 0.0
237.6 0.0 15 0.0
237.7 0.0 15 0.0
237.8 0.0 15 0.0
237.9 0.0 15 0.0
238.0 0.0 15 0.0
238.1 0.0 15 0.0
238.2 0.0 15 0.0
238.3 0.0 15 0.0
238.4 0.0 15 0.0
238.5 0.0 15 0.0
238.6 0.0 15 0.0
238.7 0.0 15 0.0
238.8 0.0 15 0.0
238.9 0.0 15 0.0
239.0 0.0 15 0.0
239.1 0.0 15 0.0
239.2 0.0 15 0.0
239.3 0.0 15 0.0
239.4 0.0 15 0.0
239.5 0.0 15 0.0
239.6 0.0 15 0.0
239.7 0.0 15 0.0
239.8 0.0 15 0.0
239.9 0.0 15 0.0
240.0 0.0 15 0.0
240.1 0.0 15 0.0
240.2 0.0 15 0.0
240.3 0.0 15 0.0
240.4 0.0 15 0.0
240.5 0.0 15 0.0
240.6 0.0 15 0.0
240.7 0.0 15 0.0
240.8 0.0 15 0.0
240.9 0.0 15 0.0
241.0 0.0 15 0.0
241.1 0.0 15 0.0
241.2 0.0 15 0.0
241.3 0.0 15 0.0
241.4 0.0 15 0.0
241.5 0.0 15 0.0
241.6 0.0 15 0.0
241.7 0.0 15 0.0
241.8 0.0 15 0.0
241.9 0.0 15 0.0
242.0 0.0 15 0.0
242.1 0.0 15 0.0
242.2 0.0 15 0.0
242.3 0.0 15 0.0
242.4 0.0 15 0.0
242.5 0.0 15 0.0
242.6 0.0 15 0.0
242.7 0.0 15 0.0
242.8 0.0 15 0.0
242.9 0.0 15 0.0
243.0 0.0 15 0.0
243.1 0.0 15 0.0
243.2 0.0 15 0.0
243.3 0.0 15 0.0
243.4 0.0 15 0.0
243.5 0.0 15 0.0
243.6 0.0 15 0.0
243.7 0.0 15 0.0
243.8 0.0 15 0.0
243.9 0.0 15 0.0
244.0 0.0 15 0.0
244.1 0.0 15 0.0
244.2 0.0 15 0.0
244.3 0.0 15 0.0
244.4 0.0 15 0.0
244.5 0.0 15 0.0
244.6 0.0 15 0.0
244.7 0.0 15 0.0
244.8 0.0 15 0.0
244.9 0.0 15 0.0
245.0 0.0 15 0.0
245.1 0.0 15 0.0
245.2 0.0 15 0.0
245.3 0.0 15 0.0
245.4 0.0 15 0.0
245.5 0.0 15 0.0
245.6 0.0 15 0.0
245.7 0.0 15 0.0
245.8 0.0 15 0.0
245.9 0.0 15 0.0
246.0 0.0 15 0.0
246.1 0.0 15 0.0
246.2 0.0 15 0.0
246.3 0.0 15 0.0
246.4 0.0 15 0.0
246.5 0.0 15 0.0
246.6 0.0 15 0.0
246.7 0.0 15 0.0
246.8 0.0 15 0.0
246.9 0.0 15 0.0
247.0 0.0 15 0.0
247.1 0.0 15 0.0
247.2 0.0 15 0.0
247.3 0.0 15 0.0
247.4 0.0 15 0.0
247.5 0.0 15 0.0
247.6 0.0 15 0.0
247.7 0.0 15 0.0
247.8 0.0 15 0.0
247.9 0.0 15 0.0
248.0 0.0 15 0.0
248.1 0.0 15 0.0
248.2 0.0 15 0.0
248.3 0.0 15 0.0
248.4 0.0 15 0.0
248.5 0.0 15 0.0
248.6 0.0 15 0.0
248.7 0.0 15 0.0
248.8 0.0 15 0.0
248.9 0.0 15 0.0
249.0 0.0 15 0.0
249.1 0.0 15 0.0
249.2 0.0 15 0.0
249.3 0.0 15 0.0
249.4 0.0 15 0.0
249.5 0.0 15 0.0
249.6 0.0 15 0.0
249.7 0.0 15 0.0
249.8 0.0 15 0.0
249.9 0.0 15 0.0
250.0 0.0 15 0.0
250.1 0.0 15 0.0
250.2 0.0 15 0.0
250.3 0.0 15 0.0
250.4 0.0 15 0.0
250.5 0.0 15 0.0
250.6 0.0 15 0.0
250.7 0.0 15 0.0
250.8 0.0 15 0.0
250.9 0.0 15 0.0
251.0 0.0 15 0.0
251.1 0.0 15 0.0
251.2 0.0 15 0.0
251.3 0.0 15 0.0
251.4 0.0 15 0.0
251.5 0.0 15 0.0
251.6 0.0 15 0.0
251.7 0.0 15 0.0
251.8 0.0 15 0.0
251.9 0.0 15 0.0
252.0 0.0 15 0.0
252.1 0.0 15 0.0
252.2 0.0 15 0.0
252.3 0.0 15 0.0
252.4 0.0 15 0.0
252.5 0.0 15 0.0
252.6 0.0 15 0.0
252.7 0.0 15 0.0
252.8 0.0 15 0.0
252.9 0.0 15 0.0
253.0 0.0 15 0.0
253.1 0.0 15 0.0
253.2 0.0 15 0.0
253.3 0.0 15 0.0
253.4 0.0 15 0.0
253.5 0.0 15 0.0
253.6 0.0 15 0.0
253.7 0.0 15 0.0
253.8 0.0 15 0.0
253.9 0.0 15 0.0
254.0 0.0 15 0.0
254.1 0.0 15 0.0
254.2 0.0 15 0.0
254.3 0.0 15 0.0
254.4 0.0 15 0.0
254.5 0.0 15 0.0
254.6 0.0 15 0.0
254.7 0.0 15 0.0
254.8 0.0 15 0.0
254.9 0.0 15 0.0
255.0 0.0 15 0.0
255.1 0.0 15 0.0
255.2 0.0 15 0.0
255.3 0.0 15 0.0
255.4 0.0 15 0.0
255.5 0.0 15 0.0
255.6 0.0 15 0.0
255.7 0.0 15 0.0
255.8 0.0 15 0.0
255.9 0.0 15 0.0
256.0 0.0 15 0.0
256.1 0.0 15 0.0
256.2 0.0 15 0.0
256.3 0.0 15 0.0
256.4 0.0 15 0.0
256.5 0.0 15 0.0
256.6 0.0 15 0.0
256.7 0.0 15 0.0
256.8 0.0 15 0.0
256.9 0.0 15 0.0
257.0 0.0 15 0.0
257.1 0.0 15 0.0
257.2 0.0 15 0.0
257.3 0.0 15 0.0
257.4 0.0 15 0.0
257.5 0.0 15 0.0
257.6 0.0 15 0.0
257.7 0.0 15 0.0
257.8 0.0 15 0.0
257.9 0.0 15 0.0
258.0 0.0 15 0.0
258.1 0.0 15 0.0
258.2 0.0 15 0.0
258.3 0.0 15 0.0
258.4 0.0 15 0.0
258.5 0.0 15 0.0
258.6 0.0 15 0.0
258.7 0.0 15 0.0
258.8 0.0 15 0.0
258.9 0.0 15 0.0
259.0 0.0 15 0.0
259.1 0.0 15 0.0
259.2 0.0 15 0.0
259.3 0.0 15 0.0
259.4 0.0 15 0.0
259.5 0.0 15 0.0
259.6 0.0 15 0.0
259.7 0.0 15 0.0
259.8 0.0 15 0.0
259.9 0.0 15 0.0
260.0 0.0 15 0.0
260.1 0.0 15 0.0
260.2 0.0 15 0.0
260.3 0.0 15 0.0
260.4 0.0 15 0.0
260.5 0.0 15 0.0
260.6 0.0 15 0.0
260.7 0.0 15 0.0
260.8 0.0 15 0.0
260.9 0.0 15 0.0
261.0 0.0 15 0.0
261.1 0.0 15 0.0
261.2 0.0 15 0.0
261.3 0.0 15 0.0
261.4 0.0 15 0.0
261.5 0.0 15 0.0
261.6 0.0 15 0.0
261.7 0.0 15 0.0
261.8 0.0 15 0.0
261.9 0.0 15 0.0
262.0 0.0 15 0.0
262.1 0.0 15 0.0
262.2 0.0 15 0.0
262.3 0.0 15 0.0
262.4 0.0 15 0.0
262.5 0.0 15 0.0
262.6 0.0 15 0.0
262.7 0.0 15 0.0
262.8 0.0 15 0.0
262.9 0.0 15 0.0
263.0 0.0 15 0.0
263.1 0.0 15 0.0
263.2 0.0 15 0.0
263.3 0.0 15 0.0
263.4 0.0 15 0.0
263.5 0.0 15 0.0
263.6 0.0 15 0.0
263.7 0.0 15 0.0
263.8 0.0 15 0.0
263.9 0.0 15 0.0
264.0 0.0 15 0.0
264.1 0.0 15 0.0
264.2 0.0 15 0.0
264.3 0.0 15 0.0
264.4 0.0 15 0.0
264.5 0.0 15 0.0
264.6 0.0 15 0.0
264.7 0.0 15 0.0
264.8 0.0 15 0.0
264.9 0.0 15 0.0
265.0 0.0 15 0.0
265.1 0.0 15 0.0
265.2 0.0 15 0.0
265.3 0.0 15 0.0
265.4 0.0 15 0.0
265.5 0.0 15 0.0
265.6 0.0 15 0.0
265.7 0.0 15 0.0
265.8 0.0 15 0.0
265.9 0.0 15 0.0
266.0 0.0 15 0.0
266.1 0.0 15 0.0
266.2 0.0 15 0.0
266.3 0.0 15 0.0
266.4 0.0 15 0.0
266.5 0.0 15 0.0
266.6 0.0 15 0.0
266.7 0.0 15 0.0
266.8 0.0 15 0.0
266.9 0.0 15 0.0
267.0 0.0 15 0.0
267.1 0.0 15 0.0
267.2 0.0 15 0.0
267.3 0.0 15 0.0
267.4 0.0 15 0.0
267.5 0.0 15 0.0
267.6 0.0 15 0.0
267.7 0.0 15 0.0
267.8 0.0 15 0.0
267.9 0.0 15 0.0
268.0 0.0 15 0.0
268.1 0.0 15 0.0
268.2 0.0 15 0.0
268.3 0.0 15 0.0
268.4 0.0 15 0.0
268.5 0.0 15 0.0
268.6 0.0 15 0.0
268.7 0.0 15 0.0
268.8 0.0 15 0.0
268.9 0.0 15 0.0
269.0 0.0 15 0.0
269.1 0.0 15 0.0
269.2 0.0 15 0.0
269.3 0.0 15 0.0
269.4 0.0 15 0.0
269.5 0.0 15 0.0
269.6 0.0 15 0.0
269.7 0.0 15 0.0
269.8 0.0 15 0.0
269.9 0.0 15 0.0
270.0 0.0 15 0.0
270.1 0.0 15 0.0
270.2 0.0 15 0.0
270.3 0.0 15 0.0
270.4 0.0 15 0.0
270.5 0.0 15 0.0
270.6 0.0 15 0.0
270.7 0.0 15 0.0
270.8 0.0 15 0.0
270.9 0.0 15 0.0
271.0 0.0 15 0.0
271.1 0.0 15 0.0
271.2 0.0 15 0.0
271.3 0.0 15 0.0
271.4 0.0 15 0.0
271.5 0.0 15 0.0
271.6 0.0 15 0.0
271.7 0.0 15 0.0
271.8 0.0 15 0.0
271.9 0.0 15 0.0
272.0 0.0 15 0.0
272.1 0.0 15 0.0
272.2 0.0 15 0.0
272.3 0.0 15 0.0
272.4 0.0 15 0.0
272.5 0.0 15 0.0
272.6 0.0 15 0.0
272.7 0.0 15 0.0
272.8 0.0 15 0.0
272.9 0.0 15 0.0
273.0 0.0 15 0.0
273.1 0.0 15 0.0
273.2 0.0 15 0.0
273.3 0.0 15 0.0
273.4 0.0 15 0.0
273.5 0.0 15 0.0
273.6 0.0 15 0.0
273.7 0.0 15 0.0
273.8 0.0 15 0.0
273.9 0.0 15 0.0
274.0 0.0 15 0.0
274.1 0.0 15 0.0
274.2 0.0 15 0.0
274.3 0.0 15 0.0
274.4 0.0 15 0.0
274.5 0.0 15 0.0
274.6 0.0 15 0.0
274.7 0.0 15 0.0
274.8 0.0 15 0.0
274.9 0.0 15 0.0
275.0 0.0 15 0.0
275.1 0.0 15 0.0
275.2 0.0 15 0.0
275.3 0.0 15 0.0
275.4 0.0 15 0.0
275.5 0.0 15 0.0
275.6 0.0 15 0.0
275.7 0.0 15 0.0
275.8 0.0 15 0.0
275.9 0.0 15 0.0
276.0 0.0 15 0.0
276.1 0.0 15 0.0
276.2 0.0 15 0.0
276.3 0.0 15 0.0
276.4 0.0 15 0.0
276.5 0.0 15 0.0
276.6 0.0 15 0.0
276.7 0.0 15 0.0
276.8 0.0 15 0.0
276.9 0.0 15 0.0
277.0 0.0 15 0.0
277.1 0.0 15 0.0
277.2 0.0 15 0.0
277.3 0.0 15 0.0
277.4 0.0 15 0.0
277.5 0.0 15 0.0
277.6 0.0 15 0.0
277.7 0.0 15 0.0
277.8 0.0 15 0.0
277.9 0.0 15 0.0
278.0 0.0 15 0.0
278.1 0.0 15 0.0
278.2 0.0 15 0.0
278.3 0.0 15 0.0
278.4 0.0 15 0.0
278.5 0.0 15 0.0
278.6 0.0 15 0.0
278.7 0.0 15 0.0
278.8 0.0 15 0.0
278.9 0.0 15 0.0
279.0 0.0 15 0.0
279.1 0.0 15 0.0
279.2 0.0 15 0.0
279.3 0.0 15 0.0
279.4 0.0 15 0.0
279.5 0.0 15 0.0
279.6 0.0 15 0.0
279.7 0.0 15 0.0
279.8 0.0 15 0.0
279.9 0.0 15 0.0
280.0 0.0 15 0.0
280.1 0.0 15 0.0
280.2 0.0 15 0.0
280.3 0.0 15 0.0
280.4 0.0 15 0.0
280.5 0.0 15 0.0
280.6 0.0 15 0.0
280.7 0.0 15 0.0
280.8 0.0 15 0.0
280.9 0.0 15 0.0
281.0 0.0 15 0.0
281.1 0.0 15 0.0
281.2 0.0 15 0.0
281.3 0.0 15 0.0
281.4 0.0 15 0.0
281.5 0.0 15 0.0
281.6 0.0 15 0.0
281.7 0.0 15 0.0
281.8 0.0 15 0.0
281.9 0.0 15 0.0
282.0 0.0 15 0.0
282.1 0.0 15 0.0
282.2 0.0 15 0.0
282.3 0.0 15 0.0
282.4 0.0 15 0.0
282.5 0.0 15 0.0
282.6 0.0 15 0.0
282.7 0.0 15 0.0
282.8 0.0 15 0.0
282.9 0.0 15 0.0
283.0 0.0 15 0.0
283.1 0.0 15 0.0
283.2 0.0 15 0.0
283.3 0.0 15 0.0
283.4 0.0 15 0.0
283.5 0.0 15 0.0
283.6 0.0 15 0.0
283.7 0.0 15 0.0
283.8 0.0 15 0.0
283.9 0.0 15 0.0
284.0 0.0 15 0.0
284.1 0.0 15 0.0
284.2 0.0 15 0.0
284.3 0.0 15 0.0
284.4 0.0 15 0.0
284.5 0.0 15 0.0
284.6 0.0 15 0.0
284.7 0.0 15 0.0
284.8 0.0 15 0.0
284.9 0.0 15 0.0
285.0 0.0 15 0.0
285.1 0.0 15 0.0
285.2 0.0 15 0.0
285.3 0.0 15 0.0
285.4 0.0 15 0.0
285.5 0.0 15 0.0
285.6 0.0 15 0.0
285.7 0.0 15 0.0
285.8 0.0 15 0.0
285.9 0.0 15 0.0
286.0 0.0 15 0.0
286.1 0.0 15 0.0
286.2 0.0 15 0.0
286.3 0.0 15 0.0
286.4 0.0 15 0.0
286.5 0.0 15 0.0
286.6 0.0 15 0.0
286.7 0.0 15 0.0
286.8 0.0 15 0.0
286.9 0.0 15 0.0
287.0 0.0 15 0.0
287.1 0.0 15 0.0
287.2 0.0 15 0.0
287.3 0.0 15 0.0
287.4 0.0 15 0.0
287.5 0.0 15 0.0
287.6 0.0 15 0.0
287.7 0.0 15 0.0
287.8 0.0 15 0.0
287.9 0.0 15 0.0
288.0 0.0 15 0.0
288.1 0.0 15 0.0
288.2 0.0 15 0.0
288.3 0.0 15 0.0
288.4 0.0 15 0.0
288.5 0.0 15 0.0
288.6 0.0 15 0.0
288.7 0.0 15 0.0
288.8 0.0 15 0.0
288.9 0.0 15 0.0
289.0 0.0 15 0.0
289.1 0.0 15 0.0
289.2 0.0 15 0.0
289.3 0.0 15 0.0
289.4 0.0 15 0.0
289.5 0.0 15 0.0
289.6 0.0 15 0.0
289.7 0.0 15 0.0
289.8 0.0 15 0.0
289.9 0.0 15 0.0
290.0 0.0 15 0.0
290.1 0.0 15 0.0
290.2 0.0 15 0.0
290.3 0.0 15 0.0
290.4 0.0 15 0.0
290.5 0.0 15 0.0
290.6 0.0 15 0.0
290.7 0.0 15 0.0
290.8 0.0 15 0.0
290.9 0.0 15 0.0
291.0 0.0 15 0.0
291.1 0.0 15 0.0
291.2 0.0 15 0.0
291.3 0.0 15 0.0
291.4 0.0 15 0.0
291.5 0.0 15 0.0
291.6 0.0 15 0.0
291.7 0.0 15 0.0
291.8 0.0 15 0.0
291.9 243.3345 14 1.0
292.0 243.4076 14 1.0
292.1 243.4807 14 1.0
292.2 243.5538 14 1.0
292.3 243.6269 14 1.0
292.4 243.7 14 1.0
292.5 243.7731 14 1.0
292.6 243.8462 14 1.0
292.7 243.9193 14 1.0
292.8 243.9924 14 1.0
292.9 244.0655 14 1.0
293.0 244.1386 14 1.0
293.1 244.2117 14 1.0
293.2 244.2848 14 1.0
293.3 244.3579 14 1.0
293.4 244.431 14 1.0
293.5 244.5041 14 1.0
293.6 244.5772 14 1.0
293.7 244.6503 14 1.0
293.8 244.7234 14 1.0
293.9 244.7965 14 1.0
294.0 244.8696 14 1.0
294.1 244.9427 14 1.0
294.2 245.0158 14 1.0
294.3 245.0889 14 1.0
294.4 245.162 14 1.0
294.5 245.2351 14 1.0
294.6 245.3082 14 1.0
294.7 245.3813 14 1.0
294.8 245.4544 14 1.0
294.9 245.5275 14 1.0
295.0 245.6006 14 1.0
295.1 245.6737 14 1.0
295.2 245.7468 14 1.0
295.3 245.8199 14 1.0
295.4 245.893 14 1.0
295.5 245.9661 14 1.0
295.6 246.0392 14 1.0
295.7 246.1123 14 1.0
295.8 246.1854 14 1.0
295.9 246.2585 14 1.0
296.0 246.3316 14 1.0
296.1 246.4047 14 1.0
296.2 246.4778 14 1.0
296.3 246.5509 14 1.0
296.4 246.624 14 1.0
296.5 246.6971 14 1.0
296.6 246.7702 14 1.0
296.7 246.8433 14 1.0
296.8 246.9164 14 1.0
296.9 246.9895 14 1.0
297.0 247.0626 14 1.0
297.1 247.1357 14 1.0
297.2 247.2088 14 1.0
297.3 247.2819 14 1.0
297.4 247.355 14 1.0
297.5 247.4281 14 1.0
297.6 247.5012 14 1.0
297.7 247.5743 14 1.0
297.8 247.6474 14 1.0
297.9 247.7205 14 1.0
298.0 247.7936 14 1.0
298.1 247.8667 14 1.0
298.2 247.9398 14 1.0
298.3 248.0129 14 1.0
298.4 248.086 14 1.0
298.5 248.1591 14 1.0
298.6 248.2322 14 1.0
298.7 248.3053 14 1.0
298.8 248.3784 14 1.0
298.9 248.4515 14 1.0
299.0 248.5246 14 1.0
299.1 248.5977 14 1.0
299.2 248.6708 14 1.0
299.3 248.7439 14 1.0
299.4 248.817 14 1.0
299.5 248.8901 14 1.0
299.6 248.9632 14 1.0
299.7 249.0363 14 1.0
299.8 249.1094 14 1.0
299.9 249.1825 14 1.0
300.0 249.2597 14 1.0
300.1 249.337 14 1.0
300.2 249.4142 14 1.0
300.3 249.4915 14 1.0
300.4 249.5687 14 1.0
300.5 249.6459 14 1.0
300.6 249.7232 14 1.0
300.7 249.8004 14 1.0
300.8 249.8777 14 1.0
300.9 249.9549 14 1.0
301.0 250.0322 14 1.0
301.1 250.1094 14 1.0
301.2 250.1867 14 1.0
301.3 250.2639 14 1.0
301.4 250.3412 14 1.0
301.5 250.4184 14 1.0
301.6 250.4957 14 1.0
301.7 250.5729 14 1.0
301.8 250.6501 14 1.0
301.9 250.7274 14 1.0
302.0 250.8046 14 1.0
302.1 250.8819 14 1.0
302.2 250.9591 14 1.0
302.3 251.0364 14 1.0
302.4 251.1136 14 1.0
302.5 251.1909 14 1.0
302.6 251.2681 14 1.0
302.7 251.3454 14 1.0
302.8 251.4226 14 1.0
302.9 251.4999 14 1.0
303.0 251.5771 14 1.0
303.1 251.6544 14 1.0
303.2 251.7316 14 1.0
303.3 251.8088 14 1.0
303.4 251.8861 14 1.0
303.5 251.9633 14 1.0
303.6 252.0406 14 1.0
303.7 252.1178 14 1.0
303.8 252.1951 14 1.0
303.9 252.2723 14 1.0
304.0 252.3496 14 1.0
304.1 252.4268 14 1.0
304.2 252.5041 14 1.0
304.3 252.5813 14 1.0
304.4 252.6586 14 1.0
304.5 252.7358 14 1.0
304.6 252.8131 14 1.0
304.7 252.8903 14 1.0
304.8 252.9675 14 1.0
304.9 253.0448 14 1.0
305.0 253.122 14 1.0
305.1 253.1993 14 1.0
305.2 253.2765 14 1.0
305.3 253.3538 14 1.0
305.4 253.431 14 1.0
305.5 253.5083 14 1.0
305.6 253.5855 14 1.0
305.7 253.6628 14 1.0
305.8 253.74 14 1.0
305.9 253.8173 14 1.0
306.0 253.8945 14 1.0
306.1 253.9717 14 1.0
306.2 254.049 14 1.0
306.3 254.1262 14 1.0
306.4 254.2035 14 1.0
306.5 254.2807 14 1.0
306.6 254.358 14 1.0
306.7 254.4352 14 1.0
306.8 254.5125 14 1.0
306.9 254.5897 14 1.0
307.0 254.667 14 1.0
307.1 254.7442 14 1.0
307.2 254.8215 14 1.0
307.3 254.8987 14 1.0
307.4 254.976 14 1.0
307.5 255.0532 14 1.0
307.6 255.1304 14 1.0
307.7 255.2077 14 1.0
307.8 255.2849 14 1.0
307.9 255.3622 14 1.0
308.0 255.4394 14 1.0
308.1 255.5167 14 1.0
308.2 255.5939 14 1.0
308.3 255.6712 14 1.0
308.4 255.7484 14 1.0
308.5 255.8257 14 1.0
308.6 255.9029 14 1.0
308.7 255.9802 14 1.0
308.8 256.0574 14 1.0
308.9 256.1347 14 1.0
309.0 256.2119 14 1.0
309.1 256.2891 14 1.0
309.2 256.3664 14 1.0
309.3 256.4436 14 1.0
309.4 256.5209 14 1.0
309.5 256.5981 14 1.0
309.6 256.6754 14 1.0
309.7 256.7526 14 1.0
309.8 256.8299 14 1.0
309.9 256.9071 14 1.0
310.0 256.9844 14 1.0
310.1 257.0616 14 1.0
310.2 257.1389 14 1.0
310.3 257.2161 14 1.0
310.4 257.2933 14 1.0
310.5 257.3706 14 1.0
310.6 257.4478 14 1.0
310.7 257.5251 14 1.0
310.8 257.6023 14 1.0
310.9 257.6796 14 1.0
311.0 257.7568 14 1.0
311.1 257.8341 14 1.0
311.2 257.9113 14 1.0
311.3 257.9886 14 1.0
311.4 258.0658 14 1.0
311.5 258.1431 14 1.0
311.6 258.2203 14 1.0
311.7 258.2976 14 1.0
311.8 258.3748 14 1.0
311.9 258.452 14 1.0
312.0 258.5293 14 1.0
312.1 258.6065 14 1.0
312.2 258.6838 14 1.0
312.3 258.761 14 1.0
312.4 258.8383 14 1.0
312.5 258.9155 14 1.0
312.6 258.9928 14 1.0
312.7 259.07 14 1.0
312.8 259.1473 14 1.0
312.9 259.2245 14 1.0
313.0 259.3018 14 1.0
313.1 259.379 14 1.0
313.2 259.4563 14 1.0
313.3 259.5335 14 1.0
313.4 259.6107 14 1.0
313.5 259.688 14 1.0
313.6 259.7652 14 1.0
313.7 259.8425 14 1.0
313.8 259.9197 14 1.0
313.9 259.997 14 1.0
314.0 260.0742 14 1.0
314.1 260.1515 14 1.0
314.2 260.2287 14 1.0
314.3 260.306 14 1.0
314.4 260.3832 14 1.0
314.5 260.4605 14 1.0
314.6 260.5377 14 1.0
314.7 260.6149 14 1.0
314.8 260.6922 14 1.0
314.9 260.7694 14 1.0
315.0 260.8467 14 1.0
315.1 260.9239 14 1.0
315.2 261.0012 14 1.0
315.3 261.0784 14 1.0
315.4 261.1557 14 1.0
315.5 261.2329 14 1.0
315.6 261.3102 14 1.0
315.7 261.3874 14 1.0
315.8 261.4647 14 1.0
315.9 261.5419 14 1.0
316.0 261.6192 14 1.0
316.1 261.6964 14 1.0
316.2 261.7736 14 1.0
316.3 261.8509 14 1.0
316.4 261.9281 14 1.0
316.5 262.0054 14 1.0
316.6 262.0826 14 1.0
316.7 262.1599 14 1.0
316.8 262.2371 14 1.0
316.9 262.3144 14 1.0
317.0 262.3916 14 1.0
317.1 262.4689 14 1.0
317.2 262.5461 14 1.0
317.3 262.6234 14 1.0
317.4 262.7006 14 1.0
317.5 262.7779 14 1.0
317.6 262.8551 14 1.0
317.7 262.9323 14 1.0
317.8 263.0096 14 1.0
317.9 263.0868 14 1.0
318.0 263.1641 14 1.0
318.1 263.2413 14 1.0
318.2 263.3186 14 1.0
318.3 263.3958 14 1.0
318.4 263.4731 14 1.0
318.5 263.5503 14 1.0
318.6 263.6276 14 1.0
318.7 263.7048 14 1.0
318.8 263.7821 14 1.0
318.9 263.8593 14 1.0
319.0 263.9365 14 1.0
319.1 264.0138 14 1.0
319.2 264.091 14 1.0
319.3 264.1683 14 1.0
319.4 264.2455 14 1.0
319.5 264.3228 14 1.0
319.6 264.4 14 1.0
319.7 264.4773 14 1.0
319.8 264.5545 14 1.0
319.9 264.6318 14 1.0
320.0 264.709 14 1.0
320.1 264.7863 14 1.0
320.2 264.8635 14 1.0
320.3 264.9408 14 1.0
320.4 265.018 14 1.0
320.5 265.0952 14 1.0
320.6 265.1725 14 1.0
320.7 265.2497 14 1.0
320.8 265.327 14 1.0
320.9 265.4042 14 1.0
321.0 265.4815 14 1.0
321.1 265.5587 14 1.0
321.2 265.636 14 1.0
321.3 265.7132 14 1.0
321.4 265.7905 14 1.0
321.5 265.8677 14 1.0
321.6 265.945 14 1.0
321.7 266.0222 14 1.0
321.8 266.0995 14 1.0
321.9 266.1767 14 1.0
322.0 266.2539 14 1.0
322.1 266.3312 14 1.0
322.2 266.4084 14 1.0
322.3 266.4857 14 1.0
322.4 266.5629 14 1.0
322.5 266.6402 14 1.0
322.6 266.7174 14 1.0
322.7 266.7947 14 1.0
322.8 266.8719 14 1.0
322.9 266.9492 14 1.0
323.0 267.0264 14 1.0
323.1 267.1037 14 1.0
323.2 267.1809 14 1.0
323.3 267.2581 14 1.0
323.4 267.3354 14 1.0
323.5 267.4126 14 1.0
323.6 267.4899 14 1.0
323.7 267.5671 14 1.0
323.8 267.6444 14 1.0
323.9 267.7216 14 1.0
324.0 267.7989 14 1.0
324.1 267.8761 14 1.0
324.2 267.9534 14 1.0
324.3 268.0306 14 1.0
324.4 268.1079 14 1.0
324.5 268.1851 14 1.0
324.6 268.2624 14 1.0
324.7 268.3396 14 1.0
324.8 268.4168 14 1.0
324.9 268.4941 14 1.0
325.0 268.5713 14 1.0
325.1 268.6486 14 1.0
325.2 268.7258 14 1.0
325.3 268.8031 14 1.0
325.4 268.8803 14 1.0
325.5 268.9576 14 1.0
325.6 269.0348 14 1.0
325.7 269.1121 14 1.0
325.8 269.1893 14 1.0
325.9 269.2666 14 1.0
326.0 269.3438 14 1.0
326.1 269.4211 14 1.0
326.2 269.4983 14 1.0
326.3 269.5755 14 1.0
326.4 269.6528 14 1.0
326.5 269.73 14 1.0
326.6 269.8073 14 1.0
326.7 269.8845 14 1.0
326.8 269.9618 14 1.0
326.9 270.039 14 1.0
327.0 270.1163 14 1.0
327.1 270.1935 14 1.0
327.2 270.2708 14 1.0
327.3 270.348 14 1.0
327.4 270.4253 14 1.0
327.5 270.5025 14 1.0
327.6 270.5797 14 1.0
327.7 270.657 14 1.0
327.8 270.7342 14 1.0
327.9 270.8115 14 1.0
328.0 270.8887 14 1.0
328.1 270.966 14 1.0
328.2 271.0432 14 1.0
328.3 271.1205 14 1.0
328.4 271.1977 14 1.0
328.5 271.275 14 1.0
328.6 271.3522 14 1.0
328.7 271.4295 14 1.0
328.8 271.5067 14 1.0
328.9 271.584 14 1.0
329.0 271.6612 14 1.0
329.1 271.7384 14 1.0
329.2 271.8157 14 1.0
329.3 271.8929 14 1.0
329.4 271.9702 14 1.0
329.5 272.0474 14 1.0
329.6 272.1247 14 1.0
329.7 272.2019 14 1.0
329.8 272.2792 14 1.0
329.9 272.3564 14 1.0
330.0 272.4337 14 1.0
330.1 272.5109 14 1.0
330.2 272.5882 14 1.0
330.3 272.6654 14 1.0
330.4 272.7427 14 1.0
330.5 272.8199 14 1.0
330.6 272.8971 14 1.0
330.7 272.9744 14 1.0
330.8 273.0516 14 1.0
330.9 273.1289 14 1.0
331.0 273.2061 14 1.0
331.1 273.2834 14 1.0
331.2 273.3606 14 1.0
331.3 273.4379 14 1.0
331.4 273.5151 14 1.0
331.5 273.5924 14 1.0
331.6 273.6696 14 1.0
331.7 273.7469 14 1.0
331.8 273.8241 14 1.0
331.9 273.9013 14 1.0
332.0 273.9786 14 1.0
332.1 274.0558 14 1.0
332.2 274.1331 14 1.0
332.3 274.2103 14 1.0
332.4 274.2876 14 1.0
332.5 274.3648 14 1.0
332.6 274.4421 14 1.0
332.7 274.5193 14 1.0
332.8 274.5966 14 1.0
332.9 274.6738 14 1.0
333.0 274.7511 14 1.0
333.1 274.8283 14 1.0
333.2 274.9056 14 1.0
333.3 274.9828 14 1.0
333.4 275.06 14 1.0
333.5 275.1373 14 1.0
333.6 275.2145 14 1.0
333.7 275.2918 14 1.0
333.8 275.369 14 1.0
333.9 275.4463 14 1.0
334.0 275.5235 14 1.0
334.1 275.6008 14 1.0
334.2 275.678 14 1.0
334.3 275.7553 14 1.0
334.4 275.8325 14 1.0
334.5 275.9098 14 1.0
334.6 275.987 14 1.0
334.7 276.0643 14 1.0
334.8 276.1415 14 1.0
334.9 276.2187 14 1.0
335.0 276.296 14 1.0
335.1 276.3732 14 1.0
335.2 276.4505 14 1.0
335.3 276.5277 14 1.0
335.4 276.605 14 1.0
335.5 276.6822 14 1.0
335.6 276.7595 14 1.0
335.7 276.8367 14 1.0
335.8 276.914 14 1.0
335.9 276.9912 14 1.0
336.0 277.0685 14 1.0
336.1 277.1457 14 1.0
336.2 277.2229 14 1.0
336.3 277.3002 14 1.0
336.4 277.3774 14 1.0
336.5 277.4547 14 1.0
336.6 277.5319 14 1.0
336.7 277.6092 14 1.0
336.8 277.6864 14 1.0
336.9 277.7637 14 1.0
337.0 277.8409 14 1.0
337.1 277.9182 14 1.0
337.2 277.9954 14 1.0
337.3 278.0727 14 1.0
337.4 278.1499 14 1.0
337.5 278.2272 14 1.0
337.6 278.3044 14 1.0
337.7 278.3816 14 1.0
337.8 278.4589 14 1.0
337.9 278.5361 14 1.0
338.0 278.6134 14 1.0
338.1 278.6906 14 1.0
338.2 278.7679 14 1.0
338.3 278.8451 14 1.0
338.4 278.9224 14 1.0
338.5 278.9996 14 1.0
338.6 279.0769 14 1.0
338.7 279.1541 14 1.0
338.8 279.2314 14 1.0
338.9 279.3086 14 1.0
339.0 279.3859 14 1.0
339.1 279.4631 14 1.0
339.2 279.5403 14 1.0
339.3 279.6176 14 1.0
339.4 279.6948 14 1.0
339.5 279.7721 14 1.0
339.6 279.8493 14 1.0
339.7 279.9266 14 1.0
339.8 280.0038 14 1.0
339.9 280.0811 14 1.0
340.0 280.1583 14 1.0
340.1 280.2356 14 1.0
340.2 280.3128 14 1.0
340.3 280.3901 14 1.0
340.4 280.4673 14 1.0
340.5 280.5445 14 1.0
340.6 280.6218 14 1.0
340.7 280.699 14 1.0
340.8 280.7763 14 1.0
340.9 280.8535 14 1.0
341.0 280.9308 14 1.0
341.1 281.008 14 1.0
341.2 281.0853 14 1.0
341.3 281.1625 14 1.0
341.4 281.2398 14 1.0
341.5 281.317 14 1.0
341.6 281.3943 14 1.0
341.7 281.4715 14 1.0
341.8 281.5488 14 1.0
341.9 281.626 14 1.0
342.0 281.7032 14 1.0
342.1 281.7805 14 1.0
342.2 281.8577 14 1.0
342.3 281.935 14 1.0
342.4 282.0122 14 1.0
342.5 282.0895 14 1.0
342.6 282.1667 14 1.0
342.7 282.244 14 1.0
342.8 282.3212 14 1.0
342.9 282.3985 14 1.0
343.0 282.4757 14 1.0
343.1 282.553 14 1.0
343.2 282.6302 14 1.0
343.3 282.7075 14 1.0
343.4 282.7847 14 1.0
343.5 282.8619 14 1.0
343.6 282.9392 14 1.0
343.7 283.0164 14 1.0
343.8 283.0937 14 1.0
343.9 283.1709 14 1.0
344.0 283.2482 14 1.0
344.1 283.3254 14 1.0
344.2 283.4027 14 1.0
344.3 283.4799 14 1.0
344.4 283.5572 14 1.0
344.5 283.6344 14 1.0
344.6 283.7117 14 1.0
344.7 283.7889 14 1.0
344.8 283.8661 14 1.0
344.9 283.9434 14 1.0
345.0 284.0206 14 1.0
345.1 284.0979 14 1.0
345.2 284.1751 14 1.0
345.3 284.2524 14 1.0
345.4 284.3296 14 1.0
345.5 284.4069 14 1.0
345.6 284.4841 14 1.0
345.7 284.5614 14 1.0
345.8 284.6386 14 1.0
345.9 284.7159 14 1.0
346.0 284.7931 14 1.0
346.1 284.8704 14 1.0
346.2 284.9476 14 1.0
346.3 285.0248 14 1.0
346.4 285.1021 14 1.0
346.5 285.1793 14 1.0
346.6 285.2566 14 1.0
346.7 285.3338 14 1.0
346.8 285.4111 14 1.0
346.9 285.4883 14 1.0
347.0 285.5656 14 1.0
347.1 285.6428 14 1.0
347.2 285.7201 14 1.0
347.3 285.7973 14 1.0
347.4 285.8746 14 1.0
347.5 285.9518 14 1.0
347.6 286.0291 14 1.0
347.7 286.1063 14 1.0
347.8 286.1835 14 1.0
347.9 286.2608 14 1.0
348.0 286.338 14 1.0
348.1 286.4153 14 1.0
348.2 286.4925 14 1.0
348.3 286.5698 14 1.0
348.4 286.647 14 1.0
348.5 286.7243 14 1.0
348.6 286.8015 14 1.0
348.7 286.8788 14 1.0
348.8 286.956 14 1.0
348.9 287.0333 14 1.0
349.0 287.1105 14 1.0
349.1 287.1877 14 1.0
349.2 287.265 14 1.0
349.3 287.3422 14 1.0
349.4 287.4195 14 1.0
349.5 287.4967 14 1.0
349.6 287.574 14 1.0
349.7 287.6512 14 1.0
349.8 287.7285 14 1.0
349.9 287.8057 14 1.0
350.0 287.8822 14 1.0
350.1 287.9586 14 1.0
350.2 288.035 14 1.0
350.3 288.1114 14 1.0
350.4 288.1879 14 1.0
350.5 288.2643 14 1.0
350.6 288.3407 14 1.0
350.7 288.4171 14 1.0
350.8 288.4936 14 1.0
350.9 288.57 14 1.0
351.0 288.6464 14 1.0
351.1 288.7229 14 1.0
351.2 288.7993 14 1.0
351.3 288.8757 14 1.0
351.4 288.9521 14 1.0
351.5 289.0286 14 1.0
351.6 289.105 14 1.0
351.7 289.1814 14 1.0
351.8 289.2579 14 1.0
351.9 289.3343 14 1.0
352.0 289.4107 14 1.0
352.1 289.4871 14 1.0
352.2 289.5636 14 1.0
352.3 289.64 14 1.0
352.4 289.7164 14 1.0
352.5 289.7929 14 1.0
352.6 289.8693 14 1.0
352.7 289.9457 14 1.0
352.8 290.0221 14 1.0
352.9 290.0986 14 1.0
353.0 290.175 14 1.0
353.1 290.2514 14 1.0
353.2 290.3279 14 1.0
353.3 290.4043 14 1.0
353.4 290.4807 14 1.0
353.5 290.5571 14 1.0
353.6 290.6336 14 1.0
353.7 290.71 14 1.0
353.8 290.7864 14 1.0
353.9 290.8628 14 1.0
354.0 290.9393 14 1.0
354.1 291.0157 14 1.0
354.2 291.0921 14 1.0
354.3 291.1686 14 1.0
354.4 291.245 14 1.0
354.5 291.3214 14 1.0
354.6 291.3978 14 1.0
354.7 291.4743 14 1.0
354.8 291.5507 14 1.0
354.9 291.6271 14 1.0
355.0 291.7036 14 1.0
355.1 291.78 14 1.0
355.2 291.8564 14 1.0
355.3 291.9328 14 1.0
355.4 292.0093 14 1.0
355.5 292.0857 14 1.0
355.6 292.1621 14 1.0
355.7 292.2386 14 1.0
355.8 292.315 14 1.0
355.9 292.3914 14 1.0
356.0 292.4678 14 1.0
356.1 292.5443 14 1.0
356.2 292.6207 14 1.0
356.3 292.6971 14 1.0
356.4 292.7736 14 1.0
356.5 292.85 14 1.0
356.6 292.9264 14 1.0
356.7 293.0028 14 1.0
356.8 293.0793 14 1.0
356.9 293.1557 14 1.0
357.0 293.2321 14 1.0
357.1 293.3085 14 1.0
357.2 293.385 14 1.0
357.3 293.4614 14 1.0
357.4 293.5378 14 1.0
357.5 293.6143 14 1.0
357.6 293.6907 14 1.0
357.7 293.7671 14 1.0
357.8 293.8435 14 1.0
357.9 293.92 14 1.0
358.0 293.9964 14 1.0
358.1 294.0728 14 1.0
358.2 294.1493 14 1.0
358.3 294.2257 14 1.0
358.4 294.3021 14 1.0
358.5 294.3785 14 1.0
358.6 294.455 14 1.0
358.7 294.5314 14 1.0
358.8 294.6078 14 1.0
358.9 294.6843 14 1.0
359.0 294.7607 14 1.0
359.1 294.8371 14 1.0
359.2 294.9135 14 1.0
359.3 294.99 14 1.0
359.4 295.0664 14 1.0
359.5 295.1428 14 1.0
359.6 295.2193 14 1.0
359.7 295.2957 14 1.0
359.8 295.3721 14 1.0
359.9 295.4485 14 1.0
360.0 295.525 14 1.0
360.1 295.6014 14 1.0
360.2 295.6778 14 1.0
360.3 295.7542 14 1.0
360.4 295.8307 14 1.0
360.5 295.9071 14 1.0
360.6 295.9835 14 1.0
360.7 296.06 14 1.0
360.8 296.1364 14 1.0
360.9 296.2128 14 1.0
361.0 296.2892 14 1.0
361.1 296.3657 14 1.0
361.2 296.4421 14 1.0
361.3 296.5185 14 1.0
361.4 296.595 14 1.0
361.5 296.6714 14 1.0
361.6 296.7478 14 1.0
361.7 296.8242 14 1.0
361.8 296.9007 14 1.0
361.9 296.9771 14 1.0
362.0 297.0535 14 1.0
362.1 297.13 14 1.0
362.2 297.2064 14 1.0
362.3 297.2828 14 1.0
362.4 297.3592 14 1.0
362.5 297.4357 14 1.0
362.6 297.5121 14 1.0
362.7 297.5885 14 1.0
362.8 297.665 14 1.0
362.9 297.7414 14 1.0
363.0 297.8178 14 1.0
363.1 297.8942 14 1.0
363.2 297.9707 14 1.0
363.3 298.0471 14 1.0
363.4 298.1235 14 1.0
363.5 298.1999 14 1.0
363.6 298.2764 14 1.0
363.7 298.3528 14 1.0
363.8 298.4292 14 1.0
363.9 298.5057 14 1.0
364.0 298.5821 14 1.0
364.1 298.6585 14 1.0
364.2 298.7349 14 1.0
364.3 298.8114 14 1.0
364.4 298.8878 14 1.0
364.5 298.9642 14 1.0
364.6 299.0407 14 1.0
364.7 299.1171 14 1.0
364.8 299.1935 14 1.0
364.9 299.2699 14 1.0
365.0 299.3464 14 1.0
365.1 299.4228 14 1.0
365.2 299.4992 14 1.0
365.3 299.5757 14 1.0
365.4 299.6521 14 1.0
365.5 299.7285 14 1.0
365.6 299.8049 14 1.0
365.7 299.8814 14 1.0
365.8 299.9578 14 1.0
365.9 300.0342 14 1.0
366.0 300.1107 14 1.0
366.1 300.1871 14 1.0
366.2 300.2635 14 1.0
366.3 300.3399 14 1.0
366.4 300.4164 14 1.0
366.5 300.4928 14 1.0
366.6 300.5692 14 1.0
366.7 300.6456 14 1.0
366.8 300.7221 14 1.0
366.9 300.7985 14 1.0
367.0 300.8749 14 1.0
367.1 300.9514 14 1.0
367.2 301.0278 14 1.0
367.3 301.1042 14 1.0
367.4 301.1806 14 1.0
367.5 301.2571 14 1.0
367.6 301.3335 14 1.0
367.7 301.4099 14 1.0
367.8 301.4864 14 1.0
367.9 301.5628 14 1.0
368.0 301.6392 14 1.0
368.1 301.7156 14 1.0
368.2 301.7921 14 1.0
368.3 301.8685 14 1.0
368.4 301.9449 14 1.0
368.5 302.0214 14 1.0
368.6 302.0978 14 1.0
368.7 302.1742 14 1.0
368.8 302.2506 14 1.0
368.9 302.3271 14 1.0
369.0 302.4035 14 1.0
369.1 302.4799 14 1.0
369.2 302.5564 14 1.0
369.3 302.6328 14 1.0
369.4 302.7092 14 1.0
369.5 302.7856 14 1.0
369.6 302.8621 14 1.0
369.7 302.9385 14 1.0
369.8 303.0149 14 1.0
369.9 303.0913 14 1.0
370.0 303.1678 14 1.0
370.1 303.2442 14 1.0
370.2 303.3206 14 1.0
370.3 303.3971 14 1.0
370.4 303.4735 14 1.0
370.5 303.5499 14 1.0
370.6 303.6263 14 1.0
370.7 303.7028 14 1.0
370.8 303.7792 14 1.0
370.9 303.8556 14 1.0
371.0 303.9321 14 1.0
371.1 304.0085 14 1.0
371.2 304.0849 14 1.0
371.3 304.1613 14 1.0
371.4 304.2378 14 1.0
371.5 304.3142 14 1.0
371.6 304.3906 14 1.0
371.7 304.4671 14 1.0
371.8 304.5435 14 1.0
371.9 304.6199 14 1.0
372.0 304.6963 14 1.0
372.1 304.7728 14 1.0
372.2 304.8492 14 1.0
372.3 304.9256 14 1.0
372.4 305.0021 14 1.0
372.5 305.0785 14 1.0
372.6 305.1549 14 1.0
372.7 305.2313 14 1.0
372.8 305.3078 14 1.0
372.9 305.3842 14 1.0
373.0 305.4606 14 1.0
373.1 305.537 14 1.0
373.2 305.6135 14 1.0
373.3 305.6899 14 1.0
373.4 305.7663 14 1.0
373.5 305.8428 14 1.0
373.6 305.9192 14 1.0
373.7 305.9956 14 1.0
373.8 306.072 14 1.0
373.9 306.1485 14 1.0
374.0 306.2249 14 1.0
374.1 306.3013 14 1.0
374.2 306.3778 14 1.0
374.3 306.4542 14 1.0
374.4 306.5306 14 1.0
374.5 306.607 14 1.0
374.6 306.6835 14 1.0
374.7 306.7599 14 1.0
374.8 306.8363 14 1.0
374.9 306.9128 14 1.0
375.0 306.9892 14 1.0
375.1 307.0656 14 1.0
375.2 307.142 14 1.0
375.3 307.2185 14 1.0
375.4 307.2949 14 1.0
375.5 307.3713 14 1.0
375.6 307.4478 14 1.0
375.7 307.5242 14 1.0
375.8 307.6006 14 1.0
375.9 307.677 14 1.0
376.0 307.7535 14 1.0
376.1 307.8299 14 1.0
376.2 307.9063 14 1.0
376.3 307.9827 14 1.0
376.4 308.0592 14 1.0
376.5 308.1356 14 1.0
376.6 308.212 14 1.0
376.7 308.2885 14 1.0
376.8 308.3649 14 1.0
376.9 308.4413 14 1.0
377.0 308.5177 14 1.0
377.1 308.5942 14 1.0
377.2 308.6706 14 1.0
377.3 308.747 14 1.0
377.4 308.8235 14 1.0
377.5 308.8999 14 1.0
377.6 308.9763 14 1.0
377.7 309.0527 14 1.0
377.8 309.1292 14 1.0
377.9 309.2056 14 1.0
378.0 309.282 14 1.0
378.1 309.3585 14 1.0
378.2 309.4349 14 1.0
378.3 309.5113 14 1.0
378.4 309.5877 14 1.0
378.5 309.6642 14 1.0
378.6 309.7406 14 1.0
378.7 309.817 14 1.0
378.8 309.8935 14 1.0
378.9 309.9699 14 1.0
379.0 310.0463 14 1.0
379.1 310.1227 14 1.0
379.2 310.1992 14 1.0
379.3 310.2756 14 1.0
379.4 310.352 14 1.0
379.5 310.4284 14 1.0
379.6 310.5049 14 1.0
379.7 310.5813 14 1.0
379.8 310.6577 14 1.0
379.9 310.7342 14 1.0
380.0 310.8106 14 1.0
380.1 310.887 14 1.0
380.2 310.9634 14 1.0
380.3 311.0399 14 1.0
380.4 311.1163 14 1.0
380.5 311.1927 14 1.0
380.6 311.2692 14 1.0
380.7 311.3456 14 1.0
380.8 311.422 14 1.0
380.9 311.4984 14 1.0
381.0 311.5749 14 1.0
381.1 311.6513 14 1.0
381.2 311.7277 14 1.0
381.3 311.8042 14 1.0
381.4 311.8806 14 1.0
381.5 311.957 14 1.0
381.6 312.0334 14 1.0
381.7 312.1099 14 1.0
381.8 312.1863 14 1.0
381.9 312.2627 14 1.0
382.0 312.3392 14 1.0
382.1 312.4156 14 1.0
382.2 312.492 14 1.0
382.3 312.5684 14 1.0
382.4 312.6449 14 1.0
382.5 312.7213 14 1.0
382.6 312.7977 14 1.0
382.7 312.8741 14 1.0
382.8 312.9506 14 1.0
382.9 313.027 14 1.0
383.0 313.1034 14 1.0
383.1 313.1799 14 1.0
383.2 313.2563 14 1.0
383.3 313.3327 14 1.0
383.4 313.4091 14 1.0
383.5 313.4856 14 1.0
383.6 313.562 14 1.0
383.7 313.6384 14 1.0
383.8 313.7149 14 1.0
383.9 313.7913 14 1.0
384.0 313.8677 14 1.0
384.1 313.9441 14 1.0
384.2 314.0206 14 1.0
384.3 314.097 14 1.0
384.4 314.1734 14 1.0
384.5 314.2499 14 1.0
384.6 314.3263 14 1.0
384.7 314.4027 14 1.0
384.8 314.4791 14 1.0
384.9 314.5556 14 1.0
385.0 314.632 14 1.0
385.1 314.7084 14 1.0
385.2 314.7849 14 1.0
385.3 314.8613 14 1.0
385.4 314.9377 14 1.0
385.5 315.0141 14 1.0
385.6 315.0906 14 1.0
385.7 315.167 14 1.0
385.8 315.2434 14 1.0
385.9 315.3198 14 1.0
386.0 315.3963 14 1.0
386.1 315.4727 14 1.0
386.2 315.5491 14 1.0
386.3 315.6256 14 1.0
386.4 315.702 14 1.0
386.5 315.7784 14 1.0
386.6 315.8548 14 1.0
386.7 315.9313 14 1.0
386.8 316.0077 14 1.0
386.9 316.0841 14 1.0
387.0 316.1606 14 1.0
387.1 316.237 14 1.0
387.2 316.3134 14 1.0
387.3 316.3898 14 1.0
387.4 316.4663 14 1.0
387.5 316.5427 14 1.0
387.6 316.6191 14 1.0
387.7 316.6956 14 1.0
387.8 316.772 14 1.0
387.9 316.8484 14 1.0
388.0 316.9248 14 1.0
388.1 317.0013 14 1.0
388.2 317.0777 14 1.0
388.3 317.1541 14 1.0
388.4 317.2306 14 1.0
388.5 317.307 14 1.0
388.6 317.3834 14 1.0
388.7 317.4598 14 1.0
388.8 317.5363 14 1.0
388.9 317.6127 14 1.0
389.0 317.6891 14 1.0
389.1 317.7655 14 1.0
389.2 317.842 14 1.0
389.3 317.9184 14 1.0
389.4 317.9948 14 1.0
389.5 318.0713 14 1.0
389.6 318.1477 14 1.0
389.7 318.2241 14 1.0
389.8 318.3005 14 1.0
389.9 318.377 14 1.0
390.0 318.4534 14 1.0
390.1 318.5298 14 1.0
390.2 318.6063 14 1.0
390.3 318.6827 14 1.0
390.4 318.7591 14 1.0
390.5 318.8355 14 1.0
390.6 318.912 14 1.0
390.7 318.9884 14 1.0
390.8 319.0648 14 1.0
390.9 319.1413 14 1.0
391.0 319.2177 14 1.0
391.1 319.2941 14 1.0
391.2 319.3705 14 1.0
391.3 319.447 14 1.0
391.4 319.5234 14 1.0
391.5 319.5998 14 1.0
391.6 319.6763 14 1.0
391.7 319.7527 14 1.0
391.8 319.8291 14 1.0
391.9 319.9055 14 1.0
392.0 319.982 14 1.0
392.1 320.0584 14 1.0
392.2 320.1348 14 1.0
392.3 320.2112 14 1.0
392.4 320.2877 14 1.0
392.5 320.3641 14 1.0
392.6 320.4405 14 1.0
392.7 320.517 14 1.0
392.8 320.5934 14 1.0
392.9 320.6698 14 1.0
393.0 320.7462 14 1.0
393.1 320.8227 14 1.0
393.2 320.8991 14 1.0
393.3 320.9755 14 1.0
393.4 321.052 14 1.0
393.5 321.1284 14 1.0
393.6 321.2048 14 1.0
393.7 321.2812 14 1.0
393.8 321.3577 14 1.0
393.9 321.4341 14 1.0
394.0 321.5105 14 1.0
394.1 321.587 14 1.0
394.2 321.6634 14 1.0
394.3 321.7398 14 1.0
394.4 321.8162 14 1.0
394.5 321.8927 14 1.0
394.6 321.9691 14 1.0
394.7 322.0455 14 1.0
394.8 322.122 14 1.0
394.9 322.1984 14 1.0
395.0 322.2748 14 1.0
395.1 322.3512 14 1.0
395.2 322.4277 14 1.0
395.3 322.5041 14 1.0
395.4 322.5805 14 1.0
395.5 322.6569 14 1.0
395.6 322.7334 14 1.0
395.7 322.8098 14 1.0
395.8 322.8862 14 1.0
395.9 322.9627 14 1.0
396.0 323.0391 14 1.0
396.1 323.1155 14 1.0
396.2 323.1919 14 1.0
396.3 323.2684 14 1.0
396.4 323.3448 14 1.0
396.5 323.4212 14 1.0
396.6 323.4977 14 1.0
396.7 323.5741 14 1.0
396.8 323.6505 14 1.0
396.9 323.7269 14 1.0
397.0 323.8034 14 1.0
397.1 323.8798 14 1.0
397.2 323.9562 14 1.0
397.3 324.0327 14 1.0
397.4 324.1091 14 1.0
397.5 324.1855 14 1.0
397.6 324.2619 14 1.0
397.7 324.3384 14 1.0
397.8 324.4148 14 1.0
397.9 324.4912 14 1.0
398.0 324.5677 14 1.0
398.1 324.6441 14 1.0
398.2 324.7205 14 1.0
398.3 324.7969 14 1.0
398.4 324.8734 14 1.0
398.5 324.9498 14 1.0
398.6 325.0262 14 1.0
398.7 325.1026 14 1.0
398.8 325.1791 14 1.0
398.9 325.2555 14 1.0
399.0 325.3319 14 1.0
399.1 325.4084 14 1.0
399.2 325.4848 14 1.0
399.3 325.5612 14 1.0
399.4 325.6376 14 1.0
399.5 325.7141 14 1.0
399.6 325.7905 14 1.0
399.7 325.8669 14 1.0
399.8 325.9434 14 1.0
399.9 326.0198 14 1.0
400.0 326.0892 14 1.0
400.1 326.1586 14 1.0
400.2 326.228 14 1.0
400.3 326.2974 14 1.0
400.4 326.3668 14 1.0
400.5 326.4362 14 1.0
400.6 326.5056 14 1.0
400.7 326.575 14 1.0
400.8 326.6444 14 1.0
400.9 326.7138 14 1.0
401.0 326.7832 14 1.0
401.1 326.8526 14 1.0
401.2 326.922 14 1.0
401.3 326.9914 14 1.0
401.4 327.0608 14 1.0
401.5 327.1302 14 1.0
401.6 327.1996 14 1.0
401.7 327.269 14 1.0
401.8 327.3384 14 1.0
401.9 327.4078 14 1.0
402.0 327.4772 14 1.0
402.1 327.5466 14 1.0
402.2 327.616 14 1.0
402.3 327.6854 14 1.0
402.4 327.7548 14 1.0
402.5 327.8242 14 1.0
402.6 327.8936 14 1.0
402.7 327.963 14 1.0
402.8 328.0324 14 1.0
402.9 328.1018 14 1.0
403.0 328.1712 14 1.0
403.1 328.2406 14 1.0
403.2 328.31 14 1.0
403.3 328.3794 14 1.0
403.4 328.4488 14 1.0
403.5 328.5182 14 1.0
403.6 328.5876 14 1.0
403.7 328.657 14 1.0
403.8 328.7264 14 1.0
403.9 328.7958 14 1.0
404.0 328.8652 14 1.0
404.1 328.9346 14 1.0
404.2 329.004 14 1.0
404.3 329.0734 14 1.0
404.4 329.1428 14 1.0
404.5 329.2122 14 1.0
404.6 329.2816 14 1.0
404.7 329.351 14 1.0
404.8 329.4204 14 1.0
404.9 329.4898 14 1.0
405.0 329.5592 14 1.0
405.1 329.6286 14 1.0
405.2 329.698 14 1.0
405.3 329.7674 14 1.0
405.4 329.8368 14 1.0
405.5 329.9062 14 1.0
405.6 329.9756 14 1.0
405.7 330.045 14 1.0
405.8 330.1144 14 1.0
405.9 330.1838 14 1.0
406.0 330.2532 14 1.0
406.1 330.3226 14 1.0
406.2 330.392 14 1.0
406.3 330.4614 14 1.0
406.4 330.5308 14 1.0
406.5 330.6002 14 1.0
406.6 330.6696 14 1.0
406.7 330.739 14 1.0
406.8 330.8084 14 1.0
406.9 330.8778 14 1.0
407.0 330.9472 14 1.0
407.1 331.0166 14 1.0
407.2 331.086 14 1.0
407.3 331.1554 14 1.0
407.4 331.2248 14 1.0
407.5 331.2942 14 1.0
407.6 331.3636 14 1.0
407.7 331.433 14 1.0
407.8 331.5024 14 1.0
407.9 331.5718 14 1.0
408.0 331.6412 14 1.0
408.1 331.7106 14 1.0
408.2 331.78 14 1.0
408.3 331.8494 14 1.0
408.4 331.9188 14 1.0
408.5 331.9882 14 1.0
408.6 332.0576 14 1.0
408.7 332.127 14 1.0
408.8 332.1964 14 1.0
408.9 332.2658 14 1.0
409.0 332.3352 14 1.0
409.1 332.4046 14 1.0
409.2 332.474 14 1.0
409.3 332.5434 14 1.0
409.4 332.6128 14 1.0
409.5 332.6822 14 1.0
409.6 332.7516 14 1.0
409.7 332.821 14 1.0
409.8 332.8904 14 1.0
409.9 332.9598 14 1.0
410.0 333.0292 14 1.0
410.1 333.0986 14 1.0
410.2 333.168 14 1.0
410.3 333.2374 14 1.0
410.4 333.3068 14 1.0
410.5 333.3762 14 1.0
410.6 333.4456 14 1.0
410.7 333.515 14 1.0
410.8 333.5844 14 1.0
410.9 333.6538 14 1.0
411.0 333.7232 14 1.0
411.1 333.7926 14 1.0
411.2 333.862 14 1.0
411.3 333.9314 14 1.0
411.4 334.0008 14 1.0
411.5 334.0702 14 1.0
411.6 334.1396 14 1.0
411.7 334.209 14 1.0
411.8 334.2784 14 1.0
411.9 334.3478 14 1.0
412.0 334.4172 14 1.0
412.1 334.4866 14 1.0
412.2 334.556 14 1.0
412.3 334.6254 14 1.0
412.4 334.6948 14 1.0
412.5 334.7642 14 1.0
412.6 334.8336 14 1.0
412.7 334.903 14 1.0
412.8 334.9724 14 1.0
412.9 335.0418 14 1.0
413.0 335.1112 14 1.0
413.1 335.1806 14 1.0
413.2 335.25 14 1.0
413.3 335.3194 14 1.0
413.4 335.3888 14 1.0
413.5 335.4582 14 1.0
413.6 335.5276 14 1.0
413.7 335.597 14 1.0
413.8 335.6664 14 1.0
413.9 335.7358 14 1.0
414.0 335.8052 14 1.0
414.1 335.8746 14 1.0
414.2 335.944 14 1.0
414.3 336.0134 14 1.0
414.4 336.0828 14 1.0
414.5 336.1522 14 1.0
414.6 336.2216 14 1.0
414.7 336.291 14 1.0
414.8 336.3604 14 1.0
414.9 336.4298 14 1.0
415.0 336.4992 14 1.0
415.1 336.5686 14 1.0
415.2 336.638 14 1.0
415.3 336.7074 14 1.0
415.4 336.7768 14 1.0
415.5 336.8462 14 1.0
415.6 336.9156 14 1.0
415.7 336.985 14 1.0
415.8 337.0544 14 1.0
415.9 337.1238 14 1.0
416.0 337.1932 14 1.0
416.1 337.2626 14 1.0
416.2 337.332 14 1.0
416.3 337.4014 14 1.0
416.4 337.4708 14 1.0
416.5 337.5402 14 1.0
416.6 337.6096 14 1.0
416.7 337.679 14 1.0
416.8 337.7484 14 1.0
416.9 337.8178 14 1.0
417.0 337.8872 14 1.0
417.1 337.9566 14 1.0
417.2 338.026 14 1.0
417.3 338.0954 14 1.0
417.4 338.1648 14 1.0
417.5 338.2342 14 1.0
417.6 338.3036 14 1.0
417.7 338.373 14 1.0
417.8 338.4424 14 1.0
417.9 338.5118 14 1.0
418.0 338.5812 14 1.0
418.1 338.6506 14 1.0
418.2 338.72 14 1.0
418.3 338.7894 14 1.0
418.4 338.8588 14 1.0
418.5 338.9282 14 1.0
418.6 338.9976 14 1.0
418.7 339.067 14 1.0
418.8 339.1364 14 1.0
418.9 339.2058 14 1.0
419.0 339.2752 14 1.0
419.1 339.3446 14 1.0
419.2 339.414 14 1.0
419.3 339.4834 14 1.0
419.4 339.5528 14 1.0
419.5 339.6222 14 1.0
419.6 339.6916 14 1.0
419.7 339.761 14 1.0
419.8 339.8304 14 1.0
419.9 339.8998 14 1.0
420.0 339.9692 14 1.0
420.1 340.0386 14 1.0
420.2 340.108 14 1.0
420.3 340.1774 14 1.0
420.4 340.2468 14 1.0
420.5 340.3162 14 1.0
420.6 340.3856 14 1.0
420.7 340.455 14 1.0
420.8 340.5244 14 1.0
420.9 340.5938 14 1.0
421.0 340.6632 14 1.0
421.1 340.7326 14 1.0
421.2 340.802 14 1.0
421.3 340.8714 14 1.0
421.4 340.9408 14 1.0
421.5 341.0102 14 1.0
421.6 341.0796 14 1.0
421.7 341.149 14 1.0
421.8 341.2184 14 1.0
421.9 341.2878 14 1.0
422.0 341.3572 14 1.0
422.1 341.4266 14 1.0
422.2 341.496 14 1.0
422.3 341.5654 14 1.0
422.4 341.6348 14 1.0
422.5 341.7042 14 1.0
422.6 341.7736 14 1.0
422.7 341.843 14 1.0
422.8 341.9124 14 1.0
422.9 341.9818 14 1.0
423.0 342.0512 14 1.0
423.1 342.1206 14 1.0
423.2 342.19 14 1.0
423.3 342.2594 14 1.0
423.4 342.3288 14 1.0
423.5 342.3982 14 1.0
423.6 342.4676 14 1.0
423.7 342.537 14 1.0
423.8 342.6064 14 1.0
423.9 342.6758 14 1.0
424.0 342.7452 14 1.0
424.1 342.8146 14 1.0
424.2 342.884 14 1.0
424.3 342.9534 14 1.0
424.4 343.0228 14 1.0
424.5 343.0922 14 1.0
424.6 343.1616 14 1.0
424.7 343.231 14 1.0
424.8 343.3004 14 1.0
424.9 343.3698 14 1.0
425.0 343.4392 14 1.0
425.1 343.5086 14 1.0
425.2 343.578 14 1.0
425.3 343.6474 14 1.0
425.4 343.7168 14 1.0
425.5 343.7862 14 1.0
425.6 343.8556 14 1.0
425.7 343.925 14 1.0
425.8 343.9944 14 1.0
425.9 344.0638 14 1.0
426.0 344.1332 14 1.0
426.1 344.2026 14 1.0
426.2 344.272 14 1.0
426.3 344.3414 14 1.0
426.4 344.4108 14 1.0
426.5 344.4802 14 1.0
426.6 344.5496 14 1.0
426.7 344.619 14 1.0
426.8 344.6884 14 1.0
426.9 344.7578 14 1.0
427.0 344.8272 14 1.0
427.1 344.8966 14 1.0
427.2 344.966 14 1.0
427.3 345.0354 14 1.0
427.4 345.1048 14 1.0
427.5 345.1742 14 1.0
427.6 345.2436 14 1.0
427.7 345.313 14 1.0
427.8 345.3824 14 1.0
427.9 345.4518 14 1.0
428.0 345.5212 14 1.0
428.1 345.5906 14 1.0
428.2 345.66 14 1.0
428.3 345.7294 14 1.0
428.4 345.7988 14 1.0
428.5 345.8682 14 1.0
428.6 345.9376 14 1.0
428.7 346.007 14 1.0
428.8 346.0764 14 1.0
428.9 346.1458 14 1.0
429.0 346.2152 14 1.0
429.1 346.2846 14 1.0
429.2 346.354 14 1.0
429.3 346.4234 14 1.0
429.4 346.4928 14 1.0
429.5 346.5622 14 1.0
429.6 346.6316 14 1.0
429.7 346.701 14 1.0
429.8 346.7704 14 1.0
429.9 346.8398 14 1.0
430.0 346.9092 14 1.0
430.1 346.9786 14 1.0
430.2 347.048 14 1.0
430.3 347.1174 14 1.0
430.4 347.1868 14 1.0
430.5 347.2562 14 1.0
430.6 347.3256 14 1.0
430.7 347.395 14 1.0
430.8 347.4644 14 1.0
430.9 347.5338 14 1.0
431.0 347.6032 14 1.0
431.1 347.6726 14 1.0
431.2 347.742 14 1.0
431.3 347.8114 14 1.0
431.4 347.8808 14 1.0
431.5 347.9502 14 1.0
431.6 348.0196 14 1.0
431.7 348.089 14 1.0
431.8 348.1584 14 1.0
431.9 348.2278 14 1.0
432.0 348.2972 14 1.0
432.1 348.3666 14 1.0
432.2 348.436 14 1.0
432.3 348.5054 14 1.0
432.4 348.5748 14 1.0
432.5 348.6442 14 1.0
432.6 348.7136 14 1.0
432.7 348.783 14 1.0
432.8 348.8524 14 1.0
432.9 348.9218 14 1.0
433.0 348.9912 14 1.0
433.1 349.0606 14 1.0
433.2 349.13 14 1.0
433.3 349.1994 14 1.0
433.4 349.2688 14 1.0
433.5 349.3382 14 1.0
433.6 349.4076 14 1.0
433.7 349.477 14 1.0
433.8 349.5464 14 1.0
433.9 349.6158 14 1.0
434.0 349.6852 14 1.0
434.1 349.7546 14 1.0
434.2 349.824 14 1.0
434.3 349.8934 14 1.0
434.4 349.9628 14 1.0
434.5 350.0322 14 1.0
434.6 350.1016 14 1.0
434.7 350.171 14 1.0
434.8 350.2404 14 1.0
434.9 350.3098 14 1.0
435.0 350.3792 14 1.0
435.1 350.4486 14 1.0
435.2 350.518 14 1.0
435.3 350.5874 14 1.0
435.4 350.6568 14 1.0
435.5 350.7262 14 1.0
435.6 350.7956 14 1.0
435.7 350.865 14 1.0
435.8 350.9344 14 1.0
435.9 351.0038 14 1.0
436.0 351.0732 14 1.0
436.1 351.1426 14 1.0
436.2 351.212 14 1.0
436.3 351.2814 14 1.0
436.4 351.3508 14 1.0
436.5 351.4202 14 1.0
436.6 351.4896 14 1.0
436.7 351.559 14 1.0
436.8 351.6284 14 1.0
436.9 351.6978 14 1.0
437.0 351.7672 14 1.0
437.1 351.8366 14 1.0
437.2 351.906 14 1.0
437.3 351.9754 14 1.0
437.4 352.0448 14 1.0
437.5 352.1142 14 1.0
437.6 352.1836 14 1.0
437.7 352.253 14 1.0
437.8 352.3224 14 1.0
437.9 352.3918 14 1.0
438.0 352.4612 14 1.0
438.1 352.5306 14 1.0
438.2 352.6 14 1.0
438.3 352.6694 14 1.0
438.4 352.7388 14 1.0
438.5 352.8082 14 1.0
438.6 352.8776 14 1.0
438.7 352.947 14 1.0
438.8 353.0164 14 1.0
438.9 353.0858 14 1.0
439.0 353.1552 14 1.0
439.1 353.2246 14 1.0
439.2 353.294 14 1.0
439.3 353.3634 14 1.0
439.4 353.4328 14 1.0
439.5 353.5022 14 1.0
439.6 353.5716 14 1.0
439.7 353.641 14 1.0
439.8 353.7104 14 1.0
439.9 353.7798 14 1.0
440.0 353.8492 14 1.0
440.1 353.9186 14 1.0
440.2 353.988 14 1.0
440.3 354.0574 14 1.0
440.4 354.1268 14 1.0
440.5 354.1962 14 1.0
440.6 354.2656 14 1.0
440.7 354.335 14 1.0
440.8 354.4044 14 1.0
440.9 354.4738 14 1.0
441.0 354.5432 14 1.0
441.1 354.6126 14 1.0
441.2 354.682 14 1.0
441.3 354.7514 14 1.0
441.4 354.8208 14 1.0
441.5 354.8902 14 1.0
441.6 354.9596 14 1.0
441.7 355.029 14 1.0
441.8 355.0984 14 1.0
441.9 355.1678 14 1.0
442.0 355.2372 14 1.0
442.1 355.3066 14 1.0
442.2 355.376 14 1.0
442.3 355.4454 14 1.0
442.4 355.5148 14 1.0
442.5 355.5842 14 1.0
442.6 355.6536 14 1.0
442.7 355.723 14 1.0
442.8 355.7924 14 1.0
442.9 355.8618 14 1.0
443.0 355.9312 14 1.0
443.1 356.0006 14 1.0
443.2 356.07 14 1.0
443.3 356.1394 14 1.0
443.4 356.2088 14 1.0
443.5 356.2782 14 1.0
443.6 356.3476 14 1.0
443.7 356.417 14 1.0
443.8 356.4864 14 1.0
443.9 356.5558 14 1.0
444.0 356.6252 14 1.0
444.1 356.6946 14 1.0
444.2 356.764 14 1.0
444.3 356.8334 14 1.0
444.4 356.9028 14 1.0
444.5 356.9722 14 1.0
444.6 357.0416 14 1.0
444.7 357.111 14 1.0
444.8 357.1804 14 1.0
444.9 357.2498 14 1.0
445.0 357.3192 14 1.0
445.1 357.3886 14 1.0
445.2 357.458 14 1.0
445.3 357.5274 14 1.0
445.4 357.5968 14 1.0
445.5 357.6662 14 1.0
445.6 357.7356 14 1.0
445.7 357.805 14 1.0
445.8 357.8744 14 1.0
445.9 357.9438 14 1.0
446.0 358.0132 14 1.0
446.1 358.0826 14 1.0
446.2 358.152 14 1.0
446.3 358.2214 14 1.0
446.4 358.2908 14 1.0
446.5 358.3602 14 1.0
446.6 358.4296 14 1.0
446.7 358.499 14 1.0
446.8 358.5684 14 1.0
446.9 358.6378 14 1.0
447.0 358.7072 14 1.0
447.1 358.7766 14 1.0
447.2 358.846 14 1.0
447.3 358.9154 14 1.0
447.4 358.9848 14 1.0
447.5 359.0542 14 1.0
447.6 359.1236 14 1.0
447.7 359.193 14 1.0
447.8 359.2624 14 1.0
447.9 359.3318 14 1.0
448.0 359.4012 14 1.0
448.1 359.4706 14 1.0
448.2 359.54 14 1.0
448.3 359.6094 14 1.0
448.4 359.6788 14 1.0
448.5 359.7482 14 1.0
448.6 359.8176 14 1.0
448.7 359.887 14 1.0
448.8 359.9564 14 1.0
448.9 360.0258 14 1.0
449.0 360.0952 14 1.0
449.1 360.1646 14 1.0
449.2 360.234 14 1.0
449.3 360.3034 14 1.0
449.4 360.3728 14 1.0
449.5 360.4422 14 1.0
449.6 360.5116 14 1.0
449.7 360.581 14 1.0
449.8 360.6504 14 1.0
449.9 360.7198 14 1.0
