15.0 1.45064 13 0.04451
15.1 1.45813 13 0.04486
15.2 1.46561 13 0.04521
15.3 1.47310 13 0.04555
15.4 1.48058 13 0.04589
15.5 1.48806 13 0.04623
15.6 1.49554 13 0.04656
15.7 1.50302 13 0.04689
15.8 1.51050 13 0.04721
15.9 1.51798 13 0.04753
16.0 1.52545 13 0.04784
16.1 1.53293 13 0.04816
16.2 1.54040 13 0.04841
16.3 1.54787 13 0.04871
16.4 1.55534 13 0.04901
16.5 1.56280 13 0.04931
16.6 1.57027 13 0.04960
16.7 1.57773 13 0.04989
16.8 1.58520 13 0.05018
16.9 1.59266 13 0.05046
17.0 1.60012 13 0.05074
17.1 1.60757 13 0.05102
17.2 1.61503 13 0.05129
17.3 1.62248 13 0.05156
17.4 1.62993 13 0.05183
17.5 1.63738 13 0.05210
17.6 1.64483 13 0.05236
17.7 1.65228 13 0.05262
17.8 1.65972 13 0.05288
17.9 1.66717 13 0.05313
18.0 1.67794 13 0.05364
18.1 1.69003 13 0.05424
18.2 1.70221 13 0.05485
18.3 1.71448 13 0.05546
18.4 1.72684 13 0.05607
18.5 1.73930 13 0.05668
18.6 1.75186 13 0.05730
18.7 1.76451 13 0.05791
18.8 1.77726 13 0.05853
18.9 1.79011 13 0.05915
19.0 1.80305 13 0.05977
19.1 1.81609 13 0.06039
19.2 1.82923 13 0.06102
19.3 1.84247 13 0.06165
19.4 1.85581 13 0.06228
19.5 1.86925 13 0.06291
19.6 1.88280 13 0.06355
19.7 1.89644 13 0.06419
19.8 1.91019 13 0.06482
19.9 1.92404 13 0.06547
20.0 17.50384 14 1.00000
20.1 17.58766 14 1.00000
20.2 17.67145 14 1.00000
20.3 17.75523 14 1.00000
20.4 17.83902 14 1.00000
20.5 17.92276 14 1.00000
20.6 18.00646 14 1.00000
20.7 18.09013 14 1.00000
20.8 18.17375 14 1.00000
20.9 18.25732 14 1.00000
21.0 18.34086 14 1.00000
21.1 18.42435 14 1.00000
21.2 18.50780 14 1.00000
21.3 18.59122 14 1.00000
21.4 18.67458 14 1.00000
21.5 18.75791 14 1.00000
21.6 18.84119 14 1.00000
21.7 18.92443 14 1.00000
21.8 19.00763 14 1.00000
21.9 19.09078 14 1.00000
22.0 19.17389 14 1.00000
22.1 19.25696 14 1.00000
22.2 19.33999 14 1.00000
22.3 19.42297 14 1.00000
22.4 19.54023 14 1.00000
22.5 19.62350 14 1.00000
22.6 19.70674 14 1.00000
22.7 19.78993 14 1.00000
22.8 5.56692 14 0.24598
22.9 5.68427 14 0.25106
23.0 5.80326 14 0.25619
23.1 5.92388 14 0.26136
23.2 6.04614 14 0.26657
23.3 6.17004 14 0.27182
23.4 6.29560 14 0.27711
23.5 6.42282 14 0.28244
23.6 6.55170 14 0.28781
23.7 6.68225 14 0.29322
23.8 6.81448 14 0.29867
23.9 6.94838 14 0.30417
24.0 7.08397 14 0.30970
24.1 7.22126 14 0.31527
24.2 7.36024 14 0.32088
24.3 7.50093 14 0.32653
24.4 7.64332 14 0.33222
24.5 7.78743 14 0.33794
24.6 7.93327 14 0.34371
24.7 8.08083 14 0.34951
24.8 8.23012 14 0.35536
24.9 8.38115 14 0.36124
25.0 8.53393 14 0.36716
25.1 8.68846 14 0.37311
25.2 8.83529 14 0.37949
25.3 8.99285 14 0.38552
25.4 9.15216 14 0.39159
25.5 9.31324 14 0.39769
25.6 9.47609 14 0.40383
25.7 9.64072 14 0.41001
25.8 9.80713 14 0.41623
25.9 9.97533 14 0.42248
26.0 10.14533 14 0.42877
26.1 10.31713 14 0.43510
26.2 10.49073 14 0.44146
26.3 10.66615 14 0.44787
26.4 10.84340 14 0.45430
26.5 11.02246 14 0.46078
26.6 11.20336 14 0.46729
26.7 11.38610 14 0.47383
26.8 11.57069 14 0.48042
26.9 11.75713 14 0.48704
27.0 11.94542 14 0.49369
27.1 12.13558 14 0.50039
27.2 12.32761 14 0.50711
27.3 12.52152 14 0.51388
27.4 12.71731 14 0.52068
27.5 12.91499 14 0.52751
27.6 13.11456 14 0.53439
27.7 13.31604 14 0.54129
27.8 13.51969 14 0.54823
27.9 13.72499 14 0.55521
28.0 13.93221 14 0.56223
28.1 14.14135 14 0.56928
28.2 14.35243 14 0.57637
28.3 14.56546 14 0.58349
28.4 14.78043 14 0.59064
28.5 14.99735 14 0.59784
28.6 15.21623 14 0.60507
28.7 15.43708 14 0.61233
28.8 15.65991 14 0.61963
28.9 15.88472 14 0.62696
29.0 16.11151 14 0.63433
29.1 16.34030 14 0.64174
29.2 16.57109 14 0.64918
29.3 16.80392 14 0.65665
29.4 17.03807 14 0.66417
29.5 17.27465 14 0.67172
29.6 17.51324 14 0.67930
29.7 17.75387 14 0.68692
29.8 17.99654 14 0.69457
29.9 18.19565 14 0.70246
30.0 18.44162 14 0.71017
30.1 18.68959 14 0.71792
30.2 18.93893 14 0.72571
30.3 19.19069 14 0.73354
30.4 19.44450 14 0.74140
30.5 19.70039 14 0.74929
30.6 19.95834 14 0.75722
30.7 20.21838 14 0.76518
30.8 20.42500 14 0.77333
30.9 20.68833 14 0.78136
31.0 20.95373 14 0.78943
31.1 21.22025 14 0.79753
31.2 21.48943 14 0.80566
31.3 21.76073 14 0.81383
31.4 22.03414 14 0.82203
31.5 22.30962 14 0.83027
31.6 22.58717 14 0.83855
31.7 22.86684 14 0.84686
31.8 23.08102 14 0.85530
31.9 23.36422 14 0.86367
32.0 23.64823 14 0.87209
32.1 23.93506 14 0.88053
32.2 24.22404 14 0.88901
32.3 24.51505 14 0.89753
32.4 24.80823 14 0.90608
32.5 25.10356 14 0.91466
32.6 25.40107 14 0.92328
32.7 25.70074 14 0.93194
32.8 25.92104 14 0.94067
32.9 26.22320 14 0.94939
33.0 26.52779 14 0.95815
33.1 26.83450 14 0.96694
33.2 27.14338 14 0.97577
33.3 27.45446 14 0.98463
33.4 27.76774 14 0.99353
33.5 28.01646 14 1.00000
33.6 28.09010 14 1.00000
33.7 28.16368 14 1.00000
33.8 28.14198 14 1.00000
33.9 28.21504 14 1.00000
34.0 28.28753 14 1.00000
34.1 28.35994 14 1.00000
34.2 28.43229 14 1.00000
34.3 28.50455 14 1.00000
34.4 28.57675 14 1.00000
34.5 28.64886 14 1.00000
34.6 28.58776 14 1.00000
34.7 28.66020 14 1.00000
34.8 28.73133 14 1.00000
34.9 28.70199 14 1.00000
35.0 28.77309 14 1.00000
35.1 28.69839 14 1.00000
35.2 28.76990 14 1.00000
35.3 28.84124 14 1.00000
35.4 28.91250 14 1.00000
35.5 28.83587 14 1.00000
35.6 28.90737 14 1.00000
35.7 28.97869 14 1.00000
35.8 29.05009 14 1.00000
35.9 29.01130 14 1.00000
36.0 28.41068 14 1.00000
36.1 27.10777 14 1.00000
36.2 24.50944 14 1.00000
36.3 21.92234 14 1.00000
36.4 20.63875 14 1.00000
36.5 18.06802 14 1.00000
36.6 16.29032 14 1.00000
36.7 14.40004 14 1.00000
36.8 13.55449 14 1.00000
36.9 13.56140 14 1.00000
37.0 13.52022 14 1.00000
37.1 13.51500 14 1.00000
37.2 13.48469 14 1.00000
37.3 13.41991 14 1.00000
37.4 13.37295 14 1.00000
37.5 13.38410 14 1.00000
37.6 13.41963 14 1.00000
37.7 13.45507 14 1.00000
37.8 13.49042 14 1.00000
37.9 13.52292 14 1.00000
38.0 13.55834 14 1.00000
38.1 13.59380 14 1.00000
38.2 13.62925 14 1.00000
38.3 13.66457 14 1.00000
38.4 13.69981 14 1.00000
38.5 13.73238 14 1.00000
38.6 13.76786 14 1.00000
38.7 13.80323 14 1.00000
38.8 13.83859 14 1.00000
38.9 13.87377 14 1.00000
39.0 13.90886 14 1.00000
39.1 13.94378 14 1.00000
39.2 13.97707 14 1.00000
39.3 14.01237 14 1.00000
39.4 14.04757 14 1.00000
39.5 14.08259 14 1.00000
39.6 14.11744 14 1.00000
39.7 14.15555 14 1.00000
39.8 14.18596 14 1.00000
39.9 14.22109 14 1.00000
40.0 14.25611 14 1.00000
40.1 14.29091 14 1.00000
40.2 14.33113 14 1.00000
40.3 14.37566 14 1.00000
40.4 14.39453 14 1.00000
40.5 14.42941 14 1.00000
40.6 14.46441 14 1.00000
40.7 14.50722 14 1.00000
40.8 14.55184 14 1.00000
40.9 14.59648 14 1.00000
41.0 14.60250 14 1.00000
41.1 14.63914 14 1.00000
41.2 14.68383 14 1.00000
41.3 14.72854 14 1.00000
41.4 14.77327 14 1.00000
41.5 14.77543 14 1.00000
41.6 14.81621 14 1.00000
41.7 14.86099 14 1.00000
41.8 14.90578 14 1.00000
41.9 14.95059 14 1.00000
42.0 15.01104 14 1.00000
42.1 14.99383 14 1.00000
42.2 15.03870 14 1.00000
42.3 15.08358 14 1.00000
42.4 15.13511 14 1.00000
42.5 15.19436 14 1.00000
42.6 15.17203 14 1.00000
42.7 15.21699 14 1.00000
42.8 15.26196 14 1.00000
42.9 15.32178 14 1.00000
43.0 15.37750 14 1.00000
43.1 15.35082 14 1.00000
43.2 15.39586 14 1.00000
43.3 15.44862 14 1.00000
43.4 15.50763 14 1.00000
43.5 15.48508 14 1.00000
43.6 15.53020 14 1.00000
43.7 15.57581 14 1.00000
43.8 15.63777 14 1.00000
43.9 15.76668 14 1.00000
44.0 15.66499 14 1.00000
44.1 15.71020 14 1.00000
44.2 15.76814 14 1.00000
44.3 15.90509 14 1.00000
44.4 15.80025 14 1.00000
44.5 15.84554 14 1.00000
44.6 15.89917 14 1.00000
44.7 15.89064 14 1.00000
44.8 15.93598 14 1.00000
44.9 15.98135 14 1.00000
45.0 15.98137 14 1.00000
45.1 16.02678 14 1.00000
45.2 16.07220 14 1.00000
45.3 16.08066 14 1.00000
45.4 16.11793 14 1.00000
45.5 16.14841 14 1.00000
45.6 16.18292 14 1.00000
45.7 16.21528 14 1.00000
45.8 16.24635 14 1.00000
45.9 16.28150 14 1.00000
46.0 16.30194 14 1.00000
46.1 16.17054 14 1.00000
46.2 16.19719 14 1.00000
46.3 16.23060 14 1.00000
46.4 16.26464 14 1.00000
46.5 16.29845 14 1.00000
46.6 16.33219 14 1.00000
46.7 16.36584 14 1.00000
46.8 16.39927 14 1.00000
46.9 16.43250 14 1.00000
47.0 16.46548 14 1.00000
47.1 16.50021 14 1.00000
47.2 16.69352 14 1.00000
47.3 16.73019 14 1.00000
47.4 16.76869 14 1.00000
47.5 16.80474 14 1.00000
47.6 16.84038 14 1.00000
47.7 16.87377 14 1.00000
47.8 16.90807 14 1.00000
47.9 16.94231 14 1.00000
48.0 16.97662 14 1.00000
48.1 17.01047 14 1.00000
48.2 17.04466 14 1.00000
48.3 17.07798 14 1.00000
48.4 17.11161 14 1.00000
48.5 17.14465 14 1.00000
48.6 17.18445 14 1.00000
48.7 17.23052 14 1.00000
48.8 17.27658 14 1.00000
48.9 17.45621 14 1.00000
49.0 17.49267 14 1.00000
49.1 17.53058 14 1.00000
49.2 17.56415 14 1.00000
49.3 17.59867 14 1.00000
49.4 17.63336 14 1.00000
49.5 17.66782 14 1.00000
49.6 17.70263 14 1.00000
49.7 17.73707 14 1.00000
49.8 17.77118 14 1.00000
49.9 17.80518 14 1.00000
50.0 17.83871 14 1.00000
50.1 17.87239 14 1.00000
50.2 17.91755 14 1.00000
50.3 17.96383 14 1.00000
50.4 18.01012 14 1.00000
50.5 18.05643 14 1.00000
50.6 18.23031 14 1.00000
50.7 18.26863 14 1.00000
50.8 18.30466 14 1.00000
50.9 18.33902 14 1.00000
51.0 18.37409 14 1.00000
51.1 18.40914 14 1.00000
51.2 18.44424 14 1.00000
51.3 18.47912 14 1.00000
51.4 18.51365 14 1.00000
51.5 18.54776 14 1.00000
51.6 18.58216 14 1.00000
51.7 18.61571 14 1.00000
51.8 18.65383 14 1.00000
51.9 18.70031 14 1.00000
52.0 18.74679 14 1.00000
52.1 18.79329 14 1.00000
52.2 18.83979 14 1.00000
52.3 18.89129 14 1.00000
52.4 19.05659 14 1.00000
52.5 19.09471 14 1.00000
52.6 19.13070 14 1.00000
52.7 19.16579 14 1.00000
52.8 19.20155 14 1.00000
52.9 19.23692 14 1.00000
53.0 19.27229 14 1.00000
53.1 19.30733 14 1.00000
53.2 19.34238 14 1.00000
53.3 19.37690 14 1.00000
53.4 19.41105 14 1.00000
53.5 19.44505 14 1.00000
53.6 19.48623 14 1.00000
53.7 19.53289 14 1.00000
53.8 19.57956 14 1.00000
53.9 19.62624 14 1.00000
54.0 19.69775 14 1.00000
54.1 19.75551 14 1.00000
54.2 19.80842 14 1.00000
54.3 19.85723 14 1.00000
54.4 19.97452 14 1.00000
54.5 20.01061 14 1.00000
54.6 20.04602 14 1.00000
54.7 20.08225 14 1.00000
54.8 20.11824 14 1.00000
54.9 20.15387 14 1.00000
55.0 20.18947 14 1.00000
55.1 20.22445 14 1.00000
55.2 20.25948 14 1.00000
55.3 20.29380 14 1.00000
55.4 20.32790 14 1.00000
55.5 20.36855 14 1.00000
55.6 20.41537 14 1.00000
55.7 20.46221 14 1.00000
55.8 20.50905 14 1.00000
55.9 20.56948 14 1.00000
56.0 20.63061 14 1.00000
56.1 20.68690 14 1.00000
56.2 20.73870 14 1.00000
56.3 20.78717 14 1.00000
56.4 20.91089 14 1.00000
56.5 20.94588 14 1.00000
56.6 20.98192 14 1.00000
56.7 21.01849 14 1.00000
56.8 21.05466 14 1.00000
56.9 21.09079 14 1.00000
57.0 21.12679 14 1.00000
57.1 21.16253 14 1.00000
57.2 21.19747 14 1.00000
57.3 21.23256 14 1.00000
57.4 21.26691 14 1.00000
57.5 21.30224 14 1.00000
57.6 21.34772 14 1.00000
57.7 21.39470 14 1.00000
57.8 21.44168 14 1.00000
57.9 21.48867 14 1.00000
58.0 21.54075 14 1.00000
58.1 21.60366 14 1.00000
58.2 21.66154 14 1.00000
58.3 21.71506 14 1.00000
58.4 21.76520 14 1.00000
58.5 21.90124 14 1.00000
58.6 21.93915 14 1.00000
58.7 21.97491 14 1.00000
58.8 22.01179 14 1.00000
58.9 22.04850 14 1.00000
59.0 22.08482 14 1.00000
59.1 22.12158 14 1.00000
59.2 22.15783 14 1.00000
59.3 22.19382 14 1.00000
59.4 22.22902 14 1.00000
59.5 22.26463 14 1.00000
59.6 22.29908 14 1.00000
59.7 22.33379 14 1.00000
59.8 22.37685 14 1.00000
59.9 22.42395 14 1.00000
60.0 22.47105 14 1.00000
60.1 22.51808 14 1.00000
60.2 22.56525 14 1.00000
60.3 22.61224 14 1.00000
60.4 22.66266 14 1.00000
60.5 22.71755 14 1.00000
60.6 22.76472 14 1.00000
60.7 22.82847 14 1.00000
60.8 22.87357 14 1.00000
60.9 22.91884 14 1.00000
61.0 22.97656 14 1.00000
61.1 23.02148 14 1.00000
61.2 23.06593 14 1.00000
61.3 23.22409 14 1.00000
61.4 23.16403 14 1.00000
61.5 23.20877 14 1.00000
61.6 23.35753 14 1.00000
61.7 23.41181 14 1.00000
61.8 23.35034 14 1.00000
61.9 23.49028 14 1.00000
62.0 23.54454 14 1.00000
62.1 23.60103 14 1.00000
62.2 23.52995 14 1.00000
62.3 23.68170 14 1.00000
62.4 23.62218 14 1.00000
62.5 23.66055 14 1.00000
62.6 23.81485 14 1.00000
62.7 23.75503 14 1.00000
62.8 23.79035 14 1.00000
62.9 23.81252 14 1.00000
63.0 23.88755 14 1.00000
63.1 23.92499 14 1.00000
63.2 23.94275 14 1.00000
63.3 23.98290 14 1.00000
63.4 24.05643 14 1.00000
63.5 24.08051 14 1.00000
63.6 24.11499 14 1.00000
63.7 24.15857 14 1.00000
63.8 24.21508 14 1.00000
63.9 24.24732 14 1.00000
64.0 24.29089 14 1.00000
64.1 24.33453 14 1.00000
64.2 24.37852 14 1.00000
64.3 24.42348 14 1.00000
64.4 24.46712 14 1.00000
64.5 24.51254 14 1.00000
64.6 24.58435 14 1.00000
64.7 24.59997 14 1.00000
64.8 24.64378 14 1.00000
64.9 24.70540 14 1.00000
65.0 24.77544 14 1.00000
65.1 24.84720 14 1.00000
65.2 24.82069 14 1.00000
65.3 24.89281 14 1.00000
65.4 24.96464 14 1.00000
65.5 25.03366 14 1.00000
65.6 25.10496 14 1.00000
65.7 25.07604 14 1.00000
65.8 25.14586 14 1.00000
65.9 25.21845 14 1.00000
66.0 25.28670 14 1.00000
66.1 25.35504 14 1.00000
66.2 25.32293 14 1.00000
66.3 25.39301 14 1.00000
66.4 25.46592 14 1.00000
66.5 25.53314 14 1.00000
66.6 25.60612 14 1.00000
66.7 25.53573 14 1.00000
66.8 25.63751 14 1.00000
66.9 25.70640 14 1.00000
67.0 25.77757 14 1.00000
67.1 25.72017 14 1.00000
67.2 25.74983 14 1.00000
67.3 25.75656 14 1.00000
67.4 25.94155 14 1.00000
67.5 25.90122 14 1.00000
67.6 25.94184 14 1.00000
67.7 25.96163 14 1.00000
67.8 25.97960 14 1.00000
67.9 26.02377 14 1.00000
68.0 26.12664 14 1.00000
68.1 26.16587 14 1.00000
68.2 26.15983 14 1.00000
68.3 26.20354 14 1.00000
68.4 26.24777 14 1.00000
68.5 26.29201 14 1.00000
68.6 26.39442 14 1.00000
68.7 26.41740 14 1.00000
68.8 26.42796 14 1.00000
68.9 26.47231 14 1.00000
69.0 26.51667 14 1.00000
69.1 26.57882 14 1.00000
69.2 26.65441 14 1.00000
69.3 26.65307 14 1.00000
69.4 26.69746 14 1.00000
69.5 26.74189 14 1.00000
69.6 26.78927 14 1.00000
69.7 26.86526 14 1.00000
69.8 26.93819 14 1.00000
69.9 27.01074 14 1.00000
70.0 26.96722 14 1.00000
70.1 27.01235 14 1.00000
70.2 27.06105 14 1.00000
70.3 27.13889 14 1.00000
70.4 27.21002 14 1.00000
70.5 27.28338 14 1.00000
70.6 27.35308 14 1.00000
70.7 27.42139 14 1.00000
70.8 27.32827 14 1.00000
70.9 27.39715 14 1.00000
71.0 27.46932 14 1.00000
71.1 27.54503 14 1.00000
71.2 27.61499 14 1.00000
71.3 27.68292 14 1.00000
71.4 27.75270 14 1.00000
71.5 27.71718 14 1.00000
71.6 27.75991 14 1.00000
71.7 27.79593 14 1.00000
71.8 27.86388 14 1.00000
71.9 27.93716 14 1.00000
72.0 28.00239 14 1.00000
72.1 28.07264 14 1.00000
72.2 28.03816 14 1.00000
72.3 28.08424 14 1.00000
72.4 28.11982 14 1.00000
72.5 28.20613 14 1.00000
72.6 28.24741 14 1.00000
72.7 28.31479 14 1.00000
72.8 28.38284 14 1.00000
72.9 28.45156 14 1.00000
73.0 28.40607 14 1.00000
73.1 28.45016 14 1.00000
73.2 28.48478 14 1.00000
73.3 28.48337 14 1.00000
73.4 28.51135 14 1.00000
73.5 28.68188 14 1.00000
73.6 28.74883 14 1.00000
73.7 28.81510 14 1.00000
73.8 28.77521 14 1.00000
73.9 28.82224 14 1.00000
74.0 28.85952 14 1.00000
74.1 28.86337 14 1.00000
74.2 28.88114 14 1.00000
74.3 28.92289 14 1.00000
74.4 28.96820 14 1.00000
74.5 29.16731 14 1.00000
74.6 29.23339 14 1.00000
74.7 29.19263 14 1.00000
74.8 29.23893 14 1.00000
74.9 29.27701 14 1.00000
75.0 29.28223 14 1.00000
75.1 29.30311 14 1.00000
75.2 29.33618 14 1.00000
75.3 29.38158 14 1.00000
75.4 29.43309 14 1.00000
75.5 29.47376 14 1.00000
75.6 29.70598 14 1.00000
75.7 29.65476 14 1.00000
75.8 29.70114 14 1.00000
75.9 29.73889 14 1.00000
76.0 29.74911 14 1.00000
76.1 29.77142 14 1.00000
76.2 29.79694 14 1.00000
76.3 29.84249 14 1.00000
76.4 29.89036 14 1.00000
76.5 29.96214 14 1.00000
76.6 30.03362 14 1.00000
76.7 30.10958 14 1.00000
76.8 30.16978 14 1.00000
76.9 30.21099 14 1.00000
77.0 30.24898 14 1.00000
77.1 30.26162 14 1.00000
77.2 30.28916 14 1.00000
77.3 30.30568 14 1.00000
77.4 30.35147 14 1.00000
77.5 30.39727 14 1.00000
77.6 30.46312 14 1.00000
77.7 30.53479 14 1.00000
77.8 30.60382 14 1.00000
77.9 30.62698 14 1.00000
78.0 30.73075 14 1.00000
78.1 30.77586 14 1.00000
78.2 30.81367 14 1.00000
78.3 30.82523 14 1.00000
78.4 30.85699 14 1.00000
78.5 30.87831 14 1.00000
78.6 30.90917 14 1.00000
78.7 30.95521 14 1.00000
78.8 31.00786 14 1.00000
78.9 31.07828 14 1.00000
79.0 31.14970 14 1.00000
79.1 31.21616 14 1.00000
79.2 31.28298 14 1.00000
79.3 31.23526 14 1.00000
79.4 31.38751 14 1.00000
79.5 31.43113 14 1.00000
79.6 31.46753 14 1.00000
79.7 31.48099 14 1.00000
79.8 31.51398 14 1.00000
79.9 31.53650 14 1.00000
80.0 31.56258 14 1.00000
80.1 31.60888 14 1.00000
80.2 31.65950 14 1.00000
80.3 31.72765 14 1.00000
80.4 31.79795 14 1.00000
80.5 31.86438 14 1.00000
80.6 31.93183 14 1.00000
80.7 31.99682 14 1.00000
80.8 31.98158 14 1.00000
80.9 32.09828 14 1.00000
81.0 32.14151 14 1.00000
81.1 32.18248 14 1.00000
81.2 32.19989 14 1.00000
81.3 32.23378 14 1.00000
81.4 32.26738 14 1.00000
81.5 32.28870 14 1.00000
81.6 32.31338 14 1.00000
81.7 32.36002 14 1.00000
81.8 32.40882 14 1.00000
81.9 32.47099 14 1.00000
82.0 32.54019 14 1.00000
82.1 32.60772 14 1.00000
82.2 32.67421 14 1.00000
82.3 32.70768 14 1.00000
82.4 32.73914 14 1.00000
82.5 32.85468 14 1.00000
82.6 32.90462 14 1.00000
82.7 32.95192 14 1.00000
82.8 32.99723 14 1.00000
82.9 33.03715 14 1.00000
83.0 33.05525 14 1.00000
83.1 33.09758 14 1.00000
83.2 33.12954 14 1.00000
83.3 33.15866 14 1.00000
83.4 33.18072 14 1.00000
83.5 33.21047 14 1.00000
83.6 33.25744 14 1.00000
83.7 33.31060 14 1.00000
83.8 33.37281 14 1.00000
83.9 33.43790 14 1.00000
84.0 33.46875 14 1.00000
84.1 33.61605 14 1.00000
84.2 33.72326 14 1.00000
84.3 33.77926 14 1.00000
84.4 33.84499 14 1.00000
84.5 33.80713 14 1.00000
84.6 33.86065 14 1.00000
84.7 33.90885 14 1.00000
84.8 33.95641 14 1.00000
84.9 34.00580 14 1.00000
85.0 34.04533 14 1.00000
85.1 34.06800 14 1.00000
85.2 34.11199 14 1.00000
85.3 34.15059 14 1.00000
85.4 34.18232 14 1.00000
85.5 34.22052 14 1.00000
85.6 34.24685 14 1.00000
85.7 34.26878 14 1.00000
85.8 34.30464 14 1.00000
85.9 34.35213 14 1.00000
86.0 34.40727 14 1.00000
86.1 34.53485 14 1.00000
86.2 34.62944 14 1.00000
86.3 34.68840 14 1.00000
86.4 34.74875 14 1.00000
86.5 34.80836 14 1.00000
86.6 34.86722 14 1.00000
86.7 34.92537 14 1.00000
86.8 34.98435 14 1.00000
86.9 35.04300 14 1.00000
87.0 35.00602 14 1.00000
87.1 35.06224 14 1.00000
87.2 35.11461 14 1.00000
87.3 35.16605 14 1.00000
87.4 35.21358 14 1.00000
87.5 35.26274 14 1.00000
87.6 35.30635 14 1.00000
87.7 35.35282 14 1.00000
87.8 35.37718 14 1.00000
87.9 35.41904 14 1.00000
88.0 35.46294 14 1.00000
88.1 35.49960 14 1.00000
88.2 35.54047 14 1.00000
88.3 35.61431 14 1.00000
88.4 35.68371 14 1.00000
88.5 35.66550 14 1.00000
88.6 35.72137 14 1.00000
88.7 35.78423 14 1.00000
88.8 35.84026 14 1.00000
88.9 35.89856 14 1.00000
89.0 35.95748 14 1.00000
89.1 36.01469 14 1.00000
89.2 36.07175 14 1.00000
89.3 36.13438 14 1.00000
89.4 36.18915 14 1.00000
89.5 36.24426 14 1.00000
89.6 36.30555 14 1.00000
89.7 36.35722 14 1.00000
89.8 36.41418 14 1.00000
89.9 36.46332 14 1.00000
90.0 36.51551 14 1.00000
90.1 36.56872 14 1.00000
90.2 36.62231 14 1.00000
90.3 36.61149 14 1.00000
90.4 36.66258 14 1.00000
90.5 36.72663 14 1.00000
90.6 36.80843 14 1.00000
90.7 36.81962 14 1.00000
90.8 36.77571 14 1.00000
90.9 36.88150 14 1.00000
91.0 36.92097 14 1.00000
91.1 36.96438 14 1.00000
91.2 37.00421 14 1.00000
91.3 37.04312 14 1.00000
91.4 37.08057 14 1.00000
91.5 37.11805 14 1.00000
91.6 37.15058 14 1.00000
91.7 37.18129 14 1.00000
91.8 37.21296 14 1.00000
91.9 37.25603 14 1.00000
92.0 37.31114 14 1.00000
92.1 37.36844 14 1.00000
92.2 37.42796 14 1.00000
92.3 37.48710 14 1.00000
92.4 37.54708 14 1.00000
92.5 37.60556 14 1.00000
92.6 37.66509 14 1.00000
92.7 37.71093 14 1.00000
92.8 37.76378 14 1.00000
92.9 37.81728 14 1.00000
93.0 37.87005 14 1.00000
93.1 37.92242 14 1.00000
93.2 37.97538 14 1.00000
93.3 38.02791 14 1.00000
93.4 38.08039 14 1.00000
93.5 38.11737 14 1.00000
93.6 38.11257 14 1.00000
93.7 38.24822 14 1.00000
93.8 38.34159 14 1.00000
93.9 38.39480 14 1.00000
94.0 38.44794 14 1.00000
94.1 38.50191 14 1.00000
94.2 38.52830 14 1.00000
94.3 38.55559 14 1.00000
94.4 38.58417 14 1.00000
94.5 38.68324 14 1.00000
94.6 38.71405 14 1.00000
94.7 38.75128 14 1.00000
94.8 38.85183 14 1.00000
94.9 38.95209 14 1.00000
95.0 39.05231 14 1.00000
95.1 39.15274 14 1.00000
95.2 39.25289 14 1.00000
95.3 39.35319 14 1.00000
95.4 39.45331 14 1.00000
95.5 39.55334 14 1.00000
95.6 39.65358 14 1.00000
95.7 39.75353 14 1.00000
95.8 39.85369 14 1.00000
95.9 39.95351 14 1.00000
96.0 40.05335 14 1.00000
96.1 40.15063 14 1.00000
96.2 40.23972 14 1.00000
96.3 40.32914 14 1.00000
96.4 40.41842 14 1.00000
96.5 40.50792 14 1.00000
96.6 40.59716 14 1.00000
96.7 40.68654 14 1.00000
96.8 40.77615 14 1.00000
96.9 40.86550 14 1.00000
97.0 40.95523 14 1.00000
97.1 41.04471 14 1.00000
97.2 41.13441 14 1.00000
97.3 41.22395 14 1.00000
97.4 41.31358 14 1.00000
97.5 41.40343 14 1.00000
97.6 41.49303 14 1.00000
97.7 41.58300 14 1.00000
97.8 41.67271 14 1.00000
97.9 41.76263 14 1.00000
98.0 41.85246 14 1.00000
98.1 41.94227 14 1.00000
98.2 42.03229 14 1.00000
98.3 42.12216 14 1.00000
98.4 42.21235 14 1.00000
98.5 42.30228 14 1.00000
98.6 42.39247 14 1.00000
98.7 42.48240 14 1.00000
98.8 42.57265 14 1.00000
98.9 42.66275 14 1.00000
99.0 40.50000 14 1.00000
99.1 40.50000 14 1.00000
99.2 40.50000 14 1.00000
99.3 40.50000 14 1.00000
99.4 40.50000 14 1.00000
99.5 40.50000 14 1.00000
99.6 40.50000 14 1.00000
99.7 40.50000 14 1.00000
99.8 40.50000 14 1.00000
99.9 40.50000 14 1.00000
100.0 40.50000 14 1.00000
100.1 40.50000 14 1.00000
100.2 40.50000 14 1.00000
100.3 40.50000 14 1.00000
100.4 40.50000 14 1.00000
100.5 40.50000 14 1.00000
100.6 40.50000 14 1.00000
100.7 40.50000 14 1.00000
100.8 40.50000 14 1.00000
100.9 40.50000 14 1.00000
101.0 40.50000 14 1.00000
101.1 40.50000 14 1.00000
101.2 40.50000 14 1.00000
101.3 40.50000 14 1.00000
101.4 40.50000 14 1.00000
101.5 40.50000 14 1.00000
101.6 40.50000 14 1.00000
101.7 40.50000 14 1.00000
101.8 40.50000 14 1.00000
101.9 40.50000 14 1.00000
102.0 40.50000 14 1.00000
102.1 40.50000 14 1.00000
102.2 40.50000 14 1.00000
102.3 40.50000 14 1.00000
102.4 40.50000 14 1.00000
102.5 40.50000 14 1.00000
102.6 40.50000 14 1.00000
102.7 40.50000 14 1.00000
102.8 40.50000 14 1.00000
102.9 40.50000 14 1.00000
103.0 40.50000 14 1.00000
103.1 40.50000 14 1.00000
103.2 40.50000 14 1.00000
103.3 40.50000 14 1.00000
103.4 40.50000 14 1.00000
103.5 40.50000 14 1.00000
103.6 40.50000 14 1.00000
103.7 40.50000 14 1.00000
103.8 40.50000 14 1.00000
103.9 40.50000 14 1.00000
104.0 40.50000 14 1.00000
104.1 40.50000 14 1.00000
104.2 40.50000 14 1.00000
104.3 40.50000 14 1.00000
104.4 40.50000 14 1.00000
104.5 40.50000 14 1.00000
104.6 40.50000 14 1.00000
104.7 40.50000 14 1.00000
104.8 40.50000 14 1.00000
104.9 40.50000 14 1.00000
105.0 40.50000 14 1.00000
105.1 40.50000 14 1.00000
105.2 40.50000 14 1.00000
105.3 40.50000 14 1.00000
105.4 40.50000 14 1.00000
105.5 40.50000 14 1.00000
105.6 40.50000 14 1.00000
105.7 40.50000 14 1.00000
105.8 40.50000 14 1.00000
105.9 40.50000 14 1.00000
106.0 40.50000 14 1.00000
106.1 40.50000 14 1.00000
106.2 40.50000 14 1.00000
106.3 40.50000 14 1.00000
106.4 40.50000 14 1.00000
106.5 40.50000 14 1.00000
106.6 40.50000 14 1.00000
106.7 40.50000 14 1.00000
106.8 40.50000 14 1.00000
106.9 40.50000 14 1.00000
107.0 40.50000 14 1.00000
107.1 40.50000 14 1.00000
107.2 40.50000 14 1.00000
107.3 40.50000 14 1.00000
107.4 40.50000 14 1.00000
107.5 40.50000 14 1.00000
107.6 40.50000 14 1.00000
107.7 40.50000 14 1.00000
107.8 40.50000 14 1.00000
107.9 40.50000 14 1.00000
108.0 40.50000 14 1.00000
108.1 40.50000 14 1.00000
108.2 40.50000 14 1.00000
108.3 40.50000 14 1.00000
108.4 40.50000 14 1.00000
108.5 40.50000 14 1.00000
108.6 40.50000 14 1.00000
108.7 40.50000 14 1.00000
108.8 40.50000 14 1.00000
108.9 40.50000 14 1.00000
109.0 40.50000 14 1.00000
109.1 40.50000 14 1.00000
109.2 40.50000 14 1.00000
109.3 40.50000 14 1.00000
109.4 40.50000 14 1.00000
109.5 40.50000 14 1.00000
109.6 40.50000 14 1.00000
109.7 40.50000 14 1.00000
109.8 40.50000 14 1.00000
109.9 40.50000 14 1.00000
110.0 40.50000 14 1.00000
110.1 40.50000 14 1.00000
110.2 40.50000 14 1.00000
110.3 40.50000 14 1.00000
110.4 40.50000 14 1.00000
110.5 40.50000 14 1.00000
110.6 40.50000 14 1.00000
110.7 40.50000 14 1.00000
110.8 40.50000 14 1.00000
110.9 40.50000 14 1.00000
111.0 40.50000 14 1.00000
111.1 40.50000 14 1.00000
111.2 40.50000 14 1.00000
111.3 40.50000 14 1.00000
111.4 40.50000 14 1.00000
111.5 40.50000 14 1.00000
111.6 40.50000 14 1.00000
111.7 40.50000 14 1.00000
111.8 40.50000 14 1.00000
111.9 40.50000 14 1.00000
112.0 40.50000 14 1.00000
112.1 40.50000 14 1.00000
112.2 40.50000 14 1.00000
112.3 40.50000 14 1.00000
112.4 40.50000 14 1.00000
112.5 40.50000 14 1.00000
112.6 40.50000 14 1.00000
112.7 40.50000 14 1.00000
112.8 40.50000 14 1.00000
112.9 40.50000 14 1.00000
113.0 40.50000 14 1.00000
113.1 40.50000 14 1.00000
113.2 40.50000 14 1.00000
113.3 40.50000 14 1.00000
113.4 40.50000 14 1.00000
113.5 40.50000 14 1.00000
113.6 40.50000 14 1.00000
113.7 40.50000 14 1.00000
113.8 40.50000 14 1.00000
113.9 40.50000 14 1.00000
114.0 40.50000 14 1.00000
114.1 40.50000 14 1.00000
114.2 40.50000 14 1.00000
114.3 40.50000 14 1.00000
114.4 40.50000 14 1.00000
114.5 40.50000 14 1.00000
114.6 40.50000 14 1.00000
114.7 40.50000 14 1.00000
114.8 40.50000 14 1.00000
114.9 40.50000 14 1.00000
115.0 40.50000 14 1.00000
115.1 40.50000 14 1.00000
115.2 40.50000 14 1.00000
115.3 40.50000 14 1.00000
115.4 40.50000 14 1.00000
115.5 40.50000 14 1.00000
115.6 40.50000 14 1.00000
115.7 40.50000 14 1.00000
115.8 40.50000 14 1.00000
115.9 40.50000 14 1.00000
116.0 40.50000 14 1.00000
116.1 40.50000 14 1.00000
116.2 40.50000 14 1.00000
116.3 40.50000 14 1.00000
116.4 40.50000 14 1.00000
116.5 40.50000 14 1.00000
116.6 40.50000 14 1.00000
116.7 40.50000 14 1.00000
116.8 40.50000 14 1.00000
116.9 40.50000 14 1.00000
117.0 40.50000 14 1.00000
117.1 40.50000 14 1.00000
117.2 40.50000 14 1.00000
117.3 40.50000 14 1.00000
117.4 40.50000 14 1.00000
117.5 40.50000 14 1.00000
117.6 40.50000 14 1.00000
117.7 40.50000 14 1.00000
117.8 40.50000 14 1.00000
117.9 40.50000 14 1.00000
118.0 40.50000 14 1.00000
118.1 40.50000 14 1.00000
118.2 40.50000 14 1.00000
118.3 40.50000 14 1.00000
118.4 40.50000 14 1.00000
118.5 40.50000 14 1.00000
118.6 40.50000 14 1.00000
118.7 40.50000 14 1.00000
118.8 40.50000 14 1.00000
118.9 40.50000 14 1.00000
119.0 40.50000 14 1.00000
119.1 40.50000 14 1.00000
119.2 40.50000 14 1.00000
119.3 40.50000 14 1.00000
119.4 40.50000 14 1.00000
119.5 40.50000 14 1.00000
119.6 40.50000 14 1.00000
119.7 40.50000 14 1.00000
119.8 40.50000 14 1.00000
119.9 40.50000 14 1.00000
120.0 40.50000 14 1.00000
120.1 40.50000 14 1.00000
120.2 40.50000 14 1.00000
120.3 40.50000 14 1.00000
120.4 40.50000 14 1.00000
120.5 40.50000 14 1.00000
120.6 40.50000 14 1.00000
120.7 40.50000 14 1.00000
120.8 40.50000 14 1.00000
120.9 40.50000 14 1.00000
121.0 40.50000 14 1.00000
121.1 40.50000 14 1.00000
121.2 40.50000 14 1.00000
121.3 40.50000 14 1.00000
121.4 40.50000 14 1.00000
121.5 40.50000 14 1.00000
121.6 40.50000 14 1.00000
121.7 40.50000 14 1.00000
121.8 40.50000 14 1.00000
121.9 40.50000 14 1.00000
122.0 40.50000 14 1.00000
122.1 40.50000 14 1.00000
122.2 40.50000 14 1.00000
122.3 40.50000 14 1.00000
122.4 40.50000 14 1.00000
122.5 40.50000 14 1.00000
122.6 40.50000 14 1.00000
122.7 40.50000 14 1.00000
122.8 40.50000 14 1.00000
122.9 40.50000 14 1.00000
123.0 40.50000 14 1.00000
123.1 40.50000 14 1.00000
123.2 40.50000 14 1.00000
123.3 40.50000 14 1.00000
123.4 40.50000 14 1.00000
123.5 40.50000 14 1.00000
123.6 40.50000 14 1.00000
123.7 40.50000 14 1.00000
123.8 40.50000 14 1.00000
123.9 40.50000 14 1.00000
124.0 40.50000 14 1.00000
124.1 40.50000 14 1.00000
124.2 40.50000 14 1.00000
124.3 40.50000 14 1.00000
124.4 40.50000 14 1.00000
124.5 40.50000 14 1.00000
124.6 40.50000 14 1.00000
124.7 40.50000 14 1.00000
124.8 40.50000 14 1.00000
124.9 40.50000 14 1.00000
125.0 40.50000 14 1.00000
125.1 40.50000 14 1.00000
125.2 40.50000 14 1.00000
125.3 40.50000 14 1.00000
125.4 40.50000 14 1.00000
125.5 40.50000 14 1.00000
125.6 40.50000 14 1.00000
125.7 40.50000 14 1.00000
125.8 40.50000 14 1.00000
125.9 40.50000 14 1.00000
126.0 40.50000 14 1.00000
126.1 40.50000 14 1.00000
126.2 40.50000 14 1.00000
126.3 40.50000 14 1.00000
126.4 40.50000 14 1.00000
126.5 40.50000 14 1.00000
126.6 40.50000 14 1.00000
126.7 40.50000 14 1.00000
126.8 40.50000 14 1.00000
126.9 40.50000 14 1.00000
127.0 40.50000 14 1.00000
127.1 40.50000 14 1.00000
127.2 40.50000 14 1.00000
127.3 40.50000 14 1.00000
127.4 40.50000 14 1.00000
127.5 40.50000 14 1.00000
127.6 40.50000 14 1.00000
127.7 40.50000 14 1.00000
127.8 40.50000 14 1.00000
127.9 40.50000 14 1.00000
128.0 40.50000 14 1.00000
128.1 40.50000 14 1.00000
128.2 40.50000 14 1.00000
128.3 40.50000 14 1.00000
128.4 40.50000 14 1.00000
128.5 40.50000 14 1.00000
128.6 40.50000 14 1.00000
128.7 40.50000 14 1.00000
128.8 40.50000 14 1.00000
128.9 40.50000 14 1.00000
129.0 40.50000 14 1.00000
129.1 40.50000 14 1.00000
129.2 40.50000 14 1.00000
129.3 40.50000 14 1.00000
129.4 40.50000 14 1.00000
129.5 40.50000 14 1.00000
129.6 40.50000 14 1.00000
129.7 40.50000 14 1.00000
129.8 40.50000 14 1.00000
129.9 40.50000 14 1.00000
130.0 40.50000 14 1.00000
130.1 40.50000 14 1.00000
130.2 40.50000 14 1.00000
130.3 40.50000 14 1.00000
130.4 40.50000 14 1.00000
130.5 40.50000 14 1.00000
130.6 40.50000 14 1.00000
130.7 40.50000 14 1.00000
130.8 40.50000 14 1.00000
130.9 40.50000 14 1.00000
131.0 40.50000 14 1.00000
131.1 40.50000 14 1.00000
131.2 40.50000 14 1.00000
131.3 40.50000 14 1.00000
131.4 40.50000 14 1.00000
131.5 40.50000 14 1.00000
131.6 40.50000 14 1.00000
131.7 40.50000 14 1.00000
131.8 40.50000 14 1.00000
131.9 40.50000 14 1.00000
132.0 40.50000 14 1.00000
132.1 40.50000 14 1.00000
132.2 40.50000 14 1.00000
132.3 40.50000 14 1.00000
132.4 40.50000 14 1.00000
132.5 40.50000 14 1.00000
132.6 40.50000 14 1.00000
132.7 40.50000 14 1.00000
132.8 40.50000 14 1.00000
132.9 40.50000 14 1.00000
133.0 40.50000 14 1.00000
133.1 40.50000 14 1.00000
133.2 40.50000 14 1.00000
133.3 40.50000 14 1.00000
133.4 40.50000 14 1.00000
133.5 40.50000 14 1.00000
133.6 40.50000 14 1.00000
133.7 40.50000 14 1.00000
133.8 40.50000 14 1.00000
133.9 40.50000 14 1.00000
134.0 40.50000 14 1.00000
134.1 40.50000 14 1.00000
134.2 40.50000 14 1.00000
134.3 40.50000 14 1.00000
134.4 40.50000 14 1.00000
134.5 40.50000 14 1.00000
134.6 40.50000 14 1.00000
134.7 40.50000 14 1.00000
134.8 40.50000 14 1.00000
134.9 40.50000 14 1.00000
135.0 40.50000 14 1.00000
135.1 40.50000 14 1.00000
135.2 40.50000 14 1.00000
135.3 40.50000 14 1.00000
135.4 40.50000 14 1.00000
135.5 40.50000 14 1.00000
135.6 40.50000 14 1.00000
135.7 40.50000 14 1.00000
135.8 40.50000 14 1.00000
135.9 40.50000 14 1.00000
136.0 40.50000 14 1.00000
136.1 40.50000 14 1.00000
136.2 40.50000 14 1.00000
136.3 40.50000 14 1.00000
136.4 40.50000 14 1.00000
136.5 40.50000 14 1.00000
136.6 40.50000 14 1.00000
136.7 40.50000 14 1.00000
136.8 40.50000 14 1.00000
136.9 40.50000 14 1.00000
137.0 40.50000 14 1.00000
137.1 40.50000 14 1.00000
137.2 40.50000 14 1.00000
137.3 40.50000 14 1.00000
137.4 40.50000 14 1.00000
137.5 40.50000 14 1.00000
137.6 40.50000 14 1.00000
137.7 40.50000 14 1.00000
137.8 40.50000 14 1.00000
137.9 40.50000 14 1.00000
138.0 40.50000 14 1.00000
138.1 40.50000 14 1.00000
138.2 40.50000 14 1.00000
138.3 40.50000 14 1.00000
138.4 40.50000 14 1.00000
138.5 40.50000 14 1.00000
138.6 40.50000 14 1.00000
138.7 40.50000 14 1.00000
138.8 40.50000 14 1.00000
138.9 40.50000 14 1.00000
139.0 40.50000 14 1.00000
139.1 40.50000 14 1.00000
139.2 40.50000 14 1.00000
139.3 40.50000 14 1.00000
139.4 40.50000 14 1.00000
139.5 40.50000 14 1.00000
139.6 40.50000 14 1.00000
139.7 40.50000 14 1.00000
139.8 40.50000 14 1.00000
139.9 40.50000 14 1.00000
140.0 40.50000 14 1.00000
140.1 40.50000 14 1.00000
140.2 40.50000 14 1.00000
140.3 40.50000 14 1.00000
140.4 40.50000 14 1.00000
140.5 40.50000 14 1.00000
140.6 40.50000 14 1.00000
140.7 40.50000 14 1.00000
140.8 40.50000 14 1.00000
140.9 40.50000 14 1.00000
141.0 40.50000 14 1.00000
141.1 40.50000 14 1.00000
141.2 40.50000 14 1.00000
141.3 40.50000 14 1.00000
141.4 40.50000 14 1.00000
141.5 40.50000 14 1.00000
141.6 40.50000 14 1.00000
141.7 40.50000 14 1.00000
141.8 40.50000 14 1.00000
141.9 40.50000 14 1.00000
142.0 40.50000 14 1.00000
142.1 40.50000 14 1.00000
142.2 40.50000 14 1.00000
142.3 40.50000 14 1.00000
142.4 40.50000 14 1.00000
142.5 40.50000 14 1.00000
142.6 40.50000 14 1.00000
142.7 40.50000 14 1.00000
142.8 40.50000 14 1.00000
142.9 40.50000 14 1.00000
143.0 40.50000 14 1.00000
143.1 40.50000 14 1.00000
143.2 40.50000 14 1.00000
143.3 40.50000 14 1.00000
143.4 40.50000 14 1.00000
143.5 40.50000 14 1.00000
143.6 40.50000 14 1.00000
143.7 40.50000 14 1.00000
143.8 40.50000 14 1.00000
143.9 40.50000 14 1.00000
144.0 40.50000 14 1.00000
144.1 40.50000 14 1.00000
144.2 40.50000 14 1.00000
144.3 40.50000 14 1.00000
144.4 40.50000 14 1.00000
144.5 40.50000 14 1.00000
144.6 40.50000 14 1.00000
144.7 40.50000 14 1.00000
144.8 40.50000 14 1.00000
144.9 40.50000 14 1.00000
145.0 40.50000 14 1.00000
145.1 40.50000 14 1.00000
145.2 40.50000 14 1.00000
145.3 40.50000 14 1.00000
145.4 40.50000 14 1.00000
145.5 40.50000 14 1.00000
145.6 40.50000 14 1.00000
145.7 40.50000 14 1.00000
145.8 40.50000 14 1.00000
145.9 40.50000 14 1.00000
146.0 40.50000 14 1.00000
146.1 40.50000 14 1.00000
146.2 40.50000 14 1.00000
146.3 40.50000 14 1.00000
146.4 40.50000 14 1.00000
146.5 40.50000 14 1.00000
146.6 40.50000 14 1.00000
146.7 40.50000 14 1.00000
146.8 40.50000 14 1.00000
146.9 40.50000 14 1.00000
147.0 40.50000 14 1.00000
147.1 40.50000 14 1.00000
147.2 40.50000 14 1.00000
147.3 40.50000 14 1.00000
147.4 40.50000 14 1.00000
147.5 40.50000 14 1.00000
147.6 40.50000 14 1.00000
147.7 40.50000 14 1.00000
147.8 40.50000 14 1.00000
147.9 40.50000 14 1.00000
148.0 40.50000 14 1.00000
148.1 40.50000 14 1.00000
148.2 40.50000 14 1.00000
148.3 40.50000 14 1.00000
148.4 40.50000 14 1.00000
148.5 40.50000 14 1.00000
148.6 40.50000 14 1.00000
148.7 40.50000 14 1.00000
148.8 40.50000 14 1.00000
148.9 40.50000 14 1.00000
149.0 40.50000 14 1.00000
149.1 40.50000 14 1.00000
149.2 40.50000 14 1.00000
149.3 40.50000 14 1.00000
149.4 40.50000 14 1.00000
149.5 40.50000 14 1.00000
149.6 40.50000 14 1.00000
149.7 40.50000 14 1.00000
149.8 40.50000 14 1.00000
149.9 40.50000 14 1.00000
150.0 40.50000 14 1.00000
150.1 40.50000 14 1.00000
150.2 40.50000 14 1.00000
150.3 40.50000 14 1.00000
150.4 40.50000 14 1.00000
150.5 40.50000 14 1.00000
150.6 40.50000 14 1.00000
150.7 40.50000 14 1.00000
150.8 40.50000 14 1.00000
150.9 40.50000 14 1.00000
151.0 40.50000 14 1.00000
151.1 40.50000 14 1.00000
151.2 40.50000 14 1.00000
151.3 40.50000 14 1.00000
151.4 40.50000 14 1.00000
151.5 40.50000 14 1.00000
151.6 40.50000 14 1.00000
151.7 40.50000 14 1.00000
151.8 40.50000 14 1.00000
151.9 40.50000 14 1.00000
152.0 40.50000 14 1.00000
152.1 40.50000 14 1.00000
152.2 40.50000 14 1.00000
152.3 40.50000 14 1.00000
152.4 40.50000 14 1.00000
152.5 40.50000 14 1.00000
152.6 40.50000 14 1.00000
152.7 40.50000 14 1.00000
152.8 40.50000 14 1.00000
152.9 40.50000 14 1.00000
153.0 40.50000 14 1.00000
153.1 40.50000 14 1.00000
153.2 40.50000 14 1.00000
153.3 40.50000 14 1.00000
153.4 40.50000 14 1.00000
153.5 40.50000 14 1.00000
153.6 40.50000 14 1.00000
153.7 40.50000 14 1.00000
153.8 40.50000 14 1.00000
153.9 40.50000 14 1.00000
154.0 40.50000 14 1.00000
154.1 40.50000 14 1.00000
154.2 40.50000 14 1.00000
154.3 40.50000 14 1.00000
154.4 40.50000 14 1.00000
154.5 40.50000 14 1.00000
154.6 40.50000 14 1.00000
154.7 40.50000 14 1.00000
154.8 40.50000 14 1.00000
154.9 40.50000 14 1.00000
155.0 40.50000 14 1.00000
155.1 40.50000 14 1.00000
155.2 40.50000 14 1.00000
155.3 40.50000 14 1.00000
155.4 40.50000 14 1.00000
155.5 40.50000 14 1.00000
155.6 40.50000 14 1.00000
155.7 40.50000 14 1.00000
155.8 40.50000 14 1.00000
155.9 40.50000 14 1.00000
156.0 40.50000 14 1.00000
156.1 40.50000 14 1.00000
156.2 40.50000 14 1.00000
156.3 40.50000 14 1.00000
156.4 40.50000 14 1.00000
156.5 40.50000 14 1.00000
156.6 40.50000 14 1.00000
156.7 40.50000 14 1.00000
156.8 40.50000 14 1.00000
156.9 40.50000 14 1.00000
157.0 40.50000 14 1.00000
157.1 40.50000 14 1.00000
157.2 40.50000 14 1.00000
157.3 40.50000 14 1.00000
157.4 40.50000 14 1.00000
157.5 40.50000 14 1.00000
157.6 40.50000 14 1.00000
157.7 40.50000 14 1.00000
157.8 40.50000 14 1.00000
157.9 40.50000 14 1.00000
158.0 40.50000 14 1.00000
158.1 40.50000 14 1.00000
158.2 40.50000 14 1.00000
158.3 40.50000 14 1.00000
158.4 40.50000 14 1.00000
158.5 40.50000 14 1.00000
158.6 40.50000 14 1.00000
158.7 40.50000 14 1.00000
158.8 40.50000 14 1.00000
158.9 40.50000 14 1.00000
159.0 40.50000 14 1.00000
159.1 40.50000 14 1.00000
159.2 40.50000 14 1.00000
159.3 40.50000 14 1.00000
159.4 40.50000 14 1.00000
159.5 40.50000 14 1.00000
159.6 40.50000 14 1.00000
159.7 40.50000 14 1.00000
159.8 40.50000 14 1.00000
159.9 40.50000 14 1.00000
160.0 40.50000 14 1.00000
160.1 40.50000 14 1.00000
160.2 0.00000 15 0.00000
160.3 0.00000 15 0.00000
160.4 40.50000 14 1.00000
160.5 40.50000 14 1.00000
160.6 40.50000 14 1.00000
160.7 0.00000 15 0.00000
160.8 0.00000 15 0.00000
160.9 0.00000 15 0.00000
161.0 40.50000 14 1.00000
161.1 40.50000 14 1.00000
161.2 0.00000 15 0.00000
161.3 0.00000 15 0.00000
161.4 0.00000 15 0.00000
161.5 0.00000 15 0.00000
161.6 0.00000 15 0.00000
161.7 0.00000 15 0.00000
161.8 0.00000 15 0.00000
161.9 0.00000 15 0.00000
162.0 0.00000 15 0.00000
162.1 0.00000 15 0.00000
162.2 0.00000 15 0.00000
162.3 0.00000 15 0.00000
162.4 0.00000 15 0.00000
162.5 0.00000 15 0.00000
162.6 0.00000 15 0.00000
162.7 0.00000 15 0.00000
162.8 0.00000 15 0.00000
162.9 0.00000 15 0.00000
163.0 0.00000 15 0.00000
163.1 0.00000 15 0.00000
163.2 0.00000 15 0.00000
163.3 0.00000 15 0.00000
163.4 0.00000 15 0.00000
163.5 0.00000 15 0.00000
163.6 0.00000 15 0.00000
163.7 0.00000 15 0.00000
163.8 0.00000 15 0.00000
163.9 0.00000 15 0.00000
164.0 0.00000 15 0.00000
164.1 0.00000 15 0.00000
164.2 0.00000 15 0.00000
164.3 0.00000 15 0.00000
164.4 0.00000 15 0.00000
164.5 0.00000 15 0.00000
164.6 0.00000 15 0.00000
164.7 0.00000 15 0.00000
164.8 0.00000 15 0.00000
164.9 0.00000 15 0.00000
165.0 0.00000 15 0.00000
165.1 0.00000 15 0.00000
165.2 0.00000 15 0.00000
165.3 0.00000 15 0.00000
165.4 0.00000 15 0.00000
165.5 0.00000 15 0.00000
165.6 0.00000 15 0.00000
165.7 0.00000 15 0.00000
165.8 0.00000 15 0.00000
165.9 0.00000 15 0.00000
166.0 0.00000 15 0.00000
166.1 0.00000 15 0.00000
166.2 0.00000 15 0.00000
166.3 0.00000 15 0.00000
166.4 0.00000 15 0.00000
166.5 0.00000 15 0.00000
166.6 0.00000 15 0.00000
166.7 0.00000 15 0.00000
166.8 0.00000 15 0.00000
166.9 0.00000 15 0.00000
167.0 0.00000 15 0.00000
167.1 0.00000 15 0.00000
167.2 0.00000 15 0.00000
167.3 0.00000 15 0.00000
167.4 0.00000 15 0.00000
167.5 0.00000 15 0.00000
167.6 0.00000 15 0.00000
167.7 0.00000 15 0.00000
167.8 0.00000 15 0.00000
167.9 0.00000 15 0.00000
168.0 0.00000 15 0.00000
168.1 0.00000 15 0.00000
168.2 0.00000 15 0.00000
168.3 0.00000 15 0.00000
168.4 0.00000 15 0.00000
168.5 0.00000 15 0.00000
168.6 0.00000 15 0.00000
168.7 0.00000 15 0.00000
168.8 0.00000 15 0.00000
168.9 0.00000 15 0.00000
169.0 0.00000 15 0.00000
169.1 0.00000 15 0.00000
169.2 0.00000 15 0.00000
169.3 0.00000 15 0.00000
169.4 0.00000 15 0.00000
169.5 0.00000 15 0.00000
169.6 0.00000 15 0.00000
169.7 0.00000 15 0.00000
169.8 0.00000 15 0.00000
169.9 0.00000 15 0.00000
170.0 0.00000 15 0.00000
170.1 0.00000 15 0.00000
170.2 0.00000 15 0.00000
170.3 0.00000 15 0.00000
170.4 0.00000 15 0.00000
170.5 0.00000 15 0.00000
170.6 0.00000 15 0.00000
170.7 0.00000 15 0.00000
170.8 0.00000 15 0.00000
170.9 0.00000 15 0.00000
171.0 0.00000 15 0.00000
171.1 0.00000 15 0.00000
171.2 0.00000 15 0.00000
171.3 0.00000 15 0.00000
171.4 0.00000 15 0.00000
171.5 0.00000 15 0.00000
171.6 0.00000 15 0.00000
171.7 0.00000 15 0.00000
171.8 0.00000 15 0.00000
171.9 0.00000 15 0.00000
172.0 0.00000 15 0.00000
172.1 0.00000 15 0.00000
172.2 0.00000 15 0.00000
172.3 0.00000 15 0.00000
172.4 0.00000 15 0.00000
172.5 0.00000 15 0.00000
172.6 0.00000 15 0.00000
172.7 0.00000 15 0.00000
172.8 0.00000 15 0.00000
172.9 0.00000 15 0.00000
173.0 0.00000 15 0.00000
173.1 0.00000 15 0.00000
173.2 0.00000 15 0.00000
173.3 0.00000 15 0.00000
173.4 0.00000 15 0.00000
173.5 0.00000 15 0.00000
173.6 0.00000 15 0.00000
173.7 0.00000 15 0.00000
173.8 0.00000 15 0.00000
173.9 0.00000 15 0.00000
174.0 0.00000 15 0.00000
174.1 0.00000 15 0.00000
174.2 0.00000 15 0.00000
174.3 0.00000 15 0.00000
174.4 0.00000 15 0.00000
174.5 0.00000 15 0.00000
174.6 0.00000 15 0.00000
174.7 0.00000 15 0.00000
174.8 0.00000 15 0.00000
174.9 0.00000 15 0.00000
175.0 0.00000 15 0.00000
175.1 0.00000 15 0.00000
175.2 0.00000 15 0.00000
175.3 0.00000 15 0.00000
175.4 0.00000 15 0.00000
175.5 0.00000 15 0.00000
175.6 0.00000 15 0.00000
175.7 0.00000 15 0.00000
175.8 0.00000 15 0.00000
175.9 0.00000 15 0.00000
176.0 0.00000 15 0.00000
176.1 0.00000 15 0.00000
176.2 0.00000 15 0.00000
176.3 0.00000 15 0.00000
176.4 0.00000 15 0.00000
176.5 0.00000 15 0.00000
176.6 0.00000 15 0.00000
176.7 0.00000 15 0.00000
176.8 0.00000 15 0.00000
176.9 0.00000 15 0.00000
177.0 0.00000 15 0.00000
177.1 0.00000 15 0.00000
177.2 0.00000 15 0.00000
177.3 0.00000 15 0.00000
177.4 0.00000 15 0.00000
177.5 0.00000 15 0.00000
177.6 0.00000 15 0.00000
177.7 0.00000 15 0.00000
177.8 0.00000 15 0.00000
177.9 0.00000 15 0.00000
178.0 0.00000 15 0.00000
178.1 0.00000 15 0.00000
178.2 0.00000 15 0.00000
178.3 0.00000 15 0.00000
178.4 0.00000 15 0.00000
178.5 0.00000 15 0.00000
178.6 0.00000 15 0.00000
178.7 0.00000 15 0.00000
178.8 0.00000 15 0.00000
178.9 0.00000 15 0.00000
179.0 0.00000 15 0.00000
179.1 0.00000 15 0.00000
179.2 0.00000 15 0.00000
179.3 0.00000 15 0.00000
179.4 0.00000 15 0.00000
179.5 0.00000 15 0.00000
179.6 0.00000 15 0.00000
179.7 0.00000 15 0.00000
179.8 0.00000 15 0.00000
179.9 0.00000 15 0.00000
180.0 0.00000 15 0.00000
180.1 0.00000 15 0.00000
180.2 0.00000 15 0.00000
180.3 0.00000 15 0.00000
180.4 0.00000 15 0.00000
180.5 0.00000 15 0.00000
180.6 0.00000 15 0.00000
180.7 0.00000 15 0.00000
180.8 0.00000 15 0.00000
180.9 0.00000 15 0.00000
181.0 0.00000 15 0.00000
181.1 0.00000 15 0.00000
181.2 0.00000 15 0.00000
181.3 0.00000 15 0.00000
181.4 0.00000 15 0.00000
181.5 0.00000 15 0.00000
181.6 0.00000 15 0.00000
181.7 0.00000 15 0.00000
181.8 0.00000 15 0.00000
181.9 0.00000 15 0.00000
182.0 0.00000 15 0.00000
182.1 0.00000 15 0.00000
182.2 0.00000 15 0.00000
182.3 0.00000 15 0.00000
182.4 0.00000 15 0.00000
182.5 0.00000 15 0.00000
182.6 0.00000 15 0.00000
182.7 0.00000 15 0.00000
182.8 0.00000 15 0.00000
182.9 0.00000 15 0.00000
183.0 0.00000 15 0.00000
183.1 0.00000 15 0.00000
183.2 0.00000 15 0.00000
183.3 0.00000 15 0.00000
183.4 0.00000 15 0.00000
183.5 0.00000 15 0.00000
183.6 0.00000 15 0.00000
183.7 0.00000 15 0.00000
183.8 0.00000 15 0.00000
183.9 0.00000 15 0.00000
184.0 0.00000 15 0.00000
184.1 0.00000 15 0.00000
184.2 0.00000 15 0.00000
184.3 0.00000 15 0.00000
184.4 0.00000 15 0.00000
184.5 0.00000 15 0.00000
184.6 0.00000 15 0.00000
184.7 0.00000 15 0.00000
184.8 0.00000 15 0.00000
184.9 0.00000 15 0.00000
185.0 0.00000 15 0.00000
185.1 0.00000 15 0.00000
185.2 0.00000 15 0.00000
185.3 0.00000 15 0.00000
185.4 0.00000 15 0.00000
185.5 0.00000 15 0.00000
185.6 0.00000 15 0.00000
185.7 0.00000 15 0.00000
185.8 0.00000 15 0.00000
185.9 0.00000 15 0.00000
186.0 0.00000 15 0.00000
186.1 0.00000 15 0.00000
186.2 0.00000 15 0.00000
186.3 0.00000 15 0.00000
186.4 0.00000 15 0.00000
186.5 0.00000 15 0.00000
186.6 0.00000 15 0.00000
186.7 0.00000 15 0.00000
186.8 0.00000 15 0.00000
186.9 0.00000 15 0.00000
187.0 0.00000 15 0.00000
187.1 0.00000 15 0.00000
187.2 0.00000 15 0.00000
187.3 0.00000 15 0.00000
187.4 0.00000 15 0.00000
187.5 0.00000 15 0.00000
187.6 0.00000 15 0.00000
187.7 0.00000 15 0.00000
187.8 0.00000 15 0.00000
187.9 0.00000 15 0.00000
188.0 0.00000 15 0.00000
188.1 0.00000 15 0.00000
188.2 0.00000 15 0.00000
188.3 0.00000 15 0.00000
188.4 0.00000 15 0.00000
188.5 0.00000 15 0.00000
188.6 0.00000 15 0.00000
188.7 0.00000 15 0.00000
188.8 0.00000 15 0.00000
188.9 0.00000 15 0.00000
189.0 0.00000 15 0.00000
189.1 0.00000 15 0.00000
189.2 0.00000 15 0.00000
189.3 0.00000 15 0.00000
189.4 0.00000 15 0.00000
189.5 0.00000 15 0.00000
189.6 0.00000 15 0.00000
189.7 0.00000 15 0.00000
189.8 0.00000 15 0.00000
189.9 0.00000 15 0.00000
190.0 0.00000 15 0.00000
190.1 0.00000 15 0.00000
190.2 0.00000 15 0.00000
190.3 0.00000 15 0.00000
190.4 0.00000 15 0.00000
190.5 0.00000 15 0.00000
190.6 0.00000 15 0.00000
190.7 0.00000 15 0.00000
190.8 0.00000 15 0.00000
190.9 0.00000 15 0.00000
191.0 0.00000 15 0.00000
191.1 0.00000 15 0.00000
191.2 0.00000 15 0.00000
191.3 0.00000 15 0.00000
191.4 0.00000 15 0.00000
191.5 0.00000 15 0.00000
191.6 0.00000 15 0.00000
191.7 0.00000 15 0.00000
191.8 0.00000 15 0.00000
191.9 0.00000 15 0.00000
192.0 0.00000 15 0.00000
192.1 0.00000 15 0.00000
192.2 0.00000 15 0.00000
192.3 0.00000 15 0.00000
192.4 0.00000 15 0.00000
192.5 0.00000 15 0.00000
192.6 0.00000 15 0.00000
192.7 0.00000 15 0.00000
192.8 0.00000 15 0.00000
192.9 0.00000 15 0.00000
193.0 0.00000 15 0.00000
193.1 0.00000 15 0.00000
193.2 0.00000 15 0.00000
193.3 0.00000 15 0.00000
193.4 0.00000 15 0.00000
193.5 0.00000 15 0.00000
193.6 0.00000 15 0.00000
193.7 0.00000 15 0.00000
193.8 0.00000 15 0.00000
193.9 0.00000 15 0.00000
194.0 0.00000 15 0.00000
194.1 0.00000 15 0.00000
194.2 0.00000 15 0.00000
194.3 0.00000 15 0.00000
194.4 0.00000 15 0.00000
194.5 0.00000 15 0.00000
194.6 0.00000 15 0.00000
194.7 0.00000 15 0.00000
194.8 0.00000 15 0.00000
194.9 0.00000 15 0.00000
195.0 0.00000 15 0.00000
195.1 0.00000 15 0.00000
195.2 0.00000 15 0.00000
195.3 0.00000 15 0.00000
195.4 0.00000 15 0.00000
195.5 0.00000 15 0.00000
195.6 0.00000 15 0.00000
195.7 0.00000 15 0.00000
195.8 0.00000 15 0.00000
195.9 0.00000 15 0.00000
196.0 0.00000 15 0.00000
196.1 0.00000 15 0.00000
196.2 0.00000 15 0.00000
196.3 0.00000 15 0.00000
196.4 0.00000 15 0.00000
196.5 0.00000 15 0.00000
196.6 0.00000 15 0.00000
196.7 0.00000 15 0.00000
196.8 0.00000 15 0.00000
196.9 0.00000 15 0.00000
197.0 0.00000 15 0.00000
197.1 0.00000 15 0.00000
197.2 0.00000 15 0.00000
197.3 0.00000 15 0.00000
197.4 0.00000 15 0.00000
197.5 0.00000 15 0.00000
197.6 0.00000 15 0.00000
197.7 0.00000 15 0.00000
197.8 0.00000 15 0.00000
197.9 0.00000 15 0.00000
198.0 0.00000 15 0.00000
198.1 0.00000 15 0.00000
198.2 0.00000 15 0.00000
198.3 0.00000 15 0.00000
198.4 0.00000 15 0.00000
198.5 0.00000 15 0.00000
198.6 0.00000 15 0.00000
198.7 0.00000 15 0.00000
198.8 0.00000 15 0.00000
198.9 0.00000 15 0.00000
199.0 0.00000 15 0.00000
199.1 0.00000 15 0.00000
199.2 0.00000 15 0.00000
199.3 0.00000 15 0.00000
199.4 0.00000 15 0.00000
199.5 0.00000 15 0.00000
199.6 0.00000 15 0.00000
199.7 0.00000 15 0.00000
199.8 0.00000 15 0.00000
199.9 0.00000 15 0.00000
200.0 0.00000 15 0.00000
200.1 0.00000 15 0.00000
200.2 0.00000 15 0.00000
200.3 0.00000 15 0.00000
200.4 0.00000 15 0.00000
200.5 0.00000 15 0.00000
200.6 0.00000 15 0.00000
200.7 0.00000 15 0.00000
200.8 0.00000 15 0.00000
200.9 0.00000 15 0.00000
201.0 0.00000 15 0.00000
201.1 0.00000 15 0.00000
201.2 0.00000 15 0.00000
201.3 0.00000 15 0.00000
201.4 0.00000 15 0.00000
201.5 0.00000 15 0.00000
201.6 0.00000 15 0.00000
201.7 0.00000 15 0.00000
201.8 0.00000 15 0.00000
201.9 0.00000 15 0.00000
202.0 0.00000 15 0.00000
202.1 0.00000 15 0.00000
202.2 0.00000 15 0.00000
202.3 0.00000 15 0.00000
202.4 0.00000 15 0.00000
202.5 0.00000 15 0.00000
202.6 0.00000 15 0.00000
202.7 0.00000 15 0.00000
202.8 0.00000 15 0.00000
202.9 0.00000 15 0.00000
203.0 0.00000 15 0.00000
203.1 0.00000 15 0.00000
203.2 0.00000 15 0.00000
203.3 0.00000 15 0.00000
203.4 0.00000 15 0.00000
203.5 0.00000 15 0.00000
203.6 0.00000 15 0.00000
203.7 0.00000 15 0.00000
203.8 0.00000 15 0.00000
203.9 0.00000 15 0.00000
204.0 0.00000 15 0.00000
204.1 0.00000 15 0.00000
204.2 0.00000 15 0.00000
204.3 0.00000 15 0.00000
204.4 0.00000 15 0.00000
204.5 0.00000 15 0.00000
204.6 0.00000 15 0.00000
204.7 0.00000 15 0.00000
204.8 0.00000 15 0.00000
204.9 0.00000 15 0.00000
205.0 0.00000 15 0.00000
205.1 0.00000 15 0.00000
205.2 0.00000 15 0.00000
205.3 0.00000 15 0.00000
205.4 0.00000 15 0.00000
205.5 0.00000 15 0.00000
205.6 0.00000 15 0.00000
205.7 0.00000 15 0.00000
205.8 0.00000 15 0.00000
205.9 0.00000 15 0.00000
206.0 0.00000 15 0.00000
206.1 0.00000 15 0.00000
206.2 0.00000 15 0.00000
206.3 0.00000 15 0.00000
206.4 0.00000 15 0.00000
206.5 0.00000 15 0.00000
206.6 0.00000 15 0.00000
206.7 0.00000 15 0.00000
206.8 0.00000 15 0.00000
206.9 0.00000 15 0.00000
207.0 0.00000 15 0.00000
207.1 0.00000 15 0.00000
207.2 0.00000 15 0.00000
207.3 0.00000 15 0.00000
207.4 0.00000 15 0.00000
207.5 0.00000 15 0.00000
207.6 0.00000 15 0.00000
207.7 0.00000 15 0.00000
207.8 0.00000 15 0.00000
207.9 0.00000 15 0.00000
208.0 0.00000 15 0.00000
208.1 0.00000 15 0.00000
208.2 0.00000 15 0.00000
208.3 0.00000 15 0.00000
208.4 0.00000 15 0.00000
208.5 0.00000 15 0.00000
208.6 0.00000 15 0.00000
208.7 0.00000 15 0.00000
208.8 0.00000 15 0.00000
208.9 0.00000 15 0.00000
209.0 0.00000 15 0.00000
209.1 0.00000 15 0.00000
209.2 0.00000 15 0.00000
209.3 0.00000 15 0.00000
209.4 0.00000 15 0.00000
209.5 0.00000 15 0.00000
209.6 0.00000 15 0.00000
209.7 0.00000 15 0.00000
209.8 0.00000 15 0.00000
209.9 0.00000 15 0.00000
210.0 0.00000 15 0.00000
210.1 0.00000 15 0.00000
210.2 0.00000 15 0.00000
210.3 0.00000 15 0.00000
210.4 0.00000 15 0.00000
210.5 0.00000 15 0.00000
210.6 0.00000 15 0.00000
210.7 0.00000 15 0.00000
210.8 0.00000 15 0.00000
210.9 0.00000 15 0.00000
211.0 0.00000 15 0.00000
211.1 0.00000 15 0.00000
211.2 0.00000 15 0.00000
211.3 0.00000 15 0.00000
211.4 0.00000 15 0.00000
211.5 0.00000 15 0.00000
211.6 0.00000 15 0.00000
211.7 0.00000 15 0.00000
211.8 0.00000 15 0.00000
211.9 0.00000 15 0.00000
212.0 0.00000 15 0.00000
212.1 0.00000 15 0.00000
212.2 0.00000 15 0.00000
212.3 0.00000 15 0.00000
212.4 0.00000 15 0.00000
212.5 0.00000 15 0.00000
212.6 0.00000 15 0.00000
212.7 0.00000 15 0.00000
212.8 0.00000 15 0.00000
212.9 0.00000 15 0.00000
213.0 0.00000 15 0.00000
213.1 0.00000 15 0.00000
213.2 0.00000 15 0.00000
213.3 0.00000 15 0.00000
213.4 0.00000 15 0.00000
213.5 0.00000 15 0.00000
213.6 0.00000 15 0.00000
213.7 0.00000 15 0.00000
213.8 0.00000 15 0.00000
213.9 0.00000 15 0.00000
214.0 0.00000 15 0.00000
214.1 0.00000 15 0.00000
214.2 0.00000 15 0.00000
214.3 0.00000 15 0.00000
214.4 0.00000 15 0.00000
214.5 0.00000 15 0.00000
214.6 0.00000 15 0.00000
214.7 0.00000 15 0.00000
214.8 0.00000 15 0.00000
214.9 0.00000 15 0.00000
215.0 0.00000 15 0.00000
215.1 0.00000 15 0.00000
215.2 0.00000 15 0.00000
215.3 0.00000 15 0.00000
215.4 0.00000 15 0.00000
215.5 0.00000 15 0.00000
215.6 0.00000 15 0.00000
215.7 0.00000 15 0.00000
215.8 0.00000 15 0.00000
215.9 0.00000 15 0.00000
216.0 0.00000 15 0.00000
216.1 0.00000 15 0.00000
216.2 0.00000 15 0.00000
216.3 0.00000 15 0.00000
216.4 0.00000 15 0.00000
216.5 0.00000 15 0.00000
216.6 0.00000 15 0.00000
216.7 0.00000 15 0.00000
216.8 0.00000 15 0.00000
216.9 0.00000 15 0.00000
217.0 0.00000 15 0.00000
217.1 0.00000 15 0.00000
217.2 0.00000 15 0.00000
217.3 0.00000 15 0.00000
217.4 0.00000 15 0.00000
217.5 0.00000 15 0.00000
217.6 0.00000 15 0.00000
217.7 0.00000 15 0.00000
217.8 0.00000 15 0.00000
217.9 0.00000 15 0.00000
218.0 0.00000 15 0.00000
218.1 0.00000 15 0.00000
218.2 0.00000 15 0.00000
218.3 0.00000 15 0.00000
218.4 0.00000 15 0.00000
218.5 0.00000 15 0.00000
218.6 0.00000 15 0.00000
218.7 0.00000 15 0.00000
218.8 0.00000 15 0.00000
218.9 0.00000 15 0.00000
219.0 0.00000 15 0.00000
219.1 0.00000 15 0.00000
219.2 0.00000 15 0.00000
219.3 0.00000 15 0.00000
219.4 0.00000 15 0.00000
219.5 0.00000 15 0.00000
219.6 0.00000 15 0.00000
219.7 0.00000 15 0.00000
219.8 0.00000 15 0.00000
219.9 0.00000 15 0.00000
220.0 0.00000 15 0.00000
220.1 0.00000 15 0.00000
220.2 0.00000 15 0.00000
220.3 0.00000 15 0.00000
220.4 0.00000 15 0.00000
220.5 0.00000 15 0.00000
220.6 0.00000 15 0.00000
220.7 0.00000 15 0.00000
220.8 0.00000 15 0.00000
220.9 0.00000 15 0.00000
221.0 0.00000 15 0.00000
221.1 0.00000 15 0.00000
221.2 0.00000 15 0.00000
221.3 0.00000 15 0.00000
221.4 0.00000 15 0.00000
221.5 0.00000 15 0.00000
221.6 0.00000 15 0.00000
221.7 0.00000 15 0.00000
221.8 0.00000 15 0.00000
221.9 0.00000 15 0.00000
222.0 0.00000 15 0.00000
222.1 0.00000 15 0.00000
222.2 0.00000 15 0.00000
222.3 0.00000 15 0.00000
222.4 0.00000 15 0.00000
222.5 0.00000 15 0.00000
222.6 0.00000 15 0.00000
222.7 0.00000 15 0.00000
222.8 0.00000 15 0.00000
222.9 0.00000 15 0.00000
223.0 0.00000 15 0.00000
223.1 0.00000 15 0.00000
223.2 0.00000 15 0.00000
223.3 0.00000 15 0.00000
223.4 0.00000 15 0.00000
223.5 0.00000 15 0.00000
223.6 0.00000 15 0.00000
223.7 0.00000 15 0.00000
223.8 0.00000 15 0.00000
223.9 0.00000 15 0.00000
224.0 0.00000 15 0.00000
224.1 0.00000 15 0.00000
224.2 0.00000 15 0.00000
224.3 0.00000 15 0.00000
224.4 0.00000 15 0.00000
224.5 0.00000 15 0.00000
224.6 0.00000 15 0.00000
224.7 0.00000 15 0.00000
224.8 0.00000 15 0.00000
224.9 0.00000 15 0.00000
225.0 0.00000 15 0.00000
225.1 0.00000 15 0.00000
225.2 0.00000 15 0.00000
225.3 0.00000 15 0.00000
225.4 0.00000 15 0.00000
225.5 0.00000 15 0.00000
225.6 0.00000 15 0.00000
225.7 0.00000 15 0.00000
225.8 0.00000 15 0.00000
225.9 0.00000 15 0.00000
226.0 0.00000 15 0.00000
226.1 0.00000 15 0.00000
226.2 0.00000 15 0.00000
226.3 0.00000 15 0.00000
226.4 0.00000 15 0.00000
226.5 0.00000 15 0.00000
226.6 0.00000 15 0.00000
226.7 0.00000 15 0.00000
226.8 0.00000 15 0.00000
226.9 0.00000 15 0.00000
227.0 0.00000 15 0.00000
227.1 0.00000 15 0.00000
227.2 0.00000 15 0.00000
227.3 0.00000 15 0.00000
227.4 0.00000 15 0.00000
227.5 0.00000 15 0.00000
227.6 0.00000 15 0.00000
227.7 0.00000 15 0.00000
227.8 0.00000 15 0.00000
227.9 0.00000 15 0.00000
228.0 0.00000 15 0.00000
228.1 0.00000 15 0.00000
228.2 0.00000 15 0.00000
228.3 0.00000 15 0.00000
228.4 0.00000 15 0.00000
228.5 0.00000 15 0.00000
228.6 0.00000 15 0.00000
228.7 0.00000 15 0.00000
228.8 0.00000 15 0.00000
228.9 0.00000 15 0.00000
229.0 0.00000 15 0.00000
229.1 0.00000 15 0.00000
229.2 0.00000 15 0.00000
229.3 0.00000 15 0.00000
229.4 0.00000 15 0.00000
229.5 0.00000 15 0.00000
229.6 0.00000 15 0.00000
229.7 0.00000 15 0.00000
229.8 0.00000 15 0.00000
229.9 0.00000 15 0.00000
230.0 0.00000 15 0.00000
230.1 0.00000 15 0.00000
230.2 0.00000 15 0.00000
230.3 0.00000 15 0.00000
230.4 0.00000 15 0.00000
230.5 0.00000 15 0.00000
230.6 0.00000 15 0.00000
230.7 0.00000 15 0.00000
230.8 0.00000 15 0.00000
230.9 0.00000 15 0.00000
231.0 0.00000 15 0.00000
231.1 0.00000 15 0.00000
231.2 0.00000 15 0.00000
231.3 0.00000 15 0.00000
231.4 0.00000 15 0.00000
231.5 0.00000 15 0.00000
231.6 0.00000 15 0.00000
231.7 0.00000 15 0.00000
231.8 0.00000 15 0.00000
231.9 0.00000 15 0.00000
232.0 0.00000 15 0.00000
232.1 0.00000 15 0.00000
232.2 0.00000 15 0.00000
232.3 0.00000 15 0.00000
232.4 0.00000 15 0.00000
232.5 0.00000 15 0.00000
232.6 0.00000 15 0.00000
232.7 0.00000 15 0.00000
232.8 0.00000 15 0.00000
232.9 0.00000 15 0.00000
233.0 0.00000 15 0.00000
233.1 0.00000 15 0.00000
233.2 0.00000 15 0.00000
233.3 0.00000 15 0.00000
233.4 0.00000 15 0.00000
233.5 0.00000 15 0.00000
233.6 0.00000 15 0.00000
233.7 0.00000 15 0.00000
233.8 0.00000 15 0.00000
233.9 0.00000 15 0.00000
234.0 0.00000 15 0.00000
234.1 0.00000 15 0.00000
234.2 0.00000 15 0.00000
234.3 0.00000 15 0.00000
234.4 0.00000 15 0.00000
234.5 0.00000 15 0.00000
234.6 0.00000 15 0.00000
234.7 0.00000 15 0.00000
234.8 0.00000 15 0.00000
234.9 0.00000 15 0.00000
235.0 0.00000 15 0.00000
235.1 0.00000 15 0.00000
235.2 0.00000 15 0.00000
235.3 0.00000 15 0.00000
235.4 0.00000 15 0.00000
235.5 0.00000 15 0.00000
235.6 0.00000 15 0.00000
235.7 0.00000 15 0.00000
235.8 0.00000 15 0.00000
235.9 0.00000 15 0.00000
236.0 0.00000 15 0.00000
236.1 0.00000 15 0.00000
236.2 0.00000 15 0.00000
236.3 0.00000 15 0.00000
236.4 0.00000 15 0.00000
236.5 0.00000 15 0.00000
236.6 0.00000 15 0.00000
236.7 0.00000 15 0.00000
236.8 0.00000 15 0.00000
236.9 0.00000 15 0.00000
237.0 0.00000 15 0.00000
237.1 0.00000 15 0.00000
237.2 0.00000 15 0.00000
237.3 0.00000 15 0.00000
237.4 0.00000 15 0.00000
237.5 0.00000 15 0.00000
237.6 0.00000 15 0.00000
237.7 0.00000 15 0.00000
237.8 0.00000 15 0.00000
237.9 0.00000 15 0.00000
238.0 0.00000 15 0.00000
238.1 0.00000 15 0.00000
238.2 0.00000 15 0.00000
238.3 0.00000 15 0.00000
238.4 0.00000 15 0.00000
238.5 0.00000 15 0.00000
238.6 0.00000 15 0.00000
238.7 0.00000 15 0.00000
238.8 0.00000 15 0.00000
238.9 0.00000 15 0.00000
239.0 0.00000 15 0.00000
239.1 0.00000 15 0.00000
239.2 0.00000 15 0.00000
239.3 0.00000 15 0.00000
239.4 0.00000 15 0.00000
239.5 0.00000 15 0.00000
239.6 0.00000 15 0.00000
239.7 0.00000 15 0.00000
239.8 0.00000 15 0.00000
239.9 0.00000 15 0.00000
240.0 0.00000 15 0.00000
240.1 0.00000 15 0.00000
240.2 0.00000 15 0.00000
240.3 0.00000 15 0.00000
240.4 0.00000 15 0.00000
240.5 0.00000 15 0.00000
240.6 0.00000 15 0.00000
240.7 0.00000 15 0.00000
240.8 0.00000 15 0.00000
240.9 0.00000 15 0.00000
241.0 0.00000 15 0.00000
241.1 0.00000 15 0.00000
241.2 0.00000 15 0.00000
241.3 0.00000 15 0.00000
241.4 0.00000 15 0.00000
241.5 0.00000 15 0.00000
241.6 0.00000 15 0.00000
241.7 0.00000 15 0.00000
241.8 0.00000 15 0.00000
241.9 0.00000 15 0.00000
242.0 0.00000 15 0.00000
242.1 0.00000 15 0.00000
242.2 0.00000 15 0.00000
242.3 0.00000 15 0.00000
242.4 0.00000 15 0.00000
242.5 0.00000 15 0.00000
242.6 0.00000 15 0.00000
242.7 0.00000 15 0.00000
242.8 0.00000 15 0.00000
242.9 0.00000 15 0.00000
243.0 0.00000 15 0.00000
243.1 0.00000 15 0.00000
243.2 0.00000 15 0.00000
243.3 0.00000 15 0.00000
243.4 0.00000 15 0.00000
243.5 0.00000 15 0.00000
243.6 0.00000 15 0.00000
243.7 0.00000 15 0.00000
243.8 0.00000 15 0.00000
243.9 0.00000 15 0.00000
244.0 0.00000 15 0.00000
244.1 0.00000 15 0.00000
244.2 0.00000 15 0.00000
244.3 0.00000 15 0.00000
244.4 0.00000 15 0.00000
244.5 0.00000 15 0.00000
244.6 0.00000 15 0.00000
244.7 0.00000 15 0.00000
244.8 0.00000 15 0.00000
244.9 0.00000 15 0.00000
245.0 0.00000 15 0.00000
245.1 0.00000 15 0.00000
245.2 0.00000 15 0.00000
245.3 0.00000 15 0.00000
245.4 0.00000 15 0.00000
245.5 0.00000 15 0.00000
245.6 0.00000 15 0.00000
245.7 0.00000 15 0.00000
245.8 0.00000 15 0.00000
245.9 0.00000 15 0.00000
246.0 0.00000 15 0.00000
246.1 0.00000 15 0.00000
246.2 0.00000 15 0.00000
246.3 0.00000 15 0.00000
246.4 0.00000 15 0.00000
246.5 0.00000 15 0.00000
246.6 0.00000 15 0.00000
246.7 0.00000 15 0.00000
246.8 0.00000 15 0.00000
246.9 0.00000 15 0.00000
247.0 0.00000 15 0.00000
247.1 0.00000 15 0.00000
247.2 0.00000 15 0.00000
247.3 0.00000 15 0.00000
247.4 0.00000 15 0.00000
247.5 0.00000 15 0.00000
247.6 0.00000 15 0.00000
247.7 0.00000 15 0.00000
247.8 0.00000 15 0.00000
247.9 0.00000 15 0.00000
248.0 0.00000 15 0.00000
248.1 0.00000 15 0.00000
248.2 0.00000 15 0.00000
248.3 0.00000 15 0.00000
248.4 0.00000 15 0.00000
248.5 0.00000 15 0.00000
248.6 0.00000 15 0.00000
248.7 0.00000 15 0.00000
248.8 0.00000 15 0.00000
248.9 0.00000 15 0.00000
249.0 0.00000 15 0.00000
249.1 0.00000 15 0.00000
249.2 0.00000 15 0.00000
249.3 0.00000 15 0.00000
249.4 0.00000 15 0.00000
249.5 0.00000 15 0.00000
249.6 0.00000 15 0.00000
249.7 0.00000 15 0.00000
249.8 0.00000 15 0.00000
249.9 0.00000 15 0.00000
250.0 0.00000 15 0.00000
