15.0 1.44196 13 0.04410
15.1 1.44956 13 0.04447
15.2 1.45715 13 0.04484
15.3 1.46474 13 0.04520
15.4 1.47233 13 0.04556
15.5 1.47992 13 0.04592
15.6 1.48751 13 0.04627
15.7 1.49510 13 0.04662
15.8 1.50269 13 0.04696
15.9 1.51028 13 0.04730
16.0 1.51787 13 0.04763
16.1 1.52545 13 0.04791
16.2 1.53304 13 0.04824
16.3 1.54062 13 0.04856
16.4 1.54821 13 0.04888
16.5 1.55579 13 0.04920
16.6 1.56337 13 0.04951
16.7 1.57095 13 0.04982
16.8 1.57853 13 0.05013
16.9 1.58611 13 0.05043
17.0 1.59369 13 0.05073
17.1 1.60126 13 0.05102
17.2 1.60884 13 0.05132
17.3 1.61641 13 0.05161
17.4 1.62398 13 0.05189
17.5 1.63155 13 0.05218
17.6 1.63912 13 0.05246
17.7 1.64669 13 0.05273
17.8 1.65425 13 0.05301
17.9 1.66182 13 0.05328
18.0 1.66938 13 0.05355
18.1 1.67694 13 0.05382
18.2 1.68450 13 0.05401
18.3 1.69206 13 0.05427
18.4 1.69962 13 0.05453
18.5 1.70717 13 0.05478
18.6 1.71473 13 0.05504
18.7 1.72228 13 0.05529
18.8 1.73383 13 0.05584
18.9 1.74615 13 0.05644
19.0 1.75855 13 0.05704
19.1 1.77105 13 0.05765
19.2 1.78365 13 0.05826
19.3 1.79633 13 0.05887
19.4 1.80911 13 0.05949
19.5 1.82199 13 0.06010
19.6 1.83496 13 0.06072
19.7 1.84803 13 0.06134
19.8 1.86120 13 0.06196
19.9 1.87446 13 0.06258
20.0 1.88782 13 0.06321
20.1 1.90128 13 0.06385
20.2 1.91484 13 0.06448
20.3 17.56033 14 1.00000
20.4 17.63995 14 1.00000
20.5 17.72100 14 1.00000
20.6 17.80043 14 1.00000
20.7 17.87986 14 1.00000
20.8 17.95919 14 1.00000
20.9 18.03835 14 1.00000
21.0 18.11720 14 1.00000
21.1 18.19591 14 1.00000
21.2 18.24500 14 1.00000
21.3 18.32512 14 1.00000
21.4 18.40338 14 1.00000
21.5 18.48154 14 1.00000
21.6 18.55939 14 1.00000
21.7 18.63704 14 1.00000
21.8 18.71457 14 1.00000
21.9 18.76040 14 1.00000
22.0 18.83944 14 1.00000
22.1 18.91652 14 1.00000
22.2 18.99328 14 1.00000
22.3 19.06986 14 1.00000
22.4 19.14630 14 1.00000
22.5 19.22219 14 1.00000
22.6 19.29798 14 1.00000
22.7 19.34077 14 1.00000
22.8 19.41861 14 1.00000
22.9 19.49400 14 1.00000
23.0 19.56925 14 1.00000
23.1 19.64380 14 1.00000
23.2 5.49129 14 0.24398
23.3 5.60350 14 0.24896
23.4 5.71714 14 0.25398
23.5 5.83143 14 0.25944
23.6 5.94772 14 0.26451
23.7 6.06539 14 0.26964
23.8 6.18449 14 0.27481
23.9 6.30504 14 0.28001
24.0 6.42701 14 0.28525
24.1 6.55041 14 0.29053
24.2 6.67238 14 0.29625
24.3 6.79857 14 0.30157
24.4 6.92600 14 0.30696
24.5 7.05487 14 0.31238
24.6 7.18517 14 0.31783
24.7 7.31688 14 0.32333
24.8 7.45003 14 0.32886
24.9 7.58453 14 0.33443
25.0 7.71512 14 0.34040
25.1 7.85273 14 0.34601
25.2 7.99134 14 0.35168
25.3 8.13136 14 0.35738
25.4 8.27281 14 0.36312
25.5 8.41558 14 0.36890
25.6 8.55983 14 0.37471
25.7 8.70551 14 0.38056
25.8 8.84490 14 0.38676
25.9 8.99344 14 0.39265
26.0 9.14316 14 0.39860
26.1 9.29431 14 0.40458
26.2 9.44672 14 0.41059
26.3 9.60064 14 0.41664
26.4 9.75599 14 0.42272
26.5 9.90177 14 0.42915
26.6 10.06061 14 0.43527
26.7 10.21998 14 0.44144
26.8 10.38079 14 0.44765
26.9 10.54278 14 0.45390
27.0 10.70631 14 0.46018
27.1 10.87124 14 0.46649
27.2 11.03753 14 0.47284
27.3 11.19081 14 0.47950
27.4 11.36105 14 0.48588
27.5 11.53144 14 0.49231
27.6 11.70297 14 0.49879
27.7 11.87600 14 0.50529
27.8 12.05040 14 0.51183
27.9 12.22617 14 0.51840
28.0 12.38543 14 0.52526
28.1 12.56480 14 0.53187
28.2 12.74526 14 0.53852
28.3 12.92631 14 0.54522
28.4 13.10876 14 0.55194
28.5 13.29247 14 0.55870
28.6 13.47760 14 0.56550
28.7 13.66415 14 0.57232
28.8 13.82989 14 0.57940
28.9 14.02109 14 0.58626
29.0 14.21168 14 0.59317
29.1 14.40335 14 0.60012
29.2 14.59630 14 0.60709
29.3 14.79066 14 0.61410
29.4 14.98639 14 0.62114
29.5 15.18356 14 0.62821
29.6 15.35501 14 0.63552
29.7 15.55733 14 0.64262
29.8 15.75836 14 0.64978
29.9 15.96071 14 0.65697
30.0 16.16387 14 0.66420
30.1 16.36864 14 0.67145
30.2 16.57476 14 0.67874
30.3 16.75026 14 0.68623
30.4 16.95974 14 0.69357
30.5 17.17179 14 0.70093
30.6 17.38305 14 0.70833
30.7 17.59566 14 0.71577
30.8 17.80925 14 0.72324
30.9 18.02416 14 0.73073
31.0 18.24043 14 0.73826
31.1 18.41981 14 0.74597
31.2 18.64200 14 0.75354
31.3 18.86196 14 0.76115
31.4 19.08323 14 0.76880
31.5 19.30582 14 0.77648
31.6 19.52977 14 0.78418
31.7 19.75453 14 0.79192
31.8 19.98047 14 0.79969
31.9 20.16248 14 0.80760
32.0 20.39526 14 0.81542
32.1 20.62494 14 0.82327
32.2 20.85590 14 0.83116
32.3 21.08811 14 0.83908
32.4 21.32160 14 0.84702
32.5 21.55630 14 0.85500
32.6 21.73955 14 0.86309
32.7 21.97527 14 0.87113
32.8 22.21831 14 0.87918
32.9 22.45731 14 0.88728
33.0 22.69758 14 0.89540
33.1 22.93897 14 0.90356
33.2 23.18165 14 0.91174
33.3 23.42531 14 0.91996
33.4 23.60840 14 0.92825
33.5 23.85400 14 0.93652
33.6 24.10772 14 0.94482
33.7 24.35534 14 0.95315
33.8 24.60434 14 0.96151
33.9 24.85459 14 0.96990
34.0 25.10583 14 0.97832
34.1 25.35812 14 0.98678
34.2 25.53899 14 0.99526
34.3 25.69968 14 1.00000
34.4 25.75057 14 1.00000
34.5 25.79390 14 1.00000
34.6 25.83684 14 1.00000
34.7 25.87855 14 1.00000
34.8 25.91970 14 1.00000
34.9 25.96040 14 1.00000
35.0 25.92185 14 1.00000
35.1 25.96244 14 1.00000
35.2 26.00986 14 1.00000
35.3 25.92461 14 1.00000
35.4 25.96494 14 1.00000
35.5 26.00469 14 1.00000
35.6 26.04416 14 1.00000
35.7 25.94389 14 1.00000
35.8 25.89581 14 1.00000
35.9 25.93428 14 1.00000
36.0 25.97528 14 1.00000
36.1 26.01900 14 1.00000
36.2 25.91544 14 1.00000
36.3 25.95291 14 1.00000
36.4 25.99020 14 1.00000
36.5 26.02698 14 1.00000
36.6 25.97193 14 1.00000
36.7 25.03722 14 1.00000
36.8 23.68427 14 1.00000
36.9 20.70058 14 1.00000
37.0 19.36807 14 1.00000
37.1 16.77111 14 1.00000
37.2 15.45019 14 1.00000
37.3 13.84710 14 1.00000
37.4 13.90208 14 1.00000
37.5 13.80591 14 1.00000
37.6 13.77213 14 1.00000
37.7 13.69379 14 1.00000
37.8 13.66765 14 1.00000
37.9 13.63075 14 1.00000
38.0 13.57757 14 1.00000
38.1 13.57015 14 1.00000
38.2 13.48982 14 1.00000
38.3 13.42481 14 1.00000
38.4 13.43119 14 1.00000
38.5 13.36080 14 1.00000
38.6 13.32312 14 1.00000
38.7 13.27550 14 1.00000
38.8 13.21767 14 1.00000
38.9 13.12362 14 0.99618
39.0 13.20926 14 1.00000
39.1 13.09501 14 0.99473
39.2 12.90264 14 0.98494
39.3 12.74490 14 0.97688
39.4 12.76485 14 0.97790
39.5 12.59244 14 0.96906
39.6 12.51064 14 0.96485
39.7 12.55551 14 0.96716
39.8 12.28456 14 0.95318
39.9 12.33960 14 0.95602
40.0 12.39156 14 0.95871
40.1 12.48301 14 0.96343
40.2 12.59084 14 0.96898
40.3 12.93884 14 0.98678
40.4 13.02262 14 0.99105
40.5 13.11708 14 0.99585
40.6 13.19420 14 0.99975
40.7 13.22787 14 1.00000
40.8 13.25812 14 1.00000
40.9 13.28809 14 1.00000
41.0 13.31723 14 1.00000
41.1 13.34571 14 1.00000
41.2 13.38668 14 1.00000
41.3 13.42943 14 1.00000
41.4 13.48854 14 1.00000
41.5 13.59907 14 1.00000
41.6 13.63250 14 1.00000
41.7 13.66497 14 1.00000
41.8 13.69587 14 1.00000
41.9 13.72647 14 1.00000
42.0 13.75680 14 1.00000
42.1 13.78627 14 1.00000
42.2 13.81491 14 1.00000
42.3 13.85369 14 1.00000
42.4 13.91882 14 1.00000
42.5 13.97544 14 1.00000
42.6 14.02427 14 1.00000
42.7 14.10715 14 1.00000
42.8 14.14187 14 1.00000
42.9 14.17322 14 1.00000
43.0 14.20469 14 1.00000
43.1 14.23575 14 1.00000
43.2 14.26606 14 1.00000
43.3 14.29578 14 1.00000
43.4 14.32518 14 1.00000
43.5 14.37311 14 1.00000
43.6 14.43801 14 1.00000
43.7 14.49319 14 1.00000
43.8 14.54147 14 1.00000
43.9 14.62525 14 1.00000
44.0 14.66065 14 1.00000
44.1 14.69271 14 1.00000
44.2 14.72426 14 1.00000
44.3 14.75567 14 1.00000
44.4 14.78675 14 1.00000
44.5 14.81664 14 1.00000
44.6 14.84585 14 1.00000
44.7 14.88355 14 1.00000
44.8 14.94995 14 1.00000
44.9 15.00879 14 1.00000
45.0 15.06053 14 1.00000
45.1 15.10642 14 1.00000
45.2 15.18824 14 1.00000
45.3 15.22337 14 1.00000
45.4 15.25474 14 1.00000
45.5 15.28669 14 1.00000
45.6 15.31843 14 1.00000
45.7 15.34928 14 1.00000
45.8 15.37971 14 1.00000
45.9 15.40903 14 1.00000
46.0 15.44740 14 1.00000
46.1 15.51618 14 1.00000
46.2 15.57509 14 1.00000
46.3 15.62788 14 1.00000
46.4 15.67480 14 1.00000
46.5 15.76013 14 1.00000
46.6 15.79878 14 1.00000
46.7 15.83475 14 1.00000
46.8 15.86863 14 1.00000
46.9 15.91035 14 1.00000
47.0 15.94395 14 1.00000
47.1 15.97673 14 1.00000
47.2 16.02382 14 1.00000
47.3 16.05672 14 1.00000
47.4 16.10593 14 1.00000
47.5 16.13730 14 1.00000
47.6 16.18821 14 1.00000
47.7 16.21905 14 1.00000
47.8 16.27476 14 1.00000
47.9 16.30262 14 1.00000
48.0 16.35863 14 1.00000
48.1 16.38509 14 1.00000
48.2 16.44541 14 1.00000
48.3 16.46783 14 1.00000
48.4 16.52872 14 1.00000
48.5 16.59206 14 1.00000
48.6 16.61176 14 1.00000
48.7 16.67536 14 1.00000
48.8 16.69432 14 1.00000
48.9 16.75872 14 1.00000
49.0 16.77316 14 1.00000
49.1 16.83779 14 1.00000
49.2 16.90345 14 1.00000
49.3 16.91660 14 1.00000
49.4 16.98231 14 1.00000
49.5 17.04948 14 1.00000
49.6 17.05794 14 1.00000
49.7 17.12560 14 1.00000
49.8 17.19278 14 1.00000
49.9 17.19807 14 1.00000
50.0 17.26536 14 1.00000
50.1 17.32952 14 1.00000
50.2 17.33559 14 1.00000
50.3 17.40277 14 1.00000
50.4 17.47228 14 1.00000
50.5 17.46948 14 1.00000
50.6 17.53689 14 1.00000
50.7 17.60567 14 1.00000
50.8 17.60027 14 1.00000
50.9 17.66910 14 1.00000
51.0 17.73645 14 1.00000
51.1 17.72743 14 1.00000
51.2 17.79559 14 1.00000
51.3 17.86203 14 1.00000
51.4 17.93152 14 1.00000
51.5 17.91899 14 1.00000
51.6 17.98618 14 1.00000
51.7 18.05503 14 1.00000
51.8 18.06864 14 1.00000
51.9 18.10432 14 1.00000
52.0 18.17142 14 1.00000
52.1 18.24130 14 1.00000
52.2 18.24893 14 1.00000
52.3 18.28413 14 1.00000
52.4 18.35285 14 1.00000
52.5 18.42238 14 1.00000
52.6 18.42834 14 1.00000
52.7 18.45918 14 1.00000
52.8 18.52736 14 1.00000
52.9 18.59556 14 1.00000
53.0 18.60694 14 1.00000
53.1 18.65115 14 1.00000
53.2 18.69603 14 1.00000
53.3 18.76180 14 1.00000
53.4 18.83029 14 1.00000
53.5 18.83370 14 1.00000
53.6 18.87652 14 1.00000
53.7 18.92443 14 1.00000
53.8 18.99129 14 1.00000
53.9 19.05522 14 1.00000
54.0 19.05942 14 1.00000
54.1 19.09746 14 1.00000
54.2 19.14497 14 1.00000
54.3 19.21068 14 1.00000
54.4 19.28046 14 1.00000
54.5 19.28449 14 1.00000
54.6 19.32865 14 1.00000
54.7 19.35533 14 1.00000
54.8 19.42225 14 1.00000
54.9 19.48865 14 1.00000
55.0 19.55523 14 1.00000
55.1 19.55701 14 1.00000
55.2 19.59985 14 1.00000
55.3 19.62217 14 1.00000
55.4 19.68952 14 1.00000
55.5 19.75535 14 1.00000
55.6 19.82053 14 1.00000
55.7 19.82780 14 1.00000
55.8 19.87498 14 1.00000
55.9 19.95399 14 1.00000
56.0 19.94337 14 1.00000
56.1 20.00921 14 1.00000
56.2 20.07455 14 1.00000
56.3 20.13920 14 1.00000
56.4 20.14334 14 1.00000
56.5 20.19428 14 1.00000
56.6 20.25389 14 1.00000
56.7 20.24860 14 1.00000
56.8 20.31407 14 1.00000
56.9 20.37897 14 1.00000
57.0 20.44220 14 1.00000
57.1 20.50683 14 1.00000
57.2 20.51044 14 1.00000
57.3 20.56023 14 1.00000
57.4 20.53018 14 1.00000
57.5 20.59879 14 1.00000
57.6 20.66523 14 1.00000
57.7 20.72887 14 1.00000
57.8 20.79246 14 1.00000
57.9 20.85415 14 1.00000
58.0 20.91739 14 1.00000
58.1 20.97288 14 1.00000
58.2 20.90589 14 1.00000
58.3 20.93958 14 1.00000
58.4 20.98937 14 1.00000
58.5 21.05655 14 1.00000
58.6 21.12046 14 1.00000
58.7 21.18345 14 1.00000
58.8 21.24582 14 1.00000
58.9 21.30464 14 1.00000
59.0 21.36673 14 1.00000
59.1 21.37761 14 1.00000
59.2 21.41456 14 1.00000
59.3 21.42741 14 1.00000
59.4 21.45566 14 1.00000
59.5 21.48328 14 1.00000
59.6 21.54313 14 1.00000
59.7 21.60900 14 1.00000
59.8 21.67134 14 1.00000
59.9 21.73273 14 1.00000
60.0 21.79235 14 1.00000
60.1 21.84352 14 1.00000
60.2 21.89281 14 1.00000
60.3 21.93925 14 1.00000
60.4 21.98383 14 1.00000
60.5 22.02262 14 1.00000
60.6 22.05968 14 1.00000
60.7 22.07339 14 1.00000
60.8 22.10370 14 1.00000
60.9 22.12991 14 1.00000
61.0 22.17759 14 1.00000
61.1 22.23906 14 1.00000
61.2 22.30169 14 1.00000
61.3 22.33106 14 1.00000
61.4 22.47578 14 1.00000
61.5 22.53250 14 1.00000
61.6 22.59120 14 1.00000
61.7 22.64260 14 1.00000
61.8 22.63305 14 1.00000
61.9 22.68187 14 1.00000
62.0 22.72945 14 1.00000
62.1 22.77465 14 1.00000
62.2 22.81799 14 1.00000
62.3 22.85851 14 1.00000
62.4 22.89619 14 1.00000
62.5 22.91192 14 1.00000
62.6 22.94864 14 1.00000
62.7 23.05465 14 1.00000
62.8 23.05153 14 1.00000
62.9 23.10840 14 1.00000
63.0 23.16504 14 1.00000
63.1 23.22128 14 1.00000
63.2 23.27696 14 1.00000
63.3 23.33121 14 1.00000
63.4 23.38613 14 1.00000
63.5 23.43918 14 1.00000
63.6 23.49227 14 1.00000
63.7 23.54413 14 1.00000
63.8 23.60124 14 1.00000
63.9 23.65452 14 1.00000
64.0 23.70763 14 1.00000
64.1 23.65764 14 1.00000
64.2 23.73510 14 1.00000
64.3 23.79889 14 1.00000
64.4 23.84360 14 1.00000
64.5 23.88677 14 1.00000
64.6 23.92531 14 1.00000
64.7 23.96713 14 1.00000
64.8 23.98763 14 1.00000
64.9 24.02882 14 1.00000
65.0 24.06890 14 1.00000
65.1 24.10686 14 1.00000
65.2 24.14206 14 1.00000
65.3 24.17690 14 1.00000
65.4 24.21739 14 1.00000
65.5 24.26404 14 1.00000
65.6 24.31071 14 1.00000
65.7 24.35822 14 1.00000
65.8 24.40862 14 1.00000
65.9 24.45876 14 1.00000
66.0 24.51171 14 1.00000
66.1 24.54505 14 1.00000
66.2 24.69072 14 1.00000
66.3 24.71549 14 1.00000
66.4 24.76696 14 1.00000
66.5 24.81002 14 1.00000
66.6 24.86509 14 1.00000
66.7 24.91600 14 1.00000
66.8 24.96614 14 1.00000
66.9 25.01309 14 1.00000
67.0 25.06448 14 1.00000
67.1 25.11433 14 1.00000
67.2 25.15532 14 1.00000
67.3 25.21057 14 1.00000
67.4 25.26112 14 1.00000
67.5 25.31073 14 1.00000
67.6 25.36502 14 1.00000
67.7 25.41420 14 1.00000
67.8 25.45924 14 1.00000
67.9 25.51600 14 1.00000
68.0 25.55862 14 1.00000
68.1 25.60400 14 1.00000
68.2 25.64909 14 1.00000
68.3 25.68332 14 1.00000
68.4 25.70623 14 1.00000
68.5 25.71825 14 1.00000
68.6 25.72203 14 1.00000
68.7 25.86625 14 1.00000
68.8 25.99364 14 1.00000
68.9 26.04288 14 1.00000
69.0 26.08143 14 1.00000
69.1 26.13072 14 1.00000
69.2 26.18820 14 1.00000
69.3 26.23651 14 1.00000
69.4 26.27498 14 1.00000
69.5 26.33218 14 1.00000
69.6 26.37901 14 1.00000
69.7 26.42562 14 1.00000
69.8 26.46928 14 1.00000
69.9 26.51886 14 1.00000
70.0 26.56570 14 1.00000
70.1 26.61006 14 1.00000
70.2 26.64959 14 1.00000
70.3 26.70621 14 1.00000
70.4 26.75122 14 1.00000
70.5 26.79092 14 1.00000
70.6 26.84552 14 1.00000
70.7 26.88955 14 1.00000
70.8 26.92601 14 1.00000
70.9 26.98364 14 1.00000
71.0 27.01693 14 1.00000
71.1 27.01802 14 1.00000
71.2 27.04439 14 1.00000
71.3 27.18696 14 1.00000
71.4 27.23203 14 1.00000
71.5 27.27485 14 1.00000
71.6 27.31460 14 1.00000
71.7 27.36225 14 1.00000
71.8 27.40895 14 1.00000
71.9 27.45138 14 1.00000
72.0 27.49945 14 1.00000
72.1 27.54109 14 1.00000
72.2 27.59086 14 1.00000
72.3 27.59092 14 1.00000
72.4 27.52738 14 1.00000
72.5 27.74271 14 1.00000
72.6 27.77583 14 1.00000
72.7 27.82703 14 1.00000
72.8 27.87502 14 1.00000
72.9 27.90586 14 1.00000
73.0 27.95522 14 1.00000
73.1 28.00490 14 1.00000
73.2 28.04683 14 1.00000
73.3 28.07605 14 1.00000
73.4 28.12029 14 1.00000
73.5 28.09817 14 1.00000
73.6 28.10230 14 1.00000
73.7 28.15026 14 1.00000
73.8 28.19960 14 1.00000
73.9 28.27426 14 1.00000
74.0 28.39057 14 1.00000
74.1 28.44177 14 1.00000
74.2 28.59297 14 1.00000
74.3 28.56375 14 1.00000
74.4 28.58117 14 1.00000
74.5 28.61309 14 1.00000
74.6 28.66880 14 1.00000
74.7 28.71597 14 1.00000
74.8 28.75649 14 1.00000
74.9 28.79376 14 1.00000
75.0 28.82669 14 1.00000
75.1 28.87935 14 1.00000
75.2 28.92445 14 1.00000
75.3 28.96754 14 1.00000
75.4 29.00780 14 1.00000
75.5 29.04732 14 1.00000
75.6 29.07837 14 1.00000
75.7 29.08023 14 1.00000
75.8 29.18463 14 1.00000
75.9 29.22131 14 1.00000
76.0 29.25508 14 1.00000
76.1 29.29318 14 1.00000
76.2 29.32992 14 1.00000
76.3 29.36595 14 1.00000
76.4 29.40486 14 1.00000
76.5 29.45897 14 1.00000
76.6 29.60063 14 1.00000
76.7 29.54494 14 1.00000
76.8 29.59099 14 1.00000
76.9 29.63773 14 1.00000
77.0 29.68447 14 1.00000
77.1 29.73125 14 1.00000
77.2 29.77805 14 1.00000
77.3 29.82490 14 1.00000
77.4 29.87176 14 1.00000
77.5 29.91865 14 1.00000
77.6 29.96559 14 1.00000
77.7 30.01702 14 1.00000
77.8 30.07416 14 1.00000
77.9 30.13563 14 1.00000
78.0 30.19571 14 1.00000
78.1 30.25496 14 1.00000
78.2 30.31286 14 1.00000
78.3 30.36911 14 1.00000
78.4 30.42272 14 1.00000
78.5 30.47167 14 1.00000
78.6 30.51084 14 1.00000
78.7 30.60770 14 1.00000
78.8 30.65318 14 1.00000
78.9 30.70475 14 1.00000
79.0 30.76249 14 1.00000
79.1 30.80739 14 1.00000
79.2 30.84314 14 1.00000
79.3 30.90211 14 1.00000
79.4 30.93254 14 1.00000
79.5 31.00268 14 1.00000
79.6 31.05085 14 1.00000
79.7 31.09613 14 1.00000
79.8 31.13811 14 1.00000
79.9 31.17288 14 1.00000
80.0 31.23579 14 1.00000
80.1 31.28668 14 1.00000
80.2 31.32434 14 1.00000
80.3 31.47281 14 1.00000
80.4 31.51599 14 1.00000
80.5 31.55524 14 1.00000
80.6 31.58374 14 1.00000
80.7 31.61666 14 1.00000
80.8 31.65014 14 1.00000
80.9 31.66878 14 1.00000
81.0 31.65882 14 1.00000
81.1 31.80032 14 1.00000
81.2 31.84144 14 1.00000
81.3 31.87967 14 1.00000
81.4 31.90787 14 1.00000
81.5 31.92146 14 1.00000
81.6 31.92600 14 1.00000
81.7 32.01584 14 1.00000
81.8 32.07858 14 1.00000
81.9 32.10730 14 1.00000
82.0 32.16573 14 1.00000
82.1 32.20535 14 1.00000
82.2 32.23238 14 1.00000
82.3 32.39382 14 1.00000
82.4 32.38837 14 1.00000
82.5 32.37979 14 1.00000
82.6 32.38096 14 1.00000
82.7 32.40567 14 1.00000
82.8 32.45360 14 1.00000
82.9 32.48928 14 1.00000
83.0 32.53118 14 1.00000
83.1 32.57671 14 1.00000
83.2 32.62507 14 1.00000
83.3 32.67348 14 1.00000
83.4 32.72889 14 1.00000
83.5 32.80083 14 1.00000
83.6 32.87500 14 1.00000
83.7 32.94555 14 1.00000
83.8 33.00882 14 1.00000
83.9 33.05445 14 1.00000
84.0 33.11819 14 1.00000
84.1 33.18307 14 1.00000
84.2 33.23234 14 1.00000
84.3 33.27123 14 1.00000
84.4 33.34973 14 1.00000
84.5 33.42356 14 1.00000
84.6 33.46945 14 1.00000
84.7 33.51326 14 1.00000
84.8 33.57255 14 1.00000
84.9 33.62550 14 1.00000
85.0 33.67493 14 1.00000
85.1 33.72118 14 1.00000
85.2 33.76279 14 1.00000
85.3 33.79134 14 1.00000
85.4 33.86235 14 1.00000
85.5 33.90723 14 1.00000
85.6 33.93219 14 1.00000
85.7 34.07602 14 1.00000
85.8 34.07055 14 1.00000
85.9 34.12024 14 1.00000
86.0 34.15052 14 1.00000
86.1 34.25394 14 1.00000
86.2 34.29407 14 1.00000
86.3 34.31146 14 1.00000
86.4 34.36628 14 1.00000
86.5 34.38354 14 1.00000
86.6 34.44246 14 1.00000
86.7 34.46628 14 1.00000
86.8 34.54116 14 1.00000
86.9 34.56757 14 1.00000
87.0 34.60583 14 1.00000
87.1 34.63603 14 1.00000
87.2 34.70408 14 1.00000
87.3 34.72756 14 1.00000
87.4 34.77290 14 1.00000
87.5 34.80210 14 1.00000
87.6 34.85023 14 1.00000
87.7 34.88142 14 1.00000
87.8 35.13494 14 1.00000
87.9 34.94118 14 1.00000
88.0 34.97559 14 1.00000
88.1 35.01775 14 1.00000
88.2 35.15405 14 1.00000
88.3 35.13097 14 1.00000
88.4 35.21606 14 1.00000
88.5 35.35107 14 1.00000
88.6 35.37022 14 1.00000
88.7 35.41184 14 1.00000
88.8 35.48463 14 1.00000
88.9 35.54990 14 1.00000
89.0 35.60462 14 1.00000
89.1 35.67007 14 1.00000
89.2 35.76714 14 1.00000
89.3 35.80199 14 1.00000
89.4 35.79907 14 1.00000
89.5 35.90879 14 1.00000
89.6 35.93486 14 1.00000
89.7 36.00486 14 1.00000
89.8 36.06255 14 1.00000
89.9 36.11444 14 1.00000
90.0 36.11497 14 1.00000
90.1 36.20294 14 1.00000
90.2 36.24179 14 1.00000
90.3 36.30952 14 1.00000
90.4 36.35400 14 1.00000
90.5 36.38313 14 1.00000
90.6 36.48331 14 1.00000
90.7 36.46078 14 1.00000
90.8 36.62288 14 1.00000
90.9 36.58572 14 1.00000
91.0 36.68261 14 1.00000
91.1 36.75650 14 1.00000
91.2 36.77634 14 1.00000
91.3 36.77375 14 1.00000
91.4 36.87804 14 1.00000
91.5 36.86675 14 1.00000
91.6 36.92480 14 1.00000
91.7 37.00214 14 1.00000
91.8 37.04495 14 1.00000
91.9 37.05848 14 1.00000
92.0 37.12707 14 1.00000
92.1 37.14621 14 1.00000
92.2 37.20791 14 1.00000
92.3 37.22652 14 1.00000
92.4 37.28122 14 1.00000
92.5 37.32213 14 1.00000
92.6 37.35118 14 1.00000
92.7 37.37697 14 1.00000
92.8 37.40026 14 1.00000
92.9 37.42801 14 1.00000
93.0 37.50554 14 1.00000
93.1 37.62865 14 1.00000
93.2 37.72078 14 1.00000
93.3 37.79286 14 1.00000
93.4 37.89802 14 1.00000
93.5 37.93779 14 1.00000
93.6 37.97105 14 1.00000
93.7 37.83650 14 1.00000
93.8 38.04171 14 1.00000
93.9 38.09917 14 1.00000
94.0 38.15654 14 1.00000
94.1 38.21899 14 1.00000
94.2 38.24388 14 1.00000
94.3 38.32299 14 1.00000
94.4 38.38545 14 1.00000
94.5 38.46516 14 1.00000
94.6 38.51318 14 1.00000
94.7 38.53901 14 1.00000
94.8 38.60406 14 1.00000
94.9 38.65831 14 1.00000
95.0 38.70473 14 1.00000
95.1 38.73994 14 1.00000
95.2 38.82401 14 1.00000
95.3 38.87723 14 1.00000
95.4 38.91359 14 1.00000
95.5 38.96556 14 1.00000
95.6 39.01893 14 1.00000
95.7 39.03131 14 1.00000
95.8 39.11069 14 1.00000
95.9 39.21182 14 1.00000
96.0 39.25863 14 1.00000
96.1 39.31857 14 1.00000
96.2 39.37273 14 1.00000
96.3 39.41804 14 1.00000
96.4 39.45893 14 1.00000
96.5 39.47655 14 1.00000
96.6 39.52650 14 1.00000
96.7 39.58559 14 1.00000
96.8 39.63097 14 1.00000
96.9 39.63543 14 1.00000
97.0 39.71114 14 1.00000
97.1 39.75548 14 1.00000
97.2 39.78946 14 1.00000
97.3 39.83725 14 1.00000
97.4 39.88037 14 1.00000
97.5 39.89629 14 1.00000
97.6 39.95879 14 1.00000
97.7 40.00152 14 1.00000
97.8 40.03576 14 1.00000
97.9 40.06621 14 1.00000
98.0 40.09534 14 1.00000
98.1 40.12446 14 1.00000
98.2 40.16787 14 1.00000
98.3 40.26642 14 1.00000
98.4 40.35837 14 1.00000
98.5 40.42984 14 1.00000
98.6 40.49423 14 1.00000
98.7 40.50000 14 1.00000
98.8 40.50000 14 1.00000
98.9 40.50000 14 1.00000
99.0 40.50000 14 1.00000
99.1 40.50000 14 1.00000
99.2 40.50000 14 1.00000
99.3 40.50000 14 1.00000
99.4 40.50000 14 1.00000
99.5 40.50000 14 1.00000
99.6 40.50000 14 1.00000
99.7 40.50000 14 1.00000
99.8 40.50000 14 1.00000
99.9 40.50000 14 1.00000
100.0 40.50000 14 1.00000
100.1 40.50000 14 1.00000
100.2 40.50000 14 1.00000
100.3 40.50000 14 1.00000
100.4 40.50000 14 1.00000
100.5 40.50000 14 1.00000
100.6 40.50000 14 1.00000
100.7 40.50000 14 1.00000
100.8 40.50000 14 1.00000
100.9 40.50000 14 1.00000
101.0 40.50000 14 1.00000
101.1 40.50000 14 1.00000
101.2 40.50000 14 1.00000
101.3 40.50000 14 1.00000
101.4 40.50000 14 1.00000
101.5 40.50000 14 1.00000
101.6 40.50000 14 1.00000
101.7 40.50000 14 1.00000
101.8 40.50000 14 1.00000
101.9 40.50000 14 1.00000
102.0 40.50000 14 1.00000
102.1 40.50000 14 1.00000
102.2 40.50000 14 1.00000
102.3 40.50000 14 1.00000
102.4 40.50000 14 1.00000
102.5 40.50000 14 1.00000
102.6 40.50000 14 1.00000
102.7 40.50000 14 1.00000
102.8 40.50000 14 1.00000
102.9 40.50000 14 1.00000
103.0 40.50000 14 1.00000
103.1 40.50000 14 1.00000
103.2 40.50000 14 1.00000
103.3 40.50000 14 1.00000
103.4 40.50000 14 1.00000
103.5 40.50000 14 1.00000
103.6 40.50000 14 1.00000
103.7 40.50000 14 1.00000
103.8 40.50000 14 1.00000
103.9 40.50000 14 1.00000
104.0 40.50000 14 1.00000
104.1 40.50000 14 1.00000
104.2 40.50000 14 1.00000
104.3 40.50000 14 1.00000
104.4 40.50000 14 1.00000
104.5 40.50000 14 1.00000
104.6 40.50000 14 1.00000
104.7 40.50000 14 1.00000
104.8 40.50000 14 1.00000
104.9 40.50000 14 1.00000
105.0 40.50000 14 1.00000
105.1 40.50000 14 1.00000
105.2 40.50000 14 1.00000
105.3 40.50000 14 1.00000
105.4 40.50000 14 1.00000
105.5 40.50000 14 1.00000
105.6 40.50000 14 1.00000
105.7 40.50000 14 1.00000
105.8 40.50000 14 1.00000
105.9 40.50000 14 1.00000
106.0 40.50000 14 1.00000
106.1 40.50000 14 1.00000
106.2 40.50000 14 1.00000
106.3 40.50000 14 1.00000
106.4 40.50000 14 1.00000
106.5 40.50000 14 1.00000
106.6 40.50000 14 1.00000
106.7 40.50000 14 1.00000
106.8 40.50000 14 1.00000
106.9 40.50000 14 1.00000
107.0 40.50000 14 1.00000
107.1 40.50000 14 1.00000
107.2 40.50000 14 1.00000
107.3 40.50000 14 1.00000
107.4 40.50000 14 1.00000
107.5 40.50000 14 1.00000
107.6 40.50000 14 1.00000
107.7 40.50000 14 1.00000
107.8 40.50000 14 1.00000
107.9 40.50000 14 1.00000
108.0 40.50000 14 1.00000
108.1 40.50000 14 1.00000
108.2 40.50000 14 1.00000
108.3 40.50000 14 1.00000
108.4 40.50000 14 1.00000
108.5 40.50000 14 1.00000
108.6 40.50000 14 1.00000
108.7 40.50000 14 1.00000
108.8 40.50000 14 1.00000
108.9 40.50000 14 1.00000
109.0 40.50000 14 1.00000
109.1 40.50000 14 1.00000
109.2 40.50000 14 1.00000
109.3 40.50000 14 1.00000
109.4 40.50000 14 1.00000
109.5 40.50000 14 1.00000
109.6 40.50000 14 1.00000
109.7 40.50000 14 1.00000
109.8 40.50000 14 1.00000
109.9 40.50000 14 1.00000
110.0 40.50000 14 1.00000
110.1 40.50000 14 1.00000
110.2 40.50000 14 1.00000
110.3 40.50000 14 1.00000
110.4 40.50000 14 1.00000
110.5 40.50000 14 1.00000
110.6 40.50000 14 1.00000
110.7 40.50000 14 1.00000
110.8 40.50000 14 1.00000
110.9 40.50000 14 1.00000
111.0 40.50000 14 1.00000
111.1 40.50000 14 1.00000
111.2 40.50000 14 1.00000
111.3 40.50000 14 1.00000
111.4 40.50000 14 1.00000
111.5 40.50000 14 1.00000
111.6 40.50000 14 1.00000
111.7 40.50000 14 1.00000
111.8 40.50000 14 1.00000
111.9 40.50000 14 1.00000
112.0 40.50000 14 1.00000
112.1 40.50000 14 1.00000
112.2 40.50000 14 1.00000
112.3 40.50000 14 1.00000
112.4 40.50000 14 1.00000
112.5 40.50000 14 1.00000
112.6 40.50000 14 1.00000
112.7 40.50000 14 1.00000
112.8 40.50000 14 1.00000
112.9 40.50000 14 1.00000
113.0 40.50000 14 1.00000
113.1 40.50000 14 1.00000
113.2 40.50000 14 1.00000
113.3 40.50000 14 1.00000
113.4 40.50000 14 1.00000
113.5 40.50000 14 1.00000
113.6 40.50000 14 1.00000
113.7 40.50000 14 1.00000
113.8 40.50000 14 1.00000
113.9 40.50000 14 1.00000
114.0 40.50000 14 1.00000
114.1 40.50000 14 1.00000
114.2 40.50000 14 1.00000
114.3 40.50000 14 1.00000
114.4 40.50000 14 1.00000
114.5 40.50000 14 1.00000
114.6 40.50000 14 1.00000
114.7 40.50000 14 1.00000
114.8 40.50000 14 1.00000
114.9 40.50000 14 1.00000
115.0 40.50000 14 1.00000
115.1 40.50000 14 1.00000
115.2 40.50000 14 1.00000
115.3 40.50000 14 1.00000
115.4 40.50000 14 1.00000
115.5 40.50000 14 1.00000
115.6 40.50000 14 1.00000
115.7 40.50000 14 1.00000
115.8 40.50000 14 1.00000
115.9 40.50000 14 1.00000
116.0 40.50000 14 1.00000
116.1 40.50000 14 1.00000
116.2 40.50000 14 1.00000
116.3 40.50000 14 1.00000
116.4 40.50000 14 1.00000
116.5 40.50000 14 1.00000
116.6 40.50000 14 1.00000
116.7 40.50000 14 1.00000
116.8 40.50000 14 1.00000
116.9 40.50000 14 1.00000
117.0 40.50000 14 1.00000
117.1 40.50000 14 1.00000
117.2 40.50000 14 1.00000
117.3 40.50000 14 1.00000
117.4 40.50000 14 1.00000
117.5 40.50000 14 1.00000
117.6 40.50000 14 1.00000
117.7 40.50000 14 1.00000
117.8 40.50000 14 1.00000
117.9 40.50000 14 1.00000
118.0 40.50000 14 1.00000
118.1 40.50000 14 1.00000
118.2 40.50000 14 1.00000
118.3 40.50000 14 1.00000
118.4 40.50000 14 1.00000
118.5 40.50000 14 1.00000
118.6 40.50000 14 1.00000
118.7 40.50000 14 1.00000
118.8 40.50000 14 1.00000
118.9 40.50000 14 1.00000
119.0 40.50000 14 1.00000
119.1 40.50000 14 1.00000
119.2 40.50000 14 1.00000
119.3 40.50000 14 1.00000
119.4 40.50000 14 1.00000
119.5 40.50000 14 1.00000
119.6 40.50000 14 1.00000
119.7 40.50000 14 1.00000
119.8 40.50000 14 1.00000
119.9 40.50000 14 1.00000
120.0 40.50000 14 1.00000
120.1 40.50000 14 1.00000
120.2 40.50000 14 1.00000
120.3 40.50000 14 1.00000
120.4 40.50000 14 1.00000
120.5 40.50000 14 1.00000
120.6 40.50000 14 1.00000
120.7 40.50000 14 1.00000
120.8 40.50000 14 1.00000
120.9 40.50000 14 1.00000
121.0 40.50000 14 1.00000
121.1 40.50000 14 1.00000
121.2 40.50000 14 1.00000
121.3 40.50000 14 1.00000
121.4 40.50000 14 1.00000
121.5 40.50000 14 1.00000
121.6 40.50000 14 1.00000
121.7 40.50000 14 1.00000
121.8 40.50000 14 1.00000
121.9 40.50000 14 1.00000
122.0 40.50000 14 1.00000
122.1 40.50000 14 1.00000
122.2 40.50000 14 1.00000
122.3 40.50000 14 1.00000
122.4 40.50000 14 1.00000
122.5 40.50000 14 1.00000
122.6 40.50000 14 1.00000
122.7 40.50000 14 1.00000
122.8 40.50000 14 1.00000
122.9 40.50000 14 1.00000
123.0 40.50000 14 1.00000
123.1 40.50000 14 1.00000
123.2 40.50000 14 1.00000
123.3 40.50000 14 1.00000
123.4 40.50000 14 1.00000
123.5 40.50000 14 1.00000
123.6 40.50000 14 1.00000
123.7 40.50000 14 1.00000
123.8 40.50000 14 1.00000
123.9 40.50000 14 1.00000
124.0 40.50000 14 1.00000
124.1 40.50000 14 1.00000
124.2 40.50000 14 1.00000
124.3 40.50000 14 1.00000
124.4 40.50000 14 1.00000
124.5 40.50000 14 1.00000
124.6 40.50000 14 1.00000
124.7 40.50000 14 1.00000
124.8 40.50000 14 1.00000
124.9 40.50000 14 1.00000
125.0 40.50000 14 1.00000
125.1 40.50000 14 1.00000
125.2 40.50000 14 1.00000
125.3 40.50000 14 1.00000
125.4 40.50000 14 1.00000
125.5 40.50000 14 1.00000
125.6 40.50000 14 1.00000
125.7 40.50000 14 1.00000
125.8 40.50000 14 1.00000
125.9 40.50000 14 1.00000
126.0 40.50000 14 1.00000
126.1 40.50000 14 1.00000
126.2 40.50000 14 1.00000
126.3 40.50000 14 1.00000
126.4 40.50000 14 1.00000
126.5 40.50000 14 1.00000
126.6 40.50000 14 1.00000
126.7 40.50000 14 1.00000
126.8 40.50000 14 1.00000
126.9 40.50000 14 1.00000
127.0 40.50000 14 1.00000
127.1 40.50000 14 1.00000
127.2 40.50000 14 1.00000
127.3 40.50000 14 1.00000
127.4 40.50000 14 1.00000
127.5 40.50000 14 1.00000
127.6 40.50000 14 1.00000
127.7 40.50000 14 1.00000
127.8 40.50000 14 1.00000
127.9 40.50000 14 1.00000
128.0 40.50000 14 1.00000
128.1 40.50000 14 1.00000
128.2 40.50000 14 1.00000
128.3 40.50000 14 1.00000
128.4 40.50000 14 1.00000
128.5 40.50000 14 1.00000
128.6 40.50000 14 1.00000
128.7 40.50000 14 1.00000
128.8 40.50000 14 1.00000
128.9 40.50000 14 1.00000
129.0 40.50000 14 1.00000
129.1 40.50000 14 1.00000
129.2 40.50000 14 1.00000
129.3 40.50000 14 1.00000
129.4 40.50000 14 1.00000
129.5 40.50000 14 1.00000
129.6 40.50000 14 1.00000
129.7 40.50000 14 1.00000
129.8 40.50000 14 1.00000
129.9 40.50000 14 1.00000
130.0 40.50000 14 1.00000
130.1 40.50000 14 1.00000
130.2 40.50000 14 1.00000
130.3 40.50000 14 1.00000
130.4 40.50000 14 1.00000
130.5 40.50000 14 1.00000
130.6 40.50000 14 1.00000
130.7 40.50000 14 1.00000
130.8 40.50000 14 1.00000
130.9 40.50000 14 1.00000
131.0 40.50000 14 1.00000
131.1 40.50000 14 1.00000
131.2 40.50000 14 1.00000
131.3 40.50000 14 1.00000
131.4 40.50000 14 1.00000
131.5 40.50000 14 1.00000
131.6 40.50000 14 1.00000
131.7 40.50000 14 1.00000
131.8 40.50000 14 1.00000
131.9 40.50000 14 1.00000
132.0 40.50000 14 1.00000
132.1 40.50000 14 1.00000
132.2 40.50000 14 1.00000
132.3 40.50000 14 1.00000
132.4 40.50000 14 1.00000
132.5 40.50000 14 1.00000
132.6 40.50000 14 1.00000
132.7 40.50000 14 1.00000
132.8 40.50000 14 1.00000
132.9 40.50000 14 1.00000
133.0 40.50000 14 1.00000
133.1 40.50000 14 1.00000
133.2 40.50000 14 1.00000
133.3 40.50000 14 1.00000
133.4 40.50000 14 1.00000
133.5 40.50000 14 1.00000
133.6 40.50000 14 1.00000
133.7 40.50000 14 1.00000
133.8 40.50000 14 1.00000
133.9 40.50000 14 1.00000
134.0 40.50000 14 1.00000
134.1 40.50000 14 1.00000
134.2 40.50000 14 1.00000
134.3 40.50000 14 1.00000
134.4 40.50000 14 1.00000
134.5 40.50000 14 1.00000
134.6 40.50000 14 1.00000
134.7 40.50000 14 1.00000
134.8 40.50000 14 1.00000
134.9 40.50000 14 1.00000
135.0 40.50000 14 1.00000
135.1 40.50000 14 1.00000
135.2 40.50000 14 1.00000
135.3 40.50000 14 1.00000
135.4 40.50000 14 1.00000
135.5 40.50000 14 1.00000
135.6 40.50000 14 1.00000
135.7 40.50000 14 1.00000
135.8 40.50000 14 1.00000
135.9 40.50000 14 1.00000
136.0 40.50000 14 1.00000
136.1 40.50000 14 1.00000
136.2 40.50000 14 1.00000
136.3 40.50000 14 1.00000
136.4 40.50000 14 1.00000
136.5 40.50000 14 1.00000
136.6 40.50000 14 1.00000
136.7 40.50000 14 1.00000
136.8 40.50000 14 1.00000
136.9 40.50000 14 1.00000
137.0 40.50000 14 1.00000
137.1 40.50000 14 1.00000
137.2 40.50000 14 1.00000
137.3 40.50000 14 1.00000
137.4 40.50000 14 1.00000
137.5 40.50000 14 1.00000
137.6 40.50000 14 1.00000
137.7 40.50000 14 1.00000
137.8 40.50000 14 1.00000
137.9 40.50000 14 1.00000
138.0 40.50000 14 1.00000
138.1 40.50000 14 1.00000
138.2 40.50000 14 1.00000
138.3 40.50000 14 1.00000
138.4 40.50000 14 1.00000
138.5 40.50000 14 1.00000
138.6 40.50000 14 1.00000
138.7 40.50000 14 1.00000
138.8 40.50000 14 1.00000
138.9 40.50000 14 1.00000
139.0 40.50000 14 1.00000
139.1 40.50000 14 1.00000
139.2 40.50000 14 1.00000
139.3 40.50000 14 1.00000
139.4 40.50000 14 1.00000
139.5 40.50000 14 1.00000
139.6 40.50000 14 1.00000
139.7 40.50000 14 1.00000
139.8 40.50000 14 1.00000
139.9 40.50000 14 1.00000
140.0 40.50000 14 1.00000
140.1 40.50000 14 1.00000
140.2 40.50000 14 1.00000
140.3 40.50000 14 1.00000
140.4 40.50000 14 1.00000
140.5 40.50000 14 1.00000
140.6 40.50000 14 1.00000
140.7 40.50000 14 1.00000
140.8 40.50000 14 1.00000
140.9 40.50000 14 1.00000
141.0 40.50000 14 1.00000
141.1 40.50000 14 1.00000
141.2 40.50000 14 1.00000
141.3 40.50000 14 1.00000
141.4 40.50000 14 1.00000
141.5 40.50000 14 1.00000
141.6 40.50000 14 1.00000
141.7 40.50000 14 1.00000
141.8 40.50000 14 1.00000
141.9 40.50000 14 1.00000
142.0 40.50000 14 1.00000
142.1 40.50000 14 1.00000
142.2 40.50000 14 1.00000
142.3 40.50000 14 1.00000
142.4 40.50000 14 1.00000
142.5 40.50000 14 1.00000
142.6 40.50000 14 1.00000
142.7 40.50000 14 1.00000
142.8 40.50000 14 1.00000
142.9 40.50000 14 1.00000
143.0 40.50000 14 1.00000
143.1 40.50000 14 1.00000
143.2 40.50000 14 1.00000
143.3 40.50000 14 1.00000
143.4 40.50000 14 1.00000
143.5 40.50000 14 1.00000
143.6 40.50000 14 1.00000
143.7 40.50000 14 1.00000
143.8 40.50000 14 1.00000
143.9 40.50000 14 1.00000
144.0 40.50000 14 1.00000
144.1 40.50000 14 1.00000
144.2 40.50000 14 1.00000
144.3 40.50000 14 1.00000
144.4 40.50000 14 1.00000
144.5 40.50000 14 1.00000
144.6 40.50000 14 1.00000
144.7 40.50000 14 1.00000
144.8 40.50000 14 1.00000
144.9 40.50000 14 1.00000
145.0 40.50000 14 1.00000
145.1 40.50000 14 1.00000
145.2 40.50000 14 1.00000
145.3 40.50000 14 1.00000
145.4 40.50000 14 1.00000
145.5 40.50000 14 1.00000
145.6 40.50000 14 1.00000
145.7 40.50000 14 1.00000
145.8 40.50000 14 1.00000
145.9 40.50000 14 1.00000
146.0 40.50000 14 1.00000
146.1 40.50000 14 1.00000
146.2 40.50000 14 1.00000
146.3 40.50000 14 1.00000
146.4 40.50000 14 1.00000
146.5 40.50000 14 1.00000
146.6 40.50000 14 1.00000
146.7 40.50000 14 1.00000
146.8 40.50000 14 1.00000
146.9 40.50000 14 1.00000
147.0 40.50000 14 1.00000
147.1 40.50000 14 1.00000
147.2 40.50000 14 1.00000
147.3 40.50000 14 1.00000
147.4 40.50000 14 1.00000
147.5 40.50000 14 1.00000
147.6 40.50000 14 1.00000
147.7 40.50000 14 1.00000
147.8 40.50000 14 1.00000
147.9 40.50000 14 1.00000
148.0 40.50000 14 1.00000
148.1 40.50000 14 1.00000
148.2 40.50000 14 1.00000
148.3 40.50000 14 1.00000
148.4 40.50000 14 1.00000
148.5 40.50000 14 1.00000
148.6 40.50000 14 1.00000
148.7 40.50000 14 1.00000
148.8 40.50000 14 1.00000
148.9 40.50000 14 1.00000
149.0 40.50000 14 1.00000
149.1 40.50000 14 1.00000
149.2 40.50000 14 1.00000
149.3 40.50000 14 1.00000
149.4 40.50000 14 1.00000
149.5 40.50000 14 1.00000
149.6 40.50000 14 1.00000
149.7 40.50000 14 1.00000
149.8 40.50000 14 1.00000
149.9 40.50000 14 1.00000
150.0 40.50000 14 1.00000
150.1 40.50000 14 1.00000
150.2 40.50000 14 1.00000
150.3 40.50000 14 1.00000
150.4 40.50000 14 1.00000
150.5 40.50000 14 1.00000
150.6 40.50000 14 1.00000
150.7 40.50000 14 1.00000
150.8 40.50000 14 1.00000
150.9 40.50000 14 1.00000
151.0 40.50000 14 1.00000
151.1 40.50000 14 1.00000
151.2 40.50000 14 1.00000
151.3 40.50000 14 1.00000
151.4 40.50000 14 1.00000
151.5 40.50000 14 1.00000
151.6 40.50000 14 1.00000
151.7 40.50000 14 1.00000
151.8 40.50000 14 1.00000
151.9 40.50000 14 1.00000
152.0 40.50000 14 1.00000
152.1 40.50000 14 1.00000
152.2 40.50000 14 1.00000
152.3 40.50000 14 1.00000
152.4 40.50000 14 1.00000
152.5 40.50000 14 1.00000
152.6 40.50000 14 1.00000
152.7 40.50000 14 1.00000
152.8 40.50000 14 1.00000
152.9 40.50000 14 1.00000
153.0 40.50000 14 1.00000
153.1 40.50000 14 1.00000
153.2 40.50000 14 1.00000
153.3 40.50000 14 1.00000
153.4 40.50000 14 1.00000
153.5 40.50000 14 1.00000
153.6 40.50000 14 1.00000
153.7 40.50000 14 1.00000
153.8 40.50000 14 1.00000
153.9 40.50000 14 1.00000
154.0 40.50000 14 1.00000
154.1 40.50000 14 1.00000
154.2 40.50000 14 1.00000
154.3 40.50000 14 1.00000
154.4 40.50000 14 1.00000
154.5 40.50000 14 1.00000
154.6 40.50000 14 1.00000
154.7 40.50000 14 1.00000
154.8 40.50000 14 1.00000
154.9 40.50000 14 1.00000
155.0 40.50000 14 1.00000
155.1 40.50000 14 1.00000
155.2 40.50000 14 1.00000
155.3 40.50000 14 1.00000
155.4 40.50000 14 1.00000
155.5 40.50000 14 1.00000
155.6 40.50000 14 1.00000
155.7 40.50000 14 1.00000
155.8 40.50000 14 1.00000
155.9 40.50000 14 1.00000
156.0 40.50000 14 1.00000
156.1 40.50000 14 1.00000
156.2 40.50000 14 1.00000
156.3 40.50000 14 1.00000
156.4 40.50000 14 1.00000
156.5 40.50000 14 1.00000
156.6 40.50000 14 1.00000
156.7 40.50000 14 1.00000
156.8 40.50000 14 1.00000
156.9 40.50000 14 1.00000
157.0 40.50000 14 1.00000
157.1 40.50000 14 1.00000
157.2 40.50000 14 1.00000
157.3 40.50000 14 1.00000
157.4 40.50000 14 1.00000
157.5 40.50000 14 1.00000
157.6 40.50000 14 1.00000
157.7 40.50000 14 1.00000
157.8 40.50000 14 1.00000
157.9 40.50000 14 1.00000
158.0 40.50000 14 1.00000
158.1 40.50000 14 1.00000
158.2 40.50000 14 1.00000
158.3 40.50000 14 1.00000
158.4 40.50000 14 1.00000
158.5 40.50000 14 1.00000
158.6 40.50000 14 1.00000
158.7 40.50000 14 1.00000
158.8 40.50000 14 1.00000
158.9 40.50000 14 1.00000
159.0 40.50000 14 1.00000
159.1 40.50000 14 1.00000
159.2 40.50000 14 1.00000
159.3 40.50000 14 1.00000
159.4 40.50000 14 1.00000
159.5 40.50000 14 1.00000
159.6 40.50000 14 1.00000
159.7 40.50000 14 1.00000
159.8 40.50000 14 1.00000
159.9 40.50000 14 1.00000
160.0 40.50000 14 1.00000
160.1 40.50000 14 1.00000
160.2 40.50000 14 1.00000
160.3 40.50000 14 1.00000
160.4 40.50000 14 1.00000
160.5 40.50000 14 1.00000
160.6 40.50000 14 1.00000
160.7 40.50000 14 1.00000
160.8 40.50000 14 1.00000
160.9 40.50000 14 1.00000
161.0 40.50000 14 1.00000
161.1 40.50000 14 1.00000
161.2 40.50000 14 1.00000
161.3 40.50000 14 1.00000
161.4 40.50000 14 1.00000
161.5 40.50000 14 1.00000
161.6 40.50000 14 1.00000
161.7 40.50000 14 1.00000
161.8 40.50000 14 1.00000
161.9 40.50000 14 1.00000
162.0 40.50000 14 1.00000
162.1 40.50000 14 1.00000
162.2 40.50000 14 1.00000
162.3 40.50000 14 1.00000
162.4 40.50000 14 1.00000
162.5 40.50000 14 1.00000
162.6 40.50000 14 1.00000
162.7 40.50000 14 1.00000
162.8 40.50000 14 1.00000
162.9 40.50000 14 1.00000
163.0 40.50000 14 1.00000
163.1 40.50000 14 1.00000
163.2 40.50000 14 1.00000
163.3 40.50000 14 1.00000
163.4 40.50000 14 1.00000
163.5 40.50000 14 1.00000
163.6 40.50000 14 1.00000
163.7 40.50000 14 1.00000
163.8 40.50000 14 1.00000
163.9 40.50000 14 1.00000
164.0 40.50000 14 1.00000
164.1 40.50000 14 1.00000
164.2 40.50000 14 1.00000
164.3 40.50000 14 1.00000
164.4 40.50000 14 1.00000
164.5 40.50000 14 1.00000
164.6 40.50000 14 1.00000
164.7 40.50000 14 1.00000
164.8 40.50000 14 1.00000
164.9 40.50000 14 1.00000
165.0 40.50000 14 1.00000
165.1 40.50000 14 1.00000
165.2 40.50000 14 1.00000
165.3 40.50000 14 1.00000
165.4 40.50000 14 1.00000
165.5 40.50000 14 1.00000
165.6 40.50000 14 1.00000
165.7 40.50000 14 1.00000
165.8 40.50000 14 1.00000
165.9 40.50000 14 1.00000
166.0 40.50000 14 1.00000
166.1 40.50000 14 1.00000
166.2 40.50000 14 1.00000
166.3 40.50000 14 1.00000
166.4 40.50000 14 1.00000
166.5 40.50000 14 1.00000
166.6 40.50000 14 1.00000
166.7 40.50000 14 1.00000
166.8 40.50000 14 1.00000
166.9 40.50000 14 1.00000
167.0 40.50000 14 1.00000
167.1 40.50000 14 1.00000
167.2 40.50000 14 1.00000
167.3 40.50000 14 1.00000
167.4 40.50000 14 1.00000
167.5 40.50000 14 1.00000
167.6 40.50000 14 1.00000
167.7 40.50000 14 1.00000
167.8 40.50000 14 1.00000
167.9 40.50000 14 1.00000
168.0 40.50000 14 1.00000
168.1 40.50000 14 1.00000
168.2 40.50000 14 1.00000
168.3 40.50000 14 1.00000
168.4 40.50000 14 1.00000
168.5 40.50000 14 1.00000
168.6 40.50000 14 1.00000
168.7 40.50000 14 1.00000
168.8 40.50000 14 1.00000
168.9 40.50000 14 1.00000
169.0 40.50000 14 1.00000
169.1 40.50000 14 1.00000
169.2 40.50000 14 1.00000
169.3 40.50000 14 1.00000
169.4 40.50000 14 1.00000
169.5 40.50000 14 1.00000
169.6 40.50000 14 1.00000
169.7 40.50000 14 1.00000
169.8 40.50000 14 1.00000
169.9 40.50000 14 1.00000
170.0 40.50000 14 1.00000
170.1 40.50000 14 1.00000
170.2 40.50000 14 1.00000
170.3 40.50000 14 1.00000
170.4 40.50000 14 1.00000
170.5 40.50000 14 1.00000
170.6 40.50000 14 1.00000
170.7 40.50000 14 1.00000
170.8 40.50000 14 1.00000
170.9 40.50000 14 1.00000
171.0 40.50000 14 1.00000
171.1 40.50000 14 1.00000
171.2 40.50000 14 1.00000
171.3 40.50000 14 1.00000
171.4 40.50000 14 1.00000
171.5 40.50000 14 1.00000
171.6 40.50000 14 1.00000
171.7 40.50000 14 1.00000
171.8 40.50000 14 1.00000
171.9 40.50000 14 1.00000
172.0 40.50000 14 1.00000
172.1 40.50000 14 1.00000
172.2 40.50000 14 1.00000
172.3 40.50000 14 1.00000
172.4 40.50000 14 1.00000
172.5 40.50000 14 1.00000
172.6 40.50000 14 1.00000
172.7 40.50000 14 1.00000
172.8 40.50000 14 1.00000
172.9 40.50000 14 1.00000
173.0 40.50000 14 1.00000
173.1 40.50000 14 1.00000
173.2 40.50000 14 1.00000
173.3 40.50000 14 1.00000
173.4 40.50000 14 1.00000
173.5 40.50000 14 1.00000
173.6 40.50000 14 1.00000
173.7 40.50000 14 1.00000
173.8 40.50000 14 1.00000
173.9 40.50000 14 1.00000
174.0 40.50000 14 1.00000
174.1 40.50000 14 1.00000
174.2 40.50000 14 1.00000
174.3 40.50000 14 1.00000
174.4 40.50000 14 1.00000
174.5 40.50000 14 1.00000
174.6 40.50000 14 1.00000
174.7 40.50000 14 1.00000
174.8 40.50000 14 1.00000
174.9 40.50000 14 1.00000
175.0 40.50000 14 1.00000
175.1 40.50000 14 1.00000
175.2 40.50000 14 1.00000
175.3 40.50000 14 1.00000
175.4 40.50000 14 1.00000
175.5 40.50000 14 1.00000
175.6 40.50000 14 1.00000
175.7 40.50000 14 1.00000
175.8 40.50000 14 1.00000
175.9 40.50000 14 1.00000
176.0 40.50000 14 1.00000
176.1 40.50000 14 1.00000
176.2 40.50000 14 1.00000
176.3 40.50000 14 1.00000
176.4 40.50000 14 1.00000
176.5 40.50000 14 1.00000
176.6 40.50000 14 1.00000
176.7 40.50000 14 1.00000
176.8 40.50000 14 1.00000
176.9 40.50000 14 1.00000
177.0 40.50000 14 1.00000
177.1 40.50000 14 1.00000
177.2 40.50000 14 1.00000
177.3 40.50000 14 1.00000
177.4 40.50000 14 1.00000
177.5 40.50000 14 1.00000
177.6 40.50000 14 1.00000
177.7 40.50000 14 1.00000
177.8 40.50000 14 1.00000
177.9 40.50000 14 1.00000
178.0 40.50000 14 1.00000
178.1 40.50000 14 1.00000
178.2 40.50000 14 1.00000
178.3 40.50000 14 1.00000
178.4 40.50000 14 1.00000
178.5 40.50000 14 1.00000
178.6 40.50000 14 1.00000
178.7 40.50000 14 1.00000
178.8 40.50000 14 1.00000
178.9 40.50000 14 1.00000
179.0 40.50000 14 1.00000
179.1 40.50000 14 1.00000
179.2 40.50000 14 1.00000
179.3 40.50000 14 1.00000
179.4 40.50000 14 1.00000
179.5 40.50000 14 1.00000
179.6 40.50000 14 1.00000
179.7 40.50000 14 1.00000
179.8 40.50000 14 1.00000
179.9 40.50000 14 1.00000
180.0 40.50000 14 1.00000
180.1 40.50000 14 1.00000
180.2 40.50000 14 1.00000
180.3 40.50000 14 1.00000
180.4 40.50000 14 1.00000
180.5 40.50000 14 1.00000
180.6 40.50000 14 1.00000
180.7 40.50000 14 1.00000
180.8 40.50000 14 1.00000
180.9 40.50000 14 1.00000
181.0 40.50000 14 1.00000
181.1 40.50000 14 1.00000
181.2 40.50000 14 1.00000
181.3 40.50000 14 1.00000
181.4 40.50000 14 1.00000
181.5 40.50000 14 1.00000
181.6 40.50000 14 1.00000
181.7 40.50000 14 1.00000
181.8 40.50000 14 1.00000
181.9 40.50000 14 1.00000
182.0 40.50000 14 1.00000
182.1 40.50000 14 1.00000
182.2 40.50000 14 1.00000
182.3 40.50000 14 1.00000
182.4 40.50000 14 1.00000
182.5 40.50000 14 1.00000
182.6 40.50000 14 1.00000
182.7 40.50000 14 1.00000
182.8 40.50000 14 1.00000
182.9 40.50000 14 1.00000
183.0 40.50000 14 1.00000
183.1 40.50000 14 1.00000
183.2 40.50000 14 1.00000
183.3 40.50000 14 1.00000
183.4 40.50000 14 1.00000
183.5 40.50000 14 1.00000
183.6 40.50000 14 1.00000
183.7 40.50000 14 1.00000
183.8 40.50000 14 1.00000
183.9 40.50000 14 1.00000
184.0 40.50000 14 1.00000
184.1 40.50000 14 1.00000
184.2 40.50000 14 1.00000
184.3 40.50000 14 1.00000
184.4 40.50000 14 1.00000
184.5 40.50000 14 1.00000
184.6 40.50000 14 1.00000
184.7 40.50000 14 1.00000
184.8 40.50000 14 1.00000
184.9 40.50000 14 1.00000
185.0 40.50000 14 1.00000
185.1 40.50000 14 1.00000
185.2 40.50000 14 1.00000
185.3 40.50000 14 1.00000
185.4 40.50000 14 1.00000
185.5 40.50000 14 1.00000
185.6 40.50000 14 1.00000
185.7 40.50000 14 1.00000
185.8 40.50000 14 1.00000
185.9 40.50000 14 1.00000
186.0 40.50000 14 1.00000
186.1 40.50000 14 1.00000
186.2 40.50000 14 1.00000
186.3 40.50000 14 1.00000
186.4 40.50000 14 1.00000
186.5 40.50000 14 1.00000
186.6 40.50000 14 1.00000
186.7 40.50000 14 1.00000
186.8 40.50000 14 1.00000
186.9 40.50000 14 1.00000
187.0 40.50000 14 1.00000
187.1 40.50000 14 1.00000
187.2 40.50000 14 1.00000
187.3 40.50000 14 1.00000
187.4 40.50000 14 1.00000
187.5 40.50000 14 1.00000
187.6 40.50000 14 1.00000
187.7 40.50000 14 1.00000
187.8 40.50000 14 1.00000
187.9 40.50000 14 1.00000
188.0 40.50000 14 1.00000
188.1 40.50000 14 1.00000
188.2 40.50000 14 1.00000
188.3 40.50000 14 1.00000
188.4 40.50000 14 1.00000
188.5 40.50000 14 1.00000
188.6 40.50000 14 1.00000
188.7 40.50000 14 1.00000
188.8 40.50000 14 1.00000
188.9 40.50000 14 1.00000
189.0 40.50000 14 1.00000
189.1 40.50000 14 1.00000
189.2 40.50000 14 1.00000
189.3 40.50000 14 1.00000
189.4 40.50000 14 1.00000
189.5 40.50000 14 1.00000
189.6 40.50000 14 1.00000
189.7 40.50000 14 1.00000
189.8 40.50000 14 1.00000
189.9 40.50000 14 1.00000
190.0 40.50000 14 1.00000
190.1 40.50000 14 1.00000
190.2 40.50000 14 1.00000
190.3 40.50000 14 1.00000
190.4 40.50000 14 1.00000
190.5 40.50000 14 1.00000
190.6 40.50000 14 1.00000
190.7 40.50000 14 1.00000
190.8 40.50000 14 1.00000
190.9 40.50000 14 1.00000
191.0 40.50000 14 1.00000
191.1 40.50000 14 1.00000
191.2 40.50000 14 1.00000
191.3 40.50000 14 1.00000
191.4 40.50000 14 1.00000
191.5 40.50000 14 1.00000
191.6 40.50000 14 1.00000
191.7 40.50000 14 1.00000
191.8 40.50000 14 1.00000
191.9 40.50000 14 1.00000
192.0 40.50000 14 1.00000
192.1 40.50000 14 1.00000
192.2 40.50000 14 1.00000
192.3 40.50000 14 1.00000
192.4 40.50000 14 1.00000
192.5 40.50000 14 1.00000
192.6 40.50000 14 1.00000
192.7 40.50000 14 1.00000
192.8 40.50000 14 1.00000
192.9 40.50000 14 1.00000
193.0 40.50000 14 1.00000
193.1 40.50000 14 1.00000
193.2 40.50000 14 1.00000
193.3 40.50000 14 1.00000
193.4 40.50000 14 1.00000
193.5 40.50000 14 1.00000
193.6 40.50000 14 1.00000
193.7 40.50000 14 1.00000
193.8 40.50000 14 1.00000
193.9 40.50000 14 1.00000
194.0 40.50000 14 1.00000
194.1 40.50000 14 1.00000
194.2 40.50000 14 1.00000
194.3 40.50000 14 1.00000
194.4 40.50000 14 1.00000
194.5 40.50000 14 1.00000
194.6 40.50000 14 1.00000
194.7 40.50000 14 1.00000
194.8 40.50000 14 1.00000
194.9 40.50000 14 1.00000
195.0 40.50000 14 1.00000
195.1 40.50000 14 1.00000
195.2 40.50000 14 1.00000
195.3 40.50000 14 1.00000
195.4 40.50000 14 1.00000
195.5 40.50000 14 1.00000
195.6 40.50000 14 1.00000
195.7 40.50000 14 1.00000
195.8 40.50000 14 1.00000
195.9 40.50000 14 1.00000
196.0 40.50000 14 1.00000
196.1 40.50000 14 1.00000
196.2 40.50000 14 1.00000
196.3 40.50000 14 1.00000
196.4 40.50000 14 1.00000
196.5 40.50000 14 1.00000
196.6 40.50000 14 1.00000
196.7 40.50000 14 1.00000
196.8 40.50000 14 1.00000
196.9 40.50000 14 1.00000
197.0 40.50000 14 1.00000
197.1 40.50000 14 1.00000
197.2 40.50000 14 1.00000
197.3 40.50000 14 1.00000
197.4 40.50000 14 1.00000
197.5 40.50000 14 1.00000
197.6 40.50000 14 1.00000
197.7 40.50000 14 1.00000
197.8 40.50000 14 1.00000
197.9 40.50000 14 1.00000
198.0 40.50000 14 1.00000
198.1 40.50000 14 1.00000
198.2 40.50000 14 1.00000
198.3 40.50000 14 1.00000
198.4 40.50000 14 1.00000
198.5 40.50000 14 1.00000
198.6 40.50000 14 1.00000
198.7 40.50000 14 1.00000
198.8 40.50000 14 1.00000
198.9 40.50000 14 1.00000
199.0 40.50000 14 1.00000
199.1 40.50000 14 1.00000
199.2 40.50000 14 1.00000
199.3 40.50000 14 1.00000
199.4 40.50000 14 1.00000
199.5 40.50000 14 1.00000
199.6 40.50000 14 1.00000
199.7 40.50000 14 1.00000
199.8 40.50000 14 1.00000
199.9 40.50000 14 1.00000
200.0 40.50000 14 1.00000
200.1 40.50000 14 1.00000
200.2 40.50000 14 1.00000
200.3 40.50000 14 1.00000
200.4 40.50000 14 1.00000
200.5 40.50000 14 1.00000
200.6 40.50000 14 1.00000
200.7 40.50000 14 1.00000
200.8 40.50000 14 1.00000
200.9 40.50000 14 1.00000
201.0 40.50000 14 1.00000
201.1 40.50000 14 1.00000
201.2 40.50000 14 1.00000
201.3 40.50000 14 1.00000
201.4 40.50000 14 1.00000
201.5 40.50000 14 1.00000
201.6 40.50000 14 1.00000
201.7 40.50000 14 1.00000
201.8 40.50000 14 1.00000
201.9 40.50000 14 1.00000
202.0 40.50000 14 1.00000
202.1 40.50000 14 1.00000
202.2 40.50000 14 1.00000
202.3 40.50000 14 1.00000
202.4 40.50000 14 1.00000
202.5 40.50000 14 1.00000
202.6 40.50000 14 1.00000
202.7 40.50000 14 1.00000
202.8 40.50000 14 1.00000
202.9 40.50000 14 1.00000
203.0 40.50000 14 1.00000
203.1 40.50000 14 1.00000
203.2 40.50000 14 1.00000
203.3 40.50000 14 1.00000
203.4 40.50000 14 1.00000
203.5 40.50000 14 1.00000
203.6 40.50000 14 1.00000
203.7 40.50000 14 1.00000
203.8 40.50000 14 1.00000
203.9 40.50000 14 1.00000
204.0 40.50000 14 1.00000
204.1 40.50000 14 1.00000
204.2 40.50000 14 1.00000
204.3 40.50000 14 1.00000
204.4 40.50000 14 1.00000
204.5 40.50000 14 1.00000
204.6 40.50000 14 1.00000
204.7 40.50000 14 1.00000
204.8 40.50000 14 1.00000
204.9 40.50000 14 1.00000
205.0 40.50000 14 1.00000
205.1 40.50000 14 1.00000
205.2 40.50000 14 1.00000
205.3 40.50000 14 1.00000
205.4 40.50000 14 1.00000
205.5 40.50000 14 1.00000
205.6 40.50000 14 1.00000
205.7 40.50000 14 1.00000
205.8 40.50000 14 1.00000
205.9 40.50000 14 1.00000
206.0 40.50000 14 1.00000
206.1 40.50000 14 1.00000
206.2 40.50000 14 1.00000
206.3 40.50000 14 1.00000
206.4 40.50000 14 1.00000
206.5 40.50000 14 1.00000
206.6 40.50000 14 1.00000
206.7 40.50000 14 1.00000
206.8 40.50000 14 1.00000
206.9 40.50000 14 1.00000
207.0 40.50000 14 1.00000
207.1 40.50000 14 1.00000
207.2 40.50000 14 1.00000
207.3 40.50000 14 1.00000
207.4 40.50000 14 1.00000
207.5 40.50000 14 1.00000
207.6 40.50000 14 1.00000
207.7 40.50000 14 1.00000
207.8 40.50000 14 1.00000
207.9 40.50000 14 1.00000
208.0 40.50000 14 1.00000
208.1 40.50000 14 1.00000
208.2 40.50000 14 1.00000
208.3 40.50000 14 1.00000
208.4 40.50000 14 1.00000
208.5 40.50000 14 1.00000
208.6 40.50000 14 1.00000
208.7 40.50000 14 1.00000
208.8 40.50000 14 1.00000
208.9 40.50000 14 1.00000
209.0 40.50000 14 1.00000
209.1 40.50000 14 1.00000
209.2 40.50000 14 1.00000
209.3 40.50000 14 1.00000
209.4 40.50000 14 1.00000
209.5 40.50000 14 1.00000
209.6 40.50000 14 1.00000
209.7 40.50000 14 1.00000
209.8 40.50000 14 1.00000
209.9 40.50000 14 1.00000
210.0 40.50000 14 1.00000
210.1 40.50000 14 1.00000
210.2 40.50000 14 1.00000
210.3 40.50000 14 1.00000
210.4 40.50000 14 1.00000
210.5 40.50000 14 1.00000
210.6 40.50000 14 1.00000
210.7 40.50000 14 1.00000
210.8 40.50000 14 1.00000
210.9 40.50000 14 1.00000
211.0 40.50000 14 1.00000
211.1 40.50000 14 1.00000
211.2 40.50000 14 1.00000
211.3 40.50000 14 1.00000
211.4 40.50000 14 1.00000
211.5 40.50000 14 1.00000
211.6 40.50000 14 1.00000
211.7 40.50000 14 1.00000
211.8 40.50000 14 1.00000
211.9 40.50000 14 1.00000
212.0 40.50000 14 1.00000
212.1 40.50000 14 1.00000
212.2 40.50000 14 1.00000
212.3 40.50000 14 1.00000
212.4 40.50000 14 1.00000
212.5 40.50000 14 1.00000
212.6 40.50000 14 1.00000
212.7 40.50000 14 1.00000
212.8 40.50000 14 1.00000
212.9 40.50000 14 1.00000
213.0 40.50000 14 1.00000
213.1 40.50000 14 1.00000
213.2 40.50000 14 1.00000
213.3 40.50000 14 1.00000
213.4 40.50000 14 1.00000
213.5 40.50000 14 1.00000
213.6 40.50000 14 1.00000
213.7 40.50000 14 1.00000
213.8 40.50000 14 1.00000
213.9 40.50000 14 1.00000
214.0 40.50000 14 1.00000
214.1 40.50000 14 1.00000
214.2 40.50000 14 1.00000
214.3 40.50000 14 1.00000
214.4 40.50000 14 1.00000
214.5 40.50000 14 1.00000
214.6 40.50000 14 1.00000
214.7 40.50000 14 1.00000
214.8 40.50000 14 1.00000
214.9 40.50000 14 1.00000
215.0 40.50000 14 1.00000
215.1 40.50000 14 1.00000
215.2 40.50000 14 1.00000
215.3 40.50000 14 1.00000
215.4 40.50000 14 1.00000
215.5 40.50000 14 1.00000
215.6 40.50000 14 1.00000
215.7 40.50000 14 1.00000
215.8 40.50000 14 1.00000
215.9 40.50000 14 1.00000
216.0 40.50000 14 1.00000
216.1 40.50000 14 1.00000
216.2 40.50000 14 1.00000
216.3 40.50000 14 1.00000
216.4 40.50000 14 1.00000
216.5 40.50000 14 1.00000
216.6 40.50000 14 1.00000
216.7 40.50000 14 1.00000
216.8 40.50000 14 1.00000
216.9 40.50000 14 1.00000
217.0 40.50000 14 1.00000
217.1 40.50000 14 1.00000
217.2 40.50000 14 1.00000
217.3 40.50000 14 1.00000
217.4 40.50000 14 1.00000
217.5 40.50000 14 1.00000
217.6 40.50000 14 1.00000
217.7 40.50000 14 1.00000
217.8 40.50000 14 1.00000
217.9 40.50000 14 1.00000
218.0 40.50000 14 1.00000
218.1 40.50000 14 1.00000
218.2 40.50000 14 1.00000
218.3 40.50000 14 1.00000
218.4 40.50000 14 1.00000
218.5 40.50000 14 1.00000
218.6 40.50000 14 1.00000
218.7 40.50000 14 1.00000
218.8 40.50000 14 1.00000
218.9 40.50000 14 1.00000
219.0 40.50000 14 1.00000
219.1 40.50000 14 1.00000
219.2 40.50000 14 1.00000
219.3 40.50000 14 1.00000
219.4 40.50000 14 1.00000
219.5 40.50000 14 1.00000
219.6 40.50000 14 1.00000
219.7 40.50000 14 1.00000
219.8 40.50000 14 1.00000
219.9 40.50000 14 1.00000
220.0 40.50000 14 1.00000
220.1 40.50000 14 1.00000
220.2 40.50000 14 1.00000
220.3 40.50000 14 1.00000
220.4 40.50000 14 1.00000
220.5 40.50000 14 1.00000
220.6 40.50000 14 1.00000
220.7 40.50000 14 1.00000
220.8 40.50000 14 1.00000
220.9 40.50000 14 1.00000
221.0 40.50000 14 1.00000
221.1 40.50000 14 1.00000
221.2 40.50000 14 1.00000
221.3 40.50000 14 1.00000
221.4 40.50000 14 1.00000
221.5 40.50000 14 1.00000
221.6 40.50000 14 1.00000
221.7 40.50000 14 1.00000
221.8 40.50000 14 1.00000
221.9 40.50000 14 1.00000
222.0 40.50000 14 1.00000
222.1 40.50000 14 1.00000
222.2 40.50000 14 1.00000
222.3 40.50000 14 1.00000
222.4 40.50000 14 1.00000
222.5 40.50000 14 1.00000
222.6 40.50000 14 1.00000
222.7 40.50000 14 1.00000
222.8 40.50000 14 1.00000
222.9 40.50000 14 1.00000
223.0 40.50000 14 1.00000
223.1 40.50000 14 1.00000
223.2 40.50000 14 1.00000
223.3 40.50000 14 1.00000
223.4 40.50000 14 1.00000
223.5 40.50000 14 1.00000
223.6 40.50000 14 1.00000
223.7 40.50000 14 1.00000
223.8 40.50000 14 1.00000
223.9 40.50000 14 1.00000
224.0 40.50000 14 1.00000
224.1 40.50000 14 1.00000
224.2 40.50000 14 1.00000
224.3 40.50000 14 1.00000
224.4 40.50000 14 1.00000
224.5 40.50000 14 1.00000
224.6 40.50000 14 1.00000
224.7 40.50000 14 1.00000
224.8 40.50000 14 1.00000
224.9 40.50000 14 1.00000
225.0 40.50000 14 1.00000
225.1 40.50000 14 1.00000
225.2 40.50000 14 1.00000
225.3 40.50000 14 1.00000
225.4 40.50000 14 1.00000
225.5 40.50000 14 1.00000
225.6 40.50000 14 1.00000
225.7 40.50000 14 1.00000
225.8 40.50000 14 1.00000
225.9 40.50000 14 1.00000
226.0 40.50000 14 1.00000
226.1 40.50000 14 1.00000
226.2 40.50000 14 1.00000
226.3 40.50000 14 1.00000
226.4 40.50000 14 1.00000
226.5 40.50000 14 1.00000
226.6 40.50000 14 1.00000
226.7 40.50000 14 1.00000
226.8 40.50000 14 1.00000
226.9 40.50000 14 1.00000
227.0 40.50000 14 1.00000
227.1 40.50000 14 1.00000
227.2 40.50000 14 1.00000
227.3 40.50000 14 1.00000
227.4 40.50000 14 1.00000
227.5 40.50000 14 1.00000
227.6 40.50000 14 1.00000
227.7 40.50000 14 1.00000
227.8 40.50000 14 1.00000
227.9 40.50000 14 1.00000
228.0 40.50000 14 1.00000
228.1 40.50000 14 1.00000
228.2 40.50000 14 1.00000
228.3 40.50000 14 1.00000
228.4 40.50000 14 1.00000
228.5 40.50000 14 1.00000
228.6 40.50000 14 1.00000
228.7 40.50000 14 1.00000
228.8 40.50000 14 1.00000
228.9 40.50000 14 1.00000
229.0 40.50000 14 1.00000
229.1 40.50000 14 1.00000
229.2 40.50000 14 1.00000
229.3 40.50000 14 1.00000
229.4 40.50000 14 1.00000
229.5 40.50000 14 1.00000
229.6 40.50000 14 1.00000
229.7 40.50000 14 1.00000
229.8 40.50000 14 1.00000
229.9 40.50000 14 1.00000
230.0 40.50000 14 1.00000
230.1 40.50000 14 1.00000
230.2 40.50000 14 1.00000
230.3 40.50000 14 1.00000
230.4 40.50000 14 1.00000
230.5 40.50000 14 1.00000
230.6 40.50000 14 1.00000
230.7 40.50000 14 1.00000
230.8 40.50000 14 1.00000
230.9 40.50000 14 1.00000
231.0 40.50000 14 1.00000
231.1 40.50000 14 1.00000
231.2 40.50000 14 1.00000
231.3 40.50000 14 1.00000
231.4 40.50000 14 1.00000
231.5 40.50000 14 1.00000
231.6 40.50000 14 1.00000
231.7 40.50000 14 1.00000
231.8 40.50000 14 1.00000
231.9 40.50000 14 1.00000
232.0 40.50000 14 1.00000
232.1 40.50000 14 1.00000
232.2 40.50000 14 1.00000
232.3 40.50000 14 1.00000
232.4 40.50000 14 1.00000
232.5 40.50000 14 1.00000
232.6 40.50000 14 1.00000
232.7 40.50000 14 1.00000
232.8 40.50000 14 1.00000
232.9 40.50000 14 1.00000
233.0 40.50000 14 1.00000
233.1 40.50000 14 1.00000
233.2 40.50000 14 1.00000
233.3 40.50000 14 1.00000
233.4 40.50000 14 1.00000
233.5 40.50000 14 1.00000
233.6 40.50000 14 1.00000
233.7 40.50000 14 1.00000
233.8 40.50000 14 1.00000
233.9 40.50000 14 1.00000
234.0 40.50000 14 1.00000
234.1 40.50000 14 1.00000
234.2 40.50000 14 1.00000
234.3 40.50000 14 1.00000
234.4 40.50000 14 1.00000
234.5 40.50000 14 1.00000
234.6 40.50000 14 1.00000
234.7 40.50000 14 1.00000
234.8 40.50000 14 1.00000
234.9 40.50000 14 1.00000
235.0 40.50000 14 1.00000
235.1 40.50000 14 1.00000
235.2 40.50000 14 1.00000
235.3 40.50000 14 1.00000
235.4 40.50000 14 1.00000
235.5 40.50000 14 1.00000
235.6 40.50000 14 1.00000
235.7 40.50000 14 1.00000
235.8 40.50000 14 1.00000
235.9 40.50000 14 1.00000
236.0 40.50000 14 1.00000
236.1 0.00000 15 0.00000
236.2 40.50000 14 1.00000
236.3 40.50000 14 1.00000
236.4 40.50000 14 1.00000
236.5 40.50000 14 1.00000
236.6 0.00000 15 0.00000
236.7 0.00000 15 0.00000
236.8 0.00000 15 0.00000
236.9 40.50000 14 1.00000
237.0 40.50000 14 1.00000
237.1 0.00000 15 0.00000
237.2 0.00000 15 0.00000
237.3 0.00000 15 0.00000
237.4 0.00000 15 0.00000
237.5 0.00000 15 0.00000
237.6 0.00000 15 0.00000
237.7 0.00000 15 0.00000
237.8 0.00000 15 0.00000
237.9 0.00000 15 0.00000
238.0 0.00000 15 0.00000
238.1 0.00000 15 0.00000
238.2 0.00000 15 0.00000
238.3 0.00000 15 0.00000
238.4 0.00000 15 0.00000
238.5 0.00000 15 0.00000
238.6 0.00000 15 0.00000
238.7 0.00000 15 0.00000
238.8 0.00000 15 0.00000
238.9 0.00000 15 0.00000
239.0 0.00000 15 0.00000
239.1 0.00000 15 0.00000
239.2 0.00000 15 0.00000
239.3 0.00000 15 0.00000
239.4 0.00000 15 0.00000
239.5 0.00000 15 0.00000
239.6 0.00000 15 0.00000
239.7 0.00000 15 0.00000
239.8 0.00000 15 0.00000
239.9 0.00000 15 0.00000
240.0 0.00000 15 0.00000
240.1 0.00000 15 0.00000
240.2 0.00000 15 0.00000
240.3 0.00000 15 0.00000
240.4 0.00000 15 0.00000
240.5 0.00000 15 0.00000
240.6 0.00000 15 0.00000
240.7 0.00000 15 0.00000
240.8 0.00000 15 0.00000
240.9 0.00000 15 0.00000
241.0 0.00000 15 0.00000
241.1 0.00000 15 0.00000
241.2 0.00000 15 0.00000
241.3 0.00000 15 0.00000
241.4 0.00000 15 0.00000
241.5 0.00000 15 0.00000
241.6 0.00000 15 0.00000
241.7 0.00000 15 0.00000
241.8 0.00000 15 0.00000
241.9 0.00000 15 0.00000
242.0 0.00000 15 0.00000
242.1 0.00000 15 0.00000
242.2 0.00000 15 0.00000
242.3 0.00000 15 0.00000
242.4 0.00000 15 0.00000
242.5 0.00000 15 0.00000
242.6 0.00000 15 0.00000
242.7 0.00000 15 0.00000
242.8 0.00000 15 0.00000
242.9 0.00000 15 0.00000
243.0 0.00000 15 0.00000
243.1 0.00000 15 0.00000
243.2 0.00000 15 0.00000
243.3 0.00000 15 0.00000
243.4 0.00000 15 0.00000
243.5 0.00000 15 0.00000
243.6 0.00000 15 0.00000
243.7 0.00000 15 0.00000
243.8 0.00000 15 0.00000
243.9 0.00000 15 0.00000
244.0 0.00000 15 0.00000
244.1 0.00000 15 0.00000
244.2 0.00000 15 0.00000
244.3 0.00000 15 0.00000
244.4 0.00000 15 0.00000
244.5 0.00000 15 0.00000
244.6 0.00000 15 0.00000
244.7 0.00000 15 0.00000
244.8 0.00000 15 0.00000
244.9 0.00000 15 0.00000
245.0 0.00000 15 0.00000
245.1 0.00000 15 0.00000
245.2 0.00000 15 0.00000
245.3 0.00000 15 0.00000
245.4 0.00000 15 0.00000
245.5 0.00000 15 0.00000
245.6 0.00000 15 0.00000
245.7 0.00000 15 0.00000
245.8 0.00000 15 0.00000
245.9 0.00000 15 0.00000
246.0 0.00000 15 0.00000
246.1 0.00000 15 0.00000
246.2 0.00000 15 0.00000
246.3 0.00000 15 0.00000
246.4 0.00000 15 0.00000
246.5 0.00000 15 0.00000
246.6 0.00000 15 0.00000
246.7 0.00000 15 0.00000
246.8 0.00000 15 0.00000
246.9 0.00000 15 0.00000
247.0 0.00000 15 0.00000
247.1 0.00000 15 0.00000
247.2 0.00000 15 0.00000
247.3 0.00000 15 0.00000
247.4 0.00000 15 0.00000
247.5 0.00000 15 0.00000
247.6 0.00000 15 0.00000
247.7 0.00000 15 0.00000
247.8 0.00000 15 0.00000
247.9 0.00000 15 0.00000
248.0 0.00000 15 0.00000
248.1 0.00000 15 0.00000
248.2 0.00000 15 0.00000
248.3 0.00000 15 0.00000
248.4 0.00000 15 0.00000
248.5 0.00000 15 0.00000
248.6 0.00000 15 0.00000
248.7 0.00000 15 0.00000
248.8 0.00000 15 0.00000
248.9 0.00000 15 0.00000
249.0 0.00000 15 0.00000
249.1 0.00000 15 0.00000
249.2 0.00000 15 0.00000
249.3 0.00000 15 0.00000
249.4 0.00000 15 0.00000
249.5 0.00000 15 0.00000
249.6 0.00000 15 0.00000
249.7 0.00000 15 0.00000
249.8 0.00000 15 0.00000
249.9 0.00000 15 0.00000
250.0 0.00000 15 0.00000
