15.0 1.44970 13 0.04467
15.1 1.45725 13 0.04503
15.2 1.46480 13 0.04538
15.3 1.47234 13 0.04573
15.4 1.47989 13 0.04608
15.5 1.48743 13 0.04642
15.6 1.49498 13 0.04676
15.7 1.50252 13 0.04709
15.8 1.51006 13 0.04743
15.9 1.51760 13 0.04775
16.0 1.52514 13 0.04808
16.1 1.53268 13 0.04840
16.2 1.54021 13 0.04871
16.3 1.54775 13 0.04902
16.4 1.55528 13 0.04933
16.5 1.56281 13 0.04964
16.6 1.57034 13 0.04994
16.7 1.57787 13 0.05024
16.8 1.58540 13 0.05047
16.9 1.59293 13 0.05077
17.0 1.60045 13 0.05106
17.1 1.60797 13 0.05134
17.2 1.61550 13 0.05163
17.3 1.62302 13 0.05191
17.4 1.63054 13 0.05218
17.5 1.63805 13 0.05246
17.6 1.64557 13 0.05273
17.7 1.65308 13 0.05300
17.8 1.66059 13 0.05326
17.9 1.66810 13 0.05353
18.0 1.67561 13 0.05379
18.1 1.68312 13 0.05405
18.2 1.69062 13 0.05430
18.3 1.69813 13 0.05455
18.4 1.70563 13 0.05480
18.5 1.71715 13 0.05536
18.6 1.72942 13 0.05596
18.7 1.74178 13 0.05657
18.8 1.75424 13 0.05718
18.9 1.76679 13 0.05779
19.0 1.77943 13 0.05840
19.1 1.79217 13 0.05902
19.2 1.80501 13 0.05964
19.3 1.81794 13 0.06026
19.4 1.83097 13 0.06088
19.5 1.84410 13 0.06150
19.6 1.85733 13 0.06213
19.7 1.87065 13 0.06276
19.8 1.88408 13 0.06339
19.9 1.89761 13 0.06402
20.0 1.91123 13 0.06466
20.1 17.48040 14 1.00000
20.2 17.56281 14 1.00000
20.3 17.64518 14 1.00000
20.4 17.72749 14 1.00000
20.5 17.80979 14 1.00000
20.6 17.89209 14 1.00000
20.7 17.97434 14 1.00000
20.8 18.05653 14 1.00000
20.9 18.16876 14 1.00000
21.0 18.25120 14 1.00000
21.1 18.33359 14 1.00000
21.2 18.41593 14 1.00000
21.3 18.49822 14 1.00000
21.4 18.58047 14 1.00000
21.5 18.66267 14 1.00000
21.6 18.74482 14 1.00000
21.7 18.82692 14 1.00000
21.8 18.90897 14 1.00000
21.9 18.99097 14 1.00000
22.0 19.07293 14 1.00000
22.1 19.15483 14 1.00000
22.2 19.23669 14 1.00000
22.3 19.31850 14 1.00000
22.4 19.40019 14 1.00000
22.5 19.44611 14 1.00000
22.6 19.52744 14 1.00000
22.7 19.60875 14 1.00000
22.8 19.69000 14 1.00000
22.9 19.77069 14 1.00000
23.0 5.52096 14 0.24383
23.1 5.63584 14 0.24883
23.2 5.75227 14 0.25388
23.3 5.87027 14 0.25896
23.4 5.98856 14 0.26452
23.5 6.10937 14 0.26969
23.6 6.23175 14 0.27488
23.7 6.35571 14 0.28012
23.8 6.48126 14 0.28540
23.9 6.60839 14 0.29071
24.0 6.73710 14 0.29606
24.1 6.86733 14 0.30146
24.2 6.99918 14 0.30690
24.3 7.12842 14 0.31278
24.4 7.26314 14 0.31828
24.5 7.39938 14 0.32383
24.6 7.53721 14 0.32941
24.7 7.67677 14 0.33503
24.8 7.81784 14 0.34068
24.9 7.96051 14 0.34638
25.0 8.10480 14 0.35211
25.1 8.25068 14 0.35788
25.2 8.39065 14 0.36406
25.3 8.53934 14 0.36990
25.4 8.68952 14 0.37578
25.5 8.84134 14 0.38170
25.6 8.99520 14 0.38764
25.7 9.15042 14 0.39362
25.8 9.30729 14 0.39964
25.9 9.46567 14 0.40570
26.0 9.62563 14 0.41180
26.1 9.77594 14 0.41827
26.2 9.93867 14 0.42443
26.3 10.10303 14 0.43063
26.4 10.26903 14 0.43687
26.5 10.43759 14 0.44312
26.6 10.60698 14 0.44943
26.7 10.77794 14 0.45577
26.8 10.95037 14 0.46215
26.9 11.12450 14 0.46856
27.0 11.28502 14 0.47530
27.1 11.46205 14 0.48178
27.2 11.64074 14 0.48829
27.3 11.82109 14 0.49484
27.4 12.00310 14 0.50142
27.5 12.18784 14 0.50802
27.6 12.37292 14 0.51467
27.7 12.55979 14 0.52136
27.8 12.74831 14 0.52808
27.9 12.91858 14 0.53509
28.0 13.11000 14 0.54187
28.1 13.30304 14 0.54869
28.2 13.49764 14 0.55554
28.3 13.69389 14 0.56243
28.4 13.89329 14 0.56934
28.5 14.09291 14 0.57629
28.6 14.29420 14 0.58328
28.7 14.49717 14 0.59030
28.8 14.70179 14 0.59736
28.9 14.88238 14 0.60466
29.0 15.08976 14 0.61178
29.1 15.29880 14 0.61893
29.2 15.50954 14 0.62612
29.3 15.72153 14 0.63334
29.4 15.93780 14 0.64058
29.5 16.15352 14 0.64786
29.6 16.37096 14 0.65518
29.7 16.59000 14 0.66254
29.8 16.77905 14 0.67010
29.9 17.00089 14 0.67752
30.0 17.22441 14 0.68497
30.1 17.44968 14 0.69245
30.2 17.67610 14 0.69997
30.3 17.90525 14 0.70751
30.4 18.13739 14 0.71508
30.5 18.36926 14 0.72270
30.6 18.60275 14 0.73035
30.7 18.83797 14 0.73803
30.8 19.03577 14 0.74588
30.9 19.27382 14 0.75362
31.0 19.51357 14 0.76140
31.1 19.75453 14 0.76921
31.2 19.99732 14 0.77705
31.3 20.24502 14 0.78492
31.4 20.49126 14 0.79282
31.5 20.73921 14 0.80077
31.6 20.98892 14 0.80874
31.7 21.19334 14 0.81685
31.8 21.44581 14 0.82488
31.9 21.69996 14 0.83295
32.0 21.95580 14 0.84105
32.1 22.21271 14 0.84918
32.2 22.47120 14 0.85735
32.3 22.73574 14 0.86555
32.4 22.99805 14 0.87378
32.5 23.26209 14 0.88204
32.6 23.52788 14 0.89034
32.7 23.73873 14 0.89873
32.8 24.00709 14 0.90709
32.9 24.27710 14 0.91548
33.0 24.54879 14 0.92391
33.1 24.82197 14 0.93237
33.2 25.09595 14 0.94086
33.3 25.37750 14 0.94938
33.4 25.65574 14 0.95794
33.5 25.93568 14 0.96653
33.6 26.21722 14 0.97515
33.7 26.43266 14 0.98382
33.8 26.71678 14 0.99251
33.9 26.97047 14 1.00000
34.0 27.02897 14 1.00000
34.1 27.08728 14 1.00000
34.2 27.14537 14 1.00000
34.3 27.20907 14 1.00000
34.4 27.26653 14 1.00000
34.5 27.32362 14 1.00000
34.6 27.38069 14 1.00000
34.7 27.36342 14 1.00000
34.8 27.41984 14 1.00000
34.9 27.47587 14 1.00000
35.0 27.40100 14 1.00000
35.1 27.45692 14 1.00000
35.2 27.51282 14 1.00000
35.3 27.57567 14 1.00000
35.4 27.48768 14 1.00000
35.5 27.54252 14 1.00000
35.6 27.51773 14 1.00000
35.7 27.57237 14 1.00000
35.8 27.62671 14 1.00000
35.9 27.53566 14 1.00000
36.0 27.58997 14 1.00000
36.1 27.64394 14 1.00000
36.2 27.69791 14 1.00000
36.3 27.75441 14 1.00000
36.4 26.06689 14 1.00000
36.5 24.73161 14 1.00000
36.6 22.01706 14 1.00000
36.7 20.69596 14 1.00000
36.8 18.08335 14 1.00000
36.9 15.48375 14 1.00000
37.0 14.18927 14 1.00000
37.1 13.71864 14 1.00000
37.2 13.68277 14 1.00000
37.3 13.69732 14 1.00000
37.4 13.67730 14 1.00000
37.5 13.55001 14 1.00000
37.6 13.53592 14 1.00000
37.7 13.49203 14 1.00000
37.8 13.45966 14 1.00000
37.9 13.40217 14 1.00000
38.0 13.38081 14 1.00000
38.1 13.33186 14 1.00000
38.2 13.34411 14 1.00000
38.3 13.35837 14 1.00000
38.4 13.24658 14 1.00000
38.5 13.27588 14 1.00000
38.6 13.30985 14 1.00000
38.7 13.33628 14 1.00000
38.8 13.37223 14 1.00000
38.9 13.40585 14 1.00000
39.0 13.43978 14 1.00000
39.1 13.47351 14 1.00000
39.2 13.50710 14 1.00000
39.3 13.53556 14 1.00000
39.4 13.56946 14 1.00000
39.5 13.60323 14 1.00000
39.6 13.63691 14 1.00000
39.7 13.67020 14 1.00000
39.8 13.69886 14 1.00000
39.9 13.73268 14 1.00000
40.0 13.76645 14 1.00000
40.1 13.79987 14 1.00000
40.2 13.83295 14 1.00000
40.3 13.86196 14 1.00000
40.4 13.89569 14 1.00000
40.5 13.92924 14 1.00000
40.6 13.96233 14 1.00000
40.7 13.99519 14 1.00000
40.8 14.02472 14 1.00000
40.9 14.05833 14 1.00000
41.0 14.09160 14 1.00000
41.1 14.12448 14 1.00000
41.2 14.15357 14 1.00000
41.3 14.18721 14 1.00000
41.4 14.22054 14 1.00000
41.5 14.25345 14 1.00000
41.6 14.28224 14 1.00000
41.7 14.31576 14 1.00000
41.8 14.34380 14 1.00000
41.9 14.37681 14 1.00000
42.0 14.41058 14 1.00000
42.1 14.43596 14 1.00000
42.2 14.47208 14 1.00000
42.3 14.38901 14 1.00000
42.4 14.37836 14 1.00000
42.5 14.38695 14 1.00000
42.6 14.27647 14 1.00000
42.7 14.31101 14 1.00000
42.8 14.47609 14 1.00000
42.9 14.50990 14 1.00000
43.0 14.54538 14 1.00000
43.1 14.58252 14 1.00000
43.2 14.61350 14 1.00000
43.3 14.64545 14 1.00000
43.4 14.67774 14 1.00000
43.5 14.70977 14 1.00000
43.6 14.74156 14 1.00000
43.7 14.77285 14 1.00000
43.8 14.80352 14 1.00000
43.9 14.83947 14 1.00000
44.0 14.88407 14 1.00000
44.1 14.92869 14 1.00000
44.2 15.07838 14 1.00000
44.3 15.11531 14 1.00000
44.4 15.15022 14 1.00000
44.5 15.18209 14 1.00000
44.6 15.21474 14 1.00000
44.7 15.24723 14 1.00000
44.8 15.27961 14 1.00000
44.9 15.31146 14 1.00000
45.0 15.34299 14 1.00000
45.1 15.37405 14 1.00000
45.2 15.41584 14 1.00000
45.3 15.46072 14 1.00000
45.4 15.50564 14 1.00000
45.5 15.56940 14 1.00000
45.6 15.69433 14 1.00000
45.7 15.73124 14 1.00000
45.8 15.76301 14 1.00000
45.9 15.79602 14 1.00000
46.0 15.82899 14 1.00000
46.1 15.86179 14 1.00000
46.2 15.89415 14 1.00000
46.3 15.92592 14 1.00000
46.4 15.95718 14 1.00000
46.5 15.99562 14 1.00000
46.6 16.04078 14 1.00000
46.7 16.08595 14 1.00000
46.8 16.14701 14 1.00000
46.9 16.20963 14 1.00000
47.0 16.31944 14 1.00000
47.1 16.35600 14 1.00000
47.2 16.38977 14 1.00000
47.3 16.42295 14 1.00000
47.4 16.45648 14 1.00000
47.5 16.48965 14 1.00000
47.6 16.52230 14 1.00000
47.7 16.55427 14 1.00000
47.8 16.58574 14 1.00000
47.9 16.62403 14 1.00000
48.0 16.66946 14 1.00000
48.1 16.74722 14 1.00000
48.2 16.80461 14 1.00000
48.3 16.85631 14 1.00000
48.4 16.90299 14 1.00000
48.5 16.99294 14 1.00000
48.6 17.02953 14 1.00000
48.7 17.06214 14 1.00000
48.8 17.09630 14 1.00000
48.9 17.12987 14 1.00000
49.0 17.16299 14 1.00000
49.1 17.19576 14 1.00000
49.2 17.22793 14 1.00000
49.3 17.25959 14 1.00000
49.4 17.29998 14 1.00000
49.5 17.34653 14 1.00000
49.6 17.42515 14 1.00000
49.7 17.48282 14 1.00000
49.8 17.53500 14 1.00000
49.9 17.58267 14 1.00000
50.0 17.62657 14 1.00000
50.1 17.71353 14 1.00000
50.2 17.74825 14 1.00000
50.3 17.78235 14 1.00000
50.4 17.81624 14 1.00000
50.5 17.84999 14 1.00000
50.6 17.88364 14 1.00000
50.7 17.91636 14 1.00000
50.8 17.94845 14 1.00000
50.9 17.98110 14 1.00000
51.0 18.02477 14 1.00000
51.1 18.07429 14 1.00000
51.2 18.15355 14 1.00000
51.3 18.21121 14 1.00000
51.4 18.26355 14 1.00000
51.5 18.31177 14 1.00000
51.6 18.35644 14 1.00000
51.7 18.44814 14 1.00000
51.8 18.48289 14 1.00000
51.9 18.51706 14 1.00000
52.0 18.55294 14 1.00000
52.1 18.58589 14 1.00000
52.2 18.62634 14 1.00000
52.3 18.65902 14 1.00000
52.4 18.70259 14 1.00000
52.5 18.73353 14 1.00000
52.6 18.78198 14 1.00000
52.7 18.81031 14 1.00000
52.8 18.86200 14 1.00000
52.9 18.90960 14 1.00000
53.0 18.94247 14 1.00000
53.1 18.99651 14 1.00000
53.2 19.02790 14 1.00000
53.3 19.08010 14 1.00000
53.4 19.11977 14 1.00000
53.5 19.16601 14 1.00000
53.6 19.22194 14 1.00000
53.7 19.25714 14 1.00000
53.8 19.30811 14 1.00000
53.9 19.34949 14 1.00000
54.0 19.39458 14 1.00000
54.1 19.45396 14 1.00000
54.2 19.48670 14 1.00000
54.3 19.53732 14 1.00000
54.4 19.60127 14 1.00000
54.5 19.62437 14 1.00000
54.6 19.68276 14 1.00000
54.7 19.75043 14 1.00000
54.8 19.76221 14 1.00000
54.9 19.82965 14 1.00000
55.0 19.89657 14 1.00000
55.1 19.90398 14 1.00000
55.2 19.97393 14 1.00000
55.3 20.04261 14 1.00000
55.4 20.04478 14 1.00000
55.5 20.11662 14 1.00000
55.6 20.18549 14 1.00000
55.7 20.18356 14 1.00000
55.8 20.25761 14 1.00000
55.9 20.32544 14 1.00000
56.0 20.39547 14 1.00000
56.1 20.39305 14 1.00000
56.2 20.46442 14 1.00000
56.3 20.53426 14 1.00000
56.4 20.60178 14 1.00000
56.5 20.59950 14 1.00000
56.6 20.66806 14 1.00000
56.7 20.73660 14 1.00000
56.8 20.73638 14 1.00000
56.9 20.80093 14 1.00000
57.0 20.87059 14 1.00000
57.1 20.94027 14 1.00000
57.2 20.96229 14 1.00000
57.3 20.99853 14 1.00000
57.4 21.06733 14 1.00000
57.5 21.13754 14 1.00000
57.6 21.12619 14 1.00000
57.7 21.19264 14 1.00000
57.8 21.25973 14 1.00000
57.9 21.26325 14 1.00000
58.0 21.31142 14 1.00000
58.1 21.38052 14 1.00000
58.2 21.45122 14 1.00000
58.3 21.45062 14 1.00000
58.4 21.49714 14 1.00000
58.5 21.52885 14 1.00000
58.6 21.63474 14 1.00000
58.7 21.63609 14 1.00000
58.8 21.68450 14 1.00000
58.9 21.71893 14 1.00000
59.0 21.71503 14 1.00000
59.1 21.88377 14 1.00000
59.2 21.87214 14 1.00000
59.3 21.91220 14 1.00000
59.4 21.93645 14 1.00000
59.5 21.94009 14 1.00000
59.6 22.05493 14 1.00000
59.7 22.10510 14 1.00000
59.8 22.14051 14 1.00000
59.9 22.13758 14 1.00000
60.0 22.17317 14 1.00000
60.1 22.27989 14 1.00000
60.2 22.33832 14 1.00000
60.3 22.37472 14 1.00000
60.4 22.36991 14 1.00000
60.5 22.40673 14 1.00000
60.6 22.45705 14 1.00000
60.7 22.57298 14 1.00000
60.8 22.61360 14 1.00000
60.9 22.63734 14 1.00000
61.0 22.64074 14 1.00000
61.1 22.68692 14 1.00000
61.2 22.75441 14 1.00000
61.3 22.85413 14 1.00000
61.4 22.88912 14 1.00000
61.5 22.88447 14 1.00000
61.6 22.92150 14 1.00000
61.7 22.96832 14 1.00000
61.8 23.04119 14 1.00000
61.9 23.11770 14 1.00000
62.0 23.17111 14 1.00000
62.1 23.16569 14 1.00000
62.2 23.20292 14 1.00000
62.3 23.24927 14 1.00000
62.4 23.31465 14 1.00000
62.5 23.39271 14 1.00000
62.6 23.44362 14 1.00000
62.7 23.48717 14 1.00000
62.8 23.48489 14 1.00000
62.9 23.53136 14 1.00000
63.0 23.57850 14 1.00000
63.1 23.65298 14 1.00000
63.2 23.72982 14 1.00000
63.3 23.80188 14 1.00000
63.4 23.81788 14 1.00000
63.5 23.81401 14 1.00000
63.6 23.86057 14 1.00000
63.7 23.90708 14 1.00000
63.8 23.97669 14 1.00000
63.9 24.05078 14 1.00000
64.0 24.12436 14 1.00000
64.1 24.15679 14 1.00000
64.2 24.18356 14 1.00000
64.3 24.19054 14 1.00000
64.4 24.23720 14 1.00000
64.5 24.28381 14 1.00000
64.6 24.35806 14 1.00000
64.7 24.43203 14 1.00000
64.8 24.50468 14 1.00000
64.9 24.57440 14 1.00000
65.0 24.56828 14 1.00000
65.1 24.56796 14 1.00000
65.2 24.61472 14 1.00000
65.3 24.66143 14 1.00000
65.4 24.71561 14 1.00000
65.5 24.79448 14 1.00000
65.6 24.86703 14 1.00000
65.7 24.93556 14 1.00000
65.8 24.96100 14 1.00000
65.9 24.99389 14 1.00000
66.0 24.99311 14 1.00000
66.1 25.03998 14 1.00000
66.2 25.08681 14 1.00000
66.3 25.13366 14 1.00000
66.4 25.20749 14 1.00000
66.5 25.28045 14 1.00000
66.6 25.35161 14 1.00000
66.7 25.42125 14 1.00000
66.8 25.43616 14 1.00000
66.9 25.46572 14 1.00000
67.0 25.46630 14 1.00000
67.1 25.51325 14 1.00000
67.2 25.56022 14 1.00000
67.3 25.60625 14 1.00000
67.4 25.67030 14 1.00000
67.5 25.74673 14 1.00000
67.6 25.81702 14 1.00000
67.7 25.88701 14 1.00000
67.8 25.83049 14 1.00000
67.9 25.92661 14 1.00000
68.0 25.92099 14 1.00000
68.1 25.96544 14 1.00000
68.2 26.00986 14 1.00000
68.3 26.05434 14 1.00000
68.4 26.11970 14 1.00000
68.5 26.19564 14 1.00000
68.6 26.26110 14 1.00000
68.7 26.33162 14 1.00000
68.8 26.39916 14 1.00000
68.9 26.32511 14 1.00000
69.0 26.41818 14 1.00000
69.1 26.41546 14 1.00000
69.2 26.46014 14 1.00000
69.3 26.50479 14 1.00000
69.4 26.54951 14 1.00000
69.5 26.61212 14 1.00000
69.6 26.68542 14 1.00000
69.7 26.75542 14 1.00000
69.8 26.82324 14 1.00000
69.9 26.88807 14 1.00000
70.0 26.95506 14 1.00000
70.1 26.86930 14 1.00000
70.2 26.96756 14 1.00000
70.3 26.95977 14 1.00000
70.4 27.00270 14 1.00000
70.5 27.04762 14 1.00000
70.6 27.09259 14 1.00000
70.7 27.14309 14 1.00000
70.8 27.21432 14 1.00000
70.9 27.28510 14 1.00000
71.0 27.34901 14 1.00000
71.1 27.41500 14 1.00000
71.2 27.48228 14 1.00000
71.3 27.49900 14 1.00000
71.4 27.54334 14 1.00000
71.5 27.57738 14 1.00000
71.6 27.57624 14 1.00000
71.7 27.59918 14 1.00000
71.8 27.63917 14 1.00000
71.9 27.68440 14 1.00000
72.0 27.72967 14 1.00000
72.1 27.77809 14 1.00000
72.2 27.84382 14 1.00000
72.3 27.91539 14 1.00000
72.4 27.97856 14 1.00000
72.5 28.04445 14 1.00000
72.6 28.10386 14 1.00000
72.7 28.04962 14 1.00000
72.8 28.19472 14 1.00000
72.9 28.24181 14 1.00000
73.0 28.28097 14 1.00000
73.1 28.32063 14 1.00000
73.2 28.35085 14 1.00000
73.3 28.34942 14 1.00000
73.4 28.37329 14 1.00000
73.5 28.41711 14 1.00000
73.6 28.46270 14 1.00000
73.7 28.50833 14 1.00000
73.8 28.56046 14 1.00000
73.9 28.62833 14 1.00000
74.0 28.69719 14 1.00000
74.1 28.75380 14 1.00000
74.2 28.81589 14 1.00000
74.3 28.78448 14 1.00000
74.4 29.02007 14 1.00000
74.5 28.97620 14 1.00000
74.6 29.02627 14 1.00000
74.7 29.07447 14 1.00000
74.8 29.12024 14 1.00000
74.9 29.16567 14 1.00000
75.0 29.20644 14 1.00000
75.1 29.24454 14 1.00000
75.2 29.25285 14 1.00000
75.3 29.28100 14 1.00000
75.4 29.30327 14 1.00000
75.5 29.33995 14 1.00000
75.6 29.38597 14 1.00000
75.7 29.43205 14 1.00000
75.8 29.48070 14 1.00000
75.9 29.54192 14 1.00000
76.0 29.57507 14 1.00000
76.1 29.77071 14 1.00000
76.2 29.80797 14 1.00000
76.3 29.86611 14 1.00000
76.4 29.92089 14 1.00000
76.5 29.97271 14 1.00000
76.6 30.03650 14 1.00000
76.7 30.10292 14 1.00000
76.8 30.04696 14 1.00000
76.9 30.10753 14 1.00000
77.0 30.15443 14 1.00000
77.1 30.20079 14 1.00000
77.2 30.24860 14 1.00000
77.3 30.29388 14 1.00000
77.4 30.33333 14 1.00000
77.5 30.37143 14 1.00000
77.6 30.38639 14 1.00000
77.7 30.47898 14 1.00000
77.8 30.51234 14 1.00000
77.9 30.46152 14 1.00000
78.0 30.52108 14 1.00000
78.1 30.58555 14 1.00000
78.2 30.65053 14 1.00000
78.3 30.71202 14 1.00000
78.4 30.76854 14 1.00000
78.5 30.82770 14 1.00000
78.6 30.88888 14 1.00000
78.7 30.94684 14 1.00000
78.8 31.00135 14 1.00000
78.9 31.06157 14 1.00000
79.0 31.11880 14 1.00000
79.1 31.17360 14 1.00000
79.2 31.23098 14 1.00000
79.3 31.28893 14 1.00000
79.4 31.34265 14 1.00000
79.5 31.40270 14 1.00000
79.6 31.45430 14 1.00000
79.7 31.41922 14 1.00000
79.8 31.47469 14 1.00000
79.9 31.52262 14 1.00000
80.0 31.57177 14 1.00000
80.1 31.63959 14 1.00000
80.2 31.59368 14 1.00000
80.3 31.67796 14 1.00000
80.4 31.71740 14 1.00000
80.5 31.75620 14 1.00000
80.6 31.80038 14 1.00000
80.7 31.83961 14 1.00000
80.8 31.87506 14 1.00000
80.9 31.90751 14 1.00000
81.0 31.93768 14 1.00000
81.1 31.97237 14 1.00000
81.2 32.01431 14 1.00000
81.3 32.06164 14 1.00000
81.4 32.10899 14 1.00000
81.5 32.15638 14 1.00000
81.6 32.20790 14 1.00000
81.7 32.26062 14 1.00000
81.8 32.31757 14 1.00000
81.9 32.37283 14 1.00000
82.0 32.40254 14 1.00000
82.1 32.44246 14 1.00000
82.2 32.54193 14 1.00000
82.3 32.66715 14 1.00000
82.4 32.72712 14 1.00000
82.5 32.77893 14 1.00000
82.6 32.83421 14 1.00000
82.7 32.88876 14 1.00000
82.8 32.94283 14 1.00000
82.9 32.99686 14 1.00000
83.0 33.05067 14 1.00000
83.1 33.10473 14 1.00000
83.2 33.15565 14 1.00000
83.3 33.20806 14 1.00000
83.4 33.26249 14 1.00000
83.5 33.31370 14 1.00000
83.6 33.37228 14 1.00000
83.7 33.34013 14 1.00000
83.8 33.39279 14 1.00000
83.9 33.43756 14 1.00000
84.0 33.49738 14 1.00000
84.1 33.54607 14 1.00000
84.2 33.58934 14 1.00000
84.3 33.64777 14 1.00000
84.4 33.70047 14 1.00000
84.5 33.74858 14 1.00000
84.6 33.79547 14 1.00000
84.7 33.83584 14 1.00000
84.8 33.88462 14 1.00000
84.9 33.93775 14 1.00000
85.0 33.98699 14 1.00000
85.1 34.03473 14 1.00000
85.2 34.07872 14 1.00000
85.3 34.12732 14 1.00000
85.4 34.18423 14 1.00000
85.5 34.22422 14 1.00000
85.6 34.28332 14 1.00000
85.7 34.36478 14 1.00000
85.8 34.23344 14 1.00000
85.9 34.36946 14 1.00000
86.0 34.42298 14 1.00000
86.1 34.47179 14 1.00000
86.2 34.52075 14 1.00000
86.3 34.56593 14 1.00000
86.4 34.61013 14 1.00000
86.5 34.65258 14 1.00000
86.6 34.69473 14 1.00000
86.7 34.74007 14 1.00000
86.8 34.79126 14 1.00000
86.9 34.83858 14 1.00000
87.0 34.88622 14 1.00000
87.1 34.93274 14 1.00000
87.2 34.97912 14 1.00000
87.3 35.02493 14 1.00000
87.4 35.07159 14 1.00000
87.5 35.11762 14 1.00000
87.6 35.16442 14 1.00000
87.7 35.26134 14 1.00000
87.8 35.36838 14 1.00000
87.9 35.25335 14 1.00000
88.0 35.30284 14 1.00000
88.1 35.35290 14 1.00000
88.2 35.40269 14 1.00000
88.3 35.45295 14 1.00000
88.4 35.50459 14 1.00000
88.5 35.55454 14 1.00000
88.6 35.60400 14 1.00000
88.7 35.65390 14 1.00000
88.8 35.70370 14 1.00000
88.9 35.75294 14 1.00000
89.0 35.80215 14 1.00000
89.1 35.85583 14 1.00000
89.2 35.91075 14 1.00000
89.3 35.96480 14 1.00000
89.4 36.01899 14 1.00000
89.5 36.07323 14 1.00000
89.6 36.12696 14 1.00000
89.7 36.18038 14 1.00000
89.8 36.23368 14 1.00000
89.9 36.28677 14 1.00000
90.0 36.33993 14 1.00000
90.1 36.39261 14 1.00000
90.2 36.44536 14 1.00000
90.3 36.49764 14 1.00000
90.4 36.55001 14 1.00000
90.5 36.60194 14 1.00000
90.6 36.65371 14 1.00000
90.7 36.70557 14 1.00000
90.8 36.75649 14 1.00000
90.9 36.80807 14 1.00000
91.0 36.85920 14 1.00000
91.1 36.90954 14 1.00000
91.2 36.95974 14 1.00000
91.3 37.01001 14 1.00000
91.4 37.06016 14 1.00000
91.5 37.11028 14 1.00000
91.6 37.16047 14 1.00000
91.7 37.21054 14 1.00000
91.8 37.26069 14 1.00000
91.9 37.31065 14 1.00000
92.0 37.36067 14 1.00000
92.1 37.41066 14 1.00000
92.2 37.46065 14 1.00000
92.3 37.51052 14 1.00000
92.4 37.56047 14 1.00000
92.5 37.61030 14 1.00000
92.6 37.66029 14 1.00000
92.7 37.71019 14 1.00000
92.8 37.75996 14 1.00000
92.9 37.80988 14 1.00000
93.0 37.85961 14 1.00000
93.1 37.90942 14 1.00000
93.2 37.95831 14 1.00000
93.3 38.00720 14 1.00000
93.4 38.05559 14 1.00000
93.5 38.10424 14 1.00000
93.6 38.15248 14 1.00000
93.7 38.20095 14 1.00000
93.8 38.24889 14 1.00000
93.9 38.29748 14 1.00000
94.0 38.32880 14 1.00000
94.1 38.35039 14 1.00000
94.2 38.41382 14 1.00000
94.3 38.54094 14 1.00000
94.4 38.63763 14 1.00000
94.5 38.72906 14 1.00000
94.6 38.83666 14 1.00000
94.7 38.71658 14 1.00000
94.8 38.76450 14 1.00000
94.9 38.81093 14 1.00000
95.0 38.85759 14 1.00000
95.1 38.90366 14 1.00000
95.2 38.95010 14 1.00000
95.3 38.99647 14 1.00000
95.4 39.04185 14 1.00000
95.5 39.08858 14 1.00000
95.6 39.13446 14 1.00000
95.7 39.18048 14 1.00000
95.8 39.22609 14 1.00000
95.9 39.27184 14 1.00000
96.0 39.31739 14 1.00000
96.1 39.36292 14 1.00000
96.2 39.40805 14 1.00000
96.3 39.45353 14 1.00000
96.4 39.49993 14 1.00000
96.5 39.56318 14 1.00000
96.6 39.62703 14 1.00000
96.7 39.69001 14 1.00000
96.8 39.75312 14 1.00000
96.9 39.81545 14 1.00000
97.0 39.87833 14 1.00000
97.1 39.95938 14 1.00000
97.2 40.00431 14 1.00000
97.3 40.08043 14 1.00000
97.4 40.09420 14 1.00000
97.5 40.13914 14 1.00000
97.6 40.18409 14 1.00000
97.7 40.22904 14 1.00000
97.8 40.28222 14 1.00000
97.9 40.33477 14 1.00000
98.0 40.38649 14 1.00000
98.1 40.43768 14 1.00000
98.2 40.48854 14 1.00000
98.3 40.53916 14 1.00000
98.4 40.50000 14 1.00000
98.5 40.50000 14 1.00000
98.6 40.50000 14 1.00000
98.7 40.50000 14 1.00000
98.8 40.50000 14 1.00000
98.9 40.50000 14 1.00000
99.0 40.50000 14 1.00000
99.1 40.50000 14 1.00000
99.2 40.50000 14 1.00000
99.3 40.50000 14 1.00000
99.4 40.50000 14 1.00000
99.5 40.50000 14 1.00000
99.6 40.50000 14 1.00000
99.7 40.50000 14 1.00000
99.8 40.50000 14 1.00000
99.9 40.50000 14 1.00000
100.0 40.50000 14 1.00000
100.1 40.50000 14 1.00000
100.2 40.50000 14 1.00000
100.3 40.50000 14 1.00000
100.4 40.50000 14 1.00000
100.5 40.50000 14 1.00000
100.6 40.50000 14 1.00000
100.7 40.50000 14 1.00000
100.8 40.50000 14 1.00000
100.9 40.50000 14 1.00000
101.0 40.50000 14 1.00000
101.1 40.50000 14 1.00000
101.2 40.50000 14 1.00000
101.3 40.50000 14 1.00000
101.4 40.50000 14 1.00000
101.5 40.50000 14 1.00000
101.6 40.50000 14 1.00000
101.7 40.50000 14 1.00000
101.8 40.50000 14 1.00000
101.9 40.50000 14 1.00000
102.0 40.50000 14 1.00000
102.1 40.50000 14 1.00000
102.2 40.50000 14 1.00000
102.3 40.50000 14 1.00000
102.4 40.50000 14 1.00000
102.5 40.50000 14 1.00000
102.6 40.50000 14 1.00000
102.7 40.50000 14 1.00000
102.8 40.50000 14 1.00000
102.9 40.50000 14 1.00000
103.0 40.50000 14 1.00000
103.1 40.50000 14 1.00000
103.2 40.50000 14 1.00000
103.3 40.50000 14 1.00000
103.4 40.50000 14 1.00000
103.5 40.50000 14 1.00000
103.6 40.50000 14 1.00000
103.7 40.50000 14 1.00000
103.8 40.50000 14 1.00000
103.9 40.50000 14 1.00000
104.0 40.50000 14 1.00000
104.1 40.50000 14 1.00000
104.2 40.50000 14 1.00000
104.3 40.50000 14 1.00000
104.4 40.50000 14 1.00000
104.5 40.50000 14 1.00000
104.6 40.50000 14 1.00000
104.7 40.50000 14 1.00000
104.8 40.50000 14 1.00000
104.9 40.50000 14 1.00000
105.0 40.50000 14 1.00000
105.1 40.50000 14 1.00000
105.2 40.50000 14 1.00000
105.3 40.50000 14 1.00000
105.4 40.50000 14 1.00000
105.5 40.50000 14 1.00000
105.6 40.50000 14 1.00000
105.7 40.50000 14 1.00000
105.8 40.50000 14 1.00000
105.9 40.50000 14 1.00000
106.0 40.50000 14 1.00000
106.1 40.50000 14 1.00000
106.2 40.50000 14 1.00000
106.3 40.50000 14 1.00000
106.4 40.50000 14 1.00000
106.5 40.50000 14 1.00000
106.6 40.50000 14 1.00000
106.7 40.50000 14 1.00000
106.8 40.50000 14 1.00000
106.9 40.50000 14 1.00000
107.0 40.50000 14 1.00000
107.1 40.50000 14 1.00000
107.2 40.50000 14 1.00000
107.3 40.50000 14 1.00000
107.4 40.50000 14 1.00000
107.5 40.50000 14 1.00000
107.6 40.50000 14 1.00000
107.7 40.50000 14 1.00000
107.8 40.50000 14 1.00000
107.9 40.50000 14 1.00000
108.0 40.50000 14 1.00000
108.1 40.50000 14 1.00000
108.2 40.50000 14 1.00000
108.3 40.50000 14 1.00000
108.4 40.50000 14 1.00000
108.5 40.50000 14 1.00000
108.6 40.50000 14 1.00000
108.7 40.50000 14 1.00000
108.8 40.50000 14 1.00000
108.9 40.50000 14 1.00000
109.0 40.50000 14 1.00000
109.1 40.50000 14 1.00000
109.2 40.50000 14 1.00000
109.3 40.50000 14 1.00000
109.4 40.50000 14 1.00000
109.5 40.50000 14 1.00000
109.6 40.50000 14 1.00000
109.7 40.50000 14 1.00000
109.8 40.50000 14 1.00000
109.9 40.50000 14 1.00000
110.0 40.50000 14 1.00000
110.1 40.50000 14 1.00000
110.2 40.50000 14 1.00000
110.3 40.50000 14 1.00000
110.4 40.50000 14 1.00000
110.5 40.50000 14 1.00000
110.6 40.50000 14 1.00000
110.7 40.50000 14 1.00000
110.8 40.50000 14 1.00000
110.9 40.50000 14 1.00000
111.0 40.50000 14 1.00000
111.1 40.50000 14 1.00000
111.2 40.50000 14 1.00000
111.3 40.50000 14 1.00000
111.4 40.50000 14 1.00000
111.5 40.50000 14 1.00000
111.6 40.50000 14 1.00000
111.7 40.50000 14 1.00000
111.8 40.50000 14 1.00000
111.9 40.50000 14 1.00000
112.0 40.50000 14 1.00000
112.1 40.50000 14 1.00000
112.2 40.50000 14 1.00000
112.3 40.50000 14 1.00000
112.4 40.50000 14 1.00000
112.5 40.50000 14 1.00000
112.6 40.50000 14 1.00000
112.7 40.50000 14 1.00000
112.8 40.50000 14 1.00000
112.9 40.50000 14 1.00000
113.0 40.50000 14 1.00000
113.1 40.50000 14 1.00000
113.2 40.50000 14 1.00000
113.3 40.50000 14 1.00000
113.4 40.50000 14 1.00000
113.5 40.50000 14 1.00000
113.6 40.50000 14 1.00000
113.7 40.50000 14 1.00000
113.8 40.50000 14 1.00000
113.9 40.50000 14 1.00000
114.0 40.50000 14 1.00000
114.1 40.50000 14 1.00000
114.2 40.50000 14 1.00000
114.3 40.50000 14 1.00000
114.4 40.50000 14 1.00000
114.5 40.50000 14 1.00000
114.6 40.50000 14 1.00000
114.7 40.50000 14 1.00000
114.8 40.50000 14 1.00000
114.9 40.50000 14 1.00000
115.0 40.50000 14 1.00000
115.1 40.50000 14 1.00000
115.2 40.50000 14 1.00000
115.3 40.50000 14 1.00000
115.4 40.50000 14 1.00000
115.5 40.50000 14 1.00000
115.6 40.50000 14 1.00000
115.7 40.50000 14 1.00000
115.8 40.50000 14 1.00000
115.9 40.50000 14 1.00000
116.0 40.50000 14 1.00000
116.1 40.50000 14 1.00000
116.2 40.50000 14 1.00000
116.3 40.50000 14 1.00000
116.4 40.50000 14 1.00000
116.5 40.50000 14 1.00000
116.6 40.50000 14 1.00000
116.7 40.50000 14 1.00000
116.8 40.50000 14 1.00000
116.9 40.50000 14 1.00000
117.0 40.50000 14 1.00000
117.1 40.50000 14 1.00000
117.2 40.50000 14 1.00000
117.3 40.50000 14 1.00000
117.4 40.50000 14 1.00000
117.5 40.50000 14 1.00000
117.6 40.50000 14 1.00000
117.7 40.50000 14 1.00000
117.8 40.50000 14 1.00000
117.9 40.50000 14 1.00000
118.0 40.50000 14 1.00000
118.1 40.50000 14 1.00000
118.2 40.50000 14 1.00000
118.3 40.50000 14 1.00000
118.4 40.50000 14 1.00000
118.5 40.50000 14 1.00000
118.6 40.50000 14 1.00000
118.7 40.50000 14 1.00000
118.8 40.50000 14 1.00000
118.9 40.50000 14 1.00000
119.0 40.50000 14 1.00000
119.1 40.50000 14 1.00000
119.2 40.50000 14 1.00000
119.3 40.50000 14 1.00000
119.4 40.50000 14 1.00000
119.5 40.50000 14 1.00000
119.6 40.50000 14 1.00000
119.7 40.50000 14 1.00000
119.8 40.50000 14 1.00000
119.9 40.50000 14 1.00000
120.0 40.50000 14 1.00000
120.1 40.50000 14 1.00000
120.2 40.50000 14 1.00000
120.3 40.50000 14 1.00000
120.4 40.50000 14 1.00000
120.5 40.50000 14 1.00000
120.6 40.50000 14 1.00000
120.7 40.50000 14 1.00000
120.8 40.50000 14 1.00000
120.9 40.50000 14 1.00000
121.0 40.50000 14 1.00000
121.1 40.50000 14 1.00000
121.2 40.50000 14 1.00000
121.3 40.50000 14 1.00000
121.4 40.50000 14 1.00000
121.5 40.50000 14 1.00000
121.6 40.50000 14 1.00000
121.7 40.50000 14 1.00000
121.8 40.50000 14 1.00000
121.9 40.50000 14 1.00000
122.0 40.50000 14 1.00000
122.1 40.50000 14 1.00000
122.2 40.50000 14 1.00000
122.3 40.50000 14 1.00000
122.4 40.50000 14 1.00000
122.5 40.50000 14 1.00000
122.6 40.50000 14 1.00000
122.7 40.50000 14 1.00000
122.8 40.50000 14 1.00000
122.9 40.50000 14 1.00000
123.0 40.50000 14 1.00000
123.1 40.50000 14 1.00000
123.2 40.50000 14 1.00000
123.3 40.50000 14 1.00000
123.4 40.50000 14 1.00000
123.5 40.50000 14 1.00000
123.6 40.50000 14 1.00000
123.7 40.50000 14 1.00000
123.8 40.50000 14 1.00000
123.9 40.50000 14 1.00000
124.0 40.50000 14 1.00000
124.1 40.50000 14 1.00000
124.2 40.50000 14 1.00000
124.3 40.50000 14 1.00000
124.4 40.50000 14 1.00000
124.5 40.50000 14 1.00000
124.6 40.50000 14 1.00000
124.7 40.50000 14 1.00000
124.8 40.50000 14 1.00000
124.9 40.50000 14 1.00000
125.0 40.50000 14 1.00000
125.1 40.50000 14 1.00000
125.2 40.50000 14 1.00000
125.3 40.50000 14 1.00000
125.4 40.50000 14 1.00000
125.5 40.50000 14 1.00000
125.6 40.50000 14 1.00000
125.7 40.50000 14 1.00000
125.8 40.50000 14 1.00000
125.9 40.50000 14 1.00000
126.0 40.50000 14 1.00000
126.1 40.50000 14 1.00000
126.2 40.50000 14 1.00000
126.3 40.50000 14 1.00000
126.4 40.50000 14 1.00000
126.5 40.50000 14 1.00000
126.6 40.50000 14 1.00000
126.7 40.50000 14 1.00000
126.8 40.50000 14 1.00000
126.9 40.50000 14 1.00000
127.0 40.50000 14 1.00000
127.1 40.50000 14 1.00000
127.2 40.50000 14 1.00000
127.3 40.50000 14 1.00000
127.4 40.50000 14 1.00000
127.5 40.50000 14 1.00000
127.6 40.50000 14 1.00000
127.7 40.50000 14 1.00000
127.8 40.50000 14 1.00000
127.9 40.50000 14 1.00000
128.0 40.50000 14 1.00000
128.1 40.50000 14 1.00000
128.2 40.50000 14 1.00000
128.3 40.50000 14 1.00000
128.4 40.50000 14 1.00000
128.5 40.50000 14 1.00000
128.6 40.50000 14 1.00000
128.7 40.50000 14 1.00000
128.8 40.50000 14 1.00000
128.9 40.50000 14 1.00000
129.0 40.50000 14 1.00000
129.1 40.50000 14 1.00000
129.2 40.50000 14 1.00000
129.3 40.50000 14 1.00000
129.4 40.50000 14 1.00000
129.5 40.50000 14 1.00000
129.6 40.50000 14 1.00000
129.7 40.50000 14 1.00000
129.8 40.50000 14 1.00000
129.9 40.50000 14 1.00000
130.0 40.50000 14 1.00000
130.1 40.50000 14 1.00000
130.2 40.50000 14 1.00000
130.3 40.50000 14 1.00000
130.4 40.50000 14 1.00000
130.5 40.50000 14 1.00000
130.6 40.50000 14 1.00000
130.7 40.50000 14 1.00000
130.8 40.50000 14 1.00000
130.9 40.50000 14 1.00000
131.0 40.50000 14 1.00000
131.1 40.50000 14 1.00000
131.2 40.50000 14 1.00000
131.3 40.50000 14 1.00000
131.4 40.50000 14 1.00000
131.5 40.50000 14 1.00000
131.6 40.50000 14 1.00000
131.7 40.50000 14 1.00000
131.8 40.50000 14 1.00000
131.9 40.50000 14 1.00000
132.0 40.50000 14 1.00000
132.1 40.50000 14 1.00000
132.2 40.50000 14 1.00000
132.3 40.50000 14 1.00000
132.4 40.50000 14 1.00000
132.5 40.50000 14 1.00000
132.6 40.50000 14 1.00000
132.7 40.50000 14 1.00000
132.8 40.50000 14 1.00000
132.9 40.50000 14 1.00000
133.0 40.50000 14 1.00000
133.1 40.50000 14 1.00000
133.2 40.50000 14 1.00000
133.3 40.50000 14 1.00000
133.4 40.50000 14 1.00000
133.5 40.50000 14 1.00000
133.6 40.50000 14 1.00000
133.7 40.50000 14 1.00000
133.8 40.50000 14 1.00000
133.9 40.50000 14 1.00000
134.0 40.50000 14 1.00000
134.1 40.50000 14 1.00000
134.2 40.50000 14 1.00000
134.3 40.50000 14 1.00000
134.4 40.50000 14 1.00000
134.5 40.50000 14 1.00000
134.6 40.50000 14 1.00000
134.7 40.50000 14 1.00000
134.8 40.50000 14 1.00000
134.9 40.50000 14 1.00000
135.0 40.50000 14 1.00000
135.1 40.50000 14 1.00000
135.2 40.50000 14 1.00000
135.3 40.50000 14 1.00000
135.4 40.50000 14 1.00000
135.5 40.50000 14 1.00000
135.6 40.50000 14 1.00000
135.7 40.50000 14 1.00000
135.8 40.50000 14 1.00000
135.9 40.50000 14 1.00000
136.0 40.50000 14 1.00000
136.1 40.50000 14 1.00000
136.2 40.50000 14 1.00000
136.3 40.50000 14 1.00000
136.4 40.50000 14 1.00000
136.5 40.50000 14 1.00000
136.6 40.50000 14 1.00000
136.7 40.50000 14 1.00000
136.8 40.50000 14 1.00000
136.9 40.50000 14 1.00000
137.0 40.50000 14 1.00000
137.1 40.50000 14 1.00000
137.2 40.50000 14 1.00000
137.3 40.50000 14 1.00000
137.4 40.50000 14 1.00000
137.5 40.50000 14 1.00000
137.6 40.50000 14 1.00000
137.7 40.50000 14 1.00000
137.8 40.50000 14 1.00000
137.9 40.50000 14 1.00000
138.0 40.50000 14 1.00000
138.1 40.50000 14 1.00000
138.2 40.50000 14 1.00000
138.3 40.50000 14 1.00000
138.4 40.50000 14 1.00000
138.5 40.50000 14 1.00000
138.6 40.50000 14 1.00000
138.7 40.50000 14 1.00000
138.8 40.50000 14 1.00000
138.9 40.50000 14 1.00000
139.0 40.50000 14 1.00000
139.1 40.50000 14 1.00000
139.2 40.50000 14 1.00000
139.3 40.50000 14 1.00000
139.4 40.50000 14 1.00000
139.5 40.50000 14 1.00000
139.6 40.50000 14 1.00000
139.7 40.50000 14 1.00000
139.8 40.50000 14 1.00000
139.9 40.50000 14 1.00000
140.0 40.50000 14 1.00000
140.1 40.50000 14 1.00000
140.2 40.50000 14 1.00000
140.3 40.50000 14 1.00000
140.4 40.50000 14 1.00000
140.5 40.50000 14 1.00000
140.6 40.50000 14 1.00000
140.7 40.50000 14 1.00000
140.8 40.50000 14 1.00000
140.9 40.50000 14 1.00000
141.0 40.50000 14 1.00000
141.1 40.50000 14 1.00000
141.2 40.50000 14 1.00000
141.3 40.50000 14 1.00000
141.4 40.50000 14 1.00000
141.5 40.50000 14 1.00000
141.6 40.50000 14 1.00000
141.7 40.50000 14 1.00000
141.8 40.50000 14 1.00000
141.9 40.50000 14 1.00000
142.0 40.50000 14 1.00000
142.1 40.50000 14 1.00000
142.2 40.50000 14 1.00000
142.3 40.50000 14 1.00000
142.4 40.50000 14 1.00000
142.5 40.50000 14 1.00000
142.6 40.50000 14 1.00000
142.7 40.50000 14 1.00000
142.8 40.50000 14 1.00000
142.9 40.50000 14 1.00000
143.0 40.50000 14 1.00000
143.1 40.50000 14 1.00000
143.2 40.50000 14 1.00000
143.3 40.50000 14 1.00000
143.4 40.50000 14 1.00000
143.5 40.50000 14 1.00000
143.6 40.50000 14 1.00000
143.7 40.50000 14 1.00000
143.8 40.50000 14 1.00000
143.9 40.50000 14 1.00000
144.0 40.50000 14 1.00000
144.1 40.50000 14 1.00000
144.2 40.50000 14 1.00000
144.3 40.50000 14 1.00000
144.4 40.50000 14 1.00000
144.5 40.50000 14 1.00000
144.6 40.50000 14 1.00000
144.7 40.50000 14 1.00000
144.8 40.50000 14 1.00000
144.9 40.50000 14 1.00000
145.0 40.50000 14 1.00000
145.1 40.50000 14 1.00000
145.2 40.50000 14 1.00000
145.3 40.50000 14 1.00000
145.4 40.50000 14 1.00000
145.5 40.50000 14 1.00000
145.6 40.50000 14 1.00000
145.7 40.50000 14 1.00000
145.8 40.50000 14 1.00000
145.9 40.50000 14 1.00000
146.0 40.50000 14 1.00000
146.1 40.50000 14 1.00000
146.2 40.50000 14 1.00000
146.3 40.50000 14 1.00000
146.4 40.50000 14 1.00000
146.5 40.50000 14 1.00000
146.6 40.50000 14 1.00000
146.7 40.50000 14 1.00000
146.8 40.50000 14 1.00000
146.9 40.50000 14 1.00000
147.0 40.50000 14 1.00000
147.1 40.50000 14 1.00000
147.2 40.50000 14 1.00000
147.3 40.50000 14 1.00000
147.4 40.50000 14 1.00000
147.5 40.50000 14 1.00000
147.6 40.50000 14 1.00000
147.7 40.50000 14 1.00000
147.8 40.50000 14 1.00000
147.9 40.50000 14 1.00000
148.0 40.50000 14 1.00000
148.1 40.50000 14 1.00000
148.2 40.50000 14 1.00000
148.3 40.50000 14 1.00000
148.4 40.50000 14 1.00000
148.5 40.50000 14 1.00000
148.6 40.50000 14 1.00000
148.7 40.50000 14 1.00000
148.8 40.50000 14 1.00000
148.9 40.50000 14 1.00000
149.0 40.50000 14 1.00000
149.1 40.50000 14 1.00000
149.2 40.50000 14 1.00000
149.3 40.50000 14 1.00000
149.4 40.50000 14 1.00000
149.5 40.50000 14 1.00000
149.6 40.50000 14 1.00000
149.7 40.50000 14 1.00000
149.8 40.50000 14 1.00000
149.9 40.50000 14 1.00000
150.0 40.50000 14 1.00000
150.1 40.50000 14 1.00000
150.2 40.50000 14 1.00000
150.3 40.50000 14 1.00000
150.4 40.50000 14 1.00000
150.5 40.50000 14 1.00000
150.6 40.50000 14 1.00000
150.7 40.50000 14 1.00000
150.8 40.50000 14 1.00000
150.9 40.50000 14 1.00000
151.0 40.50000 14 1.00000
151.1 40.50000 14 1.00000
151.2 40.50000 14 1.00000
151.3 40.50000 14 1.00000
151.4 40.50000 14 1.00000
151.5 40.50000 14 1.00000
151.6 40.50000 14 1.00000
151.7 40.50000 14 1.00000
151.8 40.50000 14 1.00000
151.9 40.50000 14 1.00000
152.0 40.50000 14 1.00000
152.1 40.50000 14 1.00000
152.2 40.50000 14 1.00000
152.3 40.50000 14 1.00000
152.4 40.50000 14 1.00000
152.5 40.50000 14 1.00000
152.6 40.50000 14 1.00000
152.7 40.50000 14 1.00000
152.8 40.50000 14 1.00000
152.9 40.50000 14 1.00000
153.0 40.50000 14 1.00000
153.1 40.50000 14 1.00000
153.2 40.50000 14 1.00000
153.3 40.50000 14 1.00000
153.4 40.50000 14 1.00000
153.5 40.50000 14 1.00000
153.6 40.50000 14 1.00000
153.7 40.50000 14 1.00000
153.8 40.50000 14 1.00000
153.9 40.50000 14 1.00000
154.0 40.50000 14 1.00000
154.1 40.50000 14 1.00000
154.2 40.50000 14 1.00000
154.3 40.50000 14 1.00000
154.4 40.50000 14 1.00000
154.5 40.50000 14 1.00000
154.6 40.50000 14 1.00000
154.7 40.50000 14 1.00000
154.8 40.50000 14 1.00000
154.9 40.50000 14 1.00000
155.0 40.50000 14 1.00000
155.1 40.50000 14 1.00000
155.2 40.50000 14 1.00000
155.3 40.50000 14 1.00000
155.4 40.50000 14 1.00000
155.5 40.50000 14 1.00000
155.6 40.50000 14 1.00000
155.7 40.50000 14 1.00000
155.8 40.50000 14 1.00000
155.9 40.50000 14 1.00000
156.0 40.50000 14 1.00000
156.1 40.50000 14 1.00000
156.2 40.50000 14 1.00000
156.3 40.50000 14 1.00000
156.4 40.50000 14 1.00000
156.5 40.50000 14 1.00000
156.6 40.50000 14 1.00000
156.7 40.50000 14 1.00000
156.8 40.50000 14 1.00000
156.9 40.50000 14 1.00000
157.0 40.50000 14 1.00000
157.1 40.50000 14 1.00000
157.2 40.50000 14 1.00000
157.3 40.50000 14 1.00000
157.4 40.50000 14 1.00000
157.5 40.50000 14 1.00000
157.6 40.50000 14 1.00000
157.7 40.50000 14 1.00000
157.8 40.50000 14 1.00000
157.9 40.50000 14 1.00000
158.0 40.50000 14 1.00000
158.1 40.50000 14 1.00000
158.2 40.50000 14 1.00000
158.3 40.50000 14 1.00000
158.4 40.50000 14 1.00000
158.5 40.50000 14 1.00000
158.6 40.50000 14 1.00000
158.7 40.50000 14 1.00000
158.8 40.50000 14 1.00000
158.9 40.50000 14 1.00000
159.0 40.50000 14 1.00000
159.1 40.50000 14 1.00000
159.2 40.50000 14 1.00000
159.3 40.50000 14 1.00000
159.4 40.50000 14 1.00000
159.5 40.50000 14 1.00000
159.6 40.50000 14 1.00000
159.7 40.50000 14 1.00000
159.8 40.50000 14 1.00000
159.9 40.50000 14 1.00000
160.0 40.50000 14 1.00000
160.1 40.50000 14 1.00000
160.2 40.50000 14 1.00000
160.3 40.50000 14 1.00000
160.4 40.50000 14 1.00000
160.5 40.50000 14 1.00000
160.6 40.50000 14 1.00000
160.7 40.50000 14 1.00000
160.8 40.50000 14 1.00000
160.9 40.50000 14 1.00000
161.0 40.50000 14 1.00000
161.1 40.50000 14 1.00000
161.2 40.50000 14 1.00000
161.3 40.50000 14 1.00000
161.4 40.50000 14 1.00000
161.5 40.50000 14 1.00000
161.6 40.50000 14 1.00000
161.7 40.50000 14 1.00000
161.8 40.50000 14 1.00000
161.9 40.50000 14 1.00000
162.0 40.50000 14 1.00000
162.1 40.50000 14 1.00000
162.2 40.50000 14 1.00000
162.3 40.50000 14 1.00000
162.4 40.50000 14 1.00000
162.5 40.50000 14 1.00000
162.6 40.50000 14 1.00000
162.7 40.50000 14 1.00000
162.8 40.50000 14 1.00000
162.9 40.50000 14 1.00000
163.0 40.50000 14 1.00000
163.1 40.50000 14 1.00000
163.2 40.50000 14 1.00000
163.3 40.50000 14 1.00000
163.4 40.50000 14 1.00000
163.5 40.50000 14 1.00000
163.6 40.50000 14 1.00000
163.7 40.50000 14 1.00000
163.8 40.50000 14 1.00000
163.9 40.50000 14 1.00000
164.0 40.50000 14 1.00000
164.1 40.50000 14 1.00000
164.2 40.50000 14 1.00000
164.3 40.50000 14 1.00000
164.4 40.50000 14 1.00000
164.5 40.50000 14 1.00000
164.6 40.50000 14 1.00000
164.7 40.50000 14 1.00000
164.8 40.50000 14 1.00000
164.9 40.50000 14 1.00000
165.0 40.50000 14 1.00000
165.1 40.50000 14 1.00000
165.2 40.50000 14 1.00000
165.3 40.50000 14 1.00000
165.4 40.50000 14 1.00000
165.5 40.50000 14 1.00000
165.6 40.50000 14 1.00000
165.7 40.50000 14 1.00000
165.8 40.50000 14 1.00000
165.9 40.50000 14 1.00000
166.0 40.50000 14 1.00000
166.1 40.50000 14 1.00000
166.2 40.50000 14 1.00000
166.3 40.50000 14 1.00000
166.4 40.50000 14 1.00000
166.5 40.50000 14 1.00000
166.6 40.50000 14 1.00000
166.7 40.50000 14 1.00000
166.8 40.50000 14 1.00000
166.9 40.50000 14 1.00000
167.0 40.50000 14 1.00000
167.1 0.00000 15 0.00000
167.2 40.50000 14 1.00000
167.3 40.50000 14 1.00000
167.4 40.50000 14 1.00000
167.5 40.50000 14 1.00000
167.6 0.00000 15 0.00000
167.7 0.00000 15 0.00000
167.8 0.00000 15 0.00000
167.9 40.50000 14 1.00000
168.0 40.50000 14 1.00000
168.1 0.00000 15 0.00000
168.2 0.00000 15 0.00000
168.3 0.00000 15 0.00000
168.4 0.00000 15 0.00000
168.5 0.00000 15 0.00000
168.6 0.00000 15 0.00000
168.7 0.00000 15 0.00000
168.8 0.00000 15 0.00000
168.9 0.00000 15 0.00000
169.0 0.00000 15 0.00000
169.1 0.00000 15 0.00000
169.2 0.00000 15 0.00000
169.3 0.00000 15 0.00000
169.4 0.00000 15 0.00000
169.5 0.00000 15 0.00000
169.6 0.00000 15 0.00000
169.7 0.00000 15 0.00000
169.8 0.00000 15 0.00000
169.9 0.00000 15 0.00000
170.0 0.00000 15 0.00000
170.1 0.00000 15 0.00000
170.2 0.00000 15 0.00000
170.3 0.00000 15 0.00000
170.4 0.00000 15 0.00000
170.5 0.00000 15 0.00000
170.6 0.00000 15 0.00000
170.7 0.00000 15 0.00000
170.8 0.00000 15 0.00000
170.9 0.00000 15 0.00000
171.0 0.00000 15 0.00000
171.1 0.00000 15 0.00000
171.2 0.00000 15 0.00000
171.3 0.00000 15 0.00000
171.4 0.00000 15 0.00000
171.5 0.00000 15 0.00000
171.6 0.00000 15 0.00000
171.7 0.00000 15 0.00000
171.8 0.00000 15 0.00000
171.9 0.00000 15 0.00000
172.0 0.00000 15 0.00000
172.1 0.00000 15 0.00000
172.2 0.00000 15 0.00000
172.3 0.00000 15 0.00000
172.4 0.00000 15 0.00000
172.5 0.00000 15 0.00000
172.6 0.00000 15 0.00000
172.7 0.00000 15 0.00000
172.8 0.00000 15 0.00000
172.9 0.00000 15 0.00000
173.0 0.00000 15 0.00000
173.1 0.00000 15 0.00000
173.2 0.00000 15 0.00000
173.3 0.00000 15 0.00000
173.4 0.00000 15 0.00000
173.5 0.00000 15 0.00000
173.6 0.00000 15 0.00000
173.7 0.00000 15 0.00000
173.8 0.00000 15 0.00000
173.9 0.00000 15 0.00000
174.0 0.00000 15 0.00000
174.1 0.00000 15 0.00000
174.2 0.00000 15 0.00000
174.3 0.00000 15 0.00000
174.4 0.00000 15 0.00000
174.5 0.00000 15 0.00000
174.6 0.00000 15 0.00000
174.7 0.00000 15 0.00000
174.8 0.00000 15 0.00000
174.9 0.00000 15 0.00000
175.0 0.00000 15 0.00000
175.1 0.00000 15 0.00000
175.2 0.00000 15 0.00000
175.3 0.00000 15 0.00000
175.4 0.00000 15 0.00000
175.5 0.00000 15 0.00000
175.6 0.00000 15 0.00000
175.7 0.00000 15 0.00000
175.8 0.00000 15 0.00000
175.9 0.00000 15 0.00000
176.0 0.00000 15 0.00000
176.1 0.00000 15 0.00000
176.2 0.00000 15 0.00000
176.3 0.00000 15 0.00000
176.4 0.00000 15 0.00000
176.5 0.00000 15 0.00000
176.6 0.00000 15 0.00000
176.7 0.00000 15 0.00000
176.8 0.00000 15 0.00000
176.9 0.00000 15 0.00000
177.0 0.00000 15 0.00000
177.1 0.00000 15 0.00000
177.2 0.00000 15 0.00000
177.3 0.00000 15 0.00000
177.4 0.00000 15 0.00000
177.5 0.00000 15 0.00000
177.6 0.00000 15 0.00000
177.7 0.00000 15 0.00000
177.8 0.00000 15 0.00000
177.9 0.00000 15 0.00000
178.0 0.00000 15 0.00000
178.1 0.00000 15 0.00000
178.2 0.00000 15 0.00000
178.3 0.00000 15 0.00000
178.4 0.00000 15 0.00000
178.5 0.00000 15 0.00000
178.6 0.00000 15 0.00000
178.7 0.00000 15 0.00000
178.8 0.00000 15 0.00000
178.9 0.00000 15 0.00000
179.0 0.00000 15 0.00000
179.1 0.00000 15 0.00000
179.2 0.00000 15 0.00000
179.3 0.00000 15 0.00000
179.4 0.00000 15 0.00000
179.5 0.00000 15 0.00000
179.6 0.00000 15 0.00000
179.7 0.00000 15 0.00000
179.8 0.00000 15 0.00000
179.9 0.00000 15 0.00000
180.0 0.00000 15 0.00000
180.1 0.00000 15 0.00000
180.2 0.00000 15 0.00000
180.3 0.00000 15 0.00000
180.4 0.00000 15 0.00000
180.5 0.00000 15 0.00000
180.6 0.00000 15 0.00000
180.7 0.00000 15 0.00000
180.8 0.00000 15 0.00000
180.9 0.00000 15 0.00000
181.0 0.00000 15 0.00000
181.1 0.00000 15 0.00000
181.2 0.00000 15 0.00000
181.3 0.00000 15 0.00000
181.4 0.00000 15 0.00000
181.5 0.00000 15 0.00000
181.6 0.00000 15 0.00000
181.7 0.00000 15 0.00000
181.8 0.00000 15 0.00000
181.9 0.00000 15 0.00000
182.0 0.00000 15 0.00000
182.1 0.00000 15 0.00000
182.2 0.00000 15 0.00000
182.3 0.00000 15 0.00000
182.4 0.00000 15 0.00000
182.5 0.00000 15 0.00000
182.6 0.00000 15 0.00000
182.7 0.00000 15 0.00000
182.8 0.00000 15 0.00000
182.9 0.00000 15 0.00000
183.0 0.00000 15 0.00000
183.1 0.00000 15 0.00000
183.2 0.00000 15 0.00000
183.3 0.00000 15 0.00000
183.4 0.00000 15 0.00000
183.5 0.00000 15 0.00000
183.6 0.00000 15 0.00000
183.7 0.00000 15 0.00000
183.8 0.00000 15 0.00000
183.9 0.00000 15 0.00000
184.0 0.00000 15 0.00000
184.1 0.00000 15 0.00000
184.2 0.00000 15 0.00000
184.3 0.00000 15 0.00000
184.4 0.00000 15 0.00000
184.5 0.00000 15 0.00000
184.6 0.00000 15 0.00000
184.7 0.00000 15 0.00000
184.8 0.00000 15 0.00000
184.9 0.00000 15 0.00000
185.0 0.00000 15 0.00000
185.1 0.00000 15 0.00000
185.2 0.00000 15 0.00000
185.3 0.00000 15 0.00000
185.4 0.00000 15 0.00000
185.5 0.00000 15 0.00000
185.6 0.00000 15 0.00000
185.7 0.00000 15 0.00000
185.8 0.00000 15 0.00000
185.9 0.00000 15 0.00000
186.0 0.00000 15 0.00000
186.1 0.00000 15 0.00000
186.2 0.00000 15 0.00000
186.3 0.00000 15 0.00000
186.4 0.00000 15 0.00000
186.5 0.00000 15 0.00000
186.6 0.00000 15 0.00000
186.7 0.00000 15 0.00000
186.8 0.00000 15 0.00000
186.9 0.00000 15 0.00000
187.0 0.00000 15 0.00000
187.1 0.00000 15 0.00000
187.2 0.00000 15 0.00000
187.3 0.00000 15 0.00000
187.4 0.00000 15 0.00000
187.5 0.00000 15 0.00000
187.6 0.00000 15 0.00000
187.7 0.00000 15 0.00000
187.8 0.00000 15 0.00000
187.9 0.00000 15 0.00000
188.0 0.00000 15 0.00000
188.1 0.00000 15 0.00000
188.2 0.00000 15 0.00000
188.3 0.00000 15 0.00000
188.4 0.00000 15 0.00000
188.5 0.00000 15 0.00000
188.6 0.00000 15 0.00000
188.7 0.00000 15 0.00000
188.8 0.00000 15 0.00000
188.9 0.00000 15 0.00000
189.0 0.00000 15 0.00000
189.1 0.00000 15 0.00000
189.2 0.00000 15 0.00000
189.3 0.00000 15 0.00000
189.4 0.00000 15 0.00000
189.5 0.00000 15 0.00000
189.6 0.00000 15 0.00000
189.7 0.00000 15 0.00000
189.8 0.00000 15 0.00000
189.9 0.00000 15 0.00000
190.0 0.00000 15 0.00000
190.1 0.00000 15 0.00000
190.2 0.00000 15 0.00000
190.3 0.00000 15 0.00000
190.4 0.00000 15 0.00000
190.5 0.00000 15 0.00000
190.6 0.00000 15 0.00000
190.7 0.00000 15 0.00000
190.8 0.00000 15 0.00000
190.9 0.00000 15 0.00000
191.0 0.00000 15 0.00000
191.1 0.00000 15 0.00000
191.2 0.00000 15 0.00000
191.3 0.00000 15 0.00000
191.4 0.00000 15 0.00000
191.5 0.00000 15 0.00000
191.6 0.00000 15 0.00000
191.7 0.00000 15 0.00000
191.8 0.00000 15 0.00000
191.9 0.00000 15 0.00000
192.0 0.00000 15 0.00000
192.1 0.00000 15 0.00000
192.2 0.00000 15 0.00000
192.3 0.00000 15 0.00000
192.4 0.00000 15 0.00000
192.5 0.00000 15 0.00000
192.6 0.00000 15 0.00000
192.7 0.00000 15 0.00000
192.8 0.00000 15 0.00000
192.9 0.00000 15 0.00000
193.0 0.00000 15 0.00000
193.1 0.00000 15 0.00000
193.2 0.00000 15 0.00000
193.3 0.00000 15 0.00000
193.4 0.00000 15 0.00000
193.5 0.00000 15 0.00000
193.6 0.00000 15 0.00000
193.7 0.00000 15 0.00000
193.8 0.00000 15 0.00000
193.9 0.00000 15 0.00000
194.0 0.00000 15 0.00000
194.1 0.00000 15 0.00000
194.2 0.00000 15 0.00000
194.3 0.00000 15 0.00000
194.4 0.00000 15 0.00000
194.5 0.00000 15 0.00000
194.6 0.00000 15 0.00000
194.7 0.00000 15 0.00000
194.8 0.00000 15 0.00000
194.9 0.00000 15 0.00000
195.0 0.00000 15 0.00000
195.1 0.00000 15 0.00000
195.2 0.00000 15 0.00000
195.3 0.00000 15 0.00000
195.4 0.00000 15 0.00000
195.5 0.00000 15 0.00000
195.6 0.00000 15 0.00000
195.7 0.00000 15 0.00000
195.8 0.00000 15 0.00000
195.9 0.00000 15 0.00000
196.0 0.00000 15 0.00000
196.1 0.00000 15 0.00000
196.2 0.00000 15 0.00000
196.3 0.00000 15 0.00000
196.4 0.00000 15 0.00000
196.5 0.00000 15 0.00000
196.6 0.00000 15 0.00000
196.7 0.00000 15 0.00000
196.8 0.00000 15 0.00000
196.9 0.00000 15 0.00000
197.0 0.00000 15 0.00000
197.1 0.00000 15 0.00000
197.2 0.00000 15 0.00000
197.3 0.00000 15 0.00000
197.4 0.00000 15 0.00000
197.5 0.00000 15 0.00000
197.6 0.00000 15 0.00000
197.7 0.00000 15 0.00000
197.8 0.00000 15 0.00000
197.9 0.00000 15 0.00000
198.0 0.00000 15 0.00000
198.1 0.00000 15 0.00000
198.2 0.00000 15 0.00000
198.3 0.00000 15 0.00000
198.4 0.00000 15 0.00000
198.5 0.00000 15 0.00000
198.6 0.00000 15 0.00000
198.7 0.00000 15 0.00000
198.8 0.00000 15 0.00000
198.9 0.00000 15 0.00000
199.0 0.00000 15 0.00000
199.1 0.00000 15 0.00000
199.2 0.00000 15 0.00000
199.3 0.00000 15 0.00000
199.4 0.00000 15 0.00000
199.5 0.00000 15 0.00000
199.6 0.00000 15 0.00000
199.7 0.00000 15 0.00000
199.8 0.00000 15 0.00000
199.9 0.00000 15 0.00000
200.0 0.00000 15 0.00000
200.1 0.00000 15 0.00000
200.2 0.00000 15 0.00000
200.3 0.00000 15 0.00000
200.4 0.00000 15 0.00000
200.5 0.00000 15 0.00000
200.6 0.00000 15 0.00000
200.7 0.00000 15 0.00000
200.8 0.00000 15 0.00000
200.9 0.00000 15 0.00000
201.0 0.00000 15 0.00000
201.1 0.00000 15 0.00000
201.2 0.00000 15 0.00000
201.3 0.00000 15 0.00000
201.4 0.00000 15 0.00000
201.5 0.00000 15 0.00000
201.6 0.00000 15 0.00000
201.7 0.00000 15 0.00000
201.8 0.00000 15 0.00000
201.9 0.00000 15 0.00000
202.0 0.00000 15 0.00000
202.1 0.00000 15 0.00000
202.2 0.00000 15 0.00000
202.3 0.00000 15 0.00000
202.4 0.00000 15 0.00000
202.5 0.00000 15 0.00000
202.6 0.00000 15 0.00000
202.7 0.00000 15 0.00000
202.8 0.00000 15 0.00000
202.9 0.00000 15 0.00000
203.0 0.00000 15 0.00000
203.1 0.00000 15 0.00000
203.2 0.00000 15 0.00000
203.3 0.00000 15 0.00000
203.4 0.00000 15 0.00000
203.5 0.00000 15 0.00000
203.6 0.00000 15 0.00000
203.7 0.00000 15 0.00000
203.8 0.00000 15 0.00000
203.9 0.00000 15 0.00000
204.0 0.00000 15 0.00000
204.1 0.00000 15 0.00000
204.2 0.00000 15 0.00000
204.3 0.00000 15 0.00000
204.4 0.00000 15 0.00000
204.5 0.00000 15 0.00000
204.6 0.00000 15 0.00000
204.7 0.00000 15 0.00000
204.8 0.00000 15 0.00000
204.9 0.00000 15 0.00000
205.0 0.00000 15 0.00000
205.1 0.00000 15 0.00000
205.2 0.00000 15 0.00000
205.3 0.00000 15 0.00000
205.4 0.00000 15 0.00000
205.5 0.00000 15 0.00000
205.6 0.00000 15 0.00000
205.7 0.00000 15 0.00000
205.8 0.00000 15 0.00000
205.9 0.00000 15 0.00000
206.0 0.00000 15 0.00000
206.1 0.00000 15 0.00000
206.2 0.00000 15 0.00000
206.3 0.00000 15 0.00000
206.4 0.00000 15 0.00000
206.5 0.00000 15 0.00000
206.6 0.00000 15 0.00000
206.7 0.00000 15 0.00000
206.8 0.00000 15 0.00000
206.9 0.00000 15 0.00000
207.0 0.00000 15 0.00000
207.1 0.00000 15 0.00000
207.2 0.00000 15 0.00000
207.3 0.00000 15 0.00000
207.4 0.00000 15 0.00000
207.5 0.00000 15 0.00000
207.6 0.00000 15 0.00000
207.7 0.00000 15 0.00000
207.8 0.00000 15 0.00000
207.9 0.00000 15 0.00000
208.0 0.00000 15 0.00000
208.1 0.00000 15 0.00000
208.2 0.00000 15 0.00000
208.3 0.00000 15 0.00000
208.4 0.00000 15 0.00000
208.5 0.00000 15 0.00000
208.6 0.00000 15 0.00000
208.7 0.00000 15 0.00000
208.8 0.00000 15 0.00000
208.9 0.00000 15 0.00000
209.0 0.00000 15 0.00000
209.1 0.00000 15 0.00000
209.2 0.00000 15 0.00000
209.3 0.00000 15 0.00000
209.4 0.00000 15 0.00000
209.5 0.00000 15 0.00000
209.6 0.00000 15 0.00000
209.7 0.00000 15 0.00000
209.8 0.00000 15 0.00000
209.9 0.00000 15 0.00000
210.0 0.00000 15 0.00000
210.1 0.00000 15 0.00000
210.2 0.00000 15 0.00000
210.3 0.00000 15 0.00000
210.4 0.00000 15 0.00000
210.5 0.00000 15 0.00000
210.6 0.00000 15 0.00000
210.7 0.00000 15 0.00000
210.8 0.00000 15 0.00000
210.9 0.00000 15 0.00000
211.0 0.00000 15 0.00000
211.1 0.00000 15 0.00000
211.2 0.00000 15 0.00000
211.3 0.00000 15 0.00000
211.4 0.00000 15 0.00000
211.5 0.00000 15 0.00000
211.6 0.00000 15 0.00000
211.7 0.00000 15 0.00000
211.8 0.00000 15 0.00000
211.9 0.00000 15 0.00000
212.0 0.00000 15 0.00000
212.1 0.00000 15 0.00000
212.2 0.00000 15 0.00000
212.3 0.00000 15 0.00000
212.4 0.00000 15 0.00000
212.5 0.00000 15 0.00000
212.6 0.00000 15 0.00000
212.7 0.00000 15 0.00000
212.8 0.00000 15 0.00000
212.9 0.00000 15 0.00000
213.0 0.00000 15 0.00000
213.1 0.00000 15 0.00000
213.2 0.00000 15 0.00000
213.3 0.00000 15 0.00000
213.4 0.00000 15 0.00000
213.5 0.00000 15 0.00000
213.6 0.00000 15 0.00000
213.7 0.00000 15 0.00000
213.8 0.00000 15 0.00000
213.9 0.00000 15 0.00000
214.0 0.00000 15 0.00000
214.1 0.00000 15 0.00000
214.2 0.00000 15 0.00000
214.3 0.00000 15 0.00000
214.4 0.00000 15 0.00000
214.5 0.00000 15 0.00000
214.6 0.00000 15 0.00000
214.7 0.00000 15 0.00000
214.8 0.00000 15 0.00000
214.9 0.00000 15 0.00000
215.0 0.00000 15 0.00000
215.1 0.00000 15 0.00000
215.2 0.00000 15 0.00000
215.3 0.00000 15 0.00000
215.4 0.00000 15 0.00000
215.5 0.00000 15 0.00000
215.6 0.00000 15 0.00000
215.7 0.00000 15 0.00000
215.8 0.00000 15 0.00000
215.9 0.00000 15 0.00000
216.0 0.00000 15 0.00000
216.1 0.00000 15 0.00000
216.2 0.00000 15 0.00000
216.3 0.00000 15 0.00000
216.4 0.00000 15 0.00000
216.5 0.00000 15 0.00000
216.6 0.00000 15 0.00000
216.7 0.00000 15 0.00000
216.8 0.00000 15 0.00000
216.9 0.00000 15 0.00000
217.0 0.00000 15 0.00000
217.1 0.00000 15 0.00000
217.2 0.00000 15 0.00000
217.3 0.00000 15 0.00000
217.4 0.00000 15 0.00000
217.5 0.00000 15 0.00000
217.6 0.00000 15 0.00000
217.7 0.00000 15 0.00000
217.8 0.00000 15 0.00000
217.9 0.00000 15 0.00000
218.0 0.00000 15 0.00000
218.1 0.00000 15 0.00000
218.2 0.00000 15 0.00000
218.3 0.00000 15 0.00000
218.4 0.00000 15 0.00000
218.5 0.00000 15 0.00000
218.6 0.00000 15 0.00000
218.7 0.00000 15 0.00000
218.8 0.00000 15 0.00000
218.9 0.00000 15 0.00000
219.0 0.00000 15 0.00000
219.1 0.00000 15 0.00000
219.2 0.00000 15 0.00000
219.3 0.00000 15 0.00000
219.4 0.00000 15 0.00000
219.5 0.00000 15 0.00000
219.6 0.00000 15 0.00000
219.7 0.00000 15 0.00000
219.8 0.00000 15 0.00000
219.9 0.00000 15 0.00000
220.0 0.00000 15 0.00000
220.1 0.00000 15 0.00000
220.2 0.00000 15 0.00000
220.3 0.00000 15 0.00000
220.4 0.00000 15 0.00000
220.5 0.00000 15 0.00000
220.6 0.00000 15 0.00000
220.7 0.00000 15 0.00000
220.8 0.00000 15 0.00000
220.9 0.00000 15 0.00000
221.0 0.00000 15 0.00000
221.1 0.00000 15 0.00000
221.2 0.00000 15 0.00000
221.3 0.00000 15 0.00000
221.4 0.00000 15 0.00000
221.5 0.00000 15 0.00000
221.6 0.00000 15 0.00000
221.7 0.00000 15 0.00000
221.8 0.00000 15 0.00000
221.9 0.00000 15 0.00000
222.0 0.00000 15 0.00000
222.1 0.00000 15 0.00000
222.2 0.00000 15 0.00000
222.3 0.00000 15 0.00000
222.4 0.00000 15 0.00000
222.5 0.00000 15 0.00000
222.6 0.00000 15 0.00000
222.7 0.00000 15 0.00000
222.8 0.00000 15 0.00000
222.9 0.00000 15 0.00000
223.0 0.00000 15 0.00000
223.1 0.00000 15 0.00000
223.2 0.00000 15 0.00000
223.3 0.00000 15 0.00000
223.4 0.00000 15 0.00000
223.5 0.00000 15 0.00000
223.6 0.00000 15 0.00000
223.7 0.00000 15 0.00000
223.8 0.00000 15 0.00000
223.9 0.00000 15 0.00000
224.0 0.00000 15 0.00000
224.1 0.00000 15 0.00000
224.2 0.00000 15 0.00000
224.3 0.00000 15 0.00000
224.4 0.00000 15 0.00000
224.5 0.00000 15 0.00000
224.6 0.00000 15 0.00000
224.7 0.00000 15 0.00000
224.8 0.00000 15 0.00000
224.9 0.00000 15 0.00000
225.0 0.00000 15 0.00000
225.1 0.00000 15 0.00000
225.2 0.00000 15 0.00000
225.3 0.00000 15 0.00000
225.4 0.00000 15 0.00000
225.5 0.00000 15 0.00000
225.6 0.00000 15 0.00000
225.7 0.00000 15 0.00000
225.8 0.00000 15 0.00000
225.9 0.00000 15 0.00000
226.0 0.00000 15 0.00000
226.1 0.00000 15 0.00000
226.2 0.00000 15 0.00000
226.3 0.00000 15 0.00000
226.4 0.00000 15 0.00000
226.5 0.00000 15 0.00000
226.6 0.00000 15 0.00000
226.7 0.00000 15 0.00000
226.8 0.00000 15 0.00000
226.9 0.00000 15 0.00000
227.0 0.00000 15 0.00000
227.1 0.00000 15 0.00000
227.2 0.00000 15 0.00000
227.3 0.00000 15 0.00000
227.4 0.00000 15 0.00000
227.5 0.00000 15 0.00000
227.6 0.00000 15 0.00000
227.7 0.00000 15 0.00000
227.8 0.00000 15 0.00000
227.9 0.00000 15 0.00000
228.0 0.00000 15 0.00000
228.1 0.00000 15 0.00000
228.2 0.00000 15 0.00000
228.3 0.00000 15 0.00000
228.4 0.00000 15 0.00000
228.5 0.00000 15 0.00000
228.6 0.00000 15 0.00000
228.7 0.00000 15 0.00000
228.8 0.00000 15 0.00000
228.9 0.00000 15 0.00000
229.0 0.00000 15 0.00000
229.1 0.00000 15 0.00000
229.2 0.00000 15 0.00000
229.3 0.00000 15 0.00000
229.4 0.00000 15 0.00000
229.5 0.00000 15 0.00000
229.6 0.00000 15 0.00000
229.7 0.00000 15 0.00000
229.8 0.00000 15 0.00000
229.9 0.00000 15 0.00000
230.0 0.00000 15 0.00000
230.1 0.00000 15 0.00000
230.2 0.00000 15 0.00000
230.3 0.00000 15 0.00000
230.4 0.00000 15 0.00000
230.5 0.00000 15 0.00000
230.6 0.00000 15 0.00000
230.7 0.00000 15 0.00000
230.8 0.00000 15 0.00000
230.9 0.00000 15 0.00000
231.0 0.00000 15 0.00000
231.1 0.00000 15 0.00000
231.2 0.00000 15 0.00000
231.3 0.00000 15 0.00000
231.4 0.00000 15 0.00000
231.5 0.00000 15 0.00000
231.6 0.00000 15 0.00000
231.7 0.00000 15 0.00000
231.8 0.00000 15 0.00000
231.9 0.00000 15 0.00000
232.0 0.00000 15 0.00000
232.1 0.00000 15 0.00000
232.2 0.00000 15 0.00000
232.3 0.00000 15 0.00000
232.4 0.00000 15 0.00000
232.5 0.00000 15 0.00000
232.6 0.00000 15 0.00000
232.7 0.00000 15 0.00000
232.8 0.00000 15 0.00000
232.9 0.00000 15 0.00000
233.0 0.00000 15 0.00000
233.1 0.00000 15 0.00000
233.2 0.00000 15 0.00000
233.3 0.00000 15 0.00000
233.4 0.00000 15 0.00000
233.5 0.00000 15 0.00000
233.6 0.00000 15 0.00000
233.7 0.00000 15 0.00000
233.8 0.00000 15 0.00000
233.9 0.00000 15 0.00000
234.0 0.00000 15 0.00000
234.1 0.00000 15 0.00000
234.2 0.00000 15 0.00000
234.3 0.00000 15 0.00000
234.4 0.00000 15 0.00000
234.5 0.00000 15 0.00000
234.6 0.00000 15 0.00000
234.7 0.00000 15 0.00000
234.8 0.00000 15 0.00000
234.9 0.00000 15 0.00000
235.0 0.00000 15 0.00000
235.1 0.00000 15 0.00000
235.2 0.00000 15 0.00000
235.3 0.00000 15 0.00000
235.4 0.00000 15 0.00000
235.5 0.00000 15 0.00000
235.6 0.00000 15 0.00000
235.7 0.00000 15 0.00000
235.8 0.00000 15 0.00000
235.9 0.00000 15 0.00000
236.0 0.00000 15 0.00000
236.1 0.00000 15 0.00000
236.2 0.00000 15 0.00000
236.3 0.00000 15 0.00000
236.4 0.00000 15 0.00000
236.5 0.00000 15 0.00000
236.6 0.00000 15 0.00000
236.7 0.00000 15 0.00000
236.8 0.00000 15 0.00000
236.9 0.00000 15 0.00000
237.0 0.00000 15 0.00000
237.1 0.00000 15 0.00000
237.2 0.00000 15 0.00000
237.3 0.00000 15 0.00000
237.4 0.00000 15 0.00000
237.5 0.00000 15 0.00000
237.6 0.00000 15 0.00000
237.7 0.00000 15 0.00000
237.8 0.00000 15 0.00000
237.9 0.00000 15 0.00000
238.0 0.00000 15 0.00000
238.1 0.00000 15 0.00000
238.2 0.00000 15 0.00000
238.3 0.00000 15 0.00000
238.4 0.00000 15 0.00000
238.5 0.00000 15 0.00000
238.6 0.00000 15 0.00000
238.7 0.00000 15 0.00000
238.8 0.00000 15 0.00000
238.9 0.00000 15 0.00000
239.0 0.00000 15 0.00000
239.1 0.00000 15 0.00000
239.2 0.00000 15 0.00000
239.3 0.00000 15 0.00000
239.4 0.00000 15 0.00000
239.5 0.00000 15 0.00000
239.6 0.00000 15 0.00000
239.7 0.00000 15 0.00000
239.8 0.00000 15 0.00000
239.9 0.00000 15 0.00000
240.0 0.00000 15 0.00000
240.1 0.00000 15 0.00000
240.2 0.00000 15 0.00000
240.3 0.00000 15 0.00000
240.4 0.00000 15 0.00000
240.5 0.00000 15 0.00000
240.6 0.00000 15 0.00000
240.7 0.00000 15 0.00000
240.8 0.00000 15 0.00000
240.9 0.00000 15 0.00000
241.0 0.00000 15 0.00000
241.1 0.00000 15 0.00000
241.2 0.00000 15 0.00000
241.3 0.00000 15 0.00000
241.4 0.00000 15 0.00000
241.5 0.00000 15 0.00000
241.6 0.00000 15 0.00000
241.7 0.00000 15 0.00000
241.8 0.00000 15 0.00000
241.9 0.00000 15 0.00000
242.0 0.00000 15 0.00000
242.1 0.00000 15 0.00000
242.2 0.00000 15 0.00000
242.3 0.00000 15 0.00000
242.4 0.00000 15 0.00000
242.5 0.00000 15 0.00000
242.6 0.00000 15 0.00000
242.7 0.00000 15 0.00000
242.8 0.00000 15 0.00000
242.9 0.00000 15 0.00000
243.0 0.00000 15 0.00000
243.1 0.00000 15 0.00000
243.2 0.00000 15 0.00000
243.3 0.00000 15 0.00000
243.4 0.00000 15 0.00000
243.5 0.00000 15 0.00000
243.6 0.00000 15 0.00000
243.7 0.00000 15 0.00000
243.8 0.00000 15 0.00000
243.9 0.00000 15 0.00000
244.0 0.00000 15 0.00000
244.1 0.00000 15 0.00000
244.2 0.00000 15 0.00000
244.3 0.00000 15 0.00000
244.4 0.00000 15 0.00000
244.5 0.00000 15 0.00000
244.6 0.00000 15 0.00000
244.7 0.00000 15 0.00000
244.8 0.00000 15 0.00000
244.9 0.00000 15 0.00000
245.0 0.00000 15 0.00000
245.1 0.00000 15 0.00000
245.2 0.00000 15 0.00000
245.3 0.00000 15 0.00000
245.4 0.00000 15 0.00000
245.5 0.00000 15 0.00000
245.6 0.00000 15 0.00000
245.7 0.00000 15 0.00000
245.8 0.00000 15 0.00000
245.9 0.00000 15 0.00000
246.0 0.00000 15 0.00000
246.1 0.00000 15 0.00000
246.2 0.00000 15 0.00000
246.3 0.00000 15 0.00000
246.4 0.00000 15 0.00000
246.5 0.00000 15 0.00000
246.6 0.00000 15 0.00000
246.7 0.00000 15 0.00000
246.8 0.00000 15 0.00000
246.9 0.00000 15 0.00000
247.0 0.00000 15 0.00000
247.1 0.00000 15 0.00000
247.2 0.00000 15 0.00000
247.3 0.00000 15 0.00000
247.4 0.00000 15 0.00000
247.5 0.00000 15 0.00000
247.6 0.00000 15 0.00000
247.7 0.00000 15 0.00000
247.8 0.00000 15 0.00000
247.9 0.00000 15 0.00000
248.0 0.00000 15 0.00000
248.1 0.00000 15 0.00000
248.2 0.00000 15 0.00000
248.3 0.00000 15 0.00000
248.4 0.00000 15 0.00000
248.5 0.00000 15 0.00000
248.6 0.00000 15 0.00000
248.7 0.00000 15 0.00000
248.8 0.00000 15 0.00000
248.9 0.00000 15 0.00000
249.0 0.00000 15 0.00000
249.1 0.00000 15 0.00000
249.2 0.00000 15 0.00000
249.3 0.00000 15 0.00000
249.4 0.00000 15 0.00000
249.5 0.00000 15 0.00000
249.6 0.00000 15 0.00000
249.7 0.00000 15 0.00000
249.8 0.00000 15 0.00000
249.9 0.00000 15 0.00000
250.0 0.00000 15 0.00000
