15.0 1.45164 13 0.04470
15.1 1.45915 13 0.04505
15.2 1.46666 13 0.04540
15.3 1.47417 13 0.04575
15.4 1.48168 13 0.04609
15.5 1.48919 13 0.04643
15.6 1.49670 13 0.04677
15.7 1.50420 13 0.04710
15.8 1.51171 13 0.04742
15.9 1.51921 13 0.04775
16.0 1.52671 13 0.04807
16.1 1.53421 13 0.04838
16.2 1.54171 13 0.04869
16.3 1.54921 13 0.04894
16.4 1.55670 13 0.04924
16.5 1.56420 13 0.04954
16.6 1.57169 13 0.04984
16.7 1.57918 13 0.05013
16.8 1.58667 13 0.05042
16.9 1.59416 13 0.05071
17.0 1.60164 13 0.05100
17.1 1.60913 13 0.05128
17.2 1.61661 13 0.05155
17.3 1.62409 13 0.05183
17.4 1.63157 13 0.05210
17.5 1.63905 13 0.05237
17.6 1.64652 13 0.05263
17.7 1.65400 13 0.05290
17.8 1.66147 13 0.05316
17.9 1.66894 13 0.05341
18.0 1.67641 13 0.05367
18.1 1.68387 13 0.05392
18.2 1.69375 13 0.05436
18.3 1.70590 13 0.05496
18.4 1.71815 13 0.05557
18.5 1.73049 13 0.05618
18.6 1.74293 13 0.05679
18.7 1.75546 13 0.05740
18.8 1.76809 13 0.05801
18.9 1.78081 13 0.05863
19.0 1.79363 13 0.05925
19.1 1.80654 13 0.05987
19.2 1.81956 13 0.06049
19.3 1.83267 13 0.06111
19.4 1.84588 13 0.06174
19.5 1.85919 13 0.06237
19.6 1.87260 13 0.06300
19.7 1.88611 13 0.06364
19.8 1.89973 13 0.06427
19.9 1.91344 13 0.06491
20.0 17.45576 14 1.00000
20.1 17.53901 14 1.00000
20.2 17.62220 14 1.00000
20.3 17.70535 14 1.00000
20.4 17.78851 14 1.00000
20.5 17.87165 14 1.00000
20.6 17.95475 14 1.00000
20.7 18.03780 14 1.00000
20.8 18.12081 14 1.00000
20.9 18.23321 14 1.00000
21.0 18.31646 14 1.00000
21.1 18.39967 14 1.00000
21.2 18.48284 14 1.00000
21.3 18.56596 14 1.00000
21.4 18.64904 14 1.00000
21.5 18.73207 14 1.00000
21.6 18.81507 14 1.00000
21.7 18.89802 14 1.00000
21.8 18.98092 14 1.00000
21.9 19.06378 14 1.00000
22.0 19.14659 14 1.00000
22.1 19.22937 14 1.00000
22.2 19.31210 14 1.00000
22.3 19.39478 14 1.00000
22.4 19.47742 14 1.00000
22.5 19.56001 14 1.00000
22.6 19.64256 14 1.00000
22.7 19.72507 14 1.00000
22.8 19.80752 14 1.00000
22.9 5.57489 14 0.24618
23.0 5.69159 14 0.25123
23.1 5.80989 14 0.25633
23.2 5.92981 14 0.26147
23.3 6.05134 14 0.26664
23.4 6.17449 14 0.27186
23.5 6.29927 14 0.27712
23.6 6.42568 14 0.28242
23.7 6.55373 14 0.28776
23.8 6.68342 14 0.29313
23.9 6.81476 14 0.29855
24.0 6.94776 14 0.30401
24.1 7.08241 14 0.30950
24.2 7.21873 14 0.31504
24.3 7.35672 14 0.32061
24.4 7.49639 14 0.32622
24.5 7.63774 14 0.33187
24.6 7.78077 14 0.33756
24.7 7.92550 14 0.34328
24.8 8.07193 14 0.34905
24.9 8.22006 14 0.35485
25.0 8.36991 14 0.36069
25.1 8.52147 14 0.36656
25.2 8.67475 14 0.37248
25.3 8.82976 14 0.37843
25.4 8.98650 14 0.38442
25.5 9.14498 14 0.39045
25.6 9.30521 14 0.39651
25.7 9.46718 14 0.40261
25.8 9.63092 14 0.40875
25.9 9.79641 14 0.41492
26.0 9.96368 14 0.42113
26.1 10.13272 14 0.42738
26.2 10.30354 14 0.43366
26.3 10.46105 14 0.44034
26.4 10.63467 14 0.44670
26.5 10.81014 14 0.45309
26.6 10.98740 14 0.45951
26.7 11.16645 14 0.46598
26.8 11.34730 14 0.47247
26.9 11.52994 14 0.47901
27.0 11.71438 14 0.48558
27.1 11.90067 14 0.49218
27.2 12.06810 14 0.49915
27.3 12.25732 14 0.50582
27.4 12.44837 14 0.51253
27.5 12.64122 14 0.51927
27.6 12.83589 14 0.52605
27.7 13.03240 14 0.53287
27.8 13.23076 14 0.53972
27.9 13.43066 14 0.54661
28.0 13.63253 14 0.55353
28.1 13.83640 14 0.56048
28.2 14.01495 14 0.56775
28.3 14.22179 14 0.57477
28.4 14.43049 14 0.58182
28.5 14.64107 14 0.58891
28.6 14.85354 14 0.59604
28.7 15.06748 14 0.60320
28.8 15.28348 14 0.61040
28.9 15.50137 14 0.61763
29.0 15.72113 14 0.62490
29.1 15.90889 14 0.63243
29.2 16.13179 14 0.63976
29.3 16.35660 14 0.64713
29.4 16.58333 14 0.65453
29.5 16.81156 14 0.66196
29.6 17.04183 14 0.66943
29.7 17.27403 14 0.67694
29.8 17.50816 14 0.68447
29.9 17.74422 14 0.69205
30.0 17.98218 14 0.69966
30.1 18.17938 14 0.70748
30.2 18.42051 14 0.71515
30.3 18.66359 14 0.72286
30.4 18.90799 14 0.73060
30.5 19.15462 14 0.73838
30.6 19.40322 14 0.74619
30.7 19.65369 14 0.75403
30.8 19.90612 14 0.76191
30.9 20.16053 14 0.76982
31.0 20.41708 14 0.77777
31.1 20.62282 14 0.78589
31.2 20.88242 14 0.79390
31.3 21.14327 14 0.80194
31.4 21.40634 14 0.81002
31.5 21.67138 14 0.81814
31.6 21.93842 14 0.82629
31.7 22.20745 14 0.83447
31.8 22.47849 14 0.84269
31.9 22.75155 14 0.85094
32.0 23.02697 14 0.85923
32.1 23.23991 14 0.86763
32.2 23.51809 14 0.87598
32.3 23.79707 14 0.88437
32.4 24.07876 14 0.89279
32.5 24.36248 14 0.90124
32.6 24.64823 14 0.90973
32.7 24.93603 14 0.91825
32.8 25.22585 14 0.92681
32.9 25.51773 14 0.93540
33.0 25.81198 14 0.94403
33.1 26.03053 14 0.95272
33.2 26.32657 14 0.96141
33.3 26.62501 14 0.97013
33.4 26.92547 14 0.97889
33.5 27.22800 14 0.98769
33.6 27.53260 14 0.99652
33.7 27.69508 14 1.00000
33.8 27.76440 14 1.00000
33.9 27.83362 14 1.00000
34.0 27.90289 14 1.00000
34.1 27.88365 14 1.00000
34.2 27.95237 14 1.00000
34.3 28.01947 14 1.00000
34.4 28.08732 14 1.00000
34.5 28.15508 14 1.00000
34.6 28.22265 14 1.00000
34.7 28.29030 14 1.00000
34.8 28.22575 14 1.00000
34.9 28.29350 14 1.00000
35.0 28.36109 14 1.00000
35.1 28.33367 14 1.00000
35.2 28.25576 14 1.00000
35.3 28.32217 14 1.00000
35.4 28.38884 14 1.00000
35.5 28.45532 14 1.00000
35.6 28.52187 14 1.00000
35.7 28.44142 14 1.00000
35.8 28.50815 14 1.00000
35.9 28.57447 14 1.00000
36.0 28.64066 14 1.00000
36.1 28.60483 14 1.00000
36.2 27.67206 14 1.00000
36.3 25.05831 14 1.00000
36.4 22.45031 14 1.00000
36.5 21.14108 14 1.00000
36.6 18.54447 14 1.00000
36.7 17.24982 14 1.00000
36.8 14.66380 14 1.00000
36.9 13.62238 14 1.00000
37.0 13.57984 14 1.00000
37.1 13.62895 14 1.00000
37.2 13.57687 14 1.00000
37.3 13.52467 14 1.00000
37.4 13.50043 14 1.00000
37.5 13.48343 14 1.00000
37.6 13.44239 14 1.00000
37.7 13.40728 14 1.00000
37.8 13.43697 14 1.00000
37.9 13.32804 14 1.00000
38.0 13.36240 14 1.00000
38.1 13.39677 14 1.00000
38.2 13.42907 14 1.00000
38.3 13.46367 14 1.00000
38.4 13.49806 14 1.00000
38.5 13.53229 14 1.00000
38.6 13.56683 14 1.00000
38.7 13.61108 14 1.00000
38.8 13.65620 14 1.00000
38.9 13.66783 14 1.00000
39.0 13.70192 14 1.00000
39.1 13.73917 14 1.00000
39.2 13.78351 14 1.00000
39.3 13.82787 14 1.00000
39.4 13.89223 14 1.00000
39.5 13.87137 14 1.00000
39.6 13.91195 14 1.00000
39.7 13.95638 14 1.00000
39.8 14.00083 14 1.00000
39.9 14.06092 14 1.00000
40.0 14.12106 14 1.00000
40.1 14.08519 14 1.00000
40.2 14.12970 14 1.00000
40.3 14.17424 14 1.00000
40.4 14.23522 14 1.00000
40.5 14.29235 14 1.00000
40.6 14.25889 14 1.00000
40.7 14.30349 14 1.00000
40.8 14.35408 14 1.00000
40.9 14.41457 14 1.00000
41.0 14.46724 14 1.00000
41.1 14.56680 14 1.00000
41.2 14.47776 14 1.00000
41.3 14.53708 14 1.00000
41.4 14.59370 14 1.00000
41.5 14.70123 14 1.00000
41.6 14.73842 14 1.00000
41.7 14.65804 14 1.00000
41.8 14.71910 14 1.00000
41.9 14.77210 14 1.00000
42.0 14.87330 14 1.00000
42.1 14.91002 14 1.00000
42.2 14.84385 14 1.00000
42.3 14.89997 14 1.00000
42.4 15.00793 14 1.00000
42.5 15.04467 14 1.00000
42.6 15.07974 14 1.00000
42.7 15.02748 14 1.00000
42.8 15.14223 14 1.00000
42.9 15.17904 14 1.00000
43.0 15.21503 14 1.00000
43.1 15.15511 14 1.00000
43.2 15.27624 14 1.00000
43.3 15.31407 14 1.00000
43.4 15.22143 14 1.00000
43.5 15.28297 14 1.00000
43.6 15.41088 14 1.00000
43.7 15.30829 14 1.00000
43.8 15.35342 14 1.00000
43.9 15.41141 14 1.00000
44.0 15.39544 14 1.00000
44.1 15.44062 14 1.00000
44.2 15.44923 14 1.00000
44.3 15.48319 14 1.00000
44.4 15.51488 14 1.00000
44.5 15.54492 14 1.00000
44.6 15.57496 14 1.00000
44.7 15.44035 14 1.00000
44.8 15.46633 14 1.00000
44.9 15.49940 14 1.00000
45.0 15.53261 14 1.00000
45.1 15.56557 14 1.00000
45.2 15.59811 14 1.00000
45.3 15.63059 14 1.00000
45.4 15.66243 14 1.00000
45.5 15.69875 14 1.00000
45.6 15.88133 14 1.00000
45.7 15.91676 14 1.00000
45.8 15.95441 14 1.00000
45.9 15.98934 14 1.00000
46.0 16.02403 14 1.00000
46.1 16.05692 14 1.00000
46.2 16.09058 14 1.00000
46.3 16.12421 14 1.00000
46.4 16.15782 14 1.00000
46.5 16.19102 14 1.00000
46.6 16.22363 14 1.00000
46.7 16.25647 14 1.00000
46.8 16.28870 14 1.00000
46.9 16.33091 14 1.00000
47.0 16.37659 14 1.00000
47.1 16.42227 14 1.00000
47.2 16.58727 14 1.00000
47.3 16.62442 14 1.00000
47.4 16.66108 14 1.00000
47.5 16.69420 14 1.00000
47.6 16.72821 14 1.00000
47.7 16.76243 14 1.00000
47.8 16.79642 14 1.00000
47.9 16.83001 14 1.00000
48.0 16.86338 14 1.00000
48.1 16.89616 14 1.00000
48.2 16.92864 14 1.00000
48.3 16.96609 14 1.00000
48.4 17.01189 14 1.00000
48.5 17.05772 14 1.00000
48.6 17.10356 14 1.00000
48.7 17.15842 14 1.00000
48.8 17.30816 14 1.00000
48.9 17.34518 14 1.00000
49.0 17.37840 14 1.00000
49.1 17.41258 14 1.00000
49.2 17.44687 14 1.00000
49.3 17.48118 14 1.00000
49.4 17.51523 14 1.00000
49.5 17.54895 14 1.00000
49.6 17.58241 14 1.00000
49.7 17.61526 14 1.00000
49.8 17.64918 14 1.00000
49.9 17.69520 14 1.00000
50.0 17.74126 14 1.00000
50.1 17.78732 14 1.00000
50.2 17.83341 14 1.00000
50.3 17.90243 14 1.00000
50.4 18.03730 14 1.00000
50.5 18.07592 14 1.00000
50.6 18.11124 14 1.00000
50.7 18.14562 14 1.00000
50.8 18.18069 14 1.00000
50.9 18.21531 14 1.00000
51.0 18.24977 14 1.00000
51.1 18.28383 14 1.00000
51.2 18.31748 14 1.00000
51.3 18.35067 14 1.00000
51.4 18.38417 14 1.00000
51.5 18.42792 14 1.00000
51.6 18.47420 14 1.00000
51.7 18.52048 14 1.00000
51.8 18.60148 14 1.00000
51.9 18.65758 14 1.00000
52.0 18.70874 14 1.00000
52.1 18.75618 14 1.00000
52.2 18.85726 14 1.00000
52.3 18.89494 14 1.00000
52.4 18.92972 14 1.00000
52.5 18.96477 14 1.00000
52.6 18.99971 14 1.00000
52.7 19.03475 14 1.00000
52.8 19.06922 14 1.00000
52.9 19.10337 14 1.00000
53.0 19.13700 14 1.00000
53.1 19.17001 14 1.00000
53.2 19.21034 14 1.00000
53.3 19.25682 14 1.00000
53.4 19.30333 14 1.00000
53.5 19.37539 14 1.00000
53.6 19.43521 14 1.00000
53.7 19.49032 14 1.00000
53.8 19.54098 14 1.00000
53.9 19.58791 14 1.00000
54.0 19.69472 14 1.00000
54.1 19.73026 14 1.00000
54.2 19.76570 14 1.00000
54.3 19.80121 14 1.00000
54.4 19.83690 14 1.00000
54.5 19.87205 14 1.00000
54.6 19.90708 14 1.00000
54.7 19.94175 14 1.00000
54.8 19.97575 14 1.00000
54.9 20.00931 14 1.00000
55.0 20.04397 14 1.00000
55.1 20.08942 14 1.00000
55.2 20.13612 14 1.00000
55.3 20.18283 14 1.00000
55.4 20.25572 14 1.00000
55.5 20.31569 14 1.00000
55.6 20.37082 14 1.00000
55.7 20.42210 14 1.00000
55.8 20.46987 14 1.00000
55.9 20.58415 14 1.00000
56.0 20.62077 14 1.00000
56.1 20.65576 14 1.00000
56.2 20.69190 14 1.00000
56.3 20.72778 14 1.00000
56.4 20.76351 14 1.00000
56.5 20.79914 14 1.00000
56.6 20.83422 14 1.00000
56.7 20.86887 14 1.00000
56.8 20.90324 14 1.00000
56.9 20.93971 14 1.00000
57.0 20.97394 14 1.00000
57.1 21.01884 14 1.00000
57.2 21.06552 14 1.00000
57.3 21.11244 14 1.00000
57.4 21.15911 14 1.00000
57.5 21.20607 14 1.00000
57.6 21.25271 14 1.00000
57.7 21.29925 14 1.00000
57.8 21.36542 14 1.00000
57.9 21.39287 14 1.00000
58.0 21.47680 14 1.00000
58.1 21.51615 14 1.00000
58.2 21.55273 14 1.00000
58.3 21.62340 14 1.00000
58.4 21.66137 14 1.00000
58.5 21.69486 14 1.00000
58.6 21.76647 14 1.00000
58.7 21.80404 14 1.00000
58.8 21.83518 14 1.00000
58.9 21.90839 14 1.00000
59.0 21.94398 14 1.00000
59.1 21.97428 14 1.00000
59.2 22.04880 14 1.00000
59.3 22.08491 14 1.00000
59.4 22.11220 14 1.00000
59.5 22.14023 14 1.00000
59.6 22.22654 14 1.00000
59.7 22.25411 14 1.00000
59.8 22.28071 14 1.00000
59.9 22.36978 14 1.00000
60.0 22.39335 14 1.00000
60.1 22.42126 14 1.00000
60.2 22.46760 14 1.00000
60.3 22.54130 14 1.00000
60.4 22.56192 14 1.00000
60.5 22.60831 14 1.00000
60.6 22.68867 14 1.00000
60.7 22.70274 14 1.00000
60.8 22.74914 14 1.00000
60.9 22.79558 14 1.00000
61.0 22.85809 14 1.00000
61.1 22.89009 14 1.00000
61.2 22.93653 14 1.00000
61.3 22.98540 14 1.00000
61.4 23.06051 14 1.00000
61.5 23.07764 14 1.00000
61.6 23.12406 14 1.00000
61.7 23.18233 14 1.00000
61.8 23.25866 14 1.00000
61.9 23.26535 14 1.00000
62.0 23.31182 14 1.00000
62.1 23.37574 14 1.00000
62.2 23.45119 14 1.00000
62.3 23.52760 14 1.00000
62.4 23.49981 14 1.00000
62.5 23.56884 14 1.00000
62.6 23.64372 14 1.00000
62.7 23.71502 14 1.00000
62.8 23.68795 14 1.00000
62.9 23.75156 14 1.00000
63.0 23.82620 14 1.00000
63.1 23.89990 14 1.00000
63.2 23.96996 14 1.00000
63.3 24.01300 14 1.00000
63.4 24.00676 14 1.00000
63.5 24.08105 14 1.00000
63.6 24.15138 14 1.00000
63.7 24.22386 14 1.00000
63.8 24.29701 14 1.00000
63.9 24.25123 14 1.00000
64.0 24.32857 14 1.00000
64.1 24.39832 14 1.00000
64.2 24.47122 14 1.00000
64.3 24.43081 14 1.00000
64.4 24.51586 14 1.00000
64.5 24.56852 14 1.00000
64.6 24.64239 14 1.00000
64.7 24.71454 14 1.00000
64.8 24.65162 14 1.00000
64.9 24.67382 14 1.00000
65.0 24.80193 14 1.00000
65.1 24.87594 14 1.00000
65.2 24.83408 14 1.00000
65.3 24.87040 14 1.00000
65.4 24.88551 14 1.00000
65.5 24.91410 14 1.00000
65.6 24.95842 14 1.00000
65.7 25.05847 14 1.00000
65.8 25.09287 14 1.00000
65.9 25.09233 14 1.00000
66.0 25.13618 14 1.00000
66.1 25.18003 14 1.00000
66.2 25.23763 14 1.00000
66.3 25.32118 14 1.00000
66.4 25.34107 14 1.00000
66.5 25.35886 14 1.00000
66.6 25.40286 14 1.00000
66.7 25.44918 14 1.00000
66.8 25.52983 14 1.00000
66.9 25.60430 14 1.00000
67.0 25.58217 14 1.00000
67.1 25.62622 14 1.00000
67.2 25.67030 14 1.00000
67.3 25.72570 14 1.00000
67.4 25.80498 14 1.00000
67.5 25.87844 14 1.00000
67.6 25.94988 14 1.00000
67.7 25.96570 14 1.00000
67.8 25.93866 14 1.00000
67.9 25.99513 14 1.00000
68.0 26.07337 14 1.00000
68.1 26.14533 14 1.00000
68.2 26.21499 14 1.00000
68.3 26.28852 14 1.00000
68.4 26.35848 14 1.00000
68.5 26.27854 14 1.00000
68.6 26.32463 14 1.00000
68.7 26.40322 14 1.00000
68.8 26.47390 14 1.00000
68.9 26.54063 14 1.00000
69.0 26.61427 14 1.00000
69.1 26.68327 14 1.00000
69.2 26.63875 14 1.00000
69.3 26.67650 14 1.00000
69.4 26.71681 14 1.00000
69.5 26.78856 14 1.00000
69.6 26.85835 14 1.00000
69.7 26.92450 14 1.00000
69.8 26.99826 14 1.00000
69.9 26.95731 14 1.00000
70.0 26.99888 14 1.00000
70.1 27.02562 14 1.00000
70.2 27.07016 14 1.00000
70.3 27.16134 14 1.00000
70.4 27.23059 14 1.00000
70.5 27.29639 14 1.00000
70.6 27.36510 14 1.00000
70.7 27.32165 14 1.00000
70.8 27.36506 14 1.00000
70.9 27.39264 14 1.00000
71.0 27.38543 14 1.00000
71.1 27.42653 14 1.00000
71.2 27.58502 14 1.00000
71.3 27.65443 14 1.00000
71.4 27.72100 14 1.00000
71.5 27.68605 14 1.00000
71.6 27.73206 14 1.00000
71.7 27.77149 14 1.00000
71.8 27.77040 14 1.00000
71.9 27.79046 14 1.00000
72.0 27.83542 14 1.00000
72.1 27.88041 14 1.00000
72.2 28.00920 14 1.00000
72.3 28.12982 14 1.00000
72.4 28.20114 14 1.00000
72.5 28.14871 14 1.00000
72.6 28.18879 14 1.00000
72.7 28.22306 14 1.00000
72.8 28.21870 14 1.00000
72.9 28.24615 14 1.00000
73.0 28.29131 14 1.00000
73.1 28.33649 14 1.00000
73.2 28.39943 14 1.00000
73.3 28.51467 14 1.00000
73.4 28.65858 14 1.00000
73.5 28.61067 14 1.00000
73.6 28.65570 14 1.00000
73.7 28.69338 14 1.00000
73.8 28.69564 14 1.00000
73.9 28.71434 14 1.00000
74.0 28.74959 14 1.00000
74.1 28.79495 14 1.00000
74.2 28.84249 14 1.00000
74.3 28.91326 14 1.00000
74.4 28.98619 14 1.00000
74.5 29.06210 14 1.00000
74.6 29.11737 14 1.00000
74.7 29.16327 14 1.00000
74.8 29.20752 14 1.00000
74.9 29.24124 14 1.00000
75.0 29.24576 14 1.00000
75.1 29.26283 14 1.00000
75.2 29.30134 14 1.00000
75.3 29.34693 14 1.00000
75.4 29.39671 14 1.00000
75.5 29.46709 14 1.00000
75.6 29.53874 14 1.00000
75.7 29.57010 14 1.00000
75.8 29.67328 14 1.00000
75.9 29.72513 14 1.00000
76.0 29.77091 14 1.00000
76.1 29.81228 14 1.00000
76.2 29.84656 14 1.00000
76.3 29.85438 14 1.00000
76.4 29.87799 14 1.00000
76.5 29.90227 14 1.00000
76.6 29.94812 14 1.00000
76.7 29.99400 14 1.00000
76.8 30.05744 14 1.00000
76.9 30.12932 14 1.00000
77.0 30.19475 14 1.00000
77.1 30.21857 14 1.00000
77.2 30.33113 14 1.00000
77.3 30.37952 14 1.00000
77.4 30.42542 14 1.00000
77.5 30.47211 14 1.00000
77.6 30.51197 14 1.00000
77.7 30.52051 14 1.00000
77.8 30.55655 14 1.00000
77.9 30.58224 14 1.00000
78.0 30.60217 14 1.00000
78.1 30.64555 14 1.00000
78.2 30.69174 14 1.00000
78.3 30.74646 14 1.00000
78.4 30.81695 14 1.00000
78.5 30.88798 14 1.00000
78.6 30.91011 14 1.00000
78.7 31.03728 14 1.00000
78.8 31.07241 14 1.00000
78.9 31.12822 14 1.00000
79.0 31.18089 14 1.00000
79.1 31.22811 14 1.00000
79.2 31.26914 14 1.00000
79.3 31.30820 14 1.00000
79.4 31.32494 14 1.00000
79.5 31.36176 14 1.00000
79.6 31.39288 14 1.00000
79.7 31.41643 14 1.00000
79.8 31.44097 14 1.00000
79.9 31.48753 14 1.00000
80.0 31.53407 14 1.00000
80.1 31.59246 14 1.00000
80.2 31.68636 14 1.00000
80.3 31.81932 14 1.00000
80.4 31.88320 14 1.00000
80.5 31.94215 14 1.00000
80.6 32.00202 14 1.00000
80.7 32.06577 14 1.00000
80.8 32.02279 14 1.00000
80.9 32.08032 14 1.00000
81.0 32.12535 14 1.00000
81.1 32.17109 14 1.00000
81.2 32.22225 14 1.00000
81.3 32.26197 14 1.00000
81.4 32.27802 14 1.00000
81.5 32.31971 14 1.00000
81.6 32.35412 14 1.00000
81.7 32.38645 14 1.00000
81.8 32.41055 14 1.00000
81.9 32.43309 14 1.00000
82.0 32.47760 14 1.00000
82.1 32.65322 14 1.00000
82.2 32.68165 14 1.00000
82.3 32.73487 14 1.00000
82.4 32.80011 14 1.00000
82.5 32.85765 14 1.00000
82.6 32.91405 14 1.00000
82.7 32.97506 14 1.00000
82.8 33.03639 14 1.00000
82.9 33.09394 14 1.00000
83.0 33.15255 14 1.00000
83.1 33.11803 14 1.00000
83.2 33.17451 14 1.00000
83.3 33.22667 14 1.00000
83.4 33.27728 14 1.00000
83.5 33.32449 14 1.00000
83.6 33.37371 14 1.00000
83.7 33.41483 14 1.00000
83.8 33.46066 14 1.00000
83.9 33.48130 14 1.00000
84.0 33.52023 14 1.00000
84.1 33.61228 14 1.00000
84.2 33.67214 14 1.00000
84.3 33.59774 14 1.00000
84.4 33.66079 14 1.00000
84.5 33.72317 14 1.00000
84.6 33.78288 14 1.00000
84.7 33.84282 14 1.00000
84.8 33.90062 14 1.00000
84.9 33.96235 14 1.00000
85.0 34.02169 14 1.00000
85.1 34.07843 14 1.00000
85.2 34.13077 14 1.00000
85.3 34.19320 14 1.00000
85.4 34.25075 14 1.00000
85.5 34.30840 14 1.00000
85.6 34.36494 14 1.00000
85.7 34.42419 14 1.00000
85.8 34.47734 14 1.00000
85.9 34.53679 14 1.00000
86.0 34.58687 14 1.00000
86.1 34.60749 14 1.00000
86.2 34.58747 14 1.00000
86.3 34.54252 14 1.00000
86.4 34.71921 14 1.00000
86.5 34.74282 14 1.00000
86.6 34.78164 14 1.00000
86.7 34.83088 14 1.00000
86.8 34.87122 14 1.00000
86.9 34.91301 14 1.00000
87.0 34.95038 14 1.00000
87.1 34.98840 14 1.00000
87.2 35.02438 14 1.00000
87.3 35.05543 14 1.00000
87.4 35.08393 14 1.00000
87.5 35.11529 14 1.00000
87.6 35.15712 14 1.00000
87.7 35.21121 14 1.00000
87.8 35.26710 14 1.00000
87.9 35.32749 14 1.00000
88.0 35.38857 14 1.00000
88.1 35.44870 14 1.00000
88.2 35.50988 14 1.00000
88.3 35.56857 14 1.00000
88.4 35.62215 14 1.00000
88.5 35.68269 14 1.00000
88.6 35.73908 14 1.00000
88.7 35.79588 14 1.00000
88.8 35.85161 14 1.00000
88.9 35.83982 14 1.00000
89.0 35.94912 14 1.00000
89.1 36.08172 14 1.00000
89.2 36.13631 14 1.00000
89.3 36.19179 14 1.00000
89.4 36.24611 14 1.00000
89.5 36.30203 14 1.00000
89.6 36.35763 14 1.00000
89.7 36.32277 14 1.00000
89.8 36.37014 14 1.00000
89.9 36.42746 14 1.00000
90.0 36.47529 14 1.00000
90.1 36.53047 14 1.00000
90.2 36.58337 14 1.00000
90.3 36.62635 14 1.00000
90.4 36.68262 14 1.00000
90.5 36.73602 14 1.00000
90.6 36.78743 14 1.00000
90.7 36.83514 14 1.00000
90.8 36.88332 14 1.00000
90.9 36.93209 14 1.00000
91.0 36.98144 14 1.00000
91.1 37.03137 14 1.00000
91.2 37.08212 14 1.00000
91.3 37.13151 14 1.00000
91.4 37.18153 14 1.00000
91.5 37.22455 14 1.00000
91.6 37.27418 14 1.00000
91.7 37.32037 14 1.00000
91.8 37.41763 14 1.00000
91.9 37.41912 14 1.00000
92.0 37.37558 14 1.00000
92.1 37.42955 14 1.00000
92.2 37.46830 14 1.00000
92.3 37.50625 14 1.00000
92.4 37.54333 14 1.00000
92.5 37.57939 14 1.00000
92.6 37.61375 14 1.00000
92.7 37.65572 14 1.00000
92.8 37.70883 14 1.00000
92.9 37.76196 14 1.00000
93.0 37.81860 14 1.00000
93.1 37.87455 14 1.00000
93.2 37.93043 14 1.00000
93.3 37.98594 14 1.00000
93.4 38.04269 14 1.00000
93.5 38.09880 14 1.00000
93.6 38.15447 14 1.00000
93.7 38.21093 14 1.00000
93.8 38.26613 14 1.00000
93.9 38.32127 14 1.00000
94.0 38.37474 14 1.00000
94.1 38.42664 14 1.00000
94.2 38.47478 14 1.00000
94.3 38.53174 14 1.00000
94.4 38.57808 14 1.00000
94.5 38.62861 14 1.00000
94.6 38.67919 14 1.00000
94.7 38.72923 14 1.00000
94.8 38.77951 14 1.00000
94.9 38.82964 14 1.00000
95.0 38.87973 14 1.00000
95.1 38.92985 14 1.00000
95.2 38.97969 14 1.00000
95.3 39.02927 14 1.00000
95.4 39.07186 14 1.00000
95.5 39.08237 14 1.00000
95.6 39.18061 14 1.00000
95.7 39.25791 14 1.00000
95.8 39.30742 14 1.00000
95.9 39.35784 14 1.00000
96.0 39.40793 14 1.00000
96.1 39.47365 14 1.00000
96.2 39.50117 14 1.00000
96.3 39.53013 14 1.00000
96.4 39.62525 14 1.00000
96.5 39.65571 14 1.00000
96.6 39.68758 14 1.00000
96.7 39.72062 14 1.00000
96.8 39.81778 14 1.00000
96.9 39.85303 14 1.00000
97.0 39.90294 14 1.00000
97.1 39.99186 14 1.00000
97.2 40.08117 14 1.00000
97.3 40.17021 14 1.00000
97.4 40.25924 14 1.00000
97.5 40.34858 14 1.00000
97.6 40.43777 14 1.00000
97.7 40.52713 14 1.00000
97.8 40.61638 14 1.00000
97.9 40.70580 14 1.00000
98.0 40.79505 14 1.00000
98.1 40.88463 14 1.00000
98.2 40.97394 14 1.00000
98.3 41.06352 14 1.00000
98.4 41.15284 14 1.00000
98.5 41.24253 14 1.00000
98.6 41.33195 14 1.00000
98.7 40.50000 14 1.00000
98.8 40.50000 14 1.00000
98.9 40.50000 14 1.00000
99.0 40.50000 14 1.00000
99.1 40.50000 14 1.00000
99.2 40.50000 14 1.00000
99.3 40.50000 14 1.00000
99.4 40.50000 14 1.00000
99.5 40.50000 14 1.00000
99.6 40.50000 14 1.00000
99.7 40.50000 14 1.00000
99.8 40.50000 14 1.00000
99.9 40.50000 14 1.00000
100.0 40.50000 14 1.00000
100.1 40.50000 14 1.00000
100.2 40.50000 14 1.00000
100.3 40.50000 14 1.00000
100.4 40.50000 14 1.00000
100.5 40.50000 14 1.00000
100.6 40.50000 14 1.00000
100.7 40.50000 14 1.00000
100.8 40.50000 14 1.00000
100.9 40.50000 14 1.00000
101.0 40.50000 14 1.00000
101.1 40.50000 14 1.00000
101.2 40.50000 14 1.00000
101.3 40.50000 14 1.00000
101.4 40.50000 14 1.00000
101.5 40.50000 14 1.00000
101.6 40.50000 14 1.00000
101.7 40.50000 14 1.00000
101.8 40.50000 14 1.00000
101.9 40.50000 14 1.00000
102.0 40.50000 14 1.00000
102.1 40.50000 14 1.00000
102.2 40.50000 14 1.00000
102.3 40.50000 14 1.00000
102.4 40.50000 14 1.00000
102.5 40.50000 14 1.00000
102.6 40.50000 14 1.00000
102.7 40.50000 14 1.00000
102.8 40.50000 14 1.00000
102.9 40.50000 14 1.00000
103.0 40.50000 14 1.00000
103.1 40.50000 14 1.00000
103.2 40.50000 14 1.00000
103.3 40.50000 14 1.00000
103.4 40.50000 14 1.00000
103.5 40.50000 14 1.00000
103.6 40.50000 14 1.00000
103.7 40.50000 14 1.00000
103.8 40.50000 14 1.00000
103.9 40.50000 14 1.00000
104.0 40.50000 14 1.00000
104.1 40.50000 14 1.00000
104.2 40.50000 14 1.00000
104.3 40.50000 14 1.00000
104.4 40.50000 14 1.00000
104.5 40.50000 14 1.00000
104.6 40.50000 14 1.00000
104.7 40.50000 14 1.00000
104.8 40.50000 14 1.00000
104.9 40.50000 14 1.00000
105.0 40.50000 14 1.00000
105.1 40.50000 14 1.00000
105.2 40.50000 14 1.00000
105.3 40.50000 14 1.00000
105.4 40.50000 14 1.00000
105.5 40.50000 14 1.00000
105.6 40.50000 14 1.00000
105.7 40.50000 14 1.00000
105.8 40.50000 14 1.00000
105.9 40.50000 14 1.00000
106.0 40.50000 14 1.00000
106.1 40.50000 14 1.00000
106.2 40.50000 14 1.00000
106.3 40.50000 14 1.00000
106.4 40.50000 14 1.00000
106.5 40.50000 14 1.00000
106.6 40.50000 14 1.00000
106.7 40.50000 14 1.00000
106.8 40.50000 14 1.00000
106.9 40.50000 14 1.00000
107.0 40.50000 14 1.00000
107.1 40.50000 14 1.00000
107.2 40.50000 14 1.00000
107.3 40.50000 14 1.00000
107.4 40.50000 14 1.00000
107.5 40.50000 14 1.00000
107.6 40.50000 14 1.00000
107.7 40.50000 14 1.00000
107.8 40.50000 14 1.00000
107.9 40.50000 14 1.00000
108.0 40.50000 14 1.00000
108.1 40.50000 14 1.00000
108.2 40.50000 14 1.00000
108.3 40.50000 14 1.00000
108.4 40.50000 14 1.00000
108.5 40.50000 14 1.00000
108.6 40.50000 14 1.00000
108.7 40.50000 14 1.00000
108.8 40.50000 14 1.00000
108.9 40.50000 14 1.00000
109.0 40.50000 14 1.00000
109.1 40.50000 14 1.00000
109.2 40.50000 14 1.00000
109.3 40.50000 14 1.00000
109.4 40.50000 14 1.00000
109.5 40.50000 14 1.00000
109.6 40.50000 14 1.00000
109.7 40.50000 14 1.00000
109.8 40.50000 14 1.00000
109.9 40.50000 14 1.00000
110.0 40.50000 14 1.00000
110.1 40.50000 14 1.00000
110.2 40.50000 14 1.00000
110.3 40.50000 14 1.00000
110.4 40.50000 14 1.00000
110.5 40.50000 14 1.00000
110.6 40.50000 14 1.00000
110.7 40.50000 14 1.00000
110.8 40.50000 14 1.00000
110.9 40.50000 14 1.00000
111.0 40.50000 14 1.00000
111.1 40.50000 14 1.00000
111.2 40.50000 14 1.00000
111.3 40.50000 14 1.00000
111.4 40.50000 14 1.00000
111.5 40.50000 14 1.00000
111.6 40.50000 14 1.00000
111.7 40.50000 14 1.00000
111.8 40.50000 14 1.00000
111.9 40.50000 14 1.00000
112.0 40.50000 14 1.00000
112.1 40.50000 14 1.00000
112.2 40.50000 14 1.00000
112.3 40.50000 14 1.00000
112.4 40.50000 14 1.00000
112.5 40.50000 14 1.00000
112.6 40.50000 14 1.00000
112.7 40.50000 14 1.00000
112.8 40.50000 14 1.00000
112.9 40.50000 14 1.00000
113.0 40.50000 14 1.00000
113.1 40.50000 14 1.00000
113.2 40.50000 14 1.00000
113.3 40.50000 14 1.00000
113.4 40.50000 14 1.00000
113.5 40.50000 14 1.00000
113.6 40.50000 14 1.00000
113.7 40.50000 14 1.00000
113.8 40.50000 14 1.00000
113.9 40.50000 14 1.00000
114.0 40.50000 14 1.00000
114.1 40.50000 14 1.00000
114.2 40.50000 14 1.00000
114.3 40.50000 14 1.00000
114.4 40.50000 14 1.00000
114.5 40.50000 14 1.00000
114.6 40.50000 14 1.00000
114.7 40.50000 14 1.00000
114.8 40.50000 14 1.00000
114.9 40.50000 14 1.00000
115.0 40.50000 14 1.00000
115.1 40.50000 14 1.00000
115.2 40.50000 14 1.00000
115.3 40.50000 14 1.00000
115.4 40.50000 14 1.00000
115.5 40.50000 14 1.00000
115.6 40.50000 14 1.00000
115.7 40.50000 14 1.00000
115.8 40.50000 14 1.00000
115.9 40.50000 14 1.00000
116.0 40.50000 14 1.00000
116.1 40.50000 14 1.00000
116.2 40.50000 14 1.00000
116.3 40.50000 14 1.00000
116.4 40.50000 14 1.00000
116.5 40.50000 14 1.00000
116.6 40.50000 14 1.00000
116.7 40.50000 14 1.00000
116.8 40.50000 14 1.00000
116.9 40.50000 14 1.00000
117.0 40.50000 14 1.00000
117.1 40.50000 14 1.00000
117.2 40.50000 14 1.00000
117.3 40.50000 14 1.00000
117.4 40.50000 14 1.00000
117.5 40.50000 14 1.00000
117.6 40.50000 14 1.00000
117.7 40.50000 14 1.00000
117.8 40.50000 14 1.00000
117.9 40.50000 14 1.00000
118.0 40.50000 14 1.00000
118.1 40.50000 14 1.00000
118.2 40.50000 14 1.00000
118.3 40.50000 14 1.00000
118.4 40.50000 14 1.00000
118.5 40.50000 14 1.00000
118.6 40.50000 14 1.00000
118.7 40.50000 14 1.00000
118.8 40.50000 14 1.00000
118.9 40.50000 14 1.00000
119.0 40.50000 14 1.00000
119.1 40.50000 14 1.00000
119.2 40.50000 14 1.00000
119.3 40.50000 14 1.00000
119.4 40.50000 14 1.00000
119.5 40.50000 14 1.00000
119.6 40.50000 14 1.00000
119.7 40.50000 14 1.00000
119.8 40.50000 14 1.00000
119.9 40.50000 14 1.00000
120.0 40.50000 14 1.00000
120.1 40.50000 14 1.00000
120.2 40.50000 14 1.00000
120.3 40.50000 14 1.00000
120.4 40.50000 14 1.00000
120.5 40.50000 14 1.00000
120.6 40.50000 14 1.00000
120.7 40.50000 14 1.00000
120.8 40.50000 14 1.00000
120.9 40.50000 14 1.00000
121.0 40.50000 14 1.00000
121.1 40.50000 14 1.00000
121.2 40.50000 14 1.00000
121.3 40.50000 14 1.00000
121.4 40.50000 14 1.00000
121.5 40.50000 14 1.00000
121.6 40.50000 14 1.00000
121.7 40.50000 14 1.00000
121.8 40.50000 14 1.00000
121.9 40.50000 14 1.00000
122.0 40.50000 14 1.00000
122.1 40.50000 14 1.00000
122.2 40.50000 14 1.00000
122.3 40.50000 14 1.00000
122.4 40.50000 14 1.00000
122.5 40.50000 14 1.00000
122.6 40.50000 14 1.00000
122.7 40.50000 14 1.00000
122.8 40.50000 14 1.00000
122.9 40.50000 14 1.00000
123.0 40.50000 14 1.00000
123.1 40.50000 14 1.00000
123.2 40.50000 14 1.00000
123.3 40.50000 14 1.00000
123.4 40.50000 14 1.00000
123.5 40.50000 14 1.00000
123.6 40.50000 14 1.00000
123.7 40.50000 14 1.00000
123.8 40.50000 14 1.00000
123.9 40.50000 14 1.00000
124.0 40.50000 14 1.00000
124.1 40.50000 14 1.00000
124.2 40.50000 14 1.00000
124.3 40.50000 14 1.00000
124.4 40.50000 14 1.00000
124.5 40.50000 14 1.00000
124.6 40.50000 14 1.00000
124.7 40.50000 14 1.00000
124.8 40.50000 14 1.00000
124.9 40.50000 14 1.00000
125.0 40.50000 14 1.00000
125.1 40.50000 14 1.00000
125.2 40.50000 14 1.00000
125.3 40.50000 14 1.00000
125.4 40.50000 14 1.00000
125.5 40.50000 14 1.00000
125.6 40.50000 14 1.00000
125.7 40.50000 14 1.00000
125.8 40.50000 14 1.00000
125.9 40.50000 14 1.00000
126.0 40.50000 14 1.00000
126.1 40.50000 14 1.00000
126.2 40.50000 14 1.00000
126.3 40.50000 14 1.00000
126.4 40.50000 14 1.00000
126.5 40.50000 14 1.00000
126.6 40.50000 14 1.00000
126.7 40.50000 14 1.00000
126.8 40.50000 14 1.00000
126.9 40.50000 14 1.00000
127.0 40.50000 14 1.00000
127.1 40.50000 14 1.00000
127.2 40.50000 14 1.00000
127.3 40.50000 14 1.00000
127.4 40.50000 14 1.00000
127.5 40.50000 14 1.00000
127.6 40.50000 14 1.00000
127.7 40.50000 14 1.00000
127.8 40.50000 14 1.00000
127.9 40.50000 14 1.00000
128.0 40.50000 14 1.00000
128.1 40.50000 14 1.00000
128.2 40.50000 14 1.00000
128.3 40.50000 14 1.00000
128.4 40.50000 14 1.00000
128.5 40.50000 14 1.00000
128.6 40.50000 14 1.00000
128.7 40.50000 14 1.00000
128.8 40.50000 14 1.00000
128.9 40.50000 14 1.00000
129.0 40.50000 14 1.00000
129.1 40.50000 14 1.00000
129.2 40.50000 14 1.00000
129.3 40.50000 14 1.00000
129.4 40.50000 14 1.00000
129.5 40.50000 14 1.00000
129.6 40.50000 14 1.00000
129.7 40.50000 14 1.00000
129.8 40.50000 14 1.00000
129.9 40.50000 14 1.00000
130.0 40.50000 14 1.00000
130.1 40.50000 14 1.00000
130.2 40.50000 14 1.00000
130.3 40.50000 14 1.00000
130.4 40.50000 14 1.00000
130.5 40.50000 14 1.00000
130.6 40.50000 14 1.00000
130.7 40.50000 14 1.00000
130.8 40.50000 14 1.00000
130.9 40.50000 14 1.00000
131.0 40.50000 14 1.00000
131.1 40.50000 14 1.00000
131.2 40.50000 14 1.00000
131.3 40.50000 14 1.00000
131.4 40.50000 14 1.00000
131.5 40.50000 14 1.00000
131.6 40.50000 14 1.00000
131.7 40.50000 14 1.00000
131.8 40.50000 14 1.00000
131.9 40.50000 14 1.00000
132.0 40.50000 14 1.00000
132.1 40.50000 14 1.00000
132.2 40.50000 14 1.00000
132.3 40.50000 14 1.00000
132.4 40.50000 14 1.00000
132.5 40.50000 14 1.00000
132.6 40.50000 14 1.00000
132.7 40.50000 14 1.00000
132.8 40.50000 14 1.00000
132.9 40.50000 14 1.00000
133.0 40.50000 14 1.00000
133.1 40.50000 14 1.00000
133.2 40.50000 14 1.00000
133.3 40.50000 14 1.00000
133.4 40.50000 14 1.00000
133.5 40.50000 14 1.00000
133.6 40.50000 14 1.00000
133.7 40.50000 14 1.00000
133.8 40.50000 14 1.00000
133.9 40.50000 14 1.00000
134.0 40.50000 14 1.00000
134.1 40.50000 14 1.00000
134.2 40.50000 14 1.00000
134.3 40.50000 14 1.00000
134.4 40.50000 14 1.00000
134.5 40.50000 14 1.00000
134.6 40.50000 14 1.00000
134.7 40.50000 14 1.00000
134.8 40.50000 14 1.00000
134.9 40.50000 14 1.00000
135.0 40.50000 14 1.00000
135.1 40.50000 14 1.00000
135.2 40.50000 14 1.00000
135.3 40.50000 14 1.00000
135.4 40.50000 14 1.00000
135.5 40.50000 14 1.00000
135.6 40.50000 14 1.00000
135.7 40.50000 14 1.00000
135.8 40.50000 14 1.00000
135.9 40.50000 14 1.00000
136.0 40.50000 14 1.00000
136.1 40.50000 14 1.00000
136.2 40.50000 14 1.00000
136.3 40.50000 14 1.00000
136.4 40.50000 14 1.00000
136.5 40.50000 14 1.00000
136.6 40.50000 14 1.00000
136.7 40.50000 14 1.00000
136.8 40.50000 14 1.00000
136.9 40.50000 14 1.00000
137.0 40.50000 14 1.00000
137.1 40.50000 14 1.00000
137.2 40.50000 14 1.00000
137.3 40.50000 14 1.00000
137.4 40.50000 14 1.00000
137.5 40.50000 14 1.00000
137.6 40.50000 14 1.00000
137.7 40.50000 14 1.00000
137.8 40.50000 14 1.00000
137.9 40.50000 14 1.00000
138.0 40.50000 14 1.00000
138.1 40.50000 14 1.00000
138.2 40.50000 14 1.00000
138.3 40.50000 14 1.00000
138.4 40.50000 14 1.00000
138.5 40.50000 14 1.00000
138.6 40.50000 14 1.00000
138.7 40.50000 14 1.00000
138.8 40.50000 14 1.00000
138.9 40.50000 14 1.00000
139.0 40.50000 14 1.00000
139.1 40.50000 14 1.00000
139.2 40.50000 14 1.00000
139.3 40.50000 14 1.00000
139.4 40.50000 14 1.00000
139.5 40.50000 14 1.00000
139.6 40.50000 14 1.00000
139.7 40.50000 14 1.00000
139.8 40.50000 14 1.00000
139.9 40.50000 14 1.00000
140.0 40.50000 14 1.00000
140.1 40.50000 14 1.00000
140.2 40.50000 14 1.00000
140.3 40.50000 14 1.00000
140.4 40.50000 14 1.00000
140.5 40.50000 14 1.00000
140.6 40.50000 14 1.00000
140.7 40.50000 14 1.00000
140.8 40.50000 14 1.00000
140.9 40.50000 14 1.00000
141.0 40.50000 14 1.00000
141.1 40.50000 14 1.00000
141.2 40.50000 14 1.00000
141.3 40.50000 14 1.00000
141.4 40.50000 14 1.00000
141.5 40.50000 14 1.00000
141.6 40.50000 14 1.00000
141.7 40.50000 14 1.00000
141.8 40.50000 14 1.00000
141.9 40.50000 14 1.00000
142.0 40.50000 14 1.00000
142.1 40.50000 14 1.00000
142.2 40.50000 14 1.00000
142.3 40.50000 14 1.00000
142.4 40.50000 14 1.00000
142.5 40.50000 14 1.00000
142.6 40.50000 14 1.00000
142.7 40.50000 14 1.00000
142.8 40.50000 14 1.00000
142.9 40.50000 14 1.00000
143.0 40.50000 14 1.00000
143.1 40.50000 14 1.00000
143.2 40.50000 14 1.00000
143.3 40.50000 14 1.00000
143.4 40.50000 14 1.00000
143.5 40.50000 14 1.00000
143.6 40.50000 14 1.00000
143.7 40.50000 14 1.00000
143.8 40.50000 14 1.00000
143.9 40.50000 14 1.00000
144.0 40.50000 14 1.00000
144.1 40.50000 14 1.00000
144.2 40.50000 14 1.00000
144.3 40.50000 14 1.00000
144.4 40.50000 14 1.00000
144.5 40.50000 14 1.00000
144.6 40.50000 14 1.00000
144.7 40.50000 14 1.00000
144.8 40.50000 14 1.00000
144.9 40.50000 14 1.00000
145.0 40.50000 14 1.00000
145.1 40.50000 14 1.00000
145.2 40.50000 14 1.00000
145.3 40.50000 14 1.00000
145.4 40.50000 14 1.00000
145.5 40.50000 14 1.00000
145.6 40.50000 14 1.00000
145.7 40.50000 14 1.00000
145.8 40.50000 14 1.00000
145.9 40.50000 14 1.00000
146.0 40.50000 14 1.00000
146.1 40.50000 14 1.00000
146.2 40.50000 14 1.00000
146.3 40.50000 14 1.00000
146.4 40.50000 14 1.00000
146.5 40.50000 14 1.00000
146.6 40.50000 14 1.00000
146.7 40.50000 14 1.00000
146.8 40.50000 14 1.00000
146.9 40.50000 14 1.00000
147.0 40.50000 14 1.00000
147.1 40.50000 14 1.00000
147.2 40.50000 14 1.00000
147.3 40.50000 14 1.00000
147.4 40.50000 14 1.00000
147.5 40.50000 14 1.00000
147.6 40.50000 14 1.00000
147.7 40.50000 14 1.00000
147.8 40.50000 14 1.00000
147.9 40.50000 14 1.00000
148.0 40.50000 14 1.00000
148.1 40.50000 14 1.00000
148.2 40.50000 14 1.00000
148.3 40.50000 14 1.00000
148.4 40.50000 14 1.00000
148.5 40.50000 14 1.00000
148.6 40.50000 14 1.00000
148.7 40.50000 14 1.00000
148.8 40.50000 14 1.00000
148.9 40.50000 14 1.00000
149.0 40.50000 14 1.00000
149.1 40.50000 14 1.00000
149.2 40.50000 14 1.00000
149.3 40.50000 14 1.00000
149.4 40.50000 14 1.00000
149.5 40.50000 14 1.00000
149.6 40.50000 14 1.00000
149.7 40.50000 14 1.00000
149.8 40.50000 14 1.00000
149.9 40.50000 14 1.00000
150.0 40.50000 14 1.00000
150.1 40.50000 14 1.00000
150.2 40.50000 14 1.00000
150.3 40.50000 14 1.00000
150.4 40.50000 14 1.00000
150.5 40.50000 14 1.00000
150.6 40.50000 14 1.00000
150.7 40.50000 14 1.00000
150.8 40.50000 14 1.00000
150.9 40.50000 14 1.00000
151.0 40.50000 14 1.00000
151.1 40.50000 14 1.00000
151.2 40.50000 14 1.00000
151.3 40.50000 14 1.00000
151.4 40.50000 14 1.00000
151.5 40.50000 14 1.00000
151.6 40.50000 14 1.00000
151.7 40.50000 14 1.00000
151.8 40.50000 14 1.00000
151.9 40.50000 14 1.00000
152.0 40.50000 14 1.00000
152.1 40.50000 14 1.00000
152.2 40.50000 14 1.00000
152.3 40.50000 14 1.00000
152.4 40.50000 14 1.00000
152.5 40.50000 14 1.00000
152.6 40.50000 14 1.00000
152.7 40.50000 14 1.00000
152.8 40.50000 14 1.00000
152.9 40.50000 14 1.00000
153.0 40.50000 14 1.00000
153.1 40.50000 14 1.00000
153.2 40.50000 14 1.00000
153.3 40.50000 14 1.00000
153.4 40.50000 14 1.00000
153.5 40.50000 14 1.00000
153.6 40.50000 14 1.00000
153.7 40.50000 14 1.00000
153.8 40.50000 14 1.00000
153.9 40.50000 14 1.00000
154.0 40.50000 14 1.00000
154.1 40.50000 14 1.00000
154.2 40.50000 14 1.00000
154.3 40.50000 14 1.00000
154.4 40.50000 14 1.00000
154.5 40.50000 14 1.00000
154.6 40.50000 14 1.00000
154.7 40.50000 14 1.00000
154.8 40.50000 14 1.00000
154.9 40.50000 14 1.00000
155.0 40.50000 14 1.00000
155.1 40.50000 14 1.00000
155.2 40.50000 14 1.00000
155.3 40.50000 14 1.00000
155.4 40.50000 14 1.00000
155.5 40.50000 14 1.00000
155.6 40.50000 14 1.00000
155.7 40.50000 14 1.00000
155.8 40.50000 14 1.00000
155.9 40.50000 14 1.00000
156.0 40.50000 14 1.00000
156.1 40.50000 14 1.00000
156.2 40.50000 14 1.00000
156.3 40.50000 14 1.00000
156.4 40.50000 14 1.00000
156.5 40.50000 14 1.00000
156.6 40.50000 14 1.00000
156.7 0.00000 15 0.00000
156.8 40.50000 14 1.00000
156.9 40.50000 14 1.00000
157.0 40.50000 14 1.00000
157.1 40.50000 14 1.00000
157.2 0.00000 15 0.00000
157.3 0.00000 15 0.00000
157.4 40.50000 14 1.00000
157.5 40.50000 14 1.00000
157.6 40.50000 14 1.00000
157.7 0.00000 15 0.00000
157.8 0.00000 15 0.00000
157.9 0.00000 15 0.00000
158.0 0.00000 15 0.00000
158.1 40.50000 14 1.00000
158.2 0.00000 15 0.00000
158.3 0.00000 15 0.00000
158.4 0.00000 15 0.00000
158.5 0.00000 15 0.00000
158.6 0.00000 15 0.00000
158.7 0.00000 15 0.00000
158.8 0.00000 15 0.00000
158.9 0.00000 15 0.00000
159.0 0.00000 15 0.00000
159.1 0.00000 15 0.00000
159.2 0.00000 15 0.00000
159.3 0.00000 15 0.00000
159.4 0.00000 15 0.00000
159.5 0.00000 15 0.00000
159.6 0.00000 15 0.00000
159.7 0.00000 15 0.00000
159.8 0.00000 15 0.00000
159.9 0.00000 15 0.00000
160.0 0.00000 15 0.00000
160.1 0.00000 15 0.00000
160.2 0.00000 15 0.00000
160.3 0.00000 15 0.00000
160.4 0.00000 15 0.00000
160.5 0.00000 15 0.00000
160.6 0.00000 15 0.00000
160.7 0.00000 15 0.00000
160.8 0.00000 15 0.00000
160.9 0.00000 15 0.00000
161.0 0.00000 15 0.00000
161.1 0.00000 15 0.00000
161.2 0.00000 15 0.00000
161.3 0.00000 15 0.00000
161.4 0.00000 15 0.00000
161.5 0.00000 15 0.00000
161.6 0.00000 15 0.00000
161.7 0.00000 15 0.00000
161.8 0.00000 15 0.00000
161.9 0.00000 15 0.00000
162.0 0.00000 15 0.00000
162.1 0.00000 15 0.00000
162.2 0.00000 15 0.00000
162.3 0.00000 15 0.00000
162.4 0.00000 15 0.00000
162.5 0.00000 15 0.00000
162.6 0.00000 15 0.00000
162.7 0.00000 15 0.00000
162.8 0.00000 15 0.00000
162.9 0.00000 15 0.00000
163.0 0.00000 15 0.00000
163.1 0.00000 15 0.00000
163.2 0.00000 15 0.00000
163.3 0.00000 15 0.00000
163.4 0.00000 15 0.00000
163.5 0.00000 15 0.00000
163.6 0.00000 15 0.00000
163.7 0.00000 15 0.00000
163.8 0.00000 15 0.00000
163.9 0.00000 15 0.00000
164.0 0.00000 15 0.00000
164.1 0.00000 15 0.00000
164.2 0.00000 15 0.00000
164.3 0.00000 15 0.00000
164.4 0.00000 15 0.00000
164.5 0.00000 15 0.00000
164.6 0.00000 15 0.00000
164.7 0.00000 15 0.00000
164.8 0.00000 15 0.00000
164.9 0.00000 15 0.00000
165.0 0.00000 15 0.00000
165.1 0.00000 15 0.00000
165.2 0.00000 15 0.00000
165.3 0.00000 15 0.00000
165.4 0.00000 15 0.00000
165.5 0.00000 15 0.00000
165.6 0.00000 15 0.00000
165.7 0.00000 15 0.00000
165.8 0.00000 15 0.00000
165.9 0.00000 15 0.00000
166.0 0.00000 15 0.00000
166.1 0.00000 15 0.00000
166.2 0.00000 15 0.00000
166.3 0.00000 15 0.00000
166.4 0.00000 15 0.00000
166.5 0.00000 15 0.00000
166.6 0.00000 15 0.00000
166.7 0.00000 15 0.00000
166.8 0.00000 15 0.00000
166.9 0.00000 15 0.00000
167.0 0.00000 15 0.00000
167.1 0.00000 15 0.00000
167.2 0.00000 15 0.00000
167.3 0.00000 15 0.00000
167.4 0.00000 15 0.00000
167.5 0.00000 15 0.00000
167.6 0.00000 15 0.00000
167.7 0.00000 15 0.00000
167.8 0.00000 15 0.00000
167.9 0.00000 15 0.00000
168.0 0.00000 15 0.00000
168.1 0.00000 15 0.00000
168.2 0.00000 15 0.00000
168.3 0.00000 15 0.00000
168.4 0.00000 15 0.00000
168.5 0.00000 15 0.00000
168.6 0.00000 15 0.00000
168.7 0.00000 15 0.00000
168.8 0.00000 15 0.00000
168.9 0.00000 15 0.00000
169.0 0.00000 15 0.00000
169.1 0.00000 15 0.00000
169.2 0.00000 15 0.00000
169.3 0.00000 15 0.00000
169.4 0.00000 15 0.00000
169.5 0.00000 15 0.00000
169.6 0.00000 15 0.00000
169.7 0.00000 15 0.00000
169.8 0.00000 15 0.00000
169.9 0.00000 15 0.00000
170.0 0.00000 15 0.00000
170.1 0.00000 15 0.00000
170.2 0.00000 15 0.00000
170.3 0.00000 15 0.00000
170.4 0.00000 15 0.00000
170.5 0.00000 15 0.00000
170.6 0.00000 15 0.00000
170.7 0.00000 15 0.00000
170.8 0.00000 15 0.00000
170.9 0.00000 15 0.00000
171.0 0.00000 15 0.00000
171.1 0.00000 15 0.00000
171.2 0.00000 15 0.00000
171.3 0.00000 15 0.00000
171.4 0.00000 15 0.00000
171.5 0.00000 15 0.00000
171.6 0.00000 15 0.00000
171.7 0.00000 15 0.00000
171.8 0.00000 15 0.00000
171.9 0.00000 15 0.00000
172.0 0.00000 15 0.00000
172.1 0.00000 15 0.00000
172.2 0.00000 15 0.00000
172.3 0.00000 15 0.00000
172.4 0.00000 15 0.00000
172.5 0.00000 15 0.00000
172.6 0.00000 15 0.00000
172.7 0.00000 15 0.00000
172.8 0.00000 15 0.00000
172.9 0.00000 15 0.00000
173.0 0.00000 15 0.00000
173.1 0.00000 15 0.00000
173.2 0.00000 15 0.00000
173.3 0.00000 15 0.00000
173.4 0.00000 15 0.00000
173.5 0.00000 15 0.00000
173.6 0.00000 15 0.00000
173.7 0.00000 15 0.00000
173.8 0.00000 15 0.00000
173.9 0.00000 15 0.00000
174.0 0.00000 15 0.00000
174.1 0.00000 15 0.00000
174.2 0.00000 15 0.00000
174.3 0.00000 15 0.00000
174.4 0.00000 15 0.00000
174.5 0.00000 15 0.00000
174.6 0.00000 15 0.00000
174.7 0.00000 15 0.00000
174.8 0.00000 15 0.00000
174.9 0.00000 15 0.00000
175.0 0.00000 15 0.00000
175.1 0.00000 15 0.00000
175.2 0.00000 15 0.00000
175.3 0.00000 15 0.00000
175.4 0.00000 15 0.00000
175.5 0.00000 15 0.00000
175.6 0.00000 15 0.00000
175.7 0.00000 15 0.00000
175.8 0.00000 15 0.00000
175.9 0.00000 15 0.00000
176.0 0.00000 15 0.00000
176.1 0.00000 15 0.00000
176.2 0.00000 15 0.00000
176.3 0.00000 15 0.00000
176.4 0.00000 15 0.00000
176.5 0.00000 15 0.00000
176.6 0.00000 15 0.00000
176.7 0.00000 15 0.00000
176.8 0.00000 15 0.00000
176.9 0.00000 15 0.00000
177.0 0.00000 15 0.00000
177.1 0.00000 15 0.00000
177.2 0.00000 15 0.00000
177.3 0.00000 15 0.00000
177.4 0.00000 15 0.00000
177.5 0.00000 15 0.00000
177.6 0.00000 15 0.00000
177.7 0.00000 15 0.00000
177.8 0.00000 15 0.00000
177.9 0.00000 15 0.00000
178.0 0.00000 15 0.00000
178.1 0.00000 15 0.00000
178.2 0.00000 15 0.00000
178.3 0.00000 15 0.00000
178.4 0.00000 15 0.00000
178.5 0.00000 15 0.00000
178.6 0.00000 15 0.00000
178.7 0.00000 15 0.00000
178.8 0.00000 15 0.00000
178.9 0.00000 15 0.00000
179.0 0.00000 15 0.00000
179.1 0.00000 15 0.00000
179.2 0.00000 15 0.00000
179.3 0.00000 15 0.00000
179.4 0.00000 15 0.00000
179.5 0.00000 15 0.00000
179.6 0.00000 15 0.00000
179.7 0.00000 15 0.00000
179.8 0.00000 15 0.00000
179.9 0.00000 15 0.00000
180.0 0.00000 15 0.00000
180.1 0.00000 15 0.00000
180.2 0.00000 15 0.00000
180.3 0.00000 15 0.00000
180.4 0.00000 15 0.00000
180.5 0.00000 15 0.00000
180.6 0.00000 15 0.00000
180.7 0.00000 15 0.00000
180.8 0.00000 15 0.00000
180.9 0.00000 15 0.00000
181.0 0.00000 15 0.00000
181.1 0.00000 15 0.00000
181.2 0.00000 15 0.00000
181.3 0.00000 15 0.00000
181.4 0.00000 15 0.00000
181.5 0.00000 15 0.00000
181.6 0.00000 15 0.00000
181.7 0.00000 15 0.00000
181.8 0.00000 15 0.00000
181.9 0.00000 15 0.00000
182.0 0.00000 15 0.00000
182.1 0.00000 15 0.00000
182.2 0.00000 15 0.00000
182.3 0.00000 15 0.00000
182.4 0.00000 15 0.00000
182.5 0.00000 15 0.00000
182.6 0.00000 15 0.00000
182.7 0.00000 15 0.00000
182.8 0.00000 15 0.00000
182.9 0.00000 15 0.00000
183.0 0.00000 15 0.00000
183.1 0.00000 15 0.00000
183.2 0.00000 15 0.00000
183.3 0.00000 15 0.00000
183.4 0.00000 15 0.00000
183.5 0.00000 15 0.00000
183.6 0.00000 15 0.00000
183.7 0.00000 15 0.00000
183.8 0.00000 15 0.00000
183.9 0.00000 15 0.00000
184.0 0.00000 15 0.00000
184.1 0.00000 15 0.00000
184.2 0.00000 15 0.00000
184.3 0.00000 15 0.00000
184.4 0.00000 15 0.00000
184.5 0.00000 15 0.00000
184.6 0.00000 15 0.00000
184.7 0.00000 15 0.00000
184.8 0.00000 15 0.00000
184.9 0.00000 15 0.00000
185.0 0.00000 15 0.00000
185.1 0.00000 15 0.00000
185.2 0.00000 15 0.00000
185.3 0.00000 15 0.00000
185.4 0.00000 15 0.00000
185.5 0.00000 15 0.00000
185.6 0.00000 15 0.00000
185.7 0.00000 15 0.00000
185.8 0.00000 15 0.00000
185.9 0.00000 15 0.00000
186.0 0.00000 15 0.00000
186.1 0.00000 15 0.00000
186.2 0.00000 15 0.00000
186.3 0.00000 15 0.00000
186.4 0.00000 15 0.00000
186.5 0.00000 15 0.00000
186.6 0.00000 15 0.00000
186.7 0.00000 15 0.00000
186.8 0.00000 15 0.00000
186.9 0.00000 15 0.00000
187.0 0.00000 15 0.00000
187.1 0.00000 15 0.00000
187.2 0.00000 15 0.00000
187.3 0.00000 15 0.00000
187.4 0.00000 15 0.00000
187.5 0.00000 15 0.00000
187.6 0.00000 15 0.00000
187.7 0.00000 15 0.00000
187.8 0.00000 15 0.00000
187.9 0.00000 15 0.00000
188.0 0.00000 15 0.00000
188.1 0.00000 15 0.00000
188.2 0.00000 15 0.00000
188.3 0.00000 15 0.00000
188.4 0.00000 15 0.00000
188.5 0.00000 15 0.00000
188.6 0.00000 15 0.00000
188.7 0.00000 15 0.00000
188.8 0.00000 15 0.00000
188.9 0.00000 15 0.00000
189.0 0.00000 15 0.00000
189.1 0.00000 15 0.00000
189.2 0.00000 15 0.00000
189.3 0.00000 15 0.00000
189.4 0.00000 15 0.00000
189.5 0.00000 15 0.00000
189.6 0.00000 15 0.00000
189.7 0.00000 15 0.00000
189.8 0.00000 15 0.00000
189.9 0.00000 15 0.00000
190.0 0.00000 15 0.00000
190.1 0.00000 15 0.00000
190.2 0.00000 15 0.00000
190.3 0.00000 15 0.00000
190.4 0.00000 15 0.00000
190.5 0.00000 15 0.00000
190.6 0.00000 15 0.00000
190.7 0.00000 15 0.00000
190.8 0.00000 15 0.00000
190.9 0.00000 15 0.00000
191.0 0.00000 15 0.00000
191.1 0.00000 15 0.00000
191.2 0.00000 15 0.00000
191.3 0.00000 15 0.00000
191.4 0.00000 15 0.00000
191.5 0.00000 15 0.00000
191.6 0.00000 15 0.00000
191.7 0.00000 15 0.00000
191.8 0.00000 15 0.00000
191.9 0.00000 15 0.00000
192.0 0.00000 15 0.00000
192.1 0.00000 15 0.00000
192.2 0.00000 15 0.00000
192.3 0.00000 15 0.00000
192.4 0.00000 15 0.00000
192.5 0.00000 15 0.00000
192.6 0.00000 15 0.00000
192.7 0.00000 15 0.00000
192.8 0.00000 15 0.00000
192.9 0.00000 15 0.00000
193.0 0.00000 15 0.00000
193.1 0.00000 15 0.00000
193.2 0.00000 15 0.00000
193.3 0.00000 15 0.00000
193.4 0.00000 15 0.00000
193.5 0.00000 15 0.00000
193.6 0.00000 15 0.00000
193.7 0.00000 15 0.00000
193.8 0.00000 15 0.00000
193.9 0.00000 15 0.00000
194.0 0.00000 15 0.00000
194.1 0.00000 15 0.00000
194.2 0.00000 15 0.00000
194.3 0.00000 15 0.00000
194.4 0.00000 15 0.00000
194.5 0.00000 15 0.00000
194.6 0.00000 15 0.00000
194.7 0.00000 15 0.00000
194.8 0.00000 15 0.00000
194.9 0.00000 15 0.00000
195.0 0.00000 15 0.00000
195.1 0.00000 15 0.00000
195.2 0.00000 15 0.00000
195.3 0.00000 15 0.00000
195.4 0.00000 15 0.00000
195.5 0.00000 15 0.00000
195.6 0.00000 15 0.00000
195.7 0.00000 15 0.00000
195.8 0.00000 15 0.00000
195.9 0.00000 15 0.00000
196.0 0.00000 15 0.00000
196.1 0.00000 15 0.00000
196.2 0.00000 15 0.00000
196.3 0.00000 15 0.00000
196.4 0.00000 15 0.00000
196.5 0.00000 15 0.00000
196.6 0.00000 15 0.00000
196.7 0.00000 15 0.00000
196.8 0.00000 15 0.00000
196.9 0.00000 15 0.00000
197.0 0.00000 15 0.00000
197.1 0.00000 15 0.00000
197.2 0.00000 15 0.00000
197.3 0.00000 15 0.00000
197.4 0.00000 15 0.00000
197.5 0.00000 15 0.00000
197.6 0.00000 15 0.00000
197.7 0.00000 15 0.00000
197.8 0.00000 15 0.00000
197.9 0.00000 15 0.00000
198.0 0.00000 15 0.00000
198.1 0.00000 15 0.00000
198.2 0.00000 15 0.00000
198.3 0.00000 15 0.00000
198.4 0.00000 15 0.00000
198.5 0.00000 15 0.00000
198.6 0.00000 15 0.00000
198.7 0.00000 15 0.00000
198.8 0.00000 15 0.00000
198.9 0.00000 15 0.00000
199.0 0.00000 15 0.00000
199.1 0.00000 15 0.00000
199.2 0.00000 15 0.00000
199.3 0.00000 15 0.00000
199.4 0.00000 15 0.00000
199.5 0.00000 15 0.00000
199.6 0.00000 15 0.00000
199.7 0.00000 15 0.00000
199.8 0.00000 15 0.00000
199.9 0.00000 15 0.00000
200.0 0.00000 15 0.00000
200.1 0.00000 15 0.00000
200.2 0.00000 15 0.00000
200.3 0.00000 15 0.00000
200.4 0.00000 15 0.00000
200.5 0.00000 15 0.00000
200.6 0.00000 15 0.00000
200.7 0.00000 15 0.00000
200.8 0.00000 15 0.00000
200.9 0.00000 15 0.00000
201.0 0.00000 15 0.00000
201.1 0.00000 15 0.00000
201.2 0.00000 15 0.00000
201.3 0.00000 15 0.00000
201.4 0.00000 15 0.00000
201.5 0.00000 15 0.00000
201.6 0.00000 15 0.00000
201.7 0.00000 15 0.00000
201.8 0.00000 15 0.00000
201.9 0.00000 15 0.00000
202.0 0.00000 15 0.00000
202.1 0.00000 15 0.00000
202.2 0.00000 15 0.00000
202.3 0.00000 15 0.00000
202.4 0.00000 15 0.00000
202.5 0.00000 15 0.00000
202.6 0.00000 15 0.00000
202.7 0.00000 15 0.00000
202.8 0.00000 15 0.00000
202.9 0.00000 15 0.00000
203.0 0.00000 15 0.00000
203.1 0.00000 15 0.00000
203.2 0.00000 15 0.00000
203.3 0.00000 15 0.00000
203.4 0.00000 15 0.00000
203.5 0.00000 15 0.00000
203.6 0.00000 15 0.00000
203.7 0.00000 15 0.00000
203.8 0.00000 15 0.00000
203.9 0.00000 15 0.00000
204.0 0.00000 15 0.00000
204.1 0.00000 15 0.00000
204.2 0.00000 15 0.00000
204.3 0.00000 15 0.00000
204.4 0.00000 15 0.00000
204.5 0.00000 15 0.00000
204.6 0.00000 15 0.00000
204.7 0.00000 15 0.00000
204.8 0.00000 15 0.00000
204.9 0.00000 15 0.00000
205.0 0.00000 15 0.00000
205.1 0.00000 15 0.00000
205.2 0.00000 15 0.00000
205.3 0.00000 15 0.00000
205.4 0.00000 15 0.00000
205.5 0.00000 15 0.00000
205.6 0.00000 15 0.00000
205.7 0.00000 15 0.00000
205.8 0.00000 15 0.00000
205.9 0.00000 15 0.00000
206.0 0.00000 15 0.00000
206.1 0.00000 15 0.00000
206.2 0.00000 15 0.00000
206.3 0.00000 15 0.00000
206.4 0.00000 15 0.00000
206.5 0.00000 15 0.00000
206.6 0.00000 15 0.00000
206.7 0.00000 15 0.00000
206.8 0.00000 15 0.00000
206.9 0.00000 15 0.00000
207.0 0.00000 15 0.00000
207.1 0.00000 15 0.00000
207.2 0.00000 15 0.00000
207.3 0.00000 15 0.00000
207.4 0.00000 15 0.00000
207.5 0.00000 15 0.00000
207.6 0.00000 15 0.00000
207.7 0.00000 15 0.00000
207.8 0.00000 15 0.00000
207.9 0.00000 15 0.00000
208.0 0.00000 15 0.00000
208.1 0.00000 15 0.00000
208.2 0.00000 15 0.00000
208.3 0.00000 15 0.00000
208.4 0.00000 15 0.00000
208.5 0.00000 15 0.00000
208.6 0.00000 15 0.00000
208.7 0.00000 15 0.00000
208.8 0.00000 15 0.00000
208.9 0.00000 15 0.00000
209.0 0.00000 15 0.00000
209.1 0.00000 15 0.00000
209.2 0.00000 15 0.00000
209.3 0.00000 15 0.00000
209.4 0.00000 15 0.00000
209.5 0.00000 15 0.00000
209.6 0.00000 15 0.00000
209.7 0.00000 15 0.00000
209.8 0.00000 15 0.00000
209.9 0.00000 15 0.00000
210.0 0.00000 15 0.00000
210.1 0.00000 15 0.00000
210.2 0.00000 15 0.00000
210.3 0.00000 15 0.00000
210.4 0.00000 15 0.00000
210.5 0.00000 15 0.00000
210.6 0.00000 15 0.00000
210.7 0.00000 15 0.00000
210.8 0.00000 15 0.00000
210.9 0.00000 15 0.00000
211.0 0.00000 15 0.00000
211.1 0.00000 15 0.00000
211.2 0.00000 15 0.00000
211.3 0.00000 15 0.00000
211.4 0.00000 15 0.00000
211.5 0.00000 15 0.00000
211.6 0.00000 15 0.00000
211.7 0.00000 15 0.00000
211.8 0.00000 15 0.00000
211.9 0.00000 15 0.00000
212.0 0.00000 15 0.00000
212.1 0.00000 15 0.00000
212.2 0.00000 15 0.00000
212.3 0.00000 15 0.00000
212.4 0.00000 15 0.00000
212.5 0.00000 15 0.00000
212.6 0.00000 15 0.00000
212.7 0.00000 15 0.00000
212.8 0.00000 15 0.00000
212.9 0.00000 15 0.00000
213.0 0.00000 15 0.00000
213.1 0.00000 15 0.00000
213.2 0.00000 15 0.00000
213.3 0.00000 15 0.00000
213.4 0.00000 15 0.00000
213.5 0.00000 15 0.00000
213.6 0.00000 15 0.00000
213.7 0.00000 15 0.00000
213.8 0.00000 15 0.00000
213.9 0.00000 15 0.00000
214.0 0.00000 15 0.00000
214.1 0.00000 15 0.00000
214.2 0.00000 15 0.00000
214.3 0.00000 15 0.00000
214.4 0.00000 15 0.00000
214.5 0.00000 15 0.00000
214.6 0.00000 15 0.00000
214.7 0.00000 15 0.00000
214.8 0.00000 15 0.00000
214.9 0.00000 15 0.00000
215.0 0.00000 15 0.00000
215.1 0.00000 15 0.00000
215.2 0.00000 15 0.00000
215.3 0.00000 15 0.00000
215.4 0.00000 15 0.00000
215.5 0.00000 15 0.00000
215.6 0.00000 15 0.00000
215.7 0.00000 15 0.00000
215.8 0.00000 15 0.00000
215.9 0.00000 15 0.00000
216.0 0.00000 15 0.00000
216.1 0.00000 15 0.00000
216.2 0.00000 15 0.00000
216.3 0.00000 15 0.00000
216.4 0.00000 15 0.00000
216.5 0.00000 15 0.00000
216.6 0.00000 15 0.00000
216.7 0.00000 15 0.00000
216.8 0.00000 15 0.00000
216.9 0.00000 15 0.00000
217.0 0.00000 15 0.00000
217.1 0.00000 15 0.00000
217.2 0.00000 15 0.00000
217.3 0.00000 15 0.00000
217.4 0.00000 15 0.00000
217.5 0.00000 15 0.00000
217.6 0.00000 15 0.00000
217.7 0.00000 15 0.00000
217.8 0.00000 15 0.00000
217.9 0.00000 15 0.00000
218.0 0.00000 15 0.00000
218.1 0.00000 15 0.00000
218.2 0.00000 15 0.00000
218.3 0.00000 15 0.00000
218.4 0.00000 15 0.00000
218.5 0.00000 15 0.00000
218.6 0.00000 15 0.00000
218.7 0.00000 15 0.00000
218.8 0.00000 15 0.00000
218.9 0.00000 15 0.00000
219.0 0.00000 15 0.00000
219.1 0.00000 15 0.00000
219.2 0.00000 15 0.00000
219.3 0.00000 15 0.00000
219.4 0.00000 15 0.00000
219.5 0.00000 15 0.00000
219.6 0.00000 15 0.00000
219.7 0.00000 15 0.00000
219.8 0.00000 15 0.00000
219.9 0.00000 15 0.00000
220.0 0.00000 15 0.00000
220.1 0.00000 15 0.00000
220.2 0.00000 15 0.00000
220.3 0.00000 15 0.00000
220.4 0.00000 15 0.00000
220.5 0.00000 15 0.00000
220.6 0.00000 15 0.00000
220.7 0.00000 15 0.00000
220.8 0.00000 15 0.00000
220.9 0.00000 15 0.00000
221.0 0.00000 15 0.00000
221.1 0.00000 15 0.00000
221.2 0.00000 15 0.00000
221.3 0.00000 15 0.00000
221.4 0.00000 15 0.00000
221.5 0.00000 15 0.00000
221.6 0.00000 15 0.00000
221.7 0.00000 15 0.00000
221.8 0.00000 15 0.00000
221.9 0.00000 15 0.00000
222.0 0.00000 15 0.00000
222.1 0.00000 15 0.00000
222.2 0.00000 15 0.00000
222.3 0.00000 15 0.00000
222.4 0.00000 15 0.00000
222.5 0.00000 15 0.00000
222.6 0.00000 15 0.00000
222.7 0.00000 15 0.00000
222.8 0.00000 15 0.00000
222.9 0.00000 15 0.00000
223.0 0.00000 15 0.00000
223.1 0.00000 15 0.00000
223.2 0.00000 15 0.00000
223.3 0.00000 15 0.00000
223.4 0.00000 15 0.00000
223.5 0.00000 15 0.00000
223.6 0.00000 15 0.00000
223.7 0.00000 15 0.00000
223.8 0.00000 15 0.00000
223.9 0.00000 15 0.00000
224.0 0.00000 15 0.00000
224.1 0.00000 15 0.00000
224.2 0.00000 15 0.00000
224.3 0.00000 15 0.00000
224.4 0.00000 15 0.00000
224.5 0.00000 15 0.00000
224.6 0.00000 15 0.00000
224.7 0.00000 15 0.00000
224.8 0.00000 15 0.00000
224.9 0.00000 15 0.00000
225.0 0.00000 15 0.00000
225.1 0.00000 15 0.00000
225.2 0.00000 15 0.00000
225.3 0.00000 15 0.00000
225.4 0.00000 15 0.00000
225.5 0.00000 15 0.00000
225.6 0.00000 15 0.00000
225.7 0.00000 15 0.00000
225.8 0.00000 15 0.00000
225.9 0.00000 15 0.00000
226.0 0.00000 15 0.00000
226.1 0.00000 15 0.00000
226.2 0.00000 15 0.00000
226.3 0.00000 15 0.00000
226.4 0.00000 15 0.00000
226.5 0.00000 15 0.00000
226.6 0.00000 15 0.00000
226.7 0.00000 15 0.00000
226.8 0.00000 15 0.00000
226.9 0.00000 15 0.00000
227.0 0.00000 15 0.00000
227.1 0.00000 15 0.00000
227.2 0.00000 15 0.00000
227.3 0.00000 15 0.00000
227.4 0.00000 15 0.00000
227.5 0.00000 15 0.00000
227.6 0.00000 15 0.00000
227.7 0.00000 15 0.00000
227.8 0.00000 15 0.00000
227.9 0.00000 15 0.00000
228.0 0.00000 15 0.00000
228.1 0.00000 15 0.00000
228.2 0.00000 15 0.00000
228.3 0.00000 15 0.00000
228.4 0.00000 15 0.00000
228.5 0.00000 15 0.00000
228.6 0.00000 15 0.00000
228.7 0.00000 15 0.00000
228.8 0.00000 15 0.00000
228.9 0.00000 15 0.00000
229.0 0.00000 15 0.00000
229.1 0.00000 15 0.00000
229.2 0.00000 15 0.00000
229.3 0.00000 15 0.00000
229.4 0.00000 15 0.00000
229.5 0.00000 15 0.00000
229.6 0.00000 15 0.00000
229.7 0.00000 15 0.00000
229.8 0.00000 15 0.00000
229.9 0.00000 15 0.00000
230.0 0.00000 15 0.00000
230.1 0.00000 15 0.00000
230.2 0.00000 15 0.00000
230.3 0.00000 15 0.00000
230.4 0.00000 15 0.00000
230.5 0.00000 15 0.00000
230.6 0.00000 15 0.00000
230.7 0.00000 15 0.00000
230.8 0.00000 15 0.00000
230.9 0.00000 15 0.00000
231.0 0.00000 15 0.00000
231.1 0.00000 15 0.00000
231.2 0.00000 15 0.00000
231.3 0.00000 15 0.00000
231.4 0.00000 15 0.00000
231.5 0.00000 15 0.00000
231.6 0.00000 15 0.00000
231.7 0.00000 15 0.00000
231.8 0.00000 15 0.00000
231.9 0.00000 15 0.00000
232.0 0.00000 15 0.00000
232.1 0.00000 15 0.00000
232.2 0.00000 15 0.00000
232.3 0.00000 15 0.00000
232.4 0.00000 15 0.00000
232.5 0.00000 15 0.00000
232.6 0.00000 15 0.00000
232.7 0.00000 15 0.00000
232.8 0.00000 15 0.00000
232.9 0.00000 15 0.00000
233.0 0.00000 15 0.00000
233.1 0.00000 15 0.00000
233.2 0.00000 15 0.00000
233.3 0.00000 15 0.00000
233.4 0.00000 15 0.00000
233.5 0.00000 15 0.00000
233.6 0.00000 15 0.00000
233.7 0.00000 15 0.00000
233.8 0.00000 15 0.00000
233.9 0.00000 15 0.00000
234.0 0.00000 15 0.00000
234.1 0.00000 15 0.00000
234.2 0.00000 15 0.00000
234.3 0.00000 15 0.00000
234.4 0.00000 15 0.00000
234.5 0.00000 15 0.00000
234.6 0.00000 15 0.00000
234.7 0.00000 15 0.00000
234.8 0.00000 15 0.00000
234.9 0.00000 15 0.00000
235.0 0.00000 15 0.00000
235.1 0.00000 15 0.00000
235.2 0.00000 15 0.00000
235.3 0.00000 15 0.00000
235.4 0.00000 15 0.00000
235.5 0.00000 15 0.00000
235.6 0.00000 15 0.00000
235.7 0.00000 15 0.00000
235.8 0.00000 15 0.00000
235.9 0.00000 15 0.00000
236.0 0.00000 15 0.00000
236.1 0.00000 15 0.00000
236.2 0.00000 15 0.00000
236.3 0.00000 15 0.00000
236.4 0.00000 15 0.00000
236.5 0.00000 15 0.00000
236.6 0.00000 15 0.00000
236.7 0.00000 15 0.00000
236.8 0.00000 15 0.00000
236.9 0.00000 15 0.00000
237.0 0.00000 15 0.00000
237.1 0.00000 15 0.00000
237.2 0.00000 15 0.00000
237.3 0.00000 15 0.00000
237.4 0.00000 15 0.00000
237.5 0.00000 15 0.00000
237.6 0.00000 15 0.00000
237.7 0.00000 15 0.00000
237.8 0.00000 15 0.00000
237.9 0.00000 15 0.00000
238.0 0.00000 15 0.00000
238.1 0.00000 15 0.00000
238.2 0.00000 15 0.00000
238.3 0.00000 15 0.00000
238.4 0.00000 15 0.00000
238.5 0.00000 15 0.00000
238.6 0.00000 15 0.00000
238.7 0.00000 15 0.00000
238.8 0.00000 15 0.00000
238.9 0.00000 15 0.00000
239.0 0.00000 15 0.00000
239.1 0.00000 15 0.00000
239.2 0.00000 15 0.00000
239.3 0.00000 15 0.00000
239.4 0.00000 15 0.00000
239.5 0.00000 15 0.00000
239.6 0.00000 15 0.00000
239.7 0.00000 15 0.00000
239.8 0.00000 15 0.00000
239.9 0.00000 15 0.00000
240.0 0.00000 15 0.00000
240.1 0.00000 15 0.00000
240.2 0.00000 15 0.00000
240.3 0.00000 15 0.00000
240.4 0.00000 15 0.00000
240.5 0.00000 15 0.00000
240.6 0.00000 15 0.00000
240.7 0.00000 15 0.00000
240.8 0.00000 15 0.00000
240.9 0.00000 15 0.00000
241.0 0.00000 15 0.00000
241.1 0.00000 15 0.00000
241.2 0.00000 15 0.00000
241.3 0.00000 15 0.00000
241.4 0.00000 15 0.00000
241.5 0.00000 15 0.00000
241.6 0.00000 15 0.00000
241.7 0.00000 15 0.00000
241.8 0.00000 15 0.00000
241.9 0.00000 15 0.00000
242.0 0.00000 15 0.00000
242.1 0.00000 15 0.00000
242.2 0.00000 15 0.00000
242.3 0.00000 15 0.00000
242.4 0.00000 15 0.00000
242.5 0.00000 15 0.00000
242.6 0.00000 15 0.00000
242.7 0.00000 15 0.00000
242.8 0.00000 15 0.00000
242.9 0.00000 15 0.00000
243.0 0.00000 15 0.00000
243.1 0.00000 15 0.00000
243.2 0.00000 15 0.00000
243.3 0.00000 15 0.00000
243.4 0.00000 15 0.00000
243.5 0.00000 15 0.00000
243.6 0.00000 15 0.00000
243.7 0.00000 15 0.00000
243.8 0.00000 15 0.00000
243.9 0.00000 15 0.00000
244.0 0.00000 15 0.00000
244.1 0.00000 15 0.00000
244.2 0.00000 15 0.00000
244.3 0.00000 15 0.00000
244.4 0.00000 15 0.00000
244.5 0.00000 15 0.00000
244.6 0.00000 15 0.00000
244.7 0.00000 15 0.00000
244.8 0.00000 15 0.00000
244.9 0.00000 15 0.00000
245.0 0.00000 15 0.00000
245.1 0.00000 15 0.00000
245.2 0.00000 15 0.00000
245.3 0.00000 15 0.00000
245.4 0.00000 15 0.00000
245.5 0.00000 15 0.00000
245.6 0.00000 15 0.00000
245.7 0.00000 15 0.00000
245.8 0.00000 15 0.00000
245.9 0.00000 15 0.00000
246.0 0.00000 15 0.00000
246.1 0.00000 15 0.00000
246.2 0.00000 15 0.00000
246.3 0.00000 15 0.00000
246.4 0.00000 15 0.00000
246.5 0.00000 15 0.00000
246.6 0.00000 15 0.00000
246.7 0.00000 15 0.00000
246.8 0.00000 15 0.00000
246.9 0.00000 15 0.00000
247.0 0.00000 15 0.00000
247.1 0.00000 15 0.00000
247.2 0.00000 15 0.00000
247.3 0.00000 15 0.00000
247.4 0.00000 15 0.00000
247.5 0.00000 15 0.00000
247.6 0.00000 15 0.00000
247.7 0.00000 15 0.00000
247.8 0.00000 15 0.00000
247.9 0.00000 15 0.00000
248.0 0.00000 15 0.00000
248.1 0.00000 15 0.00000
248.2 0.00000 15 0.00000
248.3 0.00000 15 0.00000
248.4 0.00000 15 0.00000
248.5 0.00000 15 0.00000
248.6 0.00000 15 0.00000
248.7 0.00000 15 0.00000
248.8 0.00000 15 0.00000
248.9 0.00000 15 0.00000
249.0 0.00000 15 0.00000
249.1 0.00000 15 0.00000
249.2 0.00000 15 0.00000
249.3 0.00000 15 0.00000
249.4 0.00000 15 0.00000
249.5 0.00000 15 0.00000
249.6 0.00000 15 0.00000
249.7 0.00000 15 0.00000
249.8 0.00000 15 0.00000
249.9 0.00000 15 0.00000
250.0 0.00000 15 0.00000
