15.0 1.45157 13 0.04471
15.1 1.45909 13 0.04506
15.2 1.46661 13 0.04541
15.3 1.47412 13 0.04576
15.4 1.48164 13 0.04610
15.5 1.48915 13 0.04644
15.6 1.49667 13 0.04678
15.7 1.50418 13 0.04711
15.8 1.51169 13 0.04743
15.9 1.51920 13 0.04776
16.0 1.52670 13 0.04808
16.1 1.53421 13 0.04839
16.2 1.54171 13 0.04870
16.3 1.54922 13 0.04901
16.4 1.55672 13 0.04932
16.5 1.56422 13 0.04962
16.6 1.57172 13 0.04992
16.7 1.57921 13 0.05021
16.8 1.58671 13 0.05051
16.9 1.59420 13 0.05073
17.0 1.60169 13 0.05101
17.1 1.60918 13 0.05129
17.2 1.61667 13 0.05157
17.3 1.62416 13 0.05185
17.4 1.63164 13 0.05212
17.5 1.63913 13 0.05239
17.6 1.64661 13 0.05266
17.7 1.65409 13 0.05292
17.8 1.66157 13 0.05318
17.9 1.66904 13 0.05344
18.0 1.67652 13 0.05369
18.1 1.68399 13 0.05395
18.2 1.69182 13 0.05422
18.3 1.70395 13 0.05483
18.4 1.71617 13 0.05543
18.5 1.72849 13 0.05604
18.6 1.74090 13 0.05665
18.7 1.75340 13 0.05726
18.8 1.76600 13 0.05788
18.9 1.77870 13 0.05849
19.0 1.79149 13 0.05911
19.1 1.80438 13 0.05973
19.2 1.81736 13 0.06035
19.3 1.83045 13 0.06097
19.4 1.84363 13 0.06160
19.5 1.85691 13 0.06223
19.6 1.87030 13 0.06286
19.7 1.88378 13 0.06349
19.8 1.89736 13 0.06412
19.9 1.91105 13 0.06476
20.0 17.45115 14 1.00000
20.1 17.53433 14 1.00000
20.2 17.61747 14 1.00000
20.3 17.70055 14 1.00000
20.4 17.78363 14 1.00000
20.5 17.86672 14 1.00000
20.6 17.94975 14 1.00000
20.7 18.03274 14 1.00000
20.8 18.11568 14 1.00000
20.9 18.19858 14 1.00000
21.0 18.28144 14 1.00000
21.1 18.36423 14 1.00000
21.2 18.44699 14 1.00000
21.3 18.52970 14 1.00000
21.4 18.61236 14 1.00000
21.5 18.69498 14 1.00000
21.6 18.77755 14 1.00000
21.7 18.86007 14 1.00000
21.8 18.94255 14 1.00000
21.9 19.02498 14 1.00000
22.0 19.10736 14 1.00000
22.1 19.18969 14 1.00000
22.2 19.27198 14 1.00000
22.3 19.35422 14 1.00000
22.4 19.43641 14 1.00000
22.5 19.51855 14 1.00000
22.6 19.60065 14 1.00000
22.7 19.68270 14 1.00000
22.8 19.76470 14 1.00000
22.9 5.54970 14 0.24541
23.0 5.66567 14 0.25045
23.1 5.78323 14 0.25553
23.2 5.90239 14 0.26065
23.3 6.02316 14 0.26581
23.4 6.14553 14 0.27101
23.5 6.26952 14 0.27625
23.6 6.39512 14 0.28153
23.7 6.52235 14 0.28685
23.8 6.65122 14 0.29221
23.9 6.78171 14 0.29760
24.0 6.91385 14 0.30304
24.1 7.04763 14 0.30852
24.2 7.18307 14 0.31403
24.3 7.32016 14 0.31959
24.4 7.45891 14 0.32518
24.5 7.59934 14 0.33081
24.6 7.74143 14 0.33648
24.7 7.88521 14 0.34219
24.8 8.03066 14 0.34793
24.9 8.17781 14 0.35371
25.0 8.32666 14 0.35953
25.1 8.47720 14 0.36539
25.2 8.62945 14 0.37129
25.3 8.78342 14 0.37722
25.4 8.93910 14 0.38319
25.5 9.09651 14 0.38919
25.6 9.25564 14 0.39524
25.7 9.41651 14 0.40132
25.8 9.57893 14 0.40744
25.9 9.74322 14 0.41359
26.0 9.90924 14 0.41979
26.1 10.07701 14 0.42601
26.2 10.24652 14 0.43228
26.3 10.41779 14 0.43858
26.4 10.59083 14 0.44492
26.5 10.74963 14 0.45164
26.6 10.92560 14 0.45805
26.7 11.10335 14 0.46449
26.8 11.28297 14 0.47096
26.9 11.46427 14 0.47748
27.0 11.64737 14 0.48402
27.1 11.83226 14 0.49061
27.2 12.01869 14 0.49723
27.3 12.20704 14 0.50389
27.4 12.39719 14 0.51058
27.5 12.56750 14 0.51761
27.6 12.76075 14 0.52436
27.7 12.95586 14 0.53116
27.8 13.15274 14 0.53798
27.9 13.35146 14 0.54484
28.0 13.55159 14 0.55175
28.1 13.75377 14 0.55868
28.2 13.95780 14 0.56565
28.3 14.16368 14 0.57265
28.4 14.34359 14 0.57995
28.5 14.55257 14 0.58702
28.6 14.76341 14 0.59412
28.7 14.97610 14 0.60126
28.8 15.19014 14 0.60843
28.9 15.40633 14 0.61564
29.0 15.62439 14 0.62288
29.1 15.84434 14 0.63016
29.2 16.06612 14 0.63747
29.3 16.28977 14 0.64481
29.4 16.47980 14 0.65241
29.5 16.70659 14 0.65982
29.6 16.93490 14 0.66726
29.7 17.16524 14 0.67474
29.8 17.39746 14 0.68226
29.9 17.63153 14 0.68980
30.0 17.86751 14 0.69739
30.1 18.10541 14 0.70500
30.2 18.34523 14 0.71265
30.3 18.54337 14 0.72051
30.4 18.78635 14 0.72823
30.5 19.03048 14 0.73598
30.6 19.27718 14 0.74376
30.7 19.52554 14 0.75158
30.8 19.77586 14 0.75943
30.9 20.02811 14 0.76732
31.0 20.28232 14 0.77524
31.1 20.53849 14 0.78319
31.2 20.79663 14 0.79118
31.3 21.00304 14 0.79933
31.4 21.26344 14 0.80738
31.5 21.52625 14 0.81547
31.6 21.79110 14 0.82359
31.7 22.05778 14 0.83174
31.8 22.32645 14 0.83993
31.9 22.59710 14 0.84816
32.0 22.86975 14 0.85642
32.1 23.14438 14 0.86471
32.2 23.42102 14 0.87303
32.3 23.63362 14 0.88147
32.4 23.91286 14 0.88986
32.5 24.19405 14 0.89829
32.6 24.47720 14 0.90675
32.7 24.76237 14 0.91524
32.8 25.04954 14 0.92377
32.9 25.33874 14 0.93233
33.0 25.62996 14 0.94092
33.1 25.92321 14 0.94956
33.2 26.21850 14 0.95822
33.3 26.43614 14 0.96694
33.4 26.73372 14 0.97567
33.5 27.03333 14 0.98443
33.6 27.33517 14 0.99323
33.7 27.58386 14 1.00000
33.8 27.65229 14 1.00000
33.9 27.72062 14 1.00000
34.0 27.78888 14 1.00000
34.1 27.85691 14 1.00000
34.2 27.92478 14 1.00000
34.3 27.90449 14 1.00000
34.4 27.97056 14 1.00000
34.5 28.03724 14 1.00000
34.6 28.10428 14 1.00000
34.7 28.17092 14 1.00000
34.8 28.10551 14 1.00000
34.9 28.17232 14 1.00000
35.0 28.23883 14 1.00000
35.1 28.30525 14 1.00000
35.2 28.37157 14 1.00000
35.3 28.19819 14 1.00000
35.4 28.26465 14 1.00000
35.5 28.32918 14 1.00000
35.6 28.39513 14 1.00000
35.7 28.31384 14 1.00000
35.8 28.37938 14 1.00000
35.9 28.44473 14 1.00000
36.0 28.50997 14 1.00000
36.1 28.57508 14 1.00000
36.2 28.02503 14 1.00000
36.3 25.30261 14 1.00000
36.4 23.98686 14 1.00000
36.5 21.37913 14 1.00000
36.6 18.90149 14 1.00000
36.7 16.97217 14 1.00000
36.8 15.68188 14 1.00000
36.9 13.71957 14 1.00000
37.0 13.58315 14 1.00000
37.1 13.56040 14 1.00000
37.2 13.53418 14 1.00000
37.3 13.50781 14 1.00000
37.4 13.46147 14 1.00000
37.5 13.52437 14 1.00000
37.6 13.43021 14 1.00000
37.7 13.46183 14 1.00000
37.8 13.42654 14 1.00000
37.9 13.31567 14 1.00000
38.0 13.34723 14 1.00000
38.1 13.38196 14 1.00000
38.2 13.41653 14 1.00000
38.3 13.45085 14 1.00000
38.4 13.48197 14 1.00000
38.5 13.51669 14 1.00000
38.6 13.55139 14 1.00000
38.7 13.58588 14 1.00000
38.8 13.62014 14 1.00000
38.9 13.65419 14 1.00000
39.0 13.68597 14 1.00000
39.1 13.72056 14 1.00000
39.2 13.75496 14 1.00000
39.3 13.78913 14 1.00000
39.4 13.82305 14 1.00000
39.5 13.86189 14 1.00000
39.6 13.88955 14 1.00000
39.7 13.92374 14 1.00000
39.8 13.95783 14 1.00000
39.9 13.99194 14 1.00000
40.0 14.03442 14 1.00000
40.1 14.07992 14 1.00000
40.2 14.09236 14 1.00000
40.3 14.12622 14 1.00000
40.4 14.16283 14 1.00000
40.5 14.20738 14 1.00000
40.6 14.25195 14 1.00000
40.7 14.31973 14 1.00000
40.8 14.29451 14 1.00000
40.9 14.33616 14 1.00000
41.0 14.38080 14 1.00000
41.1 14.42546 14 1.00000
41.2 14.48464 14 1.00000
41.3 14.46527 14 1.00000
41.4 14.50997 14 1.00000
41.5 14.55470 14 1.00000
41.6 14.60359 14 1.00000
41.7 14.66623 14 1.00000
41.8 14.63948 14 1.00000
41.9 14.68427 14 1.00000
42.0 14.72907 14 1.00000
42.1 14.78924 14 1.00000
42.2 14.84670 14 1.00000
42.3 14.81417 14 1.00000
42.4 14.85904 14 1.00000
42.5 14.91140 14 1.00000
42.6 14.97278 14 1.00000
42.7 14.94442 14 1.00000
42.8 14.98936 14 1.00000
42.9 15.03432 14 1.00000
43.0 15.09868 14 1.00000
43.1 15.07504 14 1.00000
43.2 15.12005 14 1.00000
43.3 15.16507 14 1.00000
43.4 15.16351 14 1.00000
43.5 15.20604 14 1.00000
43.6 15.25111 14 1.00000
43.7 15.26274 14 1.00000
43.8 15.29618 14 1.00000
43.9 15.32790 14 1.00000
44.0 15.36179 14 1.00000
44.1 15.39195 14 1.00000
44.2 15.42149 14 1.00000
44.3 15.44482 14 1.00000
44.4 15.31891 14 1.00000
44.5 15.34149 14 1.00000
44.6 15.37556 14 1.00000
44.7 15.40784 14 1.00000
44.8 15.44102 14 1.00000
44.9 15.47423 14 1.00000
45.0 15.50699 14 1.00000
45.1 15.53991 14 1.00000
45.2 15.57213 14 1.00000
45.3 15.60430 14 1.00000
45.4 15.63623 14 1.00000
45.5 15.67936 14 1.00000
45.6 15.85570 14 1.00000
45.7 15.89079 14 1.00000
45.8 15.92836 14 1.00000
45.9 15.96494 14 1.00000
46.0 15.99730 14 1.00000
46.1 16.03063 14 1.00000
46.2 16.06440 14 1.00000
46.3 16.09764 14 1.00000
46.4 16.13086 14 1.00000
46.5 16.16373 14 1.00000
46.6 16.19657 14 1.00000
46.7 16.22852 14 1.00000
46.8 16.26514 14 1.00000
46.9 16.31073 14 1.00000
47.0 16.35634 14 1.00000
47.1 16.52444 14 1.00000
47.2 16.56145 14 1.00000
47.3 16.59865 14 1.00000
47.4 16.63307 14 1.00000
47.5 16.66677 14 1.00000
47.6 16.70049 14 1.00000
47.7 16.73458 14 1.00000
47.8 16.76810 14 1.00000
47.9 16.80175 14 1.00000
48.0 16.83476 14 1.00000
48.1 16.86710 14 1.00000
48.2 16.90015 14 1.00000
48.3 16.94519 14 1.00000
48.4 16.99093 14 1.00000
48.5 17.03670 14 1.00000
48.6 17.08670 14 1.00000
48.7 17.24235 14 1.00000
48.8 17.28073 14 1.00000
48.9 17.31525 14 1.00000
49.0 17.34916 14 1.00000
49.1 17.38366 14 1.00000
49.2 17.41773 14 1.00000
49.3 17.45171 14 1.00000
49.4 17.48543 14 1.00000
49.5 17.51874 14 1.00000
49.6 17.55169 14 1.00000
49.7 17.58463 14 1.00000
49.8 17.62744 14 1.00000
49.9 17.67342 14 1.00000
50.0 17.71943 14 1.00000
50.1 17.76545 14 1.00000
50.2 17.83343 14 1.00000
50.3 17.89224 14 1.00000
50.4 18.00990 14 1.00000
50.5 18.04657 14 1.00000
50.6 18.08027 14 1.00000
50.7 18.11515 14 1.00000
50.8 18.14967 14 1.00000
50.9 18.18409 14 1.00000
51.0 18.21826 14 1.00000
51.1 18.25190 14 1.00000
51.2 18.28518 14 1.00000
51.3 18.31801 14 1.00000
51.4 18.35910 14 1.00000
51.5 18.40532 14 1.00000
51.6 18.46956 14 1.00000
51.7 18.53220 14 1.00000
51.8 18.58889 14 1.00000
51.9 18.64072 14 1.00000
52.0 18.68839 14 1.00000
52.1 18.79080 14 1.00000
52.2 18.82763 14 1.00000
52.3 18.86218 14 1.00000
52.4 18.89724 14 1.00000
52.5 18.93216 14 1.00000
52.6 18.96713 14 1.00000
52.7 19.00137 14 1.00000
52.8 19.03522 14 1.00000
52.9 19.06915 14 1.00000
53.0 19.10201 14 1.00000
53.1 19.14055 14 1.00000
53.2 19.18698 14 1.00000
53.3 19.23344 14 1.00000
53.4 19.30692 14 1.00000
53.5 19.36652 14 1.00000
53.6 19.42171 14 1.00000
53.7 19.47225 14 1.00000
53.8 19.51942 14 1.00000
53.9 19.62520 14 1.00000
54.0 19.66105 14 1.00000
54.1 19.69604 14 1.00000
54.2 19.73148 14 1.00000
54.3 19.76696 14 1.00000
54.4 19.80222 14 1.00000
54.5 19.83698 14 1.00000
54.6 19.87152 14 1.00000
54.7 19.90562 14 1.00000
54.8 19.93877 14 1.00000
54.9 19.97331 14 1.00000
55.0 20.01870 14 1.00000
55.1 20.06534 14 1.00000
55.2 20.11201 14 1.00000
55.3 20.18878 14 1.00000
55.4 20.24807 14 1.00000
55.5 20.30282 14 1.00000
55.6 20.35350 14 1.00000
55.7 20.40071 14 1.00000
55.8 20.51207 14 1.00000
55.9 20.54858 14 1.00000
56.0 20.58384 14 1.00000
56.1 20.61978 14 1.00000
56.2 20.65919 14 1.00000
56.3 20.69473 14 1.00000
56.4 20.73699 14 1.00000
56.5 20.77121 14 1.00000
56.6 20.81425 14 1.00000
56.7 20.84671 14 1.00000
56.8 20.89175 14 1.00000
56.9 20.94348 14 1.00000
57.0 20.97320 14 1.00000
57.1 21.02183 14 1.00000
57.2 21.05076 14 1.00000
57.3 21.10296 14 1.00000
57.4 21.15749 14 1.00000
57.5 21.18273 14 1.00000
57.6 21.23946 14 1.00000
57.7 21.29886 14 1.00000
57.8 21.32125 14 1.00000
57.9 21.37710 14 1.00000
58.0 21.41323 14 1.00000
58.1 21.45975 14 1.00000
58.2 21.51755 14 1.00000
58.3 21.58380 14 1.00000
58.4 21.59978 14 1.00000
58.5 21.66020 14 1.00000
58.6 21.72617 14 1.00000
58.7 21.73992 14 1.00000
58.8 21.79882 14 1.00000
58.9 21.86707 14 1.00000
59.0 21.88012 14 1.00000
59.1 21.94108 14 1.00000
59.2 22.00633 14 1.00000
59.3 22.05639 14 1.00000
59.4 22.07950 14 1.00000
59.5 22.14584 14 1.00000
59.6 22.21473 14 1.00000
59.7 22.21342 14 1.00000
59.8 22.28490 14 1.00000
59.9 22.35262 14 1.00000
60.0 22.42249 14 1.00000
60.1 22.41752 14 1.00000
60.2 22.48788 14 1.00000
60.3 22.55684 14 1.00000
60.4 22.62787 14 1.00000
60.5 22.61734 14 1.00000
60.6 22.68891 14 1.00000
60.7 22.75857 14 1.00000
60.8 22.82773 14 1.00000
60.9 22.81641 14 1.00000
61.0 22.88765 14 1.00000
61.1 22.95448 14 1.00000
61.2 23.02607 14 1.00000
61.3 23.04385 14 1.00000
61.4 23.08127 14 1.00000
61.5 23.14960 14 1.00000
61.6 23.21863 14 1.00000
61.7 23.29146 14 1.00000
61.8 23.27074 14 1.00000
61.9 23.34266 14 1.00000
62.0 23.41048 14 1.00000
62.1 23.48012 14 1.00000
62.2 23.43335 14 1.00000
62.3 23.52787 14 1.00000
62.4 23.59791 14 1.00000
62.5 23.67081 14 1.00000
62.6 23.62180 14 1.00000
62.7 23.65005 14 1.00000
62.8 23.77858 14 1.00000
62.9 23.85059 14 1.00000
63.0 23.81153 14 1.00000
63.1 23.84782 14 1.00000
63.2 23.85160 14 1.00000
63.3 24.02380 14 1.00000
63.4 24.09621 14 1.00000
63.5 24.04312 14 1.00000
63.6 24.07230 14 1.00000
63.7 24.08683 14 1.00000
63.8 24.13336 14 1.00000
63.9 24.33523 14 1.00000
64.0 24.27296 14 1.00000
64.1 24.30329 14 1.00000
64.2 24.32239 14 1.00000
64.3 24.36890 14 1.00000
64.4 24.41415 14 1.00000
64.5 24.50492 14 1.00000
64.6 24.52575 14 1.00000
64.7 24.54778 14 1.00000
64.8 24.59140 14 1.00000
64.9 24.63949 14 1.00000
65.0 24.71962 14 1.00000
65.1 24.74443 14 1.00000
65.2 24.76908 14 1.00000
65.3 24.81283 14 1.00000
65.4 24.86182 14 1.00000
65.5 24.94406 14 1.00000
65.6 25.01725 14 1.00000
65.7 25.00447 14 1.00000
65.8 25.03491 14 1.00000
65.9 25.07874 14 1.00000
66.0 25.15544 14 1.00000
66.1 25.23281 14 1.00000
66.2 25.30459 14 1.00000
66.3 25.37698 14 1.00000
66.4 25.38120 14 1.00000
66.5 25.35486 14 1.00000
66.6 25.43583 14 1.00000
66.7 25.50630 14 1.00000
66.8 25.58003 14 1.00000
66.9 25.65323 14 1.00000
67.0 25.72353 14 1.00000
67.1 25.67576 14 1.00000
67.2 25.70407 14 1.00000
67.3 25.77558 14 1.00000
67.4 25.84877 14 1.00000
67.5 25.91865 14 1.00000
67.6 25.99049 14 1.00000
67.7 25.94458 14 1.00000
67.8 25.98800 14 1.00000
67.9 26.00657 14 1.00000
68.0 26.10353 14 1.00000
68.1 26.17611 14 1.00000
68.2 26.24407 14 1.00000
68.3 26.31878 14 1.00000
68.4 26.26436 14 1.00000
68.5 26.29908 14 1.00000
68.6 26.28841 14 1.00000
68.7 26.33127 14 1.00000
68.8 26.48959 14 1.00000
68.9 26.56041 14 1.00000
69.0 26.63143 14 1.00000
69.1 26.58329 14 1.00000
69.2 26.62039 14 1.00000
69.3 26.64356 14 1.00000
69.4 26.64651 14 1.00000
69.5 26.69103 14 1.00000
69.6 26.73560 14 1.00000
69.7 26.93155 14 1.00000
69.8 26.89764 14 1.00000
69.9 26.94791 14 1.00000
70.0 26.98262 14 1.00000
70.1 26.97648 14 1.00000
70.2 27.00765 14 1.00000
70.3 27.05230 14 1.00000
70.4 27.09702 14 1.00000
70.5 27.16107 14 1.00000
70.6 27.19530 14 1.00000
70.7 27.31122 14 1.00000
70.8 27.35599 14 1.00000
70.9 27.38403 14 1.00000
71.0 27.37579 14 1.00000
71.1 27.41512 14 1.00000
71.2 27.46000 14 1.00000
71.3 27.50517 14 1.00000
71.4 27.57722 14 1.00000
71.5 27.64937 14 1.00000
71.6 27.64163 14 1.00000
71.7 27.76544 14 1.00000
71.8 27.80232 14 1.00000
71.9 27.79991 14 1.00000
72.0 27.82452 14 1.00000
72.1 27.86956 14 1.00000
72.2 27.91459 14 1.00000
72.3 27.96983 14 1.00000
72.4 28.04564 14 1.00000
72.5 28.11659 14 1.00000
72.6 28.18593 14 1.00000
72.7 28.14250 14 1.00000
72.8 28.27021 14 1.00000
72.9 28.27005 14 1.00000
73.0 28.29066 14 1.00000
73.1 28.32633 14 1.00000
73.2 28.37159 14 1.00000
73.3 28.41794 14 1.00000
73.4 28.48727 14 1.00000
73.5 28.56141 14 1.00000
73.6 28.62714 14 1.00000
73.7 28.69532 14 1.00000
73.8 28.76287 14 1.00000
73.9 28.70178 14 1.00000
74.0 28.81120 14 1.00000
74.1 28.81586 14 1.00000
74.2 28.83392 14 1.00000
74.3 28.87638 14 1.00000
74.4 28.92187 14 1.00000
74.5 28.97323 14 1.00000
74.6 29.04459 14 1.00000
74.7 29.11601 14 1.00000
74.8 29.18022 14 1.00000
74.9 29.24657 14 1.00000
75.0 29.31285 14 1.00000
75.1 29.37712 14 1.00000
75.2 29.31158 14 1.00000
75.3 29.38826 14 1.00000
75.4 29.41735 14 1.00000
75.5 29.43674 14 1.00000
75.6 29.47550 14 1.00000
75.7 29.52124 14 1.00000
75.8 29.57014 14 1.00000
75.9 29.63820 14 1.00000
76.0 29.71071 14 1.00000
76.1 29.77704 14 1.00000
76.2 29.84090 14 1.00000
76.3 29.90732 14 1.00000
76.4 29.97042 14 1.00000
76.5 30.03727 14 1.00000
76.6 29.93773 14 1.00000
76.7 30.07381 14 1.00000
76.8 30.08497 14 1.00000
76.9 30.11292 14 1.00000
77.0 30.13242 14 1.00000
77.1 30.17051 14 1.00000
77.2 30.21659 14 1.00000
77.3 30.26328 14 1.00000
77.4 30.33035 14 1.00000
77.5 30.40065 14 1.00000
77.6 30.46561 14 1.00000
77.7 30.53193 14 1.00000
77.8 30.59644 14 1.00000
77.9 30.66216 14 1.00000
78.0 30.72525 14 1.00000
78.1 30.66721 14 1.00000
78.2 30.79237 14 1.00000
78.3 30.83073 14 1.00000
78.4 30.84476 14 1.00000
78.5 30.88353 14 1.00000
78.6 30.91502 14 1.00000
78.7 30.93543 14 1.00000
78.8 30.96337 14 1.00000
78.9 31.00980 14 1.00000
79.0 31.05623 14 1.00000
79.1 31.11139 14 1.00000
79.2 31.17889 14 1.00000
79.3 31.24593 14 1.00000
79.4 31.30972 14 1.00000
79.5 31.37301 14 1.00000
79.6 31.43922 14 1.00000
79.7 31.38459 14 1.00000
79.8 31.54519 14 1.00000
79.9 31.59943 14 1.00000
80.0 31.64722 14 1.00000
80.1 31.69497 14 1.00000
80.2 31.73692 14 1.00000
80.3 31.78007 14 1.00000
80.4 31.79620 14 1.00000
80.5 31.83045 14 1.00000
80.6 31.86984 14 1.00000
80.7 31.89876 14 1.00000
80.8 31.91938 14 1.00000
80.9 31.94994 14 1.00000
81.0 31.99677 14 1.00000
81.1 32.04473 14 1.00000
81.2 32.10364 14 1.00000
81.3 32.16917 14 1.00000
81.4 32.22311 14 1.00000
81.5 32.35139 14 1.00000
81.6 32.43639 14 1.00000
81.7 32.49564 14 1.00000
81.8 32.55383 14 1.00000
81.9 32.61663 14 1.00000
82.0 32.67152 14 1.00000
82.1 32.63800 14 1.00000
82.2 32.69124 14 1.00000
82.3 32.74327 14 1.00000
82.4 32.79414 14 1.00000
82.5 32.84138 14 1.00000
82.6 32.88351 14 1.00000
82.7 32.93029 14 1.00000
82.8 32.97064 14 1.00000
82.9 32.98735 14 1.00000
83.0 33.03212 14 1.00000
83.1 33.06114 14 1.00000
83.2 33.10329 14 1.00000
83.3 33.13186 14 1.00000
83.4 33.15554 14 1.00000
83.5 33.23922 14 1.00000
83.6 33.36791 14 1.00000
83.7 33.36789 14 1.00000
83.8 33.42999 14 1.00000
83.9 33.48850 14 1.00000
84.0 33.54568 14 1.00000
84.1 33.60000 14 1.00000
84.2 33.66125 14 1.00000
84.3 33.71691 14 1.00000
84.4 33.77427 14 1.00000
84.5 33.82999 14 1.00000
84.6 33.89135 14 1.00000
84.7 33.94292 14 1.00000
84.8 34.00364 14 1.00000
84.9 34.05729 14 1.00000
85.0 34.02624 14 1.00000
85.1 34.08274 14 1.00000
85.2 34.13344 14 1.00000
85.3 34.18596 14 1.00000
85.4 34.23544 14 1.00000
85.5 34.28849 14 1.00000
85.6 34.33775 14 1.00000
85.7 34.37189 14 1.00000
85.8 34.44608 14 1.00000
85.9 34.33715 14 1.00000
86.0 34.44389 14 1.00000
86.1 34.47507 14 1.00000
86.2 34.50337 14 1.00000
86.3 34.53267 14 1.00000
86.4 34.57299 14 1.00000
86.5 34.62388 14 1.00000
86.6 34.67898 14 1.00000
86.7 34.73772 14 1.00000
86.8 34.79844 14 1.00000
86.9 34.86024 14 1.00000
87.0 34.92024 14 1.00000
87.1 34.98043 14 1.00000
87.2 35.03515 14 1.00000
87.3 35.09275 14 1.00000
87.4 35.15268 14 1.00000
87.5 35.20769 14 1.00000
87.6 35.26486 14 1.00000
87.7 35.32359 14 1.00000
87.8 35.37710 14 1.00000
87.9 35.43113 14 1.00000
88.0 35.48840 14 1.00000
88.1 35.54546 14 1.00000
88.2 35.59392 14 1.00000
88.3 35.60500 14 1.00000
88.4 35.59058 14 1.00000
88.5 35.73420 14 1.00000
88.6 35.78207 14 1.00000
88.7 35.83990 14 1.00000
88.8 35.88255 14 1.00000
88.9 35.94148 14 1.00000
89.0 35.99463 14 1.00000
89.1 36.04110 14 1.00000
89.2 36.08997 14 1.00000
89.3 36.14404 14 1.00000
89.4 36.19571 14 1.00000
89.5 36.24617 14 1.00000
89.6 36.29599 14 1.00000
89.7 36.34533 14 1.00000
89.8 36.39384 14 1.00000
89.9 36.44131 14 1.00000
90.0 36.48671 14 1.00000
90.1 36.52755 14 1.00000
90.2 36.58406 14 1.00000
90.3 36.60745 14 1.00000
90.4 36.65813 14 1.00000
90.5 36.70509 14 1.00000
90.6 36.74816 14 1.00000
90.7 36.79404 14 1.00000
90.8 36.84494 14 1.00000
90.9 36.88687 14 1.00000
91.0 36.93031 14 1.00000
91.1 36.97956 14 1.00000
91.2 37.02072 14 1.00000
91.3 37.08658 14 1.00000
91.4 37.15078 14 1.00000
91.5 37.23088 14 1.00000
91.6 37.26836 14 1.00000
91.7 37.34598 14 1.00000
91.8 37.23966 14 1.00000
91.9 37.29650 14 1.00000
92.0 37.35292 14 1.00000
92.1 37.40942 14 1.00000
92.2 37.46511 14 1.00000
92.3 37.52033 14 1.00000
92.4 37.57679 14 1.00000
92.5 37.63116 14 1.00000
92.6 37.68320 14 1.00000
92.7 37.73502 14 1.00000
92.8 37.78928 14 1.00000
92.9 37.84692 14 1.00000
93.0 37.90257 14 1.00000
93.1 37.95469 14 1.00000
93.2 37.99950 14 1.00000
93.3 38.06128 14 1.00000
93.4 38.11794 14 1.00000
93.5 38.17042 14 1.00000
93.6 38.21581 14 1.00000
93.7 38.27652 14 1.00000
93.8 38.33354 14 1.00000
93.9 38.37834 14 1.00000
94.0 38.42315 14 1.00000
94.1 38.47317 14 1.00000
94.2 38.52261 14 1.00000
94.3 38.57188 14 1.00000
94.4 38.62106 14 1.00000
94.5 38.67066 14 1.00000
94.6 38.72002 14 1.00000
94.7 38.75645 14 1.00000
94.8 38.75059 14 1.00000
94.9 38.82657 14 1.00000
95.0 38.93387 14 1.00000
95.1 38.99347 14 1.00000
95.2 39.04319 14 1.00000
95.3 39.09253 14 1.00000
95.4 39.14198 14 1.00000
95.5 39.19130 14 1.00000
95.6 39.24072 14 1.00000
95.7 39.29002 14 1.00000
95.8 39.33939 14 1.00000
95.9 39.38900 14 1.00000
96.0 39.43813 14 1.00000
96.1 39.48709 14 1.00000
96.2 39.53643 14 1.00000
96.3 39.58536 14 1.00000
96.4 39.63445 14 1.00000
96.5 39.68346 14 1.00000
96.6 39.68486 14 1.00000
96.7 39.77773 14 1.00000
96.8 39.80694 14 1.00000
96.9 39.83768 14 1.00000
97.0 39.93243 14 1.00000
97.1 39.96463 14 1.00000
97.2 39.99817 14 1.00000
97.3 40.03321 14 1.00000
97.4 40.06936 14 1.00000
97.5 40.16701 14 1.00000
97.6 40.20514 14 1.00000
97.7 40.29296 14 1.00000
97.8 40.38208 14 1.00000
97.9 40.47136 14 1.00000
98.0 40.56048 14 1.00000
98.1 40.64987 14 1.00000
98.2 40.73909 14 1.00000
98.3 40.82854 14 1.00000
98.4 40.91772 14 1.00000
98.5 41.00727 14 1.00000
98.6 41.09650 14 1.00000
98.7 40.50000 14 1.00000
98.8 40.50000 14 1.00000
98.9 40.50000 14 1.00000
99.0 40.50000 14 1.00000
99.1 40.50000 14 1.00000
99.2 40.50000 14 1.00000
99.3 40.50000 14 1.00000
99.4 40.50000 14 1.00000
99.5 40.50000 14 1.00000
99.6 40.50000 14 1.00000
99.7 40.50000 14 1.00000
99.8 40.50000 14 1.00000
99.9 40.50000 14 1.00000
100.0 40.50000 14 1.00000
100.1 40.50000 14 1.00000
100.2 40.50000 14 1.00000
100.3 40.50000 14 1.00000
100.4 40.50000 14 1.00000
100.5 40.50000 14 1.00000
100.6 40.50000 14 1.00000
100.7 40.50000 14 1.00000
100.8 40.50000 14 1.00000
100.9 40.50000 14 1.00000
101.0 40.50000 14 1.00000
101.1 40.50000 14 1.00000
101.2 40.50000 14 1.00000
101.3 40.50000 14 1.00000
101.4 40.50000 14 1.00000
101.5 40.50000 14 1.00000
101.6 40.50000 14 1.00000
101.7 40.50000 14 1.00000
101.8 40.50000 14 1.00000
101.9 40.50000 14 1.00000
102.0 40.50000 14 1.00000
102.1 40.50000 14 1.00000
102.2 40.50000 14 1.00000
102.3 40.50000 14 1.00000
102.4 40.50000 14 1.00000
102.5 40.50000 14 1.00000
102.6 40.50000 14 1.00000
102.7 40.50000 14 1.00000
102.8 40.50000 14 1.00000
102.9 40.50000 14 1.00000
103.0 40.50000 14 1.00000
103.1 40.50000 14 1.00000
103.2 40.50000 14 1.00000
103.3 40.50000 14 1.00000
103.4 40.50000 14 1.00000
103.5 40.50000 14 1.00000
103.6 40.50000 14 1.00000
103.7 40.50000 14 1.00000
103.8 40.50000 14 1.00000
103.9 40.50000 14 1.00000
104.0 40.50000 14 1.00000
104.1 40.50000 14 1.00000
104.2 40.50000 14 1.00000
104.3 40.50000 14 1.00000
104.4 40.50000 14 1.00000
104.5 40.50000 14 1.00000
104.6 40.50000 14 1.00000
104.7 40.50000 14 1.00000
104.8 40.50000 14 1.00000
104.9 40.50000 14 1.00000
105.0 40.50000 14 1.00000
105.1 40.50000 14 1.00000
105.2 40.50000 14 1.00000
105.3 40.50000 14 1.00000
105.4 40.50000 14 1.00000
105.5 40.50000 14 1.00000
105.6 40.50000 14 1.00000
105.7 40.50000 14 1.00000
105.8 40.50000 14 1.00000
105.9 40.50000 14 1.00000
106.0 40.50000 14 1.00000
106.1 40.50000 14 1.00000
106.2 40.50000 14 1.00000
106.3 40.50000 14 1.00000
106.4 40.50000 14 1.00000
106.5 40.50000 14 1.00000
106.6 40.50000 14 1.00000
106.7 40.50000 14 1.00000
106.8 40.50000 14 1.00000
106.9 40.50000 14 1.00000
107.0 40.50000 14 1.00000
107.1 40.50000 14 1.00000
107.2 40.50000 14 1.00000
107.3 40.50000 14 1.00000
107.4 40.50000 14 1.00000
107.5 40.50000 14 1.00000
107.6 40.50000 14 1.00000
107.7 40.50000 14 1.00000
107.8 40.50000 14 1.00000
107.9 40.50000 14 1.00000
108.0 40.50000 14 1.00000
108.1 40.50000 14 1.00000
108.2 40.50000 14 1.00000
108.3 40.50000 14 1.00000
108.4 40.50000 14 1.00000
108.5 40.50000 14 1.00000
108.6 40.50000 14 1.00000
108.7 40.50000 14 1.00000
108.8 40.50000 14 1.00000
108.9 40.50000 14 1.00000
109.0 40.50000 14 1.00000
109.1 40.50000 14 1.00000
109.2 40.50000 14 1.00000
109.3 40.50000 14 1.00000
109.4 40.50000 14 1.00000
109.5 40.50000 14 1.00000
109.6 40.50000 14 1.00000
109.7 40.50000 14 1.00000
109.8 40.50000 14 1.00000
109.9 40.50000 14 1.00000
110.0 40.50000 14 1.00000
110.1 40.50000 14 1.00000
110.2 40.50000 14 1.00000
110.3 40.50000 14 1.00000
110.4 40.50000 14 1.00000
110.5 40.50000 14 1.00000
110.6 40.50000 14 1.00000
110.7 40.50000 14 1.00000
110.8 40.50000 14 1.00000
110.9 40.50000 14 1.00000
111.0 40.50000 14 1.00000
111.1 40.50000 14 1.00000
111.2 40.50000 14 1.00000
111.3 40.50000 14 1.00000
111.4 40.50000 14 1.00000
111.5 40.50000 14 1.00000
111.6 40.50000 14 1.00000
111.7 40.50000 14 1.00000
111.8 40.50000 14 1.00000
111.9 40.50000 14 1.00000
112.0 40.50000 14 1.00000
112.1 40.50000 14 1.00000
112.2 40.50000 14 1.00000
112.3 40.50000 14 1.00000
112.4 40.50000 14 1.00000
112.5 40.50000 14 1.00000
112.6 40.50000 14 1.00000
112.7 40.50000 14 1.00000
112.8 40.50000 14 1.00000
112.9 40.50000 14 1.00000
113.0 40.50000 14 1.00000
113.1 40.50000 14 1.00000
113.2 40.50000 14 1.00000
113.3 40.50000 14 1.00000
113.4 40.50000 14 1.00000
113.5 40.50000 14 1.00000
113.6 40.50000 14 1.00000
113.7 40.50000 14 1.00000
113.8 40.50000 14 1.00000
113.9 40.50000 14 1.00000
114.0 40.50000 14 1.00000
114.1 40.50000 14 1.00000
114.2 40.50000 14 1.00000
114.3 40.50000 14 1.00000
114.4 40.50000 14 1.00000
114.5 40.50000 14 1.00000
114.6 40.50000 14 1.00000
114.7 40.50000 14 1.00000
114.8 40.50000 14 1.00000
114.9 40.50000 14 1.00000
115.0 40.50000 14 1.00000
115.1 40.50000 14 1.00000
115.2 40.50000 14 1.00000
115.3 40.50000 14 1.00000
115.4 40.50000 14 1.00000
115.5 40.50000 14 1.00000
115.6 40.50000 14 1.00000
115.7 40.50000 14 1.00000
115.8 40.50000 14 1.00000
115.9 40.50000 14 1.00000
116.0 40.50000 14 1.00000
116.1 40.50000 14 1.00000
116.2 40.50000 14 1.00000
116.3 40.50000 14 1.00000
116.4 40.50000 14 1.00000
116.5 40.50000 14 1.00000
116.6 40.50000 14 1.00000
116.7 40.50000 14 1.00000
116.8 40.50000 14 1.00000
116.9 40.50000 14 1.00000
117.0 40.50000 14 1.00000
117.1 40.50000 14 1.00000
117.2 40.50000 14 1.00000
117.3 40.50000 14 1.00000
117.4 40.50000 14 1.00000
117.5 40.50000 14 1.00000
117.6 40.50000 14 1.00000
117.7 40.50000 14 1.00000
117.8 40.50000 14 1.00000
117.9 40.50000 14 1.00000
118.0 40.50000 14 1.00000
118.1 40.50000 14 1.00000
118.2 40.50000 14 1.00000
118.3 40.50000 14 1.00000
118.4 40.50000 14 1.00000
118.5 40.50000 14 1.00000
118.6 40.50000 14 1.00000
118.7 40.50000 14 1.00000
118.8 40.50000 14 1.00000
118.9 40.50000 14 1.00000
119.0 40.50000 14 1.00000
119.1 40.50000 14 1.00000
119.2 40.50000 14 1.00000
119.3 40.50000 14 1.00000
119.4 40.50000 14 1.00000
119.5 40.50000 14 1.00000
119.6 40.50000 14 1.00000
119.7 40.50000 14 1.00000
119.8 40.50000 14 1.00000
119.9 40.50000 14 1.00000
120.0 40.50000 14 1.00000
120.1 40.50000 14 1.00000
120.2 40.50000 14 1.00000
120.3 40.50000 14 1.00000
120.4 40.50000 14 1.00000
120.5 40.50000 14 1.00000
120.6 40.50000 14 1.00000
120.7 40.50000 14 1.00000
120.8 40.50000 14 1.00000
120.9 40.50000 14 1.00000
121.0 40.50000 14 1.00000
121.1 40.50000 14 1.00000
121.2 40.50000 14 1.00000
121.3 40.50000 14 1.00000
121.4 40.50000 14 1.00000
121.5 40.50000 14 1.00000
121.6 40.50000 14 1.00000
121.7 40.50000 14 1.00000
121.8 40.50000 14 1.00000
121.9 40.50000 14 1.00000
122.0 40.50000 14 1.00000
122.1 40.50000 14 1.00000
122.2 40.50000 14 1.00000
122.3 40.50000 14 1.00000
122.4 40.50000 14 1.00000
122.5 40.50000 14 1.00000
122.6 40.50000 14 1.00000
122.7 40.50000 14 1.00000
122.8 40.50000 14 1.00000
122.9 40.50000 14 1.00000
123.0 40.50000 14 1.00000
123.1 40.50000 14 1.00000
123.2 40.50000 14 1.00000
123.3 40.50000 14 1.00000
123.4 40.50000 14 1.00000
123.5 40.50000 14 1.00000
123.6 40.50000 14 1.00000
123.7 40.50000 14 1.00000
123.8 40.50000 14 1.00000
123.9 40.50000 14 1.00000
124.0 40.50000 14 1.00000
124.1 40.50000 14 1.00000
124.2 40.50000 14 1.00000
124.3 40.50000 14 1.00000
124.4 40.50000 14 1.00000
124.5 40.50000 14 1.00000
124.6 40.50000 14 1.00000
124.7 40.50000 14 1.00000
124.8 40.50000 14 1.00000
124.9 40.50000 14 1.00000
125.0 40.50000 14 1.00000
125.1 40.50000 14 1.00000
125.2 40.50000 14 1.00000
125.3 40.50000 14 1.00000
125.4 40.50000 14 1.00000
125.5 40.50000 14 1.00000
125.6 40.50000 14 1.00000
125.7 40.50000 14 1.00000
125.8 40.50000 14 1.00000
125.9 40.50000 14 1.00000
126.0 40.50000 14 1.00000
126.1 40.50000 14 1.00000
126.2 40.50000 14 1.00000
126.3 40.50000 14 1.00000
126.4 40.50000 14 1.00000
126.5 40.50000 14 1.00000
126.6 40.50000 14 1.00000
126.7 40.50000 14 1.00000
126.8 40.50000 14 1.00000
126.9 40.50000 14 1.00000
127.0 40.50000 14 1.00000
127.1 40.50000 14 1.00000
127.2 40.50000 14 1.00000
127.3 40.50000 14 1.00000
127.4 40.50000 14 1.00000
127.5 40.50000 14 1.00000
127.6 40.50000 14 1.00000
127.7 40.50000 14 1.00000
127.8 40.50000 14 1.00000
127.9 40.50000 14 1.00000
128.0 40.50000 14 1.00000
128.1 40.50000 14 1.00000
128.2 40.50000 14 1.00000
128.3 40.50000 14 1.00000
128.4 40.50000 14 1.00000
128.5 40.50000 14 1.00000
128.6 40.50000 14 1.00000
128.7 40.50000 14 1.00000
128.8 40.50000 14 1.00000
128.9 40.50000 14 1.00000
129.0 40.50000 14 1.00000
129.1 40.50000 14 1.00000
129.2 40.50000 14 1.00000
129.3 40.50000 14 1.00000
129.4 40.50000 14 1.00000
129.5 40.50000 14 1.00000
129.6 40.50000 14 1.00000
129.7 40.50000 14 1.00000
129.8 40.50000 14 1.00000
129.9 40.50000 14 1.00000
130.0 40.50000 14 1.00000
130.1 40.50000 14 1.00000
130.2 40.50000 14 1.00000
130.3 40.50000 14 1.00000
130.4 40.50000 14 1.00000
130.5 40.50000 14 1.00000
130.6 40.50000 14 1.00000
130.7 40.50000 14 1.00000
130.8 40.50000 14 1.00000
130.9 40.50000 14 1.00000
131.0 40.50000 14 1.00000
131.1 40.50000 14 1.00000
131.2 40.50000 14 1.00000
131.3 40.50000 14 1.00000
131.4 40.50000 14 1.00000
131.5 40.50000 14 1.00000
131.6 40.50000 14 1.00000
131.7 40.50000 14 1.00000
131.8 40.50000 14 1.00000
131.9 40.50000 14 1.00000
132.0 40.50000 14 1.00000
132.1 40.50000 14 1.00000
132.2 40.50000 14 1.00000
132.3 40.50000 14 1.00000
132.4 40.50000 14 1.00000
132.5 40.50000 14 1.00000
132.6 40.50000 14 1.00000
132.7 40.50000 14 1.00000
132.8 40.50000 14 1.00000
132.9 40.50000 14 1.00000
133.0 40.50000 14 1.00000
133.1 40.50000 14 1.00000
133.2 40.50000 14 1.00000
133.3 40.50000 14 1.00000
133.4 40.50000 14 1.00000
133.5 40.50000 14 1.00000
133.6 40.50000 14 1.00000
133.7 40.50000 14 1.00000
133.8 40.50000 14 1.00000
133.9 40.50000 14 1.00000
134.0 40.50000 14 1.00000
134.1 40.50000 14 1.00000
134.2 40.50000 14 1.00000
134.3 40.50000 14 1.00000
134.4 40.50000 14 1.00000
134.5 40.50000 14 1.00000
134.6 40.50000 14 1.00000
134.7 40.50000 14 1.00000
134.8 40.50000 14 1.00000
134.9 40.50000 14 1.00000
135.0 40.50000 14 1.00000
135.1 40.50000 14 1.00000
135.2 40.50000 14 1.00000
135.3 40.50000 14 1.00000
135.4 40.50000 14 1.00000
135.5 40.50000 14 1.00000
135.6 40.50000 14 1.00000
135.7 40.50000 14 1.00000
135.8 40.50000 14 1.00000
135.9 40.50000 14 1.00000
136.0 40.50000 14 1.00000
136.1 40.50000 14 1.00000
136.2 40.50000 14 1.00000
136.3 40.50000 14 1.00000
136.4 40.50000 14 1.00000
136.5 40.50000 14 1.00000
136.6 40.50000 14 1.00000
136.7 40.50000 14 1.00000
136.8 40.50000 14 1.00000
136.9 40.50000 14 1.00000
137.0 40.50000 14 1.00000
137.1 40.50000 14 1.00000
137.2 40.50000 14 1.00000
137.3 40.50000 14 1.00000
137.4 40.50000 14 1.00000
137.5 40.50000 14 1.00000
137.6 40.50000 14 1.00000
137.7 40.50000 14 1.00000
137.8 40.50000 14 1.00000
137.9 40.50000 14 1.00000
138.0 40.50000 14 1.00000
138.1 40.50000 14 1.00000
138.2 40.50000 14 1.00000
138.3 40.50000 14 1.00000
138.4 40.50000 14 1.00000
138.5 40.50000 14 1.00000
138.6 40.50000 14 1.00000
138.7 40.50000 14 1.00000
138.8 40.50000 14 1.00000
138.9 40.50000 14 1.00000
139.0 40.50000 14 1.00000
139.1 40.50000 14 1.00000
139.2 40.50000 14 1.00000
139.3 40.50000 14 1.00000
139.4 40.50000 14 1.00000
139.5 40.50000 14 1.00000
139.6 40.50000 14 1.00000
139.7 40.50000 14 1.00000
139.8 40.50000 14 1.00000
139.9 40.50000 14 1.00000
140.0 40.50000 14 1.00000
140.1 40.50000 14 1.00000
140.2 40.50000 14 1.00000
140.3 40.50000 14 1.00000
140.4 40.50000 14 1.00000
140.5 40.50000 14 1.00000
140.6 40.50000 14 1.00000
140.7 40.50000 14 1.00000
140.8 40.50000 14 1.00000
140.9 40.50000 14 1.00000
141.0 40.50000 14 1.00000
141.1 40.50000 14 1.00000
141.2 40.50000 14 1.00000
141.3 40.50000 14 1.00000
141.4 40.50000 14 1.00000
141.5 40.50000 14 1.00000
141.6 40.50000 14 1.00000
141.7 40.50000 14 1.00000
141.8 40.50000 14 1.00000
141.9 40.50000 14 1.00000
142.0 40.50000 14 1.00000
142.1 40.50000 14 1.00000
142.2 40.50000 14 1.00000
142.3 40.50000 14 1.00000
142.4 40.50000 14 1.00000
142.5 40.50000 14 1.00000
142.6 40.50000 14 1.00000
142.7 40.50000 14 1.00000
142.8 40.50000 14 1.00000
142.9 40.50000 14 1.00000
143.0 40.50000 14 1.00000
143.1 40.50000 14 1.00000
143.2 40.50000 14 1.00000
143.3 40.50000 14 1.00000
143.4 40.50000 14 1.00000
143.5 40.50000 14 1.00000
143.6 40.50000 14 1.00000
143.7 40.50000 14 1.00000
143.8 40.50000 14 1.00000
143.9 40.50000 14 1.00000
144.0 40.50000 14 1.00000
144.1 40.50000 14 1.00000
144.2 40.50000 14 1.00000
144.3 40.50000 14 1.00000
144.4 40.50000 14 1.00000
144.5 40.50000 14 1.00000
144.6 40.50000 14 1.00000
144.7 40.50000 14 1.00000
144.8 40.50000 14 1.00000
144.9 40.50000 14 1.00000
145.0 40.50000 14 1.00000
145.1 40.50000 14 1.00000
145.2 40.50000 14 1.00000
145.3 40.50000 14 1.00000
145.4 40.50000 14 1.00000
145.5 40.50000 14 1.00000
145.6 40.50000 14 1.00000
145.7 40.50000 14 1.00000
145.8 40.50000 14 1.00000
145.9 40.50000 14 1.00000
146.0 40.50000 14 1.00000
146.1 40.50000 14 1.00000
146.2 40.50000 14 1.00000
146.3 40.50000 14 1.00000
146.4 40.50000 14 1.00000
146.5 40.50000 14 1.00000
146.6 40.50000 14 1.00000
146.7 40.50000 14 1.00000
146.8 40.50000 14 1.00000
146.9 40.50000 14 1.00000
147.0 40.50000 14 1.00000
147.1 40.50000 14 1.00000
147.2 40.50000 14 1.00000
147.3 40.50000 14 1.00000
147.4 40.50000 14 1.00000
147.5 40.50000 14 1.00000
147.6 40.50000 14 1.00000
147.7 40.50000 14 1.00000
147.8 40.50000 14 1.00000
147.9 40.50000 14 1.00000
148.0 40.50000 14 1.00000
148.1 40.50000 14 1.00000
148.2 40.50000 14 1.00000
148.3 40.50000 14 1.00000
148.4 40.50000 14 1.00000
148.5 40.50000 14 1.00000
148.6 40.50000 14 1.00000
148.7 40.50000 14 1.00000
148.8 40.50000 14 1.00000
148.9 40.50000 14 1.00000
149.0 40.50000 14 1.00000
149.1 40.50000 14 1.00000
149.2 40.50000 14 1.00000
149.3 40.50000 14 1.00000
149.4 40.50000 14 1.00000
149.5 40.50000 14 1.00000
149.6 40.50000 14 1.00000
149.7 40.50000 14 1.00000
149.8 40.50000 14 1.00000
149.9 40.50000 14 1.00000
150.0 40.50000 14 1.00000
150.1 40.50000 14 1.00000
150.2 40.50000 14 1.00000
150.3 40.50000 14 1.00000
150.4 40.50000 14 1.00000
150.5 40.50000 14 1.00000
150.6 40.50000 14 1.00000
150.7 40.50000 14 1.00000
150.8 40.50000 14 1.00000
150.9 40.50000 14 1.00000
151.0 40.50000 14 1.00000
151.1 40.50000 14 1.00000
151.2 40.50000 14 1.00000
151.3 40.50000 14 1.00000
151.4 40.50000 14 1.00000
151.5 40.50000 14 1.00000
151.6 40.50000 14 1.00000
151.7 40.50000 14 1.00000
151.8 40.50000 14 1.00000
151.9 40.50000 14 1.00000
152.0 40.50000 14 1.00000
152.1 40.50000 14 1.00000
152.2 40.50000 14 1.00000
152.3 40.50000 14 1.00000
152.4 40.50000 14 1.00000
152.5 40.50000 14 1.00000
152.6 40.50000 14 1.00000
152.7 40.50000 14 1.00000
152.8 40.50000 14 1.00000
152.9 40.50000 14 1.00000
153.0 40.50000 14 1.00000
153.1 40.50000 14 1.00000
153.2 40.50000 14 1.00000
153.3 40.50000 14 1.00000
153.4 40.50000 14 1.00000
153.5 40.50000 14 1.00000
153.6 40.50000 14 1.00000
153.7 40.50000 14 1.00000
153.8 40.50000 14 1.00000
153.9 40.50000 14 1.00000
154.0 40.50000 14 1.00000
154.1 40.50000 14 1.00000
154.2 40.50000 14 1.00000
154.3 40.50000 14 1.00000
154.4 40.50000 14 1.00000
154.5 40.50000 14 1.00000
154.6 40.50000 14 1.00000
154.7 40.50000 14 1.00000
154.8 40.50000 14 1.00000
154.9 40.50000 14 1.00000
155.0 40.50000 14 1.00000
155.1 40.50000 14 1.00000
155.2 40.50000 14 1.00000
155.3 40.50000 14 1.00000
155.4 40.50000 14 1.00000
155.5 40.50000 14 1.00000
155.6 40.50000 14 1.00000
155.7 40.50000 14 1.00000
155.8 40.50000 14 1.00000
155.9 40.50000 14 1.00000
156.0 40.50000 14 1.00000
156.1 40.50000 14 1.00000
156.2 40.50000 14 1.00000
156.3 40.50000 14 1.00000
156.4 40.50000 14 1.00000
156.5 40.50000 14 1.00000
156.6 40.50000 14 1.00000
156.7 0.00000 15 0.00000
156.8 0.00000 15 0.00000
156.9 40.50000 14 1.00000
157.0 40.50000 14 1.00000
157.1 40.50000 14 1.00000
157.2 0.00000 15 0.00000
157.3 0.00000 15 0.00000
157.4 0.00000 15 0.00000
157.5 0.00000 15 0.00000
157.6 40.50000 14 1.00000
157.7 40.50000 14 1.00000
157.8 0.00000 15 0.00000
157.9 0.00000 15 0.00000
158.0 0.00000 15 0.00000
158.1 0.00000 15 0.00000
158.2 40.50000 14 1.00000
158.3 0.00000 15 0.00000
158.4 0.00000 15 0.00000
158.5 0.00000 15 0.00000
158.6 0.00000 15 0.00000
158.7 0.00000 15 0.00000
158.8 0.00000 15 0.00000
158.9 0.00000 15 0.00000
159.0 0.00000 15 0.00000
159.1 0.00000 15 0.00000
159.2 0.00000 15 0.00000
159.3 0.00000 15 0.00000
159.4 0.00000 15 0.00000
159.5 0.00000 15 0.00000
159.6 0.00000 15 0.00000
159.7 0.00000 15 0.00000
159.8 0.00000 15 0.00000
159.9 0.00000 15 0.00000
160.0 0.00000 15 0.00000
160.1 0.00000 15 0.00000
160.2 0.00000 15 0.00000
160.3 0.00000 15 0.00000
160.4 0.00000 15 0.00000
160.5 0.00000 15 0.00000
160.6 0.00000 15 0.00000
160.7 0.00000 15 0.00000
160.8 0.00000 15 0.00000
160.9 0.00000 15 0.00000
161.0 0.00000 15 0.00000
161.1 0.00000 15 0.00000
161.2 0.00000 15 0.00000
161.3 0.00000 15 0.00000
161.4 0.00000 15 0.00000
161.5 0.00000 15 0.00000
161.6 0.00000 15 0.00000
161.7 0.00000 15 0.00000
161.8 0.00000 15 0.00000
161.9 0.00000 15 0.00000
162.0 0.00000 15 0.00000
162.1 0.00000 15 0.00000
162.2 0.00000 15 0.00000
162.3 0.00000 15 0.00000
162.4 0.00000 15 0.00000
162.5 0.00000 15 0.00000
162.6 0.00000 15 0.00000
162.7 0.00000 15 0.00000
162.8 0.00000 15 0.00000
162.9 0.00000 15 0.00000
163.0 0.00000 15 0.00000
163.1 0.00000 15 0.00000
163.2 0.00000 15 0.00000
163.3 0.00000 15 0.00000
163.4 0.00000 15 0.00000
163.5 0.00000 15 0.00000
163.6 0.00000 15 0.00000
163.7 0.00000 15 0.00000
163.8 0.00000 15 0.00000
163.9 0.00000 15 0.00000
164.0 0.00000 15 0.00000
164.1 0.00000 15 0.00000
164.2 0.00000 15 0.00000
164.3 0.00000 15 0.00000
164.4 0.00000 15 0.00000
164.5 0.00000 15 0.00000
164.6 0.00000 15 0.00000
164.7 0.00000 15 0.00000
164.8 0.00000 15 0.00000
164.9 0.00000 15 0.00000
165.0 0.00000 15 0.00000
165.1 0.00000 15 0.00000
165.2 0.00000 15 0.00000
165.3 0.00000 15 0.00000
165.4 0.00000 15 0.00000
165.5 0.00000 15 0.00000
165.6 0.00000 15 0.00000
165.7 0.00000 15 0.00000
165.8 0.00000 15 0.00000
165.9 0.00000 15 0.00000
166.0 0.00000 15 0.00000
166.1 0.00000 15 0.00000
166.2 0.00000 15 0.00000
166.3 0.00000 15 0.00000
166.4 0.00000 15 0.00000
166.5 0.00000 15 0.00000
166.6 0.00000 15 0.00000
166.7 0.00000 15 0.00000
166.8 0.00000 15 0.00000
166.9 0.00000 15 0.00000
167.0 0.00000 15 0.00000
167.1 0.00000 15 0.00000
167.2 0.00000 15 0.00000
167.3 0.00000 15 0.00000
167.4 0.00000 15 0.00000
167.5 0.00000 15 0.00000
167.6 0.00000 15 0.00000
167.7 0.00000 15 0.00000
167.8 0.00000 15 0.00000
167.9 0.00000 15 0.00000
168.0 0.00000 15 0.00000
168.1 0.00000 15 0.00000
168.2 0.00000 15 0.00000
168.3 0.00000 15 0.00000
168.4 0.00000 15 0.00000
168.5 0.00000 15 0.00000
168.6 0.00000 15 0.00000
168.7 0.00000 15 0.00000
168.8 0.00000 15 0.00000
168.9 0.00000 15 0.00000
169.0 0.00000 15 0.00000
169.1 0.00000 15 0.00000
169.2 0.00000 15 0.00000
169.3 0.00000 15 0.00000
169.4 0.00000 15 0.00000
169.5 0.00000 15 0.00000
169.6 0.00000 15 0.00000
169.7 0.00000 15 0.00000
169.8 0.00000 15 0.00000
169.9 0.00000 15 0.00000
170.0 0.00000 15 0.00000
170.1 0.00000 15 0.00000
170.2 0.00000 15 0.00000
170.3 0.00000 15 0.00000
170.4 0.00000 15 0.00000
170.5 0.00000 15 0.00000
170.6 0.00000 15 0.00000
170.7 0.00000 15 0.00000
170.8 0.00000 15 0.00000
170.9 0.00000 15 0.00000
171.0 0.00000 15 0.00000
171.1 0.00000 15 0.00000
171.2 0.00000 15 0.00000
171.3 0.00000 15 0.00000
171.4 0.00000 15 0.00000
171.5 0.00000 15 0.00000
171.6 0.00000 15 0.00000
171.7 0.00000 15 0.00000
171.8 0.00000 15 0.00000
171.9 0.00000 15 0.00000
172.0 0.00000 15 0.00000
172.1 0.00000 15 0.00000
172.2 0.00000 15 0.00000
172.3 0.00000 15 0.00000
172.4 0.00000 15 0.00000
172.5 0.00000 15 0.00000
172.6 0.00000 15 0.00000
172.7 0.00000 15 0.00000
172.8 0.00000 15 0.00000
172.9 0.00000 15 0.00000
173.0 0.00000 15 0.00000
173.1 0.00000 15 0.00000
173.2 0.00000 15 0.00000
173.3 0.00000 15 0.00000
173.4 0.00000 15 0.00000
173.5 0.00000 15 0.00000
173.6 0.00000 15 0.00000
173.7 0.00000 15 0.00000
173.8 0.00000 15 0.00000
173.9 0.00000 15 0.00000
174.0 0.00000 15 0.00000
174.1 0.00000 15 0.00000
174.2 0.00000 15 0.00000
174.3 0.00000 15 0.00000
174.4 0.00000 15 0.00000
174.5 0.00000 15 0.00000
174.6 0.00000 15 0.00000
174.7 0.00000 15 0.00000
174.8 0.00000 15 0.00000
174.9 0.00000 15 0.00000
175.0 0.00000 15 0.00000
175.1 0.00000 15 0.00000
175.2 0.00000 15 0.00000
175.3 0.00000 15 0.00000
175.4 0.00000 15 0.00000
175.5 0.00000 15 0.00000
175.6 0.00000 15 0.00000
175.7 0.00000 15 0.00000
175.8 0.00000 15 0.00000
175.9 0.00000 15 0.00000
176.0 0.00000 15 0.00000
176.1 0.00000 15 0.00000
176.2 0.00000 15 0.00000
176.3 0.00000 15 0.00000
176.4 0.00000 15 0.00000
176.5 0.00000 15 0.00000
176.6 0.00000 15 0.00000
176.7 0.00000 15 0.00000
176.8 0.00000 15 0.00000
176.9 0.00000 15 0.00000
177.0 0.00000 15 0.00000
177.1 0.00000 15 0.00000
177.2 0.00000 15 0.00000
177.3 0.00000 15 0.00000
177.4 0.00000 15 0.00000
177.5 0.00000 15 0.00000
177.6 0.00000 15 0.00000
177.7 0.00000 15 0.00000
177.8 0.00000 15 0.00000
177.9 0.00000 15 0.00000
178.0 0.00000 15 0.00000
178.1 0.00000 15 0.00000
178.2 0.00000 15 0.00000
178.3 0.00000 15 0.00000
178.4 0.00000 15 0.00000
178.5 0.00000 15 0.00000
178.6 0.00000 15 0.00000
178.7 0.00000 15 0.00000
178.8 0.00000 15 0.00000
178.9 0.00000 15 0.00000
179.0 0.00000 15 0.00000
179.1 0.00000 15 0.00000
179.2 0.00000 15 0.00000
179.3 0.00000 15 0.00000
179.4 0.00000 15 0.00000
179.5 0.00000 15 0.00000
179.6 0.00000 15 0.00000
179.7 0.00000 15 0.00000
179.8 0.00000 15 0.00000
179.9 0.00000 15 0.00000
180.0 0.00000 15 0.00000
180.1 0.00000 15 0.00000
180.2 0.00000 15 0.00000
180.3 0.00000 15 0.00000
180.4 0.00000 15 0.00000
180.5 0.00000 15 0.00000
180.6 0.00000 15 0.00000
180.7 0.00000 15 0.00000
180.8 0.00000 15 0.00000
180.9 0.00000 15 0.00000
181.0 0.00000 15 0.00000
181.1 0.00000 15 0.00000
181.2 0.00000 15 0.00000
181.3 0.00000 15 0.00000
181.4 0.00000 15 0.00000
181.5 0.00000 15 0.00000
181.6 0.00000 15 0.00000
181.7 0.00000 15 0.00000
181.8 0.00000 15 0.00000
181.9 0.00000 15 0.00000
182.0 0.00000 15 0.00000
182.1 0.00000 15 0.00000
182.2 0.00000 15 0.00000
182.3 0.00000 15 0.00000
182.4 0.00000 15 0.00000
182.5 0.00000 15 0.00000
182.6 0.00000 15 0.00000
182.7 0.00000 15 0.00000
182.8 0.00000 15 0.00000
182.9 0.00000 15 0.00000
183.0 0.00000 15 0.00000
183.1 0.00000 15 0.00000
183.2 0.00000 15 0.00000
183.3 0.00000 15 0.00000
183.4 0.00000 15 0.00000
183.5 0.00000 15 0.00000
183.6 0.00000 15 0.00000
183.7 0.00000 15 0.00000
183.8 0.00000 15 0.00000
183.9 0.00000 15 0.00000
184.0 0.00000 15 0.00000
184.1 0.00000 15 0.00000
184.2 0.00000 15 0.00000
184.3 0.00000 15 0.00000
184.4 0.00000 15 0.00000
184.5 0.00000 15 0.00000
184.6 0.00000 15 0.00000
184.7 0.00000 15 0.00000
184.8 0.00000 15 0.00000
184.9 0.00000 15 0.00000
185.0 0.00000 15 0.00000
185.1 0.00000 15 0.00000
185.2 0.00000 15 0.00000
185.3 0.00000 15 0.00000
185.4 0.00000 15 0.00000
185.5 0.00000 15 0.00000
185.6 0.00000 15 0.00000
185.7 0.00000 15 0.00000
185.8 0.00000 15 0.00000
185.9 0.00000 15 0.00000
186.0 0.00000 15 0.00000
186.1 0.00000 15 0.00000
186.2 0.00000 15 0.00000
186.3 0.00000 15 0.00000
186.4 0.00000 15 0.00000
186.5 0.00000 15 0.00000
186.6 0.00000 15 0.00000
186.7 0.00000 15 0.00000
186.8 0.00000 15 0.00000
186.9 0.00000 15 0.00000
187.0 0.00000 15 0.00000
187.1 0.00000 15 0.00000
187.2 0.00000 15 0.00000
187.3 0.00000 15 0.00000
187.4 0.00000 15 0.00000
187.5 0.00000 15 0.00000
187.6 0.00000 15 0.00000
187.7 0.00000 15 0.00000
187.8 0.00000 15 0.00000
187.9 0.00000 15 0.00000
188.0 0.00000 15 0.00000
188.1 0.00000 15 0.00000
188.2 0.00000 15 0.00000
188.3 0.00000 15 0.00000
188.4 0.00000 15 0.00000
188.5 0.00000 15 0.00000
188.6 0.00000 15 0.00000
188.7 0.00000 15 0.00000
188.8 0.00000 15 0.00000
188.9 0.00000 15 0.00000
189.0 0.00000 15 0.00000
189.1 0.00000 15 0.00000
189.2 0.00000 15 0.00000
189.3 0.00000 15 0.00000
189.4 0.00000 15 0.00000
189.5 0.00000 15 0.00000
189.6 0.00000 15 0.00000
189.7 0.00000 15 0.00000
189.8 0.00000 15 0.00000
189.9 0.00000 15 0.00000
190.0 0.00000 15 0.00000
190.1 0.00000 15 0.00000
190.2 0.00000 15 0.00000
190.3 0.00000 15 0.00000
190.4 0.00000 15 0.00000
190.5 0.00000 15 0.00000
190.6 0.00000 15 0.00000
190.7 0.00000 15 0.00000
190.8 0.00000 15 0.00000
190.9 0.00000 15 0.00000
191.0 0.00000 15 0.00000
191.1 0.00000 15 0.00000
191.2 0.00000 15 0.00000
191.3 0.00000 15 0.00000
191.4 0.00000 15 0.00000
191.5 0.00000 15 0.00000
191.6 0.00000 15 0.00000
191.7 0.00000 15 0.00000
191.8 0.00000 15 0.00000
191.9 0.00000 15 0.00000
192.0 0.00000 15 0.00000
192.1 0.00000 15 0.00000
192.2 0.00000 15 0.00000
192.3 0.00000 15 0.00000
192.4 0.00000 15 0.00000
192.5 0.00000 15 0.00000
192.6 0.00000 15 0.00000
192.7 0.00000 15 0.00000
192.8 0.00000 15 0.00000
192.9 0.00000 15 0.00000
193.0 0.00000 15 0.00000
193.1 0.00000 15 0.00000
193.2 0.00000 15 0.00000
193.3 0.00000 15 0.00000
193.4 0.00000 15 0.00000
193.5 0.00000 15 0.00000
193.6 0.00000 15 0.00000
193.7 0.00000 15 0.00000
193.8 0.00000 15 0.00000
193.9 0.00000 15 0.00000
194.0 0.00000 15 0.00000
194.1 0.00000 15 0.00000
194.2 0.00000 15 0.00000
194.3 0.00000 15 0.00000
194.4 0.00000 15 0.00000
194.5 0.00000 15 0.00000
194.6 0.00000 15 0.00000
194.7 0.00000 15 0.00000
194.8 0.00000 15 0.00000
194.9 0.00000 15 0.00000
195.0 0.00000 15 0.00000
195.1 0.00000 15 0.00000
195.2 0.00000 15 0.00000
195.3 0.00000 15 0.00000
195.4 0.00000 15 0.00000
195.5 0.00000 15 0.00000
195.6 0.00000 15 0.00000
195.7 0.00000 15 0.00000
195.8 0.00000 15 0.00000
195.9 0.00000 15 0.00000
196.0 0.00000 15 0.00000
196.1 0.00000 15 0.00000
196.2 0.00000 15 0.00000
196.3 0.00000 15 0.00000
196.4 0.00000 15 0.00000
196.5 0.00000 15 0.00000
196.6 0.00000 15 0.00000
196.7 0.00000 15 0.00000
196.8 0.00000 15 0.00000
196.9 0.00000 15 0.00000
197.0 0.00000 15 0.00000
197.1 0.00000 15 0.00000
197.2 0.00000 15 0.00000
197.3 0.00000 15 0.00000
197.4 0.00000 15 0.00000
197.5 0.00000 15 0.00000
197.6 0.00000 15 0.00000
197.7 0.00000 15 0.00000
197.8 0.00000 15 0.00000
197.9 0.00000 15 0.00000
198.0 0.00000 15 0.00000
198.1 0.00000 15 0.00000
198.2 0.00000 15 0.00000
198.3 0.00000 15 0.00000
198.4 0.00000 15 0.00000
198.5 0.00000 15 0.00000
198.6 0.00000 15 0.00000
198.7 0.00000 15 0.00000
198.8 0.00000 15 0.00000
198.9 0.00000 15 0.00000
199.0 0.00000 15 0.00000
199.1 0.00000 15 0.00000
199.2 0.00000 15 0.00000
199.3 0.00000 15 0.00000
199.4 0.00000 15 0.00000
199.5 0.00000 15 0.00000
199.6 0.00000 15 0.00000
199.7 0.00000 15 0.00000
199.8 0.00000 15 0.00000
199.9 0.00000 15 0.00000
200.0 0.00000 15 0.00000
200.1 0.00000 15 0.00000
200.2 0.00000 15 0.00000
200.3 0.00000 15 0.00000
200.4 0.00000 15 0.00000
200.5 0.00000 15 0.00000
200.6 0.00000 15 0.00000
200.7 0.00000 15 0.00000
200.8 0.00000 15 0.00000
200.9 0.00000 15 0.00000
201.0 0.00000 15 0.00000
201.1 0.00000 15 0.00000
201.2 0.00000 15 0.00000
201.3 0.00000 15 0.00000
201.4 0.00000 15 0.00000
201.5 0.00000 15 0.00000
201.6 0.00000 15 0.00000
201.7 0.00000 15 0.00000
201.8 0.00000 15 0.00000
201.9 0.00000 15 0.00000
202.0 0.00000 15 0.00000
202.1 0.00000 15 0.00000
202.2 0.00000 15 0.00000
202.3 0.00000 15 0.00000
202.4 0.00000 15 0.00000
202.5 0.00000 15 0.00000
202.6 0.00000 15 0.00000
202.7 0.00000 15 0.00000
202.8 0.00000 15 0.00000
202.9 0.00000 15 0.00000
203.0 0.00000 15 0.00000
203.1 0.00000 15 0.00000
203.2 0.00000 15 0.00000
203.3 0.00000 15 0.00000
203.4 0.00000 15 0.00000
203.5 0.00000 15 0.00000
203.6 0.00000 15 0.00000
203.7 0.00000 15 0.00000
203.8 0.00000 15 0.00000
203.9 0.00000 15 0.00000
204.0 0.00000 15 0.00000
204.1 0.00000 15 0.00000
204.2 0.00000 15 0.00000
204.3 0.00000 15 0.00000
204.4 0.00000 15 0.00000
204.5 0.00000 15 0.00000
204.6 0.00000 15 0.00000
204.7 0.00000 15 0.00000
204.8 0.00000 15 0.00000
204.9 0.00000 15 0.00000
205.0 0.00000 15 0.00000
205.1 0.00000 15 0.00000
205.2 0.00000 15 0.00000
205.3 0.00000 15 0.00000
205.4 0.00000 15 0.00000
205.5 0.00000 15 0.00000
205.6 0.00000 15 0.00000
205.7 0.00000 15 0.00000
205.8 0.00000 15 0.00000
205.9 0.00000 15 0.00000
206.0 0.00000 15 0.00000
206.1 0.00000 15 0.00000
206.2 0.00000 15 0.00000
206.3 0.00000 15 0.00000
206.4 0.00000 15 0.00000
206.5 0.00000 15 0.00000
206.6 0.00000 15 0.00000
206.7 0.00000 15 0.00000
206.8 0.00000 15 0.00000
206.9 0.00000 15 0.00000
207.0 0.00000 15 0.00000
207.1 0.00000 15 0.00000
207.2 0.00000 15 0.00000
207.3 0.00000 15 0.00000
207.4 0.00000 15 0.00000
207.5 0.00000 15 0.00000
207.6 0.00000 15 0.00000
207.7 0.00000 15 0.00000
207.8 0.00000 15 0.00000
207.9 0.00000 15 0.00000
208.0 0.00000 15 0.00000
208.1 0.00000 15 0.00000
208.2 0.00000 15 0.00000
208.3 0.00000 15 0.00000
208.4 0.00000 15 0.00000
208.5 0.00000 15 0.00000
208.6 0.00000 15 0.00000
208.7 0.00000 15 0.00000
208.8 0.00000 15 0.00000
208.9 0.00000 15 0.00000
209.0 0.00000 15 0.00000
209.1 0.00000 15 0.00000
209.2 0.00000 15 0.00000
209.3 0.00000 15 0.00000
209.4 0.00000 15 0.00000
209.5 0.00000 15 0.00000
209.6 0.00000 15 0.00000
209.7 0.00000 15 0.00000
209.8 0.00000 15 0.00000
209.9 0.00000 15 0.00000
210.0 0.00000 15 0.00000
210.1 0.00000 15 0.00000
210.2 0.00000 15 0.00000
210.3 0.00000 15 0.00000
210.4 0.00000 15 0.00000
210.5 0.00000 15 0.00000
210.6 0.00000 15 0.00000
210.7 0.00000 15 0.00000
210.8 0.00000 15 0.00000
210.9 0.00000 15 0.00000
211.0 0.00000 15 0.00000
211.1 0.00000 15 0.00000
211.2 0.00000 15 0.00000
211.3 0.00000 15 0.00000
211.4 0.00000 15 0.00000
211.5 0.00000 15 0.00000
211.6 0.00000 15 0.00000
211.7 0.00000 15 0.00000
211.8 0.00000 15 0.00000
211.9 0.00000 15 0.00000
212.0 0.00000 15 0.00000
212.1 0.00000 15 0.00000
212.2 0.00000 15 0.00000
212.3 0.00000 15 0.00000
212.4 0.00000 15 0.00000
212.5 0.00000 15 0.00000
212.6 0.00000 15 0.00000
212.7 0.00000 15 0.00000
212.8 0.00000 15 0.00000
212.9 0.00000 15 0.00000
213.0 0.00000 15 0.00000
213.1 0.00000 15 0.00000
213.2 0.00000 15 0.00000
213.3 0.00000 15 0.00000
213.4 0.00000 15 0.00000
213.5 0.00000 15 0.00000
213.6 0.00000 15 0.00000
213.7 0.00000 15 0.00000
213.8 0.00000 15 0.00000
213.9 0.00000 15 0.00000
214.0 0.00000 15 0.00000
214.1 0.00000 15 0.00000
214.2 0.00000 15 0.00000
214.3 0.00000 15 0.00000
214.4 0.00000 15 0.00000
214.5 0.00000 15 0.00000
214.6 0.00000 15 0.00000
214.7 0.00000 15 0.00000
214.8 0.00000 15 0.00000
214.9 0.00000 15 0.00000
215.0 0.00000 15 0.00000
215.1 0.00000 15 0.00000
215.2 0.00000 15 0.00000
215.3 0.00000 15 0.00000
215.4 0.00000 15 0.00000
215.5 0.00000 15 0.00000
215.6 0.00000 15 0.00000
215.7 0.00000 15 0.00000
215.8 0.00000 15 0.00000
215.9 0.00000 15 0.00000
216.0 0.00000 15 0.00000
216.1 0.00000 15 0.00000
216.2 0.00000 15 0.00000
216.3 0.00000 15 0.00000
216.4 0.00000 15 0.00000
216.5 0.00000 15 0.00000
216.6 0.00000 15 0.00000
216.7 0.00000 15 0.00000
216.8 0.00000 15 0.00000
216.9 0.00000 15 0.00000
217.0 0.00000 15 0.00000
217.1 0.00000 15 0.00000
217.2 0.00000 15 0.00000
217.3 0.00000 15 0.00000
217.4 0.00000 15 0.00000
217.5 0.00000 15 0.00000
217.6 0.00000 15 0.00000
217.7 0.00000 15 0.00000
217.8 0.00000 15 0.00000
217.9 0.00000 15 0.00000
218.0 0.00000 15 0.00000
218.1 0.00000 15 0.00000
218.2 0.00000 15 0.00000
218.3 0.00000 15 0.00000
218.4 0.00000 15 0.00000
218.5 0.00000 15 0.00000
218.6 0.00000 15 0.00000
218.7 0.00000 15 0.00000
218.8 0.00000 15 0.00000
218.9 0.00000 15 0.00000
219.0 0.00000 15 0.00000
219.1 0.00000 15 0.00000
219.2 0.00000 15 0.00000
219.3 0.00000 15 0.00000
219.4 0.00000 15 0.00000
219.5 0.00000 15 0.00000
219.6 0.00000 15 0.00000
219.7 0.00000 15 0.00000
219.8 0.00000 15 0.00000
219.9 0.00000 15 0.00000
220.0 0.00000 15 0.00000
220.1 0.00000 15 0.00000
220.2 0.00000 15 0.00000
220.3 0.00000 15 0.00000
220.4 0.00000 15 0.00000
220.5 0.00000 15 0.00000
220.6 0.00000 15 0.00000
220.7 0.00000 15 0.00000
220.8 0.00000 15 0.00000
220.9 0.00000 15 0.00000
221.0 0.00000 15 0.00000
221.1 0.00000 15 0.00000
221.2 0.00000 15 0.00000
221.3 0.00000 15 0.00000
221.4 0.00000 15 0.00000
221.5 0.00000 15 0.00000
221.6 0.00000 15 0.00000
221.7 0.00000 15 0.00000
221.8 0.00000 15 0.00000
221.9 0.00000 15 0.00000
222.0 0.00000 15 0.00000
222.1 0.00000 15 0.00000
222.2 0.00000 15 0.00000
222.3 0.00000 15 0.00000
222.4 0.00000 15 0.00000
222.5 0.00000 15 0.00000
222.6 0.00000 15 0.00000
222.7 0.00000 15 0.00000
222.8 0.00000 15 0.00000
222.9 0.00000 15 0.00000
223.0 0.00000 15 0.00000
223.1 0.00000 15 0.00000
223.2 0.00000 15 0.00000
223.3 0.00000 15 0.00000
223.4 0.00000 15 0.00000
223.5 0.00000 15 0.00000
223.6 0.00000 15 0.00000
223.7 0.00000 15 0.00000
223.8 0.00000 15 0.00000
223.9 0.00000 15 0.00000
224.0 0.00000 15 0.00000
224.1 0.00000 15 0.00000
224.2 0.00000 15 0.00000
224.3 0.00000 15 0.00000
224.4 0.00000 15 0.00000
224.5 0.00000 15 0.00000
224.6 0.00000 15 0.00000
224.7 0.00000 15 0.00000
224.8 0.00000 15 0.00000
224.9 0.00000 15 0.00000
225.0 0.00000 15 0.00000
225.1 0.00000 15 0.00000
225.2 0.00000 15 0.00000
225.3 0.00000 15 0.00000
225.4 0.00000 15 0.00000
225.5 0.00000 15 0.00000
225.6 0.00000 15 0.00000
225.7 0.00000 15 0.00000
225.8 0.00000 15 0.00000
225.9 0.00000 15 0.00000
226.0 0.00000 15 0.00000
226.1 0.00000 15 0.00000
226.2 0.00000 15 0.00000
226.3 0.00000 15 0.00000
226.4 0.00000 15 0.00000
226.5 0.00000 15 0.00000
226.6 0.00000 15 0.00000
226.7 0.00000 15 0.00000
226.8 0.00000 15 0.00000
226.9 0.00000 15 0.00000
227.0 0.00000 15 0.00000
227.1 0.00000 15 0.00000
227.2 0.00000 15 0.00000
227.3 0.00000 15 0.00000
227.4 0.00000 15 0.00000
227.5 0.00000 15 0.00000
227.6 0.00000 15 0.00000
227.7 0.00000 15 0.00000
227.8 0.00000 15 0.00000
227.9 0.00000 15 0.00000
228.0 0.00000 15 0.00000
228.1 0.00000 15 0.00000
228.2 0.00000 15 0.00000
228.3 0.00000 15 0.00000
228.4 0.00000 15 0.00000
228.5 0.00000 15 0.00000
228.6 0.00000 15 0.00000
228.7 0.00000 15 0.00000
228.8 0.00000 15 0.00000
228.9 0.00000 15 0.00000
229.0 0.00000 15 0.00000
229.1 0.00000 15 0.00000
229.2 0.00000 15 0.00000
229.3 0.00000 15 0.00000
229.4 0.00000 15 0.00000
229.5 0.00000 15 0.00000
229.6 0.00000 15 0.00000
229.7 0.00000 15 0.00000
229.8 0.00000 15 0.00000
229.9 0.00000 15 0.00000
230.0 0.00000 15 0.00000
230.1 0.00000 15 0.00000
230.2 0.00000 15 0.00000
230.3 0.00000 15 0.00000
230.4 0.00000 15 0.00000
230.5 0.00000 15 0.00000
230.6 0.00000 15 0.00000
230.7 0.00000 15 0.00000
230.8 0.00000 15 0.00000
230.9 0.00000 15 0.00000
231.0 0.00000 15 0.00000
231.1 0.00000 15 0.00000
231.2 0.00000 15 0.00000
231.3 0.00000 15 0.00000
231.4 0.00000 15 0.00000
231.5 0.00000 15 0.00000
231.6 0.00000 15 0.00000
231.7 0.00000 15 0.00000
231.8 0.00000 15 0.00000
231.9 0.00000 15 0.00000
232.0 0.00000 15 0.00000
232.1 0.00000 15 0.00000
232.2 0.00000 15 0.00000
232.3 0.00000 15 0.00000
232.4 0.00000 15 0.00000
232.5 0.00000 15 0.00000
232.6 0.00000 15 0.00000
232.7 0.00000 15 0.00000
232.8 0.00000 15 0.00000
232.9 0.00000 15 0.00000
233.0 0.00000 15 0.00000
233.1 0.00000 15 0.00000
233.2 0.00000 15 0.00000
233.3 0.00000 15 0.00000
233.4 0.00000 15 0.00000
233.5 0.00000 15 0.00000
233.6 0.00000 15 0.00000
233.7 0.00000 15 0.00000
233.8 0.00000 15 0.00000
233.9 0.00000 15 0.00000
234.0 0.00000 15 0.00000
234.1 0.00000 15 0.00000
234.2 0.00000 15 0.00000
234.3 0.00000 15 0.00000
234.4 0.00000 15 0.00000
234.5 0.00000 15 0.00000
234.6 0.00000 15 0.00000
234.7 0.00000 15 0.00000
234.8 0.00000 15 0.00000
234.9 0.00000 15 0.00000
235.0 0.00000 15 0.00000
235.1 0.00000 15 0.00000
235.2 0.00000 15 0.00000
235.3 0.00000 15 0.00000
235.4 0.00000 15 0.00000
235.5 0.00000 15 0.00000
235.6 0.00000 15 0.00000
235.7 0.00000 15 0.00000
235.8 0.00000 15 0.00000
235.9 0.00000 15 0.00000
236.0 0.00000 15 0.00000
236.1 0.00000 15 0.00000
236.2 0.00000 15 0.00000
236.3 0.00000 15 0.00000
236.4 0.00000 15 0.00000
236.5 0.00000 15 0.00000
236.6 0.00000 15 0.00000
236.7 0.00000 15 0.00000
236.8 0.00000 15 0.00000
236.9 0.00000 15 0.00000
237.0 0.00000 15 0.00000
237.1 0.00000 15 0.00000
237.2 0.00000 15 0.00000
237.3 0.00000 15 0.00000
237.4 0.00000 15 0.00000
237.5 0.00000 15 0.00000
237.6 0.00000 15 0.00000
237.7 0.00000 15 0.00000
237.8 0.00000 15 0.00000
237.9 0.00000 15 0.00000
238.0 0.00000 15 0.00000
238.1 0.00000 15 0.00000
238.2 0.00000 15 0.00000
238.3 0.00000 15 0.00000
238.4 0.00000 15 0.00000
238.5 0.00000 15 0.00000
238.6 0.00000 15 0.00000
238.7 0.00000 15 0.00000
238.8 0.00000 15 0.00000
238.9 0.00000 15 0.00000
239.0 0.00000 15 0.00000
239.1 0.00000 15 0.00000
239.2 0.00000 15 0.00000
239.3 0.00000 15 0.00000
239.4 0.00000 15 0.00000
239.5 0.00000 15 0.00000
239.6 0.00000 15 0.00000
239.7 0.00000 15 0.00000
239.8 0.00000 15 0.00000
239.9 0.00000 15 0.00000
240.0 0.00000 15 0.00000
240.1 0.00000 15 0.00000
240.2 0.00000 15 0.00000
240.3 0.00000 15 0.00000
240.4 0.00000 15 0.00000
240.5 0.00000 15 0.00000
240.6 0.00000 15 0.00000
240.7 0.00000 15 0.00000
240.8 0.00000 15 0.00000
240.9 0.00000 15 0.00000
241.0 0.00000 15 0.00000
241.1 0.00000 15 0.00000
241.2 0.00000 15 0.00000
241.3 0.00000 15 0.00000
241.4 0.00000 15 0.00000
241.5 0.00000 15 0.00000
241.6 0.00000 15 0.00000
241.7 0.00000 15 0.00000
241.8 0.00000 15 0.00000
241.9 0.00000 15 0.00000
242.0 0.00000 15 0.00000
242.1 0.00000 15 0.00000
242.2 0.00000 15 0.00000
242.3 0.00000 15 0.00000
242.4 0.00000 15 0.00000
242.5 0.00000 15 0.00000
242.6 0.00000 15 0.00000
242.7 0.00000 15 0.00000
242.8 0.00000 15 0.00000
242.9 0.00000 15 0.00000
243.0 0.00000 15 0.00000
243.1 0.00000 15 0.00000
243.2 0.00000 15 0.00000
243.3 0.00000 15 0.00000
243.4 0.00000 15 0.00000
243.5 0.00000 15 0.00000
243.6 0.00000 15 0.00000
243.7 0.00000 15 0.00000
243.8 0.00000 15 0.00000
243.9 0.00000 15 0.00000
244.0 0.00000 15 0.00000
244.1 0.00000 15 0.00000
244.2 0.00000 15 0.00000
244.3 0.00000 15 0.00000
244.4 0.00000 15 0.00000
244.5 0.00000 15 0.00000
244.6 0.00000 15 0.00000
244.7 0.00000 15 0.00000
244.8 0.00000 15 0.00000
244.9 0.00000 15 0.00000
245.0 0.00000 15 0.00000
245.1 0.00000 15 0.00000
245.2 0.00000 15 0.00000
245.3 0.00000 15 0.00000
245.4 0.00000 15 0.00000
245.5 0.00000 15 0.00000
245.6 0.00000 15 0.00000
245.7 0.00000 15 0.00000
245.8 0.00000 15 0.00000
245.9 0.00000 15 0.00000
246.0 0.00000 15 0.00000
246.1 0.00000 15 0.00000
246.2 0.00000 15 0.00000
246.3 0.00000 15 0.00000
246.4 0.00000 15 0.00000
246.5 0.00000 15 0.00000
246.6 0.00000 15 0.00000
246.7 0.00000 15 0.00000
246.8 0.00000 15 0.00000
246.9 0.00000 15 0.00000
247.0 0.00000 15 0.00000
247.1 0.00000 15 0.00000
247.2 0.00000 15 0.00000
247.3 0.00000 15 0.00000
247.4 0.00000 15 0.00000
247.5 0.00000 15 0.00000
247.6 0.00000 15 0.00000
247.7 0.00000 15 0.00000
247.8 0.00000 15 0.00000
247.9 0.00000 15 0.00000
248.0 0.00000 15 0.00000
248.1 0.00000 15 0.00000
248.2 0.00000 15 0.00000
248.3 0.00000 15 0.00000
248.4 0.00000 15 0.00000
248.5 0.00000 15 0.00000
248.6 0.00000 15 0.00000
248.7 0.00000 15 0.00000
248.8 0.00000 15 0.00000
248.9 0.00000 15 0.00000
249.0 0.00000 15 0.00000
249.1 0.00000 15 0.00000
249.2 0.00000 15 0.00000
249.3 0.00000 15 0.00000
249.4 0.00000 15 0.00000
249.5 0.00000 15 0.00000
249.6 0.00000 15 0.00000
249.7 0.00000 15 0.00000
249.8 0.00000 15 0.00000
249.9 0.00000 15 0.00000
250.0 0.00000 15 0.00000
