15.0 1.45048 13 0.04449
15.1 1.45797 13 0.04484
15.2 1.46545 13 0.04519
15.3 1.47293 13 0.04553
15.4 1.48042 13 0.04587
15.5 1.48790 13 0.04621
15.6 1.49537 13 0.04654
15.7 1.50285 13 0.04687
15.8 1.51033 13 0.04719
15.9 1.51780 13 0.04751
16.0 1.52527 13 0.04777
16.1 1.53275 13 0.04808
16.2 1.54022 13 0.04839
16.3 1.54768 13 0.04869
16.4 1.55515 13 0.04899
16.5 1.56262 13 0.04929
16.6 1.57008 13 0.04958
16.7 1.57754 13 0.04987
16.8 1.58500 13 0.05016
16.9 1.59246 13 0.05044
17.0 1.59992 13 0.05072
17.1 1.60738 13 0.05100
17.2 1.61483 13 0.05127
17.3 1.62228 13 0.05154
17.4 1.62973 13 0.05181
17.5 1.63718 13 0.05208
17.6 1.64463 13 0.05234
17.7 1.65207 13 0.05260
17.8 1.65951 13 0.05285
17.9 1.66695 13 0.05311
18.0 1.67850 13 0.05368
18.1 1.69059 13 0.05428
18.2 1.70278 13 0.05489
18.3 1.71506 13 0.05550
18.4 1.72743 13 0.05611
18.5 1.73990 13 0.05672
18.6 1.75246 13 0.05734
18.7 1.76512 13 0.05795
18.8 1.77788 13 0.05857
18.9 1.79073 13 0.05919
19.0 1.80369 13 0.05981
19.1 1.81674 13 0.06044
19.2 1.82989 13 0.06106
19.3 1.84313 13 0.06169
19.4 1.85648 13 0.06232
19.5 1.86993 13 0.06295
19.6 1.88349 13 0.06359
19.7 1.89714 13 0.06423
19.8 1.91090 13 0.06487
19.9 17.42146 14 1.00000
20.0 17.50535 14 1.00000
20.1 17.58920 14 1.00000
20.2 17.67300 14 1.00000
20.3 17.75681 14 1.00000
20.4 17.84061 14 1.00000
20.5 17.92438 14 1.00000
20.6 18.00810 14 1.00000
20.7 18.09178 14 1.00000
20.8 18.17542 14 1.00000
20.9 18.25901 14 1.00000
21.0 18.34257 14 1.00000
21.1 18.42608 14 1.00000
21.2 18.50955 14 1.00000
21.3 18.62336 14 1.00000
21.4 18.70709 14 1.00000
21.5 18.79079 14 1.00000
21.6 18.87444 14 1.00000
21.7 18.95806 14 1.00000
21.8 19.04163 14 1.00000
21.9 19.12517 14 1.00000
22.0 19.20867 14 1.00000
22.1 19.29212 14 1.00000
22.2 19.37554 14 1.00000
22.3 19.45892 14 1.00000
22.4 19.54225 14 1.00000
22.5 19.62555 14 1.00000
22.6 19.70881 14 1.00000
22.7 19.79202 14 1.00000
22.8 5.57404 14 0.24632
22.9 5.69154 14 0.25141
23.0 5.81066 14 0.25655
23.1 5.93142 14 0.26172
23.2 6.05383 14 0.26693
23.3 6.17788 14 0.27219
23.4 6.30359 14 0.27749
23.5 6.43095 14 0.28282
23.6 6.55998 14 0.28820
23.7 6.69068 14 0.29362
23.8 6.82306 14 0.29907
23.9 6.95712 14 0.30457
24.0 7.09287 14 0.31011
24.1 7.23032 14 0.31568
24.2 7.36946 14 0.32130
24.3 7.51031 14 0.32695
24.4 7.65287 14 0.33265
24.5 7.79714 14 0.33838
24.6 7.94314 14 0.34415
24.7 8.09087 14 0.34996
24.8 8.24034 14 0.35581
24.9 8.39154 14 0.36169
25.0 8.54449 14 0.36762
25.1 8.69920 14 0.37358
25.2 8.85566 14 0.37958
25.3 9.01389 14 0.38562
25.4 9.17389 14 0.39169
25.5 9.33567 14 0.39781
25.6 9.49924 14 0.40396
25.7 9.66459 14 0.41015
25.8 9.83173 14 0.41637
25.9 10.00068 14 0.42263
26.0 10.17144 14 0.42893
26.1 10.34402 14 0.43527
26.2 10.51841 14 0.44164
26.3 10.69463 14 0.44805
26.4 10.85654 14 0.45484
26.5 11.03581 14 0.46132
26.6 11.21691 14 0.46784
26.7 11.39985 14 0.47439
26.8 11.58465 14 0.48098
26.9 11.77129 14 0.48761
27.0 11.95980 14 0.49427
27.1 12.15017 14 0.50097
27.2 12.34263 14 0.50770
27.3 12.53675 14 0.51447
27.4 12.73276 14 0.52128
27.5 12.93065 14 0.52812
27.6 13.13044 14 0.53500
27.7 13.33214 14 0.54191
27.8 13.53575 14 0.54886
27.9 13.74127 14 0.55585
28.0 13.94872 14 0.56287
28.1 14.15810 14 0.56993
28.2 14.36941 14 0.57702
28.3 14.58267 14 0.58415
28.4 14.79788 14 0.59131
28.5 15.01504 14 0.59851
28.6 15.23417 14 0.60574
28.7 15.45526 14 0.61301
28.8 15.67833 14 0.62032
28.9 15.90339 14 0.62766
29.0 16.13043 14 0.63504
29.1 16.35947 14 0.64245
29.2 16.59052 14 0.64990
29.3 16.82357 14 0.65738
29.4 17.05864 14 0.66490
29.5 17.29574 14 0.67245
29.6 17.53489 14 0.68004
29.7 17.77545 14 0.68766
29.8 18.01839 14 0.69532
29.9 18.26336 14 0.70302
30.0 18.51039 14 0.71075
30.1 18.75946 14 0.71851
30.2 18.96157 14 0.72650
30.3 19.21393 14 0.73433
30.4 19.46836 14 0.74219
30.5 19.72428 14 0.75009
30.6 19.98253 14 0.75803
30.7 20.24285 14 0.76600
30.8 20.50525 14 0.77401
30.9 20.76977 14 0.78205
31.0 21.03638 14 0.79012
31.1 21.30510 14 0.79823
31.2 21.51550 14 0.80651
31.3 21.78750 14 0.81469
31.4 22.06082 14 0.82290
31.5 22.33664 14 0.83115
31.6 22.61459 14 0.83943
31.7 22.89467 14 0.84775
31.8 23.17690 14 0.85610
31.9 23.46117 14 0.86449
32.0 23.74758 14 0.87291
32.1 23.96404 14 0.88145
32.2 24.25382 14 0.88994
32.3 24.54484 14 0.89846
32.4 24.83845 14 0.90702
32.5 25.13423 14 0.91561
32.6 25.43212 14 0.92424
32.7 25.73213 14 0.93290
32.8 26.03432 14 0.94160
32.9 26.33870 14 0.95034
33.0 26.64530 14 0.95911
33.1 26.86750 14 0.96794
33.2 27.17745 14 0.97677
33.3 27.48812 14 0.98564
33.4 27.80178 14 0.99455
33.5 28.02295 14 1.00000
33.6 28.09659 14 1.00000
33.7 28.17016 14 1.00000
33.8 28.24365 14 1.00000
33.9 28.31708 14 1.00000
34.0 28.39047 14 1.00000
34.1 28.36735 14 1.00000
34.2 28.43921 14 1.00000
34.3 28.51146 14 1.00000
34.4 28.58363 14 1.00000
34.5 28.65574 14 1.00000
34.6 28.59471 14 1.00000
34.7 28.66704 14 1.00000
34.8 28.73930 14 1.00000
34.9 28.81139 14 1.00000
35.0 28.88358 14 1.00000
35.1 28.81008 14 1.00000
35.2 28.77714 14 1.00000
35.3 28.84855 14 1.00000
35.4 28.91971 14 1.00000
35.5 28.84316 14 1.00000
35.6 28.91463 14 1.00000
35.7 28.98602 14 1.00000
35.8 29.05724 14 1.00000
35.9 29.12854 14 1.00000
36.0 28.16302 14 1.00000
36.1 26.26788 14 1.00000
36.2 24.85840 14 1.00000
36.3 22.26764 14 1.00000
36.4 19.68299 14 1.00000
36.5 17.81003 14 1.00000
36.6 15.96752 14 1.00000
36.7 13.99830 14 1.00000
36.8 13.50645 14 1.00000
36.9 13.51524 14 1.00000
37.0 13.45468 14 1.00000
37.1 13.43515 14 1.00000
37.2 13.48564 14 1.00000
37.3 13.46012 14 1.00000
37.4 13.37215 14 1.00000
37.5 13.38675 14 1.00000
37.6 13.42229 14 1.00000
37.7 13.45777 14 1.00000
37.8 13.49319 14 1.00000
37.9 13.52849 14 1.00000
38.0 13.56369 14 1.00000
38.1 13.59661 14 1.00000
38.2 13.63205 14 1.00000
38.3 13.66740 14 1.00000
38.4 13.70274 14 1.00000
38.5 13.73790 14 1.00000
38.6 13.77298 14 1.00000
38.7 13.80620 14 1.00000
38.8 13.84156 14 1.00000
38.9 13.87684 14 1.00000
39.0 13.91195 14 1.00000
39.1 13.94697 14 1.00000
39.2 13.98208 14 1.00000
39.3 14.01548 14 1.00000
39.4 14.05070 14 1.00000
39.5 14.08583 14 1.00000
39.6 14.12078 14 1.00000
39.7 14.15597 14 1.00000
39.8 14.19994 14 1.00000
39.9 14.22449 14 1.00000
40.0 14.25952 14 1.00000
40.1 14.29437 14 1.00000
40.2 14.33123 14 1.00000
40.3 14.37576 14 1.00000
40.4 14.42030 14 1.00000
40.5 14.43299 14 1.00000
40.6 14.46777 14 1.00000
40.7 14.50748 14 1.00000
40.8 14.55210 14 1.00000
40.9 14.59673 14 1.00000
41.0 14.64139 14 1.00000
41.1 14.64124 14 1.00000
41.2 14.68427 14 1.00000
41.3 14.72897 14 1.00000
41.4 14.77369 14 1.00000
41.5 14.82096 14 1.00000
41.6 14.88122 14 1.00000
41.7 14.86160 14 1.00000
41.8 14.90639 14 1.00000
41.9 14.95120 14 1.00000
42.0 15.00547 14 1.00000
42.1 15.06300 14 1.00000
42.2 15.03950 14 1.00000
42.3 15.08438 14 1.00000
42.4 15.12928 14 1.00000
42.5 15.19030 14 1.00000
42.6 15.24497 14 1.00000
42.7 15.21798 14 1.00000
42.8 15.26295 14 1.00000
42.9 15.31664 14 1.00000
43.0 15.37478 14 1.00000
43.1 15.49441 14 1.00000
43.2 15.39705 14 1.00000
43.3 15.44286 14 1.00000
43.4 15.50433 14 1.00000
43.5 15.63241 14 1.00000
43.6 15.66979 14 1.00000
43.7 15.57673 14 1.00000
43.8 15.63381 14 1.00000
43.9 15.77113 14 1.00000
44.0 15.80858 14 1.00000
44.1 15.71181 14 1.00000
44.2 15.76368 14 1.00000
44.3 15.82296 14 1.00000
44.4 15.94621 14 1.00000
44.5 15.84735 14 1.00000
44.6 15.89461 14 1.00000
44.7 15.95583 14 1.00000
44.8 15.93802 14 1.00000
44.9 15.98339 14 1.00000
45.0 16.02877 14 1.00000
45.1 16.02904 14 1.00000
45.2 16.07447 14 1.00000
45.3 16.11991 14 1.00000
45.4 16.12064 14 1.00000
45.5 16.16590 14 1.00000
45.6 16.18816 14 1.00000
45.7 16.22246 14 1.00000
45.8 16.25539 14 1.00000
45.9 16.28680 14 1.00000
46.0 16.32187 14 1.00000
46.1 16.34553 14 1.00000
46.2 16.21054 14 1.00000
46.3 16.23743 14 1.00000
46.4 16.27127 14 1.00000
46.5 16.30516 14 1.00000
46.6 16.33893 14 1.00000
46.7 16.37278 14 1.00000
46.8 16.40634 14 1.00000
46.9 16.43944 14 1.00000
47.0 16.47232 14 1.00000
47.1 16.50565 14 1.00000
47.2 16.70032 14 1.00000
47.3 16.73680 14 1.00000
47.4 16.77545 14 1.00000
47.5 16.81190 14 1.00000
47.6 16.84745 14 1.00000
47.7 16.88069 14 1.00000
47.8 16.91499 14 1.00000
47.9 16.94935 14 1.00000
48.0 16.98372 14 1.00000
48.1 17.01770 14 1.00000
48.2 17.05173 14 1.00000
48.3 17.08547 14 1.00000
48.4 17.11901 14 1.00000
48.5 17.15190 14 1.00000
48.6 17.18927 14 1.00000
48.7 17.23534 14 1.00000
48.8 17.28142 14 1.00000
48.9 17.46329 14 1.00000
49.0 17.49967 14 1.00000
49.1 17.53817 14 1.00000
49.2 17.57176 14 1.00000
49.3 17.60610 14 1.00000
49.4 17.64062 14 1.00000
49.5 17.67533 14 1.00000
49.6 17.71014 14 1.00000
49.7 17.74467 14 1.00000
49.8 17.77898 14 1.00000
49.9 17.81265 14 1.00000
50.0 17.84637 14 1.00000
50.1 17.87995 14 1.00000
50.2 17.92255 14 1.00000
50.3 17.96884 14 1.00000
50.4 18.01514 14 1.00000
50.5 18.06146 14 1.00000
50.6 18.23818 14 1.00000
50.7 18.27448 14 1.00000
50.8 18.31273 14 1.00000
50.9 18.34688 14 1.00000
51.0 18.38188 14 1.00000
51.1 18.41696 14 1.00000
51.2 18.45215 14 1.00000
51.3 18.48692 14 1.00000
51.4 18.52182 14 1.00000
51.5 18.55631 14 1.00000
51.6 18.59044 14 1.00000
51.7 18.62413 14 1.00000
51.8 18.65900 14 1.00000
51.9 18.70548 14 1.00000
52.0 18.75197 14 1.00000
52.1 18.79848 14 1.00000
52.2 18.84500 14 1.00000
52.3 18.89152 14 1.00000
52.4 18.95474 14 1.00000
52.5 19.10294 14 1.00000
52.6 19.13919 14 1.00000
52.7 19.17407 14 1.00000
52.8 19.20959 14 1.00000
52.9 19.24498 14 1.00000
53.0 19.28066 14 1.00000
53.1 19.31582 14 1.00000
53.2 19.35076 14 1.00000
53.3 19.38549 14 1.00000
53.4 19.41993 14 1.00000
53.5 19.45373 14 1.00000
53.6 19.49156 14 1.00000
53.7 19.53823 14 1.00000
53.8 19.58490 14 1.00000
53.9 19.63159 14 1.00000
54.0 19.67829 14 1.00000
54.1 19.72500 14 1.00000
54.2 19.81139 14 1.00000
54.3 19.86180 14 1.00000
54.4 19.98139 14 1.00000
54.5 20.01957 14 1.00000
54.6 20.05492 14 1.00000
54.7 20.09086 14 1.00000
54.8 20.12676 14 1.00000
54.9 20.16273 14 1.00000
55.0 20.19818 14 1.00000
55.1 20.23368 14 1.00000
55.2 20.26841 14 1.00000
55.3 20.30327 14 1.00000
55.4 20.33726 14 1.00000
55.5 20.37401 14 1.00000
55.6 20.42085 14 1.00000
55.7 20.46768 14 1.00000
55.8 20.51454 14 1.00000
55.9 20.56139 14 1.00000
56.0 20.63094 14 1.00000
56.1 20.68861 14 1.00000
56.2 20.74224 14 1.00000
56.3 20.79170 14 1.00000
56.4 20.91827 14 1.00000
56.5 20.95498 14 1.00000
56.6 20.99106 14 1.00000
56.7 21.02758 14 1.00000
56.8 21.06384 14 1.00000
56.9 21.09989 14 1.00000
57.0 21.13610 14 1.00000
57.1 21.17179 14 1.00000
57.2 21.20745 14 1.00000
57.3 21.24257 14 1.00000
57.4 21.27693 14 1.00000
57.5 21.31135 14 1.00000
57.6 21.35328 14 1.00000
57.7 21.40026 14 1.00000
57.8 21.44725 14 1.00000
57.9 21.49424 14 1.00000
58.0 21.54124 14 1.00000
58.1 21.60231 14 1.00000
58.2 21.66228 14 1.00000
58.3 21.71747 14 1.00000
58.4 21.76903 14 1.00000
58.5 21.90871 14 1.00000
58.6 21.94938 14 1.00000
58.7 21.98471 14 1.00000
58.8 22.02140 14 1.00000
58.9 22.05810 14 1.00000
59.0 22.09487 14 1.00000
59.1 22.13090 14 1.00000
59.2 22.16769 14 1.00000
59.3 22.20325 14 1.00000
59.4 22.23973 14 1.00000
59.5 22.27513 14 1.00000
59.6 22.30991 14 1.00000
59.7 22.34419 14 1.00000
59.8 22.38247 14 1.00000
59.9 22.42956 14 1.00000
60.0 22.47666 14 1.00000
60.1 22.52378 14 1.00000
60.2 22.57089 14 1.00000
60.3 22.61793 14 1.00000
60.4 22.66728 14 1.00000
60.5 22.72250 14 1.00000
60.6 22.78228 14 1.00000
60.7 22.83233 14 1.00000
60.8 22.88164 14 1.00000
60.9 22.93501 14 1.00000
61.0 22.98140 14 1.00000
61.1 23.02794 14 1.00000
61.2 23.17822 14 1.00000
61.3 23.23009 14 1.00000
61.4 23.27794 14 1.00000
61.5 23.30605 14 1.00000
61.6 23.35996 14 1.00000
61.7 23.41457 14 1.00000
61.8 23.43566 14 1.00000
61.9 23.49242 14 1.00000
62.0 23.54858 14 1.00000
62.1 23.57068 14 1.00000
62.2 23.62356 14 1.00000
62.3 23.68417 14 1.00000
62.4 23.62382 14 1.00000
62.5 23.75904 14 1.00000
62.6 23.82364 14 1.00000
62.7 23.75554 14 1.00000
62.8 23.89538 14 1.00000
62.9 23.95588 14 1.00000
63.0 23.88767 14 1.00000
63.1 23.91885 14 1.00000
63.2 24.09291 14 1.00000
63.3 24.02164 14 1.00000
63.4 24.05063 14 1.00000
63.5 24.07330 14 1.00000
63.6 24.15429 14 1.00000
63.7 24.18723 14 1.00000
63.8 24.20551 14 1.00000
63.9 24.24912 14 1.00000
64.0 24.32137 14 1.00000
64.1 24.34292 14 1.00000
64.2 24.38156 14 1.00000
64.3 24.42525 14 1.00000
64.4 24.48316 14 1.00000
64.5 24.51426 14 1.00000
64.6 24.55794 14 1.00000
64.7 24.60169 14 1.00000
64.8 24.65635 14 1.00000
64.9 24.69090 14 1.00000
65.0 24.73474 14 1.00000
65.1 24.77938 14 1.00000
65.2 24.84990 14 1.00000
65.3 24.92192 14 1.00000
65.4 24.91176 14 1.00000
65.5 24.96437 14 1.00000
65.6 25.03942 14 1.00000
65.7 25.10911 14 1.00000
65.8 25.18047 14 1.00000
65.9 25.14797 14 1.00000
66.0 25.22034 14 1.00000
66.1 25.29240 14 1.00000
66.2 25.36253 14 1.00000
66.3 25.43229 14 1.00000
66.4 25.39832 14 1.00000
66.5 25.46624 14 1.00000
66.6 25.54144 14 1.00000
66.7 25.60905 14 1.00000
66.8 25.67777 14 1.00000
66.9 25.72635 14 1.00000
67.0 25.71211 14 1.00000
67.1 25.78155 14 1.00000
67.2 25.85043 14 1.00000
67.3 25.92192 14 1.00000
67.4 25.85381 14 1.00000
67.5 25.96763 14 1.00000
67.6 26.01669 14 1.00000
67.7 26.08608 14 1.00000
67.8 26.03848 14 1.00000
67.9 26.07279 14 1.00000
68.0 26.07171 14 1.00000
68.1 26.11604 14 1.00000
68.2 26.31628 14 1.00000
68.3 26.26356 14 1.00000
68.4 26.29626 14 1.00000
68.5 26.29581 14 1.00000
68.6 26.34007 14 1.00000
68.7 26.38432 14 1.00000
68.8 26.48923 14 1.00000
68.9 26.52745 14 1.00000
69.0 26.52212 14 1.00000
69.1 26.56478 14 1.00000
69.2 26.60917 14 1.00000
69.3 26.65357 14 1.00000
69.4 26.72487 14 1.00000
69.5 26.79069 14 1.00000
69.6 26.79011 14 1.00000
69.7 26.83456 14 1.00000
69.8 26.87906 14 1.00000
69.9 26.93180 14 1.00000
70.0 27.00877 14 1.00000
70.1 27.08246 14 1.00000
70.2 27.06065 14 1.00000
70.3 27.10521 14 1.00000
70.4 27.14979 14 1.00000
70.5 27.20495 14 1.00000
70.6 27.28104 14 1.00000
70.7 27.35435 14 1.00000
70.8 27.42545 14 1.00000
70.9 27.49557 14 1.00000
71.0 27.42136 14 1.00000
71.1 27.46640 14 1.00000
71.2 27.54110 14 1.00000
71.3 27.61508 14 1.00000
71.4 27.68711 14 1.00000
71.5 27.75539 14 1.00000
71.6 27.82565 14 1.00000
71.7 27.89473 14 1.00000
71.8 27.78795 14 1.00000
71.9 27.86441 14 1.00000
72.0 27.93707 14 1.00000
72.1 28.00906 14 1.00000
72.2 28.07474 14 1.00000
72.3 28.14639 14 1.00000
72.4 28.21343 14 1.00000
72.5 28.17720 14 1.00000
72.6 28.22303 14 1.00000
72.7 28.24547 14 1.00000
72.8 28.31754 14 1.00000
72.9 28.38618 14 1.00000
73.0 28.45377 14 1.00000
73.1 28.52310 14 1.00000
73.2 28.59060 14 1.00000
73.3 28.54653 14 1.00000
73.4 28.58933 14 1.00000
73.5 28.62388 14 1.00000
73.6 28.68503 14 1.00000
73.7 28.75317 14 1.00000
73.8 28.82128 14 1.00000
73.9 28.88833 14 1.00000
74.0 28.95454 14 1.00000
74.1 28.91523 14 1.00000
74.2 28.96253 14 1.00000
74.3 28.99977 14 1.00000
74.4 29.00361 14 1.00000
74.5 29.02178 14 1.00000
74.6 29.09095 14 1.00000
74.7 29.24004 14 1.00000
74.8 29.30534 14 1.00000
74.9 29.37397 14 1.00000
75.0 29.33280 14 1.00000
75.1 29.37938 14 1.00000
75.2 29.41699 14 1.00000
75.3 29.42476 14 1.00000
75.4 29.44659 14 1.00000
75.5 29.47613 14 1.00000
75.6 29.52154 14 1.00000
75.7 29.61402 14 1.00000
75.8 29.77467 14 1.00000
75.9 29.84456 14 1.00000
76.0 29.79509 14 1.00000
76.1 29.84140 14 1.00000
76.2 29.88098 14 1.00000
76.3 29.89184 14 1.00000
76.4 29.91731 14 1.00000
76.5 29.93737 14 1.00000
76.6 29.98297 14 1.00000
76.7 30.03004 14 1.00000
76.8 30.09904 14 1.00000
76.9 30.29614 14 1.00000
77.0 30.25903 14 1.00000
77.1 30.31119 14 1.00000
77.2 30.35557 14 1.00000
77.3 30.39405 14 1.00000
77.4 30.40630 14 1.00000
77.5 30.43486 14 1.00000
77.6 30.45180 14 1.00000
77.7 30.49246 14 1.00000
77.8 30.53827 14 1.00000
77.9 30.59912 14 1.00000
78.0 30.67127 14 1.00000
78.1 30.67796 14 1.00000
78.2 30.82092 14 1.00000
78.3 30.87195 14 1.00000
78.4 30.91905 14 1.00000
78.5 30.95796 14 1.00000
78.6 30.96927 14 1.00000
78.7 31.00590 14 1.00000
78.8 31.02875 14 1.00000
78.9 31.05072 14 1.00000
79.0 31.09677 14 1.00000
79.1 31.14596 14 1.00000
79.2 31.21351 14 1.00000
79.3 31.28469 14 1.00000
79.4 31.35205 14 1.00000
79.5 31.39818 14 1.00000
79.6 31.48001 14 1.00000
79.7 31.53097 14 1.00000
79.8 31.57423 14 1.00000
79.9 31.61357 14 1.00000
80.0 31.62803 14 1.00000
80.1 31.66499 14 1.00000
80.2 31.68963 14 1.00000
80.3 31.70811 14 1.00000
80.4 31.75107 14 1.00000
80.5 31.79742 14 1.00000
80.6 31.86034 14 1.00000
80.7 31.93153 14 1.00000
80.8 31.99839 14 1.00000
80.9 32.04583 14 1.00000
81.0 32.14631 14 1.00000
81.1 32.19099 14 1.00000
81.2 32.24038 14 1.00000
81.3 32.28791 14 1.00000
81.4 32.32751 14 1.00000
81.5 32.34546 14 1.00000
81.6 32.38553 14 1.00000
81.7 32.41958 14 1.00000
81.8 32.44514 14 1.00000
81.9 32.46528 14 1.00000
82.0 32.50289 14 1.00000
82.1 32.54958 14 1.00000
82.2 32.60496 14 1.00000
82.3 32.67266 14 1.00000
82.4 32.74160 14 1.00000
82.5 32.73812 14 1.00000
82.6 32.97079 14 1.00000
82.7 33.03309 14 1.00000
82.8 32.99662 14 1.00000
82.9 33.04610 14 1.00000
83.0 33.09743 14 1.00000
83.1 33.14300 14 1.00000
83.2 33.18794 14 1.00000
83.3 33.22845 14 1.00000
83.4 33.24523 14 1.00000
83.5 33.28252 14 1.00000
83.6 33.31732 14 1.00000
83.7 33.34268 14 1.00000
83.8 33.36306 14 1.00000
83.9 33.40112 14 1.00000
84.0 33.44815 14 1.00000
84.1 33.50471 14 1.00000
84.2 33.54536 14 1.00000
84.3 33.78680 14 1.00000
84.4 33.79250 14 1.00000
84.5 33.85777 14 1.00000
84.6 33.91764 14 1.00000
84.7 33.97771 14 1.00000
84.8 33.94569 14 1.00000
84.9 33.99777 14 1.00000
85.0 34.05388 14 1.00000
85.1 34.10009 14 1.00000
85.2 34.14809 14 1.00000
85.3 34.19746 14 1.00000
85.4 34.23745 14 1.00000
85.5 34.25994 14 1.00000
85.6 34.30384 14 1.00000
85.7 34.34229 14 1.00000
85.8 34.37481 14 1.00000
85.9 34.41143 14 1.00000
86.0 34.43791 14 1.00000
86.1 34.45996 14 1.00000
86.2 34.49896 14 1.00000
86.3 34.64799 14 1.00000
86.4 34.70557 14 1.00000
86.5 34.76689 14 1.00000
86.6 34.82354 14 1.00000
86.7 34.88113 14 1.00000
86.8 34.94102 14 1.00000
86.9 35.00132 14 1.00000
87.0 35.05965 14 1.00000
87.1 35.11720 14 1.00000
87.2 35.17557 14 1.00000
87.3 35.23669 14 1.00000
87.4 35.20041 14 1.00000
87.5 35.25494 14 1.00000
87.6 35.30899 14 1.00000
87.7 35.35851 14 1.00000
87.8 35.40620 14 1.00000
87.9 35.45524 14 1.00000
88.0 35.50222 14 1.00000
88.1 35.54523 14 1.00000
88.2 35.57003 14 1.00000
88.3 35.61563 14 1.00000
88.4 35.65622 14 1.00000
88.5 35.74598 14 1.00000
88.6 35.82334 14 1.00000
88.7 35.73340 14 1.00000
88.8 35.79505 14 1.00000
88.9 35.85618 14 1.00000
89.0 35.91392 14 1.00000
89.1 35.97511 14 1.00000
89.2 36.03071 14 1.00000
89.3 36.09271 14 1.00000
89.4 36.15192 14 1.00000
89.5 36.20996 14 1.00000
89.6 36.26607 14 1.00000
89.7 36.32106 14 1.00000
89.8 36.37904 14 1.00000
89.9 36.43951 14 1.00000
90.0 36.49023 14 1.00000
90.1 36.54320 14 1.00000
90.2 36.59601 14 1.00000
90.3 36.64827 14 1.00000
90.4 36.70098 14 1.00000
90.5 36.75463 14 1.00000
90.6 36.80868 14 1.00000
90.7 36.83943 14 1.00000
90.8 36.85534 14 1.00000
90.9 36.82306 14 1.00000
91.0 36.93097 14 1.00000
91.1 36.98821 14 1.00000
91.2 37.03289 14 1.00000
91.3 37.07756 14 1.00000
91.4 37.12225 14 1.00000
91.5 37.16693 14 1.00000
91.6 37.20559 14 1.00000
91.7 37.25631 14 1.00000
91.8 37.28431 14 1.00000
91.9 37.32352 14 1.00000
92.0 37.35843 14 1.00000
92.1 37.39088 14 1.00000
92.2 37.42170 14 1.00000
92.3 37.45485 14 1.00000
92.4 37.50132 14 1.00000
92.5 37.55630 14 1.00000
92.6 37.61509 14 1.00000
92.7 37.67414 14 1.00000
92.8 37.73300 14 1.00000
92.9 37.79293 14 1.00000
93.0 37.84106 14 1.00000
93.1 37.89446 14 1.00000
93.2 37.94753 14 1.00000
93.3 38.00039 14 1.00000
93.4 38.05380 14 1.00000
93.5 38.10655 14 1.00000
93.6 38.15925 14 1.00000
93.7 38.19866 14 1.00000
93.8 38.20036 14 1.00000
93.9 38.34615 14 1.00000
94.0 38.42184 14 1.00000
94.1 38.49284 14 1.00000
94.2 38.52058 14 1.00000
94.3 38.54917 14 1.00000
94.4 38.57926 14 1.00000
94.5 38.67933 14 1.00000
94.6 38.71679 14 1.00000
94.7 38.81737 14 1.00000
94.8 38.91777 14 1.00000
94.9 39.01807 14 1.00000
95.0 39.11853 14 1.00000
95.1 39.21882 14 1.00000
95.2 39.31925 14 1.00000
95.3 39.41940 14 1.00000
95.4 39.51952 14 1.00000
95.5 39.61983 14 1.00000
95.6 39.71988 14 1.00000
95.7 39.82011 14 1.00000
95.8 39.92007 14 1.00000
95.9 40.01995 14 1.00000
96.0 40.12007 14 1.00000
96.1 40.21992 14 1.00000
96.2 40.31325 14 1.00000
96.3 40.40246 14 1.00000
96.4 40.49171 14 1.00000
96.5 40.58118 14 1.00000
96.6 40.67051 14 1.00000
96.7 40.76016 14 1.00000
96.8 40.84956 14 1.00000
96.9 40.93924 14 1.00000
97.0 41.02865 14 1.00000
97.1 41.11821 14 1.00000
97.2 41.20799 14 1.00000
97.3 41.29757 14 1.00000
97.4 41.38741 14 1.00000
97.5 41.47700 14 1.00000
97.6 41.56691 14 1.00000
97.7 41.65668 14 1.00000
97.8 41.74642 14 1.00000
97.9 41.83638 14 1.00000
98.0 41.92624 14 1.00000
98.1 42.01631 14 1.00000
98.2 42.10618 14 1.00000
98.3 42.19632 14 1.00000
98.4 42.28619 14 1.00000
98.5 42.37644 14 1.00000
98.6 42.46643 14 1.00000
98.7 42.55640 14 1.00000
98.8 42.64674 14 1.00000
98.9 42.73681 14 1.00000
99.0 40.50000 14 1.00000
99.1 40.50000 14 1.00000
99.2 40.50000 14 1.00000
99.3 40.50000 14 1.00000
99.4 40.50000 14 1.00000
99.5 40.50000 14 1.00000
99.6 40.50000 14 1.00000
99.7 40.50000 14 1.00000
99.8 40.50000 14 1.00000
99.9 40.50000 14 1.00000
100.0 40.50000 14 1.00000
100.1 40.50000 14 1.00000
100.2 40.50000 14 1.00000
100.3 40.50000 14 1.00000
100.4 40.50000 14 1.00000
100.5 40.50000 14 1.00000
100.6 40.50000 14 1.00000
100.7 40.50000 14 1.00000
100.8 40.50000 14 1.00000
100.9 40.50000 14 1.00000
101.0 40.50000 14 1.00000
101.1 40.50000 14 1.00000
101.2 40.50000 14 1.00000
101.3 40.50000 14 1.00000
101.4 40.50000 14 1.00000
101.5 40.50000 14 1.00000
101.6 40.50000 14 1.00000
101.7 40.50000 14 1.00000
101.8 40.50000 14 1.00000
101.9 40.50000 14 1.00000
102.0 40.50000 14 1.00000
102.1 40.50000 14 1.00000
102.2 40.50000 14 1.00000
102.3 40.50000 14 1.00000
102.4 40.50000 14 1.00000
102.5 40.50000 14 1.00000
102.6 40.50000 14 1.00000
102.7 40.50000 14 1.00000
102.8 40.50000 14 1.00000
102.9 40.50000 14 1.00000
103.0 40.50000 14 1.00000
103.1 40.50000 14 1.00000
103.2 40.50000 14 1.00000
103.3 40.50000 14 1.00000
103.4 40.50000 14 1.00000
103.5 40.50000 14 1.00000
103.6 40.50000 14 1.00000
103.7 40.50000 14 1.00000
103.8 40.50000 14 1.00000
103.9 40.50000 14 1.00000
104.0 40.50000 14 1.00000
104.1 40.50000 14 1.00000
104.2 40.50000 14 1.00000
104.3 40.50000 14 1.00000
104.4 40.50000 14 1.00000
104.5 40.50000 14 1.00000
104.6 40.50000 14 1.00000
104.7 40.50000 14 1.00000
104.8 40.50000 14 1.00000
104.9 40.50000 14 1.00000
105.0 40.50000 14 1.00000
105.1 40.50000 14 1.00000
105.2 40.50000 14 1.00000
105.3 40.50000 14 1.00000
105.4 40.50000 14 1.00000
105.5 40.50000 14 1.00000
105.6 40.50000 14 1.00000
105.7 40.50000 14 1.00000
105.8 40.50000 14 1.00000
105.9 40.50000 14 1.00000
106.0 40.50000 14 1.00000
106.1 40.50000 14 1.00000
106.2 40.50000 14 1.00000
106.3 40.50000 14 1.00000
106.4 40.50000 14 1.00000
106.5 40.50000 14 1.00000
106.6 40.50000 14 1.00000
106.7 40.50000 14 1.00000
106.8 40.50000 14 1.00000
106.9 40.50000 14 1.00000
107.0 40.50000 14 1.00000
107.1 40.50000 14 1.00000
107.2 40.50000 14 1.00000
107.3 40.50000 14 1.00000
107.4 40.50000 14 1.00000
107.5 40.50000 14 1.00000
107.6 40.50000 14 1.00000
107.7 40.50000 14 1.00000
107.8 40.50000 14 1.00000
107.9 40.50000 14 1.00000
108.0 40.50000 14 1.00000
108.1 40.50000 14 1.00000
108.2 40.50000 14 1.00000
108.3 40.50000 14 1.00000
108.4 40.50000 14 1.00000
108.5 40.50000 14 1.00000
108.6 40.50000 14 1.00000
108.7 40.50000 14 1.00000
108.8 40.50000 14 1.00000
108.9 40.50000 14 1.00000
109.0 40.50000 14 1.00000
109.1 40.50000 14 1.00000
109.2 40.50000 14 1.00000
109.3 40.50000 14 1.00000
109.4 40.50000 14 1.00000
109.5 40.50000 14 1.00000
109.6 40.50000 14 1.00000
109.7 40.50000 14 1.00000
109.8 40.50000 14 1.00000
109.9 40.50000 14 1.00000
110.0 40.50000 14 1.00000
110.1 40.50000 14 1.00000
110.2 40.50000 14 1.00000
110.3 40.50000 14 1.00000
110.4 40.50000 14 1.00000
110.5 40.50000 14 1.00000
110.6 40.50000 14 1.00000
110.7 40.50000 14 1.00000
110.8 40.50000 14 1.00000
110.9 40.50000 14 1.00000
111.0 40.50000 14 1.00000
111.1 40.50000 14 1.00000
111.2 40.50000 14 1.00000
111.3 40.50000 14 1.00000
111.4 40.50000 14 1.00000
111.5 40.50000 14 1.00000
111.6 40.50000 14 1.00000
111.7 40.50000 14 1.00000
111.8 40.50000 14 1.00000
111.9 40.50000 14 1.00000
112.0 40.50000 14 1.00000
112.1 40.50000 14 1.00000
112.2 40.50000 14 1.00000
112.3 40.50000 14 1.00000
112.4 40.50000 14 1.00000
112.5 40.50000 14 1.00000
112.6 40.50000 14 1.00000
112.7 40.50000 14 1.00000
112.8 40.50000 14 1.00000
112.9 40.50000 14 1.00000
113.0 40.50000 14 1.00000
113.1 40.50000 14 1.00000
113.2 40.50000 14 1.00000
113.3 40.50000 14 1.00000
113.4 40.50000 14 1.00000
113.5 40.50000 14 1.00000
113.6 40.50000 14 1.00000
113.7 40.50000 14 1.00000
113.8 40.50000 14 1.00000
113.9 40.50000 14 1.00000
114.0 40.50000 14 1.00000
114.1 40.50000 14 1.00000
114.2 40.50000 14 1.00000
114.3 40.50000 14 1.00000
114.4 40.50000 14 1.00000
114.5 40.50000 14 1.00000
114.6 40.50000 14 1.00000
114.7 40.50000 14 1.00000
114.8 40.50000 14 1.00000
114.9 40.50000 14 1.00000
115.0 40.50000 14 1.00000
115.1 40.50000 14 1.00000
115.2 40.50000 14 1.00000
115.3 40.50000 14 1.00000
115.4 40.50000 14 1.00000
115.5 40.50000 14 1.00000
115.6 40.50000 14 1.00000
115.7 40.50000 14 1.00000
115.8 40.50000 14 1.00000
115.9 40.50000 14 1.00000
116.0 40.50000 14 1.00000
116.1 40.50000 14 1.00000
116.2 40.50000 14 1.00000
116.3 40.50000 14 1.00000
116.4 40.50000 14 1.00000
116.5 40.50000 14 1.00000
116.6 40.50000 14 1.00000
116.7 40.50000 14 1.00000
116.8 40.50000 14 1.00000
116.9 40.50000 14 1.00000
117.0 40.50000 14 1.00000
117.1 40.50000 14 1.00000
117.2 40.50000 14 1.00000
117.3 40.50000 14 1.00000
117.4 40.50000 14 1.00000
117.5 40.50000 14 1.00000
117.6 40.50000 14 1.00000
117.7 40.50000 14 1.00000
117.8 40.50000 14 1.00000
117.9 40.50000 14 1.00000
118.0 40.50000 14 1.00000
118.1 40.50000 14 1.00000
118.2 40.50000 14 1.00000
118.3 40.50000 14 1.00000
118.4 40.50000 14 1.00000
118.5 40.50000 14 1.00000
118.6 40.50000 14 1.00000
118.7 40.50000 14 1.00000
118.8 40.50000 14 1.00000
118.9 40.50000 14 1.00000
119.0 40.50000 14 1.00000
119.1 40.50000 14 1.00000
119.2 40.50000 14 1.00000
119.3 40.50000 14 1.00000
119.4 40.50000 14 1.00000
119.5 40.50000 14 1.00000
119.6 40.50000 14 1.00000
119.7 40.50000 14 1.00000
119.8 40.50000 14 1.00000
119.9 40.50000 14 1.00000
120.0 40.50000 14 1.00000
120.1 40.50000 14 1.00000
120.2 40.50000 14 1.00000
120.3 40.50000 14 1.00000
120.4 40.50000 14 1.00000
120.5 40.50000 14 1.00000
120.6 40.50000 14 1.00000
120.7 40.50000 14 1.00000
120.8 40.50000 14 1.00000
120.9 40.50000 14 1.00000
121.0 40.50000 14 1.00000
121.1 40.50000 14 1.00000
121.2 40.50000 14 1.00000
121.3 40.50000 14 1.00000
121.4 40.50000 14 1.00000
121.5 40.50000 14 1.00000
121.6 40.50000 14 1.00000
121.7 40.50000 14 1.00000
121.8 40.50000 14 1.00000
121.9 40.50000 14 1.00000
122.0 40.50000 14 1.00000
122.1 40.50000 14 1.00000
122.2 40.50000 14 1.00000
122.3 40.50000 14 1.00000
122.4 40.50000 14 1.00000
122.5 40.50000 14 1.00000
122.6 40.50000 14 1.00000
122.7 40.50000 14 1.00000
122.8 40.50000 14 1.00000
122.9 40.50000 14 1.00000
123.0 40.50000 14 1.00000
123.1 40.50000 14 1.00000
123.2 40.50000 14 1.00000
123.3 40.50000 14 1.00000
123.4 40.50000 14 1.00000
123.5 40.50000 14 1.00000
123.6 40.50000 14 1.00000
123.7 40.50000 14 1.00000
123.8 40.50000 14 1.00000
123.9 40.50000 14 1.00000
124.0 40.50000 14 1.00000
124.1 40.50000 14 1.00000
124.2 40.50000 14 1.00000
124.3 40.50000 14 1.00000
124.4 40.50000 14 1.00000
124.5 40.50000 14 1.00000
124.6 40.50000 14 1.00000
124.7 40.50000 14 1.00000
124.8 40.50000 14 1.00000
124.9 40.50000 14 1.00000
125.0 40.50000 14 1.00000
125.1 40.50000 14 1.00000
125.2 40.50000 14 1.00000
125.3 40.50000 14 1.00000
125.4 40.50000 14 1.00000
125.5 40.50000 14 1.00000
125.6 40.50000 14 1.00000
125.7 40.50000 14 1.00000
125.8 40.50000 14 1.00000
125.9 40.50000 14 1.00000
126.0 40.50000 14 1.00000
126.1 40.50000 14 1.00000
126.2 40.50000 14 1.00000
126.3 40.50000 14 1.00000
126.4 40.50000 14 1.00000
126.5 40.50000 14 1.00000
126.6 40.50000 14 1.00000
126.7 40.50000 14 1.00000
126.8 40.50000 14 1.00000
126.9 40.50000 14 1.00000
127.0 40.50000 14 1.00000
127.1 40.50000 14 1.00000
127.2 40.50000 14 1.00000
127.3 40.50000 14 1.00000
127.4 40.50000 14 1.00000
127.5 40.50000 14 1.00000
127.6 40.50000 14 1.00000
127.7 40.50000 14 1.00000
127.8 40.50000 14 1.00000
127.9 40.50000 14 1.00000
128.0 40.50000 14 1.00000
128.1 40.50000 14 1.00000
128.2 40.50000 14 1.00000
128.3 40.50000 14 1.00000
128.4 40.50000 14 1.00000
128.5 40.50000 14 1.00000
128.6 40.50000 14 1.00000
128.7 40.50000 14 1.00000
128.8 40.50000 14 1.00000
128.9 40.50000 14 1.00000
129.0 40.50000 14 1.00000
129.1 40.50000 14 1.00000
129.2 40.50000 14 1.00000
129.3 40.50000 14 1.00000
129.4 40.50000 14 1.00000
129.5 40.50000 14 1.00000
129.6 40.50000 14 1.00000
129.7 40.50000 14 1.00000
129.8 40.50000 14 1.00000
129.9 40.50000 14 1.00000
130.0 40.50000 14 1.00000
130.1 40.50000 14 1.00000
130.2 40.50000 14 1.00000
130.3 40.50000 14 1.00000
130.4 40.50000 14 1.00000
130.5 40.50000 14 1.00000
130.6 40.50000 14 1.00000
130.7 40.50000 14 1.00000
130.8 40.50000 14 1.00000
130.9 40.50000 14 1.00000
131.0 40.50000 14 1.00000
131.1 40.50000 14 1.00000
131.2 40.50000 14 1.00000
131.3 40.50000 14 1.00000
131.4 40.50000 14 1.00000
131.5 40.50000 14 1.00000
131.6 40.50000 14 1.00000
131.7 40.50000 14 1.00000
131.8 40.50000 14 1.00000
131.9 40.50000 14 1.00000
132.0 40.50000 14 1.00000
132.1 40.50000 14 1.00000
132.2 40.50000 14 1.00000
132.3 40.50000 14 1.00000
132.4 40.50000 14 1.00000
132.5 40.50000 14 1.00000
132.6 40.50000 14 1.00000
132.7 40.50000 14 1.00000
132.8 40.50000 14 1.00000
132.9 40.50000 14 1.00000
133.0 40.50000 14 1.00000
133.1 40.50000 14 1.00000
133.2 40.50000 14 1.00000
133.3 40.50000 14 1.00000
133.4 40.50000 14 1.00000
133.5 40.50000 14 1.00000
133.6 40.50000 14 1.00000
133.7 40.50000 14 1.00000
133.8 40.50000 14 1.00000
133.9 40.50000 14 1.00000
134.0 40.50000 14 1.00000
134.1 40.50000 14 1.00000
134.2 40.50000 14 1.00000
134.3 40.50000 14 1.00000
134.4 40.50000 14 1.00000
134.5 40.50000 14 1.00000
134.6 40.50000 14 1.00000
134.7 40.50000 14 1.00000
134.8 40.50000 14 1.00000
134.9 40.50000 14 1.00000
135.0 40.50000 14 1.00000
135.1 40.50000 14 1.00000
135.2 40.50000 14 1.00000
135.3 40.50000 14 1.00000
135.4 40.50000 14 1.00000
135.5 40.50000 14 1.00000
135.6 40.50000 14 1.00000
135.7 40.50000 14 1.00000
135.8 40.50000 14 1.00000
135.9 40.50000 14 1.00000
136.0 40.50000 14 1.00000
136.1 40.50000 14 1.00000
136.2 40.50000 14 1.00000
136.3 40.50000 14 1.00000
136.4 40.50000 14 1.00000
136.5 40.50000 14 1.00000
136.6 40.50000 14 1.00000
136.7 40.50000 14 1.00000
136.8 40.50000 14 1.00000
136.9 40.50000 14 1.00000
137.0 40.50000 14 1.00000
137.1 40.50000 14 1.00000
137.2 40.50000 14 1.00000
137.3 40.50000 14 1.00000
137.4 40.50000 14 1.00000
137.5 40.50000 14 1.00000
137.6 40.50000 14 1.00000
137.7 40.50000 14 1.00000
137.8 40.50000 14 1.00000
137.9 40.50000 14 1.00000
138.0 40.50000 14 1.00000
138.1 40.50000 14 1.00000
138.2 40.50000 14 1.00000
138.3 40.50000 14 1.00000
138.4 40.50000 14 1.00000
138.5 40.50000 14 1.00000
138.6 40.50000 14 1.00000
138.7 40.50000 14 1.00000
138.8 40.50000 14 1.00000
138.9 40.50000 14 1.00000
139.0 40.50000 14 1.00000
139.1 40.50000 14 1.00000
139.2 40.50000 14 1.00000
139.3 40.50000 14 1.00000
139.4 40.50000 14 1.00000
139.5 40.50000 14 1.00000
139.6 40.50000 14 1.00000
139.7 40.50000 14 1.00000
139.8 40.50000 14 1.00000
139.9 40.50000 14 1.00000
140.0 40.50000 14 1.00000
140.1 40.50000 14 1.00000
140.2 40.50000 14 1.00000
140.3 40.50000 14 1.00000
140.4 40.50000 14 1.00000
140.5 40.50000 14 1.00000
140.6 40.50000 14 1.00000
140.7 40.50000 14 1.00000
140.8 40.50000 14 1.00000
140.9 40.50000 14 1.00000
141.0 40.50000 14 1.00000
141.1 40.50000 14 1.00000
141.2 40.50000 14 1.00000
141.3 40.50000 14 1.00000
141.4 40.50000 14 1.00000
141.5 40.50000 14 1.00000
141.6 40.50000 14 1.00000
141.7 40.50000 14 1.00000
141.8 40.50000 14 1.00000
141.9 40.50000 14 1.00000
142.0 40.50000 14 1.00000
142.1 40.50000 14 1.00000
142.2 40.50000 14 1.00000
142.3 40.50000 14 1.00000
142.4 40.50000 14 1.00000
142.5 40.50000 14 1.00000
142.6 40.50000 14 1.00000
142.7 40.50000 14 1.00000
142.8 40.50000 14 1.00000
142.9 40.50000 14 1.00000
143.0 40.50000 14 1.00000
143.1 40.50000 14 1.00000
143.2 40.50000 14 1.00000
143.3 40.50000 14 1.00000
143.4 40.50000 14 1.00000
143.5 40.50000 14 1.00000
143.6 40.50000 14 1.00000
143.7 40.50000 14 1.00000
143.8 40.50000 14 1.00000
143.9 40.50000 14 1.00000
144.0 40.50000 14 1.00000
144.1 40.50000 14 1.00000
144.2 40.50000 14 1.00000
144.3 40.50000 14 1.00000
144.4 40.50000 14 1.00000
144.5 40.50000 14 1.00000
144.6 40.50000 14 1.00000
144.7 40.50000 14 1.00000
144.8 40.50000 14 1.00000
144.9 40.50000 14 1.00000
145.0 40.50000 14 1.00000
145.1 40.50000 14 1.00000
145.2 40.50000 14 1.00000
145.3 40.50000 14 1.00000
145.4 40.50000 14 1.00000
145.5 40.50000 14 1.00000
145.6 40.50000 14 1.00000
145.7 40.50000 14 1.00000
145.8 40.50000 14 1.00000
145.9 40.50000 14 1.00000
146.0 40.50000 14 1.00000
146.1 40.50000 14 1.00000
146.2 40.50000 14 1.00000
146.3 40.50000 14 1.00000
146.4 40.50000 14 1.00000
146.5 40.50000 14 1.00000
146.6 40.50000 14 1.00000
146.7 40.50000 14 1.00000
146.8 40.50000 14 1.00000
146.9 40.50000 14 1.00000
147.0 40.50000 14 1.00000
147.1 40.50000 14 1.00000
147.2 40.50000 14 1.00000
147.3 40.50000 14 1.00000
147.4 40.50000 14 1.00000
147.5 40.50000 14 1.00000
147.6 40.50000 14 1.00000
147.7 40.50000 14 1.00000
147.8 40.50000 14 1.00000
147.9 40.50000 14 1.00000
148.0 40.50000 14 1.00000
148.1 40.50000 14 1.00000
148.2 40.50000 14 1.00000
148.3 40.50000 14 1.00000
148.4 40.50000 14 1.00000
148.5 40.50000 14 1.00000
148.6 40.50000 14 1.00000
148.7 40.50000 14 1.00000
148.8 40.50000 14 1.00000
148.9 40.50000 14 1.00000
149.0 40.50000 14 1.00000
149.1 40.50000 14 1.00000
149.2 40.50000 14 1.00000
149.3 40.50000 14 1.00000
149.4 40.50000 14 1.00000
149.5 40.50000 14 1.00000
149.6 40.50000 14 1.00000
149.7 40.50000 14 1.00000
149.8 40.50000 14 1.00000
149.9 40.50000 14 1.00000
150.0 40.50000 14 1.00000
150.1 40.50000 14 1.00000
150.2 40.50000 14 1.00000
150.3 40.50000 14 1.00000
150.4 40.50000 14 1.00000
150.5 40.50000 14 1.00000
150.6 40.50000 14 1.00000
150.7 40.50000 14 1.00000
150.8 40.50000 14 1.00000
150.9 40.50000 14 1.00000
151.0 40.50000 14 1.00000
151.1 40.50000 14 1.00000
151.2 40.50000 14 1.00000
151.3 40.50000 14 1.00000
151.4 40.50000 14 1.00000
151.5 40.50000 14 1.00000
151.6 40.50000 14 1.00000
151.7 40.50000 14 1.00000
151.8 40.50000 14 1.00000
151.9 40.50000 14 1.00000
152.0 40.50000 14 1.00000
152.1 40.50000 14 1.00000
152.2 40.50000 14 1.00000
152.3 40.50000 14 1.00000
152.4 40.50000 14 1.00000
152.5 40.50000 14 1.00000
152.6 40.50000 14 1.00000
152.7 40.50000 14 1.00000
152.8 40.50000 14 1.00000
152.9 40.50000 14 1.00000
153.0 40.50000 14 1.00000
153.1 40.50000 14 1.00000
153.2 40.50000 14 1.00000
153.3 40.50000 14 1.00000
153.4 40.50000 14 1.00000
153.5 40.50000 14 1.00000
153.6 40.50000 14 1.00000
153.7 40.50000 14 1.00000
153.8 40.50000 14 1.00000
153.9 40.50000 14 1.00000
154.0 40.50000 14 1.00000
154.1 40.50000 14 1.00000
154.2 40.50000 14 1.00000
154.3 40.50000 14 1.00000
154.4 40.50000 14 1.00000
154.5 40.50000 14 1.00000
154.6 40.50000 14 1.00000
154.7 40.50000 14 1.00000
154.8 40.50000 14 1.00000
154.9 40.50000 14 1.00000
155.0 40.50000 14 1.00000
155.1 40.50000 14 1.00000
155.2 40.50000 14 1.00000
155.3 40.50000 14 1.00000
155.4 40.50000 14 1.00000
155.5 40.50000 14 1.00000
155.6 40.50000 14 1.00000
155.7 40.50000 14 1.00000
155.8 40.50000 14 1.00000
155.9 40.50000 14 1.00000
156.0 40.50000 14 1.00000
156.1 40.50000 14 1.00000
156.2 40.50000 14 1.00000
156.3 40.50000 14 1.00000
156.4 40.50000 14 1.00000
156.5 40.50000 14 1.00000
156.6 40.50000 14 1.00000
156.7 40.50000 14 1.00000
156.8 40.50000 14 1.00000
156.9 40.50000 14 1.00000
157.0 40.50000 14 1.00000
157.1 40.50000 14 1.00000
157.2 40.50000 14 1.00000
157.3 40.50000 14 1.00000
157.4 40.50000 14 1.00000
157.5 40.50000 14 1.00000
157.6 40.50000 14 1.00000
157.7 40.50000 14 1.00000
157.8 40.50000 14 1.00000
157.9 40.50000 14 1.00000
158.0 40.50000 14 1.00000
158.1 40.50000 14 1.00000
158.2 40.50000 14 1.00000
158.3 40.50000 14 1.00000
158.4 40.50000 14 1.00000
158.5 40.50000 14 1.00000
158.6 40.50000 14 1.00000
158.7 40.50000 14 1.00000
158.8 40.50000 14 1.00000
158.9 40.50000 14 1.00000
159.0 40.50000 14 1.00000
159.1 40.50000 14 1.00000
159.2 40.50000 14 1.00000
159.3 40.50000 14 1.00000
159.4 40.50000 14 1.00000
159.5 40.50000 14 1.00000
159.6 40.50000 14 1.00000
159.7 40.50000 14 1.00000
159.8 40.50000 14 1.00000
159.9 40.50000 14 1.00000
160.0 40.50000 14 1.00000
160.1 40.50000 14 1.00000
160.2 0.00000 15 0.00000
160.3 0.00000 15 0.00000
160.4 40.50000 14 1.00000
160.5 40.50000 14 1.00000
160.6 0.00000 15 0.00000
160.7 0.00000 15 0.00000
160.8 0.00000 15 0.00000
160.9 0.00000 15 0.00000
161.0 40.50000 14 1.00000
161.1 0.00000 15 0.00000
161.2 0.00000 15 0.00000
161.3 0.00000 15 0.00000
161.4 0.00000 15 0.00000
161.5 0.00000 15 0.00000
161.6 0.00000 15 0.00000
161.7 0.00000 15 0.00000
161.8 0.00000 15 0.00000
161.9 0.00000 15 0.00000
162.0 0.00000 15 0.00000
162.1 0.00000 15 0.00000
162.2 0.00000 15 0.00000
162.3 0.00000 15 0.00000
162.4 0.00000 15 0.00000
162.5 0.00000 15 0.00000
162.6 0.00000 15 0.00000
162.7 0.00000 15 0.00000
162.8 0.00000 15 0.00000
162.9 0.00000 15 0.00000
163.0 0.00000 15 0.00000
163.1 0.00000 15 0.00000
163.2 0.00000 15 0.00000
163.3 0.00000 15 0.00000
163.4 0.00000 15 0.00000
163.5 0.00000 15 0.00000
163.6 0.00000 15 0.00000
163.7 0.00000 15 0.00000
163.8 0.00000 15 0.00000
163.9 0.00000 15 0.00000
164.0 0.00000 15 0.00000
164.1 0.00000 15 0.00000
164.2 0.00000 15 0.00000
164.3 0.00000 15 0.00000
164.4 0.00000 15 0.00000
164.5 0.00000 15 0.00000
164.6 0.00000 15 0.00000
164.7 0.00000 15 0.00000
164.8 0.00000 15 0.00000
164.9 0.00000 15 0.00000
165.0 0.00000 15 0.00000
165.1 0.00000 15 0.00000
165.2 0.00000 15 0.00000
165.3 0.00000 15 0.00000
165.4 0.00000 15 0.00000
165.5 0.00000 15 0.00000
165.6 0.00000 15 0.00000
165.7 0.00000 15 0.00000
165.8 0.00000 15 0.00000
165.9 0.00000 15 0.00000
166.0 0.00000 15 0.00000
166.1 0.00000 15 0.00000
166.2 0.00000 15 0.00000
166.3 0.00000 15 0.00000
166.4 0.00000 15 0.00000
166.5 0.00000 15 0.00000
166.6 0.00000 15 0.00000
166.7 0.00000 15 0.00000
166.8 0.00000 15 0.00000
166.9 0.00000 15 0.00000
167.0 0.00000 15 0.00000
167.1 0.00000 15 0.00000
167.2 0.00000 15 0.00000
167.3 0.00000 15 0.00000
167.4 0.00000 15 0.00000
167.5 0.00000 15 0.00000
167.6 0.00000 15 0.00000
167.7 0.00000 15 0.00000
167.8 0.00000 15 0.00000
167.9 0.00000 15 0.00000
168.0 0.00000 15 0.00000
168.1 0.00000 15 0.00000
168.2 0.00000 15 0.00000
168.3 0.00000 15 0.00000
168.4 0.00000 15 0.00000
168.5 0.00000 15 0.00000
168.6 0.00000 15 0.00000
168.7 0.00000 15 0.00000
168.8 0.00000 15 0.00000
168.9 0.00000 15 0.00000
169.0 0.00000 15 0.00000
169.1 0.00000 15 0.00000
169.2 0.00000 15 0.00000
169.3 0.00000 15 0.00000
169.4 0.00000 15 0.00000
169.5 0.00000 15 0.00000
169.6 0.00000 15 0.00000
169.7 0.00000 15 0.00000
169.8 0.00000 15 0.00000
169.9 0.00000 15 0.00000
170.0 0.00000 15 0.00000
170.1 0.00000 15 0.00000
170.2 0.00000 15 0.00000
170.3 0.00000 15 0.00000
170.4 0.00000 15 0.00000
170.5 0.00000 15 0.00000
170.6 0.00000 15 0.00000
170.7 0.00000 15 0.00000
170.8 0.00000 15 0.00000
170.9 0.00000 15 0.00000
171.0 0.00000 15 0.00000
171.1 0.00000 15 0.00000
171.2 0.00000 15 0.00000
171.3 0.00000 15 0.00000
171.4 0.00000 15 0.00000
171.5 0.00000 15 0.00000
171.6 0.00000 15 0.00000
171.7 0.00000 15 0.00000
171.8 0.00000 15 0.00000
171.9 0.00000 15 0.00000
172.0 0.00000 15 0.00000
172.1 0.00000 15 0.00000
172.2 0.00000 15 0.00000
172.3 0.00000 15 0.00000
172.4 0.00000 15 0.00000
172.5 0.00000 15 0.00000
172.6 0.00000 15 0.00000
172.7 0.00000 15 0.00000
172.8 0.00000 15 0.00000
172.9 0.00000 15 0.00000
173.0 0.00000 15 0.00000
173.1 0.00000 15 0.00000
173.2 0.00000 15 0.00000
173.3 0.00000 15 0.00000
173.4 0.00000 15 0.00000
173.5 0.00000 15 0.00000
173.6 0.00000 15 0.00000
173.7 0.00000 15 0.00000
173.8 0.00000 15 0.00000
173.9 0.00000 15 0.00000
174.0 0.00000 15 0.00000
174.1 0.00000 15 0.00000
174.2 0.00000 15 0.00000
174.3 0.00000 15 0.00000
174.4 0.00000 15 0.00000
174.5 0.00000 15 0.00000
174.6 0.00000 15 0.00000
174.7 0.00000 15 0.00000
174.8 0.00000 15 0.00000
174.9 0.00000 15 0.00000
175.0 0.00000 15 0.00000
175.1 0.00000 15 0.00000
175.2 0.00000 15 0.00000
175.3 0.00000 15 0.00000
175.4 0.00000 15 0.00000
175.5 0.00000 15 0.00000
175.6 0.00000 15 0.00000
175.7 0.00000 15 0.00000
175.8 0.00000 15 0.00000
175.9 0.00000 15 0.00000
176.0 0.00000 15 0.00000
176.1 0.00000 15 0.00000
176.2 0.00000 15 0.00000
176.3 0.00000 15 0.00000
176.4 0.00000 15 0.00000
176.5 0.00000 15 0.00000
176.6 0.00000 15 0.00000
176.7 0.00000 15 0.00000
176.8 0.00000 15 0.00000
176.9 0.00000 15 0.00000
177.0 0.00000 15 0.00000
177.1 0.00000 15 0.00000
177.2 0.00000 15 0.00000
177.3 0.00000 15 0.00000
177.4 0.00000 15 0.00000
177.5 0.00000 15 0.00000
177.6 0.00000 15 0.00000
177.7 0.00000 15 0.00000
177.8 0.00000 15 0.00000
177.9 0.00000 15 0.00000
178.0 0.00000 15 0.00000
178.1 0.00000 15 0.00000
178.2 0.00000 15 0.00000
178.3 0.00000 15 0.00000
178.4 0.00000 15 0.00000
178.5 0.00000 15 0.00000
178.6 0.00000 15 0.00000
178.7 0.00000 15 0.00000
178.8 0.00000 15 0.00000
178.9 0.00000 15 0.00000
179.0 0.00000 15 0.00000
179.1 0.00000 15 0.00000
179.2 0.00000 15 0.00000
179.3 0.00000 15 0.00000
179.4 0.00000 15 0.00000
179.5 0.00000 15 0.00000
179.6 0.00000 15 0.00000
179.7 0.00000 15 0.00000
179.8 0.00000 15 0.00000
179.9 0.00000 15 0.00000
180.0 0.00000 15 0.00000
180.1 0.00000 15 0.00000
180.2 0.00000 15 0.00000
180.3 0.00000 15 0.00000
180.4 0.00000 15 0.00000
180.5 0.00000 15 0.00000
180.6 0.00000 15 0.00000
180.7 0.00000 15 0.00000
180.8 0.00000 15 0.00000
180.9 0.00000 15 0.00000
181.0 0.00000 15 0.00000
181.1 0.00000 15 0.00000
181.2 0.00000 15 0.00000
181.3 0.00000 15 0.00000
181.4 0.00000 15 0.00000
181.5 0.00000 15 0.00000
181.6 0.00000 15 0.00000
181.7 0.00000 15 0.00000
181.8 0.00000 15 0.00000
181.9 0.00000 15 0.00000
182.0 0.00000 15 0.00000
182.1 0.00000 15 0.00000
182.2 0.00000 15 0.00000
182.3 0.00000 15 0.00000
182.4 0.00000 15 0.00000
182.5 0.00000 15 0.00000
182.6 0.00000 15 0.00000
182.7 0.00000 15 0.00000
182.8 0.00000 15 0.00000
182.9 0.00000 15 0.00000
183.0 0.00000 15 0.00000
183.1 0.00000 15 0.00000
183.2 0.00000 15 0.00000
183.3 0.00000 15 0.00000
183.4 0.00000 15 0.00000
183.5 0.00000 15 0.00000
183.6 0.00000 15 0.00000
183.7 0.00000 15 0.00000
183.8 0.00000 15 0.00000
183.9 0.00000 15 0.00000
184.0 0.00000 15 0.00000
184.1 0.00000 15 0.00000
184.2 0.00000 15 0.00000
184.3 0.00000 15 0.00000
184.4 0.00000 15 0.00000
184.5 0.00000 15 0.00000
184.6 0.00000 15 0.00000
184.7 0.00000 15 0.00000
184.8 0.00000 15 0.00000
184.9 0.00000 15 0.00000
185.0 0.00000 15 0.00000
185.1 0.00000 15 0.00000
185.2 0.00000 15 0.00000
185.3 0.00000 15 0.00000
185.4 0.00000 15 0.00000
185.5 0.00000 15 0.00000
185.6 0.00000 15 0.00000
185.7 0.00000 15 0.00000
185.8 0.00000 15 0.00000
185.9 0.00000 15 0.00000
186.0 0.00000 15 0.00000
186.1 0.00000 15 0.00000
186.2 0.00000 15 0.00000
186.3 0.00000 15 0.00000
186.4 0.00000 15 0.00000
186.5 0.00000 15 0.00000
186.6 0.00000 15 0.00000
186.7 0.00000 15 0.00000
186.8 0.00000 15 0.00000
186.9 0.00000 15 0.00000
187.0 0.00000 15 0.00000
187.1 0.00000 15 0.00000
187.2 0.00000 15 0.00000
187.3 0.00000 15 0.00000
187.4 0.00000 15 0.00000
187.5 0.00000 15 0.00000
187.6 0.00000 15 0.00000
187.7 0.00000 15 0.00000
187.8 0.00000 15 0.00000
187.9 0.00000 15 0.00000
188.0 0.00000 15 0.00000
188.1 0.00000 15 0.00000
188.2 0.00000 15 0.00000
188.3 0.00000 15 0.00000
188.4 0.00000 15 0.00000
188.5 0.00000 15 0.00000
188.6 0.00000 15 0.00000
188.7 0.00000 15 0.00000
188.8 0.00000 15 0.00000
188.9 0.00000 15 0.00000
189.0 0.00000 15 0.00000
189.1 0.00000 15 0.00000
189.2 0.00000 15 0.00000
189.3 0.00000 15 0.00000
189.4 0.00000 15 0.00000
189.5 0.00000 15 0.00000
189.6 0.00000 15 0.00000
189.7 0.00000 15 0.00000
189.8 0.00000 15 0.00000
189.9 0.00000 15 0.00000
190.0 0.00000 15 0.00000
190.1 0.00000 15 0.00000
190.2 0.00000 15 0.00000
190.3 0.00000 15 0.00000
190.4 0.00000 15 0.00000
190.5 0.00000 15 0.00000
190.6 0.00000 15 0.00000
190.7 0.00000 15 0.00000
190.8 0.00000 15 0.00000
190.9 0.00000 15 0.00000
191.0 0.00000 15 0.00000
191.1 0.00000 15 0.00000
191.2 0.00000 15 0.00000
191.3 0.00000 15 0.00000
191.4 0.00000 15 0.00000
191.5 0.00000 15 0.00000
191.6 0.00000 15 0.00000
191.7 0.00000 15 0.00000
191.8 0.00000 15 0.00000
191.9 0.00000 15 0.00000
192.0 0.00000 15 0.00000
192.1 0.00000 15 0.00000
192.2 0.00000 15 0.00000
192.3 0.00000 15 0.00000
192.4 0.00000 15 0.00000
192.5 0.00000 15 0.00000
192.6 0.00000 15 0.00000
192.7 0.00000 15 0.00000
192.8 0.00000 15 0.00000
192.9 0.00000 15 0.00000
193.0 0.00000 15 0.00000
193.1 0.00000 15 0.00000
193.2 0.00000 15 0.00000
193.3 0.00000 15 0.00000
193.4 0.00000 15 0.00000
193.5 0.00000 15 0.00000
193.6 0.00000 15 0.00000
193.7 0.00000 15 0.00000
193.8 0.00000 15 0.00000
193.9 0.00000 15 0.00000
194.0 0.00000 15 0.00000
194.1 0.00000 15 0.00000
194.2 0.00000 15 0.00000
194.3 0.00000 15 0.00000
194.4 0.00000 15 0.00000
194.5 0.00000 15 0.00000
194.6 0.00000 15 0.00000
194.7 0.00000 15 0.00000
194.8 0.00000 15 0.00000
194.9 0.00000 15 0.00000
195.0 0.00000 15 0.00000
195.1 0.00000 15 0.00000
195.2 0.00000 15 0.00000
195.3 0.00000 15 0.00000
195.4 0.00000 15 0.00000
195.5 0.00000 15 0.00000
195.6 0.00000 15 0.00000
195.7 0.00000 15 0.00000
195.8 0.00000 15 0.00000
195.9 0.00000 15 0.00000
196.0 0.00000 15 0.00000
196.1 0.00000 15 0.00000
196.2 0.00000 15 0.00000
196.3 0.00000 15 0.00000
196.4 0.00000 15 0.00000
196.5 0.00000 15 0.00000
196.6 0.00000 15 0.00000
196.7 0.00000 15 0.00000
196.8 0.00000 15 0.00000
196.9 0.00000 15 0.00000
197.0 0.00000 15 0.00000
197.1 0.00000 15 0.00000
197.2 0.00000 15 0.00000
197.3 0.00000 15 0.00000
197.4 0.00000 15 0.00000
197.5 0.00000 15 0.00000
197.6 0.00000 15 0.00000
197.7 0.00000 15 0.00000
197.8 0.00000 15 0.00000
197.9 0.00000 15 0.00000
198.0 0.00000 15 0.00000
198.1 0.00000 15 0.00000
198.2 0.00000 15 0.00000
198.3 0.00000 15 0.00000
198.4 0.00000 15 0.00000
198.5 0.00000 15 0.00000
198.6 0.00000 15 0.00000
198.7 0.00000 15 0.00000
198.8 0.00000 15 0.00000
198.9 0.00000 15 0.00000
199.0 0.00000 15 0.00000
199.1 0.00000 15 0.00000
199.2 0.00000 15 0.00000
199.3 0.00000 15 0.00000
199.4 0.00000 15 0.00000
199.5 0.00000 15 0.00000
199.6 0.00000 15 0.00000
199.7 0.00000 15 0.00000
199.8 0.00000 15 0.00000
199.9 0.00000 15 0.00000
200.0 0.00000 15 0.00000
200.1 0.00000 15 0.00000
200.2 0.00000 15 0.00000
200.3 0.00000 15 0.00000
200.4 0.00000 15 0.00000
200.5 0.00000 15 0.00000
200.6 0.00000 15 0.00000
200.7 0.00000 15 0.00000
200.8 0.00000 15 0.00000
200.9 0.00000 15 0.00000
201.0 0.00000 15 0.00000
201.1 0.00000 15 0.00000
201.2 0.00000 15 0.00000
201.3 0.00000 15 0.00000
201.4 0.00000 15 0.00000
201.5 0.00000 15 0.00000
201.6 0.00000 15 0.00000
201.7 0.00000 15 0.00000
201.8 0.00000 15 0.00000
201.9 0.00000 15 0.00000
202.0 0.00000 15 0.00000
202.1 0.00000 15 0.00000
202.2 0.00000 15 0.00000
202.3 0.00000 15 0.00000
202.4 0.00000 15 0.00000
202.5 0.00000 15 0.00000
202.6 0.00000 15 0.00000
202.7 0.00000 15 0.00000
202.8 0.00000 15 0.00000
202.9 0.00000 15 0.00000
203.0 0.00000 15 0.00000
203.1 0.00000 15 0.00000
203.2 0.00000 15 0.00000
203.3 0.00000 15 0.00000
203.4 0.00000 15 0.00000
203.5 0.00000 15 0.00000
203.6 0.00000 15 0.00000
203.7 0.00000 15 0.00000
203.8 0.00000 15 0.00000
203.9 0.00000 15 0.00000
204.0 0.00000 15 0.00000
204.1 0.00000 15 0.00000
204.2 0.00000 15 0.00000
204.3 0.00000 15 0.00000
204.4 0.00000 15 0.00000
204.5 0.00000 15 0.00000
204.6 0.00000 15 0.00000
204.7 0.00000 15 0.00000
204.8 0.00000 15 0.00000
204.9 0.00000 15 0.00000
205.0 0.00000 15 0.00000
205.1 0.00000 15 0.00000
205.2 0.00000 15 0.00000
205.3 0.00000 15 0.00000
205.4 0.00000 15 0.00000
205.5 0.00000 15 0.00000
205.6 0.00000 15 0.00000
205.7 0.00000 15 0.00000
205.8 0.00000 15 0.00000
205.9 0.00000 15 0.00000
206.0 0.00000 15 0.00000
206.1 0.00000 15 0.00000
206.2 0.00000 15 0.00000
206.3 0.00000 15 0.00000
206.4 0.00000 15 0.00000
206.5 0.00000 15 0.00000
206.6 0.00000 15 0.00000
206.7 0.00000 15 0.00000
206.8 0.00000 15 0.00000
206.9 0.00000 15 0.00000
207.0 0.00000 15 0.00000
207.1 0.00000 15 0.00000
207.2 0.00000 15 0.00000
207.3 0.00000 15 0.00000
207.4 0.00000 15 0.00000
207.5 0.00000 15 0.00000
207.6 0.00000 15 0.00000
207.7 0.00000 15 0.00000
207.8 0.00000 15 0.00000
207.9 0.00000 15 0.00000
208.0 0.00000 15 0.00000
208.1 0.00000 15 0.00000
208.2 0.00000 15 0.00000
208.3 0.00000 15 0.00000
208.4 0.00000 15 0.00000
208.5 0.00000 15 0.00000
208.6 0.00000 15 0.00000
208.7 0.00000 15 0.00000
208.8 0.00000 15 0.00000
208.9 0.00000 15 0.00000
209.0 0.00000 15 0.00000
209.1 0.00000 15 0.00000
209.2 0.00000 15 0.00000
209.3 0.00000 15 0.00000
209.4 0.00000 15 0.00000
209.5 0.00000 15 0.00000
209.6 0.00000 15 0.00000
209.7 0.00000 15 0.00000
209.8 0.00000 15 0.00000
209.9 0.00000 15 0.00000
210.0 0.00000 15 0.00000
210.1 0.00000 15 0.00000
210.2 0.00000 15 0.00000
210.3 0.00000 15 0.00000
210.4 0.00000 15 0.00000
210.5 0.00000 15 0.00000
210.6 0.00000 15 0.00000
210.7 0.00000 15 0.00000
210.8 0.00000 15 0.00000
210.9 0.00000 15 0.00000
211.0 0.00000 15 0.00000
211.1 0.00000 15 0.00000
211.2 0.00000 15 0.00000
211.3 0.00000 15 0.00000
211.4 0.00000 15 0.00000
211.5 0.00000 15 0.00000
211.6 0.00000 15 0.00000
211.7 0.00000 15 0.00000
211.8 0.00000 15 0.00000
211.9 0.00000 15 0.00000
212.0 0.00000 15 0.00000
212.1 0.00000 15 0.00000
212.2 0.00000 15 0.00000
212.3 0.00000 15 0.00000
212.4 0.00000 15 0.00000
212.5 0.00000 15 0.00000
212.6 0.00000 15 0.00000
212.7 0.00000 15 0.00000
212.8 0.00000 15 0.00000
212.9 0.00000 15 0.00000
213.0 0.00000 15 0.00000
213.1 0.00000 15 0.00000
213.2 0.00000 15 0.00000
213.3 0.00000 15 0.00000
213.4 0.00000 15 0.00000
213.5 0.00000 15 0.00000
213.6 0.00000 15 0.00000
213.7 0.00000 15 0.00000
213.8 0.00000 15 0.00000
213.9 0.00000 15 0.00000
214.0 0.00000 15 0.00000
214.1 0.00000 15 0.00000
214.2 0.00000 15 0.00000
214.3 0.00000 15 0.00000
214.4 0.00000 15 0.00000
214.5 0.00000 15 0.00000
214.6 0.00000 15 0.00000
214.7 0.00000 15 0.00000
214.8 0.00000 15 0.00000
214.9 0.00000 15 0.00000
215.0 0.00000 15 0.00000
215.1 0.00000 15 0.00000
215.2 0.00000 15 0.00000
215.3 0.00000 15 0.00000
215.4 0.00000 15 0.00000
215.5 0.00000 15 0.00000
215.6 0.00000 15 0.00000
215.7 0.00000 15 0.00000
215.8 0.00000 15 0.00000
215.9 0.00000 15 0.00000
216.0 0.00000 15 0.00000
216.1 0.00000 15 0.00000
216.2 0.00000 15 0.00000
216.3 0.00000 15 0.00000
216.4 0.00000 15 0.00000
216.5 0.00000 15 0.00000
216.6 0.00000 15 0.00000
216.7 0.00000 15 0.00000
216.8 0.00000 15 0.00000
216.9 0.00000 15 0.00000
217.0 0.00000 15 0.00000
217.1 0.00000 15 0.00000
217.2 0.00000 15 0.00000
217.3 0.00000 15 0.00000
217.4 0.00000 15 0.00000
217.5 0.00000 15 0.00000
217.6 0.00000 15 0.00000
217.7 0.00000 15 0.00000
217.8 0.00000 15 0.00000
217.9 0.00000 15 0.00000
218.0 0.00000 15 0.00000
218.1 0.00000 15 0.00000
218.2 0.00000 15 0.00000
218.3 0.00000 15 0.00000
218.4 0.00000 15 0.00000
218.5 0.00000 15 0.00000
218.6 0.00000 15 0.00000
218.7 0.00000 15 0.00000
218.8 0.00000 15 0.00000
218.9 0.00000 15 0.00000
219.0 0.00000 15 0.00000
219.1 0.00000 15 0.00000
219.2 0.00000 15 0.00000
219.3 0.00000 15 0.00000
219.4 0.00000 15 0.00000
219.5 0.00000 15 0.00000
219.6 0.00000 15 0.00000
219.7 0.00000 15 0.00000
219.8 0.00000 15 0.00000
219.9 0.00000 15 0.00000
220.0 0.00000 15 0.00000
220.1 0.00000 15 0.00000
220.2 0.00000 15 0.00000
220.3 0.00000 15 0.00000
220.4 0.00000 15 0.00000
220.5 0.00000 15 0.00000
220.6 0.00000 15 0.00000
220.7 0.00000 15 0.00000
220.8 0.00000 15 0.00000
220.9 0.00000 15 0.00000
221.0 0.00000 15 0.00000
221.1 0.00000 15 0.00000
221.2 0.00000 15 0.00000
221.3 0.00000 15 0.00000
221.4 0.00000 15 0.00000
221.5 0.00000 15 0.00000
221.6 0.00000 15 0.00000
221.7 0.00000 15 0.00000
221.8 0.00000 15 0.00000
221.9 0.00000 15 0.00000
222.0 0.00000 15 0.00000
222.1 0.00000 15 0.00000
222.2 0.00000 15 0.00000
222.3 0.00000 15 0.00000
222.4 0.00000 15 0.00000
222.5 0.00000 15 0.00000
222.6 0.00000 15 0.00000
222.7 0.00000 15 0.00000
222.8 0.00000 15 0.00000
222.9 0.00000 15 0.00000
223.0 0.00000 15 0.00000
223.1 0.00000 15 0.00000
223.2 0.00000 15 0.00000
223.3 0.00000 15 0.00000
223.4 0.00000 15 0.00000
223.5 0.00000 15 0.00000
223.6 0.00000 15 0.00000
223.7 0.00000 15 0.00000
223.8 0.00000 15 0.00000
223.9 0.00000 15 0.00000
224.0 0.00000 15 0.00000
224.1 0.00000 15 0.00000
224.2 0.00000 15 0.00000
224.3 0.00000 15 0.00000
224.4 0.00000 15 0.00000
224.5 0.00000 15 0.00000
224.6 0.00000 15 0.00000
224.7 0.00000 15 0.00000
224.8 0.00000 15 0.00000
224.9 0.00000 15 0.00000
225.0 0.00000 15 0.00000
225.1 0.00000 15 0.00000
225.2 0.00000 15 0.00000
225.3 0.00000 15 0.00000
225.4 0.00000 15 0.00000
225.5 0.00000 15 0.00000
225.6 0.00000 15 0.00000
225.7 0.00000 15 0.00000
225.8 0.00000 15 0.00000
225.9 0.00000 15 0.00000
226.0 0.00000 15 0.00000
226.1 0.00000 15 0.00000
226.2 0.00000 15 0.00000
226.3 0.00000 15 0.00000
226.4 0.00000 15 0.00000
226.5 0.00000 15 0.00000
226.6 0.00000 15 0.00000
226.7 0.00000 15 0.00000
226.8 0.00000 15 0.00000
226.9 0.00000 15 0.00000
227.0 0.00000 15 0.00000
227.1 0.00000 15 0.00000
227.2 0.00000 15 0.00000
227.3 0.00000 15 0.00000
227.4 0.00000 15 0.00000
227.5 0.00000 15 0.00000
227.6 0.00000 15 0.00000
227.7 0.00000 15 0.00000
227.8 0.00000 15 0.00000
227.9 0.00000 15 0.00000
228.0 0.00000 15 0.00000
228.1 0.00000 15 0.00000
228.2 0.00000 15 0.00000
228.3 0.00000 15 0.00000
228.4 0.00000 15 0.00000
228.5 0.00000 15 0.00000
228.6 0.00000 15 0.00000
228.7 0.00000 15 0.00000
228.8 0.00000 15 0.00000
228.9 0.00000 15 0.00000
229.0 0.00000 15 0.00000
229.1 0.00000 15 0.00000
229.2 0.00000 15 0.00000
229.3 0.00000 15 0.00000
229.4 0.00000 15 0.00000
229.5 0.00000 15 0.00000
229.6 0.00000 15 0.00000
229.7 0.00000 15 0.00000
229.8 0.00000 15 0.00000
229.9 0.00000 15 0.00000
230.0 0.00000 15 0.00000
230.1 0.00000 15 0.00000
230.2 0.00000 15 0.00000
230.3 0.00000 15 0.00000
230.4 0.00000 15 0.00000
230.5 0.00000 15 0.00000
230.6 0.00000 15 0.00000
230.7 0.00000 15 0.00000
230.8 0.00000 15 0.00000
230.9 0.00000 15 0.00000
231.0 0.00000 15 0.00000
231.1 0.00000 15 0.00000
231.2 0.00000 15 0.00000
231.3 0.00000 15 0.00000
231.4 0.00000 15 0.00000
231.5 0.00000 15 0.00000
231.6 0.00000 15 0.00000
231.7 0.00000 15 0.00000
231.8 0.00000 15 0.00000
231.9 0.00000 15 0.00000
232.0 0.00000 15 0.00000
232.1 0.00000 15 0.00000
232.2 0.00000 15 0.00000
232.3 0.00000 15 0.00000
232.4 0.00000 15 0.00000
232.5 0.00000 15 0.00000
232.6 0.00000 15 0.00000
232.7 0.00000 15 0.00000
232.8 0.00000 15 0.00000
232.9 0.00000 15 0.00000
233.0 0.00000 15 0.00000
233.1 0.00000 15 0.00000
233.2 0.00000 15 0.00000
233.3 0.00000 15 0.00000
233.4 0.00000 15 0.00000
233.5 0.00000 15 0.00000
233.6 0.00000 15 0.00000
233.7 0.00000 15 0.00000
233.8 0.00000 15 0.00000
233.9 0.00000 15 0.00000
234.0 0.00000 15 0.00000
234.1 0.00000 15 0.00000
234.2 0.00000 15 0.00000
234.3 0.00000 15 0.00000
234.4 0.00000 15 0.00000
234.5 0.00000 15 0.00000
234.6 0.00000 15 0.00000
234.7 0.00000 15 0.00000
234.8 0.00000 15 0.00000
234.9 0.00000 15 0.00000
235.0 0.00000 15 0.00000
235.1 0.00000 15 0.00000
235.2 0.00000 15 0.00000
235.3 0.00000 15 0.00000
235.4 0.00000 15 0.00000
235.5 0.00000 15 0.00000
235.6 0.00000 15 0.00000
235.7 0.00000 15 0.00000
235.8 0.00000 15 0.00000
235.9 0.00000 15 0.00000
236.0 0.00000 15 0.00000
236.1 0.00000 15 0.00000
236.2 0.00000 15 0.00000
236.3 0.00000 15 0.00000
236.4 0.00000 15 0.00000
236.5 0.00000 15 0.00000
236.6 0.00000 15 0.00000
236.7 0.00000 15 0.00000
236.8 0.00000 15 0.00000
236.9 0.00000 15 0.00000
237.0 0.00000 15 0.00000
237.1 0.00000 15 0.00000
237.2 0.00000 15 0.00000
237.3 0.00000 15 0.00000
237.4 0.00000 15 0.00000
237.5 0.00000 15 0.00000
237.6 0.00000 15 0.00000
237.7 0.00000 15 0.00000
237.8 0.00000 15 0.00000
237.9 0.00000 15 0.00000
238.0 0.00000 15 0.00000
238.1 0.00000 15 0.00000
238.2 0.00000 15 0.00000
238.3 0.00000 15 0.00000
238.4 0.00000 15 0.00000
238.5 0.00000 15 0.00000
238.6 0.00000 15 0.00000
238.7 0.00000 15 0.00000
238.8 0.00000 15 0.00000
238.9 0.00000 15 0.00000
239.0 0.00000 15 0.00000
239.1 0.00000 15 0.00000
239.2 0.00000 15 0.00000
239.3 0.00000 15 0.00000
239.4 0.00000 15 0.00000
239.5 0.00000 15 0.00000
239.6 0.00000 15 0.00000
239.7 0.00000 15 0.00000
239.8 0.00000 15 0.00000
239.9 0.00000 15 0.00000
240.0 0.00000 15 0.00000
240.1 0.00000 15 0.00000
240.2 0.00000 15 0.00000
240.3 0.00000 15 0.00000
240.4 0.00000 15 0.00000
240.5 0.00000 15 0.00000
240.6 0.00000 15 0.00000
240.7 0.00000 15 0.00000
240.8 0.00000 15 0.00000
240.9 0.00000 15 0.00000
241.0 0.00000 15 0.00000
241.1 0.00000 15 0.00000
241.2 0.00000 15 0.00000
241.3 0.00000 15 0.00000
241.4 0.00000 15 0.00000
241.5 0.00000 15 0.00000
241.6 0.00000 15 0.00000
241.7 0.00000 15 0.00000
241.8 0.00000 15 0.00000
241.9 0.00000 15 0.00000
242.0 0.00000 15 0.00000
242.1 0.00000 15 0.00000
242.2 0.00000 15 0.00000
242.3 0.00000 15 0.00000
242.4 0.00000 15 0.00000
242.5 0.00000 15 0.00000
242.6 0.00000 15 0.00000
242.7 0.00000 15 0.00000
242.8 0.00000 15 0.00000
242.9 0.00000 15 0.00000
243.0 0.00000 15 0.00000
243.1 0.00000 15 0.00000
243.2 0.00000 15 0.00000
243.3 0.00000 15 0.00000
243.4 0.00000 15 0.00000
243.5 0.00000 15 0.00000
243.6 0.00000 15 0.00000
243.7 0.00000 15 0.00000
243.8 0.00000 15 0.00000
243.9 0.00000 15 0.00000
244.0 0.00000 15 0.00000
244.1 0.00000 15 0.00000
244.2 0.00000 15 0.00000
244.3 0.00000 15 0.00000
244.4 0.00000 15 0.00000
244.5 0.00000 15 0.00000
244.6 0.00000 15 0.00000
244.7 0.00000 15 0.00000
244.8 0.00000 15 0.00000
244.9 0.00000 15 0.00000
245.0 0.00000 15 0.00000
245.1 0.00000 15 0.00000
245.2 0.00000 15 0.00000
245.3 0.00000 15 0.00000
245.4 0.00000 15 0.00000
245.5 0.00000 15 0.00000
245.6 0.00000 15 0.00000
245.7 0.00000 15 0.00000
245.8 0.00000 15 0.00000
245.9 0.00000 15 0.00000
246.0 0.00000 15 0.00000
246.1 0.00000 15 0.00000
246.2 0.00000 15 0.00000
246.3 0.00000 15 0.00000
246.4 0.00000 15 0.00000
246.5 0.00000 15 0.00000
246.6 0.00000 15 0.00000
246.7 0.00000 15 0.00000
246.8 0.00000 15 0.00000
246.9 0.00000 15 0.00000
247.0 0.00000 15 0.00000
247.1 0.00000 15 0.00000
247.2 0.00000 15 0.00000
247.3 0.00000 15 0.00000
247.4 0.00000 15 0.00000
247.5 0.00000 15 0.00000
247.6 0.00000 15 0.00000
247.7 0.00000 15 0.00000
247.8 0.00000 15 0.00000
247.9 0.00000 15 0.00000
248.0 0.00000 15 0.00000
248.1 0.00000 15 0.00000
248.2 0.00000 15 0.00000
248.3 0.00000 15 0.00000
248.4 0.00000 15 0.00000
248.5 0.00000 15 0.00000
248.6 0.00000 15 0.00000
248.7 0.00000 15 0.00000
248.8 0.00000 15 0.00000
248.9 0.00000 15 0.00000
249.0 0.00000 15 0.00000
249.1 0.00000 15 0.00000
249.2 0.00000 15 0.00000
249.3 0.00000 15 0.00000
249.4 0.00000 15 0.00000
249.5 0.00000 15 0.00000
249.6 0.00000 15 0.00000
249.7 0.00000 15 0.00000
249.8 0.00000 15 0.00000
249.9 0.00000 15 0.00000
250.0 0.00000 15 0.00000
