15.0 1.43907 13 0.04331
15.1 1.44649 13 0.04366
15.2 1.45391 13 0.04400
15.3 1.46133 13 0.04434
15.4 1.46875 13 0.04468
15.5 1.47617 13 0.04502
15.6 1.48359 13 0.04534
15.7 1.49101 13 0.04567
15.8 1.49842 13 0.04599
15.9 1.50584 13 0.04631
16.0 1.51325 13 0.04662
16.1 1.52066 13 0.04693
16.2 1.52807 13 0.04724
16.3 1.53548 13 0.04754
16.4 1.54289 13 0.04784
16.5 1.55030 13 0.04809
16.6 1.55770 13 0.04838
16.7 1.56511 13 0.04867
16.8 1.57251 13 0.04895
16.9 1.57991 13 0.04923
17.0 1.58731 13 0.04951
17.1 1.59471 13 0.04979
17.2 1.60211 13 0.05006
17.3 1.60950 13 0.05033
17.4 1.62079 13 0.05090
17.5 1.63255 13 0.05151
17.6 1.64441 13 0.05212
17.7 1.65636 13 0.05273
17.8 1.66840 13 0.05334
17.9 1.68054 13 0.05395
18.0 1.69277 13 0.05456
18.1 1.70509 13 0.05518
18.2 1.71751 13 0.05579
18.3 1.73002 13 0.05641
18.4 1.74264 13 0.05703
18.5 1.75534 13 0.05766
18.6 1.76815 13 0.05828
18.7 1.78106 13 0.05891
18.8 1.79406 13 0.05953
18.9 1.80717 13 0.06016
19.0 1.82037 13 0.06080
19.1 1.83368 13 0.06143
19.2 1.84708 13 0.06207
19.3 1.86059 13 0.06271
19.4 1.87421 13 0.06335
19.5 1.88792 13 0.06399
19.6 1.90175 13 0.06464
19.7 1.91567 13 0.06529
19.8 17.40201 14 1.00000
19.9 17.48664 14 1.00000
20.0 17.57124 14 1.00000
20.1 17.65581 14 1.00000
20.2 17.74041 14 1.00000
20.3 17.82497 14 1.00000
20.4 17.90950 14 1.00000
20.5 17.99398 14 1.00000
20.6 18.07843 14 1.00000
20.7 18.16284 14 1.00000
20.8 18.24722 14 1.00000
20.9 18.33155 14 1.00000
21.0 18.41584 14 1.00000
21.1 18.50010 14 1.00000
21.2 18.58432 14 1.00000
21.3 18.66850 14 1.00000
21.4 18.75263 14 1.00000
21.5 18.83673 14 1.00000
21.6 18.92080 14 1.00000
21.7 19.00482 14 1.00000
21.8 19.08880 14 1.00000
21.9 19.17275 14 1.00000
22.0 19.25665 14 1.00000
22.1 19.34052 14 1.00000
22.2 19.42434 14 1.00000
22.3 19.50813 14 1.00000
22.4 19.59188 14 1.00000
22.5 19.67558 14 1.00000
22.6 5.51201 14 0.24455
22.7 5.63006 14 0.24970
22.8 5.74978 14 0.25490
22.9 5.87117 14 0.26013
23.0 5.99423 14 0.26541
23.1 6.11898 14 0.27074
23.2 6.24541 14 0.27610
23.3 6.37355 14 0.28151
23.4 6.50338 14 0.28695
23.5 6.63491 14 0.29244
23.6 6.76816 14 0.29797
23.7 6.90313 14 0.30354
23.8 7.03982 14 0.30915
23.9 7.17824 14 0.31481
24.0 7.31840 14 0.32050
24.1 7.46030 14 0.32623
24.2 7.60394 14 0.33200
24.3 7.74934 14 0.33782
24.4 7.89650 14 0.34367
24.5 8.04543 14 0.34956
24.6 8.19613 14 0.35549
24.7 8.34860 14 0.36146
24.8 8.50286 14 0.36747
24.9 8.65891 14 0.37352
25.0 8.81676 14 0.37961
25.1 8.97641 14 0.38574
25.2 9.13787 14 0.39190
25.3 9.30114 14 0.39811
25.4 9.46624 14 0.40435
25.5 9.63317 14 0.41063
25.6 9.80192 14 0.41695
25.7 9.97252 14 0.42331
25.8 10.14497 14 0.42970
25.9 10.31927 14 0.43613
26.0 10.49543 14 0.44260
26.1 10.67346 14 0.44911
26.2 10.85336 14 0.45566
26.3 11.03514 14 0.46224
26.4 11.21881 14 0.46887
26.5 11.40437 14 0.47552
26.6 11.59183 14 0.48222
26.7 11.78119 14 0.48895
26.8 11.97247 14 0.49572
26.9 12.16567 14 0.50253
27.0 12.36079 14 0.50938
27.1 12.55784 14 0.51626
27.2 12.75684 14 0.52318
27.3 12.95778 14 0.53013
27.4 13.16067 14 0.53713
27.5 13.36553 14 0.54416
27.6 13.57235 14 0.55122
27.7 13.78114 14 0.55832
27.8 13.99192 14 0.56546
27.9 14.20468 14 0.57264
28.0 14.41944 14 0.57985
28.1 14.63620 14 0.58710
28.2 14.85496 14 0.59439
28.3 15.07574 14 0.60171
28.4 15.29855 14 0.60907
28.5 15.52338 14 0.61646
28.6 15.75025 14 0.62389
28.7 15.97916 14 0.63136
28.8 16.21012 14 0.63886
28.9 16.44315 14 0.64640
29.0 16.67823 14 0.65398
29.1 16.91539 14 0.66159
29.2 17.15463 14 0.66924
29.3 17.39596 14 0.67693
29.4 17.63938 14 0.68465
29.5 17.88490 14 0.69240
29.6 18.13252 14 0.70020
29.7 18.38227 14 0.70803
29.8 18.63414 14 0.71589
29.9 18.88814 14 0.72379
30.0 19.14428 14 0.73173
30.1 19.40256 14 0.73971
30.2 19.66300 14 0.74772
30.3 19.92560 14 0.75576
30.4 20.19036 14 0.76384
30.5 20.45730 14 0.77196
30.6 20.72643 14 0.78012
30.7 20.99774 14 0.78831
30.8 21.27126 14 0.79654
30.9 21.54698 14 0.80480
31.0 21.82491 14 0.81310
31.1 22.10508 14 0.82143
31.2 22.38746 14 0.82980
31.3 22.67209 14 0.83821
31.4 22.95895 14 0.84666
31.5 23.24808 14 0.85514
31.6 23.53946 14 0.86365
31.7 23.83311 14 0.87221
31.8 24.12904 14 0.88080
31.9 24.35973 14 0.88949
32.0 24.65882 14 0.89815
32.1 24.96020 14 0.90684
32.2 25.26386 14 0.91557
32.3 25.56983 14 0.92433
32.4 25.87810 14 0.93314
32.5 26.18868 14 0.94197
32.6 26.50158 14 0.95085
32.7 26.81680 14 0.95976
32.8 27.13438 14 0.96871
32.9 27.45428 14 0.97769
33.0 27.77654 14 0.98671
33.1 28.10204 14 0.99577
33.2 28.29567 14 1.00000
33.3 28.37374 14 1.00000
33.4 28.45176 14 1.00000
33.5 28.52974 14 1.00000
33.6 28.60765 14 1.00000
33.7 28.68550 14 1.00000
33.8 28.76330 14 1.00000
33.9 28.84086 14 1.00000
34.0 28.91687 14 1.00000
34.1 28.99373 14 1.00000
34.2 29.07039 14 1.00000
34.3 29.14699 14 1.00000
34.4 29.08897 14 1.00000
34.5 29.16576 14 1.00000
34.6 29.24267 14 1.00000
34.7 29.31943 14 1.00000
34.8 29.39605 14 1.00000
34.9 29.22566 14 1.00000
35.0 29.30228 14 1.00000
35.1 29.37875 14 1.00000
35.2 29.45515 14 1.00000
35.3 29.38062 14 1.00000
35.4 29.45697 14 1.00000
35.5 29.53349 14 1.00000
35.6 29.60952 14 1.00000
35.7 29.68565 14 1.00000
35.8 28.31730 14 1.00000
35.9 25.82982 14 1.00000
36.0 23.93531 14 1.00000
36.1 21.92168 14 1.00000
36.2 20.41758 14 1.00000
36.3 18.15182 14 1.00000
36.4 16.55794 14 1.00000
36.5 14.86311 14 1.00000
36.6 13.36872 14 1.00000
36.7 13.40805 14 1.00000
36.8 13.34563 14 1.00000
36.9 13.38036 14 1.00000
37.0 13.31039 14 1.00000
37.1 13.36056 14 1.00000
37.2 13.48536 14 1.00000
37.3 13.52237 14 1.00000
37.4 13.55949 14 1.00000
37.5 13.48706 14 1.00000
37.6 13.53586 14 1.00000
37.7 13.66432 14 1.00000
37.8 13.70137 14 1.00000
37.9 13.73822 14 1.00000
38.0 13.77448 14 1.00000
38.1 13.81058 14 1.00000
38.2 13.84678 14 1.00000
38.3 13.88029 14 1.00000
38.4 13.91750 14 1.00000
38.5 13.95336 14 1.00000
38.6 13.98951 14 1.00000
38.7 14.02570 14 1.00000
38.8 14.06182 14 1.00000
38.9 14.09792 14 1.00000
39.0 14.13397 14 1.00000
39.1 14.16837 14 1.00000
39.2 14.20450 14 1.00000
39.3 14.24065 14 1.00000
39.4 14.27674 14 1.00000
39.5 14.31277 14 1.00000
39.6 14.34879 14 1.00000
39.7 14.38472 14 1.00000
39.8 14.41938 14 1.00000
39.9 14.45543 14 1.00000
40.0 14.49150 14 1.00000
40.1 14.52747 14 1.00000
40.2 14.56337 14 1.00000
40.3 14.59919 14 1.00000
40.4 14.63520 14 1.00000
40.5 14.67891 14 1.00000
40.6 14.70601 14 1.00000
40.7 14.74191 14 1.00000
40.8 14.77769 14 1.00000
40.9 14.81466 14 1.00000
41.0 14.85904 14 1.00000
41.1 14.90343 14 1.00000
41.2 14.94783 14 1.00000
41.3 14.99225 14 1.00000
41.4 14.99531 14 1.00000
41.5 15.03978 14 1.00000
41.6 15.08426 14 1.00000
41.7 15.12875 14 1.00000
41.8 15.17325 14 1.00000
41.9 15.22899 14 1.00000
42.0 15.28312 14 1.00000
42.1 15.26571 14 1.00000
42.2 15.31029 14 1.00000
42.3 15.35557 14 1.00000
42.4 15.41374 14 1.00000
42.5 15.46658 14 1.00000
42.6 15.58188 14 1.00000
42.7 15.61935 14 1.00000
42.8 15.54291 14 1.00000
42.9 15.59935 14 1.00000
43.0 15.72468 14 1.00000
43.1 15.76217 14 1.00000
43.2 15.79972 14 1.00000
43.3 15.83590 14 1.00000
43.4 15.87238 14 1.00000
43.5 15.90884 14 1.00000
43.6 15.94348 14 1.00000
43.7 15.97951 14 1.00000
43.8 16.01586 14 1.00000
43.9 16.05235 14 1.00000
44.0 16.08877 14 1.00000
44.1 16.12512 14 1.00000
44.2 16.16153 14 1.00000
44.3 16.19580 14 1.00000
44.4 16.23223 14 1.00000
44.5 16.26859 14 1.00000
44.6 16.30498 14 1.00000
44.7 16.34128 14 1.00000
44.8 16.37748 14 1.00000
44.9 16.41191 14 1.00000
45.0 16.44833 14 1.00000
45.1 16.48467 14 1.00000
45.2 16.52082 14 1.00000
45.3 16.55697 14 1.00000
45.4 16.59302 14 1.00000
45.5 16.62893 14 1.00000
45.6 16.66419 14 1.00000
45.7 16.70025 14 1.00000
45.8 16.73634 14 1.00000
45.9 16.77224 14 1.00000
46.0 16.80927 14 1.00000
46.1 16.85440 14 1.00000
46.2 16.87949 14 1.00000
46.3 16.91534 14 1.00000
46.4 16.95151 14 1.00000
46.5 16.99586 14 1.00000
46.6 17.04107 14 1.00000
46.7 17.08630 14 1.00000
46.8 17.09437 14 1.00000
46.9 17.13790 14 1.00000
47.0 17.18319 14 1.00000
47.1 17.22850 14 1.00000
47.2 17.27381 14 1.00000
47.3 17.31913 14 1.00000
47.4 17.32590 14 1.00000
47.5 17.37128 14 1.00000
47.6 17.41668 14 1.00000
47.7 17.46208 14 1.00000
47.8 17.51132 14 1.00000
47.9 17.51467 14 1.00000
48.0 17.56015 14 1.00000
48.1 17.60563 14 1.00000
48.2 17.65346 14 1.00000
48.3 17.71244 14 1.00000
48.4 17.70423 14 1.00000
48.5 17.74980 14 1.00000
48.6 17.79731 14 1.00000
48.7 17.85612 14 1.00000
48.8 17.84894 14 1.00000
48.9 17.89460 14 1.00000
49.0 17.94279 14 1.00000
49.1 18.10366 14 1.00000
49.2 17.99429 14 1.00000
49.3 18.04003 14 1.00000
49.4 18.08981 14 1.00000
49.5 18.24814 14 1.00000
49.6 18.14029 14 1.00000
49.7 18.18612 14 1.00000
49.8 18.35434 14 1.00000
49.9 18.24104 14 1.00000
50.0 18.28695 14 1.00000
50.1 18.29630 14 1.00000
50.2 18.34229 14 1.00000
50.3 18.35191 14 1.00000
50.4 18.39797 14 1.00000
50.5 18.41033 14 1.00000
50.6 18.45401 14 1.00000
50.7 18.48078 14 1.00000
50.8 18.51541 14 1.00000
50.9 18.54662 14 1.00000
51.0 18.56618 14 1.00000
51.1 18.60450 14 1.00000
51.2 18.64226 14 1.00000
51.3 18.68009 14 1.00000
51.4 18.71728 14 1.00000
51.5 18.75210 14 1.00000
51.6 18.78726 14 1.00000
51.7 18.82290 14 1.00000
51.8 18.85851 14 1.00000
51.9 18.89387 14 1.00000
52.0 18.92938 14 1.00000
52.1 18.96481 14 1.00000
52.2 19.00011 14 1.00000
52.3 19.03528 14 1.00000
52.4 19.07023 14 1.00000
52.5 19.10495 14 1.00000
52.6 19.13968 14 1.00000
52.7 19.18318 14 1.00000
52.8 19.22993 14 1.00000
52.9 19.44131 14 1.00000
53.0 19.47970 14 1.00000
53.1 19.51770 14 1.00000
53.2 19.55567 14 1.00000
53.3 19.59074 14 1.00000
53.4 19.62618 14 1.00000
53.5 19.66220 14 1.00000
53.6 19.69818 14 1.00000
53.7 19.73413 14 1.00000
53.8 19.77004 14 1.00000
53.9 19.80597 14 1.00000
54.0 19.84193 14 1.00000
54.1 19.87737 14 1.00000
54.2 19.91270 14 1.00000
54.3 19.94793 14 1.00000
54.4 19.98274 14 1.00000
54.5 20.02055 14 1.00000
54.6 20.06742 14 1.00000
54.7 20.11431 14 1.00000
54.8 20.16119 14 1.00000
54.9 20.20810 14 1.00000
55.0 20.40732 14 1.00000
55.1 20.44596 14 1.00000
55.2 20.48432 14 1.00000
55.3 20.51967 14 1.00000
55.4 20.55565 14 1.00000
55.5 20.59215 14 1.00000
55.6 20.62851 14 1.00000
55.7 20.66494 14 1.00000
55.8 20.70146 14 1.00000
55.9 20.73752 14 1.00000
56.0 20.77382 14 1.00000
56.1 20.80960 14 1.00000
56.2 20.84544 14 1.00000
56.3 20.88086 14 1.00000
56.4 20.91589 14 1.00000
56.5 20.95396 14 1.00000
56.6 21.00094 14 1.00000
56.7 21.04794 14 1.00000
56.8 21.09492 14 1.00000
56.9 21.14192 14 1.00000
57.0 21.18892 14 1.00000
57.1 21.23592 14 1.00000
57.2 21.42888 14 1.00000
57.3 21.47044 14 1.00000
57.4 21.50610 14 1.00000
57.5 21.54156 14 1.00000
57.6 21.57896 14 1.00000
57.7 21.61530 14 1.00000
57.8 21.65270 14 1.00000
57.9 21.68957 14 1.00000
58.0 21.72616 14 1.00000
58.1 21.76277 14 1.00000
58.2 21.79922 14 1.00000
58.3 21.83516 14 1.00000
58.4 21.87120 14 1.00000
58.5 21.90681 14 1.00000
58.6 21.94194 14 1.00000
58.7 21.98336 14 1.00000
58.8 22.03042 14 1.00000
58.9 22.07747 14 1.00000
59.0 22.12453 14 1.00000
59.1 22.17159 14 1.00000
59.2 22.21635 14 1.00000
59.3 22.26006 14 1.00000
59.4 22.30378 14 1.00000
59.5 22.34753 14 1.00000
59.6 22.39129 14 1.00000
59.7 22.43506 14 1.00000
59.8 22.47885 14 1.00000
59.9 22.66152 14 1.00000
60.0 22.70144 14 1.00000
60.1 22.73796 14 1.00000
60.2 22.77402 14 1.00000
60.3 22.81148 14 1.00000
60.4 22.84941 14 1.00000
60.5 22.88658 14 1.00000
60.6 22.92411 14 1.00000
60.7 22.96170 14 1.00000
60.8 22.99846 14 1.00000
60.9 23.03582 14 1.00000
61.0 23.07292 14 1.00000
61.1 23.11044 14 1.00000
61.2 23.14775 14 1.00000
61.3 23.18489 14 1.00000
61.4 23.22180 14 1.00000
61.5 23.25802 14 1.00000
61.6 23.29534 14 1.00000
61.7 23.33189 14 1.00000
61.8 23.36827 14 1.00000
61.9 23.40460 14 1.00000
62.0 23.44196 14 1.00000
62.1 23.48519 14 1.00000
62.2 23.52937 14 1.00000
62.3 23.57356 14 1.00000
62.4 23.61777 14 1.00000
62.5 23.66200 14 1.00000
62.6 23.70624 14 1.00000
62.7 23.75050 14 1.00000
62.8 23.79478 14 1.00000
62.9 23.83908 14 1.00000
63.0 23.88688 14 1.00000
63.1 23.94143 14 1.00000
63.2 23.99425 14 1.00000
63.3 24.04521 14 1.00000
63.4 24.09420 14 1.00000
63.5 24.14155 14 1.00000
63.6 24.18785 14 1.00000
63.7 24.23322 14 1.00000
63.8 24.37851 14 1.00000
63.9 24.41469 14 1.00000
64.0 24.45260 14 1.00000
64.1 24.49002 14 1.00000
64.2 24.52831 14 1.00000
64.3 24.56579 14 1.00000
64.4 24.60437 14 1.00000
64.5 24.64149 14 1.00000
64.6 24.67995 14 1.00000
64.7 24.71785 14 1.00000
64.8 24.75555 14 1.00000
64.9 24.79248 14 1.00000
65.0 24.83097 14 1.00000
65.1 24.86844 14 1.00000
65.2 24.90578 14 1.00000
65.3 24.94226 14 1.00000
65.4 24.98033 14 1.00000
65.5 25.01729 14 1.00000
65.6 25.05406 14 1.00000
65.7 25.09075 14 1.00000
65.8 25.12811 14 1.00000
65.9 25.16920 14 1.00000
66.0 25.21398 14 1.00000
66.1 25.25879 14 1.00000
66.2 25.30362 14 1.00000
66.3 25.34846 14 1.00000
66.4 25.39332 14 1.00000
66.5 25.43819 14 1.00000
66.6 25.48309 14 1.00000
66.7 25.52799 14 1.00000
66.8 25.57292 14 1.00000
66.9 25.61982 14 1.00000
67.0 25.69596 14 1.00000
67.1 25.74716 14 1.00000
67.2 25.79834 14 1.00000
67.3 25.84700 14 1.00000
67.4 25.89440 14 1.00000
67.5 25.94172 14 1.00000
67.6 25.98712 14 1.00000
67.7 26.03129 14 1.00000
67.8 26.16933 14 1.00000
67.9 26.20765 14 1.00000
68.0 26.24481 14 1.00000
68.1 26.28597 14 1.00000
68.2 26.32331 14 1.00000
68.3 26.36452 14 1.00000
68.4 26.40480 14 1.00000
68.5 26.45032 14 1.00000
68.6 26.48655 14 1.00000
68.7 26.52872 14 1.00000
68.8 26.57303 14 1.00000
68.9 26.62543 14 1.00000
69.0 26.65680 14 1.00000
69.1 26.70159 14 1.00000
69.2 26.75434 14 1.00000
69.3 26.78350 14 1.00000
69.4 26.83235 14 1.00000
69.5 26.88111 14 1.00000
69.6 26.93639 14 1.00000
69.7 26.98761 14 1.00000
69.8 27.01380 14 1.00000
69.9 27.06457 14 1.00000
70.0 27.11753 14 1.00000
70.1 27.17653 14 1.00000
70.2 27.19839 14 1.00000
70.3 27.25097 14 1.00000
70.4 27.30691 14 1.00000
70.5 27.36452 14 1.00000
70.6 27.38312 14 1.00000
70.7 27.43874 14 1.00000
70.8 27.49211 14 1.00000
70.9 27.55024 14 1.00000
71.0 27.61140 14 1.00000
71.1 27.62604 14 1.00000
71.2 27.68353 14 1.00000
71.3 27.73842 14 1.00000
71.4 27.80104 14 1.00000
71.5 27.76341 14 1.00000
71.6 27.87018 14 1.00000
71.7 27.92872 14 1.00000
71.8 27.98755 14 1.00000
71.9 27.94720 14 1.00000
72.0 27.99297 14 1.00000
72.1 28.11523 14 1.00000
72.2 28.08262 14 1.00000
72.3 28.13101 14 1.00000
72.4 28.17612 14 1.00000
72.5 28.21506 14 1.00000
72.6 28.22577 14 1.00000
72.7 28.31618 14 1.00000
72.8 28.35988 14 1.00000
72.9 28.40052 14 1.00000
73.0 28.41189 14 1.00000
73.1 28.43829 14 1.00000
73.2 28.46876 14 1.00000
73.3 28.58496 14 1.00000
73.4 28.59723 14 1.00000
73.5 28.63079 14 1.00000
73.6 28.65312 14 1.00000
73.7 28.69723 14 1.00000
73.8 28.74250 14 1.00000
73.9 28.81944 14 1.00000
74.0 28.84337 14 1.00000
74.1 28.88094 14 1.00000
74.2 28.92626 14 1.00000
74.3 28.97889 14 1.00000
74.4 29.04850 14 1.00000
74.5 29.06486 14 1.00000
74.6 29.11029 14 1.00000
74.7 29.15576 14 1.00000
74.8 29.21675 14 1.00000
74.9 29.28721 14 1.00000
75.0 29.35544 14 1.00000
75.1 29.42327 14 1.00000
75.2 29.38573 14 1.00000
75.3 29.45198 14 1.00000
75.4 29.51998 14 1.00000
75.5 29.58716 14 1.00000
75.6 29.65507 14 1.00000
75.7 29.72074 14 1.00000
75.8 29.79016 14 1.00000
75.9 29.75037 14 1.00000
76.0 29.81694 14 1.00000
76.1 29.88254 14 1.00000
76.2 29.94809 14 1.00000
76.3 30.01690 14 1.00000
76.4 30.08471 14 1.00000
76.5 30.15265 14 1.00000
76.6 30.12234 14 1.00000
76.7 30.17412 14 1.00000
76.8 30.23953 14 1.00000
76.9 30.30639 14 1.00000
77.0 30.37244 14 1.00000
77.1 30.35011 14 1.00000
77.2 30.40316 14 1.00000
77.3 30.44971 14 1.00000
77.4 30.48908 14 1.00000
77.5 30.59050 14 1.00000
77.6 30.65638 14 1.00000
77.7 30.63089 14 1.00000
77.8 30.68448 14 1.00000
77.9 30.73165 14 1.00000
78.0 30.77032 14 1.00000
78.1 30.78220 14 1.00000
78.2 30.80965 14 1.00000
78.3 30.91048 14 1.00000
78.4 30.96599 14 1.00000
78.5 31.01433 14 1.00000
78.6 31.05619 14 1.00000
78.7 31.07118 14 1.00000
78.8 31.10125 14 1.00000
78.9 31.11984 14 1.00000
79.0 31.14763 14 1.00000
79.1 31.19410 14 1.00000
79.2 31.34234 14 1.00000
79.3 31.38142 14 1.00000
79.4 31.39765 14 1.00000
79.5 31.42849 14 1.00000
79.6 31.44626 14 1.00000
79.7 31.47441 14 1.00000
79.8 31.52372 14 1.00000
79.9 31.59362 14 1.00000
80.0 31.66552 14 1.00000
80.1 31.73593 14 1.00000
80.2 31.76238 14 1.00000
80.3 31.78409 14 1.00000
80.4 31.80216 14 1.00000
80.5 31.84841 14 1.00000
80.6 31.91459 14 1.00000
80.7 31.98760 14 1.00000
80.8 32.05537 14 1.00000
80.9 32.12406 14 1.00000
81.0 32.19262 14 1.00000
81.1 32.25842 14 1.00000
81.2 32.17735 14 1.00000
81.3 32.22614 14 1.00000
81.4 32.29649 14 1.00000
81.5 32.36597 14 1.00000
81.6 32.43359 14 1.00000
81.7 32.50252 14 1.00000
81.8 32.57102 14 1.00000
81.9 32.63787 14 1.00000
82.0 32.70247 14 1.00000
82.1 32.77238 14 1.00000
82.2 32.79287 14 1.00000
82.3 32.73530 14 1.00000
82.4 32.80321 14 1.00000
82.5 32.87034 14 1.00000
82.6 32.93737 14 1.00000
82.7 33.00459 14 1.00000
82.8 33.07401 14 1.00000
82.9 33.13998 14 1.00000
83.0 33.20795 14 1.00000
83.1 33.18352 14 1.00000
83.2 33.23784 14 1.00000
83.3 33.28666 14 1.00000
83.4 33.29710 14 1.00000
83.5 33.36498 14 1.00000
83.6 33.42885 14 1.00000
83.7 33.49393 14 1.00000
83.8 33.56100 14 1.00000
83.9 33.62836 14 1.00000
84.0 33.60932 14 1.00000
84.1 33.66598 14 1.00000
84.2 33.71531 14 1.00000
84.3 33.76258 14 1.00000
84.4 33.80320 14 1.00000
84.5 33.82422 14 1.00000
84.6 33.91940 14 1.00000
84.7 33.97475 14 1.00000
84.8 34.04197 14 1.00000
84.9 34.10511 14 1.00000
85.0 34.08595 14 1.00000
85.1 34.14331 14 1.00000
85.2 34.19582 14 1.00000
85.3 34.24308 14 1.00000
85.4 34.28618 14 1.00000
85.5 34.30632 14 1.00000
85.6 34.34441 14 1.00000
85.7 34.37514 14 1.00000
85.8 34.39578 14 1.00000
85.9 34.53167 14 1.00000
86.0 34.62715 14 1.00000
86.1 34.61778 14 1.00000
86.2 34.67228 14 1.00000
86.3 34.72322 14 1.00000
86.4 34.77122 14 1.00000
86.5 34.81430 14 1.00000
86.6 34.83893 14 1.00000
86.7 34.87843 14 1.00000
86.8 34.90928 14 1.00000
86.9 34.93814 14 1.00000
87.0 34.95457 14 1.00000
87.1 34.97810 14 1.00000
87.2 35.04459 14 1.00000
87.3 35.15977 14 1.00000
87.4 35.24312 14 1.00000
87.5 35.29252 14 1.00000
87.6 35.33963 14 1.00000
87.7 35.38404 14 1.00000
87.8 35.41327 14 1.00000
87.9 35.45453 14 1.00000
88.0 35.49132 14 1.00000
88.1 35.52448 14 1.00000
88.2 35.54671 14 1.00000
88.3 35.55737 14 1.00000
88.4 35.61231 14 1.00000
88.5 35.68345 14 1.00000
88.6 35.75203 14 1.00000
88.7 35.81317 14 1.00000
88.8 35.86938 14 1.00000
88.9 35.96006 14 1.00000
89.0 36.00516 14 1.00000
89.1 36.03525 14 1.00000
89.2 36.07869 14 1.00000
89.3 36.11878 14 1.00000
89.4 36.15366 14 1.00000
89.5 36.18055 14 1.00000
89.6 36.20279 14 1.00000
89.7 36.23213 14 1.00000
89.8 36.29791 14 1.00000
89.9 36.35952 14 1.00000
90.0 36.42204 14 1.00000
90.1 36.48378 14 1.00000
90.2 36.54548 14 1.00000
90.3 36.62873 14 1.00000
90.4 36.73109 14 1.00000
90.5 36.75790 14 1.00000
90.6 36.78662 14 1.00000
90.7 36.81699 14 1.00000
90.8 36.85449 14 1.00000
90.9 36.95753 14 1.00000
91.0 37.06073 14 1.00000
91.1 37.16368 14 1.00000
91.2 37.26664 14 1.00000
91.3 37.36951 14 1.00000
91.4 37.47259 14 1.00000
91.5 37.57532 14 1.00000
91.6 37.67806 14 1.00000
91.7 37.78081 14 1.00000
91.8 37.88372 14 1.00000
91.9 37.98634 14 1.00000
92.0 38.08886 14 1.00000
92.1 38.19139 14 1.00000
92.2 38.29413 14 1.00000
92.3 38.39664 14 1.00000
92.4 38.49905 14 1.00000
92.5 38.60137 14 1.00000
92.6 38.70395 14 1.00000
92.7 38.80629 14 1.00000
92.8 38.90849 14 1.00000
92.9 39.01070 14 1.00000
93.0 39.11311 14 1.00000
93.1 39.21529 14 1.00000
93.2 39.31739 14 1.00000
93.3 39.41944 14 1.00000
93.4 39.52169 14 1.00000
93.5 39.62367 14 1.00000
93.6 39.72560 14 1.00000
93.7 39.82774 14 1.00000
93.8 39.92954 14 1.00000
93.9 40.03136 14 1.00000
94.0 40.13320 14 1.00000
94.1 40.23513 14 1.00000
94.2 40.33683 14 1.00000
94.3 40.43855 14 1.00000
94.4 40.54036 14 1.00000
94.5 40.64195 14 1.00000
94.6 40.74356 14 1.00000
94.7 40.84502 14 1.00000
94.8 40.94679 14 1.00000
94.9 41.04823 14 1.00000
95.0 41.14958 14 1.00000
95.1 41.25124 14 1.00000
95.2 41.35251 14 1.00000
95.3 41.45386 14 1.00000
95.4 41.55530 14 1.00000
95.5 41.65652 14 1.00000
95.6 41.75776 14 1.00000
95.7 41.85909 14 1.00000
95.8 41.96025 14 1.00000
95.9 42.06127 14 1.00000
96.0 42.16236 14 1.00000
96.1 42.26360 14 1.00000
96.2 42.36452 14 1.00000
96.3 42.46550 14 1.00000
96.4 42.56664 14 1.00000
96.5 42.66745 14 1.00000
96.6 42.76827 14 1.00000
96.7 42.86930 14 1.00000
96.8 42.97005 14 1.00000
96.9 43.07106 14 1.00000
97.0 43.17170 14 1.00000
97.1 43.27235 14 1.00000
97.2 43.37325 14 1.00000
97.3 43.47379 14 1.00000
97.4 43.57434 14 1.00000
97.5 43.67514 14 1.00000
97.6 43.77562 14 1.00000
97.7 43.87607 14 1.00000
97.8 43.97337 14 1.00000
97.9 44.06400 14 1.00000
98.0 44.15457 14 1.00000
98.1 44.24550 14 1.00000
98.2 44.33619 14 1.00000
98.3 44.42692 14 1.00000
98.4 44.51785 14 1.00000
98.5 44.60870 14 1.00000
98.6 44.69970 14 1.00000
98.7 44.79061 14 1.00000
98.8 44.88145 14 1.00000
98.9 44.97260 14 1.00000
99.0 45.06361 14 1.00000
99.1 45.15455 14 1.00000
99.2 40.50000 14 1.00000
99.3 40.50000 14 1.00000
99.4 40.50000 14 1.00000
99.5 40.50000 14 1.00000
99.6 40.50000 14 1.00000
99.7 40.50000 14 1.00000
99.8 40.50000 14 1.00000
99.9 40.50000 14 1.00000
100.0 40.50000 14 1.00000
100.1 40.50000 14 1.00000
100.2 40.50000 14 1.00000
100.3 40.50000 14 1.00000
100.4 40.50000 14 1.00000
100.5 40.50000 14 1.00000
100.6 40.50000 14 1.00000
100.7 40.50000 14 1.00000
100.8 40.50000 14 1.00000
100.9 40.50000 14 1.00000
101.0 40.50000 14 1.00000
101.1 40.50000 14 1.00000
101.2 40.50000 14 1.00000
101.3 40.50000 14 1.00000
101.4 40.50000 14 1.00000
101.5 40.50000 14 1.00000
101.6 40.50000 14 1.00000
101.7 40.50000 14 1.00000
101.8 40.50000 14 1.00000
101.9 40.50000 14 1.00000
102.0 40.50000 14 1.00000
102.1 40.50000 14 1.00000
102.2 40.50000 14 1.00000
102.3 40.50000 14 1.00000
102.4 40.50000 14 1.00000
102.5 40.50000 14 1.00000
102.6 40.50000 14 1.00000
102.7 40.50000 14 1.00000
102.8 40.50000 14 1.00000
102.9 40.50000 14 1.00000
103.0 40.50000 14 1.00000
103.1 40.50000 14 1.00000
103.2 40.50000 14 1.00000
103.3 40.50000 14 1.00000
103.4 40.50000 14 1.00000
103.5 40.50000 14 1.00000
103.6 40.50000 14 1.00000
103.7 40.50000 14 1.00000
103.8 40.50000 14 1.00000
103.9 40.50000 14 1.00000
104.0 40.50000 14 1.00000
104.1 40.50000 14 1.00000
104.2 40.50000 14 1.00000
104.3 40.50000 14 1.00000
104.4 40.50000 14 1.00000
104.5 40.50000 14 1.00000
104.6 40.50000 14 1.00000
104.7 40.50000 14 1.00000
104.8 40.50000 14 1.00000
104.9 40.50000 14 1.00000
105.0 40.50000 14 1.00000
105.1 40.50000 14 1.00000
105.2 40.50000 14 1.00000
105.3 40.50000 14 1.00000
105.4 40.50000 14 1.00000
105.5 40.50000 14 1.00000
105.6 40.50000 14 1.00000
105.7 40.50000 14 1.00000
105.8 40.50000 14 1.00000
105.9 40.50000 14 1.00000
106.0 40.50000 14 1.00000
106.1 40.50000 14 1.00000
106.2 40.50000 14 1.00000
106.3 40.50000 14 1.00000
106.4 40.50000 14 1.00000
106.5 40.50000 14 1.00000
106.6 40.50000 14 1.00000
106.7 40.50000 14 1.00000
106.8 40.50000 14 1.00000
106.9 40.50000 14 1.00000
107.0 40.50000 14 1.00000
107.1 40.50000 14 1.00000
107.2 40.50000 14 1.00000
107.3 40.50000 14 1.00000
107.4 40.50000 14 1.00000
107.5 40.50000 14 1.00000
107.6 40.50000 14 1.00000
107.7 40.50000 14 1.00000
107.8 40.50000 14 1.00000
107.9 40.50000 14 1.00000
108.0 40.50000 14 1.00000
108.1 40.50000 14 1.00000
108.2 40.50000 14 1.00000
108.3 40.50000 14 1.00000
108.4 40.50000 14 1.00000
108.5 40.50000 14 1.00000
108.6 40.50000 14 1.00000
108.7 40.50000 14 1.00000
108.8 40.50000 14 1.00000
108.9 40.50000 14 1.00000
109.0 40.50000 14 1.00000
109.1 40.50000 14 1.00000
109.2 40.50000 14 1.00000
109.3 40.50000 14 1.00000
109.4 40.50000 14 1.00000
109.5 40.50000 14 1.00000
109.6 40.50000 14 1.00000
109.7 40.50000 14 1.00000
109.8 40.50000 14 1.00000
109.9 40.50000 14 1.00000
110.0 40.50000 14 1.00000
110.1 40.50000 14 1.00000
110.2 40.50000 14 1.00000
110.3 40.50000 14 1.00000
110.4 40.50000 14 1.00000
110.5 40.50000 14 1.00000
110.6 40.50000 14 1.00000
110.7 40.50000 14 1.00000
110.8 40.50000 14 1.00000
110.9 40.50000 14 1.00000
111.0 40.50000 14 1.00000
111.1 40.50000 14 1.00000
111.2 40.50000 14 1.00000
111.3 40.50000 14 1.00000
111.4 40.50000 14 1.00000
111.5 40.50000 14 1.00000
111.6 40.50000 14 1.00000
111.7 40.50000 14 1.00000
111.8 40.50000 14 1.00000
111.9 40.50000 14 1.00000
112.0 40.50000 14 1.00000
112.1 40.50000 14 1.00000
112.2 40.50000 14 1.00000
112.3 40.50000 14 1.00000
112.4 40.50000 14 1.00000
112.5 40.50000 14 1.00000
112.6 40.50000 14 1.00000
112.7 40.50000 14 1.00000
112.8 40.50000 14 1.00000
112.9 40.50000 14 1.00000
113.0 40.50000 14 1.00000
113.1 40.50000 14 1.00000
113.2 40.50000 14 1.00000
113.3 40.50000 14 1.00000
113.4 40.50000 14 1.00000
113.5 40.50000 14 1.00000
113.6 40.50000 14 1.00000
113.7 40.50000 14 1.00000
113.8 40.50000 14 1.00000
113.9 40.50000 14 1.00000
114.0 40.50000 14 1.00000
114.1 40.50000 14 1.00000
114.2 40.50000 14 1.00000
114.3 40.50000 14 1.00000
114.4 40.50000 14 1.00000
114.5 40.50000 14 1.00000
114.6 40.50000 14 1.00000
114.7 40.50000 14 1.00000
114.8 40.50000 14 1.00000
114.9 40.50000 14 1.00000
115.0 40.50000 14 1.00000
115.1 40.50000 14 1.00000
115.2 40.50000 14 1.00000
115.3 40.50000 14 1.00000
115.4 40.50000 14 1.00000
115.5 40.50000 14 1.00000
115.6 40.50000 14 1.00000
115.7 40.50000 14 1.00000
115.8 40.50000 14 1.00000
115.9 40.50000 14 1.00000
116.0 40.50000 14 1.00000
116.1 40.50000 14 1.00000
116.2 40.50000 14 1.00000
116.3 40.50000 14 1.00000
116.4 40.50000 14 1.00000
116.5 40.50000 14 1.00000
116.6 40.50000 14 1.00000
116.7 40.50000 14 1.00000
116.8 40.50000 14 1.00000
116.9 40.50000 14 1.00000
117.0 40.50000 14 1.00000
117.1 40.50000 14 1.00000
117.2 40.50000 14 1.00000
117.3 40.50000 14 1.00000
117.4 40.50000 14 1.00000
117.5 40.50000 14 1.00000
117.6 40.50000 14 1.00000
117.7 40.50000 14 1.00000
117.8 40.50000 14 1.00000
117.9 40.50000 14 1.00000
118.0 40.50000 14 1.00000
118.1 40.50000 14 1.00000
118.2 40.50000 14 1.00000
118.3 40.50000 14 1.00000
118.4 40.50000 14 1.00000
118.5 40.50000 14 1.00000
118.6 40.50000 14 1.00000
118.7 40.50000 14 1.00000
118.8 40.50000 14 1.00000
118.9 40.50000 14 1.00000
119.0 40.50000 14 1.00000
119.1 40.50000 14 1.00000
119.2 40.50000 14 1.00000
119.3 40.50000 14 1.00000
119.4 40.50000 14 1.00000
119.5 40.50000 14 1.00000
119.6 40.50000 14 1.00000
119.7 40.50000 14 1.00000
119.8 40.50000 14 1.00000
119.9 40.50000 14 1.00000
120.0 40.50000 14 1.00000
120.1 40.50000 14 1.00000
120.2 40.50000 14 1.00000
120.3 40.50000 14 1.00000
120.4 40.50000 14 1.00000
120.5 40.50000 14 1.00000
120.6 40.50000 14 1.00000
120.7 40.50000 14 1.00000
120.8 40.50000 14 1.00000
120.9 40.50000 14 1.00000
121.0 40.50000 14 1.00000
121.1 40.50000 14 1.00000
121.2 40.50000 14 1.00000
121.3 40.50000 14 1.00000
121.4 40.50000 14 1.00000
121.5 40.50000 14 1.00000
121.6 40.50000 14 1.00000
121.7 40.50000 14 1.00000
121.8 40.50000 14 1.00000
121.9 40.50000 14 1.00000
122.0 40.50000 14 1.00000
122.1 40.50000 14 1.00000
122.2 40.50000 14 1.00000
122.3 40.50000 14 1.00000
122.4 40.50000 14 1.00000
122.5 40.50000 14 1.00000
122.6 40.50000 14 1.00000
122.7 40.50000 14 1.00000
122.8 40.50000 14 1.00000
122.9 40.50000 14 1.00000
123.0 40.50000 14 1.00000
123.1 40.50000 14 1.00000
123.2 40.50000 14 1.00000
123.3 40.50000 14 1.00000
123.4 40.50000 14 1.00000
123.5 40.50000 14 1.00000
123.6 40.50000 14 1.00000
123.7 40.50000 14 1.00000
123.8 40.50000 14 1.00000
123.9 40.50000 14 1.00000
124.0 40.50000 14 1.00000
124.1 40.50000 14 1.00000
124.2 40.50000 14 1.00000
124.3 40.50000 14 1.00000
124.4 40.50000 14 1.00000
124.5 40.50000 14 1.00000
124.6 40.50000 14 1.00000
124.7 40.50000 14 1.00000
124.8 40.50000 14 1.00000
124.9 40.50000 14 1.00000
125.0 40.50000 14 1.00000
125.1 40.50000 14 1.00000
125.2 40.50000 14 1.00000
125.3 40.50000 14 1.00000
125.4 40.50000 14 1.00000
125.5 40.50000 14 1.00000
125.6 40.50000 14 1.00000
125.7 40.50000 14 1.00000
125.8 40.50000 14 1.00000
125.9 40.50000 14 1.00000
126.0 40.50000 14 1.00000
126.1 40.50000 14 1.00000
126.2 40.50000 14 1.00000
126.3 40.50000 14 1.00000
126.4 40.50000 14 1.00000
126.5 40.50000 14 1.00000
126.6 40.50000 14 1.00000
126.7 40.50000 14 1.00000
126.8 40.50000 14 1.00000
126.9 40.50000 14 1.00000
127.0 40.50000 14 1.00000
127.1 40.50000 14 1.00000
127.2 40.50000 14 1.00000
127.3 40.50000 14 1.00000
127.4 40.50000 14 1.00000
127.5 40.50000 14 1.00000
127.6 40.50000 14 1.00000
127.7 40.50000 14 1.00000
127.8 40.50000 14 1.00000
127.9 40.50000 14 1.00000
128.0 40.50000 14 1.00000
128.1 40.50000 14 1.00000
128.2 40.50000 14 1.00000
128.3 40.50000 14 1.00000
128.4 40.50000 14 1.00000
128.5 40.50000 14 1.00000
128.6 40.50000 14 1.00000
128.7 40.50000 14 1.00000
128.8 40.50000 14 1.00000
128.9 40.50000 14 1.00000
129.0 40.50000 14 1.00000
129.1 40.50000 14 1.00000
129.2 40.50000 14 1.00000
129.3 40.50000 14 1.00000
129.4 40.50000 14 1.00000
129.5 40.50000 14 1.00000
129.6 40.50000 14 1.00000
129.7 40.50000 14 1.00000
129.8 40.50000 14 1.00000
129.9 40.50000 14 1.00000
130.0 40.50000 14 1.00000
130.1 40.50000 14 1.00000
130.2 40.50000 14 1.00000
130.3 40.50000 14 1.00000
130.4 40.50000 14 1.00000
130.5 40.50000 14 1.00000
130.6 40.50000 14 1.00000
130.7 40.50000 14 1.00000
130.8 40.50000 14 1.00000
130.9 40.50000 14 1.00000
131.0 40.50000 14 1.00000
131.1 40.50000 14 1.00000
131.2 40.50000 14 1.00000
131.3 40.50000 14 1.00000
131.4 40.50000 14 1.00000
131.5 40.50000 14 1.00000
131.6 40.50000 14 1.00000
131.7 40.50000 14 1.00000
131.8 40.50000 14 1.00000
131.9 40.50000 14 1.00000
132.0 40.50000 14 1.00000
132.1 40.50000 14 1.00000
132.2 40.50000 14 1.00000
132.3 40.50000 14 1.00000
132.4 40.50000 14 1.00000
132.5 40.50000 14 1.00000
132.6 40.50000 14 1.00000
132.7 40.50000 14 1.00000
132.8 40.50000 14 1.00000
132.9 40.50000 14 1.00000
133.0 40.50000 14 1.00000
133.1 40.50000 14 1.00000
133.2 40.50000 14 1.00000
133.3 40.50000 14 1.00000
133.4 40.50000 14 1.00000
133.5 40.50000 14 1.00000
133.6 40.50000 14 1.00000
133.7 40.50000 14 1.00000
133.8 40.50000 14 1.00000
133.9 40.50000 14 1.00000
134.0 40.50000 14 1.00000
134.1 40.50000 14 1.00000
134.2 40.50000 14 1.00000
134.3 40.50000 14 1.00000
134.4 40.50000 14 1.00000
134.5 40.50000 14 1.00000
134.6 40.50000 14 1.00000
134.7 40.50000 14 1.00000
134.8 40.50000 14 1.00000
134.9 40.50000 14 1.00000
135.0 40.50000 14 1.00000
135.1 40.50000 14 1.00000
135.2 40.50000 14 1.00000
135.3 40.50000 14 1.00000
135.4 40.50000 14 1.00000
135.5 40.50000 14 1.00000
135.6 40.50000 14 1.00000
135.7 40.50000 14 1.00000
135.8 40.50000 14 1.00000
135.9 40.50000 14 1.00000
136.0 40.50000 14 1.00000
136.1 40.50000 14 1.00000
136.2 40.50000 14 1.00000
136.3 40.50000 14 1.00000
136.4 40.50000 14 1.00000
136.5 40.50000 14 1.00000
136.6 40.50000 14 1.00000
136.7 40.50000 14 1.00000
136.8 40.50000 14 1.00000
136.9 40.50000 14 1.00000
137.0 40.50000 14 1.00000
137.1 40.50000 14 1.00000
137.2 40.50000 14 1.00000
137.3 40.50000 14 1.00000
137.4 40.50000 14 1.00000
137.5 40.50000 14 1.00000
137.6 40.50000 14 1.00000
137.7 40.50000 14 1.00000
137.8 40.50000 14 1.00000
137.9 40.50000 14 1.00000
138.0 40.50000 14 1.00000
138.1 40.50000 14 1.00000
138.2 0.00000 15 0.00000
138.3 0.00000 15 0.00000
138.4 0.00000 15 0.00000
138.5 0.00000 15 0.00000
138.6 0.00000 15 0.00000
138.7 0.00000 15 0.00000
138.8 0.00000 15 0.00000
138.9 0.00000 15 0.00000
139.0 0.00000 15 0.00000
139.1 0.00000 15 0.00000
139.2 0.00000 15 0.00000
139.3 0.00000 15 0.00000
139.4 0.00000 15 0.00000
139.5 0.00000 15 0.00000
139.6 0.00000 15 0.00000
139.7 0.00000 15 0.00000
139.8 0.00000 15 0.00000
139.9 0.00000 15 0.00000
140.0 0.00000 15 0.00000
140.1 0.00000 15 0.00000
140.2 0.00000 15 0.00000
140.3 0.00000 15 0.00000
140.4 0.00000 15 0.00000
140.5 0.00000 15 0.00000
140.6 0.00000 15 0.00000
140.7 0.00000 15 0.00000
140.8 0.00000 15 0.00000
140.9 0.00000 15 0.00000
141.0 0.00000 15 0.00000
141.1 0.00000 15 0.00000
141.2 0.00000 15 0.00000
141.3 0.00000 15 0.00000
141.4 0.00000 15 0.00000
141.5 0.00000 15 0.00000
141.6 0.00000 15 0.00000
141.7 0.00000 15 0.00000
141.8 0.00000 15 0.00000
141.9 0.00000 15 0.00000
142.0 0.00000 15 0.00000
142.1 0.00000 15 0.00000
142.2 0.00000 15 0.00000
142.3 0.00000 15 0.00000
142.4 0.00000 15 0.00000
142.5 0.00000 15 0.00000
142.6 0.00000 15 0.00000
142.7 0.00000 15 0.00000
142.8 0.00000 15 0.00000
142.9 0.00000 15 0.00000
143.0 0.00000 15 0.00000
143.1 0.00000 15 0.00000
143.2 0.00000 15 0.00000
143.3 0.00000 15 0.00000
143.4 0.00000 15 0.00000
143.5 0.00000 15 0.00000
143.6 0.00000 15 0.00000
143.7 0.00000 15 0.00000
143.8 0.00000 15 0.00000
143.9 0.00000 15 0.00000
144.0 0.00000 15 0.00000
144.1 0.00000 15 0.00000
144.2 0.00000 15 0.00000
144.3 0.00000 15 0.00000
144.4 0.00000 15 0.00000
144.5 0.00000 15 0.00000
144.6 0.00000 15 0.00000
144.7 0.00000 15 0.00000
144.8 0.00000 15 0.00000
144.9 0.00000 15 0.00000
145.0 0.00000 15 0.00000
145.1 0.00000 15 0.00000
145.2 0.00000 15 0.00000
145.3 0.00000 15 0.00000
145.4 0.00000 15 0.00000
145.5 0.00000 15 0.00000
145.6 0.00000 15 0.00000
145.7 0.00000 15 0.00000
145.8 0.00000 15 0.00000
145.9 0.00000 15 0.00000
146.0 0.00000 15 0.00000
146.1 0.00000 15 0.00000
146.2 0.00000 15 0.00000
146.3 0.00000 15 0.00000
146.4 0.00000 15 0.00000
146.5 0.00000 15 0.00000
146.6 0.00000 15 0.00000
146.7 0.00000 15 0.00000
146.8 0.00000 15 0.00000
146.9 0.00000 15 0.00000
147.0 0.00000 15 0.00000
147.1 0.00000 15 0.00000
147.2 0.00000 15 0.00000
147.3 0.00000 15 0.00000
147.4 0.00000 15 0.00000
147.5 0.00000 15 0.00000
147.6 0.00000 15 0.00000
147.7 0.00000 15 0.00000
147.8 0.00000 15 0.00000
147.9 0.00000 15 0.00000
148.0 0.00000 15 0.00000
148.1 0.00000 15 0.00000
148.2 0.00000 15 0.00000
148.3 0.00000 15 0.00000
148.4 0.00000 15 0.00000
148.5 0.00000 15 0.00000
148.6 0.00000 15 0.00000
148.7 0.00000 15 0.00000
148.8 0.00000 15 0.00000
148.9 0.00000 15 0.00000
149.0 0.00000 15 0.00000
149.1 0.00000 15 0.00000
149.2 0.00000 15 0.00000
149.3 0.00000 15 0.00000
149.4 0.00000 15 0.00000
149.5 0.00000 15 0.00000
149.6 0.00000 15 0.00000
149.7 0.00000 15 0.00000
149.8 0.00000 15 0.00000
149.9 0.00000 15 0.00000
150.0 0.00000 15 0.00000
150.1 0.00000 15 0.00000
150.2 0.00000 15 0.00000
150.3 0.00000 15 0.00000
150.4 0.00000 15 0.00000
150.5 0.00000 15 0.00000
150.6 0.00000 15 0.00000
150.7 0.00000 15 0.00000
150.8 0.00000 15 0.00000
150.9 0.00000 15 0.00000
151.0 0.00000 15 0.00000
151.1 0.00000 15 0.00000
151.2 0.00000 15 0.00000
151.3 0.00000 15 0.00000
151.4 0.00000 15 0.00000
151.5 0.00000 15 0.00000
151.6 0.00000 15 0.00000
151.7 0.00000 15 0.00000
151.8 0.00000 15 0.00000
151.9 0.00000 15 0.00000
152.0 0.00000 15 0.00000
152.1 0.00000 15 0.00000
152.2 0.00000 15 0.00000
152.3 0.00000 15 0.00000
152.4 0.00000 15 0.00000
152.5 0.00000 15 0.00000
152.6 0.00000 15 0.00000
152.7 0.00000 15 0.00000
152.8 0.00000 15 0.00000
152.9 0.00000 15 0.00000
153.0 0.00000 15 0.00000
153.1 0.00000 15 0.00000
153.2 0.00000 15 0.00000
153.3 0.00000 15 0.00000
153.4 0.00000 15 0.00000
153.5 0.00000 15 0.00000
153.6 0.00000 15 0.00000
153.7 0.00000 15 0.00000
153.8 0.00000 15 0.00000
153.9 0.00000 15 0.00000
154.0 0.00000 15 0.00000
154.1 0.00000 15 0.00000
154.2 0.00000 15 0.00000
154.3 0.00000 15 0.00000
154.4 0.00000 15 0.00000
154.5 0.00000 15 0.00000
154.6 0.00000 15 0.00000
154.7 0.00000 15 0.00000
154.8 0.00000 15 0.00000
154.9 0.00000 15 0.00000
155.0 0.00000 15 0.00000
155.1 0.00000 15 0.00000
155.2 0.00000 15 0.00000
155.3 0.00000 15 0.00000
155.4 0.00000 15 0.00000
155.5 0.00000 15 0.00000
155.6 0.00000 15 0.00000
155.7 0.00000 15 0.00000
155.8 0.00000 15 0.00000
155.9 0.00000 15 0.00000
156.0 0.00000 15 0.00000
156.1 0.00000 15 0.00000
156.2 0.00000 15 0.00000
156.3 0.00000 15 0.00000
156.4 0.00000 15 0.00000
156.5 0.00000 15 0.00000
156.6 0.00000 15 0.00000
156.7 0.00000 15 0.00000
156.8 0.00000 15 0.00000
156.9 0.00000 15 0.00000
157.0 0.00000 15 0.00000
157.1 0.00000 15 0.00000
157.2 0.00000 15 0.00000
157.3 0.00000 15 0.00000
157.4 0.00000 15 0.00000
157.5 0.00000 15 0.00000
157.6 0.00000 15 0.00000
157.7 0.00000 15 0.00000
157.8 0.00000 15 0.00000
157.9 0.00000 15 0.00000
158.0 0.00000 15 0.00000
158.1 0.00000 15 0.00000
158.2 0.00000 15 0.00000
158.3 0.00000 15 0.00000
158.4 0.00000 15 0.00000
158.5 0.00000 15 0.00000
158.6 0.00000 15 0.00000
158.7 0.00000 15 0.00000
158.8 0.00000 15 0.00000
158.9 0.00000 15 0.00000
159.0 0.00000 15 0.00000
159.1 0.00000 15 0.00000
159.2 0.00000 15 0.00000
159.3 0.00000 15 0.00000
159.4 0.00000 15 0.00000
159.5 0.00000 15 0.00000
159.6 0.00000 15 0.00000
159.7 0.00000 15 0.00000
159.8 0.00000 15 0.00000
159.9 0.00000 15 0.00000
160.0 0.00000 15 0.00000
160.1 0.00000 15 0.00000
160.2 0.00000 15 0.00000
160.3 0.00000 15 0.00000
160.4 0.00000 15 0.00000
160.5 0.00000 15 0.00000
160.6 0.00000 15 0.00000
160.7 0.00000 15 0.00000
160.8 0.00000 15 0.00000
160.9 0.00000 15 0.00000
161.0 0.00000 15 0.00000
161.1 0.00000 15 0.00000
161.2 0.00000 15 0.00000
161.3 0.00000 15 0.00000
161.4 0.00000 15 0.00000
161.5 0.00000 15 0.00000
161.6 0.00000 15 0.00000
161.7 0.00000 15 0.00000
161.8 0.00000 15 0.00000
161.9 0.00000 15 0.00000
162.0 0.00000 15 0.00000
162.1 0.00000 15 0.00000
162.2 0.00000 15 0.00000
162.3 0.00000 15 0.00000
162.4 0.00000 15 0.00000
162.5 0.00000 15 0.00000
162.6 0.00000 15 0.00000
162.7 0.00000 15 0.00000
162.8 0.00000 15 0.00000
162.9 0.00000 15 0.00000
163.0 0.00000 15 0.00000
163.1 0.00000 15 0.00000
163.2 0.00000 15 0.00000
163.3 0.00000 15 0.00000
163.4 0.00000 15 0.00000
163.5 0.00000 15 0.00000
163.6 0.00000 15 0.00000
163.7 0.00000 15 0.00000
163.8 0.00000 15 0.00000
163.9 0.00000 15 0.00000
164.0 0.00000 15 0.00000
164.1 0.00000 15 0.00000
164.2 0.00000 15 0.00000
164.3 0.00000 15 0.00000
164.4 0.00000 15 0.00000
164.5 0.00000 15 0.00000
164.6 0.00000 15 0.00000
164.7 0.00000 15 0.00000
164.8 0.00000 15 0.00000
164.9 0.00000 15 0.00000
165.0 0.00000 15 0.00000
165.1 0.00000 15 0.00000
165.2 0.00000 15 0.00000
165.3 0.00000 15 0.00000
165.4 0.00000 15 0.00000
165.5 0.00000 15 0.00000
165.6 0.00000 15 0.00000
165.7 0.00000 15 0.00000
165.8 0.00000 15 0.00000
165.9 0.00000 15 0.00000
166.0 0.00000 15 0.00000
166.1 0.00000 15 0.00000
166.2 0.00000 15 0.00000
166.3 0.00000 15 0.00000
166.4 0.00000 15 0.00000
166.5 0.00000 15 0.00000
166.6 0.00000 15 0.00000
166.7 0.00000 15 0.00000
166.8 0.00000 15 0.00000
166.9 0.00000 15 0.00000
167.0 0.00000 15 0.00000
167.1 0.00000 15 0.00000
167.2 0.00000 15 0.00000
167.3 0.00000 15 0.00000
167.4 0.00000 15 0.00000
167.5 0.00000 15 0.00000
167.6 0.00000 15 0.00000
167.7 0.00000 15 0.00000
167.8 0.00000 15 0.00000
167.9 0.00000 15 0.00000
168.0 0.00000 15 0.00000
168.1 0.00000 15 0.00000
168.2 0.00000 15 0.00000
168.3 0.00000 15 0.00000
168.4 0.00000 15 0.00000
168.5 0.00000 15 0.00000
168.6 0.00000 15 0.00000
168.7 0.00000 15 0.00000
168.8 0.00000 15 0.00000
168.9 0.00000 15 0.00000
169.0 0.00000 15 0.00000
169.1 0.00000 15 0.00000
169.2 0.00000 15 0.00000
169.3 0.00000 15 0.00000
169.4 0.00000 15 0.00000
169.5 0.00000 15 0.00000
169.6 0.00000 15 0.00000
169.7 0.00000 15 0.00000
169.8 0.00000 15 0.00000
169.9 0.00000 15 0.00000
170.0 0.00000 15 0.00000
170.1 0.00000 15 0.00000
170.2 0.00000 15 0.00000
170.3 0.00000 15 0.00000
170.4 0.00000 15 0.00000
170.5 0.00000 15 0.00000
170.6 0.00000 15 0.00000
170.7 0.00000 15 0.00000
170.8 0.00000 15 0.00000
170.9 0.00000 15 0.00000
171.0 0.00000 15 0.00000
171.1 0.00000 15 0.00000
171.2 0.00000 15 0.00000
171.3 0.00000 15 0.00000
171.4 0.00000 15 0.00000
171.5 0.00000 15 0.00000
171.6 0.00000 15 0.00000
171.7 0.00000 15 0.00000
171.8 0.00000 15 0.00000
171.9 0.00000 15 0.00000
172.0 0.00000 15 0.00000
172.1 0.00000 15 0.00000
172.2 0.00000 15 0.00000
172.3 0.00000 15 0.00000
172.4 0.00000 15 0.00000
172.5 0.00000 15 0.00000
172.6 0.00000 15 0.00000
172.7 0.00000 15 0.00000
172.8 0.00000 15 0.00000
172.9 0.00000 15 0.00000
173.0 0.00000 15 0.00000
173.1 0.00000 15 0.00000
173.2 0.00000 15 0.00000
173.3 0.00000 15 0.00000
173.4 0.00000 15 0.00000
173.5 0.00000 15 0.00000
173.6 0.00000 15 0.00000
173.7 0.00000 15 0.00000
173.8 0.00000 15 0.00000
173.9 0.00000 15 0.00000
174.0 0.00000 15 0.00000
174.1 0.00000 15 0.00000
174.2 0.00000 15 0.00000
174.3 0.00000 15 0.00000
174.4 0.00000 15 0.00000
174.5 0.00000 15 0.00000
174.6 0.00000 15 0.00000
174.7 0.00000 15 0.00000
174.8 0.00000 15 0.00000
174.9 0.00000 15 0.00000
175.0 0.00000 15 0.00000
175.1 0.00000 15 0.00000
175.2 0.00000 15 0.00000
175.3 0.00000 15 0.00000
175.4 0.00000 15 0.00000
175.5 0.00000 15 0.00000
175.6 0.00000 15 0.00000
175.7 0.00000 15 0.00000
175.8 0.00000 15 0.00000
175.9 0.00000 15 0.00000
176.0 0.00000 15 0.00000
176.1 0.00000 15 0.00000
176.2 0.00000 15 0.00000
176.3 0.00000 15 0.00000
176.4 0.00000 15 0.00000
176.5 0.00000 15 0.00000
176.6 0.00000 15 0.00000
176.7 0.00000 15 0.00000
176.8 0.00000 15 0.00000
176.9 0.00000 15 0.00000
177.0 0.00000 15 0.00000
177.1 0.00000 15 0.00000
177.2 0.00000 15 0.00000
177.3 0.00000 15 0.00000
177.4 0.00000 15 0.00000
177.5 0.00000 15 0.00000
177.6 0.00000 15 0.00000
177.7 0.00000 15 0.00000
177.8 0.00000 15 0.00000
177.9 0.00000 15 0.00000
178.0 0.00000 15 0.00000
178.1 0.00000 15 0.00000
178.2 0.00000 15 0.00000
178.3 0.00000 15 0.00000
178.4 0.00000 15 0.00000
178.5 0.00000 15 0.00000
178.6 0.00000 15 0.00000
178.7 0.00000 15 0.00000
178.8 0.00000 15 0.00000
178.9 0.00000 15 0.00000
179.0 0.00000 15 0.00000
179.1 0.00000 15 0.00000
179.2 0.00000 15 0.00000
179.3 0.00000 15 0.00000
179.4 0.00000 15 0.00000
179.5 0.00000 15 0.00000
179.6 0.00000 15 0.00000
179.7 0.00000 15 0.00000
179.8 0.00000 15 0.00000
179.9 0.00000 15 0.00000
180.0 0.00000 15 0.00000
180.1 0.00000 15 0.00000
180.2 0.00000 15 0.00000
180.3 0.00000 15 0.00000
180.4 0.00000 15 0.00000
180.5 0.00000 15 0.00000
180.6 0.00000 15 0.00000
180.7 0.00000 15 0.00000
180.8 0.00000 15 0.00000
180.9 0.00000 15 0.00000
181.0 0.00000 15 0.00000
181.1 0.00000 15 0.00000
181.2 0.00000 15 0.00000
181.3 0.00000 15 0.00000
181.4 0.00000 15 0.00000
181.5 0.00000 15 0.00000
181.6 0.00000 15 0.00000
181.7 0.00000 15 0.00000
181.8 0.00000 15 0.00000
181.9 0.00000 15 0.00000
182.0 0.00000 15 0.00000
182.1 0.00000 15 0.00000
182.2 0.00000 15 0.00000
182.3 0.00000 15 0.00000
182.4 0.00000 15 0.00000
182.5 0.00000 15 0.00000
182.6 0.00000 15 0.00000
182.7 0.00000 15 0.00000
182.8 0.00000 15 0.00000
182.9 0.00000 15 0.00000
183.0 0.00000 15 0.00000
183.1 0.00000 15 0.00000
183.2 0.00000 15 0.00000
183.3 0.00000 15 0.00000
183.4 0.00000 15 0.00000
183.5 0.00000 15 0.00000
183.6 0.00000 15 0.00000
183.7 0.00000 15 0.00000
183.8 0.00000 15 0.00000
183.9 0.00000 15 0.00000
184.0 0.00000 15 0.00000
184.1 0.00000 15 0.00000
184.2 0.00000 15 0.00000
184.3 0.00000 15 0.00000
184.4 0.00000 15 0.00000
184.5 0.00000 15 0.00000
184.6 0.00000 15 0.00000
184.7 0.00000 15 0.00000
184.8 0.00000 15 0.00000
184.9 0.00000 15 0.00000
185.0 0.00000 15 0.00000
185.1 0.00000 15 0.00000
185.2 0.00000 15 0.00000
185.3 0.00000 15 0.00000
185.4 0.00000 15 0.00000
185.5 0.00000 15 0.00000
185.6 0.00000 15 0.00000
185.7 0.00000 15 0.00000
185.8 0.00000 15 0.00000
185.9 0.00000 15 0.00000
186.0 0.00000 15 0.00000
186.1 0.00000 15 0.00000
186.2 0.00000 15 0.00000
186.3 0.00000 15 0.00000
186.4 0.00000 15 0.00000
186.5 0.00000 15 0.00000
186.6 0.00000 15 0.00000
186.7 0.00000 15 0.00000
186.8 0.00000 15 0.00000
186.9 0.00000 15 0.00000
187.0 0.00000 15 0.00000
187.1 0.00000 15 0.00000
187.2 0.00000 15 0.00000
187.3 0.00000 15 0.00000
187.4 0.00000 15 0.00000
187.5 0.00000 15 0.00000
187.6 0.00000 15 0.00000
187.7 0.00000 15 0.00000
187.8 0.00000 15 0.00000
187.9 0.00000 15 0.00000
188.0 0.00000 15 0.00000
188.1 0.00000 15 0.00000
188.2 0.00000 15 0.00000
188.3 0.00000 15 0.00000
188.4 0.00000 15 0.00000
188.5 0.00000 15 0.00000
188.6 0.00000 15 0.00000
188.7 0.00000 15 0.00000
188.8 0.00000 15 0.00000
188.9 0.00000 15 0.00000
189.0 0.00000 15 0.00000
189.1 0.00000 15 0.00000
189.2 0.00000 15 0.00000
189.3 0.00000 15 0.00000
189.4 0.00000 15 0.00000
189.5 0.00000 15 0.00000
189.6 0.00000 15 0.00000
189.7 0.00000 15 0.00000
189.8 0.00000 15 0.00000
189.9 0.00000 15 0.00000
190.0 0.00000 15 0.00000
190.1 0.00000 15 0.00000
190.2 0.00000 15 0.00000
190.3 0.00000 15 0.00000
190.4 0.00000 15 0.00000
190.5 0.00000 15 0.00000
190.6 0.00000 15 0.00000
190.7 0.00000 15 0.00000
190.8 0.00000 15 0.00000
190.9 0.00000 15 0.00000
191.0 0.00000 15 0.00000
191.1 0.00000 15 0.00000
191.2 0.00000 15 0.00000
191.3 0.00000 15 0.00000
191.4 0.00000 15 0.00000
191.5 0.00000 15 0.00000
191.6 0.00000 15 0.00000
191.7 0.00000 15 0.00000
191.8 0.00000 15 0.00000
191.9 0.00000 15 0.00000
192.0 0.00000 15 0.00000
192.1 0.00000 15 0.00000
192.2 0.00000 15 0.00000
192.3 0.00000 15 0.00000
192.4 0.00000 15 0.00000
192.5 0.00000 15 0.00000
192.6 0.00000 15 0.00000
192.7 0.00000 15 0.00000
192.8 0.00000 15 0.00000
192.9 0.00000 15 0.00000
193.0 0.00000 15 0.00000
193.1 0.00000 15 0.00000
193.2 0.00000 15 0.00000
193.3 0.00000 15 0.00000
193.4 0.00000 15 0.00000
193.5 0.00000 15 0.00000
193.6 0.00000 15 0.00000
193.7 0.00000 15 0.00000
193.8 0.00000 15 0.00000
193.9 0.00000 15 0.00000
194.0 0.00000 15 0.00000
194.1 0.00000 15 0.00000
194.2 0.00000 15 0.00000
194.3 0.00000 15 0.00000
194.4 0.00000 15 0.00000
194.5 0.00000 15 0.00000
194.6 0.00000 15 0.00000
194.7 0.00000 15 0.00000
194.8 0.00000 15 0.00000
194.9 0.00000 15 0.00000
195.0 0.00000 15 0.00000
195.1 0.00000 15 0.00000
195.2 0.00000 15 0.00000
195.3 0.00000 15 0.00000
195.4 0.00000 15 0.00000
195.5 0.00000 15 0.00000
195.6 0.00000 15 0.00000
195.7 0.00000 15 0.00000
195.8 0.00000 15 0.00000
195.9 0.00000 15 0.00000
196.0 0.00000 15 0.00000
196.1 0.00000 15 0.00000
196.2 0.00000 15 0.00000
196.3 0.00000 15 0.00000
196.4 0.00000 15 0.00000
196.5 0.00000 15 0.00000
196.6 0.00000 15 0.00000
196.7 0.00000 15 0.00000
196.8 0.00000 15 0.00000
196.9 0.00000 15 0.00000
197.0 0.00000 15 0.00000
197.1 0.00000 15 0.00000
197.2 0.00000 15 0.00000
197.3 0.00000 15 0.00000
197.4 0.00000 15 0.00000
197.5 0.00000 15 0.00000
197.6 0.00000 15 0.00000
197.7 0.00000 15 0.00000
197.8 0.00000 15 0.00000
197.9 0.00000 15 0.00000
198.0 0.00000 15 0.00000
198.1 0.00000 15 0.00000
198.2 0.00000 15 0.00000
198.3 0.00000 15 0.00000
198.4 0.00000 15 0.00000
198.5 0.00000 15 0.00000
198.6 0.00000 15 0.00000
198.7 0.00000 15 0.00000
198.8 0.00000 15 0.00000
198.9 0.00000 15 0.00000
199.0 0.00000 15 0.00000
199.1 0.00000 15 0.00000
199.2 0.00000 15 0.00000
199.3 0.00000 15 0.00000
199.4 0.00000 15 0.00000
199.5 0.00000 15 0.00000
199.6 0.00000 15 0.00000
199.7 0.00000 15 0.00000
199.8 0.00000 15 0.00000
199.9 0.00000 15 0.00000
200.0 0.00000 15 0.00000
200.1 0.00000 15 0.00000
200.2 0.00000 15 0.00000
200.3 0.00000 15 0.00000
200.4 0.00000 15 0.00000
200.5 0.00000 15 0.00000
200.6 0.00000 15 0.00000
200.7 0.00000 15 0.00000
200.8 0.00000 15 0.00000
200.9 0.00000 15 0.00000
201.0 0.00000 15 0.00000
201.1 0.00000 15 0.00000
201.2 0.00000 15 0.00000
201.3 0.00000 15 0.00000
201.4 0.00000 15 0.00000
201.5 0.00000 15 0.00000
201.6 0.00000 15 0.00000
201.7 0.00000 15 0.00000
201.8 0.00000 15 0.00000
201.9 0.00000 15 0.00000
202.0 0.00000 15 0.00000
202.1 0.00000 15 0.00000
202.2 0.00000 15 0.00000
202.3 0.00000 15 0.00000
202.4 0.00000 15 0.00000
202.5 0.00000 15 0.00000
202.6 0.00000 15 0.00000
202.7 0.00000 15 0.00000
202.8 0.00000 15 0.00000
202.9 0.00000 15 0.00000
203.0 0.00000 15 0.00000
203.1 0.00000 15 0.00000
203.2 0.00000 15 0.00000
203.3 0.00000 15 0.00000
203.4 0.00000 15 0.00000
203.5 0.00000 15 0.00000
203.6 0.00000 15 0.00000
203.7 0.00000 15 0.00000
203.8 0.00000 15 0.00000
203.9 0.00000 15 0.00000
204.0 0.00000 15 0.00000
204.1 0.00000 15 0.00000
204.2 0.00000 15 0.00000
204.3 0.00000 15 0.00000
204.4 0.00000 15 0.00000
204.5 0.00000 15 0.00000
204.6 0.00000 15 0.00000
204.7 0.00000 15 0.00000
204.8 0.00000 15 0.00000
204.9 0.00000 15 0.00000
205.0 0.00000 15 0.00000
205.1 0.00000 15 0.00000
205.2 0.00000 15 0.00000
205.3 0.00000 15 0.00000
205.4 0.00000 15 0.00000
205.5 0.00000 15 0.00000
205.6 0.00000 15 0.00000
205.7 0.00000 15 0.00000
205.8 0.00000 15 0.00000
205.9 0.00000 15 0.00000
206.0 0.00000 15 0.00000
206.1 0.00000 15 0.00000
206.2 0.00000 15 0.00000
206.3 0.00000 15 0.00000
206.4 0.00000 15 0.00000
206.5 0.00000 15 0.00000
206.6 0.00000 15 0.00000
206.7 0.00000 15 0.00000
206.8 0.00000 15 0.00000
206.9 0.00000 15 0.00000
207.0 0.00000 15 0.00000
207.1 0.00000 15 0.00000
207.2 0.00000 15 0.00000
207.3 0.00000 15 0.00000
207.4 0.00000 15 0.00000
207.5 0.00000 15 0.00000
207.6 0.00000 15 0.00000
207.7 0.00000 15 0.00000
207.8 0.00000 15 0.00000
207.9 0.00000 15 0.00000
208.0 0.00000 15 0.00000
208.1 0.00000 15 0.00000
208.2 0.00000 15 0.00000
208.3 0.00000 15 0.00000
208.4 0.00000 15 0.00000
208.5 0.00000 15 0.00000
208.6 0.00000 15 0.00000
208.7 0.00000 15 0.00000
208.8 0.00000 15 0.00000
208.9 0.00000 15 0.00000
209.0 0.00000 15 0.00000
209.1 0.00000 15 0.00000
209.2 0.00000 15 0.00000
209.3 0.00000 15 0.00000
209.4 0.00000 15 0.00000
209.5 0.00000 15 0.00000
209.6 0.00000 15 0.00000
209.7 0.00000 15 0.00000
209.8 0.00000 15 0.00000
209.9 0.00000 15 0.00000
210.0 0.00000 15 0.00000
210.1 0.00000 15 0.00000
210.2 0.00000 15 0.00000
210.3 0.00000 15 0.00000
210.4 0.00000 15 0.00000
210.5 0.00000 15 0.00000
210.6 0.00000 15 0.00000
210.7 0.00000 15 0.00000
210.8 0.00000 15 0.00000
210.9 0.00000 15 0.00000
211.0 0.00000 15 0.00000
211.1 0.00000 15 0.00000
211.2 0.00000 15 0.00000
211.3 0.00000 15 0.00000
211.4 0.00000 15 0.00000
211.5 0.00000 15 0.00000
211.6 0.00000 15 0.00000
211.7 0.00000 15 0.00000
211.8 0.00000 15 0.00000
211.9 0.00000 15 0.00000
212.0 0.00000 15 0.00000
212.1 0.00000 15 0.00000
212.2 0.00000 15 0.00000
212.3 0.00000 15 0.00000
212.4 0.00000 15 0.00000
212.5 0.00000 15 0.00000
212.6 0.00000 15 0.00000
212.7 0.00000 15 0.00000
212.8 0.00000 15 0.00000
212.9 0.00000 15 0.00000
213.0 0.00000 15 0.00000
213.1 0.00000 15 0.00000
213.2 0.00000 15 0.00000
213.3 0.00000 15 0.00000
213.4 0.00000 15 0.00000
213.5 0.00000 15 0.00000
213.6 0.00000 15 0.00000
213.7 0.00000 15 0.00000
213.8 0.00000 15 0.00000
213.9 0.00000 15 0.00000
214.0 0.00000 15 0.00000
214.1 0.00000 15 0.00000
214.2 0.00000 15 0.00000
214.3 0.00000 15 0.00000
214.4 0.00000 15 0.00000
214.5 0.00000 15 0.00000
214.6 0.00000 15 0.00000
214.7 0.00000 15 0.00000
214.8 0.00000 15 0.00000
214.9 0.00000 15 0.00000
215.0 0.00000 15 0.00000
215.1 0.00000 15 0.00000
215.2 0.00000 15 0.00000
215.3 0.00000 15 0.00000
215.4 0.00000 15 0.00000
215.5 0.00000 15 0.00000
215.6 0.00000 15 0.00000
215.7 0.00000 15 0.00000
215.8 0.00000 15 0.00000
215.9 0.00000 15 0.00000
216.0 0.00000 15 0.00000
216.1 0.00000 15 0.00000
216.2 0.00000 15 0.00000
216.3 0.00000 15 0.00000
216.4 0.00000 15 0.00000
216.5 0.00000 15 0.00000
216.6 0.00000 15 0.00000
216.7 0.00000 15 0.00000
216.8 0.00000 15 0.00000
216.9 0.00000 15 0.00000
217.0 0.00000 15 0.00000
217.1 0.00000 15 0.00000
217.2 0.00000 15 0.00000
217.3 0.00000 15 0.00000
217.4 0.00000 15 0.00000
217.5 0.00000 15 0.00000
217.6 0.00000 15 0.00000
217.7 0.00000 15 0.00000
217.8 0.00000 15 0.00000
217.9 0.00000 15 0.00000
218.0 0.00000 15 0.00000
218.1 0.00000 15 0.00000
218.2 0.00000 15 0.00000
218.3 0.00000 15 0.00000
218.4 0.00000 15 0.00000
218.5 0.00000 15 0.00000
218.6 0.00000 15 0.00000
218.7 0.00000 15 0.00000
218.8 0.00000 15 0.00000
218.9 0.00000 15 0.00000
219.0 0.00000 15 0.00000
219.1 0.00000 15 0.00000
219.2 0.00000 15 0.00000
219.3 0.00000 15 0.00000
219.4 0.00000 15 0.00000
219.5 0.00000 15 0.00000
219.6 0.00000 15 0.00000
219.7 0.00000 15 0.00000
219.8 0.00000 15 0.00000
219.9 0.00000 15 0.00000
220.0 0.00000 15 0.00000
220.1 0.00000 15 0.00000
220.2 0.00000 15 0.00000
220.3 0.00000 15 0.00000
220.4 0.00000 15 0.00000
220.5 0.00000 15 0.00000
220.6 0.00000 15 0.00000
220.7 0.00000 15 0.00000
220.8 0.00000 15 0.00000
220.9 0.00000 15 0.00000
221.0 0.00000 15 0.00000
221.1 0.00000 15 0.00000
221.2 0.00000 15 0.00000
221.3 0.00000 15 0.00000
221.4 0.00000 15 0.00000
221.5 0.00000 15 0.00000
221.6 0.00000 15 0.00000
221.7 0.00000 15 0.00000
221.8 0.00000 15 0.00000
221.9 0.00000 15 0.00000
222.0 0.00000 15 0.00000
222.1 0.00000 15 0.00000
222.2 0.00000 15 0.00000
222.3 0.00000 15 0.00000
222.4 0.00000 15 0.00000
222.5 0.00000 15 0.00000
222.6 0.00000 15 0.00000
222.7 0.00000 15 0.00000
222.8 0.00000 15 0.00000
222.9 0.00000 15 0.00000
223.0 0.00000 15 0.00000
223.1 0.00000 15 0.00000
223.2 0.00000 15 0.00000
223.3 0.00000 15 0.00000
223.4 0.00000 15 0.00000
223.5 0.00000 15 0.00000
223.6 0.00000 15 0.00000
223.7 0.00000 15 0.00000
223.8 0.00000 15 0.00000
223.9 0.00000 15 0.00000
224.0 0.00000 15 0.00000
224.1 0.00000 15 0.00000
224.2 0.00000 15 0.00000
224.3 0.00000 15 0.00000
224.4 0.00000 15 0.00000
224.5 0.00000 15 0.00000
224.6 0.00000 15 0.00000
224.7 0.00000 15 0.00000
224.8 0.00000 15 0.00000
224.9 0.00000 15 0.00000
225.0 0.00000 15 0.00000
225.1 0.00000 15 0.00000
225.2 0.00000 15 0.00000
225.3 0.00000 15 0.00000
225.4 0.00000 15 0.00000
225.5 0.00000 15 0.00000
225.6 0.00000 15 0.00000
225.7 0.00000 15 0.00000
225.8 0.00000 15 0.00000
225.9 0.00000 15 0.00000
226.0 0.00000 15 0.00000
226.1 0.00000 15 0.00000
226.2 0.00000 15 0.00000
226.3 0.00000 15 0.00000
226.4 0.00000 15 0.00000
226.5 0.00000 15 0.00000
226.6 0.00000 15 0.00000
226.7 0.00000 15 0.00000
226.8 0.00000 15 0.00000
226.9 0.00000 15 0.00000
227.0 0.00000 15 0.00000
227.1 0.00000 15 0.00000
227.2 0.00000 15 0.00000
227.3 0.00000 15 0.00000
227.4 0.00000 15 0.00000
227.5 0.00000 15 0.00000
227.6 0.00000 15 0.00000
227.7 0.00000 15 0.00000
227.8 0.00000 15 0.00000
227.9 0.00000 15 0.00000
228.0 0.00000 15 0.00000
228.1 0.00000 15 0.00000
228.2 0.00000 15 0.00000
228.3 0.00000 15 0.00000
228.4 0.00000 15 0.00000
228.5 0.00000 15 0.00000
228.6 0.00000 15 0.00000
228.7 0.00000 15 0.00000
228.8 0.00000 15 0.00000
228.9 0.00000 15 0.00000
229.0 0.00000 15 0.00000
229.1 0.00000 15 0.00000
229.2 0.00000 15 0.00000
229.3 0.00000 15 0.00000
229.4 0.00000 15 0.00000
229.5 0.00000 15 0.00000
229.6 0.00000 15 0.00000
229.7 0.00000 15 0.00000
229.8 0.00000 15 0.00000
229.9 0.00000 15 0.00000
230.0 0.00000 15 0.00000
230.1 0.00000 15 0.00000
230.2 0.00000 15 0.00000
230.3 0.00000 15 0.00000
230.4 0.00000 15 0.00000
230.5 0.00000 15 0.00000
230.6 0.00000 15 0.00000
230.7 0.00000 15 0.00000
230.8 0.00000 15 0.00000
230.9 0.00000 15 0.00000
231.0 0.00000 15 0.00000
231.1 0.00000 15 0.00000
231.2 0.00000 15 0.00000
231.3 0.00000 15 0.00000
231.4 0.00000 15 0.00000
231.5 0.00000 15 0.00000
231.6 0.00000 15 0.00000
231.7 0.00000 15 0.00000
231.8 0.00000 15 0.00000
231.9 0.00000 15 0.00000
232.0 0.00000 15 0.00000
232.1 0.00000 15 0.00000
232.2 0.00000 15 0.00000
232.3 0.00000 15 0.00000
232.4 0.00000 15 0.00000
232.5 0.00000 15 0.00000
232.6 0.00000 15 0.00000
232.7 0.00000 15 0.00000
232.8 0.00000 15 0.00000
232.9 0.00000 15 0.00000
233.0 0.00000 15 0.00000
233.1 0.00000 15 0.00000
233.2 0.00000 15 0.00000
233.3 0.00000 15 0.00000
233.4 0.00000 15 0.00000
233.5 0.00000 15 0.00000
233.6 0.00000 15 0.00000
233.7 0.00000 15 0.00000
233.8 0.00000 15 0.00000
233.9 0.00000 15 0.00000
234.0 0.00000 15 0.00000
234.1 0.00000 15 0.00000
234.2 0.00000 15 0.00000
234.3 0.00000 15 0.00000
234.4 0.00000 15 0.00000
234.5 0.00000 15 0.00000
234.6 0.00000 15 0.00000
234.7 0.00000 15 0.00000
234.8 0.00000 15 0.00000
234.9 0.00000 15 0.00000
235.0 0.00000 15 0.00000
235.1 0.00000 15 0.00000
235.2 0.00000 15 0.00000
235.3 0.00000 15 0.00000
235.4 0.00000 15 0.00000
235.5 0.00000 15 0.00000
235.6 0.00000 15 0.00000
235.7 0.00000 15 0.00000
235.8 0.00000 15 0.00000
235.9 0.00000 15 0.00000
236.0 0.00000 15 0.00000
236.1 0.00000 15 0.00000
236.2 0.00000 15 0.00000
236.3 0.00000 15 0.00000
236.4 0.00000 15 0.00000
236.5 0.00000 15 0.00000
236.6 0.00000 15 0.00000
236.7 0.00000 15 0.00000
236.8 0.00000 15 0.00000
236.9 0.00000 15 0.00000
237.0 0.00000 15 0.00000
237.1 0.00000 15 0.00000
237.2 0.00000 15 0.00000
237.3 0.00000 15 0.00000
237.4 0.00000 15 0.00000
237.5 0.00000 15 0.00000
237.6 0.00000 15 0.00000
237.7 0.00000 15 0.00000
237.8 0.00000 15 0.00000
237.9 0.00000 15 0.00000
238.0 0.00000 15 0.00000
238.1 0.00000 15 0.00000
238.2 0.00000 15 0.00000
238.3 0.00000 15 0.00000
238.4 0.00000 15 0.00000
238.5 0.00000 15 0.00000
238.6 0.00000 15 0.00000
238.7 0.00000 15 0.00000
238.8 0.00000 15 0.00000
238.9 0.00000 15 0.00000
239.0 0.00000 15 0.00000
239.1 0.00000 15 0.00000
239.2 0.00000 15 0.00000
239.3 0.00000 15 0.00000
239.4 0.00000 15 0.00000
239.5 0.00000 15 0.00000
239.6 0.00000 15 0.00000
239.7 0.00000 15 0.00000
239.8 0.00000 15 0.00000
239.9 0.00000 15 0.00000
240.0 0.00000 15 0.00000
240.1 0.00000 15 0.00000
240.2 0.00000 15 0.00000
240.3 0.00000 15 0.00000
240.4 0.00000 15 0.00000
240.5 0.00000 15 0.00000
240.6 0.00000 15 0.00000
240.7 0.00000 15 0.00000
240.8 0.00000 15 0.00000
240.9 0.00000 15 0.00000
241.0 0.00000 15 0.00000
241.1 0.00000 15 0.00000
241.2 0.00000 15 0.00000
241.3 0.00000 15 0.00000
241.4 0.00000 15 0.00000
241.5 0.00000 15 0.00000
241.6 0.00000 15 0.00000
241.7 0.00000 15 0.00000
241.8 0.00000 15 0.00000
241.9 0.00000 15 0.00000
242.0 0.00000 15 0.00000
242.1 0.00000 15 0.00000
242.2 0.00000 15 0.00000
242.3 0.00000 15 0.00000
242.4 0.00000 15 0.00000
242.5 0.00000 15 0.00000
242.6 0.00000 15 0.00000
242.7 0.00000 15 0.00000
242.8 0.00000 15 0.00000
242.9 0.00000 15 0.00000
243.0 0.00000 15 0.00000
243.1 0.00000 15 0.00000
243.2 0.00000 15 0.00000
243.3 0.00000 15 0.00000
243.4 0.00000 15 0.00000
243.5 0.00000 15 0.00000
243.6 0.00000 15 0.00000
243.7 0.00000 15 0.00000
243.8 0.00000 15 0.00000
243.9 0.00000 15 0.00000
244.0 0.00000 15 0.00000
244.1 0.00000 15 0.00000
244.2 0.00000 15 0.00000
244.3 0.00000 15 0.00000
244.4 0.00000 15 0.00000
244.5 0.00000 15 0.00000
244.6 0.00000 15 0.00000
244.7 0.00000 15 0.00000
244.8 0.00000 15 0.00000
244.9 0.00000 15 0.00000
245.0 0.00000 15 0.00000
245.1 0.00000 15 0.00000
245.2 0.00000 15 0.00000
245.3 0.00000 15 0.00000
245.4 0.00000 15 0.00000
245.5 0.00000 15 0.00000
245.6 0.00000 15 0.00000
245.7 0.00000 15 0.00000
245.8 0.00000 15 0.00000
245.9 0.00000 15 0.00000
246.0 0.00000 15 0.00000
246.1 0.00000 15 0.00000
246.2 0.00000 15 0.00000
246.3 0.00000 15 0.00000
246.4 0.00000 15 0.00000
246.5 0.00000 15 0.00000
246.6 0.00000 15 0.00000
246.7 0.00000 15 0.00000
246.8 0.00000 15 0.00000
246.9 0.00000 15 0.00000
247.0 0.00000 15 0.00000
247.1 0.00000 15 0.00000
247.2 0.00000 15 0.00000
247.3 0.00000 15 0.00000
247.4 0.00000 15 0.00000
247.5 0.00000 15 0.00000
247.6 0.00000 15 0.00000
247.7 0.00000 15 0.00000
247.8 0.00000 15 0.00000
247.9 0.00000 15 0.00000
248.0 0.00000 15 0.00000
248.1 0.00000 15 0.00000
248.2 0.00000 15 0.00000
248.3 0.00000 15 0.00000
248.4 0.00000 15 0.00000
248.5 0.00000 15 0.00000
248.6 0.00000 15 0.00000
248.7 0.00000 15 0.00000
248.8 0.00000 15 0.00000
248.9 0.00000 15 0.00000
249.0 0.00000 15 0.00000
249.1 0.00000 15 0.00000
249.2 0.00000 15 0.00000
249.3 0.00000 15 0.00000
249.4 0.00000 15 0.00000
249.5 0.00000 15 0.00000
249.6 0.00000 15 0.00000
249.7 0.00000 15 0.00000
249.8 0.00000 15 0.00000
249.9 0.00000 15 0.00000
250.0 0.00000 15 0.00000
