15.0 2.29717 13 0.10501
15.1 2.34135 13 0.10873
15.2 2.38595 13 0.11246
15.3 2.43095 13 0.11620
15.4 2.47635 13 0.11995
15.5 2.52954 14 0.12371
15.6 2.59157 14 0.12749
15.7 2.65474 14 0.13127
15.8 2.71906 14 0.13507
15.9 2.78455 14 0.13887
16.0 2.85121 14 0.14268
16.1 2.92075 14 0.14646
16.2 2.98989 14 0.15029
16.3 3.06025 14 0.15414
16.4 3.13183 14 0.15799
16.5 3.20465 14 0.16186
16.6 3.27870 14 0.16573
16.7 3.35402 14 0.16961
16.8 3.43060 14 0.17350
16.9 3.50846 14 0.17740
17.0 3.58762 14 0.18131
17.1 3.66808 14 0.18523
17.2 3.74985 14 0.18915
17.3 3.83295 14 0.19309
17.4 3.91739 14 0.19703
17.5 3.99903 14 0.20098
17.6 4.07220 14 0.20494
17.7 4.14615 14 0.20891
17.8 4.22090 14 0.21288
17.9 4.29644 14 0.21686
18.0 4.37277 14 0.22085
18.1 4.44988 14 0.22485
18.2 4.52780 14 0.22886
18.3 4.61069 14 0.23282
18.4 4.69034 14 0.23684
18.5 4.77078 14 0.24087
18.6 4.85203 14 0.24490
18.7 4.95007 14 0.25002
18.8 5.07278 14 0.25673
18.9 5.19761 14 0.26352
19.0 5.32458 14 0.27037
19.1 5.45371 14 0.27728
19.2 5.58504 14 0.28427
19.3 5.71858 14 0.29132
19.4 5.85436 14 0.29845
19.5 5.99240 14 0.30565
19.6 6.13273 14 0.31291
19.7 6.27538 14 0.32025
19.8 6.42036 14 0.32766
19.9 6.56771 14 0.33514
20.0 6.71745 14 0.34270
20.1 6.86960 14 0.35033
20.2 7.02413 14 0.35803
20.3 7.24023 14 0.36595
20.4 7.39918 14 0.37380
20.5 7.56013 14 0.38173
20.6 7.69404 14 0.38862
20.7 7.78633 14 0.39231
20.8 7.87936 14 0.39600
20.9 7.97311 14 0.39971
21.0 8.06758 14 0.40343
21.1 8.16274 14 0.40716
21.2 8.25935 14 0.41089
21.3 8.35603 14 0.41464
21.4 8.44133 14 0.41845
21.5 8.53922 14 0.42222
21.6 8.63785 14 0.42600
21.7 8.73715 14 0.42979
21.8 8.83713 14 0.43360
21.9 8.93784 14 0.43741
22.0 9.04023 14 0.44124
22.1 9.14230 14 0.44508
22.2 9.23149 14 0.44896
22.3 9.33495 14 0.45282
22.4 9.43907 14 0.45670
22.5 9.54393 14 0.46058
22.6 9.64935 14 0.46447
22.7 9.75552 14 0.46838
22.8 9.86351 14 0.47229
22.9 9.97127 14 0.47622
23.0 10.06431 14 0.48019
23.1 10.17333 14 0.48414
23.2 10.28280 14 0.48811
23.3 10.39311 14 0.49208
23.4 10.50413 14 0.49606
23.5 10.61589 14 0.50006
23.6 10.72961 14 0.50407
23.7 10.84292 14 0.50808
23.8 10.93939 14 0.51215
23.9 11.05381 14 0.51619
24.0 11.16896 14 0.52024
24.1 11.28485 14 0.52431
24.2 11.40143 14 0.52839
24.3 11.51868 14 0.53248
24.4 11.63784 14 0.53657
24.5 11.75653 14 0.54069
24.6 11.85670 14 0.54484
24.7 11.97671 14 0.54898
24.8 12.09745 14 0.55312
24.9 12.21885 14 0.55728
25.0 12.34064 14 0.56146
25.1 12.46323 14 0.56564
25.2 12.58763 14 0.56983
25.3 12.71252 14 0.57404
25.4 12.83751 14 0.57826
25.5 12.94161 14 0.58252
25.6 13.06776 14 0.58676
25.7 13.19422 14 0.59102
25.8 13.32156 14 0.59529
25.9 13.44965 14 0.59957
26.0 13.57918 14 0.60386
26.1 13.71032 14 0.60817
26.2 13.84073 14 0.61248
26.3 13.94773 14 0.61684
26.4 14.07890 14 0.62118
26.5 14.21100 14 0.62553
26.6 14.34382 14 0.62990
26.7 14.47738 14 0.63428
26.8 14.61171 14 0.63867
26.9 14.74910 14 0.64308
27.0 14.88491 14 0.64749
27.1 14.99421 14 0.65195
27.2 15.13100 14 0.65639
27.3 15.26852 14 0.66084
27.4 15.40675 14 0.66531
27.5 15.54574 14 0.66979
27.6 15.68528 14 0.67429
27.7 15.82828 14 0.67879
27.8 15.96948 14 0.68331
27.9 16.08099 14 0.68786
28.0 16.22313 14 0.69241
28.1 16.36596 14 0.69697
28.2 16.50956 14 0.70154
28.3 16.65360 14 0.70613
28.4 16.79837 14 0.71072
28.5 16.94704 14 0.71533
28.6 17.09357 14 0.71996
28.7 17.20695 14 0.72461
28.8 17.35431 14 0.72926
28.9 17.50233 14 0.73393
29.0 17.65092 14 0.73860
29.1 17.80014 14 0.74330
29.2 17.95010 14 0.74800
29.3 18.10255 14 0.75272
29.4 18.25608 14 0.75745
29.5 18.37094 14 0.76221
29.6 18.52338 14 0.76697
29.7 18.67631 14 0.77174
29.8 18.82998 14 0.77652
29.9 18.98427 14 0.78132
30.0 19.13929 14 0.78614
30.1 19.29483 14 0.79096
30.2 19.45571 14 0.79580
30.3 19.57192 14 0.80067
30.4 19.72896 14 0.80554
30.5 19.88680 14 0.81042
30.6 20.04536 14 0.81532
30.7 20.20458 14 0.82023
30.8 20.36453 14 0.82515
30.9 20.52511 14 0.83009
31.0 20.69109 14 0.83504
31.1 20.80733 14 0.84002
31.2 20.96978 14 0.84500
31.3 21.13233 14 0.85000
31.4 21.29564 14 0.85500
31.5 21.45956 14 0.86003
31.6 21.62428 14 0.86507
31.7 21.78957 14 0.87012
31.8 21.95686 14 0.87519
31.9 22.12723 14 0.88027
32.0 22.24311 14 0.88537
32.1 22.41086 14 0.89048
32.2 22.57928 14 0.89561
32.3 22.74755 14 0.90075
32.4 22.91674 14 0.90590
32.5 23.08649 14 0.91107
32.6 23.25662 14 0.91626
32.7 23.43340 14 0.92146
32.8 23.54760 14 0.92668
32.9 23.71976 14 0.93191
33.0 23.89253 14 0.93715
33.1 24.06596 14 0.94241
33.2 24.24000 14 0.94768
33.3 24.41389 14 0.95297
33.4 24.58812 14 0.95828
33.5 24.76581 14 0.96360
33.6 24.88107 14 0.96894
33.7 25.05738 14 0.97429
33.8 25.23427 14 0.97965
33.9 25.41181 14 0.98503
34.0 25.58996 14 0.99043
34.1 25.76837 14 0.99584
34.2 25.91597 14 1.00000
34.3 25.96088 14 1.00000
34.4 26.01244 14 1.00000
34.5 25.98502 14 1.00000
34.6 26.02899 14 1.00000
34.7 26.07274 14 1.00000
34.8 26.11623 14 1.00000
34.9 26.15898 14 1.00000
35.0 26.20134 14 1.00000
35.1 26.24343 14 1.00000
35.2 26.15812 14 1.00000
35.3 26.13103 14 1.00000
35.4 26.17340 14 1.00000
35.5 26.21541 14 1.00000
35.6 26.25573 14 1.00000
35.7 26.15645 14 1.00000
35.8 26.19668 14 1.00000
35.9 26.23667 14 1.00000
36.0 26.27625 14 1.00000
36.1 26.17392 14 1.00000
36.2 26.13802 14 1.00000
36.3 26.17792 14 1.00000
36.4 26.21755 14 1.00000
36.5 26.25663 14 1.00000
36.6 25.97597 14 1.00000
36.7 24.63233 14 1.00000
36.8 22.01244 14 1.00000
36.9 20.68384 14 1.00000
37.0 18.27864 14 1.00000
37.1 16.31880 14 1.00000
37.2 13.83407 14 1.00000
37.3 13.85515 14 1.00000
37.4 13.75923 14 1.00000
37.5 13.74897 14 1.00000
37.6 13.71634 14 1.00000
37.7 13.74595 14 1.00000
37.8 13.64586 14 1.00000
37.9 13.54422 14 1.00000
38.0 13.51805 14 1.00000
38.1 13.53088 14 1.00000
38.2 13.49176 14 1.00000
38.3 13.42896 14 1.00000
38.4 13.38098 14 1.00000
38.5 13.34703 14 1.00000
38.6 13.29200 14 1.00000
38.7 13.25492 14 1.00000
38.8 13.21525 14 1.00000
38.9 13.11067 14 0.99576
39.0 13.02018 14 0.99147
39.1 13.07870 14 0.99424
39.2 12.81221 14 0.98155
39.3 12.87364 14 0.98449
39.4 12.63932 14 0.97324
39.5 12.67332 14 0.97488
39.6 12.47620 14 0.96534
39.7 12.46281 14 0.96469
39.8 12.52516 14 0.96772
39.9 12.59158 14 0.97093
40.0 12.65671 14 0.97407
40.1 12.71992 14 0.97712
40.2 12.80692 14 0.98129
40.3 12.90331 14 0.98590
40.4 13.20412 14 1.00000
40.5 13.23872 14 1.00000
40.6 13.27176 14 1.00000
40.7 13.30179 14 1.00000
40.8 13.33273 14 1.00000
40.9 13.36299 14 1.00000
41.0 13.39311 14 1.00000
41.1 13.42243 14 1.00000
41.2 13.45156 14 1.00000
41.3 13.49461 14 1.00000
41.4 13.53768 14 1.00000
41.5 13.59507 14 1.00000
41.6 13.70821 14 1.00000
41.7 13.74287 14 1.00000
41.8 13.77312 14 1.00000
41.9 13.80431 14 1.00000
42.0 13.83522 14 1.00000
42.1 13.86553 14 1.00000
42.2 13.89535 14 1.00000
42.3 13.92461 14 1.00000
42.4 13.96516 14 1.00000
42.5 14.00852 14 1.00000
42.6 14.06559 14 1.00000
42.7 14.12565 14 1.00000
42.8 14.22046 14 1.00000
42.9 14.25475 14 1.00000
43.0 14.28591 14 1.00000
43.1 14.31732 14 1.00000
43.2 14.34838 14 1.00000
43.3 14.37888 14 1.00000
43.4 14.40882 14 1.00000
43.5 14.43886 14 1.00000
43.6 14.49147 14 1.00000
43.7 14.55498 14 1.00000
43.8 14.60991 14 1.00000
43.9 14.65808 14 1.00000
44.0 14.74156 14 1.00000
44.1 14.77831 14 1.00000
44.2 14.80921 14 1.00000
44.3 14.84102 14 1.00000
44.4 14.87273 14 1.00000
44.5 14.90355 14 1.00000
44.6 14.93413 14 1.00000
44.7 14.96354 14 1.00000
44.8 15.00267 14 1.00000
44.9 15.07041 14 1.00000
45.0 15.12935 14 1.00000
45.1 15.18080 14 1.00000
45.2 15.22677 14 1.00000
45.3 15.30882 14 1.00000
45.4 15.34389 14 1.00000
45.5 15.37570 14 1.00000
45.6 15.40793 14 1.00000
45.7 15.43993 14 1.00000
45.8 15.47105 14 1.00000
45.9 15.50179 14 1.00000
46.0 15.53161 14 1.00000
46.1 15.57058 14 1.00000
46.2 15.63934 14 1.00000
46.3 15.69896 14 1.00000
46.4 15.75186 14 1.00000
46.5 15.79907 14 1.00000
46.6 15.84206 14 1.00000
46.7 15.92100 14 1.00000
46.8 15.95396 14 1.00000
46.9 15.98668 14 1.00000
47.0 16.01927 14 1.00000
47.1 16.05128 14 1.00000
47.2 16.08253 14 1.00000
47.3 16.11319 14 1.00000
47.4 16.14408 14 1.00000
47.5 16.18666 14 1.00000
47.6 16.25871 14 1.00000
47.7 16.31742 14 1.00000
47.8 16.37054 14 1.00000
47.9 16.41687 14 1.00000
48.0 16.46431 14 1.00000
48.1 16.50897 14 1.00000
48.2 16.55244 14 1.00000
48.3 16.63327 14 1.00000
48.4 16.68177 14 1.00000
48.5 16.71872 14 1.00000
48.6 16.76823 14 1.00000
48.7 16.80077 14 1.00000
48.8 16.85442 14 1.00000
48.9 16.88347 14 1.00000
49.0 16.93823 14 1.00000
49.1 16.99283 14 1.00000
49.2 17.02252 14 1.00000
49.3 17.08013 14 1.00000
49.4 17.10799 14 1.00000
49.5 17.16743 14 1.00000
49.6 17.19195 14 1.00000
49.7 17.25220 14 1.00000
49.8 17.26493 14 1.00000
49.9 17.33431 14 1.00000
50.0 17.39548 14 1.00000
50.1 17.41747 14 1.00000
50.2 17.48158 14 1.00000
50.3 17.48995 14 1.00000
50.4 17.56075 14 1.00000
50.5 17.62161 14 1.00000
50.6 17.62421 14 1.00000
50.7 17.70436 14 1.00000
50.8 17.71355 14 1.00000
50.9 17.77936 14 1.00000
51.0 17.84402 14 1.00000
51.1 17.84918 14 1.00000
51.2 17.91831 14 1.00000
51.3 17.98163 14 1.00000
51.4 17.98368 14 1.00000
51.5 18.01651 14 1.00000
51.6 18.11719 14 1.00000
51.7 18.11852 14 1.00000
51.8 18.15111 14 1.00000
51.9 18.25071 14 1.00000
52.0 18.25390 14 1.00000
52.1 18.28703 14 1.00000
52.2 18.38521 14 1.00000
52.3 18.38937 14 1.00000
52.4 18.42786 14 1.00000
52.5 18.42921 14 1.00000
52.6 18.52348 14 1.00000
52.7 18.56818 14 1.00000
52.8 18.59681 14 1.00000
52.9 18.59751 14 1.00000
53.0 18.70576 14 1.00000
53.1 18.74549 14 1.00000
53.2 18.76576 14 1.00000
53.3 18.77126 14 1.00000
53.4 18.88687 14 1.00000
53.5 18.92490 14 1.00000
53.6 18.92646 14 1.00000
53.7 18.95379 14 1.00000
53.8 19.06837 14 1.00000
53.9 19.10763 14 1.00000
54.0 19.12929 14 1.00000
54.1 19.13234 14 1.00000
54.2 19.20221 14 1.00000
54.3 19.29307 14 1.00000
54.4 19.32295 14 1.00000
54.5 19.32356 14 1.00000
54.6 19.36880 14 1.00000
54.7 19.40936 14 1.00000
54.8 19.51704 14 1.00000
54.9 19.54020 14 1.00000
55.0 19.54258 14 1.00000
55.1 19.60299 14 1.00000
55.2 19.67347 14 1.00000
55.3 19.74442 14 1.00000
55.4 19.77069 14 1.00000
55.5 19.77420 14 1.00000
55.6 19.82769 14 1.00000
55.7 19.90200 14 1.00000
55.8 19.97721 14 1.00000
55.9 20.01028 14 1.00000
56.0 20.01360 14 1.00000
56.1 20.04212 14 1.00000
56.2 20.11322 14 1.00000
56.3 20.18575 14 1.00000
56.4 20.25100 14 1.00000
56.5 20.28230 14 1.00000
56.6 20.28503 14 1.00000
56.7 20.31647 14 1.00000
56.8 20.38733 14 1.00000
56.9 20.45852 14 1.00000
57.0 20.52892 14 1.00000
57.1 20.56552 14 1.00000
57.2 20.56977 14 1.00000
57.3 20.59131 14 1.00000
57.4 20.64655 14 1.00000
57.5 20.71893 14 1.00000
57.6 20.72721 14 1.00000
57.7 20.85074 14 1.00000
57.8 20.88733 14 1.00000
57.9 20.89326 14 1.00000
58.0 20.91548 14 1.00000
58.1 20.95993 14 1.00000
58.2 21.03318 14 1.00000
58.3 21.05726 14 1.00000
58.4 21.17431 14 1.00000
58.5 21.21799 14 1.00000
58.6 21.25206 14 1.00000
58.7 21.26014 14 1.00000
58.8 21.28208 14 1.00000
58.9 21.32731 14 1.00000
59.0 21.39786 14 1.00000
59.1 21.54650 14 1.00000
59.2 21.54187 14 1.00000
59.3 21.58907 14 1.00000
59.4 21.63144 14 1.00000
59.5 21.66508 14 1.00000
59.6 21.67327 14 1.00000
59.7 21.69415 14 1.00000
59.8 21.74111 14 1.00000
59.9 21.78215 14 1.00000
60.0 21.95225 14 1.00000
60.1 22.01334 14 1.00000
60.2 22.00673 14 1.00000
60.3 22.05389 14 1.00000
60.4 22.09475 14 1.00000
60.5 22.12857 14 1.00000
60.6 22.13849 14 1.00000
60.7 22.16068 14 1.00000
60.8 22.19815 14 1.00000
60.9 22.34189 14 1.00000
61.0 22.40232 14 1.00000
61.1 22.46365 14 1.00000
61.2 22.52218 14 1.00000
61.3 22.51735 14 1.00000
61.4 22.56579 14 1.00000
61.5 22.61006 14 1.00000
61.6 22.64749 14 1.00000
61.7 22.68049 14 1.00000
61.8 22.72481 14 1.00000
61.9 22.76764 14 1.00000
62.0 22.82844 14 1.00000
62.1 22.88877 14 1.00000
62.2 22.94900 14 1.00000
62.3 23.00900 14 1.00000
62.4 23.07067 14 1.00000
62.5 23.13082 14 1.00000
62.6 23.12040 14 1.00000
62.7 23.17275 14 1.00000
62.8 23.21946 14 1.00000
62.9 23.26237 14 1.00000
63.0 23.23066 14 1.00000
63.1 23.27617 14 1.00000
63.2 23.34121 14 1.00000
63.3 23.40390 14 1.00000
63.4 23.46360 14 1.00000
63.5 23.52511 14 1.00000
63.6 23.58304 14 1.00000
63.7 23.64225 14 1.00000
63.8 23.70203 14 1.00000
63.9 23.76239 14 1.00000
64.0 23.81845 14 1.00000
64.1 23.87722 14 1.00000
64.2 23.83614 14 1.00000
64.3 23.90568 14 1.00000
64.4 23.91775 14 1.00000
64.5 23.95324 14 1.00000
64.6 23.98395 14 1.00000
64.7 24.01535 14 1.00000
64.8 24.06113 14 1.00000
64.9 24.10885 14 1.00000
65.0 24.16534 14 1.00000
65.1 24.22681 14 1.00000
65.2 24.28770 14 1.00000
65.3 24.34858 14 1.00000
65.4 24.40481 14 1.00000
65.5 24.46172 14 1.00000
65.6 24.57449 14 1.00000
65.7 24.62931 14 1.00000
65.8 24.69253 14 1.00000
65.9 24.66955 14 1.00000
66.0 24.71838 14 1.00000
66.1 24.77022 14 1.00000
66.2 24.81844 14 1.00000
66.3 24.86460 14 1.00000
66.4 24.90558 14 1.00000
66.5 24.95302 14 1.00000
66.6 24.99465 14 1.00000
66.7 25.03494 14 1.00000
66.8 25.07295 14 1.00000
66.9 25.08643 14 1.00000
67.0 25.12222 14 1.00000
67.1 25.15567 14 1.00000
67.2 25.23346 14 1.00000
67.3 25.35940 14 1.00000
67.4 25.32741 14 1.00000
67.5 25.38402 14 1.00000
67.6 25.43955 14 1.00000
67.7 25.49076 14 1.00000
67.8 25.54726 14 1.00000
67.9 25.59933 14 1.00000
68.0 25.64738 14 1.00000
68.1 25.71053 14 1.00000
68.2 25.76609 14 1.00000
68.3 25.81247 14 1.00000
68.4 25.87148 14 1.00000
68.5 25.92979 14 1.00000
68.6 25.98592 14 1.00000
68.7 26.03422 14 1.00000
68.8 26.09002 14 1.00000
68.9 26.14690 14 1.00000
69.0 26.20103 14 1.00000
69.1 26.24506 14 1.00000
69.2 26.25709 14 1.00000
69.3 26.21943 14 1.00000
69.4 26.33137 14 1.00000
69.5 26.37309 14 1.00000
69.6 26.42918 14 1.00000
69.7 26.47392 14 1.00000
69.8 26.51668 14 1.00000
69.9 26.56311 14 1.00000
70.0 26.60811 14 1.00000
70.1 26.64961 14 1.00000
70.2 26.69467 14 1.00000
70.3 26.73984 14 1.00000
70.4 26.78055 14 1.00000
70.5 26.79557 14 1.00000
70.6 26.83889 14 1.00000
70.7 26.88201 14 1.00000
70.8 26.92474 14 1.00000
70.9 26.96753 14 1.00000
71.0 27.01015 14 1.00000
71.1 27.12040 14 1.00000
71.2 27.24092 14 1.00000
71.3 27.13497 14 1.00000
71.4 27.18264 14 1.00000
71.5 27.23034 14 1.00000
71.6 27.27803 14 1.00000
71.7 27.32574 14 1.00000
71.8 27.37347 14 1.00000
71.9 27.42121 14 1.00000
72.0 27.46896 14 1.00000
72.1 27.51671 14 1.00000
72.2 27.56444 14 1.00000
72.3 27.61218 14 1.00000
72.4 27.65995 14 1.00000
72.5 27.70994 14 1.00000
72.6 27.76100 14 1.00000
72.7 27.81673 14 1.00000
72.8 27.87215 14 1.00000
72.9 27.92722 14 1.00000
73.0 27.98186 14 1.00000
73.1 28.03559 14 1.00000
73.2 28.08878 14 1.00000
73.3 28.14162 14 1.00000
73.4 28.18962 14 1.00000
73.5 28.22913 14 1.00000
73.6 28.28806 14 1.00000
73.7 28.34260 14 1.00000
73.8 28.39510 14 1.00000
73.9 28.44076 14 1.00000
74.0 28.48158 14 1.00000
74.1 28.53986 14 1.00000
74.2 28.59318 14 1.00000
74.3 28.64051 14 1.00000
74.4 28.68773 14 1.00000
74.5 28.71764 14 1.00000
74.6 28.72958 14 1.00000
74.7 28.71700 14 1.00000
74.8 28.82060 14 1.00000
74.9 28.97629 14 1.00000
75.0 29.00975 14 1.00000
75.1 29.05643 14 1.00000
75.2 29.10133 14 1.00000
75.3 29.14811 14 1.00000
75.4 29.19447 14 1.00000
75.5 29.23489 14 1.00000
75.6 29.28488 14 1.00000
75.7 29.33700 14 1.00000
75.8 29.38599 14 1.00000
75.9 29.43423 14 1.00000
76.0 29.48236 14 1.00000
76.1 29.53024 14 1.00000
76.2 29.57746 14 1.00000
76.3 29.62406 14 1.00000
76.4 29.67052 14 1.00000
76.5 29.71716 14 1.00000
76.6 29.76267 14 1.00000
76.7 29.80819 14 1.00000
76.8 29.85004 14 1.00000
76.9 29.86523 14 1.00000
77.0 29.89630 14 1.00000
77.1 30.01180 14 1.00000
77.2 30.04593 14 1.00000
77.3 30.10140 14 1.00000
77.4 30.14826 14 1.00000
77.5 30.18519 14 1.00000
77.6 30.22572 14 1.00000
77.7 30.28264 14 1.00000
77.8 30.33248 14 1.00000
77.9 30.37703 14 1.00000
78.0 30.41689 14 1.00000
78.1 30.46463 14 1.00000
78.2 30.51527 14 1.00000
78.3 30.53288 14 1.00000
78.4 30.53982 14 1.00000
78.5 30.48971 14 1.00000
78.6 30.70987 14 1.00000
78.7 30.75495 14 1.00000
78.8 30.78625 14 1.00000
78.9 30.84701 14 1.00000
79.0 30.88436 14 1.00000
79.1 30.93159 14 1.00000
79.2 30.97503 14 1.00000
79.3 31.01867 14 1.00000
79.4 31.06220 14 1.00000
79.5 31.10027 14 1.00000
79.6 31.15186 14 1.00000
79.7 31.18864 14 1.00000
79.8 31.23711 14 1.00000
79.9 31.28312 14 1.00000
80.0 31.32093 14 1.00000
80.1 31.36489 14 1.00000
80.2 31.40002 14 1.00000
80.3 31.43267 14 1.00000
80.4 31.46288 14 1.00000
80.5 31.46981 14 1.00000
80.6 31.48294 14 1.00000
80.7 31.67815 14 1.00000
80.8 31.70447 14 1.00000
80.9 31.74422 14 1.00000
81.0 31.77231 14 1.00000
81.1 31.83068 14 1.00000
81.2 31.87616 14 1.00000
81.3 31.91289 14 1.00000
81.4 31.94327 14 1.00000
81.5 31.99900 14 1.00000
81.6 32.04502 14 1.00000
81.7 32.08774 14 1.00000
81.8 32.12693 14 1.00000
81.9 32.16535 14 1.00000
82.0 32.16412 14 1.00000
82.1 32.32924 14 1.00000
82.2 32.30016 14 1.00000
82.3 32.33657 14 1.00000
82.4 32.37196 14 1.00000
82.5 32.40888 14 1.00000
82.6 32.44744 14 1.00000
82.7 32.49117 14 1.00000
82.8 32.53505 14 1.00000
82.9 32.79527 14 1.00000
83.0 32.63144 14 1.00000
83.1 32.67941 14 1.00000
83.2 32.72767 14 1.00000
83.3 32.77729 14 1.00000
83.4 32.83153 14 1.00000
83.5 32.89264 14 1.00000
83.6 32.95765 14 1.00000
83.7 33.02146 14 1.00000
83.8 33.08443 14 1.00000
83.9 33.14585 14 1.00000
84.0 33.20403 14 1.00000
84.1 33.25522 14 1.00000
84.2 33.30418 14 1.00000
84.3 33.36853 14 1.00000
84.4 33.42649 14 1.00000
84.5 33.47399 14 1.00000
84.6 33.51464 14 1.00000
84.7 33.57832 14 1.00000
84.8 33.63543 14 1.00000
84.9 33.71452 14 1.00000
85.0 33.75487 14 1.00000
85.1 33.81157 14 1.00000
85.2 33.87000 14 1.00000
85.3 33.91897 14 1.00000
85.4 33.96741 14 1.00000
85.5 34.00428 14 1.00000
85.6 34.04852 14 1.00000
85.7 34.09747 14 1.00000
85.8 34.15199 14 1.00000
85.9 34.21321 14 1.00000
86.0 34.26370 14 1.00000
86.1 34.31020 14 1.00000
86.2 34.40666 14 1.00000
86.3 34.24221 14 1.00000
86.4 34.44858 14 1.00000
86.5 34.49509 14 1.00000
86.6 34.51892 14 1.00000
86.7 34.67026 14 1.00000
86.8 34.69759 14 1.00000
86.9 34.75122 14 1.00000
87.0 34.80265 14 1.00000
87.1 34.85176 14 1.00000
87.2 34.89158 14 1.00000
87.3 34.93133 14 1.00000
87.4 34.95436 14 1.00000
87.5 35.01089 14 1.00000
87.6 35.05932 14 1.00000
87.7 35.07158 14 1.00000
87.8 35.12881 14 1.00000
87.9 35.16144 14 1.00000
88.0 35.13335 14 1.00000
88.1 35.27098 14 1.00000
88.2 35.31428 14 1.00000
88.3 35.34223 14 1.00000
88.4 35.39587 14 1.00000
88.5 35.40668 14 1.00000
88.6 35.43145 14 1.00000
88.7 35.48923 14 1.00000
88.8 35.55143 14 1.00000
88.9 35.59398 14 1.00000
89.0 35.62839 14 1.00000
89.1 35.66353 14 1.00000
89.2 35.69844 14 1.00000
89.3 35.73348 14 1.00000
89.4 35.95006 14 1.00000
89.5 35.97881 14 1.00000
89.6 36.01146 14 1.00000
89.7 36.01478 14 1.00000
89.8 36.06328 14 1.00000
89.9 36.11612 14 1.00000
90.0 36.17138 14 1.00000
90.1 36.25856 14 1.00000
90.2 36.29269 14 1.00000
90.3 36.32973 14 1.00000
90.4 36.41000 14 1.00000
90.5 36.46511 14 1.00000
90.6 36.51311 14 1.00000
90.7 36.58007 14 1.00000
90.8 36.62947 14 1.00000
90.9 36.66317 14 1.00000
91.0 36.75767 14 1.00000
91.1 36.81865 14 1.00000
91.2 36.86603 14 1.00000
91.3 36.89478 14 1.00000
91.4 36.95769 14 1.00000
91.5 37.01060 14 1.00000
91.6 37.05687 14 1.00000
91.7 37.09626 14 1.00000
91.8 37.17119 14 1.00000
91.9 37.11942 14 1.00000
92.0 37.26160 14 1.00000
92.1 37.31053 14 1.00000
92.2 37.36390 14 1.00000
92.3 37.38770 14 1.00000
92.4 37.45596 14 1.00000
92.5 37.57590 14 1.00000
92.6 37.61524 14 1.00000
92.7 37.66616 14 1.00000
92.8 37.71312 14 1.00000
92.9 37.76134 14 1.00000
93.0 37.80219 14 1.00000
93.1 37.84241 14 1.00000
93.2 37.86604 14 1.00000
93.3 37.91276 14 1.00000
93.4 37.95911 14 1.00000
93.5 37.96499 14 1.00000
93.6 37.99899 14 1.00000
93.7 38.03283 14 1.00000
93.8 38.13831 14 1.00000
93.9 38.16728 14 1.00000
94.0 38.21930 14 1.00000
94.1 38.25840 14 1.00000
94.2 38.27565 14 1.00000
94.3 38.33248 14 1.00000
94.4 38.35986 14 1.00000
94.5 38.38330 14 1.00000
94.6 38.44610 14 1.00000
94.7 38.47721 14 1.00000
94.8 38.49478 14 1.00000
94.9 38.54499 14 1.00000
95.0 38.62466 14 1.00000
95.1 38.71483 14 1.00000
95.2 38.79745 14 1.00000
95.3 38.91279 14 1.00000
95.4 38.94903 14 1.00000
95.5 38.98311 14 1.00000
95.6 39.06013 14 1.00000
95.7 39.17823 14 1.00000
95.8 39.19576 14 1.00000
95.9 39.20824 14 1.00000
96.0 39.29477 14 1.00000
96.1 39.35178 14 1.00000
96.2 39.44047 14 1.00000
96.3 39.45220 14 1.00000
96.4 39.53423 14 1.00000
96.5 39.59097 14 1.00000
96.6 39.64474 14 1.00000
96.7 39.67638 14 1.00000
96.8 39.72285 14 1.00000
96.9 39.77969 14 1.00000
97.0 39.85100 14 1.00000
97.1 39.90685 14 1.00000
97.2 39.96073 14 1.00000
97.3 40.02294 14 1.00000
97.4 40.04899 14 1.00000
97.5 40.05614 14 1.00000
97.6 40.13359 14 1.00000
97.7 40.19737 14 1.00000
97.8 40.22771 14 1.00000
97.9 40.32159 14 1.00000
98.0 40.41605 14 1.00000
98.1 40.42981 14 1.00000
98.2 40.50000 14 1.00000
98.3 40.50000 14 1.00000
98.4 40.50000 14 1.00000
98.5 40.50000 14 1.00000
98.6 40.50000 14 1.00000
98.7 40.50000 14 1.00000
98.8 40.50000 14 1.00000
98.9 40.50000 14 1.00000
99.0 40.50000 14 1.00000
99.1 40.50000 14 1.00000
99.2 40.50000 14 1.00000
99.3 40.50000 14 1.00000
99.4 40.50000 14 1.00000
99.5 40.50000 14 1.00000
99.6 40.50000 14 1.00000
99.7 40.50000 14 1.00000
99.8 40.50000 14 1.00000
99.9 40.50000 14 1.00000
100.0 40.50000 14 1.00000
100.1 40.50000 14 1.00000
100.2 40.50000 14 1.00000
100.3 40.50000 14 1.00000
100.4 40.50000 14 1.00000
100.5 40.50000 14 1.00000
100.6 40.50000 14 1.00000
100.7 40.50000 14 1.00000
100.8 40.50000 14 1.00000
100.9 40.50000 14 1.00000
101.0 40.50000 14 1.00000
101.1 40.50000 14 1.00000
101.2 40.50000 14 1.00000
101.3 40.50000 14 1.00000
101.4 40.50000 14 1.00000
101.5 40.50000 14 1.00000
101.6 40.50000 14 1.00000
101.7 40.50000 14 1.00000
101.8 40.50000 14 1.00000
101.9 40.50000 14 1.00000
102.0 40.50000 14 1.00000
102.1 40.50000 14 1.00000
102.2 40.50000 14 1.00000
102.3 40.50000 14 1.00000
102.4 40.50000 14 1.00000
102.5 40.50000 14 1.00000
102.6 40.50000 14 1.00000
102.7 40.50000 14 1.00000
102.8 40.50000 14 1.00000
102.9 40.50000 14 1.00000
103.0 40.50000 14 1.00000
103.1 40.50000 14 1.00000
103.2 40.50000 14 1.00000
103.3 40.50000 14 1.00000
103.4 40.50000 14 1.00000
103.5 40.50000 14 1.00000
103.6 40.50000 14 1.00000
103.7 40.50000 14 1.00000
103.8 40.50000 14 1.00000
103.9 40.50000 14 1.00000
104.0 40.50000 14 1.00000
104.1 40.50000 14 1.00000
104.2 40.50000 14 1.00000
104.3 40.50000 14 1.00000
104.4 40.50000 14 1.00000
104.5 40.50000 14 1.00000
104.6 40.50000 14 1.00000
104.7 40.50000 14 1.00000
104.8 40.50000 14 1.00000
104.9 40.50000 14 1.00000
105.0 40.50000 14 1.00000
105.1 40.50000 14 1.00000
105.2 40.50000 14 1.00000
105.3 40.50000 14 1.00000
105.4 40.50000 14 1.00000
105.5 40.50000 14 1.00000
105.6 40.50000 14 1.00000
105.7 40.50000 14 1.00000
105.8 40.50000 14 1.00000
105.9 40.50000 14 1.00000
106.0 40.50000 14 1.00000
106.1 40.50000 14 1.00000
106.2 40.50000 14 1.00000
106.3 40.50000 14 1.00000
106.4 40.50000 14 1.00000
106.5 40.50000 14 1.00000
106.6 40.50000 14 1.00000
106.7 40.50000 14 1.00000
106.8 40.50000 14 1.00000
106.9 40.50000 14 1.00000
107.0 40.50000 14 1.00000
107.1 40.50000 14 1.00000
107.2 40.50000 14 1.00000
107.3 40.50000 14 1.00000
107.4 40.50000 14 1.00000
107.5 40.50000 14 1.00000
107.6 40.50000 14 1.00000
107.7 40.50000 14 1.00000
107.8 40.50000 14 1.00000
107.9 40.50000 14 1.00000
108.0 40.50000 14 1.00000
108.1 40.50000 14 1.00000
108.2 40.50000 14 1.00000
108.3 40.50000 14 1.00000
108.4 40.50000 14 1.00000
108.5 40.50000 14 1.00000
108.6 40.50000 14 1.00000
108.7 40.50000 14 1.00000
108.8 40.50000 14 1.00000
108.9 40.50000 14 1.00000
109.0 40.50000 14 1.00000
109.1 40.50000 14 1.00000
109.2 40.50000 14 1.00000
109.3 40.50000 14 1.00000
109.4 40.50000 14 1.00000
109.5 40.50000 14 1.00000
109.6 40.50000 14 1.00000
109.7 40.50000 14 1.00000
109.8 40.50000 14 1.00000
109.9 40.50000 14 1.00000
110.0 40.50000 14 1.00000
110.1 40.50000 14 1.00000
110.2 40.50000 14 1.00000
110.3 40.50000 14 1.00000
110.4 40.50000 14 1.00000
110.5 40.50000 14 1.00000
110.6 40.50000 14 1.00000
110.7 40.50000 14 1.00000
110.8 40.50000 14 1.00000
110.9 40.50000 14 1.00000
111.0 40.50000 14 1.00000
111.1 40.50000 14 1.00000
111.2 40.50000 14 1.00000
111.3 40.50000 14 1.00000
111.4 40.50000 14 1.00000
111.5 40.50000 14 1.00000
111.6 40.50000 14 1.00000
111.7 40.50000 14 1.00000
111.8 40.50000 14 1.00000
111.9 40.50000 14 1.00000
112.0 40.50000 14 1.00000
112.1 40.50000 14 1.00000
112.2 40.50000 14 1.00000
112.3 40.50000 14 1.00000
112.4 40.50000 14 1.00000
112.5 40.50000 14 1.00000
112.6 40.50000 14 1.00000
112.7 40.50000 14 1.00000
112.8 40.50000 14 1.00000
112.9 40.50000 14 1.00000
113.0 40.50000 14 1.00000
113.1 40.50000 14 1.00000
113.2 40.50000 14 1.00000
113.3 40.50000 14 1.00000
113.4 40.50000 14 1.00000
113.5 40.50000 14 1.00000
113.6 40.50000 14 1.00000
113.7 40.50000 14 1.00000
113.8 40.50000 14 1.00000
113.9 40.50000 14 1.00000
114.0 40.50000 14 1.00000
114.1 40.50000 14 1.00000
114.2 40.50000 14 1.00000
114.3 40.50000 14 1.00000
114.4 40.50000 14 1.00000
114.5 40.50000 14 1.00000
114.6 40.50000 14 1.00000
114.7 40.50000 14 1.00000
114.8 40.50000 14 1.00000
114.9 40.50000 14 1.00000
115.0 40.50000 14 1.00000
115.1 40.50000 14 1.00000
115.2 40.50000 14 1.00000
115.3 40.50000 14 1.00000
115.4 40.50000 14 1.00000
115.5 40.50000 14 1.00000
115.6 40.50000 14 1.00000
115.7 40.50000 14 1.00000
115.8 40.50000 14 1.00000
115.9 40.50000 14 1.00000
116.0 40.50000 14 1.00000
116.1 40.50000 14 1.00000
116.2 40.50000 14 1.00000
116.3 40.50000 14 1.00000
116.4 40.50000 14 1.00000
116.5 40.50000 14 1.00000
116.6 40.50000 14 1.00000
116.7 40.50000 14 1.00000
116.8 40.50000 14 1.00000
116.9 40.50000 14 1.00000
117.0 40.50000 14 1.00000
117.1 40.50000 14 1.00000
117.2 40.50000 14 1.00000
117.3 40.50000 14 1.00000
117.4 40.50000 14 1.00000
117.5 40.50000 14 1.00000
117.6 40.50000 14 1.00000
117.7 40.50000 14 1.00000
117.8 40.50000 14 1.00000
117.9 40.50000 14 1.00000
118.0 40.50000 14 1.00000
118.1 40.50000 14 1.00000
118.2 40.50000 14 1.00000
118.3 40.50000 14 1.00000
118.4 40.50000 14 1.00000
118.5 40.50000 14 1.00000
118.6 40.50000 14 1.00000
118.7 40.50000 14 1.00000
118.8 40.50000 14 1.00000
118.9 40.50000 14 1.00000
119.0 40.50000 14 1.00000
119.1 40.50000 14 1.00000
119.2 40.50000 14 1.00000
119.3 40.50000 14 1.00000
119.4 40.50000 14 1.00000
119.5 40.50000 14 1.00000
119.6 40.50000 14 1.00000
119.7 40.50000 14 1.00000
119.8 40.50000 14 1.00000
119.9 40.50000 14 1.00000
120.0 40.50000 14 1.00000
120.1 40.50000 14 1.00000
120.2 40.50000 14 1.00000
120.3 40.50000 14 1.00000
120.4 40.50000 14 1.00000
120.5 40.50000 14 1.00000
120.6 40.50000 14 1.00000
120.7 40.50000 14 1.00000
120.8 40.50000 14 1.00000
120.9 40.50000 14 1.00000
121.0 40.50000 14 1.00000
121.1 40.50000 14 1.00000
121.2 40.50000 14 1.00000
121.3 40.50000 14 1.00000
121.4 40.50000 14 1.00000
121.5 40.50000 14 1.00000
121.6 40.50000 14 1.00000
121.7 40.50000 14 1.00000
121.8 40.50000 14 1.00000
121.9 40.50000 14 1.00000
122.0 40.50000 14 1.00000
122.1 40.50000 14 1.00000
122.2 40.50000 14 1.00000
122.3 40.50000 14 1.00000
122.4 40.50000 14 1.00000
122.5 40.50000 14 1.00000
122.6 40.50000 14 1.00000
122.7 40.50000 14 1.00000
122.8 40.50000 14 1.00000
122.9 40.50000 14 1.00000
123.0 40.50000 14 1.00000
123.1 40.50000 14 1.00000
123.2 40.50000 14 1.00000
123.3 40.50000 14 1.00000
123.4 40.50000 14 1.00000
123.5 40.50000 14 1.00000
123.6 40.50000 14 1.00000
123.7 40.50000 14 1.00000
123.8 40.50000 14 1.00000
123.9 40.50000 14 1.00000
124.0 40.50000 14 1.00000
124.1 40.50000 14 1.00000
124.2 40.50000 14 1.00000
124.3 40.50000 14 1.00000
124.4 40.50000 14 1.00000
124.5 40.50000 14 1.00000
124.6 40.50000 14 1.00000
124.7 40.50000 14 1.00000
124.8 40.50000 14 1.00000
124.9 40.50000 14 1.00000
125.0 40.50000 14 1.00000
125.1 40.50000 14 1.00000
125.2 40.50000 14 1.00000
125.3 40.50000 14 1.00000
125.4 40.50000 14 1.00000
125.5 40.50000 14 1.00000
125.6 40.50000 14 1.00000
125.7 40.50000 14 1.00000
125.8 40.50000 14 1.00000
125.9 40.50000 14 1.00000
126.0 40.50000 14 1.00000
126.1 40.50000 14 1.00000
126.2 40.50000 14 1.00000
126.3 40.50000 14 1.00000
126.4 40.50000 14 1.00000
126.5 40.50000 14 1.00000
126.6 40.50000 14 1.00000
126.7 40.50000 14 1.00000
126.8 40.50000 14 1.00000
126.9 40.50000 14 1.00000
127.0 40.50000 14 1.00000
127.1 40.50000 14 1.00000
127.2 40.50000 14 1.00000
127.3 40.50000 14 1.00000
127.4 40.50000 14 1.00000
127.5 40.50000 14 1.00000
127.6 40.50000 14 1.00000
127.7 40.50000 14 1.00000
127.8 40.50000 14 1.00000
127.9 40.50000 14 1.00000
128.0 40.50000 14 1.00000
128.1 40.50000 14 1.00000
128.2 40.50000 14 1.00000
128.3 40.50000 14 1.00000
128.4 40.50000 14 1.00000
128.5 40.50000 14 1.00000
128.6 40.50000 14 1.00000
128.7 40.50000 14 1.00000
128.8 40.50000 14 1.00000
128.9 40.50000 14 1.00000
129.0 40.50000 14 1.00000
129.1 40.50000 14 1.00000
129.2 40.50000 14 1.00000
129.3 40.50000 14 1.00000
129.4 40.50000 14 1.00000
129.5 40.50000 14 1.00000
129.6 40.50000 14 1.00000
129.7 40.50000 14 1.00000
129.8 40.50000 14 1.00000
129.9 40.50000 14 1.00000
130.0 40.50000 14 1.00000
130.1 40.50000 14 1.00000
130.2 40.50000 14 1.00000
130.3 40.50000 14 1.00000
130.4 40.50000 14 1.00000
130.5 40.50000 14 1.00000
130.6 40.50000 14 1.00000
130.7 40.50000 14 1.00000
130.8 40.50000 14 1.00000
130.9 40.50000 14 1.00000
131.0 40.50000 14 1.00000
131.1 40.50000 14 1.00000
131.2 40.50000 14 1.00000
131.3 40.50000 14 1.00000
131.4 40.50000 14 1.00000
131.5 40.50000 14 1.00000
131.6 40.50000 14 1.00000
131.7 40.50000 14 1.00000
131.8 40.50000 14 1.00000
131.9 40.50000 14 1.00000
132.0 40.50000 14 1.00000
132.1 40.50000 14 1.00000
132.2 40.50000 14 1.00000
132.3 40.50000 14 1.00000
132.4 40.50000 14 1.00000
132.5 40.50000 14 1.00000
132.6 40.50000 14 1.00000
132.7 40.50000 14 1.00000
132.8 40.50000 14 1.00000
132.9 40.50000 14 1.00000
133.0 40.50000 14 1.00000
133.1 40.50000 14 1.00000
133.2 40.50000 14 1.00000
133.3 40.50000 14 1.00000
133.4 40.50000 14 1.00000
133.5 40.50000 14 1.00000
133.6 40.50000 14 1.00000
133.7 40.50000 14 1.00000
133.8 40.50000 14 1.00000
133.9 40.50000 14 1.00000
134.0 40.50000 14 1.00000
134.1 40.50000 14 1.00000
134.2 40.50000 14 1.00000
134.3 40.50000 14 1.00000
134.4 40.50000 14 1.00000
134.5 40.50000 14 1.00000
134.6 40.50000 14 1.00000
134.7 40.50000 14 1.00000
134.8 40.50000 14 1.00000
134.9 40.50000 14 1.00000
135.0 40.50000 14 1.00000
135.1 40.50000 14 1.00000
135.2 40.50000 14 1.00000
135.3 40.50000 14 1.00000
135.4 40.50000 14 1.00000
135.5 40.50000 14 1.00000
135.6 40.50000 14 1.00000
135.7 40.50000 14 1.00000
135.8 40.50000 14 1.00000
135.9 40.50000 14 1.00000
136.0 40.50000 14 1.00000
136.1 40.50000 14 1.00000
136.2 40.50000 14 1.00000
136.3 40.50000 14 1.00000
136.4 40.50000 14 1.00000
136.5 40.50000 14 1.00000
136.6 40.50000 14 1.00000
136.7 40.50000 14 1.00000
136.8 40.50000 14 1.00000
136.9 40.50000 14 1.00000
137.0 40.50000 14 1.00000
137.1 40.50000 14 1.00000
137.2 40.50000 14 1.00000
137.3 40.50000 14 1.00000
137.4 40.50000 14 1.00000
137.5 40.50000 14 1.00000
137.6 40.50000 14 1.00000
137.7 40.50000 14 1.00000
137.8 40.50000 14 1.00000
137.9 40.50000 14 1.00000
138.0 40.50000 14 1.00000
138.1 40.50000 14 1.00000
138.2 40.50000 14 1.00000
138.3 40.50000 14 1.00000
138.4 40.50000 14 1.00000
138.5 40.50000 14 1.00000
138.6 40.50000 14 1.00000
138.7 40.50000 14 1.00000
138.8 40.50000 14 1.00000
138.9 40.50000 14 1.00000
139.0 40.50000 14 1.00000
139.1 40.50000 14 1.00000
139.2 40.50000 14 1.00000
139.3 40.50000 14 1.00000
139.4 40.50000 14 1.00000
139.5 40.50000 14 1.00000
139.6 40.50000 14 1.00000
139.7 40.50000 14 1.00000
139.8 40.50000 14 1.00000
139.9 40.50000 14 1.00000
140.0 40.50000 14 1.00000
140.1 40.50000 14 1.00000
140.2 40.50000 14 1.00000
140.3 40.50000 14 1.00000
140.4 40.50000 14 1.00000
140.5 40.50000 14 1.00000
140.6 40.50000 14 1.00000
140.7 40.50000 14 1.00000
140.8 40.50000 14 1.00000
140.9 40.50000 14 1.00000
141.0 40.50000 14 1.00000
141.1 40.50000 14 1.00000
141.2 40.50000 14 1.00000
141.3 40.50000 14 1.00000
141.4 40.50000 14 1.00000
141.5 40.50000 14 1.00000
141.6 40.50000 14 1.00000
141.7 40.50000 14 1.00000
141.8 40.50000 14 1.00000
141.9 40.50000 14 1.00000
142.0 40.50000 14 1.00000
142.1 40.50000 14 1.00000
142.2 40.50000 14 1.00000
142.3 40.50000 14 1.00000
142.4 40.50000 14 1.00000
142.5 40.50000 14 1.00000
142.6 40.50000 14 1.00000
142.7 40.50000 14 1.00000
142.8 40.50000 14 1.00000
142.9 40.50000 14 1.00000
143.0 40.50000 14 1.00000
143.1 40.50000 14 1.00000
143.2 40.50000 14 1.00000
143.3 40.50000 14 1.00000
143.4 40.50000 14 1.00000
143.5 40.50000 14 1.00000
143.6 40.50000 14 1.00000
143.7 40.50000 14 1.00000
143.8 40.50000 14 1.00000
143.9 40.50000 14 1.00000
144.0 40.50000 14 1.00000
144.1 40.50000 14 1.00000
144.2 40.50000 14 1.00000
144.3 40.50000 14 1.00000
144.4 40.50000 14 1.00000
144.5 40.50000 14 1.00000
144.6 40.50000 14 1.00000
144.7 40.50000 14 1.00000
144.8 40.50000 14 1.00000
144.9 40.50000 14 1.00000
145.0 40.50000 14 1.00000
145.1 40.50000 14 1.00000
145.2 40.50000 14 1.00000
145.3 40.50000 14 1.00000
145.4 40.50000 14 1.00000
145.5 40.50000 14 1.00000
145.6 40.50000 14 1.00000
145.7 40.50000 14 1.00000
145.8 40.50000 14 1.00000
145.9 40.50000 14 1.00000
146.0 40.50000 14 1.00000
146.1 40.50000 14 1.00000
146.2 40.50000 14 1.00000
146.3 40.50000 14 1.00000
146.4 40.50000 14 1.00000
146.5 40.50000 14 1.00000
146.6 40.50000 14 1.00000
146.7 40.50000 14 1.00000
146.8 40.50000 14 1.00000
146.9 40.50000 14 1.00000
147.0 40.50000 14 1.00000
147.1 40.50000 14 1.00000
147.2 40.50000 14 1.00000
147.3 40.50000 14 1.00000
147.4 40.50000 14 1.00000
147.5 40.50000 14 1.00000
147.6 40.50000 14 1.00000
147.7 40.50000 14 1.00000
147.8 40.50000 14 1.00000
147.9 40.50000 14 1.00000
148.0 40.50000 14 1.00000
148.1 40.50000 14 1.00000
148.2 40.50000 14 1.00000
148.3 40.50000 14 1.00000
148.4 40.50000 14 1.00000
148.5 40.50000 14 1.00000
148.6 40.50000 14 1.00000
148.7 40.50000 14 1.00000
148.8 40.50000 14 1.00000
148.9 40.50000 14 1.00000
149.0 40.50000 14 1.00000
149.1 40.50000 14 1.00000
149.2 40.50000 14 1.00000
149.3 40.50000 14 1.00000
149.4 40.50000 14 1.00000
149.5 40.50000 14 1.00000
149.6 40.50000 14 1.00000
149.7 40.50000 14 1.00000
149.8 40.50000 14 1.00000
149.9 40.50000 14 1.00000
150.0 40.50000 14 1.00000
150.1 40.50000 14 1.00000
150.2 40.50000 14 1.00000
150.3 40.50000 14 1.00000
150.4 40.50000 14 1.00000
150.5 40.50000 14 1.00000
150.6 40.50000 14 1.00000
150.7 40.50000 14 1.00000
150.8 40.50000 14 1.00000
150.9 40.50000 14 1.00000
151.0 40.50000 14 1.00000
151.1 40.50000 14 1.00000
151.2 40.50000 14 1.00000
151.3 40.50000 14 1.00000
151.4 40.50000 14 1.00000
151.5 40.50000 14 1.00000
151.6 40.50000 14 1.00000
151.7 40.50000 14 1.00000
151.8 40.50000 14 1.00000
151.9 40.50000 14 1.00000
152.0 40.50000 14 1.00000
152.1 40.50000 14 1.00000
152.2 40.50000 14 1.00000
152.3 40.50000 14 1.00000
152.4 40.50000 14 1.00000
152.5 40.50000 14 1.00000
152.6 40.50000 14 1.00000
152.7 40.50000 14 1.00000
152.8 40.50000 14 1.00000
152.9 40.50000 14 1.00000
153.0 40.50000 14 1.00000
153.1 40.50000 14 1.00000
153.2 40.50000 14 1.00000
153.3 40.50000 14 1.00000
153.4 40.50000 14 1.00000
153.5 40.50000 14 1.00000
153.6 40.50000 14 1.00000
153.7 40.50000 14 1.00000
153.8 40.50000 14 1.00000
153.9 40.50000 14 1.00000
154.0 40.50000 14 1.00000
154.1 40.50000 14 1.00000
154.2 40.50000 14 1.00000
154.3 40.50000 14 1.00000
154.4 40.50000 14 1.00000
154.5 40.50000 14 1.00000
154.6 40.50000 14 1.00000
154.7 40.50000 14 1.00000
154.8 40.50000 14 1.00000
154.9 40.50000 14 1.00000
155.0 40.50000 14 1.00000
155.1 40.50000 14 1.00000
155.2 40.50000 14 1.00000
155.3 40.50000 14 1.00000
155.4 40.50000 14 1.00000
155.5 40.50000 14 1.00000
155.6 40.50000 14 1.00000
155.7 40.50000 14 1.00000
155.8 40.50000 14 1.00000
155.9 40.50000 14 1.00000
156.0 40.50000 14 1.00000
156.1 40.50000 14 1.00000
156.2 40.50000 14 1.00000
156.3 40.50000 14 1.00000
156.4 40.50000 14 1.00000
156.5 40.50000 14 1.00000
156.6 40.50000 14 1.00000
156.7 40.50000 14 1.00000
156.8 40.50000 14 1.00000
156.9 40.50000 14 1.00000
157.0 40.50000 14 1.00000
157.1 40.50000 14 1.00000
157.2 40.50000 14 1.00000
157.3 40.50000 14 1.00000
157.4 40.50000 14 1.00000
157.5 40.50000 14 1.00000
157.6 40.50000 14 1.00000
157.7 40.50000 14 1.00000
157.8 40.50000 14 1.00000
157.9 40.50000 14 1.00000
158.0 40.50000 14 1.00000
158.1 40.50000 14 1.00000
158.2 40.50000 14 1.00000
158.3 40.50000 14 1.00000
158.4 40.50000 14 1.00000
158.5 40.50000 14 1.00000
158.6 40.50000 14 1.00000
158.7 40.50000 14 1.00000
158.8 40.50000 14 1.00000
158.9 40.50000 14 1.00000
159.0 40.50000 14 1.00000
159.1 40.50000 14 1.00000
159.2 40.50000 14 1.00000
159.3 40.50000 14 1.00000
159.4 40.50000 14 1.00000
159.5 40.50000 14 1.00000
159.6 40.50000 14 1.00000
159.7 40.50000 14 1.00000
159.8 40.50000 14 1.00000
159.9 40.50000 14 1.00000
160.0 40.50000 14 1.00000
160.1 40.50000 14 1.00000
160.2 40.50000 14 1.00000
160.3 40.50000 14 1.00000
160.4 40.50000 14 1.00000
160.5 40.50000 14 1.00000
160.6 40.50000 14 1.00000
160.7 40.50000 14 1.00000
160.8 40.50000 14 1.00000
160.9 40.50000 14 1.00000
161.0 40.50000 14 1.00000
161.1 40.50000 14 1.00000
161.2 40.50000 14 1.00000
161.3 40.50000 14 1.00000
161.4 40.50000 14 1.00000
161.5 40.50000 14 1.00000
161.6 40.50000 14 1.00000
161.7 40.50000 14 1.00000
161.8 40.50000 14 1.00000
161.9 40.50000 14 1.00000
162.0 40.50000 14 1.00000
162.1 40.50000 14 1.00000
162.2 40.50000 14 1.00000
162.3 40.50000 14 1.00000
162.4 40.50000 14 1.00000
162.5 40.50000 14 1.00000
162.6 40.50000 14 1.00000
162.7 40.50000 14 1.00000
162.8 40.50000 14 1.00000
162.9 40.50000 14 1.00000
163.0 40.50000 14 1.00000
163.1 40.50000 14 1.00000
163.2 40.50000 14 1.00000
163.3 40.50000 14 1.00000
163.4 40.50000 14 1.00000
163.5 40.50000 14 1.00000
163.6 40.50000 14 1.00000
163.7 40.50000 14 1.00000
163.8 40.50000 14 1.00000
163.9 40.50000 14 1.00000
164.0 40.50000 14 1.00000
164.1 40.50000 14 1.00000
164.2 40.50000 14 1.00000
164.3 40.50000 14 1.00000
164.4 40.50000 14 1.00000
164.5 40.50000 14 1.00000
164.6 40.50000 14 1.00000
164.7 40.50000 14 1.00000
164.8 40.50000 14 1.00000
164.9 40.50000 14 1.00000
165.0 40.50000 14 1.00000
165.1 40.50000 14 1.00000
165.2 40.50000 14 1.00000
165.3 40.50000 14 1.00000
165.4 40.50000 14 1.00000
165.5 40.50000 14 1.00000
165.6 40.50000 14 1.00000
165.7 40.50000 14 1.00000
165.8 40.50000 14 1.00000
165.9 40.50000 14 1.00000
166.0 40.50000 14 1.00000
166.1 40.50000 14 1.00000
166.2 40.50000 14 1.00000
166.3 40.50000 14 1.00000
166.4 40.50000 14 1.00000
166.5 40.50000 14 1.00000
166.6 40.50000 14 1.00000
166.7 40.50000 14 1.00000
166.8 40.50000 14 1.00000
166.9 40.50000 14 1.00000
167.0 40.50000 14 1.00000
167.1 40.50000 14 1.00000
167.2 40.50000 14 1.00000
167.3 40.50000 14 1.00000
167.4 40.50000 14 1.00000
167.5 40.50000 14 1.00000
167.6 40.50000 14 1.00000
167.7 40.50000 14 1.00000
167.8 40.50000 14 1.00000
167.9 40.50000 14 1.00000
168.0 40.50000 14 1.00000
168.1 40.50000 14 1.00000
168.2 40.50000 14 1.00000
168.3 40.50000 14 1.00000
168.4 40.50000 14 1.00000
168.5 40.50000 14 1.00000
168.6 40.50000 14 1.00000
168.7 40.50000 14 1.00000
168.8 40.50000 14 1.00000
168.9 40.50000 14 1.00000
169.0 40.50000 14 1.00000
169.1 40.50000 14 1.00000
169.2 40.50000 14 1.00000
169.3 40.50000 14 1.00000
169.4 40.50000 14 1.00000
169.5 40.50000 14 1.00000
169.6 40.50000 14 1.00000
169.7 40.50000 14 1.00000
169.8 40.50000 14 1.00000
169.9 40.50000 14 1.00000
170.0 40.50000 14 1.00000
170.1 40.50000 14 1.00000
170.2 40.50000 14 1.00000
170.3 40.50000 14 1.00000
170.4 40.50000 14 1.00000
170.5 40.50000 14 1.00000
170.6 40.50000 14 1.00000
170.7 40.50000 14 1.00000
170.8 40.50000 14 1.00000
170.9 40.50000 14 1.00000
171.0 40.50000 14 1.00000
171.1 40.50000 14 1.00000
171.2 40.50000 14 1.00000
171.3 40.50000 14 1.00000
171.4 40.50000 14 1.00000
171.5 40.50000 14 1.00000
171.6 40.50000 14 1.00000
171.7 40.50000 14 1.00000
171.8 40.50000 14 1.00000
171.9 40.50000 14 1.00000
172.0 40.50000 14 1.00000
172.1 40.50000 14 1.00000
172.2 40.50000 14 1.00000
172.3 40.50000 14 1.00000
172.4 40.50000 14 1.00000
172.5 40.50000 14 1.00000
172.6 40.50000 14 1.00000
172.7 40.50000 14 1.00000
172.8 40.50000 14 1.00000
172.9 40.50000 14 1.00000
173.0 40.50000 14 1.00000
173.1 40.50000 14 1.00000
173.2 40.50000 14 1.00000
173.3 40.50000 14 1.00000
173.4 40.50000 14 1.00000
173.5 40.50000 14 1.00000
173.6 40.50000 14 1.00000
173.7 40.50000 14 1.00000
173.8 40.50000 14 1.00000
173.9 40.50000 14 1.00000
174.0 40.50000 14 1.00000
174.1 40.50000 14 1.00000
174.2 40.50000 14 1.00000
174.3 40.50000 14 1.00000
174.4 40.50000 14 1.00000
174.5 40.50000 14 1.00000
174.6 40.50000 14 1.00000
174.7 40.50000 14 1.00000
174.8 40.50000 14 1.00000
174.9 40.50000 14 1.00000
175.0 40.50000 14 1.00000
175.1 40.50000 14 1.00000
175.2 40.50000 14 1.00000
175.3 40.50000 14 1.00000
175.4 40.50000 14 1.00000
175.5 40.50000 14 1.00000
175.6 40.50000 14 1.00000
175.7 40.50000 14 1.00000
175.8 40.50000 14 1.00000
175.9 40.50000 14 1.00000
176.0 40.50000 14 1.00000
176.1 40.50000 14 1.00000
176.2 40.50000 14 1.00000
176.3 40.50000 14 1.00000
176.4 40.50000 14 1.00000
176.5 40.50000 14 1.00000
176.6 40.50000 14 1.00000
176.7 40.50000 14 1.00000
176.8 40.50000 14 1.00000
176.9 40.50000 14 1.00000
177.0 40.50000 14 1.00000
177.1 40.50000 14 1.00000
177.2 40.50000 14 1.00000
177.3 40.50000 14 1.00000
177.4 40.50000 14 1.00000
177.5 40.50000 14 1.00000
177.6 40.50000 14 1.00000
177.7 40.50000 14 1.00000
177.8 40.50000 14 1.00000
177.9 40.50000 14 1.00000
178.0 40.50000 14 1.00000
178.1 40.50000 14 1.00000
178.2 40.50000 14 1.00000
178.3 40.50000 14 1.00000
178.4 40.50000 14 1.00000
178.5 40.50000 14 1.00000
178.6 40.50000 14 1.00000
178.7 40.50000 14 1.00000
178.8 40.50000 14 1.00000
178.9 40.50000 14 1.00000
179.0 40.50000 14 1.00000
179.1 40.50000 14 1.00000
179.2 40.50000 14 1.00000
179.3 40.50000 14 1.00000
179.4 40.50000 14 1.00000
179.5 40.50000 14 1.00000
179.6 40.50000 14 1.00000
179.7 40.50000 14 1.00000
179.8 40.50000 14 1.00000
179.9 40.50000 14 1.00000
180.0 40.50000 14 1.00000
180.1 40.50000 14 1.00000
180.2 40.50000 14 1.00000
180.3 40.50000 14 1.00000
180.4 40.50000 14 1.00000
180.5 40.50000 14 1.00000
180.6 40.50000 14 1.00000
180.7 40.50000 14 1.00000
180.8 40.50000 14 1.00000
180.9 40.50000 14 1.00000
181.0 40.50000 14 1.00000
181.1 40.50000 14 1.00000
181.2 40.50000 14 1.00000
181.3 40.50000 14 1.00000
181.4 40.50000 14 1.00000
181.5 40.50000 14 1.00000
181.6 40.50000 14 1.00000
181.7 40.50000 14 1.00000
181.8 40.50000 14 1.00000
181.9 40.50000 14 1.00000
182.0 40.50000 14 1.00000
182.1 40.50000 14 1.00000
182.2 40.50000 14 1.00000
182.3 40.50000 14 1.00000
182.4 40.50000 14 1.00000
182.5 40.50000 14 1.00000
182.6 40.50000 14 1.00000
182.7 40.50000 14 1.00000
182.8 40.50000 14 1.00000
182.9 40.50000 14 1.00000
183.0 40.50000 14 1.00000
183.1 40.50000 14 1.00000
183.2 40.50000 14 1.00000
183.3 40.50000 14 1.00000
183.4 40.50000 14 1.00000
183.5 40.50000 14 1.00000
183.6 40.50000 14 1.00000
183.7 40.50000 14 1.00000
183.8 40.50000 14 1.00000
183.9 40.50000 14 1.00000
184.0 40.50000 14 1.00000
184.1 40.50000 14 1.00000
184.2 40.50000 14 1.00000
184.3 40.50000 14 1.00000
184.4 40.50000 14 1.00000
184.5 40.50000 14 1.00000
184.6 40.50000 14 1.00000
184.7 40.50000 14 1.00000
184.8 40.50000 14 1.00000
184.9 40.50000 14 1.00000
185.0 40.50000 14 1.00000
185.1 40.50000 14 1.00000
185.2 40.50000 14 1.00000
185.3 40.50000 14 1.00000
185.4 40.50000 14 1.00000
185.5 40.50000 14 1.00000
185.6 40.50000 14 1.00000
185.7 40.50000 14 1.00000
185.8 40.50000 14 1.00000
185.9 40.50000 14 1.00000
186.0 40.50000 14 1.00000
186.1 40.50000 14 1.00000
186.2 40.50000 14 1.00000
186.3 40.50000 14 1.00000
186.4 40.50000 14 1.00000
186.5 40.50000 14 1.00000
186.6 40.50000 14 1.00000
186.7 40.50000 14 1.00000
186.8 40.50000 14 1.00000
186.9 40.50000 14 1.00000
187.0 40.50000 14 1.00000
187.1 40.50000 14 1.00000
187.2 40.50000 14 1.00000
187.3 40.50000 14 1.00000
187.4 40.50000 14 1.00000
187.5 40.50000 14 1.00000
187.6 40.50000 14 1.00000
187.7 40.50000 14 1.00000
187.8 40.50000 14 1.00000
187.9 40.50000 14 1.00000
188.0 40.50000 14 1.00000
188.1 40.50000 14 1.00000
188.2 40.50000 14 1.00000
188.3 40.50000 14 1.00000
188.4 40.50000 14 1.00000
188.5 40.50000 14 1.00000
188.6 40.50000 14 1.00000
188.7 40.50000 14 1.00000
188.8 40.50000 14 1.00000
188.9 40.50000 14 1.00000
189.0 40.50000 14 1.00000
189.1 40.50000 14 1.00000
189.2 40.50000 14 1.00000
189.3 40.50000 14 1.00000
189.4 40.50000 14 1.00000
189.5 40.50000 14 1.00000
189.6 40.50000 14 1.00000
189.7 40.50000 14 1.00000
189.8 40.50000 14 1.00000
189.9 40.50000 14 1.00000
190.0 40.50000 14 1.00000
190.1 40.50000 14 1.00000
190.2 40.50000 14 1.00000
190.3 40.50000 14 1.00000
190.4 40.50000 14 1.00000
190.5 40.50000 14 1.00000
190.6 40.50000 14 1.00000
190.7 40.50000 14 1.00000
190.8 40.50000 14 1.00000
190.9 40.50000 14 1.00000
191.0 40.50000 14 1.00000
191.1 40.50000 14 1.00000
191.2 40.50000 14 1.00000
191.3 40.50000 14 1.00000
191.4 40.50000 14 1.00000
191.5 40.50000 14 1.00000
191.6 40.50000 14 1.00000
191.7 40.50000 14 1.00000
191.8 40.50000 14 1.00000
191.9 40.50000 14 1.00000
192.0 40.50000 14 1.00000
192.1 40.50000 14 1.00000
192.2 40.50000 14 1.00000
192.3 40.50000 14 1.00000
192.4 40.50000 14 1.00000
192.5 40.50000 14 1.00000
192.6 40.50000 14 1.00000
192.7 40.50000 14 1.00000
192.8 40.50000 14 1.00000
192.9 40.50000 14 1.00000
193.0 40.50000 14 1.00000
193.1 40.50000 14 1.00000
193.2 40.50000 14 1.00000
193.3 40.50000 14 1.00000
193.4 40.50000 14 1.00000
193.5 40.50000 14 1.00000
193.6 40.50000 14 1.00000
193.7 40.50000 14 1.00000
193.8 40.50000 14 1.00000
193.9 40.50000 14 1.00000
194.0 40.50000 14 1.00000
194.1 40.50000 14 1.00000
194.2 40.50000 14 1.00000
194.3 40.50000 14 1.00000
194.4 40.50000 14 1.00000
194.5 40.50000 14 1.00000
194.6 40.50000 14 1.00000
194.7 40.50000 14 1.00000
194.8 40.50000 14 1.00000
194.9 40.50000 14 1.00000
195.0 40.50000 14 1.00000
195.1 40.50000 14 1.00000
195.2 40.50000 14 1.00000
195.3 40.50000 14 1.00000
195.4 40.50000 14 1.00000
195.5 40.50000 14 1.00000
195.6 40.50000 14 1.00000
195.7 40.50000 14 1.00000
195.8 40.50000 14 1.00000
195.9 40.50000 14 1.00000
196.0 40.50000 14 1.00000
196.1 40.50000 14 1.00000
196.2 40.50000 14 1.00000
196.3 40.50000 14 1.00000
196.4 40.50000 14 1.00000
196.5 40.50000 14 1.00000
196.6 40.50000 14 1.00000
196.7 40.50000 14 1.00000
196.8 40.50000 14 1.00000
196.9 40.50000 14 1.00000
197.0 40.50000 14 1.00000
197.1 40.50000 14 1.00000
197.2 40.50000 14 1.00000
197.3 40.50000 14 1.00000
197.4 40.50000 14 1.00000
197.5 40.50000 14 1.00000
197.6 40.50000 14 1.00000
197.7 40.50000 14 1.00000
197.8 40.50000 14 1.00000
197.9 40.50000 14 1.00000
198.0 40.50000 14 1.00000
198.1 40.50000 14 1.00000
198.2 40.50000 14 1.00000
198.3 40.50000 14 1.00000
198.4 40.50000 14 1.00000
198.5 40.50000 14 1.00000
198.6 40.50000 14 1.00000
198.7 40.50000 14 1.00000
198.8 40.50000 14 1.00000
198.9 40.50000 14 1.00000
199.0 40.50000 14 1.00000
199.1 40.50000 14 1.00000
199.2 40.50000 14 1.00000
199.3 40.50000 14 1.00000
199.4 40.50000 14 1.00000
199.5 40.50000 14 1.00000
199.6 40.50000 14 1.00000
199.7 40.50000 14 1.00000
199.8 40.50000 14 1.00000
199.9 40.50000 14 1.00000
200.0 40.50000 14 1.00000
200.1 40.50000 14 1.00000
200.2 40.50000 14 1.00000
200.3 40.50000 14 1.00000
200.4 40.50000 14 1.00000
200.5 40.50000 14 1.00000
200.6 40.50000 14 1.00000
200.7 40.50000 14 1.00000
200.8 40.50000 14 1.00000
200.9 40.50000 14 1.00000
201.0 40.50000 14 1.00000
201.1 40.50000 14 1.00000
201.2 40.50000 14 1.00000
201.3 40.50000 14 1.00000
201.4 40.50000 14 1.00000
201.5 40.50000 14 1.00000
201.6 40.50000 14 1.00000
201.7 40.50000 14 1.00000
201.8 40.50000 14 1.00000
201.9 40.50000 14 1.00000
202.0 40.50000 14 1.00000
202.1 40.50000 14 1.00000
202.2 40.50000 14 1.00000
202.3 40.50000 14 1.00000
202.4 40.50000 14 1.00000
202.5 40.50000 14 1.00000
202.6 40.50000 14 1.00000
202.7 40.50000 14 1.00000
202.8 40.50000 14 1.00000
202.9 40.50000 14 1.00000
203.0 40.50000 14 1.00000
203.1 40.50000 14 1.00000
203.2 40.50000 14 1.00000
203.3 40.50000 14 1.00000
203.4 40.50000 14 1.00000
203.5 40.50000 14 1.00000
203.6 40.50000 14 1.00000
203.7 40.50000 14 1.00000
203.8 40.50000 14 1.00000
203.9 40.50000 14 1.00000
204.0 40.50000 14 1.00000
204.1 40.50000 14 1.00000
204.2 40.50000 14 1.00000
204.3 40.50000 14 1.00000
204.4 40.50000 14 1.00000
204.5 40.50000 14 1.00000
204.6 40.50000 14 1.00000
204.7 40.50000 14 1.00000
204.8 40.50000 14 1.00000
204.9 40.50000 14 1.00000
205.0 40.50000 14 1.00000
205.1 40.50000 14 1.00000
205.2 40.50000 14 1.00000
205.3 40.50000 14 1.00000
205.4 40.50000 14 1.00000
205.5 40.50000 14 1.00000
205.6 40.50000 14 1.00000
205.7 40.50000 14 1.00000
205.8 40.50000 14 1.00000
205.9 40.50000 14 1.00000
206.0 40.50000 14 1.00000
206.1 40.50000 14 1.00000
206.2 40.50000 14 1.00000
206.3 40.50000 14 1.00000
206.4 40.50000 14 1.00000
206.5 40.50000 14 1.00000
206.6 40.50000 14 1.00000
206.7 40.50000 14 1.00000
206.8 40.50000 14 1.00000
206.9 40.50000 14 1.00000
207.0 40.50000 14 1.00000
207.1 40.50000 14 1.00000
207.2 40.50000 14 1.00000
207.3 40.50000 14 1.00000
207.4 40.50000 14 1.00000
207.5 40.50000 14 1.00000
207.6 40.50000 14 1.00000
207.7 40.50000 14 1.00000
207.8 40.50000 14 1.00000
207.9 40.50000 14 1.00000
208.0 40.50000 14 1.00000
208.1 40.50000 14 1.00000
208.2 40.50000 14 1.00000
208.3 40.50000 14 1.00000
208.4 40.50000 14 1.00000
208.5 40.50000 14 1.00000
208.6 40.50000 14 1.00000
208.7 40.50000 14 1.00000
208.8 40.50000 14 1.00000
208.9 40.50000 14 1.00000
209.0 40.50000 14 1.00000
209.1 40.50000 14 1.00000
209.2 40.50000 14 1.00000
209.3 40.50000 14 1.00000
209.4 40.50000 14 1.00000
209.5 40.50000 14 1.00000
209.6 40.50000 14 1.00000
209.7 40.50000 14 1.00000
209.8 40.50000 14 1.00000
209.9 40.50000 14 1.00000
210.0 40.50000 14 1.00000
210.1 40.50000 14 1.00000
210.2 40.50000 14 1.00000
210.3 40.50000 14 1.00000
210.4 40.50000 14 1.00000
210.5 40.50000 14 1.00000
210.6 40.50000 14 1.00000
210.7 40.50000 14 1.00000
210.8 40.50000 14 1.00000
210.9 40.50000 14 1.00000
211.0 40.50000 14 1.00000
211.1 40.50000 14 1.00000
211.2 40.50000 14 1.00000
211.3 40.50000 14 1.00000
211.4 40.50000 14 1.00000
211.5 40.50000 14 1.00000
211.6 40.50000 14 1.00000
211.7 40.50000 14 1.00000
211.8 40.50000 14 1.00000
211.9 40.50000 14 1.00000
212.0 40.50000 14 1.00000
212.1 40.50000 14 1.00000
212.2 40.50000 14 1.00000
212.3 40.50000 14 1.00000
212.4 40.50000 14 1.00000
212.5 40.50000 14 1.00000
212.6 40.50000 14 1.00000
212.7 40.50000 14 1.00000
212.8 40.50000 14 1.00000
212.9 40.50000 14 1.00000
213.0 40.50000 14 1.00000
213.1 40.50000 14 1.00000
213.2 40.50000 14 1.00000
213.3 40.50000 14 1.00000
213.4 40.50000 14 1.00000
213.5 40.50000 14 1.00000
213.6 40.50000 14 1.00000
213.7 40.50000 14 1.00000
213.8 40.50000 14 1.00000
213.9 40.50000 14 1.00000
214.0 40.50000 14 1.00000
214.1 40.50000 14 1.00000
214.2 40.50000 14 1.00000
214.3 40.50000 14 1.00000
214.4 40.50000 14 1.00000
214.5 40.50000 14 1.00000
214.6 40.50000 14 1.00000
214.7 40.50000 14 1.00000
214.8 40.50000 14 1.00000
214.9 40.50000 14 1.00000
215.0 40.50000 14 1.00000
215.1 40.50000 14 1.00000
215.2 40.50000 14 1.00000
215.3 40.50000 14 1.00000
215.4 40.50000 14 1.00000
215.5 40.50000 14 1.00000
215.6 40.50000 14 1.00000
215.7 40.50000 14 1.00000
215.8 40.50000 14 1.00000
215.9 40.50000 14 1.00000
216.0 40.50000 14 1.00000
216.1 40.50000 14 1.00000
216.2 40.50000 14 1.00000
216.3 40.50000 14 1.00000
216.4 40.50000 14 1.00000
216.5 40.50000 14 1.00000
216.6 40.50000 14 1.00000
216.7 40.50000 14 1.00000
216.8 40.50000 14 1.00000
216.9 40.50000 14 1.00000
217.0 40.50000 14 1.00000
217.1 40.50000 14 1.00000
217.2 40.50000 14 1.00000
217.3 40.50000 14 1.00000
217.4 40.50000 14 1.00000
217.5 40.50000 14 1.00000
217.6 40.50000 14 1.00000
217.7 40.50000 14 1.00000
217.8 40.50000 14 1.00000
217.9 40.50000 14 1.00000
218.0 40.50000 14 1.00000
218.1 40.50000 14 1.00000
218.2 40.50000 14 1.00000
218.3 0.00000 15 0.00000
218.4 0.00000 15 0.00000
218.5 0.00000 15 0.00000
218.6 40.50000 14 1.00000
218.7 40.50000 14 1.00000
218.8 0.00000 15 0.00000
218.9 0.00000 15 0.00000
219.0 0.00000 15 0.00000
219.1 0.00000 15 0.00000
219.2 0.00000 15 0.00000
219.3 0.00000 15 0.00000
219.4 0.00000 15 0.00000
219.5 0.00000 15 0.00000
219.6 0.00000 15 0.00000
219.7 0.00000 15 0.00000
219.8 0.00000 15 0.00000
219.9 0.00000 15 0.00000
220.0 0.00000 15 0.00000
220.1 0.00000 15 0.00000
220.2 0.00000 15 0.00000
220.3 0.00000 15 0.00000
220.4 0.00000 15 0.00000
220.5 0.00000 15 0.00000
220.6 0.00000 15 0.00000
220.7 0.00000 15 0.00000
220.8 0.00000 15 0.00000
220.9 0.00000 15 0.00000
221.0 0.00000 15 0.00000
221.1 0.00000 15 0.00000
221.2 0.00000 15 0.00000
221.3 0.00000 15 0.00000
221.4 0.00000 15 0.00000
221.5 0.00000 15 0.00000
221.6 0.00000 15 0.00000
221.7 0.00000 15 0.00000
221.8 0.00000 15 0.00000
221.9 0.00000 15 0.00000
222.0 0.00000 15 0.00000
222.1 0.00000 15 0.00000
222.2 0.00000 15 0.00000
222.3 0.00000 15 0.00000
222.4 0.00000 15 0.00000
222.5 0.00000 15 0.00000
222.6 0.00000 15 0.00000
222.7 0.00000 15 0.00000
222.8 0.00000 15 0.00000
222.9 0.00000 15 0.00000
223.0 0.00000 15 0.00000
223.1 0.00000 15 0.00000
223.2 0.00000 15 0.00000
223.3 0.00000 15 0.00000
223.4 0.00000 15 0.00000
223.5 0.00000 15 0.00000
223.6 0.00000 15 0.00000
223.7 0.00000 15 0.00000
223.8 0.00000 15 0.00000
223.9 0.00000 15 0.00000
224.0 0.00000 15 0.00000
224.1 0.00000 15 0.00000
224.2 0.00000 15 0.00000
224.3 0.00000 15 0.00000
224.4 0.00000 15 0.00000
224.5 0.00000 15 0.00000
224.6 0.00000 15 0.00000
224.7 0.00000 15 0.00000
224.8 0.00000 15 0.00000
224.9 0.00000 15 0.00000
225.0 0.00000 15 0.00000
225.1 0.00000 15 0.00000
225.2 0.00000 15 0.00000
225.3 0.00000 15 0.00000
225.4 0.00000 15 0.00000
225.5 0.00000 15 0.00000
225.6 0.00000 15 0.00000
225.7 0.00000 15 0.00000
225.8 0.00000 15 0.00000
225.9 0.00000 15 0.00000
226.0 0.00000 15 0.00000
226.1 0.00000 15 0.00000
226.2 0.00000 15 0.00000
226.3 0.00000 15 0.00000
226.4 0.00000 15 0.00000
226.5 0.00000 15 0.00000
226.6 0.00000 15 0.00000
226.7 0.00000 15 0.00000
226.8 0.00000 15 0.00000
226.9 0.00000 15 0.00000
227.0 0.00000 15 0.00000
227.1 0.00000 15 0.00000
227.2 0.00000 15 0.00000
227.3 0.00000 15 0.00000
227.4 0.00000 15 0.00000
227.5 0.00000 15 0.00000
227.6 0.00000 15 0.00000
227.7 0.00000 15 0.00000
227.8 0.00000 15 0.00000
227.9 0.00000 15 0.00000
228.0 0.00000 15 0.00000
228.1 0.00000 15 0.00000
228.2 0.00000 15 0.00000
228.3 0.00000 15 0.00000
228.4 0.00000 15 0.00000
228.5 0.00000 15 0.00000
228.6 0.00000 15 0.00000
228.7 0.00000 15 0.00000
228.8 0.00000 15 0.00000
228.9 0.00000 15 0.00000
229.0 0.00000 15 0.00000
229.1 0.00000 15 0.00000
229.2 0.00000 15 0.00000
229.3 0.00000 15 0.00000
229.4 0.00000 15 0.00000
229.5 0.00000 15 0.00000
229.6 0.00000 15 0.00000
229.7 0.00000 15 0.00000
229.8 0.00000 15 0.00000
229.9 0.00000 15 0.00000
230.0 0.00000 15 0.00000
230.1 0.00000 15 0.00000
230.2 0.00000 15 0.00000
230.3 0.00000 15 0.00000
230.4 0.00000 15 0.00000
230.5 0.00000 15 0.00000
230.6 0.00000 15 0.00000
230.7 0.00000 15 0.00000
230.8 0.00000 15 0.00000
230.9 0.00000 15 0.00000
231.0 0.00000 15 0.00000
231.1 0.00000 15 0.00000
231.2 0.00000 15 0.00000
231.3 0.00000 15 0.00000
231.4 0.00000 15 0.00000
231.5 0.00000 15 0.00000
231.6 0.00000 15 0.00000
231.7 0.00000 15 0.00000
231.8 0.00000 15 0.00000
231.9 0.00000 15 0.00000
232.0 0.00000 15 0.00000
232.1 0.00000 15 0.00000
232.2 0.00000 15 0.00000
232.3 0.00000 15 0.00000
232.4 0.00000 15 0.00000
232.5 0.00000 15 0.00000
232.6 0.00000 15 0.00000
232.7 0.00000 15 0.00000
232.8 0.00000 15 0.00000
232.9 0.00000 15 0.00000
233.0 0.00000 15 0.00000
233.1 0.00000 15 0.00000
233.2 0.00000 15 0.00000
233.3 0.00000 15 0.00000
233.4 0.00000 15 0.00000
233.5 0.00000 15 0.00000
233.6 0.00000 15 0.00000
233.7 0.00000 15 0.00000
233.8 0.00000 15 0.00000
233.9 0.00000 15 0.00000
234.0 0.00000 15 0.00000
234.1 0.00000 15 0.00000
234.2 0.00000 15 0.00000
234.3 0.00000 15 0.00000
234.4 0.00000 15 0.00000
234.5 0.00000 15 0.00000
234.6 0.00000 15 0.00000
234.7 0.00000 15 0.00000
234.8 0.00000 15 0.00000
234.9 0.00000 15 0.00000
235.0 0.00000 15 0.00000
235.1 0.00000 15 0.00000
235.2 0.00000 15 0.00000
235.3 0.00000 15 0.00000
235.4 0.00000 15 0.00000
235.5 0.00000 15 0.00000
235.6 0.00000 15 0.00000
235.7 0.00000 15 0.00000
235.8 0.00000 15 0.00000
235.9 0.00000 15 0.00000
236.0 0.00000 15 0.00000
236.1 0.00000 15 0.00000
236.2 0.00000 15 0.00000
236.3 0.00000 15 0.00000
236.4 0.00000 15 0.00000
236.5 0.00000 15 0.00000
236.6 0.00000 15 0.00000
236.7 0.00000 15 0.00000
236.8 0.00000 15 0.00000
236.9 0.00000 15 0.00000
237.0 0.00000 15 0.00000
237.1 0.00000 15 0.00000
237.2 0.00000 15 0.00000
237.3 0.00000 15 0.00000
237.4 0.00000 15 0.00000
237.5 0.00000 15 0.00000
237.6 0.00000 15 0.00000
237.7 0.00000 15 0.00000
237.8 0.00000 15 0.00000
237.9 0.00000 15 0.00000
238.0 0.00000 15 0.00000
238.1 0.00000 15 0.00000
238.2 0.00000 15 0.00000
238.3 0.00000 15 0.00000
238.4 0.00000 15 0.00000
238.5 0.00000 15 0.00000
238.6 0.00000 15 0.00000
238.7 0.00000 15 0.00000
238.8 0.00000 15 0.00000
238.9 0.00000 15 0.00000
239.0 0.00000 15 0.00000
239.1 0.00000 15 0.00000
239.2 0.00000 15 0.00000
239.3 0.00000 15 0.00000
239.4 0.00000 15 0.00000
239.5 0.00000 15 0.00000
239.6 0.00000 15 0.00000
239.7 0.00000 15 0.00000
239.8 0.00000 15 0.00000
239.9 0.00000 15 0.00000
240.0 0.00000 15 0.00000
240.1 0.00000 15 0.00000
240.2 0.00000 15 0.00000
240.3 0.00000 15 0.00000
240.4 0.00000 15 0.00000
240.5 0.00000 15 0.00000
240.6 0.00000 15 0.00000
240.7 0.00000 15 0.00000
240.8 0.00000 15 0.00000
240.9 0.00000 15 0.00000
241.0 0.00000 15 0.00000
241.1 0.00000 15 0.00000
241.2 0.00000 15 0.00000
241.3 0.00000 15 0.00000
241.4 0.00000 15 0.00000
241.5 0.00000 15 0.00000
241.6 0.00000 15 0.00000
241.7 0.00000 15 0.00000
241.8 0.00000 15 0.00000
241.9 0.00000 15 0.00000
242.0 0.00000 15 0.00000
242.1 0.00000 15 0.00000
242.2 0.00000 15 0.00000
242.3 0.00000 15 0.00000
242.4 0.00000 15 0.00000
242.5 0.00000 15 0.00000
242.6 0.00000 15 0.00000
242.7 0.00000 15 0.00000
242.8 0.00000 15 0.00000
242.9 0.00000 15 0.00000
243.0 0.00000 15 0.00000
243.1 0.00000 15 0.00000
243.2 0.00000 15 0.00000
243.3 0.00000 15 0.00000
243.4 0.00000 15 0.00000
243.5 0.00000 15 0.00000
243.6 0.00000 15 0.00000
243.7 0.00000 15 0.00000
243.8 0.00000 15 0.00000
243.9 0.00000 15 0.00000
244.0 0.00000 15 0.00000
244.1 0.00000 15 0.00000
244.2 0.00000 15 0.00000
244.3 0.00000 15 0.00000
244.4 0.00000 15 0.00000
244.5 0.00000 15 0.00000
244.6 0.00000 15 0.00000
244.7 0.00000 15 0.00000
244.8 0.00000 15 0.00000
244.9 0.00000 15 0.00000
245.0 0.00000 15 0.00000
245.1 0.00000 15 0.00000
245.2 0.00000 15 0.00000
245.3 0.00000 15 0.00000
245.4 0.00000 15 0.00000
245.5 0.00000 15 0.00000
245.6 0.00000 15 0.00000
245.7 0.00000 15 0.00000
245.8 0.00000 15 0.00000
245.9 0.00000 15 0.00000
246.0 0.00000 15 0.00000
246.1 0.00000 15 0.00000
246.2 0.00000 15 0.00000
246.3 0.00000 15 0.00000
246.4 0.00000 15 0.00000
246.5 0.00000 15 0.00000
246.6 0.00000 15 0.00000
246.7 0.00000 15 0.00000
246.8 0.00000 15 0.00000
246.9 0.00000 15 0.00000
247.0 0.00000 15 0.00000
247.1 0.00000 15 0.00000
247.2 0.00000 15 0.00000
247.3 0.00000 15 0.00000
247.4 0.00000 15 0.00000
247.5 0.00000 15 0.00000
247.6 0.00000 15 0.00000
247.7 0.00000 15 0.00000
247.8 0.00000 15 0.00000
247.9 0.00000 15 0.00000
248.0 0.00000 15 0.00000
248.1 0.00000 15 0.00000
248.2 0.00000 15 0.00000
248.3 0.00000 15 0.00000
248.4 0.00000 15 0.00000
248.5 0.00000 15 0.00000
248.6 0.00000 15 0.00000
248.7 0.00000 15 0.00000
248.8 0.00000 15 0.00000
248.9 0.00000 15 0.00000
249.0 0.00000 15 0.00000
249.1 0.00000 15 0.00000
249.2 0.00000 15 0.00000
249.3 0.00000 15 0.00000
249.4 0.00000 15 0.00000
249.5 0.00000 15 0.00000
249.6 0.00000 15 0.00000
249.7 0.00000 15 0.00000
249.8 0.00000 15 0.00000
249.9 0.00000 15 0.00000
250.0 0.00000 15 0.00000
