15.0 2.32365 13 0.10661
15.1 2.36776 13 0.11027
15.2 2.41228 13 0.11394
15.3 2.45721 13 0.11762
15.4 2.50338 14 0.12131
15.5 2.56453 14 0.12501
15.6 2.62681 14 0.12872
15.7 2.69024 14 0.13244
15.8 2.75482 14 0.13617
15.9 2.82057 14 0.13991
16.0 2.88750 14 0.14366
16.1 2.95561 14 0.14742
16.2 3.02493 14 0.15119
16.3 3.09546 14 0.15497
16.4 3.16722 14 0.15875
16.5 3.24021 14 0.16255
16.6 3.31445 14 0.16636
16.7 3.38995 14 0.17017
16.8 3.46672 14 0.17399
16.9 3.54476 14 0.17782
17.0 3.62411 14 0.18166
17.1 3.70476 14 0.18551
17.2 3.78673 14 0.18937
17.3 3.87002 14 0.19323
17.4 3.95466 14 0.19711
17.5 4.03053 14 0.20099
17.6 4.10372 14 0.20487
17.7 4.17770 14 0.20877
17.8 4.28650 14 0.21476
17.9 4.39915 14 0.22122
18.0 4.51388 14 0.22775
18.1 4.63071 14 0.23435
18.2 4.74967 14 0.24102
18.3 4.87078 14 0.24775
18.4 4.99407 14 0.25456
18.5 5.11956 14 0.26143
18.6 5.24728 14 0.26838
18.7 5.37725 14 0.27539
18.8 5.50950 14 0.28248
18.9 5.64405 14 0.28964
19.0 5.78093 14 0.29687
19.1 5.92018 14 0.30418
19.2 6.06180 14 0.31155
19.3 6.20584 14 0.31901
19.4 6.35231 14 0.32654
19.5 6.50126 14 0.33414
19.6 6.65269 14 0.34182
19.7 6.80665 14 0.34958
19.8 6.96316 14 0.35741
19.9 7.18167 14 0.36546
20.0 7.34261 14 0.37345
20.1 7.50619 14 0.38152
20.2 7.66050 14 0.38894
20.3 7.75616 14 0.39274
20.4 7.85265 14 0.39655
20.5 7.94995 14 0.40038
20.6 8.04808 14 0.40421
20.7 8.14703 14 0.40806
20.8 8.24682 14 0.41192
20.9 8.34744 14 0.41578
21.0 8.44889 14 0.41967
21.1 8.55107 14 0.42356
21.2 8.65420 14 0.42747
21.3 8.75818 14 0.43138
21.4 8.86300 14 0.43531
21.5 8.96868 14 0.43925
21.6 9.07521 14 0.44321
21.7 9.18260 14 0.44717
21.8 9.29084 14 0.45115
21.9 9.39995 14 0.45514
22.0 9.50993 14 0.45914
22.1 9.62078 14 0.46315
22.2 9.73249 14 0.46717
22.3 9.84509 14 0.47121
22.4 9.95856 14 0.47526
22.5 10.07291 14 0.47932
22.6 10.18814 14 0.48339
22.7 10.30427 14 0.48748
22.8 10.42128 14 0.49158
22.9 10.53919 14 0.49569
23.0 10.65800 14 0.49981
23.1 10.77770 14 0.50395
23.2 10.89831 14 0.50809
23.3 11.01982 14 0.51225
23.4 11.14225 14 0.51642
23.5 11.26559 14 0.52061
23.6 11.38984 14 0.52481
23.7 11.51501 14 0.52902
23.8 11.64111 14 0.53324
23.9 11.76813 14 0.53747
24.0 11.89608 14 0.54172
24.1 12.02496 14 0.54598
24.2 12.15478 14 0.55026
24.3 12.28554 14 0.55454
24.4 12.41724 14 0.55884
24.5 12.54989 14 0.56315
24.6 12.68348 14 0.56748
24.7 12.81803 14 0.57181
24.8 12.95353 14 0.57616
24.9 13.08999 14 0.58053
25.0 13.22768 14 0.58490
25.1 13.36607 14 0.58929
25.2 13.50543 14 0.59370
25.3 13.64576 14 0.59811
25.4 13.78707 14 0.60254
25.5 13.92936 14 0.60698
25.6 14.07263 14 0.61144
25.7 14.21688 14 0.61591
25.8 14.36213 14 0.62039
25.9 14.50837 14 0.62489
26.0 14.65561 14 0.62940
26.1 14.80384 14 0.63392
26.2 14.95308 14 0.63845
26.3 15.10333 14 0.64300
26.4 15.25459 14 0.64757
26.5 15.40687 14 0.65214
26.6 15.56016 14 0.65673
26.7 15.71447 14 0.66134
26.8 15.86981 14 0.66596
26.9 16.02618 14 0.67059
27.0 16.18359 14 0.67523
27.1 16.34202 14 0.67989
27.2 16.50150 14 0.68457
27.3 16.66202 14 0.68925
27.4 16.82359 14 0.69396
27.5 16.98621 14 0.69867
27.6 17.14989 14 0.70340
27.7 17.31462 14 0.70815
27.8 17.48042 14 0.71290
27.9 17.64728 14 0.71768
28.0 17.81521 14 0.72246
28.1 17.98422 14 0.72726
28.2 18.15430 14 0.73208
28.3 18.32546 14 0.73691
28.4 18.49772 14 0.74175
28.5 18.67106 14 0.74661
28.6 18.84549 14 0.75148
28.7 19.02102 14 0.75637
28.8 19.19764 14 0.76127
28.9 19.37537 14 0.76619
29.0 19.55421 14 0.77112
29.1 19.73417 14 0.77607
29.2 19.91524 14 0.78103
29.3 20.09743 14 0.78601
29.4 20.28074 14 0.79100
29.5 20.46518 14 0.79601
29.6 20.65075 14 0.80103
29.7 20.83745 14 0.80606
29.8 21.02530 14 0.81111
29.9 21.21429 14 0.81618
30.0 21.40443 14 0.82126
30.1 21.59572 14 0.82636
30.2 21.78817 14 0.83147
30.3 21.98178 14 0.83660
30.4 22.17655 14 0.84174
30.5 22.37249 14 0.84690
30.6 22.56960 14 0.85208
30.7 22.76789 14 0.85726
30.8 22.96735 14 0.86247
30.9 23.09946 14 0.86770
31.0 23.30026 14 0.87294
31.1 23.50224 14 0.87819
31.2 23.70539 14 0.88346
31.3 23.90974 14 0.88874
31.4 24.11528 14 0.89404
31.5 24.32201 14 0.89935
31.6 24.52994 14 0.90469
31.7 24.73907 14 0.91003
31.8 24.94942 14 0.91540
31.9 25.16097 14 0.92078
32.0 25.37374 14 0.92617
32.1 25.58773 14 0.93158
32.2 25.80295 14 0.93701
32.3 26.01940 14 0.94246
32.4 26.23705 14 0.94792
32.5 26.45613 14 0.95339
32.6 26.67635 14 0.95889
32.7 26.89780 14 0.96440
32.8 27.12053 14 0.96992
32.9 27.34451 14 0.97547
33.0 27.56863 14 0.98103
33.1 27.79448 14 0.98661
33.2 27.92639 14 0.99220
33.3 28.15400 14 0.99781
33.4 28.28999 14 1.00000
33.5 28.36724 14 1.00000
33.6 28.44415 14 1.00000
33.7 28.52101 14 1.00000
33.8 28.59780 14 1.00000
33.9 28.67443 14 1.00000
34.0 28.74951 14 1.00000
34.1 28.82535 14 1.00000
34.2 28.79841 14 1.00000
34.3 28.87399 14 1.00000
34.4 28.94944 14 1.00000
34.5 28.89178 14 1.00000
34.6 28.96764 14 1.00000
34.7 29.04332 14 1.00000
34.8 29.11895 14 1.00000
34.9 29.19442 14 1.00000
35.0 29.12172 14 1.00000
35.1 29.19685 14 1.00000
35.2 29.27207 14 1.00000
35.3 29.23670 14 1.00000
35.4 29.16294 14 1.00000
35.5 29.23817 14 1.00000
35.6 29.31361 14 1.00000
35.7 29.38861 14 1.00000
35.8 29.46346 14 1.00000
35.9 29.04099 14 1.00000
36.0 26.44682 14 1.00000
36.1 25.16451 14 1.00000
36.2 22.57654 14 1.00000
36.3 20.41822 14 1.00000
36.4 18.23017 14 1.00000
36.5 16.69529 14 1.00000
36.6 14.18452 14 1.00000
36.7 13.49607 14 1.00000
36.8 13.46962 14 1.00000
36.9 13.44510 14 1.00000
37.0 13.40560 14 1.00000
37.1 13.41922 14 1.00000
37.2 13.45089 14 1.00000
37.3 13.48771 14 1.00000
37.4 13.40459 14 1.00000
37.5 13.44857 14 1.00000
37.6 13.49631 14 1.00000
37.7 13.62798 14 1.00000
37.8 13.66486 14 1.00000
37.9 13.70226 14 1.00000
38.0 13.62354 14 1.00000
38.1 13.66989 14 1.00000
38.2 13.80531 14 1.00000
38.3 13.84224 14 1.00000
38.4 13.87973 14 1.00000
38.5 13.91582 14 1.00000
38.6 13.84484 14 1.00000
38.7 13.98249 14 1.00000
38.8 14.01947 14 1.00000
38.9 14.05702 14 1.00000
39.0 14.09310 14 1.00000
39.1 14.12894 14 1.00000
39.2 14.16491 14 1.00000
39.3 14.19703 14 1.00000
39.4 14.23413 14 1.00000
39.5 14.27019 14 1.00000
39.6 14.30603 14 1.00000
39.7 14.34206 14 1.00000
39.8 14.37798 14 1.00000
39.9 14.41108 14 1.00000
40.0 14.44722 14 1.00000
40.1 14.48306 14 1.00000
40.2 14.51903 14 1.00000
40.3 14.55500 14 1.00000
40.4 14.59089 14 1.00000
40.5 14.62406 14 1.00000
40.6 14.65992 14 1.00000
40.7 14.69590 14 1.00000
40.8 14.73184 14 1.00000
40.9 14.76769 14 1.00000
41.0 14.80347 14 1.00000
41.1 14.83674 14 1.00000
41.2 14.87266 14 1.00000
41.3 14.90848 14 1.00000
41.4 14.94436 14 1.00000
41.5 14.98010 14 1.00000
41.6 15.01568 14 1.00000
41.7 15.04927 14 1.00000
41.8 15.08512 14 1.00000
41.9 15.12090 14 1.00000
42.0 15.15653 14 1.00000
42.1 15.19212 14 1.00000
42.2 15.22573 14 1.00000
42.3 15.26153 14 1.00000
42.4 15.29726 14 1.00000
42.5 15.33286 14 1.00000
42.6 15.36835 14 1.00000
42.7 15.40368 14 1.00000
42.8 15.43777 14 1.00000
42.9 15.47338 14 1.00000
43.0 15.50894 14 1.00000
43.1 15.54435 14 1.00000
43.2 15.57970 14 1.00000
43.3 15.61389 14 1.00000
43.4 15.64943 14 1.00000
43.5 15.68487 14 1.00000
43.6 15.72012 14 1.00000
43.7 15.75686 14 1.00000
43.8 15.78976 14 1.00000
43.9 15.82522 14 1.00000
44.0 15.86052 14 1.00000
44.1 15.89592 14 1.00000
44.2 15.93847 14 1.00000
44.3 15.96541 14 1.00000
44.4 16.00077 14 1.00000
44.5 16.03591 14 1.00000
44.6 16.07554 14 1.00000
44.7 16.12075 14 1.00000
44.8 16.14088 14 1.00000
44.9 16.17600 14 1.00000
45.0 16.21310 14 1.00000
45.1 16.25839 14 1.00000
45.2 16.28084 14 1.00000
45.3 16.31595 14 1.00000
45.4 16.35149 14 1.00000
45.5 16.39655 14 1.00000
45.6 16.42066 14 1.00000
45.7 16.45576 14 1.00000
45.8 16.49115 14 1.00000
45.9 16.52505 14 1.00000
46.0 16.56034 14 1.00000
46.1 16.59541 14 1.00000
46.2 16.62920 14 1.00000
46.3 16.66464 14 1.00000
46.4 16.69988 14 1.00000
46.5 16.73314 14 1.00000
46.6 16.76873 14 1.00000
46.7 16.80130 14 1.00000
46.8 16.83697 14 1.00000
46.9 16.86906 14 1.00000
47.0 16.90485 14 1.00000
47.1 16.93738 14 1.00000
47.2 16.96598 14 1.00000
47.3 16.84208 14 1.00000
47.4 16.85783 14 1.00000
47.5 16.87983 14 1.00000
47.6 16.91621 14 1.00000
47.7 16.95244 14 1.00000
47.8 16.98600 14 1.00000
47.9 17.01993 14 1.00000
48.0 17.05446 14 1.00000
48.1 17.08893 14 1.00000
48.2 17.12342 14 1.00000
48.3 17.15770 14 1.00000
48.4 17.19208 14 1.00000
48.5 17.22594 14 1.00000
48.6 17.25992 14 1.00000
48.7 17.29330 14 1.00000
48.8 17.49549 14 1.00000
48.9 17.53333 14 1.00000
49.0 17.57050 14 1.00000
49.1 17.60753 14 1.00000
49.2 17.64444 14 1.00000
49.3 17.68100 14 1.00000
49.4 17.71509 14 1.00000
49.5 17.74972 14 1.00000
49.6 17.78458 14 1.00000
49.7 17.81939 14 1.00000
49.8 17.85442 14 1.00000
49.9 17.88923 14 1.00000
50.0 17.92367 14 1.00000
50.1 17.95807 14 1.00000
50.2 17.99224 14 1.00000
50.3 18.02604 14 1.00000
50.4 18.06277 14 1.00000
50.5 18.10917 14 1.00000
50.6 18.15560 14 1.00000
50.7 18.34884 14 1.00000
50.8 18.38648 14 1.00000
50.9 18.42368 14 1.00000
51.0 18.46031 14 1.00000
51.1 18.49481 14 1.00000
51.2 18.53001 14 1.00000
51.3 18.56552 14 1.00000
51.4 18.60079 14 1.00000
51.5 18.63594 14 1.00000
51.6 18.67119 14 1.00000
51.7 18.70609 14 1.00000
51.8 18.74063 14 1.00000
51.9 18.77516 14 1.00000
52.0 18.80917 14 1.00000
52.1 18.84779 14 1.00000
52.2 18.89439 14 1.00000
52.3 18.94100 14 1.00000
52.4 18.98762 14 1.00000
52.5 19.03424 14 1.00000
52.6 19.21770 14 1.00000
52.7 19.25522 14 1.00000
52.8 19.29193 14 1.00000
52.9 19.32694 14 1.00000
53.0 19.36266 14 1.00000
53.1 19.39856 14 1.00000
53.2 19.43426 14 1.00000
53.3 19.47006 14 1.00000
53.4 19.50536 14 1.00000
53.5 19.54073 14 1.00000
53.6 19.57574 14 1.00000
53.7 19.61054 14 1.00000
53.8 19.64479 14 1.00000
53.9 19.68240 14 1.00000
54.0 19.72917 14 1.00000
54.1 19.77593 14 1.00000
54.2 19.82272 14 1.00000
54.3 19.86950 14 1.00000
54.4 19.91628 14 1.00000
54.5 19.96309 14 1.00000
54.6 20.13868 14 1.00000
54.7 20.17837 14 1.00000
54.8 20.21329 14 1.00000
54.9 20.24937 14 1.00000
55.0 20.28559 14 1.00000
55.1 20.32173 14 1.00000
55.2 20.35760 14 1.00000
55.3 20.39374 14 1.00000
55.4 20.42908 14 1.00000
55.5 20.46491 14 1.00000
55.6 20.49993 14 1.00000
55.7 20.53475 14 1.00000
55.8 20.56962 14 1.00000
55.9 20.61347 14 1.00000
56.0 20.66037 14 1.00000
56.1 20.70729 14 1.00000
56.2 20.75421 14 1.00000
56.3 20.80113 14 1.00000
56.4 20.84806 14 1.00000
56.5 20.89499 14 1.00000
56.6 20.95332 14 1.00000
56.7 21.11672 14 1.00000
56.8 21.15597 14 1.00000
56.9 21.19146 14 1.00000
57.0 21.22807 14 1.00000
57.1 21.26433 14 1.00000
57.2 21.30107 14 1.00000
57.3 21.33731 14 1.00000
57.4 21.37373 14 1.00000
57.5 21.40971 14 1.00000
57.6 21.44537 14 1.00000
57.7 21.48092 14 1.00000
57.8 21.51587 14 1.00000
57.9 21.55079 14 1.00000
58.0 21.59416 14 1.00000
58.1 21.64119 14 1.00000
58.2 21.68821 14 1.00000
58.3 21.73524 14 1.00000
58.4 21.78227 14 1.00000
58.5 21.82930 14 1.00000
58.6 21.88892 14 1.00000
58.7 21.94635 14 1.00000
58.8 21.99952 14 1.00000
58.9 22.15187 14 1.00000
59.0 22.19242 14 1.00000
59.1 22.22805 14 1.00000
59.2 22.26507 14 1.00000
59.3 22.30205 14 1.00000
59.4 22.33901 14 1.00000
59.5 22.37544 14 1.00000
59.6 22.41197 14 1.00000
59.7 22.44890 14 1.00000
59.8 22.48425 14 1.00000
59.9 22.52052 14 1.00000
60.0 22.55667 14 1.00000
60.1 22.59159 14 1.00000
60.2 22.62700 14 1.00000
60.3 22.67121 14 1.00000
60.4 22.71831 14 1.00000
60.5 22.76541 14 1.00000
60.6 22.81252 14 1.00000
60.7 22.85962 14 1.00000
60.8 22.90673 14 1.00000
60.9 22.95119 14 1.00000
61.0 22.99499 14 1.00000
61.1 23.04259 14 1.00000
61.2 23.09483 14 1.00000
61.3 23.14519 14 1.00000
61.4 23.19367 14 1.00000
61.5 23.24057 14 1.00000
61.6 23.39985 14 1.00000
61.7 23.44066 14 1.00000
61.8 23.47671 14 1.00000
61.9 23.51301 14 1.00000
62.0 23.55150 14 1.00000
62.1 23.58912 14 1.00000
62.2 23.62648 14 1.00000
62.3 23.66324 14 1.00000
62.4 23.70104 14 1.00000
62.5 23.73878 14 1.00000
62.6 23.77579 14 1.00000
62.7 23.81398 14 1.00000
62.8 23.85154 14 1.00000
62.9 23.88891 14 1.00000
63.0 23.92592 14 1.00000
63.1 23.96295 14 1.00000
63.2 23.99838 14 1.00000
63.3 24.03653 14 1.00000
63.4 24.07288 14 1.00000
63.5 24.10957 14 1.00000
63.6 24.14911 14 1.00000
63.7 24.18375 14 1.00000
63.8 24.22539 14 1.00000
63.9 24.26963 14 1.00000
64.0 24.31086 14 1.00000
64.1 24.35503 14 1.00000
64.2 24.39910 14 1.00000
64.3 24.44361 14 1.00000
64.4 24.48779 14 1.00000
64.5 24.53187 14 1.00000
64.6 24.57643 14 1.00000
64.7 24.62061 14 1.00000
64.8 24.66475 14 1.00000
64.9 24.70880 14 1.00000
65.0 24.75354 14 1.00000
65.1 24.79776 14 1.00000
65.2 24.84178 14 1.00000
65.3 24.88665 14 1.00000
65.4 24.93081 14 1.00000
65.5 24.97497 14 1.00000
65.6 25.02259 14 1.00000
65.7 25.06408 14 1.00000
65.8 25.10826 14 1.00000
65.9 25.15271 14 1.00000
66.0 25.21451 14 1.00000
66.1 25.24172 14 1.00000
66.2 25.28593 14 1.00000
66.3 25.34244 14 1.00000
66.4 25.40813 14 1.00000
66.5 25.41961 14 1.00000
66.6 25.47117 14 1.00000
66.7 25.53440 14 1.00000
66.8 25.59842 14 1.00000
66.9 25.66422 14 1.00000
67.0 25.66011 14 1.00000
67.1 25.72334 14 1.00000
67.2 25.78712 14 1.00000
67.3 25.85342 14 1.00000
67.4 25.84838 14 1.00000
67.5 25.91167 14 1.00000
67.6 25.97561 14 1.00000
67.7 26.04215 14 1.00000
67.8 26.10681 14 1.00000
67.9 26.09856 14 1.00000
68.0 26.16188 14 1.00000
68.1 26.22668 14 1.00000
68.2 26.29255 14 1.00000
68.3 26.35830 14 1.00000
68.4 26.34604 14 1.00000
68.5 26.41072 14 1.00000
68.6 26.47294 14 1.00000
68.7 26.53981 14 1.00000
68.8 26.61046 14 1.00000
68.9 26.58983 14 1.00000
69.0 26.65413 14 1.00000
69.1 26.71716 14 1.00000
69.2 26.78713 14 1.00000
69.3 26.73248 14 1.00000
69.4 26.77088 14 1.00000
69.5 26.89561 14 1.00000
69.6 26.96147 14 1.00000
69.7 26.91509 14 1.00000
69.8 26.95692 14 1.00000
69.9 26.98637 14 1.00000
70.0 26.99008 14 1.00000
70.1 27.20060 14 1.00000
70.2 27.14340 14 1.00000
70.3 27.18200 14 1.00000
70.4 27.17868 14 1.00000
70.5 27.21564 14 1.00000
70.6 27.26026 14 1.00000
70.7 27.37073 14 1.00000
70.8 27.40601 14 1.00000
70.9 27.40663 14 1.00000
71.0 27.44173 14 1.00000
71.1 27.48648 14 1.00000
71.2 27.53117 14 1.00000
71.3 27.58739 14 1.00000
71.4 27.63720 14 1.00000
71.5 27.66846 14 1.00000
71.6 27.71329 14 1.00000
71.7 27.75800 14 1.00000
71.8 27.81710 14 1.00000
71.9 27.89113 14 1.00000
72.0 27.92068 14 1.00000
72.1 27.94060 14 1.00000
72.2 27.98547 14 1.00000
72.3 28.03040 14 1.00000
72.4 28.10474 14 1.00000
72.5 28.17740 14 1.00000
72.6 28.24689 14 1.00000
72.7 28.31554 14 1.00000
72.8 28.25847 14 1.00000
72.9 28.30608 14 1.00000
73.0 28.37687 14 1.00000
73.1 28.45479 14 1.00000
73.2 28.52146 14 1.00000
73.3 28.59190 14 1.00000
73.4 28.66017 14 1.00000
73.5 28.70122 14 1.00000
73.6 28.64706 14 1.00000
73.7 28.71763 14 1.00000
73.8 28.78774 14 1.00000
73.9 28.85959 14 1.00000
74.0 28.92807 14 1.00000
74.1 28.99601 14 1.00000
74.2 29.06517 14 1.00000
74.3 29.02476 14 1.00000
74.4 29.04850 14 1.00000
74.5 29.11756 14 1.00000
74.6 29.18318 14 1.00000
74.7 29.25430 14 1.00000
74.8 29.31978 14 1.00000
74.9 29.38917 14 1.00000
75.0 29.34826 14 1.00000
75.1 29.39219 14 1.00000
75.2 29.43713 14 1.00000
75.3 29.50407 14 1.00000
75.4 29.56931 14 1.00000
75.5 29.63547 14 1.00000
75.6 29.70483 14 1.00000
75.7 29.67127 14 1.00000
75.8 29.71754 14 1.00000
75.9 29.75639 14 1.00000
76.0 29.76787 14 1.00000
76.1 29.79155 14 1.00000
76.2 29.94326 14 1.00000
76.3 30.00962 14 1.00000
76.4 30.07607 14 1.00000
76.5 30.04140 14 1.00000
76.6 30.09153 14 1.00000
76.7 30.13169 14 1.00000
76.8 30.14177 14 1.00000
76.9 30.16837 14 1.00000
77.0 30.18688 14 1.00000
77.1 30.23263 14 1.00000
77.2 30.43986 14 1.00000
77.3 30.50811 14 1.00000
77.4 30.46501 14 1.00000
77.5 30.51051 14 1.00000
77.6 30.54620 14 1.00000
77.7 30.55873 14 1.00000
77.8 30.58225 14 1.00000
77.9 30.60354 14 1.00000
78.0 30.64933 14 1.00000
78.1 30.69826 14 1.00000
78.2 30.75373 14 1.00000
78.3 30.88487 14 1.00000
78.4 30.93150 14 1.00000
78.5 30.97427 14 1.00000
78.6 30.98495 14 1.00000
78.7 31.01954 14 1.00000
78.8 31.03806 14 1.00000
78.9 31.06785 14 1.00000
79.0 31.11385 14 1.00000
79.1 31.16966 14 1.00000
79.2 31.24253 14 1.00000
79.3 31.31170 14 1.00000
79.4 31.40237 14 1.00000
79.5 31.44570 14 1.00000
79.6 31.48346 14 1.00000
79.7 31.49606 14 1.00000
79.8 31.52292 14 1.00000
79.9 31.53982 14 1.00000
80.0 31.58051 14 1.00000
80.1 31.62665 14 1.00000
80.2 31.69035 14 1.00000
80.3 31.76608 14 1.00000
80.4 31.83571 14 1.00000
80.5 31.90361 14 1.00000
80.6 31.86118 14 1.00000
80.7 32.00600 14 1.00000
80.8 32.02105 14 1.00000
80.9 32.05392 14 1.00000
81.0 32.07442 14 1.00000
81.1 32.09559 14 1.00000
81.2 32.14196 14 1.00000
81.3 32.19337 14 1.00000
81.4 32.26231 14 1.00000
81.5 32.33393 14 1.00000
81.6 32.40263 14 1.00000
81.7 32.46986 14 1.00000
81.8 32.53321 14 1.00000
81.9 32.51229 14 1.00000
82.0 32.59404 14 1.00000
82.1 32.63206 14 1.00000
82.2 32.66354 14 1.00000
82.3 32.68522 14 1.00000
82.4 32.70640 14 1.00000
82.5 32.75298 14 1.00000
82.6 32.80793 14 1.00000
82.7 32.87621 14 1.00000
82.8 32.94519 14 1.00000
82.9 33.01360 14 1.00000
83.0 33.07793 14 1.00000
83.1 33.14548 14 1.00000
83.2 33.21122 14 1.00000
83.3 33.25949 14 1.00000
83.4 33.25159 14 1.00000
83.5 33.30186 14 1.00000
83.6 33.33327 14 1.00000
83.7 33.36166 14 1.00000
83.8 33.37703 14 1.00000
83.9 33.41439 14 1.00000
84.0 33.46360 14 1.00000
84.1 33.52800 14 1.00000
84.2 33.59671 14 1.00000
84.3 33.66235 14 1.00000
84.4 33.72962 14 1.00000
84.5 33.79557 14 1.00000
84.6 33.86110 14 1.00000
84.7 33.92367 14 1.00000
84.8 33.98965 14 1.00000
84.9 33.98445 14 1.00000
85.0 34.02812 14 1.00000
85.1 34.06441 14 1.00000
85.2 34.10010 14 1.00000
85.3 34.12956 14 1.00000
85.4 34.15014 14 1.00000
85.5 34.17401 14 1.00000
85.6 34.22115 14 1.00000
85.7 34.28048 14 1.00000
85.8 34.34808 14 1.00000
85.9 34.41379 14 1.00000
86.0 34.47652 14 1.00000
86.1 34.54131 14 1.00000
86.2 34.60743 14 1.00000
86.3 34.67169 14 1.00000
86.4 34.73561 14 1.00000
86.5 34.79865 14 1.00000
86.6 34.76443 14 1.00000
86.7 34.87356 14 1.00000
86.8 34.89576 14 1.00000
86.9 34.93718 14 1.00000
87.0 34.97263 14 1.00000
87.1 35.00467 14 1.00000
87.2 35.03585 14 1.00000
87.3 35.05740 14 1.00000
87.4 35.08118 14 1.00000
87.5 35.13092 14 1.00000
87.6 35.19225 14 1.00000
87.7 35.25760 14 1.00000
87.8 35.32342 14 1.00000
87.9 35.38531 14 1.00000
88.0 35.45002 14 1.00000
88.1 35.51330 14 1.00000
88.2 35.57248 14 1.00000
88.3 35.63634 14 1.00000
88.4 35.59459 14 1.00000
88.5 35.74891 14 1.00000
88.6 35.79914 14 1.00000
88.7 35.84418 14 1.00000
88.8 35.89137 14 1.00000
88.9 35.91370 14 1.00000
89.0 35.95915 14 1.00000
89.1 35.99738 14 1.00000
89.2 36.03536 14 1.00000
89.3 36.07212 14 1.00000
89.4 36.10438 14 1.00000
89.5 36.12825 14 1.00000
89.6 36.15015 14 1.00000
89.7 36.18817 14 1.00000
89.8 36.24740 14 1.00000
89.9 36.31028 14 1.00000
90.0 36.37632 14 1.00000
90.1 36.44049 14 1.00000
90.2 36.49934 14 1.00000
90.3 36.57259 14 1.00000
90.4 36.54984 14 1.00000
90.5 36.69151 14 1.00000
90.6 36.73570 14 1.00000
90.7 36.78834 14 1.00000
90.8 36.84001 14 1.00000
90.9 36.89065 14 1.00000
91.0 36.94022 14 1.00000
91.1 36.98872 14 1.00000
91.2 37.03614 14 1.00000
91.3 37.08246 14 1.00000
91.4 37.11516 14 1.00000
91.5 37.16194 14 1.00000
91.6 37.20686 14 1.00000
91.7 37.25036 14 1.00000
91.8 37.29224 14 1.00000
91.9 37.33225 14 1.00000
92.0 37.36823 14 1.00000
92.1 37.40380 14 1.00000
92.2 37.43560 14 1.00000
92.3 37.46688 14 1.00000
92.4 37.51164 14 1.00000
92.5 37.60363 14 1.00000
92.6 37.70124 14 1.00000
92.7 37.80062 14 1.00000
92.8 37.82812 14 1.00000
92.9 37.85667 14 1.00000
93.0 37.95800 14 1.00000
93.1 37.98784 14 1.00000
93.2 38.02539 14 1.00000
93.3 38.12679 14 1.00000
93.4 38.22837 14 1.00000
93.5 38.32968 14 1.00000
93.6 38.43095 14 1.00000
93.7 38.53242 14 1.00000
93.8 38.63355 14 1.00000
93.9 38.73470 14 1.00000
94.0 38.83610 14 1.00000
94.1 38.93716 14 1.00000
94.2 39.03819 14 1.00000
94.3 39.13937 14 1.00000
94.4 39.24038 14 1.00000
94.5 39.34129 14 1.00000
94.6 39.44234 14 1.00000
94.7 39.54318 14 1.00000
94.8 39.64403 14 1.00000
94.9 39.74502 14 1.00000
95.0 39.84569 14 1.00000
95.1 39.94661 14 1.00000
95.2 40.04725 14 1.00000
95.3 40.14791 14 1.00000
95.4 40.24871 14 1.00000
95.5 40.34919 14 1.00000
95.6 40.44973 14 1.00000
95.7 40.55037 14 1.00000
95.8 40.65084 14 1.00000
95.9 40.75122 14 1.00000
96.0 40.85175 14 1.00000
96.1 40.95206 14 1.00000
96.2 41.05256 14 1.00000
96.3 41.15285 14 1.00000
96.4 41.25304 14 1.00000
96.5 41.35344 14 1.00000
96.6 41.45356 14 1.00000
96.7 41.55384 14 1.00000
96.8 41.65298 14 1.00000
96.9 41.74266 14 1.00000
97.0 41.83271 14 1.00000
97.1 41.92252 14 1.00000
97.2 42.01260 14 1.00000
97.3 42.10247 14 1.00000
97.4 42.19233 14 1.00000
97.5 42.28252 14 1.00000
97.6 42.37250 14 1.00000
97.7 42.46280 14 1.00000
97.8 42.55286 14 1.00000
97.9 42.64289 14 1.00000
98.0 42.73325 14 1.00000
98.1 42.82345 14 1.00000
98.2 42.91387 14 1.00000
98.3 43.00409 14 1.00000
98.4 43.09434 14 1.00000
98.5 43.18480 14 1.00000
98.6 43.27517 14 1.00000
98.7 43.36569 14 1.00000
98.8 43.45607 14 1.00000
98.9 43.54647 14 1.00000
99.0 43.63719 14 1.00000
99.1 40.50000 14 1.00000
99.2 40.50000 14 1.00000
99.3 40.50000 14 1.00000
99.4 40.50000 14 1.00000
99.5 40.50000 14 1.00000
99.6 40.50000 14 1.00000
99.7 40.50000 14 1.00000
99.8 40.50000 14 1.00000
99.9 40.50000 14 1.00000
100.0 40.50000 14 1.00000
100.1 40.50000 14 1.00000
100.2 40.50000 14 1.00000
100.3 40.50000 14 1.00000
100.4 40.50000 14 1.00000
100.5 40.50000 14 1.00000
100.6 40.50000 14 1.00000
100.7 40.50000 14 1.00000
100.8 40.50000 14 1.00000
100.9 40.50000 14 1.00000
101.0 40.50000 14 1.00000
101.1 40.50000 14 1.00000
101.2 40.50000 14 1.00000
101.3 40.50000 14 1.00000
101.4 40.50000 14 1.00000
101.5 40.50000 14 1.00000
101.6 40.50000 14 1.00000
101.7 40.50000 14 1.00000
101.8 40.50000 14 1.00000
101.9 40.50000 14 1.00000
102.0 40.50000 14 1.00000
102.1 40.50000 14 1.00000
102.2 40.50000 14 1.00000
102.3 40.50000 14 1.00000
102.4 40.50000 14 1.00000
102.5 40.50000 14 1.00000
102.6 40.50000 14 1.00000
102.7 40.50000 14 1.00000
102.8 40.50000 14 1.00000
102.9 40.50000 14 1.00000
103.0 40.50000 14 1.00000
103.1 40.50000 14 1.00000
103.2 40.50000 14 1.00000
103.3 40.50000 14 1.00000
103.4 40.50000 14 1.00000
103.5 40.50000 14 1.00000
103.6 40.50000 14 1.00000
103.7 40.50000 14 1.00000
103.8 40.50000 14 1.00000
103.9 40.50000 14 1.00000
104.0 40.50000 14 1.00000
104.1 40.50000 14 1.00000
104.2 40.50000 14 1.00000
104.3 40.50000 14 1.00000
104.4 40.50000 14 1.00000
104.5 40.50000 14 1.00000
104.6 40.50000 14 1.00000
104.7 40.50000 14 1.00000
104.8 40.50000 14 1.00000
104.9 40.50000 14 1.00000
105.0 40.50000 14 1.00000
105.1 40.50000 14 1.00000
105.2 40.50000 14 1.00000
105.3 40.50000 14 1.00000
105.4 40.50000 14 1.00000
105.5 40.50000 14 1.00000
105.6 40.50000 14 1.00000
105.7 40.50000 14 1.00000
105.8 40.50000 14 1.00000
105.9 40.50000 14 1.00000
106.0 40.50000 14 1.00000
106.1 40.50000 14 1.00000
106.2 40.50000 14 1.00000
106.3 40.50000 14 1.00000
106.4 40.50000 14 1.00000
106.5 40.50000 14 1.00000
106.6 40.50000 14 1.00000
106.7 40.50000 14 1.00000
106.8 40.50000 14 1.00000
106.9 40.50000 14 1.00000
107.0 40.50000 14 1.00000
107.1 40.50000 14 1.00000
107.2 40.50000 14 1.00000
107.3 40.50000 14 1.00000
107.4 40.50000 14 1.00000
107.5 40.50000 14 1.00000
107.6 40.50000 14 1.00000
107.7 40.50000 14 1.00000
107.8 40.50000 14 1.00000
107.9 40.50000 14 1.00000
108.0 40.50000 14 1.00000
108.1 40.50000 14 1.00000
108.2 40.50000 14 1.00000
108.3 40.50000 14 1.00000
108.4 40.50000 14 1.00000
108.5 40.50000 14 1.00000
108.6 40.50000 14 1.00000
108.7 40.50000 14 1.00000
108.8 40.50000 14 1.00000
108.9 40.50000 14 1.00000
109.0 40.50000 14 1.00000
109.1 40.50000 14 1.00000
109.2 40.50000 14 1.00000
109.3 40.50000 14 1.00000
109.4 40.50000 14 1.00000
109.5 40.50000 14 1.00000
109.6 40.50000 14 1.00000
109.7 40.50000 14 1.00000
109.8 40.50000 14 1.00000
109.9 40.50000 14 1.00000
110.0 40.50000 14 1.00000
110.1 40.50000 14 1.00000
110.2 40.50000 14 1.00000
110.3 40.50000 14 1.00000
110.4 40.50000 14 1.00000
110.5 40.50000 14 1.00000
110.6 40.50000 14 1.00000
110.7 40.50000 14 1.00000
110.8 40.50000 14 1.00000
110.9 40.50000 14 1.00000
111.0 40.50000 14 1.00000
111.1 40.50000 14 1.00000
111.2 40.50000 14 1.00000
111.3 40.50000 14 1.00000
111.4 40.50000 14 1.00000
111.5 40.50000 14 1.00000
111.6 40.50000 14 1.00000
111.7 40.50000 14 1.00000
111.8 40.50000 14 1.00000
111.9 40.50000 14 1.00000
112.0 40.50000 14 1.00000
112.1 40.50000 14 1.00000
112.2 40.50000 14 1.00000
112.3 40.50000 14 1.00000
112.4 40.50000 14 1.00000
112.5 40.50000 14 1.00000
112.6 40.50000 14 1.00000
112.7 40.50000 14 1.00000
112.8 40.50000 14 1.00000
112.9 40.50000 14 1.00000
113.0 40.50000 14 1.00000
113.1 40.50000 14 1.00000
113.2 40.50000 14 1.00000
113.3 40.50000 14 1.00000
113.4 40.50000 14 1.00000
113.5 40.50000 14 1.00000
113.6 40.50000 14 1.00000
113.7 40.50000 14 1.00000
113.8 40.50000 14 1.00000
113.9 40.50000 14 1.00000
114.0 40.50000 14 1.00000
114.1 40.50000 14 1.00000
114.2 40.50000 14 1.00000
114.3 40.50000 14 1.00000
114.4 40.50000 14 1.00000
114.5 40.50000 14 1.00000
114.6 40.50000 14 1.00000
114.7 40.50000 14 1.00000
114.8 40.50000 14 1.00000
114.9 40.50000 14 1.00000
115.0 40.50000 14 1.00000
115.1 40.50000 14 1.00000
115.2 40.50000 14 1.00000
115.3 40.50000 14 1.00000
115.4 40.50000 14 1.00000
115.5 40.50000 14 1.00000
115.6 40.50000 14 1.00000
115.7 40.50000 14 1.00000
115.8 40.50000 14 1.00000
115.9 40.50000 14 1.00000
116.0 40.50000 14 1.00000
116.1 40.50000 14 1.00000
116.2 40.50000 14 1.00000
116.3 40.50000 14 1.00000
116.4 40.50000 14 1.00000
116.5 40.50000 14 1.00000
116.6 40.50000 14 1.00000
116.7 40.50000 14 1.00000
116.8 40.50000 14 1.00000
116.9 40.50000 14 1.00000
117.0 40.50000 14 1.00000
117.1 40.50000 14 1.00000
117.2 40.50000 14 1.00000
117.3 40.50000 14 1.00000
117.4 40.50000 14 1.00000
117.5 40.50000 14 1.00000
117.6 40.50000 14 1.00000
117.7 40.50000 14 1.00000
117.8 40.50000 14 1.00000
117.9 40.50000 14 1.00000
118.0 40.50000 14 1.00000
118.1 40.50000 14 1.00000
118.2 40.50000 14 1.00000
118.3 40.50000 14 1.00000
118.4 40.50000 14 1.00000
118.5 40.50000 14 1.00000
118.6 40.50000 14 1.00000
118.7 40.50000 14 1.00000
118.8 40.50000 14 1.00000
118.9 40.50000 14 1.00000
119.0 40.50000 14 1.00000
119.1 40.50000 14 1.00000
119.2 40.50000 14 1.00000
119.3 40.50000 14 1.00000
119.4 40.50000 14 1.00000
119.5 40.50000 14 1.00000
119.6 40.50000 14 1.00000
119.7 40.50000 14 1.00000
119.8 40.50000 14 1.00000
119.9 40.50000 14 1.00000
120.0 40.50000 14 1.00000
120.1 40.50000 14 1.00000
120.2 40.50000 14 1.00000
120.3 40.50000 14 1.00000
120.4 40.50000 14 1.00000
120.5 40.50000 14 1.00000
120.6 40.50000 14 1.00000
120.7 40.50000 14 1.00000
120.8 40.50000 14 1.00000
120.9 40.50000 14 1.00000
121.0 40.50000 14 1.00000
121.1 40.50000 14 1.00000
121.2 40.50000 14 1.00000
121.3 40.50000 14 1.00000
121.4 40.50000 14 1.00000
121.5 40.50000 14 1.00000
121.6 40.50000 14 1.00000
121.7 40.50000 14 1.00000
121.8 40.50000 14 1.00000
121.9 40.50000 14 1.00000
122.0 40.50000 14 1.00000
122.1 40.50000 14 1.00000
122.2 40.50000 14 1.00000
122.3 40.50000 14 1.00000
122.4 40.50000 14 1.00000
122.5 40.50000 14 1.00000
122.6 40.50000 14 1.00000
122.7 40.50000 14 1.00000
122.8 40.50000 14 1.00000
122.9 40.50000 14 1.00000
123.0 40.50000 14 1.00000
123.1 40.50000 14 1.00000
123.2 40.50000 14 1.00000
123.3 40.50000 14 1.00000
123.4 40.50000 14 1.00000
123.5 40.50000 14 1.00000
123.6 40.50000 14 1.00000
123.7 40.50000 14 1.00000
123.8 40.50000 14 1.00000
123.9 40.50000 14 1.00000
124.0 40.50000 14 1.00000
124.1 40.50000 14 1.00000
124.2 40.50000 14 1.00000
124.3 40.50000 14 1.00000
124.4 40.50000 14 1.00000
124.5 40.50000 14 1.00000
124.6 40.50000 14 1.00000
124.7 40.50000 14 1.00000
124.8 40.50000 14 1.00000
124.9 40.50000 14 1.00000
125.0 40.50000 14 1.00000
125.1 40.50000 14 1.00000
125.2 40.50000 14 1.00000
125.3 40.50000 14 1.00000
125.4 40.50000 14 1.00000
125.5 40.50000 14 1.00000
125.6 40.50000 14 1.00000
125.7 40.50000 14 1.00000
125.8 40.50000 14 1.00000
125.9 40.50000 14 1.00000
126.0 40.50000 14 1.00000
126.1 40.50000 14 1.00000
126.2 40.50000 14 1.00000
126.3 40.50000 14 1.00000
126.4 40.50000 14 1.00000
126.5 40.50000 14 1.00000
126.6 40.50000 14 1.00000
126.7 40.50000 14 1.00000
126.8 40.50000 14 1.00000
126.9 40.50000 14 1.00000
127.0 40.50000 14 1.00000
127.1 40.50000 14 1.00000
127.2 40.50000 14 1.00000
127.3 40.50000 14 1.00000
127.4 40.50000 14 1.00000
127.5 40.50000 14 1.00000
127.6 40.50000 14 1.00000
127.7 40.50000 14 1.00000
127.8 40.50000 14 1.00000
127.9 40.50000 14 1.00000
128.0 40.50000 14 1.00000
128.1 40.50000 14 1.00000
128.2 40.50000 14 1.00000
128.3 40.50000 14 1.00000
128.4 40.50000 14 1.00000
128.5 40.50000 14 1.00000
128.6 40.50000 14 1.00000
128.7 40.50000 14 1.00000
128.8 40.50000 14 1.00000
128.9 40.50000 14 1.00000
129.0 40.50000 14 1.00000
129.1 40.50000 14 1.00000
129.2 40.50000 14 1.00000
129.3 40.50000 14 1.00000
129.4 40.50000 14 1.00000
129.5 40.50000 14 1.00000
129.6 40.50000 14 1.00000
129.7 40.50000 14 1.00000
129.8 40.50000 14 1.00000
129.9 40.50000 14 1.00000
130.0 40.50000 14 1.00000
130.1 40.50000 14 1.00000
130.2 40.50000 14 1.00000
130.3 40.50000 14 1.00000
130.4 40.50000 14 1.00000
130.5 40.50000 14 1.00000
130.6 40.50000 14 1.00000
130.7 40.50000 14 1.00000
130.8 40.50000 14 1.00000
130.9 40.50000 14 1.00000
131.0 40.50000 14 1.00000
131.1 40.50000 14 1.00000
131.2 40.50000 14 1.00000
131.3 40.50000 14 1.00000
131.4 40.50000 14 1.00000
131.5 40.50000 14 1.00000
131.6 40.50000 14 1.00000
131.7 40.50000 14 1.00000
131.8 40.50000 14 1.00000
131.9 40.50000 14 1.00000
132.0 40.50000 14 1.00000
132.1 40.50000 14 1.00000
132.2 40.50000 14 1.00000
132.3 40.50000 14 1.00000
132.4 40.50000 14 1.00000
132.5 40.50000 14 1.00000
132.6 40.50000 14 1.00000
132.7 40.50000 14 1.00000
132.8 40.50000 14 1.00000
132.9 40.50000 14 1.00000
133.0 40.50000 14 1.00000
133.1 40.50000 14 1.00000
133.2 40.50000 14 1.00000
133.3 40.50000 14 1.00000
133.4 40.50000 14 1.00000
133.5 40.50000 14 1.00000
133.6 40.50000 14 1.00000
133.7 40.50000 14 1.00000
133.8 40.50000 14 1.00000
133.9 40.50000 14 1.00000
134.0 40.50000 14 1.00000
134.1 40.50000 14 1.00000
134.2 40.50000 14 1.00000
134.3 40.50000 14 1.00000
134.4 40.50000 14 1.00000
134.5 40.50000 14 1.00000
134.6 40.50000 14 1.00000
134.7 40.50000 14 1.00000
134.8 40.50000 14 1.00000
134.9 40.50000 14 1.00000
135.0 40.50000 14 1.00000
135.1 40.50000 14 1.00000
135.2 40.50000 14 1.00000
135.3 40.50000 14 1.00000
135.4 40.50000 14 1.00000
135.5 40.50000 14 1.00000
135.6 40.50000 14 1.00000
135.7 40.50000 14 1.00000
135.8 40.50000 14 1.00000
135.9 40.50000 14 1.00000
136.0 40.50000 14 1.00000
136.1 40.50000 14 1.00000
136.2 40.50000 14 1.00000
136.3 40.50000 14 1.00000
136.4 40.50000 14 1.00000
136.5 40.50000 14 1.00000
136.6 40.50000 14 1.00000
136.7 40.50000 14 1.00000
136.8 40.50000 14 1.00000
136.9 40.50000 14 1.00000
137.0 40.50000 14 1.00000
137.1 40.50000 14 1.00000
137.2 40.50000 14 1.00000
137.3 40.50000 14 1.00000
137.4 40.50000 14 1.00000
137.5 40.50000 14 1.00000
137.6 40.50000 14 1.00000
137.7 40.50000 14 1.00000
137.8 40.50000 14 1.00000
137.9 40.50000 14 1.00000
138.0 40.50000 14 1.00000
138.1 40.50000 14 1.00000
138.2 40.50000 14 1.00000
138.3 40.50000 14 1.00000
138.4 40.50000 14 1.00000
138.5 0.00000 15 0.00000
138.6 40.50000 14 1.00000
138.7 40.50000 14 1.00000
138.8 40.50000 14 1.00000
138.9 40.50000 14 1.00000
139.0 40.50000 14 1.00000
139.1 40.50000 14 1.00000
139.2 40.50000 14 1.00000
139.3 40.50000 14 1.00000
139.4 40.50000 14 1.00000
139.5 40.50000 14 1.00000
139.6 40.50000 14 1.00000
139.7 40.50000 14 1.00000
139.8 40.50000 14 1.00000
139.9 40.50000 14 1.00000
140.0 40.50000 14 1.00000
140.1 40.50000 14 1.00000
140.2 40.50000 14 1.00000
140.3 40.50000 14 1.00000
140.4 40.50000 14 1.00000
140.5 40.50000 14 1.00000
140.6 40.50000 14 1.00000
140.7 40.50000 14 1.00000
140.8 40.50000 14 1.00000
140.9 40.50000 14 1.00000
141.0 40.50000 14 1.00000
141.1 0.00000 15 0.00000
141.2 40.50000 14 1.00000
141.3 40.50000 14 1.00000
141.4 40.50000 14 1.00000
141.5 40.50000 14 1.00000
141.6 0.00000 15 0.00000
141.7 40.50000 14 1.00000
141.8 40.50000 14 1.00000
141.9 40.50000 14 1.00000
142.0 40.50000 14 1.00000
142.1 0.00000 15 0.00000
142.2 40.50000 14 1.00000
142.3 40.50000 14 1.00000
142.4 40.50000 14 1.00000
142.5 40.50000 14 1.00000
142.6 0.00000 15 0.00000
142.7 40.50000 14 1.00000
142.8 40.50000 14 1.00000
142.9 40.50000 14 1.00000
143.0 40.50000 14 1.00000
143.1 0.00000 15 0.00000
143.2 40.50000 14 1.00000
143.3 40.50000 14 1.00000
143.4 40.50000 14 1.00000
143.5 40.50000 14 1.00000
143.6 0.00000 15 0.00000
143.7 0.00000 15 0.00000
143.8 40.50000 14 1.00000
143.9 40.50000 14 1.00000
144.0 40.50000 14 1.00000
144.1 0.00000 15 0.00000
144.2 0.00000 15 0.00000
144.3 0.00000 15 0.00000
144.4 40.50000 14 1.00000
144.5 40.50000 14 1.00000
144.6 0.00000 15 0.00000
144.7 0.00000 15 0.00000
144.8 0.00000 15 0.00000
144.9 0.00000 15 0.00000
145.0 40.50000 14 1.00000
145.1 0.00000 15 0.00000
145.2 0.00000 15 0.00000
145.3 0.00000 15 0.00000
145.4 0.00000 15 0.00000
145.5 0.00000 15 0.00000
145.6 0.00000 15 0.00000
145.7 0.00000 15 0.00000
145.8 0.00000 15 0.00000
145.9 0.00000 15 0.00000
146.0 0.00000 15 0.00000
146.1 0.00000 15 0.00000
146.2 0.00000 15 0.00000
146.3 0.00000 15 0.00000
146.4 0.00000 15 0.00000
146.5 0.00000 15 0.00000
146.6 0.00000 15 0.00000
146.7 0.00000 15 0.00000
146.8 0.00000 15 0.00000
146.9 0.00000 15 0.00000
147.0 0.00000 15 0.00000
147.1 0.00000 15 0.00000
147.2 0.00000 15 0.00000
147.3 0.00000 15 0.00000
147.4 0.00000 15 0.00000
147.5 0.00000 15 0.00000
147.6 0.00000 15 0.00000
147.7 0.00000 15 0.00000
147.8 0.00000 15 0.00000
147.9 0.00000 15 0.00000
148.0 0.00000 15 0.00000
148.1 0.00000 15 0.00000
148.2 0.00000 15 0.00000
148.3 0.00000 15 0.00000
148.4 0.00000 15 0.00000
148.5 0.00000 15 0.00000
148.6 0.00000 15 0.00000
148.7 0.00000 15 0.00000
148.8 0.00000 15 0.00000
148.9 0.00000 15 0.00000
149.0 0.00000 15 0.00000
149.1 0.00000 15 0.00000
149.2 0.00000 15 0.00000
149.3 0.00000 15 0.00000
149.4 0.00000 15 0.00000
149.5 0.00000 15 0.00000
149.6 0.00000 15 0.00000
149.7 0.00000 15 0.00000
149.8 0.00000 15 0.00000
149.9 0.00000 15 0.00000
150.0 0.00000 15 0.00000
150.1 0.00000 15 0.00000
150.2 0.00000 15 0.00000
150.3 0.00000 15 0.00000
150.4 0.00000 15 0.00000
150.5 0.00000 15 0.00000
150.6 0.00000 15 0.00000
150.7 0.00000 15 0.00000
150.8 0.00000 15 0.00000
150.9 0.00000 15 0.00000
151.0 0.00000 15 0.00000
151.1 0.00000 15 0.00000
151.2 0.00000 15 0.00000
151.3 0.00000 15 0.00000
151.4 0.00000 15 0.00000
151.5 0.00000 15 0.00000
151.6 0.00000 15 0.00000
151.7 0.00000 15 0.00000
151.8 0.00000 15 0.00000
151.9 0.00000 15 0.00000
152.0 0.00000 15 0.00000
152.1 0.00000 15 0.00000
152.2 0.00000 15 0.00000
152.3 0.00000 15 0.00000
152.4 0.00000 15 0.00000
152.5 0.00000 15 0.00000
152.6 0.00000 15 0.00000
152.7 0.00000 15 0.00000
152.8 0.00000 15 0.00000
152.9 0.00000 15 0.00000
153.0 0.00000 15 0.00000
153.1 0.00000 15 0.00000
153.2 0.00000 15 0.00000
153.3 0.00000 15 0.00000
153.4 0.00000 15 0.00000
153.5 0.00000 15 0.00000
153.6 0.00000 15 0.00000
153.7 0.00000 15 0.00000
153.8 0.00000 15 0.00000
153.9 0.00000 15 0.00000
154.0 0.00000 15 0.00000
154.1 0.00000 15 0.00000
154.2 0.00000 15 0.00000
154.3 0.00000 15 0.00000
154.4 0.00000 15 0.00000
154.5 0.00000 15 0.00000
154.6 0.00000 15 0.00000
154.7 0.00000 15 0.00000
154.8 0.00000 15 0.00000
154.9 0.00000 15 0.00000
155.0 0.00000 15 0.00000
155.1 0.00000 15 0.00000
155.2 0.00000 15 0.00000
155.3 0.00000 15 0.00000
155.4 0.00000 15 0.00000
155.5 0.00000 15 0.00000
155.6 0.00000 15 0.00000
155.7 0.00000 15 0.00000
155.8 0.00000 15 0.00000
155.9 0.00000 15 0.00000
156.0 0.00000 15 0.00000
156.1 0.00000 15 0.00000
156.2 0.00000 15 0.00000
156.3 0.00000 15 0.00000
156.4 0.00000 15 0.00000
156.5 0.00000 15 0.00000
156.6 0.00000 15 0.00000
156.7 0.00000 15 0.00000
156.8 0.00000 15 0.00000
156.9 0.00000 15 0.00000
157.0 0.00000 15 0.00000
157.1 0.00000 15 0.00000
157.2 0.00000 15 0.00000
157.3 0.00000 15 0.00000
157.4 0.00000 15 0.00000
157.5 0.00000 15 0.00000
157.6 0.00000 15 0.00000
157.7 0.00000 15 0.00000
157.8 0.00000 15 0.00000
157.9 0.00000 15 0.00000
158.0 0.00000 15 0.00000
158.1 0.00000 15 0.00000
158.2 0.00000 15 0.00000
158.3 0.00000 15 0.00000
158.4 0.00000 15 0.00000
158.5 0.00000 15 0.00000
158.6 0.00000 15 0.00000
158.7 0.00000 15 0.00000
158.8 0.00000 15 0.00000
158.9 0.00000 15 0.00000
159.0 0.00000 15 0.00000
159.1 0.00000 15 0.00000
159.2 0.00000 15 0.00000
159.3 0.00000 15 0.00000
159.4 0.00000 15 0.00000
159.5 0.00000 15 0.00000
159.6 0.00000 15 0.00000
159.7 0.00000 15 0.00000
159.8 0.00000 15 0.00000
159.9 0.00000 15 0.00000
160.0 0.00000 15 0.00000
160.1 0.00000 15 0.00000
160.2 0.00000 15 0.00000
160.3 0.00000 15 0.00000
160.4 0.00000 15 0.00000
160.5 0.00000 15 0.00000
160.6 0.00000 15 0.00000
160.7 0.00000 15 0.00000
160.8 0.00000 15 0.00000
160.9 0.00000 15 0.00000
161.0 0.00000 15 0.00000
161.1 0.00000 15 0.00000
161.2 0.00000 15 0.00000
161.3 0.00000 15 0.00000
161.4 0.00000 15 0.00000
161.5 0.00000 15 0.00000
161.6 0.00000 15 0.00000
161.7 0.00000 15 0.00000
161.8 0.00000 15 0.00000
161.9 0.00000 15 0.00000
162.0 0.00000 15 0.00000
162.1 0.00000 15 0.00000
162.2 0.00000 15 0.00000
162.3 0.00000 15 0.00000
162.4 0.00000 15 0.00000
162.5 0.00000 15 0.00000
162.6 0.00000 15 0.00000
162.7 0.00000 15 0.00000
162.8 0.00000 15 0.00000
162.9 0.00000 15 0.00000
163.0 0.00000 15 0.00000
163.1 0.00000 15 0.00000
163.2 0.00000 15 0.00000
163.3 0.00000 15 0.00000
163.4 0.00000 15 0.00000
163.5 0.00000 15 0.00000
163.6 0.00000 15 0.00000
163.7 0.00000 15 0.00000
163.8 0.00000 15 0.00000
163.9 0.00000 15 0.00000
164.0 0.00000 15 0.00000
164.1 0.00000 15 0.00000
164.2 0.00000 15 0.00000
164.3 0.00000 15 0.00000
164.4 0.00000 15 0.00000
164.5 0.00000 15 0.00000
164.6 0.00000 15 0.00000
164.7 0.00000 15 0.00000
164.8 0.00000 15 0.00000
164.9 0.00000 15 0.00000
165.0 0.00000 15 0.00000
165.1 0.00000 15 0.00000
165.2 0.00000 15 0.00000
165.3 0.00000 15 0.00000
165.4 0.00000 15 0.00000
165.5 0.00000 15 0.00000
165.6 0.00000 15 0.00000
165.7 0.00000 15 0.00000
165.8 0.00000 15 0.00000
165.9 0.00000 15 0.00000
166.0 0.00000 15 0.00000
166.1 0.00000 15 0.00000
166.2 0.00000 15 0.00000
166.3 0.00000 15 0.00000
166.4 0.00000 15 0.00000
166.5 0.00000 15 0.00000
166.6 0.00000 15 0.00000
166.7 0.00000 15 0.00000
166.8 0.00000 15 0.00000
166.9 0.00000 15 0.00000
167.0 0.00000 15 0.00000
167.1 0.00000 15 0.00000
167.2 0.00000 15 0.00000
167.3 0.00000 15 0.00000
167.4 0.00000 15 0.00000
167.5 0.00000 15 0.00000
167.6 0.00000 15 0.00000
167.7 0.00000 15 0.00000
167.8 0.00000 15 0.00000
167.9 0.00000 15 0.00000
168.0 0.00000 15 0.00000
168.1 0.00000 15 0.00000
168.2 0.00000 15 0.00000
168.3 0.00000 15 0.00000
168.4 0.00000 15 0.00000
168.5 0.00000 15 0.00000
168.6 0.00000 15 0.00000
168.7 0.00000 15 0.00000
168.8 0.00000 15 0.00000
168.9 0.00000 15 0.00000
169.0 0.00000 15 0.00000
169.1 0.00000 15 0.00000
169.2 0.00000 15 0.00000
169.3 0.00000 15 0.00000
169.4 0.00000 15 0.00000
169.5 0.00000 15 0.00000
169.6 0.00000 15 0.00000
169.7 0.00000 15 0.00000
169.8 0.00000 15 0.00000
169.9 0.00000 15 0.00000
170.0 0.00000 15 0.00000
170.1 0.00000 15 0.00000
170.2 0.00000 15 0.00000
170.3 0.00000 15 0.00000
170.4 0.00000 15 0.00000
170.5 0.00000 15 0.00000
170.6 0.00000 15 0.00000
170.7 0.00000 15 0.00000
170.8 0.00000 15 0.00000
170.9 0.00000 15 0.00000
171.0 0.00000 15 0.00000
171.1 0.00000 15 0.00000
171.2 0.00000 15 0.00000
171.3 0.00000 15 0.00000
171.4 0.00000 15 0.00000
171.5 0.00000 15 0.00000
171.6 0.00000 15 0.00000
171.7 0.00000 15 0.00000
171.8 0.00000 15 0.00000
171.9 0.00000 15 0.00000
172.0 0.00000 15 0.00000
172.1 0.00000 15 0.00000
172.2 0.00000 15 0.00000
172.3 0.00000 15 0.00000
172.4 0.00000 15 0.00000
172.5 0.00000 15 0.00000
172.6 0.00000 15 0.00000
172.7 0.00000 15 0.00000
172.8 0.00000 15 0.00000
172.9 0.00000 15 0.00000
173.0 0.00000 15 0.00000
173.1 0.00000 15 0.00000
173.2 0.00000 15 0.00000
173.3 0.00000 15 0.00000
173.4 0.00000 15 0.00000
173.5 0.00000 15 0.00000
173.6 0.00000 15 0.00000
173.7 0.00000 15 0.00000
173.8 0.00000 15 0.00000
173.9 0.00000 15 0.00000
174.0 0.00000 15 0.00000
174.1 0.00000 15 0.00000
174.2 0.00000 15 0.00000
174.3 0.00000 15 0.00000
174.4 0.00000 15 0.00000
174.5 0.00000 15 0.00000
174.6 0.00000 15 0.00000
174.7 0.00000 15 0.00000
174.8 0.00000 15 0.00000
174.9 0.00000 15 0.00000
175.0 0.00000 15 0.00000
175.1 0.00000 15 0.00000
175.2 0.00000 15 0.00000
175.3 0.00000 15 0.00000
175.4 0.00000 15 0.00000
175.5 0.00000 15 0.00000
175.6 0.00000 15 0.00000
175.7 0.00000 15 0.00000
175.8 0.00000 15 0.00000
175.9 0.00000 15 0.00000
176.0 0.00000 15 0.00000
176.1 0.00000 15 0.00000
176.2 0.00000 15 0.00000
176.3 0.00000 15 0.00000
176.4 0.00000 15 0.00000
176.5 0.00000 15 0.00000
176.6 0.00000 15 0.00000
176.7 0.00000 15 0.00000
176.8 0.00000 15 0.00000
176.9 0.00000 15 0.00000
177.0 0.00000 15 0.00000
177.1 0.00000 15 0.00000
177.2 0.00000 15 0.00000
177.3 0.00000 15 0.00000
177.4 0.00000 15 0.00000
177.5 0.00000 15 0.00000
177.6 0.00000 15 0.00000
177.7 0.00000 15 0.00000
177.8 0.00000 15 0.00000
177.9 0.00000 15 0.00000
178.0 0.00000 15 0.00000
178.1 0.00000 15 0.00000
178.2 0.00000 15 0.00000
178.3 0.00000 15 0.00000
178.4 0.00000 15 0.00000
178.5 0.00000 15 0.00000
178.6 0.00000 15 0.00000
178.7 0.00000 15 0.00000
178.8 0.00000 15 0.00000
178.9 0.00000 15 0.00000
179.0 0.00000 15 0.00000
179.1 0.00000 15 0.00000
179.2 0.00000 15 0.00000
179.3 0.00000 15 0.00000
179.4 0.00000 15 0.00000
179.5 0.00000 15 0.00000
179.6 0.00000 15 0.00000
179.7 0.00000 15 0.00000
179.8 0.00000 15 0.00000
179.9 0.00000 15 0.00000
180.0 0.00000 15 0.00000
180.1 0.00000 15 0.00000
180.2 0.00000 15 0.00000
180.3 0.00000 15 0.00000
180.4 0.00000 15 0.00000
180.5 0.00000 15 0.00000
180.6 0.00000 15 0.00000
180.7 0.00000 15 0.00000
180.8 0.00000 15 0.00000
180.9 0.00000 15 0.00000
181.0 0.00000 15 0.00000
181.1 0.00000 15 0.00000
181.2 0.00000 15 0.00000
181.3 0.00000 15 0.00000
181.4 0.00000 15 0.00000
181.5 0.00000 15 0.00000
181.6 0.00000 15 0.00000
181.7 0.00000 15 0.00000
181.8 0.00000 15 0.00000
181.9 0.00000 15 0.00000
182.0 0.00000 15 0.00000
182.1 0.00000 15 0.00000
182.2 0.00000 15 0.00000
182.3 0.00000 15 0.00000
182.4 0.00000 15 0.00000
182.5 0.00000 15 0.00000
182.6 0.00000 15 0.00000
182.7 0.00000 15 0.00000
182.8 0.00000 15 0.00000
182.9 0.00000 15 0.00000
183.0 0.00000 15 0.00000
183.1 0.00000 15 0.00000
183.2 0.00000 15 0.00000
183.3 0.00000 15 0.00000
183.4 0.00000 15 0.00000
183.5 0.00000 15 0.00000
183.6 0.00000 15 0.00000
183.7 0.00000 15 0.00000
183.8 0.00000 15 0.00000
183.9 0.00000 15 0.00000
184.0 0.00000 15 0.00000
184.1 0.00000 15 0.00000
184.2 0.00000 15 0.00000
184.3 0.00000 15 0.00000
184.4 0.00000 15 0.00000
184.5 0.00000 15 0.00000
184.6 0.00000 15 0.00000
184.7 0.00000 15 0.00000
184.8 0.00000 15 0.00000
184.9 0.00000 15 0.00000
185.0 0.00000 15 0.00000
185.1 0.00000 15 0.00000
185.2 0.00000 15 0.00000
185.3 0.00000 15 0.00000
185.4 0.00000 15 0.00000
185.5 0.00000 15 0.00000
185.6 0.00000 15 0.00000
185.7 0.00000 15 0.00000
185.8 0.00000 15 0.00000
185.9 0.00000 15 0.00000
186.0 0.00000 15 0.00000
186.1 0.00000 15 0.00000
186.2 0.00000 15 0.00000
186.3 0.00000 15 0.00000
186.4 0.00000 15 0.00000
186.5 0.00000 15 0.00000
186.6 0.00000 15 0.00000
186.7 0.00000 15 0.00000
186.8 0.00000 15 0.00000
186.9 0.00000 15 0.00000
187.0 0.00000 15 0.00000
187.1 0.00000 15 0.00000
187.2 0.00000 15 0.00000
187.3 0.00000 15 0.00000
187.4 0.00000 15 0.00000
187.5 0.00000 15 0.00000
187.6 0.00000 15 0.00000
187.7 0.00000 15 0.00000
187.8 0.00000 15 0.00000
187.9 0.00000 15 0.00000
188.0 0.00000 15 0.00000
188.1 0.00000 15 0.00000
188.2 0.00000 15 0.00000
188.3 0.00000 15 0.00000
188.4 0.00000 15 0.00000
188.5 0.00000 15 0.00000
188.6 0.00000 15 0.00000
188.7 0.00000 15 0.00000
188.8 0.00000 15 0.00000
188.9 0.00000 15 0.00000
189.0 0.00000 15 0.00000
189.1 0.00000 15 0.00000
189.2 0.00000 15 0.00000
189.3 0.00000 15 0.00000
189.4 0.00000 15 0.00000
189.5 0.00000 15 0.00000
189.6 0.00000 15 0.00000
189.7 0.00000 15 0.00000
189.8 0.00000 15 0.00000
189.9 0.00000 15 0.00000
190.0 0.00000 15 0.00000
190.1 0.00000 15 0.00000
190.2 0.00000 15 0.00000
190.3 0.00000 15 0.00000
190.4 0.00000 15 0.00000
190.5 0.00000 15 0.00000
190.6 0.00000 15 0.00000
190.7 0.00000 15 0.00000
190.8 0.00000 15 0.00000
190.9 0.00000 15 0.00000
191.0 0.00000 15 0.00000
191.1 0.00000 15 0.00000
191.2 0.00000 15 0.00000
191.3 0.00000 15 0.00000
191.4 0.00000 15 0.00000
191.5 0.00000 15 0.00000
191.6 0.00000 15 0.00000
191.7 0.00000 15 0.00000
191.8 0.00000 15 0.00000
191.9 0.00000 15 0.00000
192.0 0.00000 15 0.00000
192.1 0.00000 15 0.00000
192.2 0.00000 15 0.00000
192.3 0.00000 15 0.00000
192.4 0.00000 15 0.00000
192.5 0.00000 15 0.00000
192.6 0.00000 15 0.00000
192.7 0.00000 15 0.00000
192.8 0.00000 15 0.00000
192.9 0.00000 15 0.00000
193.0 0.00000 15 0.00000
193.1 0.00000 15 0.00000
193.2 0.00000 15 0.00000
193.3 0.00000 15 0.00000
193.4 0.00000 15 0.00000
193.5 0.00000 15 0.00000
193.6 0.00000 15 0.00000
193.7 0.00000 15 0.00000
193.8 0.00000 15 0.00000
193.9 0.00000 15 0.00000
194.0 0.00000 15 0.00000
194.1 0.00000 15 0.00000
194.2 0.00000 15 0.00000
194.3 0.00000 15 0.00000
194.4 0.00000 15 0.00000
194.5 0.00000 15 0.00000
194.6 0.00000 15 0.00000
194.7 0.00000 15 0.00000
194.8 0.00000 15 0.00000
194.9 0.00000 15 0.00000
195.0 0.00000 15 0.00000
195.1 0.00000 15 0.00000
195.2 0.00000 15 0.00000
195.3 0.00000 15 0.00000
195.4 0.00000 15 0.00000
195.5 0.00000 15 0.00000
195.6 0.00000 15 0.00000
195.7 0.00000 15 0.00000
195.8 0.00000 15 0.00000
195.9 0.00000 15 0.00000
196.0 0.00000 15 0.00000
196.1 0.00000 15 0.00000
196.2 0.00000 15 0.00000
196.3 0.00000 15 0.00000
196.4 0.00000 15 0.00000
196.5 0.00000 15 0.00000
196.6 0.00000 15 0.00000
196.7 0.00000 15 0.00000
196.8 0.00000 15 0.00000
196.9 0.00000 15 0.00000
197.0 0.00000 15 0.00000
197.1 0.00000 15 0.00000
197.2 0.00000 15 0.00000
197.3 0.00000 15 0.00000
197.4 0.00000 15 0.00000
197.5 0.00000 15 0.00000
197.6 0.00000 15 0.00000
197.7 0.00000 15 0.00000
197.8 0.00000 15 0.00000
197.9 0.00000 15 0.00000
198.0 0.00000 15 0.00000
198.1 0.00000 15 0.00000
198.2 0.00000 15 0.00000
198.3 0.00000 15 0.00000
198.4 0.00000 15 0.00000
198.5 0.00000 15 0.00000
198.6 0.00000 15 0.00000
198.7 0.00000 15 0.00000
198.8 0.00000 15 0.00000
198.9 0.00000 15 0.00000
199.0 0.00000 15 0.00000
199.1 0.00000 15 0.00000
199.2 0.00000 15 0.00000
199.3 0.00000 15 0.00000
199.4 0.00000 15 0.00000
199.5 0.00000 15 0.00000
199.6 0.00000 15 0.00000
199.7 0.00000 15 0.00000
199.8 0.00000 15 0.00000
199.9 0.00000 15 0.00000
200.0 0.00000 15 0.00000
200.1 0.00000 15 0.00000
200.2 0.00000 15 0.00000
200.3 0.00000 15 0.00000
200.4 0.00000 15 0.00000
200.5 0.00000 15 0.00000
200.6 0.00000 15 0.00000
200.7 0.00000 15 0.00000
200.8 0.00000 15 0.00000
200.9 0.00000 15 0.00000
201.0 0.00000 15 0.00000
201.1 0.00000 15 0.00000
201.2 0.00000 15 0.00000
201.3 0.00000 15 0.00000
201.4 0.00000 15 0.00000
201.5 0.00000 15 0.00000
201.6 0.00000 15 0.00000
201.7 0.00000 15 0.00000
201.8 0.00000 15 0.00000
201.9 0.00000 15 0.00000
202.0 0.00000 15 0.00000
202.1 0.00000 15 0.00000
202.2 0.00000 15 0.00000
202.3 0.00000 15 0.00000
202.4 0.00000 15 0.00000
202.5 0.00000 15 0.00000
202.6 0.00000 15 0.00000
202.7 0.00000 15 0.00000
202.8 0.00000 15 0.00000
202.9 0.00000 15 0.00000
203.0 0.00000 15 0.00000
203.1 0.00000 15 0.00000
203.2 0.00000 15 0.00000
203.3 0.00000 15 0.00000
203.4 0.00000 15 0.00000
203.5 0.00000 15 0.00000
203.6 0.00000 15 0.00000
203.7 0.00000 15 0.00000
203.8 0.00000 15 0.00000
203.9 0.00000 15 0.00000
204.0 0.00000 15 0.00000
204.1 0.00000 15 0.00000
204.2 0.00000 15 0.00000
204.3 0.00000 15 0.00000
204.4 0.00000 15 0.00000
204.5 0.00000 15 0.00000
204.6 0.00000 15 0.00000
204.7 0.00000 15 0.00000
204.8 0.00000 15 0.00000
204.9 0.00000 15 0.00000
205.0 0.00000 15 0.00000
205.1 0.00000 15 0.00000
205.2 0.00000 15 0.00000
205.3 0.00000 15 0.00000
205.4 0.00000 15 0.00000
205.5 0.00000 15 0.00000
205.6 0.00000 15 0.00000
205.7 0.00000 15 0.00000
205.8 0.00000 15 0.00000
205.9 0.00000 15 0.00000
206.0 0.00000 15 0.00000
206.1 0.00000 15 0.00000
206.2 0.00000 15 0.00000
206.3 0.00000 15 0.00000
206.4 0.00000 15 0.00000
206.5 0.00000 15 0.00000
206.6 0.00000 15 0.00000
206.7 0.00000 15 0.00000
206.8 0.00000 15 0.00000
206.9 0.00000 15 0.00000
207.0 0.00000 15 0.00000
207.1 0.00000 15 0.00000
207.2 0.00000 15 0.00000
207.3 0.00000 15 0.00000
207.4 0.00000 15 0.00000
207.5 0.00000 15 0.00000
207.6 0.00000 15 0.00000
207.7 0.00000 15 0.00000
207.8 0.00000 15 0.00000
207.9 0.00000 15 0.00000
208.0 0.00000 15 0.00000
208.1 0.00000 15 0.00000
208.2 0.00000 15 0.00000
208.3 0.00000 15 0.00000
208.4 0.00000 15 0.00000
208.5 0.00000 15 0.00000
208.6 0.00000 15 0.00000
208.7 0.00000 15 0.00000
208.8 0.00000 15 0.00000
208.9 0.00000 15 0.00000
209.0 0.00000 15 0.00000
209.1 0.00000 15 0.00000
209.2 0.00000 15 0.00000
209.3 0.00000 15 0.00000
209.4 0.00000 15 0.00000
209.5 0.00000 15 0.00000
209.6 0.00000 15 0.00000
209.7 0.00000 15 0.00000
209.8 0.00000 15 0.00000
209.9 0.00000 15 0.00000
210.0 0.00000 15 0.00000
210.1 0.00000 15 0.00000
210.2 0.00000 15 0.00000
210.3 0.00000 15 0.00000
210.4 0.00000 15 0.00000
210.5 0.00000 15 0.00000
210.6 0.00000 15 0.00000
210.7 0.00000 15 0.00000
210.8 0.00000 15 0.00000
210.9 0.00000 15 0.00000
211.0 0.00000 15 0.00000
211.1 0.00000 15 0.00000
211.2 0.00000 15 0.00000
211.3 0.00000 15 0.00000
211.4 0.00000 15 0.00000
211.5 0.00000 15 0.00000
211.6 0.00000 15 0.00000
211.7 0.00000 15 0.00000
211.8 0.00000 15 0.00000
211.9 0.00000 15 0.00000
212.0 0.00000 15 0.00000
212.1 0.00000 15 0.00000
212.2 0.00000 15 0.00000
212.3 0.00000 15 0.00000
212.4 0.00000 15 0.00000
212.5 0.00000 15 0.00000
212.6 0.00000 15 0.00000
212.7 0.00000 15 0.00000
212.8 0.00000 15 0.00000
212.9 0.00000 15 0.00000
213.0 0.00000 15 0.00000
213.1 0.00000 15 0.00000
213.2 0.00000 15 0.00000
213.3 0.00000 15 0.00000
213.4 0.00000 15 0.00000
213.5 0.00000 15 0.00000
213.6 0.00000 15 0.00000
213.7 0.00000 15 0.00000
213.8 0.00000 15 0.00000
213.9 0.00000 15 0.00000
214.0 0.00000 15 0.00000
214.1 0.00000 15 0.00000
214.2 0.00000 15 0.00000
214.3 0.00000 15 0.00000
214.4 0.00000 15 0.00000
214.5 0.00000 15 0.00000
214.6 0.00000 15 0.00000
214.7 0.00000 15 0.00000
214.8 0.00000 15 0.00000
214.9 0.00000 15 0.00000
215.0 0.00000 15 0.00000
215.1 0.00000 15 0.00000
215.2 0.00000 15 0.00000
215.3 0.00000 15 0.00000
215.4 0.00000 15 0.00000
215.5 0.00000 15 0.00000
215.6 0.00000 15 0.00000
215.7 0.00000 15 0.00000
215.8 0.00000 15 0.00000
215.9 0.00000 15 0.00000
216.0 0.00000 15 0.00000
216.1 0.00000 15 0.00000
216.2 0.00000 15 0.00000
216.3 0.00000 15 0.00000
216.4 0.00000 15 0.00000
216.5 0.00000 15 0.00000
216.6 0.00000 15 0.00000
216.7 0.00000 15 0.00000
216.8 0.00000 15 0.00000
216.9 0.00000 15 0.00000
217.0 0.00000 15 0.00000
217.1 0.00000 15 0.00000
217.2 0.00000 15 0.00000
217.3 0.00000 15 0.00000
217.4 0.00000 15 0.00000
217.5 0.00000 15 0.00000
217.6 0.00000 15 0.00000
217.7 0.00000 15 0.00000
217.8 0.00000 15 0.00000
217.9 0.00000 15 0.00000
218.0 0.00000 15 0.00000
218.1 0.00000 15 0.00000
218.2 0.00000 15 0.00000
218.3 0.00000 15 0.00000
218.4 0.00000 15 0.00000
218.5 0.00000 15 0.00000
218.6 0.00000 15 0.00000
218.7 0.00000 15 0.00000
218.8 0.00000 15 0.00000
218.9 0.00000 15 0.00000
219.0 0.00000 15 0.00000
219.1 0.00000 15 0.00000
219.2 0.00000 15 0.00000
219.3 0.00000 15 0.00000
219.4 0.00000 15 0.00000
219.5 0.00000 15 0.00000
219.6 0.00000 15 0.00000
219.7 0.00000 15 0.00000
219.8 0.00000 15 0.00000
219.9 0.00000 15 0.00000
220.0 0.00000 15 0.00000
220.1 0.00000 15 0.00000
220.2 0.00000 15 0.00000
220.3 0.00000 15 0.00000
220.4 0.00000 15 0.00000
220.5 0.00000 15 0.00000
220.6 0.00000 15 0.00000
220.7 0.00000 15 0.00000
220.8 0.00000 15 0.00000
220.9 0.00000 15 0.00000
221.0 0.00000 15 0.00000
221.1 0.00000 15 0.00000
221.2 0.00000 15 0.00000
221.3 0.00000 15 0.00000
221.4 0.00000 15 0.00000
221.5 0.00000 15 0.00000
221.6 0.00000 15 0.00000
221.7 0.00000 15 0.00000
221.8 0.00000 15 0.00000
221.9 0.00000 15 0.00000
222.0 0.00000 15 0.00000
222.1 0.00000 15 0.00000
222.2 0.00000 15 0.00000
222.3 0.00000 15 0.00000
222.4 0.00000 15 0.00000
222.5 0.00000 15 0.00000
222.6 0.00000 15 0.00000
222.7 0.00000 15 0.00000
222.8 0.00000 15 0.00000
222.9 0.00000 15 0.00000
223.0 0.00000 15 0.00000
223.1 0.00000 15 0.00000
223.2 0.00000 15 0.00000
223.3 0.00000 15 0.00000
223.4 0.00000 15 0.00000
223.5 0.00000 15 0.00000
223.6 0.00000 15 0.00000
223.7 0.00000 15 0.00000
223.8 0.00000 15 0.00000
223.9 0.00000 15 0.00000
224.0 0.00000 15 0.00000
224.1 0.00000 15 0.00000
224.2 0.00000 15 0.00000
224.3 0.00000 15 0.00000
224.4 0.00000 15 0.00000
224.5 0.00000 15 0.00000
224.6 0.00000 15 0.00000
224.7 0.00000 15 0.00000
224.8 0.00000 15 0.00000
224.9 0.00000 15 0.00000
225.0 0.00000 15 0.00000
225.1 0.00000 15 0.00000
225.2 0.00000 15 0.00000
225.3 0.00000 15 0.00000
225.4 0.00000 15 0.00000
225.5 0.00000 15 0.00000
225.6 0.00000 15 0.00000
225.7 0.00000 15 0.00000
225.8 0.00000 15 0.00000
225.9 0.00000 15 0.00000
226.0 0.00000 15 0.00000
226.1 0.00000 15 0.00000
226.2 0.00000 15 0.00000
226.3 0.00000 15 0.00000
226.4 0.00000 15 0.00000
226.5 0.00000 15 0.00000
226.6 0.00000 15 0.00000
226.7 0.00000 15 0.00000
226.8 0.00000 15 0.00000
226.9 0.00000 15 0.00000
227.0 0.00000 15 0.00000
227.1 0.00000 15 0.00000
227.2 0.00000 15 0.00000
227.3 0.00000 15 0.00000
227.4 0.00000 15 0.00000
227.5 0.00000 15 0.00000
227.6 0.00000 15 0.00000
227.7 0.00000 15 0.00000
227.8 0.00000 15 0.00000
227.9 0.00000 15 0.00000
228.0 0.00000 15 0.00000
228.1 0.00000 15 0.00000
228.2 0.00000 15 0.00000
228.3 0.00000 15 0.00000
228.4 0.00000 15 0.00000
228.5 0.00000 15 0.00000
228.6 0.00000 15 0.00000
228.7 0.00000 15 0.00000
228.8 0.00000 15 0.00000
228.9 0.00000 15 0.00000
229.0 0.00000 15 0.00000
229.1 0.00000 15 0.00000
229.2 0.00000 15 0.00000
229.3 0.00000 15 0.00000
229.4 0.00000 15 0.00000
229.5 0.00000 15 0.00000
229.6 0.00000 15 0.00000
229.7 0.00000 15 0.00000
229.8 0.00000 15 0.00000
229.9 0.00000 15 0.00000
230.0 0.00000 15 0.00000
230.1 0.00000 15 0.00000
230.2 0.00000 15 0.00000
230.3 0.00000 15 0.00000
230.4 0.00000 15 0.00000
230.5 0.00000 15 0.00000
230.6 0.00000 15 0.00000
230.7 0.00000 15 0.00000
230.8 0.00000 15 0.00000
230.9 0.00000 15 0.00000
231.0 0.00000 15 0.00000
231.1 0.00000 15 0.00000
231.2 0.00000 15 0.00000
231.3 0.00000 15 0.00000
231.4 0.00000 15 0.00000
231.5 0.00000 15 0.00000
231.6 0.00000 15 0.00000
231.7 0.00000 15 0.00000
231.8 0.00000 15 0.00000
231.9 0.00000 15 0.00000
232.0 0.00000 15 0.00000
232.1 0.00000 15 0.00000
232.2 0.00000 15 0.00000
232.3 0.00000 15 0.00000
232.4 0.00000 15 0.00000
232.5 0.00000 15 0.00000
232.6 0.00000 15 0.00000
232.7 0.00000 15 0.00000
232.8 0.00000 15 0.00000
232.9 0.00000 15 0.00000
233.0 0.00000 15 0.00000
233.1 0.00000 15 0.00000
233.2 0.00000 15 0.00000
233.3 0.00000 15 0.00000
233.4 0.00000 15 0.00000
233.5 0.00000 15 0.00000
233.6 0.00000 15 0.00000
233.7 0.00000 15 0.00000
233.8 0.00000 15 0.00000
233.9 0.00000 15 0.00000
234.0 0.00000 15 0.00000
234.1 0.00000 15 0.00000
234.2 0.00000 15 0.00000
234.3 0.00000 15 0.00000
234.4 0.00000 15 0.00000
234.5 0.00000 15 0.00000
234.6 0.00000 15 0.00000
234.7 0.00000 15 0.00000
234.8 0.00000 15 0.00000
234.9 0.00000 15 0.00000
235.0 0.00000 15 0.00000
235.1 0.00000 15 0.00000
235.2 0.00000 15 0.00000
235.3 0.00000 15 0.00000
235.4 0.00000 15 0.00000
235.5 0.00000 15 0.00000
235.6 0.00000 15 0.00000
235.7 0.00000 15 0.00000
235.8 0.00000 15 0.00000
235.9 0.00000 15 0.00000
236.0 0.00000 15 0.00000
236.1 0.00000 15 0.00000
236.2 0.00000 15 0.00000
236.3 0.00000 15 0.00000
236.4 0.00000 15 0.00000
236.5 0.00000 15 0.00000
236.6 0.00000 15 0.00000
236.7 0.00000 15 0.00000
236.8 0.00000 15 0.00000
236.9 0.00000 15 0.00000
237.0 0.00000 15 0.00000
237.1 0.00000 15 0.00000
237.2 0.00000 15 0.00000
237.3 0.00000 15 0.00000
237.4 0.00000 15 0.00000
237.5 0.00000 15 0.00000
237.6 0.00000 15 0.00000
237.7 0.00000 15 0.00000
237.8 0.00000 15 0.00000
237.9 0.00000 15 0.00000
238.0 0.00000 15 0.00000
238.1 0.00000 15 0.00000
238.2 0.00000 15 0.00000
238.3 0.00000 15 0.00000
238.4 0.00000 15 0.00000
238.5 0.00000 15 0.00000
238.6 0.00000 15 0.00000
238.7 0.00000 15 0.00000
238.8 0.00000 15 0.00000
238.9 0.00000 15 0.00000
239.0 0.00000 15 0.00000
239.1 0.00000 15 0.00000
239.2 0.00000 15 0.00000
239.3 0.00000 15 0.00000
239.4 0.00000 15 0.00000
239.5 0.00000 15 0.00000
239.6 0.00000 15 0.00000
239.7 0.00000 15 0.00000
239.8 0.00000 15 0.00000
239.9 0.00000 15 0.00000
240.0 0.00000 15 0.00000
240.1 0.00000 15 0.00000
240.2 0.00000 15 0.00000
240.3 0.00000 15 0.00000
240.4 0.00000 15 0.00000
240.5 0.00000 15 0.00000
240.6 0.00000 15 0.00000
240.7 0.00000 15 0.00000
240.8 0.00000 15 0.00000
240.9 0.00000 15 0.00000
241.0 0.00000 15 0.00000
241.1 0.00000 15 0.00000
241.2 0.00000 15 0.00000
241.3 0.00000 15 0.00000
241.4 0.00000 15 0.00000
241.5 0.00000 15 0.00000
241.6 0.00000 15 0.00000
241.7 0.00000 15 0.00000
241.8 0.00000 15 0.00000
241.9 0.00000 15 0.00000
242.0 0.00000 15 0.00000
242.1 0.00000 15 0.00000
242.2 0.00000 15 0.00000
242.3 0.00000 15 0.00000
242.4 0.00000 15 0.00000
242.5 0.00000 15 0.00000
242.6 0.00000 15 0.00000
242.7 0.00000 15 0.00000
242.8 0.00000 15 0.00000
242.9 0.00000 15 0.00000
243.0 0.00000 15 0.00000
243.1 0.00000 15 0.00000
243.2 0.00000 15 0.00000
243.3 0.00000 15 0.00000
243.4 0.00000 15 0.00000
243.5 0.00000 15 0.00000
243.6 0.00000 15 0.00000
243.7 0.00000 15 0.00000
243.8 0.00000 15 0.00000
243.9 0.00000 15 0.00000
244.0 0.00000 15 0.00000
244.1 0.00000 15 0.00000
244.2 0.00000 15 0.00000
244.3 0.00000 15 0.00000
244.4 0.00000 15 0.00000
244.5 0.00000 15 0.00000
244.6 0.00000 15 0.00000
244.7 0.00000 15 0.00000
244.8 0.00000 15 0.00000
244.9 0.00000 15 0.00000
245.0 0.00000 15 0.00000
245.1 0.00000 15 0.00000
245.2 0.00000 15 0.00000
245.3 0.00000 15 0.00000
245.4 0.00000 15 0.00000
245.5 0.00000 15 0.00000
245.6 0.00000 15 0.00000
245.7 0.00000 15 0.00000
245.8 0.00000 15 0.00000
245.9 0.00000 15 0.00000
246.0 0.00000 15 0.00000
246.1 0.00000 15 0.00000
246.2 0.00000 15 0.00000
246.3 0.00000 15 0.00000
246.4 0.00000 15 0.00000
246.5 0.00000 15 0.00000
246.6 0.00000 15 0.00000
246.7 0.00000 15 0.00000
246.8 0.00000 15 0.00000
246.9 0.00000 15 0.00000
247.0 0.00000 15 0.00000
247.1 0.00000 15 0.00000
247.2 0.00000 15 0.00000
247.3 0.00000 15 0.00000
247.4 0.00000 15 0.00000
247.5 0.00000 15 0.00000
247.6 0.00000 15 0.00000
247.7 0.00000 15 0.00000
247.8 0.00000 15 0.00000
247.9 0.00000 15 0.00000
248.0 0.00000 15 0.00000
248.1 0.00000 15 0.00000
248.2 0.00000 15 0.00000
248.3 0.00000 15 0.00000
248.4 0.00000 15 0.00000
248.5 0.00000 15 0.00000
248.6 0.00000 15 0.00000
248.7 0.00000 15 0.00000
248.8 0.00000 15 0.00000
248.9 0.00000 15 0.00000
249.0 0.00000 15 0.00000
249.1 0.00000 15 0.00000
249.2 0.00000 15 0.00000
249.3 0.00000 15 0.00000
249.4 0.00000 15 0.00000
249.5 0.00000 15 0.00000
249.6 0.00000 15 0.00000
249.7 0.00000 15 0.00000
249.8 0.00000 15 0.00000
249.9 0.00000 15 0.00000
250.0 0.00000 15 0.00000
