15.0 2.21882 13 0.09855
15.1 2.26212 13 0.10229
15.2 2.30579 13 0.10605
15.3 2.34990 13 0.10980
15.4 2.39436 13 0.11358
15.5 2.43915 13 0.11737
15.6 2.48431 13 0.12116
15.7 2.53977 14 0.12497
15.8 2.60143 14 0.12879
15.9 2.66414 14 0.13262
16.0 2.72793 14 0.13647
16.1 2.79280 14 0.14032
16.2 2.85876 14 0.14418
16.3 2.92581 14 0.14805
16.4 2.99397 14 0.15193
16.5 3.06323 14 0.15582
16.6 3.13209 14 0.15976
16.7 3.20352 14 0.16367
16.8 3.27607 14 0.16759
16.9 3.34978 14 0.17152
17.0 3.42462 14 0.17546
17.1 3.50060 14 0.17941
17.2 3.57773 14 0.18336
17.3 3.65604 14 0.18732
17.4 3.73552 14 0.19130
17.5 3.81616 14 0.19528
17.6 3.89799 14 0.19927
17.7 3.98034 14 0.20326
17.8 4.05159 14 0.20726
17.9 4.12025 14 0.21132
18.0 4.19232 14 0.21534
18.1 4.26504 14 0.21937
18.2 4.33841 14 0.22340
18.3 4.41243 14 0.22745
18.4 4.48711 14 0.23150
18.5 4.56244 14 0.23556
18.6 4.63842 14 0.23962
18.7 4.71505 14 0.24369
18.8 4.79234 14 0.24777
18.9 4.87096 14 0.25185
19.0 4.97123 14 0.25782
19.1 5.08804 14 0.26456
19.2 5.20661 14 0.27138
19.3 5.32695 14 0.27826
19.4 5.44908 14 0.28520
19.5 5.57302 14 0.29222
19.6 5.69870 14 0.29930
19.7 5.82622 14 0.30645
19.8 5.95557 14 0.31367
19.9 6.08754 14 0.32095
20.0 6.21502 14 0.32834
20.1 6.34987 14 0.33577
20.2 6.48661 14 0.34327
20.3 6.62513 14 0.35084
20.4 6.76561 14 0.35848
20.5 6.96740 14 0.36634
20.6 7.11090 14 0.37413
20.7 7.25638 14 0.38199
20.8 7.37462 14 0.38807
20.9 7.44886 14 0.39174
21.0 7.52971 14 0.39541
21.1 7.61099 14 0.39908
21.2 7.69269 14 0.40276
21.3 7.77477 14 0.40645
21.4 7.85728 14 0.41015
21.5 7.94018 14 0.41386
21.6 8.02345 14 0.41759
21.7 8.10710 14 0.42132
21.8 8.18293 14 0.42509
21.9 8.26839 14 0.42884
22.0 8.35325 14 0.43260
22.1 8.43848 14 0.43638
22.2 8.52409 14 0.44016
22.3 8.61010 14 0.44395
22.4 8.69633 14 0.44776
22.5 8.78294 14 0.45157
22.6 8.86993 14 0.45540
22.7 8.94780 14 0.45926
22.8 9.03672 14 0.46310
22.9 9.12482 14 0.46696
23.0 9.21323 14 0.47082
23.1 9.30200 14 0.47470
23.2 9.39099 14 0.47859
23.3 9.48034 14 0.48249
23.4 9.56996 14 0.48639
23.5 9.64755 14 0.49034
23.6 9.74063 14 0.49427
23.7 9.83128 14 0.49821
23.8 9.92224 14 0.50216
23.9 10.01353 14 0.50612
24.0 10.10513 14 0.51009
24.1 10.19674 14 0.51407
24.2 10.28869 14 0.51807
24.3 10.36665 14 0.52210
24.4 10.46063 14 0.52611
24.5 10.55528 14 0.53014
24.6 10.64845 14 0.53417
24.7 10.74188 14 0.53822
24.8 10.83557 14 0.54228
24.9 10.92939 14 0.54635
25.0 11.02329 14 0.55043
25.1 11.10095 14 0.55455
25.2 11.19613 14 0.55865
25.3 11.29382 14 0.56276
25.4 11.38883 14 0.56689
25.5 11.48399 14 0.57102
25.6 11.57934 14 0.57517
25.7 11.67483 14 0.57933
25.8 11.77046 14 0.58350
25.9 11.84711 14 0.58771
26.0 11.94338 14 0.59190
26.1 12.04354 14 0.59609
26.2 12.13991 14 0.60031
26.3 12.23637 14 0.60453
26.4 12.33301 14 0.60877
26.5 12.42965 14 0.61302
26.6 12.52644 14 0.61728
26.7 12.60139 14 0.62158
26.8 12.69922 14 0.62586
26.9 12.80087 14 0.63015
27.0 12.89795 14 0.63446
27.1 12.99530 14 0.63877
27.2 13.09263 14 0.64310
27.3 13.19005 14 0.64744
27.4 13.28752 14 0.65180
27.5 13.35958 14 0.65619
27.6 13.45742 14 0.66056
27.7 13.56074 14 0.66494
27.8 13.65864 14 0.66934
27.9 13.75648 14 0.67375
28.0 13.85431 14 0.67817
28.1 13.95173 14 0.68261
28.2 14.01982 14 0.68708
28.3 14.11709 14 0.69154
28.4 14.21521 14 0.69601
28.5 14.31902 14 0.70049
28.6 14.41669 14 0.70498
28.7 14.51433 14 0.70949
28.8 14.61191 14 0.71400
28.9 14.70944 14 0.71853
29.0 14.77258 14 0.72310
29.1 14.86918 14 0.72766
29.2 14.96915 14 0.73222
29.3 15.07060 14 0.73680
29.4 15.16752 14 0.74139
29.5 15.26449 14 0.74599
29.6 15.36110 14 0.75061
29.7 15.41979 14 0.75526
29.8 15.51526 14 0.75990
29.9 15.61060 14 0.76455
30.0 15.70888 14 0.76921
30.1 15.81028 14 0.77389
30.2 15.90562 14 0.77857
30.3 16.00087 14 0.78328
30.4 16.05428 14 0.78801
30.5 16.14823 14 0.79274
30.6 16.24176 14 0.79748
30.7 16.33512 14 0.80223
30.8 16.43023 14 0.80699
30.9 16.53201 14 0.81177
31.0 16.62516 14 0.81656
31.1 16.67259 14 0.82138
31.2 16.76426 14 0.82619
31.3 16.85546 14 0.83102
31.4 16.94625 14 0.83586
31.5 17.03674 14 0.84072
31.6 17.13081 14 0.84558
31.7 17.17962 14 0.85047
31.8 17.26915 14 0.85537
31.9 17.35817 14 0.86027
32.0 17.44639 14 0.86519
32.1 17.53430 14 0.87012
32.2 17.62191 14 0.87506
32.3 17.65557 14 0.88003
32.4 17.74139 14 0.88500
32.5 17.84005 14 0.88998
32.6 17.92539 14 0.89498
32.7 18.01011 14 0.89998
32.8 18.03782 14 0.90502
32.9 18.12037 14 0.91005
33.0 18.20233 14 0.91510
33.1 18.28388 14 0.92016
33.2 18.36500 14 0.92523
33.3 18.40026 14 0.93032
33.4 18.47992 14 0.93542
33.5 18.55875 14 0.94054
33.6 18.57522 14 0.94567
33.7 18.65151 14 0.95081
33.8 18.72725 14 0.95596
33.9 18.73851 14 0.96113
34.0 18.81181 14 0.96631
34.1 18.82122 14 0.97150
34.2 18.65023 14 0.97672
34.3 18.71716 14 0.98194
34.4 18.78345 14 0.98716
34.5 18.84848 14 0.99241
34.6 18.91247 14 0.99766
34.7 18.92420 14 1.00000
34.8 18.89345 14 1.00000
34.9 18.86197 14 1.00000
35.0 18.83964 14 1.00000
35.1 18.81556 14 1.00000
35.2 18.78281 14 1.00000
35.3 18.74841 14 1.00000
35.4 18.71296 14 1.00000
35.5 18.67665 14 1.00000
35.6 18.53843 14 1.00000
35.7 18.50122 14 1.00000
35.8 18.46207 14 1.00000
35.9 18.44421 14 1.00000
36.0 18.29285 14 1.00000
36.1 18.25313 14 1.00000
36.2 18.21274 14 1.00000
36.3 18.17176 14 1.00000
36.4 18.12987 14 1.00000
36.5 17.97348 14 1.00000
36.6 17.93064 14 1.00000
36.7 17.89183 14 1.00000
36.8 17.86281 14 1.00000
36.9 17.81797 14 1.00000
37.0 17.65647 14 1.00000
37.1 16.28750 14 1.00000
37.2 14.25825 14 1.00000
37.3 13.81572 14 1.00000
37.4 13.82702 14 1.00000
37.5 13.83263 14 1.00000
37.6 13.76611 14 1.00000
37.7 13.73215 14 1.00000
37.8 13.67324 14 1.00000
37.9 13.60658 14 1.00000
38.0 13.59929 14 1.00000
38.1 13.60554 14 1.00000
38.2 13.52150 14 1.00000
38.3 13.48135 14 1.00000
38.4 13.48090 14 1.00000
38.5 13.44122 14 1.00000
38.6 13.40023 14 1.00000
38.7 13.40823 14 1.00000
38.8 13.32904 14 1.00000
38.9 13.28274 14 1.00000
39.0 13.29226 14 1.00000
39.1 13.22131 14 1.00000
39.2 13.19249 14 1.00000
39.3 13.09805 14 0.99563
39.4 12.94982 14 0.98860
39.5 12.89618 14 0.98605
39.6 12.84886 14 0.98379
39.7 12.79830 14 0.98137
39.8 12.66608 14 0.97502
39.9 12.52485 14 0.96820
40.0 12.38095 14 0.96121
40.1 12.40486 14 0.96238
40.2 12.23499 14 0.95408
40.3 12.21495 14 0.95309
40.4 12.16840 14 0.95081
40.5 12.26661 14 0.95563
40.6 12.40293 14 0.96228
40.7 12.45141 14 0.96464
40.8 12.49786 14 0.96689
40.9 12.53755 14 0.96882
41.0 12.65619 14 0.97454
41.1 12.79011 14 0.98098
41.2 12.88614 14 0.98557
41.3 13.03957 14 0.99287
41.4 13.11112 14 0.99625
41.5 13.17789 14 0.99941
41.6 13.21483 14 1.00000
41.7 13.24316 14 1.00000
41.8 13.27099 14 1.00000
41.9 13.29839 14 1.00000
42.0 13.35693 14 1.00000
42.1 13.41443 14 1.00000
42.2 13.46390 14 1.00000
42.3 13.50712 14 1.00000
42.4 13.54628 14 1.00000
42.5 13.61203 14 1.00000
42.6 13.64221 14 1.00000
42.7 13.67220 14 1.00000
42.8 13.70162 14 1.00000
42.9 13.73017 14 1.00000
43.0 13.75765 14 1.00000
43.1 13.78720 14 1.00000
43.2 13.85582 14 1.00000
43.3 13.91122 14 1.00000
43.4 13.95955 14 1.00000
43.5 14.00258 14 1.00000
43.6 14.04128 14 1.00000
43.7 14.10782 14 1.00000
43.8 14.13822 14 1.00000
43.9 14.16844 14 1.00000
44.0 14.19828 14 1.00000
44.1 14.22751 14 1.00000
44.2 14.26064 14 1.00000
44.3 14.28868 14 1.00000
44.4 14.32270 14 1.00000
44.5 14.39243 14 1.00000
44.6 14.43561 14 1.00000
44.7 14.48893 14 1.00000
44.8 14.52627 14 1.00000
44.9 14.57697 14 1.00000
45.0 14.62539 14 1.00000
45.1 14.66436 14 1.00000
45.2 14.70980 14 1.00000
45.3 14.74842 14 1.00000
45.4 14.79417 14 1.00000
45.5 14.83171 14 1.00000
45.6 14.87805 14 1.00000
45.7 14.91548 14 1.00000
45.8 14.96214 14 1.00000
45.9 14.99940 14 1.00000
46.0 15.04626 14 1.00000
46.1 15.08354 14 1.00000
46.2 15.13043 14 1.00000
46.3 15.16932 14 1.00000
46.4 15.21457 14 1.00000
46.5 15.25447 14 1.00000
46.6 15.29777 14 1.00000
46.7 15.33952 14 1.00000
46.8 15.36888 14 1.00000
46.9 15.42567 14 1.00000
47.0 15.45973 14 1.00000
47.1 15.50916 14 1.00000
47.2 15.54885 14 1.00000
47.3 15.57045 14 1.00000
47.4 15.63709 14 1.00000
47.5 15.66766 14 1.00000
47.6 15.66872 14 1.00000
47.7 15.76166 14 1.00000
47.8 15.78670 14 1.00000
47.9 15.84529 14 1.00000
48.0 15.88559 14 1.00000
48.1 15.88600 14 1.00000
48.2 15.97665 14 1.00000
48.3 16.01048 14 1.00000
48.4 16.01272 14 1.00000
48.5 16.06180 14 1.00000
48.6 16.13888 14 1.00000
48.7 16.14073 14 1.00000
48.8 16.18797 14 1.00000
48.9 16.26941 14 1.00000
49.0 16.27178 14 1.00000
49.1 16.31023 14 1.00000
49.2 16.40202 14 1.00000
49.3 16.42737 14 1.00000
49.4 16.43097 14 1.00000
49.5 16.49937 14 1.00000
49.6 16.56843 14 1.00000
49.7 16.57148 14 1.00000
49.8 16.60920 14 1.00000
49.9 16.68034 14 1.00000
50.0 16.73625 14 1.00000
50.1 16.74090 14 1.00000
50.2 16.78603 14 1.00000
50.3 16.85524 14 1.00000
50.4 16.90791 14 1.00000
50.5 16.91423 14 1.00000
50.6 16.95272 14 1.00000
50.7 17.02349 14 1.00000
50.8 17.08435 14 1.00000
50.9 17.08978 14 1.00000
51.0 17.11356 14 1.00000
51.1 17.18480 14 1.00000
51.2 17.26198 14 1.00000
51.3 17.29196 14 1.00000
51.4 17.30109 14 1.00000
51.5 17.33731 14 1.00000
51.6 17.40606 14 1.00000
51.7 17.47643 14 1.00000
51.8 17.50830 14 1.00000
51.9 17.51746 14 1.00000
52.0 17.55092 14 1.00000
52.1 17.61840 14 1.00000
52.2 17.69430 14 1.00000
52.3 17.73026 14 1.00000
52.4 17.75400 14 1.00000
52.5 17.76281 14 1.00000
52.6 17.81972 14 1.00000
52.7 17.86424 14 1.00000
52.8 17.95339 14 1.00000
52.9 17.98805 14 1.00000
53.0 17.99607 14 1.00000
53.1 18.02179 14 1.00000
53.2 18.07743 14 1.00000
53.3 18.16692 14 1.00000
53.4 18.21301 14 1.00000
53.5 18.25375 14 1.00000
53.6 18.28315 14 1.00000
53.7 18.29537 14 1.00000
53.8 18.31956 14 1.00000
53.9 18.38371 14 1.00000
54.0 18.47098 14 1.00000
54.1 18.51750 14 1.00000
54.2 18.55973 14 1.00000
54.3 18.59241 14 1.00000
54.4 18.60503 14 1.00000
54.5 18.63185 14 1.00000
54.6 18.74731 14 1.00000
54.7 18.80434 14 1.00000
54.8 18.82105 14 1.00000
54.9 18.86668 14 1.00000
55.0 18.90784 14 1.00000
55.1 18.94418 14 1.00000
55.2 18.95756 14 1.00000
55.3 19.03587 14 1.00000
55.4 19.08518 14 1.00000
55.5 19.14557 14 1.00000
55.6 19.19885 14 1.00000
55.7 19.21544 14 1.00000
55.8 19.26029 14 1.00000
55.9 19.30540 14 1.00000
56.0 19.34242 14 1.00000
56.1 19.40903 14 1.00000
56.2 19.40510 14 1.00000
56.3 19.46445 14 1.00000
56.4 19.52321 14 1.00000
56.5 19.58113 14 1.00000
56.6 19.63739 14 1.00000
56.7 19.65083 14 1.00000
56.8 19.70004 14 1.00000
56.9 19.74367 14 1.00000
57.0 19.73516 14 1.00000
57.1 19.75887 14 1.00000
57.2 19.81633 14 1.00000
57.3 19.87776 14 1.00000
57.4 19.93582 14 1.00000
57.5 19.99426 14 1.00000
57.6 20.05131 14 1.00000
57.7 20.10667 14 1.00000
57.8 20.16615 14 1.00000
57.9 20.21081 14 1.00000
58.0 20.22813 14 1.00000
58.1 20.26321 14 1.00000
58.2 20.28348 14 1.00000
58.3 20.32215 14 1.00000
58.4 20.35395 14 1.00000
58.5 20.38353 14 1.00000
58.6 20.42905 14 1.00000
58.7 20.48883 14 1.00000
58.8 20.54486 14 1.00000
58.9 20.60171 14 1.00000
59.0 20.63210 14 1.00000
59.1 20.71347 14 1.00000
59.2 20.76349 14 1.00000
59.3 20.81122 14 1.00000
59.4 20.85683 14 1.00000
59.5 20.90214 14 1.00000
59.6 20.94262 14 1.00000
59.7 20.98654 14 1.00000
59.8 21.02343 14 1.00000
59.9 21.06684 14 1.00000
60.0 21.08633 14 1.00000
60.1 21.12750 14 1.00000
60.2 21.21470 14 1.00000
60.3 21.23129 14 1.00000
60.4 21.26678 14 1.00000
60.5 21.32031 14 1.00000
60.6 21.37332 14 1.00000
60.7 21.42654 14 1.00000
60.8 21.48029 14 1.00000
60.9 21.53235 14 1.00000
61.0 21.58405 14 1.00000
61.1 21.63270 14 1.00000
61.2 21.69206 14 1.00000
61.3 21.73723 14 1.00000
61.4 21.74140 14 1.00000
61.5 21.78949 14 1.00000
61.6 21.84270 14 1.00000
61.7 21.88722 14 1.00000
61.8 21.93178 14 1.00000
61.9 21.96941 14 1.00000
62.0 22.01420 14 1.00000
62.1 22.05678 14 1.00000
62.2 22.09525 14 1.00000
62.3 22.12074 14 1.00000
62.4 22.16442 14 1.00000
62.5 22.20437 14 1.00000
62.6 22.24634 14 1.00000
62.7 22.28442 14 1.00000
62.8 22.32490 14 1.00000
62.9 22.36249 14 1.00000
63.0 22.39857 14 1.00000
63.1 22.43212 14 1.00000
63.2 22.47753 14 1.00000
63.3 22.52836 14 1.00000
63.4 22.61532 14 1.00000
63.5 22.70106 14 1.00000
63.6 22.72151 14 1.00000
63.7 22.76567 14 1.00000
63.8 22.81915 14 1.00000
63.9 22.86607 14 1.00000
64.0 22.91607 14 1.00000
64.1 22.96117 14 1.00000
64.2 23.01153 14 1.00000
64.3 23.05520 14 1.00000
64.4 23.10540 14 1.00000
64.5 23.15229 14 1.00000
64.6 23.20010 14 1.00000
64.7 23.24519 14 1.00000
64.8 23.23036 14 1.00000
64.9 23.32577 14 1.00000
65.0 23.41640 14 1.00000
65.1 23.47022 14 1.00000
65.2 23.50596 14 1.00000
65.3 23.55873 14 1.00000
65.4 23.55860 14 1.00000
65.5 23.60254 14 1.00000
65.6 23.65135 14 1.00000
65.7 23.69958 14 1.00000
65.8 23.74642 14 1.00000
65.9 23.79331 14 1.00000
66.0 23.83199 14 1.00000
66.1 23.88056 14 1.00000
66.2 23.92790 14 1.00000
66.3 23.97461 14 1.00000
66.4 24.02144 14 1.00000
66.5 24.06781 14 1.00000
66.6 24.11378 14 1.00000
66.7 24.15937 14 1.00000
66.8 24.20391 14 1.00000
66.9 24.24774 14 1.00000
67.0 24.30138 14 1.00000
67.1 24.34688 14 1.00000
67.2 24.39206 14 1.00000
67.3 24.43670 14 1.00000
67.4 24.48094 14 1.00000
67.5 24.52369 14 1.00000
67.6 24.61852 14 1.00000
67.7 24.57127 14 1.00000
67.8 24.67947 14 1.00000
67.9 24.72131 14 1.00000
68.0 24.76588 14 1.00000
68.1 24.80838 14 1.00000
68.2 24.85872 14 1.00000
68.3 24.90234 14 1.00000
68.4 24.94480 14 1.00000
68.5 24.98059 14 1.00000
68.6 25.03668 14 1.00000
68.7 25.07718 14 1.00000
68.8 25.17660 14 1.00000
68.9 25.22481 14 1.00000
69.0 25.25934 14 1.00000
69.1 25.31181 14 1.00000
69.2 25.27174 14 1.00000
69.3 25.41754 14 1.00000
69.4 25.45968 14 1.00000
69.5 25.49915 14 1.00000
69.6 25.54159 14 1.00000
69.7 25.58443 14 1.00000
69.8 25.62768 14 1.00000
69.9 25.66246 14 1.00000
70.0 25.70784 14 1.00000
70.1 25.75166 14 1.00000
70.2 25.79331 14 1.00000
70.3 25.83636 14 1.00000
70.4 25.87942 14 1.00000
70.5 25.90554 14 1.00000
70.6 25.87542 14 1.00000
70.7 26.02106 14 1.00000
70.8 26.06294 14 1.00000
70.9 26.10441 14 1.00000
71.0 26.14468 14 1.00000
71.1 26.18460 14 1.00000
71.2 26.21393 14 1.00000
71.3 26.26388 14 1.00000
71.4 26.29569 14 1.00000
71.5 26.34717 14 1.00000
71.6 26.38416 14 1.00000
71.7 26.41916 14 1.00000
71.8 26.46934 14 1.00000
71.9 26.50704 14 1.00000
72.0 26.54419 14 1.00000
72.1 26.58027 14 1.00000
72.2 26.61580 14 1.00000
72.3 26.65000 14 1.00000
72.4 26.76135 14 1.00000
72.5 26.88242 14 1.00000
72.6 26.84055 14 1.00000
72.7 26.87952 14 1.00000
72.8 26.94349 14 1.00000
72.9 26.99419 14 1.00000
73.0 27.05825 14 1.00000
73.1 27.10680 14 1.00000
73.2 27.16729 14 1.00000
73.3 27.21345 14 1.00000
73.4 27.27029 14 1.00000
73.5 27.34571 14 1.00000
73.6 27.41761 14 1.00000
73.7 27.43439 14 1.00000
73.8 27.48223 14 1.00000
73.9 27.54259 14 1.00000
74.0 27.59641 14 1.00000
74.1 27.62990 14 1.00000
74.2 27.68110 14 1.00000
74.3 27.72618 14 1.00000
74.4 27.77368 14 1.00000
74.5 27.83472 14 1.00000
74.6 27.87631 14 1.00000
74.7 27.91382 14 1.00000
74.8 27.97016 14 1.00000
74.9 28.00408 14 1.00000
75.0 28.05539 14 1.00000
75.1 28.10268 14 1.00000
75.2 28.19661 14 1.00000
75.3 28.24322 14 1.00000
75.4 28.28970 14 1.00000
75.5 28.32193 14 1.00000
75.6 28.35381 14 1.00000
75.7 28.41249 14 1.00000
75.8 28.44937 14 1.00000
75.9 28.48491 14 1.00000
76.0 28.52102 14 1.00000
76.1 28.56096 14 1.00000
76.2 28.60284 14 1.00000
76.3 28.64592 14 1.00000
76.4 28.66397 14 1.00000
76.5 28.71500 14 1.00000
76.6 28.76098 14 1.00000
76.7 28.79235 14 1.00000
76.8 28.82166 14 1.00000
76.9 28.84875 14 1.00000
77.0 28.87369 14 1.00000
77.1 28.98583 14 1.00000
77.2 29.10953 14 1.00000
77.3 29.06584 14 1.00000
77.4 29.13908 14 1.00000
77.5 29.18530 14 1.00000
77.6 29.26053 14 1.00000
77.7 29.30630 14 1.00000
77.8 29.37286 14 1.00000
77.9 29.41027 14 1.00000
78.0 29.50304 14 1.00000
78.1 29.55266 14 1.00000
78.2 29.58572 14 1.00000
78.3 29.65266 14 1.00000
78.4 29.70905 14 1.00000
78.5 29.75734 14 1.00000
78.6 29.79444 14 1.00000
78.7 29.84342 14 1.00000
78.8 29.90047 14 1.00000
78.9 29.93857 14 1.00000
79.0 29.98794 14 1.00000
79.1 30.01575 14 1.00000
79.2 30.15164 14 1.00000
79.3 30.19105 14 1.00000
79.4 30.21132 14 1.00000
79.5 30.25156 14 1.00000
79.6 30.30645 14 1.00000
79.7 30.23651 14 1.00000
79.8 30.30428 14 1.00000
79.9 30.40580 14 1.00000
80.0 30.44709 14 1.00000
80.1 30.49037 14 1.00000
80.2 30.51974 14 1.00000
80.3 30.56735 14 1.00000
80.4 30.57827 14 1.00000
80.5 30.64295 14 1.00000
80.6 30.67643 14 1.00000
80.7 30.70258 14 1.00000
80.8 30.72632 14 1.00000
80.9 30.74877 14 1.00000
81.0 30.78865 14 1.00000
81.1 30.84696 14 1.00000
81.2 30.93757 14 1.00000
81.3 31.01741 14 1.00000
81.4 31.09438 14 1.00000
81.5 31.14009 14 1.00000
81.6 31.20448 14 1.00000
81.7 31.24887 14 1.00000
81.8 31.31694 14 1.00000
81.9 31.37041 14 1.00000
82.0 31.44525 14 1.00000
82.1 31.50440 14 1.00000
82.2 31.53472 14 1.00000
82.3 31.58020 14 1.00000
82.4 31.63393 14 1.00000
82.5 31.70214 14 1.00000
82.6 31.74981 14 1.00000
82.7 31.78111 14 1.00000
82.8 31.83873 14 1.00000
82.9 31.86771 14 1.00000
83.0 31.92312 14 1.00000
83.1 32.04744 14 1.00000
83.2 32.08809 14 1.00000
83.3 32.08601 14 1.00000
83.4 32.12677 14 1.00000
83.5 32.20562 14 1.00000
83.6 32.24331 14 1.00000
83.7 32.28186 14 1.00000
83.8 32.31983 14 1.00000
83.9 32.34070 14 1.00000
84.0 32.39051 14 1.00000
84.1 32.42270 14 1.00000
84.2 32.46960 14 1.00000
84.3 32.48941 14 1.00000
84.4 32.53139 14 1.00000
84.5 32.58023 14 1.00000
84.6 32.61168 14 1.00000
84.7 32.63866 14 1.00000
84.8 32.65284 14 1.00000
84.9 32.69368 14 1.00000
85.0 32.73203 14 1.00000
85.1 32.86976 14 1.00000
85.2 32.94847 14 1.00000
85.3 32.93082 14 1.00000
85.4 33.00933 14 1.00000
85.5 33.07833 14 1.00000
85.6 33.15755 14 1.00000
85.7 33.19911 14 1.00000
85.8 33.31439 14 1.00000
85.9 33.30858 14 1.00000
86.0 33.36796 14 1.00000
86.1 33.44622 14 1.00000
86.2 33.50423 14 1.00000
86.3 33.55152 14 1.00000
86.4 33.60611 14 1.00000
86.5 33.65612 14 1.00000
86.6 33.70098 14 1.00000
86.7 33.75024 14 1.00000
86.8 33.80328 14 1.00000
86.9 33.85075 14 1.00000
87.0 33.89680 14 1.00000
87.1 33.92695 14 1.00000
87.2 33.98713 14 1.00000
87.3 34.06763 14 1.00000
87.4 34.07239 14 1.00000
87.5 34.21068 14 1.00000
87.6 34.22989 14 1.00000
87.7 34.27486 14 1.00000
87.8 34.32151 14 1.00000
87.9 34.36529 14 1.00000
88.0 34.40474 14 1.00000
88.1 34.39896 14 1.00000
88.2 34.45383 14 1.00000
88.3 34.39043 14 1.00000
88.4 34.56241 14 1.00000
88.5 34.57496 14 1.00000
88.6 34.58197 14 1.00000
88.7 34.66475 14 1.00000
88.8 34.71719 14 1.00000
88.9 34.73731 14 1.00000
89.0 34.79121 14 1.00000
89.1 34.82838 14 1.00000
89.2 34.86025 14 1.00000
89.3 34.88824 14 1.00000
89.4 34.91317 14 1.00000
89.5 34.93766 14 1.00000
89.6 34.98374 14 1.00000
89.7 35.07346 14 1.00000
89.8 35.16447 14 1.00000
89.9 35.23927 14 1.00000
90.0 35.30899 14 1.00000
90.1 35.35455 14 1.00000
90.2 35.44371 14 1.00000
90.3 35.50729 14 1.00000
90.4 35.58045 14 1.00000
90.5 35.64280 14 1.00000
90.6 35.63477 14 1.00000
90.7 35.68706 14 1.00000
90.8 35.71736 14 1.00000
90.9 35.82108 14 1.00000
91.0 35.89283 14 1.00000
91.1 35.94846 14 1.00000
91.2 36.00011 14 1.00000
91.3 36.05054 14 1.00000
91.4 36.09972 14 1.00000
91.5 36.14582 14 1.00000
91.6 36.18077 14 1.00000
91.7 36.24178 14 1.00000
91.8 36.28971 14 1.00000
91.9 36.31988 14 1.00000
92.0 36.37937 14 1.00000
92.1 36.41536 14 1.00000
92.2 36.46580 14 1.00000
92.3 36.57294 14 1.00000
92.4 36.60576 14 1.00000
92.5 36.66752 14 1.00000
92.6 36.71878 14 1.00000
92.7 36.76020 14 1.00000
92.8 36.79042 14 1.00000
92.9 36.82956 14 1.00000
93.0 36.88246 14 1.00000
93.1 36.92289 14 1.00000
93.2 36.95160 14 1.00000
93.3 37.00443 14 1.00000
93.4 37.02703 14 1.00000
93.5 37.08350 14 1.00000
93.6 37.11841 14 1.00000
93.7 37.13222 14 1.00000
93.8 37.19893 14 1.00000
93.9 37.23573 14 1.00000
94.0 37.26826 14 1.00000
94.1 37.29717 14 1.00000
94.2 37.32362 14 1.00000
94.3 37.35824 14 1.00000
94.4 37.45653 14 1.00000
94.5 37.54324 14 1.00000
94.6 37.61428 14 1.00000
94.7 37.68172 14 1.00000
94.8 37.75099 14 1.00000
94.9 37.81225 14 1.00000
95.0 37.87712 14 1.00000
95.1 37.93381 14 1.00000
95.2 37.99741 14 1.00000
95.3 38.03277 14 1.00000
95.4 38.10979 14 1.00000
95.5 38.16687 14 1.00000
95.6 38.24267 14 1.00000
95.7 38.29903 14 1.00000
95.8 38.33662 14 1.00000
95.9 38.38469 14 1.00000
96.0 38.44572 14 1.00000
96.1 38.49827 14 1.00000
96.2 38.54302 14 1.00000
96.3 38.58632 14 1.00000
96.4 38.66250 14 1.00000
96.5 38.71252 14 1.00000
96.6 38.75458 14 1.00000
96.7 38.78822 14 1.00000
96.8 38.85477 14 1.00000
96.9 38.88417 14 1.00000
97.0 38.94577 14 1.00000
97.1 38.97874 14 1.00000
97.2 39.03375 14 1.00000
97.3 39.13788 14 1.00000
97.4 39.19908 14 1.00000
97.5 39.24791 14 1.00000
97.6 39.28844 14 1.00000
97.7 39.31899 14 1.00000
97.8 39.37526 14 1.00000
97.9 39.41684 14 1.00000
98.0 39.44492 14 1.00000
98.1 39.50240 14 1.00000
98.2 39.51326 14 1.00000
98.3 39.58540 14 1.00000
98.4 39.59728 14 1.00000
98.5 39.66739 14 1.00000
98.6 39.70255 14 1.00000
98.7 39.71706 14 1.00000
98.8 39.78664 14 1.00000
98.9 39.82569 14 1.00000
99.0 39.86029 14 1.00000
99.1 39.89066 14 1.00000
99.2 39.91916 14 1.00000
99.3 40.00851 14 1.00000
99.4 40.09476 14 1.00000
99.5 40.13655 14 1.00000
99.6 40.24100 14 1.00000
99.7 40.27990 14 1.00000
99.8 40.37710 14 1.00000
99.9 40.41613 14 1.00000
100.0 40.50000 14 1.00000
100.1 40.50000 14 1.00000
100.2 40.50000 14 1.00000
100.3 40.50000 14 1.00000
100.4 40.50000 14 1.00000
100.5 40.50000 14 1.00000
100.6 40.50000 14 1.00000
100.7 40.50000 14 1.00000
100.8 40.50000 14 1.00000
100.9 40.50000 14 1.00000
101.0 40.50000 14 1.00000
101.1 40.50000 14 1.00000
101.2 40.50000 14 1.00000
101.3 40.50000 14 1.00000
101.4 40.50000 14 1.00000
101.5 40.50000 14 1.00000
101.6 40.50000 14 1.00000
101.7 40.50000 14 1.00000
101.8 40.50000 14 1.00000
101.9 40.50000 14 1.00000
102.0 40.50000 14 1.00000
102.1 40.50000 14 1.00000
102.2 40.50000 14 1.00000
102.3 40.50000 14 1.00000
102.4 40.50000 14 1.00000
102.5 40.50000 14 1.00000
102.6 40.50000 14 1.00000
102.7 40.50000 14 1.00000
102.8 40.50000 14 1.00000
102.9 40.50000 14 1.00000
103.0 40.50000 14 1.00000
103.1 40.50000 14 1.00000
103.2 40.50000 14 1.00000
103.3 40.50000 14 1.00000
103.4 40.50000 14 1.00000
103.5 40.50000 14 1.00000
103.6 40.50000 14 1.00000
103.7 40.50000 14 1.00000
103.8 40.50000 14 1.00000
103.9 40.50000 14 1.00000
104.0 40.50000 14 1.00000
104.1 40.50000 14 1.00000
104.2 40.50000 14 1.00000
104.3 40.50000 14 1.00000
104.4 40.50000 14 1.00000
104.5 40.50000 14 1.00000
104.6 40.50000 14 1.00000
104.7 40.50000 14 1.00000
104.8 40.50000 14 1.00000
104.9 40.50000 14 1.00000
105.0 40.50000 14 1.00000
105.1 40.50000 14 1.00000
105.2 40.50000 14 1.00000
105.3 40.50000 14 1.00000
105.4 40.50000 14 1.00000
105.5 40.50000 14 1.00000
105.6 40.50000 14 1.00000
105.7 40.50000 14 1.00000
105.8 40.50000 14 1.00000
105.9 40.50000 14 1.00000
106.0 40.50000 14 1.00000
106.1 40.50000 14 1.00000
106.2 40.50000 14 1.00000
106.3 40.50000 14 1.00000
106.4 40.50000 14 1.00000
106.5 40.50000 14 1.00000
106.6 40.50000 14 1.00000
106.7 40.50000 14 1.00000
106.8 40.50000 14 1.00000
106.9 40.50000 14 1.00000
107.0 40.50000 14 1.00000
107.1 40.50000 14 1.00000
107.2 40.50000 14 1.00000
107.3 40.50000 14 1.00000
107.4 40.50000 14 1.00000
107.5 40.50000 14 1.00000
107.6 40.50000 14 1.00000
107.7 40.50000 14 1.00000
107.8 40.50000 14 1.00000
107.9 40.50000 14 1.00000
108.0 40.50000 14 1.00000
108.1 40.50000 14 1.00000
108.2 40.50000 14 1.00000
108.3 40.50000 14 1.00000
108.4 40.50000 14 1.00000
108.5 40.50000 14 1.00000
108.6 40.50000 14 1.00000
108.7 40.50000 14 1.00000
108.8 40.50000 14 1.00000
108.9 40.50000 14 1.00000
109.0 40.50000 14 1.00000
109.1 40.50000 14 1.00000
109.2 40.50000 14 1.00000
109.3 40.50000 14 1.00000
109.4 40.50000 14 1.00000
109.5 40.50000 14 1.00000
109.6 40.50000 14 1.00000
109.7 40.50000 14 1.00000
109.8 40.50000 14 1.00000
109.9 40.50000 14 1.00000
110.0 40.50000 14 1.00000
110.1 40.50000 14 1.00000
110.2 40.50000 14 1.00000
110.3 40.50000 14 1.00000
110.4 40.50000 14 1.00000
110.5 40.50000 14 1.00000
110.6 40.50000 14 1.00000
110.7 40.50000 14 1.00000
110.8 40.50000 14 1.00000
110.9 40.50000 14 1.00000
111.0 40.50000 14 1.00000
111.1 40.50000 14 1.00000
111.2 40.50000 14 1.00000
111.3 40.50000 14 1.00000
111.4 40.50000 14 1.00000
111.5 40.50000 14 1.00000
111.6 40.50000 14 1.00000
111.7 40.50000 14 1.00000
111.8 40.50000 14 1.00000
111.9 40.50000 14 1.00000
112.0 40.50000 14 1.00000
112.1 40.50000 14 1.00000
112.2 40.50000 14 1.00000
112.3 40.50000 14 1.00000
112.4 40.50000 14 1.00000
112.5 40.50000 14 1.00000
112.6 40.50000 14 1.00000
112.7 40.50000 14 1.00000
112.8 40.50000 14 1.00000
112.9 40.50000 14 1.00000
113.0 40.50000 14 1.00000
113.1 40.50000 14 1.00000
113.2 40.50000 14 1.00000
113.3 40.50000 14 1.00000
113.4 40.50000 14 1.00000
113.5 40.50000 14 1.00000
113.6 40.50000 14 1.00000
113.7 40.50000 14 1.00000
113.8 40.50000 14 1.00000
113.9 40.50000 14 1.00000
114.0 40.50000 14 1.00000
114.1 40.50000 14 1.00000
114.2 40.50000 14 1.00000
114.3 40.50000 14 1.00000
114.4 40.50000 14 1.00000
114.5 40.50000 14 1.00000
114.6 40.50000 14 1.00000
114.7 40.50000 14 1.00000
114.8 40.50000 14 1.00000
114.9 40.50000 14 1.00000
115.0 40.50000 14 1.00000
115.1 40.50000 14 1.00000
115.2 40.50000 14 1.00000
115.3 40.50000 14 1.00000
115.4 40.50000 14 1.00000
115.5 40.50000 14 1.00000
115.6 40.50000 14 1.00000
115.7 40.50000 14 1.00000
115.8 40.50000 14 1.00000
115.9 40.50000 14 1.00000
116.0 40.50000 14 1.00000
116.1 40.50000 14 1.00000
116.2 40.50000 14 1.00000
116.3 40.50000 14 1.00000
116.4 40.50000 14 1.00000
116.5 40.50000 14 1.00000
116.6 40.50000 14 1.00000
116.7 40.50000 14 1.00000
116.8 40.50000 14 1.00000
116.9 40.50000 14 1.00000
117.0 40.50000 14 1.00000
117.1 40.50000 14 1.00000
117.2 40.50000 14 1.00000
117.3 40.50000 14 1.00000
117.4 40.50000 14 1.00000
117.5 40.50000 14 1.00000
117.6 40.50000 14 1.00000
117.7 40.50000 14 1.00000
117.8 40.50000 14 1.00000
117.9 40.50000 14 1.00000
118.0 40.50000 14 1.00000
118.1 40.50000 14 1.00000
118.2 40.50000 14 1.00000
118.3 40.50000 14 1.00000
118.4 40.50000 14 1.00000
118.5 40.50000 14 1.00000
118.6 40.50000 14 1.00000
118.7 40.50000 14 1.00000
118.8 40.50000 14 1.00000
118.9 40.50000 14 1.00000
119.0 40.50000 14 1.00000
119.1 40.50000 14 1.00000
119.2 40.50000 14 1.00000
119.3 40.50000 14 1.00000
119.4 40.50000 14 1.00000
119.5 40.50000 14 1.00000
119.6 40.50000 14 1.00000
119.7 40.50000 14 1.00000
119.8 40.50000 14 1.00000
119.9 40.50000 14 1.00000
120.0 40.50000 14 1.00000
120.1 40.50000 14 1.00000
120.2 40.50000 14 1.00000
120.3 40.50000 14 1.00000
120.4 40.50000 14 1.00000
120.5 40.50000 14 1.00000
120.6 40.50000 14 1.00000
120.7 40.50000 14 1.00000
120.8 40.50000 14 1.00000
120.9 40.50000 14 1.00000
121.0 40.50000 14 1.00000
121.1 40.50000 14 1.00000
121.2 40.50000 14 1.00000
121.3 40.50000 14 1.00000
121.4 40.50000 14 1.00000
121.5 40.50000 14 1.00000
121.6 40.50000 14 1.00000
121.7 40.50000 14 1.00000
121.8 40.50000 14 1.00000
121.9 40.50000 14 1.00000
122.0 40.50000 14 1.00000
122.1 40.50000 14 1.00000
122.2 40.50000 14 1.00000
122.3 40.50000 14 1.00000
122.4 40.50000 14 1.00000
122.5 40.50000 14 1.00000
122.6 40.50000 14 1.00000
122.7 40.50000 14 1.00000
122.8 40.50000 14 1.00000
122.9 40.50000 14 1.00000
123.0 40.50000 14 1.00000
123.1 40.50000 14 1.00000
123.2 40.50000 14 1.00000
123.3 40.50000 14 1.00000
123.4 40.50000 14 1.00000
123.5 40.50000 14 1.00000
123.6 40.50000 14 1.00000
123.7 40.50000 14 1.00000
123.8 40.50000 14 1.00000
123.9 40.50000 14 1.00000
124.0 40.50000 14 1.00000
124.1 40.50000 14 1.00000
124.2 40.50000 14 1.00000
124.3 40.50000 14 1.00000
124.4 40.50000 14 1.00000
124.5 40.50000 14 1.00000
124.6 40.50000 14 1.00000
124.7 40.50000 14 1.00000
124.8 40.50000 14 1.00000
124.9 40.50000 14 1.00000
125.0 40.50000 14 1.00000
125.1 40.50000 14 1.00000
125.2 40.50000 14 1.00000
125.3 40.50000 14 1.00000
125.4 40.50000 14 1.00000
125.5 40.50000 14 1.00000
125.6 40.50000 14 1.00000
125.7 40.50000 14 1.00000
125.8 40.50000 14 1.00000
125.9 40.50000 14 1.00000
126.0 40.50000 14 1.00000
126.1 40.50000 14 1.00000
126.2 40.50000 14 1.00000
126.3 40.50000 14 1.00000
126.4 40.50000 14 1.00000
126.5 40.50000 14 1.00000
126.6 40.50000 14 1.00000
126.7 40.50000 14 1.00000
126.8 40.50000 14 1.00000
126.9 40.50000 14 1.00000
127.0 40.50000 14 1.00000
127.1 40.50000 14 1.00000
127.2 40.50000 14 1.00000
127.3 40.50000 14 1.00000
127.4 40.50000 14 1.00000
127.5 40.50000 14 1.00000
127.6 40.50000 14 1.00000
127.7 40.50000 14 1.00000
127.8 40.50000 14 1.00000
127.9 40.50000 14 1.00000
128.0 40.50000 14 1.00000
128.1 40.50000 14 1.00000
128.2 40.50000 14 1.00000
128.3 40.50000 14 1.00000
128.4 40.50000 14 1.00000
128.5 40.50000 14 1.00000
128.6 40.50000 14 1.00000
128.7 40.50000 14 1.00000
128.8 40.50000 14 1.00000
128.9 40.50000 14 1.00000
129.0 40.50000 14 1.00000
129.1 40.50000 14 1.00000
129.2 40.50000 14 1.00000
129.3 40.50000 14 1.00000
129.4 40.50000 14 1.00000
129.5 40.50000 14 1.00000
129.6 40.50000 14 1.00000
129.7 40.50000 14 1.00000
129.8 40.50000 14 1.00000
129.9 40.50000 14 1.00000
130.0 40.50000 14 1.00000
130.1 40.50000 14 1.00000
130.2 40.50000 14 1.00000
130.3 40.50000 14 1.00000
130.4 40.50000 14 1.00000
130.5 40.50000 14 1.00000
130.6 40.50000 14 1.00000
130.7 40.50000 14 1.00000
130.8 40.50000 14 1.00000
130.9 40.50000 14 1.00000
131.0 40.50000 14 1.00000
131.1 40.50000 14 1.00000
131.2 40.50000 14 1.00000
131.3 40.50000 14 1.00000
131.4 40.50000 14 1.00000
131.5 40.50000 14 1.00000
131.6 40.50000 14 1.00000
131.7 40.50000 14 1.00000
131.8 40.50000 14 1.00000
131.9 40.50000 14 1.00000
132.0 40.50000 14 1.00000
132.1 40.50000 14 1.00000
132.2 40.50000 14 1.00000
132.3 40.50000 14 1.00000
132.4 40.50000 14 1.00000
132.5 40.50000 14 1.00000
132.6 40.50000 14 1.00000
132.7 40.50000 14 1.00000
132.8 40.50000 14 1.00000
132.9 40.50000 14 1.00000
133.0 40.50000 14 1.00000
133.1 40.50000 14 1.00000
133.2 40.50000 14 1.00000
133.3 40.50000 14 1.00000
133.4 40.50000 14 1.00000
133.5 40.50000 14 1.00000
133.6 40.50000 14 1.00000
133.7 40.50000 14 1.00000
133.8 40.50000 14 1.00000
133.9 40.50000 14 1.00000
134.0 40.50000 14 1.00000
134.1 40.50000 14 1.00000
134.2 40.50000 14 1.00000
134.3 40.50000 14 1.00000
134.4 40.50000 14 1.00000
134.5 40.50000 14 1.00000
134.6 40.50000 14 1.00000
134.7 40.50000 14 1.00000
134.8 40.50000 14 1.00000
134.9 40.50000 14 1.00000
135.0 40.50000 14 1.00000
135.1 40.50000 14 1.00000
135.2 40.50000 14 1.00000
135.3 40.50000 14 1.00000
135.4 40.50000 14 1.00000
135.5 40.50000 14 1.00000
135.6 40.50000 14 1.00000
135.7 40.50000 14 1.00000
135.8 40.50000 14 1.00000
135.9 40.50000 14 1.00000
136.0 40.50000 14 1.00000
136.1 40.50000 14 1.00000
136.2 40.50000 14 1.00000
136.3 40.50000 14 1.00000
136.4 40.50000 14 1.00000
136.5 40.50000 14 1.00000
136.6 40.50000 14 1.00000
136.7 40.50000 14 1.00000
136.8 40.50000 14 1.00000
136.9 40.50000 14 1.00000
137.0 40.50000 14 1.00000
137.1 40.50000 14 1.00000
137.2 40.50000 14 1.00000
137.3 40.50000 14 1.00000
137.4 40.50000 14 1.00000
137.5 40.50000 14 1.00000
137.6 40.50000 14 1.00000
137.7 40.50000 14 1.00000
137.8 40.50000 14 1.00000
137.9 40.50000 14 1.00000
138.0 40.50000 14 1.00000
138.1 40.50000 14 1.00000
138.2 40.50000 14 1.00000
138.3 40.50000 14 1.00000
138.4 40.50000 14 1.00000
138.5 40.50000 14 1.00000
138.6 40.50000 14 1.00000
138.7 40.50000 14 1.00000
138.8 40.50000 14 1.00000
138.9 40.50000 14 1.00000
139.0 40.50000 14 1.00000
139.1 40.50000 14 1.00000
139.2 40.50000 14 1.00000
139.3 40.50000 14 1.00000
139.4 40.50000 14 1.00000
139.5 40.50000 14 1.00000
139.6 40.50000 14 1.00000
139.7 40.50000 14 1.00000
139.8 40.50000 14 1.00000
139.9 40.50000 14 1.00000
140.0 40.50000 14 1.00000
140.1 40.50000 14 1.00000
140.2 40.50000 14 1.00000
140.3 40.50000 14 1.00000
140.4 40.50000 14 1.00000
140.5 40.50000 14 1.00000
140.6 40.50000 14 1.00000
140.7 40.50000 14 1.00000
140.8 40.50000 14 1.00000
140.9 40.50000 14 1.00000
141.0 40.50000 14 1.00000
141.1 40.50000 14 1.00000
141.2 40.50000 14 1.00000
141.3 40.50000 14 1.00000
141.4 40.50000 14 1.00000
141.5 40.50000 14 1.00000
141.6 40.50000 14 1.00000
141.7 40.50000 14 1.00000
141.8 40.50000 14 1.00000
141.9 40.50000 14 1.00000
142.0 40.50000 14 1.00000
142.1 40.50000 14 1.00000
142.2 40.50000 14 1.00000
142.3 40.50000 14 1.00000
142.4 40.50000 14 1.00000
142.5 40.50000 14 1.00000
142.6 40.50000 14 1.00000
142.7 40.50000 14 1.00000
142.8 40.50000 14 1.00000
142.9 40.50000 14 1.00000
143.0 40.50000 14 1.00000
143.1 40.50000 14 1.00000
143.2 40.50000 14 1.00000
143.3 40.50000 14 1.00000
143.4 40.50000 14 1.00000
143.5 40.50000 14 1.00000
143.6 40.50000 14 1.00000
143.7 40.50000 14 1.00000
143.8 40.50000 14 1.00000
143.9 40.50000 14 1.00000
144.0 40.50000 14 1.00000
144.1 40.50000 14 1.00000
144.2 40.50000 14 1.00000
144.3 40.50000 14 1.00000
144.4 40.50000 14 1.00000
144.5 40.50000 14 1.00000
144.6 40.50000 14 1.00000
144.7 40.50000 14 1.00000
144.8 40.50000 14 1.00000
144.9 40.50000 14 1.00000
145.0 40.50000 14 1.00000
145.1 40.50000 14 1.00000
145.2 40.50000 14 1.00000
145.3 40.50000 14 1.00000
145.4 40.50000 14 1.00000
145.5 40.50000 14 1.00000
145.6 40.50000 14 1.00000
145.7 40.50000 14 1.00000
145.8 40.50000 14 1.00000
145.9 40.50000 14 1.00000
146.0 40.50000 14 1.00000
146.1 40.50000 14 1.00000
146.2 40.50000 14 1.00000
146.3 40.50000 14 1.00000
146.4 40.50000 14 1.00000
146.5 40.50000 14 1.00000
146.6 40.50000 14 1.00000
146.7 40.50000 14 1.00000
146.8 40.50000 14 1.00000
146.9 40.50000 14 1.00000
147.0 40.50000 14 1.00000
147.1 40.50000 14 1.00000
147.2 40.50000 14 1.00000
147.3 40.50000 14 1.00000
147.4 40.50000 14 1.00000
147.5 40.50000 14 1.00000
147.6 40.50000 14 1.00000
147.7 40.50000 14 1.00000
147.8 40.50000 14 1.00000
147.9 40.50000 14 1.00000
148.0 40.50000 14 1.00000
148.1 40.50000 14 1.00000
148.2 40.50000 14 1.00000
148.3 40.50000 14 1.00000
148.4 40.50000 14 1.00000
148.5 40.50000 14 1.00000
148.6 40.50000 14 1.00000
148.7 40.50000 14 1.00000
148.8 40.50000 14 1.00000
148.9 40.50000 14 1.00000
149.0 40.50000 14 1.00000
149.1 40.50000 14 1.00000
149.2 40.50000 14 1.00000
149.3 40.50000 14 1.00000
149.4 40.50000 14 1.00000
149.5 40.50000 14 1.00000
149.6 40.50000 14 1.00000
149.7 40.50000 14 1.00000
149.8 40.50000 14 1.00000
149.9 40.50000 14 1.00000
150.0 40.50000 14 1.00000
150.1 40.50000 14 1.00000
150.2 40.50000 14 1.00000
150.3 40.50000 14 1.00000
150.4 40.50000 14 1.00000
150.5 40.50000 14 1.00000
150.6 40.50000 14 1.00000
150.7 40.50000 14 1.00000
150.8 40.50000 14 1.00000
150.9 40.50000 14 1.00000
151.0 40.50000 14 1.00000
151.1 40.50000 14 1.00000
151.2 40.50000 14 1.00000
151.3 40.50000 14 1.00000
151.4 40.50000 14 1.00000
151.5 40.50000 14 1.00000
151.6 40.50000 14 1.00000
151.7 40.50000 14 1.00000
151.8 40.50000 14 1.00000
151.9 40.50000 14 1.00000
152.0 40.50000 14 1.00000
152.1 40.50000 14 1.00000
152.2 40.50000 14 1.00000
152.3 40.50000 14 1.00000
152.4 40.50000 14 1.00000
152.5 40.50000 14 1.00000
152.6 40.50000 14 1.00000
152.7 40.50000 14 1.00000
152.8 40.50000 14 1.00000
152.9 40.50000 14 1.00000
153.0 40.50000 14 1.00000
153.1 40.50000 14 1.00000
153.2 40.50000 14 1.00000
153.3 40.50000 14 1.00000
153.4 40.50000 14 1.00000
153.5 40.50000 14 1.00000
153.6 40.50000 14 1.00000
153.7 40.50000 14 1.00000
153.8 40.50000 14 1.00000
153.9 40.50000 14 1.00000
154.0 40.50000 14 1.00000
154.1 40.50000 14 1.00000
154.2 40.50000 14 1.00000
154.3 40.50000 14 1.00000
154.4 40.50000 14 1.00000
154.5 40.50000 14 1.00000
154.6 40.50000 14 1.00000
154.7 40.50000 14 1.00000
154.8 40.50000 14 1.00000
154.9 40.50000 14 1.00000
155.0 40.50000 14 1.00000
155.1 40.50000 14 1.00000
155.2 40.50000 14 1.00000
155.3 40.50000 14 1.00000
155.4 40.50000 14 1.00000
155.5 40.50000 14 1.00000
155.6 40.50000 14 1.00000
155.7 40.50000 14 1.00000
155.8 40.50000 14 1.00000
155.9 40.50000 14 1.00000
156.0 40.50000 14 1.00000
156.1 40.50000 14 1.00000
156.2 40.50000 14 1.00000
156.3 40.50000 14 1.00000
156.4 40.50000 14 1.00000
156.5 40.50000 14 1.00000
156.6 40.50000 14 1.00000
156.7 40.50000 14 1.00000
156.8 40.50000 14 1.00000
156.9 40.50000 14 1.00000
157.0 40.50000 14 1.00000
157.1 40.50000 14 1.00000
157.2 40.50000 14 1.00000
157.3 40.50000 14 1.00000
157.4 40.50000 14 1.00000
157.5 40.50000 14 1.00000
157.6 40.50000 14 1.00000
157.7 40.50000 14 1.00000
157.8 40.50000 14 1.00000
157.9 40.50000 14 1.00000
158.0 40.50000 14 1.00000
158.1 40.50000 14 1.00000
158.2 40.50000 14 1.00000
158.3 40.50000 14 1.00000
158.4 40.50000 14 1.00000
158.5 40.50000 14 1.00000
158.6 40.50000 14 1.00000
158.7 40.50000 14 1.00000
158.8 40.50000 14 1.00000
158.9 40.50000 14 1.00000
159.0 40.50000 14 1.00000
159.1 40.50000 14 1.00000
159.2 40.50000 14 1.00000
159.3 40.50000 14 1.00000
159.4 40.50000 14 1.00000
159.5 40.50000 14 1.00000
159.6 40.50000 14 1.00000
159.7 40.50000 14 1.00000
159.8 40.50000 14 1.00000
159.9 40.50000 14 1.00000
160.0 40.50000 14 1.00000
160.1 40.50000 14 1.00000
160.2 40.50000 14 1.00000
160.3 40.50000 14 1.00000
160.4 40.50000 14 1.00000
160.5 40.50000 14 1.00000
160.6 40.50000 14 1.00000
160.7 40.50000 14 1.00000
160.8 40.50000 14 1.00000
160.9 40.50000 14 1.00000
161.0 40.50000 14 1.00000
161.1 40.50000 14 1.00000
161.2 40.50000 14 1.00000
161.3 40.50000 14 1.00000
161.4 40.50000 14 1.00000
161.5 40.50000 14 1.00000
161.6 40.50000 14 1.00000
161.7 40.50000 14 1.00000
161.8 40.50000 14 1.00000
161.9 40.50000 14 1.00000
162.0 40.50000 14 1.00000
162.1 40.50000 14 1.00000
162.2 40.50000 14 1.00000
162.3 40.50000 14 1.00000
162.4 40.50000 14 1.00000
162.5 40.50000 14 1.00000
162.6 40.50000 14 1.00000
162.7 40.50000 14 1.00000
162.8 40.50000 14 1.00000
162.9 40.50000 14 1.00000
163.0 40.50000 14 1.00000
163.1 40.50000 14 1.00000
163.2 40.50000 14 1.00000
163.3 40.50000 14 1.00000
163.4 40.50000 14 1.00000
163.5 40.50000 14 1.00000
163.6 40.50000 14 1.00000
163.7 40.50000 14 1.00000
163.8 40.50000 14 1.00000
163.9 40.50000 14 1.00000
164.0 40.50000 14 1.00000
164.1 40.50000 14 1.00000
164.2 40.50000 14 1.00000
164.3 40.50000 14 1.00000
164.4 40.50000 14 1.00000
164.5 40.50000 14 1.00000
164.6 40.50000 14 1.00000
164.7 40.50000 14 1.00000
164.8 40.50000 14 1.00000
164.9 40.50000 14 1.00000
165.0 40.50000 14 1.00000
165.1 40.50000 14 1.00000
165.2 40.50000 14 1.00000
165.3 40.50000 14 1.00000
165.4 40.50000 14 1.00000
165.5 40.50000 14 1.00000
165.6 40.50000 14 1.00000
165.7 40.50000 14 1.00000
165.8 40.50000 14 1.00000
165.9 40.50000 14 1.00000
166.0 40.50000 14 1.00000
166.1 40.50000 14 1.00000
166.2 40.50000 14 1.00000
166.3 40.50000 14 1.00000
166.4 40.50000 14 1.00000
166.5 40.50000 14 1.00000
166.6 40.50000 14 1.00000
166.7 40.50000 14 1.00000
166.8 40.50000 14 1.00000
166.9 40.50000 14 1.00000
167.0 40.50000 14 1.00000
167.1 40.50000 14 1.00000
167.2 40.50000 14 1.00000
167.3 40.50000 14 1.00000
167.4 40.50000 14 1.00000
167.5 40.50000 14 1.00000
167.6 40.50000 14 1.00000
167.7 40.50000 14 1.00000
167.8 40.50000 14 1.00000
167.9 40.50000 14 1.00000
168.0 40.50000 14 1.00000
168.1 40.50000 14 1.00000
168.2 40.50000 14 1.00000
168.3 40.50000 14 1.00000
168.4 40.50000 14 1.00000
168.5 40.50000 14 1.00000
168.6 40.50000 14 1.00000
168.7 40.50000 14 1.00000
168.8 40.50000 14 1.00000
168.9 40.50000 14 1.00000
169.0 40.50000 14 1.00000
169.1 40.50000 14 1.00000
169.2 40.50000 14 1.00000
169.3 40.50000 14 1.00000
169.4 40.50000 14 1.00000
169.5 40.50000 14 1.00000
169.6 40.50000 14 1.00000
169.7 40.50000 14 1.00000
169.8 40.50000 14 1.00000
169.9 40.50000 14 1.00000
170.0 40.50000 14 1.00000
170.1 40.50000 14 1.00000
170.2 40.50000 14 1.00000
170.3 40.50000 14 1.00000
170.4 40.50000 14 1.00000
170.5 40.50000 14 1.00000
170.6 40.50000 14 1.00000
170.7 40.50000 14 1.00000
170.8 40.50000 14 1.00000
170.9 40.50000 14 1.00000
171.0 40.50000 14 1.00000
171.1 40.50000 14 1.00000
171.2 40.50000 14 1.00000
171.3 40.50000 14 1.00000
171.4 40.50000 14 1.00000
171.5 40.50000 14 1.00000
171.6 40.50000 14 1.00000
171.7 40.50000 14 1.00000
171.8 40.50000 14 1.00000
171.9 40.50000 14 1.00000
172.0 40.50000 14 1.00000
172.1 40.50000 14 1.00000
172.2 40.50000 14 1.00000
172.3 40.50000 14 1.00000
172.4 40.50000 14 1.00000
172.5 40.50000 14 1.00000
172.6 40.50000 14 1.00000
172.7 40.50000 14 1.00000
172.8 40.50000 14 1.00000
172.9 40.50000 14 1.00000
173.0 40.50000 14 1.00000
173.1 40.50000 14 1.00000
173.2 40.50000 14 1.00000
173.3 40.50000 14 1.00000
173.4 40.50000 14 1.00000
173.5 40.50000 14 1.00000
173.6 40.50000 14 1.00000
173.7 40.50000 14 1.00000
173.8 40.50000 14 1.00000
173.9 40.50000 14 1.00000
174.0 40.50000 14 1.00000
174.1 40.50000 14 1.00000
174.2 40.50000 14 1.00000
174.3 40.50000 14 1.00000
174.4 40.50000 14 1.00000
174.5 40.50000 14 1.00000
174.6 40.50000 14 1.00000
174.7 40.50000 14 1.00000
174.8 40.50000 14 1.00000
174.9 40.50000 14 1.00000
175.0 40.50000 14 1.00000
175.1 40.50000 14 1.00000
175.2 40.50000 14 1.00000
175.3 40.50000 14 1.00000
175.4 40.50000 14 1.00000
175.5 40.50000 14 1.00000
175.6 40.50000 14 1.00000
175.7 40.50000 14 1.00000
175.8 40.50000 14 1.00000
175.9 40.50000 14 1.00000
176.0 40.50000 14 1.00000
176.1 40.50000 14 1.00000
176.2 40.50000 14 1.00000
176.3 40.50000 14 1.00000
176.4 40.50000 14 1.00000
176.5 40.50000 14 1.00000
176.6 40.50000 14 1.00000
176.7 40.50000 14 1.00000
176.8 40.50000 14 1.00000
176.9 40.50000 14 1.00000
177.0 40.50000 14 1.00000
177.1 40.50000 14 1.00000
177.2 40.50000 14 1.00000
177.3 40.50000 14 1.00000
177.4 40.50000 14 1.00000
177.5 40.50000 14 1.00000
177.6 40.50000 14 1.00000
177.7 40.50000 14 1.00000
177.8 40.50000 14 1.00000
177.9 40.50000 14 1.00000
178.0 40.50000 14 1.00000
178.1 40.50000 14 1.00000
178.2 40.50000 14 1.00000
178.3 40.50000 14 1.00000
178.4 40.50000 14 1.00000
178.5 40.50000 14 1.00000
178.6 40.50000 14 1.00000
178.7 40.50000 14 1.00000
178.8 40.50000 14 1.00000
178.9 40.50000 14 1.00000
179.0 40.50000 14 1.00000
179.1 40.50000 14 1.00000
179.2 40.50000 14 1.00000
179.3 40.50000 14 1.00000
179.4 40.50000 14 1.00000
179.5 40.50000 14 1.00000
179.6 40.50000 14 1.00000
179.7 40.50000 14 1.00000
179.8 40.50000 14 1.00000
179.9 40.50000 14 1.00000
180.0 40.50000 14 1.00000
180.1 40.50000 14 1.00000
180.2 40.50000 14 1.00000
180.3 40.50000 14 1.00000
180.4 40.50000 14 1.00000
180.5 40.50000 14 1.00000
180.6 40.50000 14 1.00000
180.7 40.50000 14 1.00000
180.8 40.50000 14 1.00000
180.9 40.50000 14 1.00000
181.0 40.50000 14 1.00000
181.1 40.50000 14 1.00000
181.2 40.50000 14 1.00000
181.3 40.50000 14 1.00000
181.4 40.50000 14 1.00000
181.5 40.50000 14 1.00000
181.6 40.50000 14 1.00000
181.7 40.50000 14 1.00000
181.8 40.50000 14 1.00000
181.9 40.50000 14 1.00000
182.0 40.50000 14 1.00000
182.1 40.50000 14 1.00000
182.2 40.50000 14 1.00000
182.3 40.50000 14 1.00000
182.4 40.50000 14 1.00000
182.5 40.50000 14 1.00000
182.6 40.50000 14 1.00000
182.7 40.50000 14 1.00000
182.8 40.50000 14 1.00000
182.9 40.50000 14 1.00000
183.0 40.50000 14 1.00000
183.1 40.50000 14 1.00000
183.2 40.50000 14 1.00000
183.3 40.50000 14 1.00000
183.4 40.50000 14 1.00000
183.5 40.50000 14 1.00000
183.6 40.50000 14 1.00000
183.7 40.50000 14 1.00000
183.8 40.50000 14 1.00000
183.9 40.50000 14 1.00000
184.0 40.50000 14 1.00000
184.1 40.50000 14 1.00000
184.2 40.50000 14 1.00000
184.3 40.50000 14 1.00000
184.4 40.50000 14 1.00000
184.5 40.50000 14 1.00000
184.6 40.50000 14 1.00000
184.7 40.50000 14 1.00000
184.8 40.50000 14 1.00000
184.9 40.50000 14 1.00000
185.0 40.50000 14 1.00000
185.1 40.50000 14 1.00000
185.2 40.50000 14 1.00000
185.3 40.50000 14 1.00000
185.4 40.50000 14 1.00000
185.5 40.50000 14 1.00000
185.6 40.50000 14 1.00000
185.7 40.50000 14 1.00000
185.8 40.50000 14 1.00000
185.9 40.50000 14 1.00000
186.0 40.50000 14 1.00000
186.1 40.50000 14 1.00000
186.2 40.50000 14 1.00000
186.3 40.50000 14 1.00000
186.4 40.50000 14 1.00000
186.5 40.50000 14 1.00000
186.6 40.50000 14 1.00000
186.7 40.50000 14 1.00000
186.8 40.50000 14 1.00000
186.9 40.50000 14 1.00000
187.0 40.50000 14 1.00000
187.1 40.50000 14 1.00000
187.2 40.50000 14 1.00000
187.3 40.50000 14 1.00000
187.4 40.50000 14 1.00000
187.5 40.50000 14 1.00000
187.6 40.50000 14 1.00000
187.7 40.50000 14 1.00000
187.8 40.50000 14 1.00000
187.9 40.50000 14 1.00000
188.0 40.50000 14 1.00000
188.1 40.50000 14 1.00000
188.2 40.50000 14 1.00000
188.3 40.50000 14 1.00000
188.4 40.50000 14 1.00000
188.5 40.50000 14 1.00000
188.6 40.50000 14 1.00000
188.7 40.50000 14 1.00000
188.8 40.50000 14 1.00000
188.9 40.50000 14 1.00000
189.0 40.50000 14 1.00000
189.1 40.50000 14 1.00000
189.2 40.50000 14 1.00000
189.3 40.50000 14 1.00000
189.4 40.50000 14 1.00000
189.5 40.50000 14 1.00000
189.6 40.50000 14 1.00000
189.7 40.50000 14 1.00000
189.8 40.50000 14 1.00000
189.9 40.50000 14 1.00000
190.0 40.50000 14 1.00000
190.1 40.50000 14 1.00000
190.2 40.50000 14 1.00000
190.3 40.50000 14 1.00000
190.4 40.50000 14 1.00000
190.5 40.50000 14 1.00000
190.6 40.50000 14 1.00000
190.7 40.50000 14 1.00000
190.8 40.50000 14 1.00000
190.9 40.50000 14 1.00000
191.0 40.50000 14 1.00000
191.1 40.50000 14 1.00000
191.2 40.50000 14 1.00000
191.3 40.50000 14 1.00000
191.4 40.50000 14 1.00000
191.5 40.50000 14 1.00000
191.6 40.50000 14 1.00000
191.7 40.50000 14 1.00000
191.8 40.50000 14 1.00000
191.9 40.50000 14 1.00000
192.0 40.50000 14 1.00000
192.1 40.50000 14 1.00000
192.2 40.50000 14 1.00000
192.3 40.50000 14 1.00000
192.4 40.50000 14 1.00000
192.5 40.50000 14 1.00000
192.6 40.50000 14 1.00000
192.7 40.50000 14 1.00000
192.8 40.50000 14 1.00000
192.9 40.50000 14 1.00000
193.0 40.50000 14 1.00000
193.1 40.50000 14 1.00000
193.2 40.50000 14 1.00000
193.3 40.50000 14 1.00000
193.4 40.50000 14 1.00000
193.5 40.50000 14 1.00000
193.6 40.50000 14 1.00000
193.7 40.50000 14 1.00000
193.8 40.50000 14 1.00000
193.9 40.50000 14 1.00000
194.0 40.50000 14 1.00000
194.1 40.50000 14 1.00000
194.2 40.50000 14 1.00000
194.3 40.50000 14 1.00000
194.4 40.50000 14 1.00000
194.5 40.50000 14 1.00000
194.6 40.50000 14 1.00000
194.7 40.50000 14 1.00000
194.8 40.50000 14 1.00000
194.9 40.50000 14 1.00000
195.0 40.50000 14 1.00000
195.1 40.50000 14 1.00000
195.2 40.50000 14 1.00000
195.3 40.50000 14 1.00000
195.4 40.50000 14 1.00000
195.5 40.50000 14 1.00000
195.6 40.50000 14 1.00000
195.7 40.50000 14 1.00000
195.8 40.50000 14 1.00000
195.9 40.50000 14 1.00000
196.0 40.50000 14 1.00000
196.1 40.50000 14 1.00000
196.2 40.50000 14 1.00000
196.3 40.50000 14 1.00000
196.4 40.50000 14 1.00000
196.5 40.50000 14 1.00000
196.6 40.50000 14 1.00000
196.7 40.50000 14 1.00000
196.8 40.50000 14 1.00000
196.9 40.50000 14 1.00000
197.0 40.50000 14 1.00000
197.1 40.50000 14 1.00000
197.2 40.50000 14 1.00000
197.3 40.50000 14 1.00000
197.4 40.50000 14 1.00000
197.5 40.50000 14 1.00000
197.6 40.50000 14 1.00000
197.7 40.50000 14 1.00000
197.8 40.50000 14 1.00000
197.9 40.50000 14 1.00000
198.0 40.50000 14 1.00000
198.1 40.50000 14 1.00000
198.2 40.50000 14 1.00000
198.3 40.50000 14 1.00000
198.4 40.50000 14 1.00000
198.5 40.50000 14 1.00000
198.6 40.50000 14 1.00000
198.7 40.50000 14 1.00000
198.8 40.50000 14 1.00000
198.9 40.50000 14 1.00000
199.0 40.50000 14 1.00000
199.1 40.50000 14 1.00000
199.2 40.50000 14 1.00000
199.3 40.50000 14 1.00000
199.4 40.50000 14 1.00000
199.5 40.50000 14 1.00000
199.6 40.50000 14 1.00000
199.7 40.50000 14 1.00000
199.8 40.50000 14 1.00000
199.9 40.50000 14 1.00000
200.0 40.50000 14 1.00000
200.1 40.50000 14 1.00000
200.2 40.50000 14 1.00000
200.3 40.50000 14 1.00000
200.4 40.50000 14 1.00000
200.5 40.50000 14 1.00000
200.6 40.50000 14 1.00000
200.7 40.50000 14 1.00000
200.8 40.50000 14 1.00000
200.9 40.50000 14 1.00000
201.0 40.50000 14 1.00000
201.1 40.50000 14 1.00000
201.2 40.50000 14 1.00000
201.3 40.50000 14 1.00000
201.4 40.50000 14 1.00000
201.5 40.50000 14 1.00000
201.6 40.50000 14 1.00000
201.7 40.50000 14 1.00000
201.8 40.50000 14 1.00000
201.9 40.50000 14 1.00000
202.0 40.50000 14 1.00000
202.1 40.50000 14 1.00000
202.2 40.50000 14 1.00000
202.3 40.50000 14 1.00000
202.4 40.50000 14 1.00000
202.5 40.50000 14 1.00000
202.6 40.50000 14 1.00000
202.7 40.50000 14 1.00000
202.8 40.50000 14 1.00000
202.9 40.50000 14 1.00000
203.0 40.50000 14 1.00000
203.1 40.50000 14 1.00000
203.2 40.50000 14 1.00000
203.3 40.50000 14 1.00000
203.4 40.50000 14 1.00000
203.5 40.50000 14 1.00000
203.6 40.50000 14 1.00000
203.7 40.50000 14 1.00000
203.8 40.50000 14 1.00000
203.9 40.50000 14 1.00000
204.0 40.50000 14 1.00000
204.1 40.50000 14 1.00000
204.2 40.50000 14 1.00000
204.3 40.50000 14 1.00000
204.4 40.50000 14 1.00000
204.5 40.50000 14 1.00000
204.6 40.50000 14 1.00000
204.7 40.50000 14 1.00000
204.8 40.50000 14 1.00000
204.9 40.50000 14 1.00000
205.0 40.50000 14 1.00000
205.1 40.50000 14 1.00000
205.2 40.50000 14 1.00000
205.3 40.50000 14 1.00000
205.4 40.50000 14 1.00000
205.5 40.50000 14 1.00000
205.6 40.50000 14 1.00000
205.7 40.50000 14 1.00000
205.8 40.50000 14 1.00000
205.9 40.50000 14 1.00000
206.0 40.50000 14 1.00000
206.1 40.50000 14 1.00000
206.2 40.50000 14 1.00000
206.3 40.50000 14 1.00000
206.4 40.50000 14 1.00000
206.5 40.50000 14 1.00000
206.6 40.50000 14 1.00000
206.7 40.50000 14 1.00000
206.8 40.50000 14 1.00000
206.9 40.50000 14 1.00000
207.0 40.50000 14 1.00000
207.1 40.50000 14 1.00000
207.2 40.50000 14 1.00000
207.3 40.50000 14 1.00000
207.4 40.50000 14 1.00000
207.5 40.50000 14 1.00000
207.6 40.50000 14 1.00000
207.7 40.50000 14 1.00000
207.8 40.50000 14 1.00000
207.9 40.50000 14 1.00000
208.0 40.50000 14 1.00000
208.1 40.50000 14 1.00000
208.2 40.50000 14 1.00000
208.3 40.50000 14 1.00000
208.4 40.50000 14 1.00000
208.5 40.50000 14 1.00000
208.6 40.50000 14 1.00000
208.7 40.50000 14 1.00000
208.8 40.50000 14 1.00000
208.9 40.50000 14 1.00000
209.0 40.50000 14 1.00000
209.1 40.50000 14 1.00000
209.2 40.50000 14 1.00000
209.3 40.50000 14 1.00000
209.4 40.50000 14 1.00000
209.5 40.50000 14 1.00000
209.6 40.50000 14 1.00000
209.7 40.50000 14 1.00000
209.8 40.50000 14 1.00000
209.9 40.50000 14 1.00000
210.0 40.50000 14 1.00000
210.1 40.50000 14 1.00000
210.2 40.50000 14 1.00000
210.3 40.50000 14 1.00000
210.4 40.50000 14 1.00000
210.5 40.50000 14 1.00000
210.6 40.50000 14 1.00000
210.7 40.50000 14 1.00000
210.8 40.50000 14 1.00000
210.9 40.50000 14 1.00000
211.0 40.50000 14 1.00000
211.1 40.50000 14 1.00000
211.2 40.50000 14 1.00000
211.3 40.50000 14 1.00000
211.4 40.50000 14 1.00000
211.5 40.50000 14 1.00000
211.6 40.50000 14 1.00000
211.7 40.50000 14 1.00000
211.8 40.50000 14 1.00000
211.9 40.50000 14 1.00000
212.0 40.50000 14 1.00000
212.1 40.50000 14 1.00000
212.2 40.50000 14 1.00000
212.3 40.50000 14 1.00000
212.4 40.50000 14 1.00000
212.5 40.50000 14 1.00000
212.6 40.50000 14 1.00000
212.7 40.50000 14 1.00000
212.8 40.50000 14 1.00000
212.9 40.50000 14 1.00000
213.0 40.50000 14 1.00000
213.1 40.50000 14 1.00000
213.2 40.50000 14 1.00000
213.3 40.50000 14 1.00000
213.4 40.50000 14 1.00000
213.5 40.50000 14 1.00000
213.6 40.50000 14 1.00000
213.7 40.50000 14 1.00000
213.8 40.50000 14 1.00000
213.9 40.50000 14 1.00000
214.0 40.50000 14 1.00000
214.1 40.50000 14 1.00000
214.2 40.50000 14 1.00000
214.3 40.50000 14 1.00000
214.4 40.50000 14 1.00000
214.5 40.50000 14 1.00000
214.6 40.50000 14 1.00000
214.7 40.50000 14 1.00000
214.8 40.50000 14 1.00000
214.9 40.50000 14 1.00000
215.0 40.50000 14 1.00000
215.1 40.50000 14 1.00000
215.2 40.50000 14 1.00000
215.3 40.50000 14 1.00000
215.4 40.50000 14 1.00000
215.5 40.50000 14 1.00000
215.6 40.50000 14 1.00000
215.7 40.50000 14 1.00000
215.8 40.50000 14 1.00000
215.9 40.50000 14 1.00000
216.0 40.50000 14 1.00000
216.1 40.50000 14 1.00000
216.2 40.50000 14 1.00000
216.3 40.50000 14 1.00000
216.4 40.50000 14 1.00000
216.5 40.50000 14 1.00000
216.6 40.50000 14 1.00000
216.7 40.50000 14 1.00000
216.8 40.50000 14 1.00000
216.9 40.50000 14 1.00000
217.0 40.50000 14 1.00000
217.1 40.50000 14 1.00000
217.2 40.50000 14 1.00000
217.3 40.50000 14 1.00000
217.4 40.50000 14 1.00000
217.5 40.50000 14 1.00000
217.6 40.50000 14 1.00000
217.7 40.50000 14 1.00000
217.8 40.50000 14 1.00000
217.9 40.50000 14 1.00000
218.0 40.50000 14 1.00000
218.1 40.50000 14 1.00000
218.2 40.50000 14 1.00000
218.3 40.50000 14 1.00000
218.4 40.50000 14 1.00000
218.5 40.50000 14 1.00000
218.6 40.50000 14 1.00000
218.7 40.50000 14 1.00000
218.8 40.50000 14 1.00000
218.9 40.50000 14 1.00000
219.0 40.50000 14 1.00000
219.1 40.50000 14 1.00000
219.2 40.50000 14 1.00000
219.3 40.50000 14 1.00000
219.4 40.50000 14 1.00000
219.5 40.50000 14 1.00000
219.6 40.50000 14 1.00000
219.7 40.50000 14 1.00000
219.8 40.50000 14 1.00000
219.9 40.50000 14 1.00000
220.0 40.50000 14 1.00000
220.1 40.50000 14 1.00000
220.2 40.50000 14 1.00000
220.3 40.50000 14 1.00000
220.4 40.50000 14 1.00000
220.5 40.50000 14 1.00000
220.6 40.50000 14 1.00000
220.7 40.50000 14 1.00000
220.8 40.50000 14 1.00000
220.9 40.50000 14 1.00000
221.0 40.50000 14 1.00000
221.1 40.50000 14 1.00000
221.2 40.50000 14 1.00000
221.3 40.50000 14 1.00000
221.4 40.50000 14 1.00000
221.5 40.50000 14 1.00000
221.6 40.50000 14 1.00000
221.7 40.50000 14 1.00000
221.8 40.50000 14 1.00000
221.9 40.50000 14 1.00000
222.0 40.50000 14 1.00000
222.1 40.50000 14 1.00000
222.2 40.50000 14 1.00000
222.3 40.50000 14 1.00000
222.4 40.50000 14 1.00000
222.5 40.50000 14 1.00000
222.6 40.50000 14 1.00000
222.7 40.50000 14 1.00000
222.8 40.50000 14 1.00000
222.9 40.50000 14 1.00000
223.0 40.50000 14 1.00000
223.1 40.50000 14 1.00000
223.2 40.50000 14 1.00000
223.3 40.50000 14 1.00000
223.4 40.50000 14 1.00000
223.5 40.50000 14 1.00000
223.6 40.50000 14 1.00000
223.7 40.50000 14 1.00000
223.8 40.50000 14 1.00000
223.9 40.50000 14 1.00000
224.0 40.50000 14 1.00000
224.1 40.50000 14 1.00000
224.2 40.50000 14 1.00000
224.3 40.50000 14 1.00000
224.4 40.50000 14 1.00000
224.5 40.50000 14 1.00000
224.6 40.50000 14 1.00000
224.7 40.50000 14 1.00000
224.8 40.50000 14 1.00000
224.9 40.50000 14 1.00000
225.0 40.50000 14 1.00000
225.1 40.50000 14 1.00000
225.2 40.50000 14 1.00000
225.3 40.50000 14 1.00000
225.4 40.50000 14 1.00000
225.5 40.50000 14 1.00000
225.6 40.50000 14 1.00000
225.7 40.50000 14 1.00000
225.8 40.50000 14 1.00000
225.9 40.50000 14 1.00000
226.0 40.50000 14 1.00000
226.1 40.50000 14 1.00000
226.2 40.50000 14 1.00000
226.3 40.50000 14 1.00000
226.4 40.50000 14 1.00000
226.5 40.50000 14 1.00000
226.6 40.50000 14 1.00000
226.7 40.50000 14 1.00000
226.8 40.50000 14 1.00000
226.9 40.50000 14 1.00000
227.0 40.50000 14 1.00000
227.1 40.50000 14 1.00000
227.2 40.50000 14 1.00000
227.3 40.50000 14 1.00000
227.4 40.50000 14 1.00000
227.5 40.50000 14 1.00000
227.6 40.50000 14 1.00000
227.7 40.50000 14 1.00000
227.8 40.50000 14 1.00000
227.9 40.50000 14 1.00000
228.0 40.50000 14 1.00000
228.1 40.50000 14 1.00000
228.2 40.50000 14 1.00000
228.3 40.50000 14 1.00000
228.4 40.50000 14 1.00000
228.5 40.50000 14 1.00000
228.6 40.50000 14 1.00000
228.7 40.50000 14 1.00000
228.8 40.50000 14 1.00000
228.9 40.50000 14 1.00000
229.0 40.50000 14 1.00000
229.1 40.50000 14 1.00000
229.2 40.50000 14 1.00000
229.3 40.50000 14 1.00000
229.4 40.50000 14 1.00000
229.5 40.50000 14 1.00000
229.6 40.50000 14 1.00000
229.7 40.50000 14 1.00000
229.8 40.50000 14 1.00000
229.9 40.50000 14 1.00000
230.0 40.50000 14 1.00000
230.1 40.50000 14 1.00000
230.2 40.50000 14 1.00000
230.3 40.50000 14 1.00000
230.4 40.50000 14 1.00000
230.5 40.50000 14 1.00000
230.6 40.50000 14 1.00000
230.7 40.50000 14 1.00000
230.8 40.50000 14 1.00000
230.9 40.50000 14 1.00000
231.0 40.50000 14 1.00000
231.1 40.50000 14 1.00000
231.2 40.50000 14 1.00000
231.3 40.50000 14 1.00000
231.4 40.50000 14 1.00000
231.5 40.50000 14 1.00000
231.6 40.50000 14 1.00000
231.7 40.50000 14 1.00000
231.8 40.50000 14 1.00000
231.9 40.50000 14 1.00000
232.0 40.50000 14 1.00000
232.1 40.50000 14 1.00000
232.2 40.50000 14 1.00000
232.3 40.50000 14 1.00000
232.4 40.50000 14 1.00000
232.5 40.50000 14 1.00000
232.6 40.50000 14 1.00000
232.7 40.50000 14 1.00000
232.8 40.50000 14 1.00000
232.9 40.50000 14 1.00000
233.0 40.50000 14 1.00000
233.1 40.50000 14 1.00000
233.2 40.50000 14 1.00000
233.3 40.50000 14 1.00000
233.4 40.50000 14 1.00000
233.5 40.50000 14 1.00000
233.6 40.50000 14 1.00000
233.7 40.50000 14 1.00000
233.8 40.50000 14 1.00000
233.9 40.50000 14 1.00000
234.0 40.50000 14 1.00000
234.1 40.50000 14 1.00000
234.2 40.50000 14 1.00000
234.3 40.50000 14 1.00000
234.4 40.50000 14 1.00000
234.5 40.50000 14 1.00000
234.6 40.50000 14 1.00000
234.7 40.50000 14 1.00000
234.8 40.50000 14 1.00000
234.9 40.50000 14 1.00000
235.0 40.50000 14 1.00000
235.1 40.50000 14 1.00000
235.2 40.50000 14 1.00000
235.3 40.50000 14 1.00000
235.4 40.50000 14 1.00000
235.5 40.50000 14 1.00000
235.6 40.50000 14 1.00000
235.7 40.50000 14 1.00000
235.8 40.50000 14 1.00000
235.9 40.50000 14 1.00000
236.0 40.50000 14 1.00000
236.1 40.50000 14 1.00000
236.2 40.50000 14 1.00000
236.3 40.50000 14 1.00000
236.4 40.50000 14 1.00000
236.5 40.50000 14 1.00000
236.6 40.50000 14 1.00000
236.7 40.50000 14 1.00000
236.8 40.50000 14 1.00000
236.9 40.50000 14 1.00000
237.0 40.50000 14 1.00000
237.1 40.50000 14 1.00000
237.2 40.50000 14 1.00000
237.3 40.50000 14 1.00000
237.4 40.50000 14 1.00000
237.5 40.50000 14 1.00000
237.6 40.50000 14 1.00000
237.7 40.50000 14 1.00000
237.8 40.50000 14 1.00000
237.9 40.50000 14 1.00000
238.0 40.50000 14 1.00000
238.1 40.50000 14 1.00000
238.2 40.50000 14 1.00000
238.3 40.50000 14 1.00000
238.4 40.50000 14 1.00000
238.5 40.50000 14 1.00000
238.6 40.50000 14 1.00000
238.7 40.50000 14 1.00000
238.8 40.50000 14 1.00000
238.9 40.50000 14 1.00000
239.0 40.50000 14 1.00000
239.1 40.50000 14 1.00000
239.2 40.50000 14 1.00000
239.3 40.50000 14 1.00000
239.4 40.50000 14 1.00000
239.5 40.50000 14 1.00000
239.6 40.50000 14 1.00000
239.7 40.50000 14 1.00000
239.8 40.50000 14 1.00000
239.9 40.50000 14 1.00000
240.0 40.50000 14 1.00000
240.1 40.50000 14 1.00000
240.2 40.50000 14 1.00000
240.3 40.50000 14 1.00000
240.4 40.50000 14 1.00000
240.5 40.50000 14 1.00000
240.6 40.50000 14 1.00000
240.7 40.50000 14 1.00000
240.8 40.50000 14 1.00000
240.9 40.50000 14 1.00000
241.0 40.50000 14 1.00000
241.1 40.50000 14 1.00000
241.2 40.50000 14 1.00000
241.3 40.50000 14 1.00000
241.4 40.50000 14 1.00000
241.5 40.50000 14 1.00000
241.6 40.50000 14 1.00000
241.7 40.50000 14 1.00000
241.8 40.50000 14 1.00000
241.9 40.50000 14 1.00000
242.0 40.50000 14 1.00000
242.1 40.50000 14 1.00000
242.2 40.50000 14 1.00000
242.3 40.50000 14 1.00000
242.4 40.50000 14 1.00000
242.5 40.50000 14 1.00000
242.6 40.50000 14 1.00000
242.7 40.50000 14 1.00000
242.8 40.50000 14 1.00000
242.9 40.50000 14 1.00000
243.0 40.50000 14 1.00000
243.1 40.50000 14 1.00000
243.2 40.50000 14 1.00000
243.3 40.50000 14 1.00000
243.4 40.50000 14 1.00000
243.5 40.50000 14 1.00000
243.6 40.50000 14 1.00000
243.7 40.50000 14 1.00000
243.8 40.50000 14 1.00000
243.9 40.50000 14 1.00000
244.0 40.50000 14 1.00000
244.1 40.50000 14 1.00000
244.2 40.50000 14 1.00000
244.3 40.50000 14 1.00000
244.4 40.50000 14 1.00000
244.5 40.50000 14 1.00000
244.6 40.50000 14 1.00000
244.7 40.50000 14 1.00000
244.8 40.50000 14 1.00000
244.9 40.50000 14 1.00000
245.0 40.50000 14 1.00000
245.1 40.50000 14 1.00000
245.2 40.50000 14 1.00000
245.3 40.50000 14 1.00000
245.4 40.50000 14 1.00000
245.5 40.50000 14 1.00000
245.6 40.50000 14 1.00000
245.7 40.50000 14 1.00000
245.8 40.50000 14 1.00000
245.9 40.50000 14 1.00000
246.0 40.50000 14 1.00000
246.1 40.50000 14 1.00000
246.2 40.50000 14 1.00000
246.3 40.50000 14 1.00000
246.4 40.50000 14 1.00000
246.5 40.50000 14 1.00000
246.6 40.50000 14 1.00000
246.7 40.50000 14 1.00000
246.8 40.50000 14 1.00000
246.9 40.50000 14 1.00000
247.0 40.50000 14 1.00000
247.1 40.50000 14 1.00000
247.2 40.50000 14 1.00000
247.3 40.50000 14 1.00000
247.4 40.50000 14 1.00000
247.5 40.50000 14 1.00000
247.6 40.50000 14 1.00000
247.7 40.50000 14 1.00000
247.8 40.50000 14 1.00000
247.9 40.50000 14 1.00000
248.0 40.50000 14 1.00000
248.1 40.50000 14 1.00000
248.2 40.50000 14 1.00000
248.3 40.50000 14 1.00000
248.4 40.50000 14 1.00000
248.5 40.50000 14 1.00000
248.6 40.50000 14 1.00000
248.7 40.50000 14 1.00000
248.8 40.50000 14 1.00000
248.9 40.50000 14 1.00000
249.0 40.50000 14 1.00000
249.1 40.50000 14 1.00000
249.2 40.50000 14 1.00000
249.3 40.50000 14 1.00000
249.4 40.50000 14 1.00000
249.5 40.50000 14 1.00000
249.6 40.50000 14 1.00000
249.7 40.50000 14 1.00000
249.8 40.50000 14 1.00000
249.9 40.50000 14 1.00000
250.0 40.50000 14 1.00000
