15.0 2.26325 13 0.10032
15.1 2.30697 13 0.10394
15.2 2.35110 13 0.10758
15.3 2.39565 13 0.11122
15.4 2.44061 13 0.11487
15.5 2.48598 13 0.11854
15.6 2.54337 14 0.12217
15.7 2.60555 14 0.12586
15.8 2.66887 14 0.12955
15.9 2.73335 14 0.13326
16.0 2.79900 14 0.13698
16.1 2.86582 14 0.14070
16.2 2.93384 14 0.14444
16.3 3.00303 14 0.14819
16.4 3.07346 14 0.15194
16.5 3.14511 14 0.15570
16.6 3.21799 14 0.15948
16.7 3.29212 14 0.16326
16.8 3.36752 14 0.16705
16.9 3.44418 14 0.17085
17.0 3.52212 14 0.17466
17.1 3.60136 14 0.17847
17.2 3.68191 14 0.18230
17.3 3.79909 14 0.18829
17.4 3.92232 14 0.19452
17.5 4.03740 14 0.20082
17.6 4.14601 14 0.20718
17.7 4.25667 14 0.21361
17.8 4.36940 14 0.22011
17.9 4.48423 14 0.22668
18.0 4.60119 14 0.23331
18.1 4.72029 14 0.24002
18.2 4.84156 14 0.24679
18.3 4.96503 14 0.25364
18.4 5.09072 14 0.26055
18.5 5.21866 14 0.26754
18.6 5.34888 14 0.27460
18.7 5.48139 14 0.28173
18.8 5.61623 14 0.28894
18.9 5.75343 14 0.29621
19.0 5.89300 14 0.30357
19.1 6.03498 14 0.31099
19.2 6.17940 14 0.31850
19.3 6.32628 14 0.32607
19.4 6.47565 14 0.33373
19.5 6.62754 14 0.34146
19.6 6.78198 14 0.34927
19.7 6.93899 14 0.35716
19.8 7.15806 14 0.36527
19.9 7.31955 14 0.37331
20.0 7.48370 14 0.38143
20.1 7.61785 14 0.38765
20.2 7.71410 14 0.39149
20.3 7.81119 14 0.39535
20.4 7.90911 14 0.39923
20.5 8.00788 14 0.40311
20.6 8.10748 14 0.40701
20.7 8.20793 14 0.41091
20.8 8.30924 14 0.41483
20.9 8.41139 14 0.41877
21.0 8.51439 14 0.42271
21.1 8.61826 14 0.42667
21.2 8.72298 14 0.43064
21.3 8.82857 14 0.43462
21.4 8.93502 14 0.43861
21.5 9.04234 14 0.44261
21.6 9.15053 14 0.44663
21.7 9.25960 14 0.45066
21.8 9.36955 14 0.45470
21.9 9.48038 14 0.45875
22.0 9.59209 14 0.46282
22.1 9.70469 14 0.46690
22.2 9.81818 14 0.47099
22.3 9.93257 14 0.47509
22.4 10.04785 14 0.47921
22.5 10.16403 14 0.48334
22.6 10.28111 14 0.48748
22.7 10.39910 14 0.49163
22.8 10.51800 14 0.49580
22.9 10.63782 14 0.49998
23.0 10.75854 14 0.50417
23.1 10.88020 14 0.50837
23.2 11.00277 14 0.51259
23.3 11.12626 14 0.51682
23.4 11.25069 14 0.52106
23.5 11.37604 14 0.52531
23.6 11.50234 14 0.52958
23.7 11.62957 14 0.53386
23.8 11.75774 14 0.53815
23.9 11.88686 14 0.54246
24.0 12.01693 14 0.54678
24.1 12.14795 14 0.55111
24.2 12.27993 14 0.55545
24.3 12.41286 14 0.55981
24.4 12.54676 14 0.56418
24.5 12.68162 14 0.56857
24.6 12.81745 14 0.57297
24.7 12.95426 14 0.57738
24.8 13.09204 14 0.58180
24.9 13.23080 14 0.58624
25.0 13.37054 14 0.59069
25.1 13.51127 14 0.59515
25.2 13.65299 14 0.59963
25.3 13.79570 14 0.60412
25.4 13.93941 14 0.60863
25.5 14.08412 14 0.61314
25.6 14.22983 14 0.61768
25.7 14.37655 14 0.62222
25.8 14.52429 14 0.62678
25.9 14.67303 14 0.63135
26.0 14.82280 14 0.63594
26.1 14.97359 14 0.64054
26.2 15.12540 14 0.64515
26.3 15.27824 14 0.64978
26.4 15.43212 14 0.65442
26.5 15.58703 14 0.65908
26.6 15.74298 14 0.66375
26.7 15.89998 14 0.66843
26.8 16.05802 14 0.67313
26.9 16.21711 14 0.67784
27.0 16.37726 14 0.68257
27.1 16.53847 14 0.68731
27.2 16.70074 14 0.69206
27.3 16.86408 14 0.69683
27.4 17.02849 14 0.70161
27.5 17.19397 14 0.70641
27.6 17.36053 14 0.71122
27.7 17.52817 14 0.71605
27.8 17.69689 14 0.72089
27.9 17.86670 14 0.72575
28.0 18.03761 14 0.73062
28.1 18.20962 14 0.73550
28.2 18.38272 14 0.74040
28.3 18.55693 14 0.74531
28.4 18.73225 14 0.75024
28.5 18.90868 14 0.75519
28.6 19.08623 14 0.76015
28.7 19.26489 14 0.76512
28.8 19.44469 14 0.77011
28.9 19.62561 14 0.77511
29.0 19.80766 14 0.78013
29.1 19.99085 14 0.78516
29.2 20.17517 14 0.79021
29.3 20.36065 14 0.79528
29.4 20.54727 14 0.80036
29.5 20.73504 14 0.80545
29.6 20.92397 14 0.81056
29.7 21.11407 14 0.81569
29.8 21.30532 14 0.82083
29.9 21.49774 14 0.82599
30.0 21.69134 14 0.83116
30.1 21.88611 14 0.83634
30.2 22.08207 14 0.84155
30.3 22.27921 14 0.84677
30.4 22.47754 14 0.85200
30.5 22.67706 14 0.85725
30.6 22.87778 14 0.86252
30.7 23.07970 14 0.86780
30.8 23.28283 14 0.87310
30.9 23.48716 14 0.87841
31.0 23.69271 14 0.88374
31.1 23.89948 14 0.88909
31.2 24.10748 14 0.89445
31.3 24.31670 14 0.89983
31.4 24.52715 14 0.90523
31.5 24.73884 14 0.91064
31.6 24.95177 14 0.91606
31.7 25.16594 14 0.92151
31.8 25.38136 14 0.92697
31.9 25.59804 14 0.93245
32.0 25.81597 14 0.93794
32.1 26.03516 14 0.94345
32.2 26.25563 14 0.94898
32.3 26.47735 14 0.95452
32.4 26.70037 14 0.96008
32.5 26.92465 14 0.96566
32.6 27.15023 14 0.97125
32.7 27.37709 14 0.97686
32.8 27.60525 14 0.98249
32.9 27.83382 14 0.98813
33.0 27.98095 14 0.99380
33.1 28.21098 14 0.99947
33.2 28.30245 14 1.00000
33.3 28.37970 14 1.00000
33.4 28.45689 14 1.00000
33.5 28.53403 14 1.00000
33.6 28.61020 14 1.00000
33.7 28.68681 14 1.00000
33.8 28.76336 14 1.00000
33.9 28.83978 14 1.00000
34.0 28.91627 14 1.00000
34.1 28.99257 14 1.00000
34.2 29.06871 14 1.00000
34.3 29.14488 14 1.00000
34.4 28.99524 14 1.00000
34.5 29.07125 14 1.00000
34.6 29.14737 14 1.00000
34.7 29.22326 14 1.00000
34.8 29.15137 14 1.00000
34.9 29.22764 14 1.00000
35.0 29.30244 14 1.00000
35.1 29.37802 14 1.00000
35.2 29.45360 14 1.00000
35.3 29.37968 14 1.00000
35.4 29.45555 14 1.00000
35.5 29.53139 14 1.00000
35.6 29.60698 14 1.00000
35.7 29.53135 14 1.00000
35.8 27.18200 14 1.00000
35.9 25.34867 14 1.00000
36.0 23.57650 14 1.00000
36.1 21.70057 14 1.00000
36.2 19.70027 14 1.00000
36.3 17.53827 14 1.00000
36.4 16.02541 14 1.00000
36.5 14.41117 14 1.00000
36.6 13.32245 14 1.00000
36.7 13.31309 14 1.00000
36.8 13.35024 14 1.00000
36.9 13.25076 14 1.00000
37.0 13.29444 14 1.00000
37.1 13.33814 14 1.00000
37.2 13.38186 14 1.00000
37.3 13.42598 14 1.00000
37.4 13.42784 14 1.00000
37.5 13.47161 14 1.00000
37.6 13.51540 14 1.00000
37.7 13.55921 14 1.00000
37.8 13.60303 14 1.00000
37.9 13.65827 14 1.00000
38.0 13.77829 14 1.00000
38.1 13.81526 14 1.00000
38.2 13.73709 14 1.00000
38.3 13.78101 14 1.00000
38.4 13.83635 14 1.00000
38.5 13.95734 14 1.00000
38.6 13.99435 14 1.00000
38.7 14.03147 14 1.00000
38.8 14.06741 14 1.00000
38.9 14.10357 14 1.00000
39.0 14.13658 14 1.00000
39.1 14.17363 14 1.00000
39.2 14.21051 14 1.00000
39.3 14.24646 14 1.00000
39.4 14.28262 14 1.00000
39.5 14.31875 14 1.00000
39.6 14.35493 14 1.00000
39.7 14.39100 14 1.00000
39.8 14.42707 14 1.00000
39.9 14.46162 14 1.00000
40.0 14.49774 14 1.00000
40.1 14.53388 14 1.00000
40.2 14.56998 14 1.00000
40.3 14.60601 14 1.00000
40.4 14.64194 14 1.00000
40.5 14.67787 14 1.00000
40.6 14.71369 14 1.00000
40.7 14.74883 14 1.00000
40.8 14.78479 14 1.00000
40.9 14.82074 14 1.00000
41.0 14.85660 14 1.00000
41.1 14.89249 14 1.00000
41.2 14.93404 14 1.00000
41.3 14.97842 14 1.00000
41.4 15.02281 14 1.00000
41.5 15.03523 14 1.00000
41.6 15.07126 14 1.00000
41.7 15.11555 14 1.00000
41.8 15.16002 14 1.00000
41.9 15.20451 14 1.00000
42.0 15.24901 14 1.00000
42.1 15.31075 14 1.00000
42.2 15.36562 14 1.00000
42.3 15.34227 14 1.00000
42.4 15.38685 14 1.00000
42.5 15.43143 14 1.00000
42.6 15.48753 14 1.00000
42.7 15.54216 14 1.00000
42.8 15.66129 14 1.00000
42.9 15.69894 14 1.00000
43.0 15.73628 14 1.00000
43.1 15.67519 14 1.00000
43.2 15.72787 14 1.00000
43.3 15.84202 14 1.00000
43.4 15.87990 14 1.00000
43.5 15.91647 14 1.00000
43.6 15.95280 14 1.00000
43.7 15.98933 14 1.00000
43.8 16.02580 14 1.00000
43.9 16.06035 14 1.00000
44.0 16.09657 14 1.00000
44.1 16.13310 14 1.00000
44.2 16.16958 14 1.00000
44.3 16.20600 14 1.00000
44.4 16.24243 14 1.00000
44.5 16.27877 14 1.00000
44.6 16.31501 14 1.00000
44.7 16.34974 14 1.00000
44.8 16.38612 14 1.00000
44.9 16.42248 14 1.00000
45.0 16.45870 14 1.00000
45.1 16.49490 14 1.00000
45.2 16.53100 14 1.00000
45.3 16.56700 14 1.00000
45.4 16.60241 14 1.00000
45.5 16.63853 14 1.00000
45.6 16.67466 14 1.00000
45.7 16.71064 14 1.00000
45.8 16.74818 14 1.00000
45.9 16.79326 14 1.00000
46.0 16.83833 14 1.00000
46.1 16.88339 14 1.00000
46.2 16.89042 14 1.00000
46.3 16.93508 14 1.00000
46.4 16.98021 14 1.00000
46.5 17.02535 14 1.00000
46.6 17.07866 14 1.00000
46.7 17.13560 14 1.00000
46.8 17.12267 14 1.00000
46.9 17.16790 14 1.00000
47.0 17.21313 14 1.00000
47.1 17.25836 14 1.00000
47.2 17.31243 14 1.00000
47.3 17.37577 14 1.00000
47.4 17.42984 14 1.00000
47.5 17.40166 14 1.00000
47.6 17.45286 14 1.00000
47.7 17.51132 14 1.00000
47.8 17.56420 14 1.00000
47.9 17.68524 14 1.00000
48.0 17.72356 14 1.00000
48.1 17.65386 14 1.00000
48.2 17.70703 14 1.00000
48.3 17.82960 14 1.00000
48.4 17.86800 14 1.00000
48.5 17.90429 14 1.00000
48.6 17.94097 14 1.00000
48.7 17.97455 14 1.00000
48.8 18.01232 14 1.00000
48.9 18.04872 14 1.00000
49.0 18.08545 14 1.00000
49.1 18.12215 14 1.00000
49.2 18.15892 14 1.00000
49.3 18.19301 14 1.00000
49.4 18.22987 14 1.00000
49.5 18.26654 14 1.00000
49.6 18.30325 14 1.00000
49.7 18.33741 14 1.00000
49.8 18.37415 14 1.00000
49.9 18.41076 14 1.00000
50.0 18.44739 14 1.00000
50.1 18.48404 14 1.00000
50.2 18.51836 14 1.00000
50.3 18.55502 14 1.00000
50.4 18.59163 14 1.00000
50.5 18.62816 14 1.00000
50.6 18.66250 14 1.00000
50.7 18.69912 14 1.00000
50.8 18.73561 14 1.00000
50.9 18.76986 14 1.00000
51.0 18.80646 14 1.00000
51.1 18.84312 14 1.00000
51.2 18.87724 14 1.00000
51.3 18.91389 14 1.00000
51.4 18.95048 14 1.00000
51.5 18.98448 14 1.00000
51.6 19.02117 14 1.00000
51.7 19.05500 14 1.00000
51.8 19.08960 14 1.00000
51.9 19.12558 14 1.00000
52.0 19.15921 14 1.00000
52.1 19.01096 14 1.00000
52.2 19.02605 14 1.00000
52.3 19.05947 14 1.00000
52.4 19.09491 14 1.00000
52.5 19.12987 14 1.00000
52.6 19.16495 14 1.00000
52.7 19.19958 14 1.00000
52.8 19.23677 14 1.00000
52.9 19.28354 14 1.00000
53.0 19.33032 14 1.00000
53.1 19.53760 14 1.00000
53.2 19.57565 14 1.00000
53.3 19.61385 14 1.00000
53.4 19.65140 14 1.00000
53.5 19.68651 14 1.00000
53.6 19.72227 14 1.00000
53.7 19.75839 14 1.00000
53.8 19.79443 14 1.00000
53.9 19.83039 14 1.00000
54.0 19.86652 14 1.00000
54.1 19.90219 14 1.00000
54.2 19.93807 14 1.00000
54.3 19.97358 14 1.00000
54.4 20.00889 14 1.00000
54.5 20.04398 14 1.00000
54.6 20.07892 14 1.00000
54.7 20.12142 14 1.00000
54.8 20.16831 14 1.00000
54.9 20.21521 14 1.00000
55.0 20.26212 14 1.00000
55.1 20.30904 14 1.00000
55.2 20.50500 14 1.00000
55.3 20.54326 14 1.00000
55.4 20.58126 14 1.00000
55.5 20.61709 14 1.00000
55.6 20.65338 14 1.00000
55.7 20.68978 14 1.00000
55.8 20.72610 14 1.00000
55.9 20.76240 14 1.00000
56.0 20.79909 14 1.00000
56.1 20.83547 14 1.00000
56.2 20.87111 14 1.00000
56.3 20.90752 14 1.00000
56.4 20.94311 14 1.00000
56.5 20.97844 14 1.00000
56.6 21.01373 14 1.00000
56.7 21.05525 14 1.00000
56.8 21.10225 14 1.00000
56.9 21.14925 14 1.00000
57.0 21.19625 14 1.00000
57.1 21.24325 14 1.00000
57.2 21.29027 14 1.00000
57.3 21.33727 14 1.00000
57.4 21.52800 14 1.00000
57.5 21.56894 14 1.00000
57.6 21.60463 14 1.00000
57.7 21.64130 14 1.00000
57.8 21.67784 14 1.00000
57.9 21.71517 14 1.00000
58.0 21.75209 14 1.00000
58.1 21.78832 14 1.00000
58.2 21.82514 14 1.00000
58.3 21.86220 14 1.00000
58.4 21.89845 14 1.00000
58.5 21.93423 14 1.00000
58.6 21.97069 14 1.00000
58.7 22.00611 14 1.00000
58.8 22.04173 14 1.00000
58.9 22.08093 14 1.00000
59.0 22.12464 14 1.00000
59.1 22.16836 14 1.00000
59.2 22.21211 14 1.00000
59.3 22.25586 14 1.00000
59.4 22.29964 14 1.00000
59.5 22.34344 14 1.00000
59.6 22.38724 14 1.00000
59.7 22.43107 14 1.00000
59.8 22.47492 14 1.00000
59.9 22.51878 14 1.00000
60.0 22.56265 14 1.00000
60.1 22.60655 14 1.00000
60.2 22.65047 14 1.00000
60.3 22.69440 14 1.00000
60.4 22.87506 14 1.00000
60.5 22.91470 14 1.00000
60.6 22.95135 14 1.00000
60.7 22.98787 14 1.00000
60.8 23.02579 14 1.00000
60.9 23.06295 14 1.00000
61.0 23.10069 14 1.00000
61.1 23.13760 14 1.00000
61.2 23.17558 14 1.00000
61.3 23.21298 14 1.00000
61.4 23.25014 14 1.00000
61.5 23.28761 14 1.00000
61.6 23.32492 14 1.00000
61.7 23.36196 14 1.00000
61.8 23.39837 14 1.00000
61.9 23.43580 14 1.00000
62.0 23.47256 14 1.00000
62.1 23.50945 14 1.00000
62.2 23.54600 14 1.00000
62.3 23.58245 14 1.00000
62.4 23.61922 14 1.00000
62.5 23.65944 14 1.00000
62.6 23.70373 14 1.00000
62.7 23.74805 14 1.00000
62.8 23.79238 14 1.00000
62.9 23.83673 14 1.00000
63.0 23.88109 14 1.00000
63.1 23.92547 14 1.00000
63.2 23.96987 14 1.00000
63.3 24.01429 14 1.00000
63.4 24.05872 14 1.00000
63.5 24.11667 14 1.00000
63.6 24.17005 14 1.00000
63.7 24.22155 14 1.00000
63.8 24.27088 14 1.00000
63.9 24.31898 14 1.00000
64.0 24.36637 14 1.00000
64.1 24.41189 14 1.00000
64.2 24.55569 14 1.00000
64.3 24.59498 14 1.00000
64.4 24.63206 14 1.00000
64.5 24.66907 14 1.00000
64.6 24.70770 14 1.00000
64.7 24.74508 14 1.00000
64.8 24.78370 14 1.00000
64.9 24.82112 14 1.00000
65.0 24.85968 14 1.00000
65.1 24.89755 14 1.00000
65.2 24.93535 14 1.00000
65.3 24.97309 14 1.00000
65.4 25.01007 14 1.00000
65.5 25.04784 14 1.00000
65.6 25.08529 14 1.00000
65.7 25.12294 14 1.00000
65.8 25.16051 14 1.00000
65.9 25.19764 14 1.00000
66.0 25.23475 14 1.00000
66.1 25.27157 14 1.00000
66.2 25.30860 14 1.00000
66.3 25.34788 14 1.00000
66.4 25.39280 14 1.00000
66.5 25.43773 14 1.00000
66.6 25.48267 14 1.00000
66.7 25.52763 14 1.00000
66.8 25.57261 14 1.00000
66.9 25.61761 14 1.00000
67.0 25.66262 14 1.00000
67.1 25.70765 14 1.00000
67.2 25.75270 14 1.00000
67.3 25.80199 14 1.00000
67.4 25.87765 14 1.00000
67.5 25.92910 14 1.00000
67.6 25.98054 14 1.00000
67.7 26.02884 14 1.00000
67.8 26.07671 14 1.00000
67.9 26.12269 14 1.00000
68.0 26.16992 14 1.00000
68.1 26.21540 14 1.00000
68.2 26.26073 14 1.00000
68.3 26.30517 14 1.00000
68.4 26.35049 14 1.00000
68.5 26.39613 14 1.00000
68.6 26.44187 14 1.00000
68.7 26.57849 14 1.00000
68.8 26.62470 14 1.00000
68.9 26.57727 14 1.00000
69.0 26.62370 14 1.00000
69.1 26.75760 14 1.00000
69.2 26.80637 14 1.00000
69.3 26.75947 14 1.00000
69.4 26.80651 14 1.00000
69.5 26.94119 14 1.00000
69.6 26.89544 14 1.00000
69.7 26.94348 14 1.00000
69.8 26.98893 14 1.00000
69.9 27.03134 14 1.00000
70.0 27.08020 14 1.00000
70.1 27.12657 14 1.00000
70.2 27.16908 14 1.00000
70.3 27.20940 14 1.00000
70.4 27.26377 14 1.00000
70.5 27.30859 14 1.00000
70.6 27.34950 14 1.00000
70.7 27.38503 14 1.00000
70.8 27.39698 14 1.00000
70.9 27.48959 14 1.00000
71.0 27.52901 14 1.00000
71.1 27.56320 14 1.00000
71.2 27.57071 14 1.00000
71.3 27.60520 14 1.00000
71.4 27.70670 14 1.00000
71.5 27.71938 14 1.00000
71.6 27.75177 14 1.00000
71.7 27.78721 14 1.00000
71.8 27.83226 14 1.00000
71.9 27.89858 14 1.00000
72.0 27.92676 14 1.00000
72.1 27.96951 14 1.00000
72.2 28.01465 14 1.00000
72.3 28.06128 14 1.00000
72.4 28.12804 14 1.00000
72.5 28.15204 14 1.00000
72.6 28.19729 14 1.00000
72.7 28.24425 14 1.00000
72.8 28.31372 14 1.00000
72.9 28.37865 14 1.00000
73.0 28.44608 14 1.00000
73.1 28.42944 14 1.00000
73.2 28.49461 14 1.00000
73.3 28.55876 14 1.00000
73.4 28.62610 14 1.00000
73.5 28.69446 14 1.00000
73.6 28.76014 14 1.00000
73.7 28.73995 14 1.00000
73.8 28.80537 14 1.00000
73.9 28.87119 14 1.00000
74.0 28.93756 14 1.00000
74.1 29.00204 14 1.00000
74.2 29.06995 14 1.00000
74.3 29.13659 14 1.00000
74.4 29.11302 14 1.00000
74.5 29.17669 14 1.00000
74.6 29.24152 14 1.00000
74.7 29.30859 14 1.00000
74.8 29.28603 14 1.00000
74.9 29.33848 14 1.00000
75.0 29.38207 14 1.00000
75.1 29.47951 14 1.00000
75.2 29.54474 14 1.00000
75.3 29.51952 14 1.00000
75.4 29.57113 14 1.00000
75.5 29.61503 14 1.00000
75.6 29.65099 14 1.00000
75.7 29.66077 14 1.00000
75.8 29.75161 14 1.00000
75.9 29.80336 14 1.00000
76.0 29.84932 14 1.00000
76.1 29.88759 14 1.00000
76.2 29.89751 14 1.00000
76.3 29.92328 14 1.00000
76.4 29.94584 14 1.00000
76.5 29.99150 14 1.00000
76.6 30.12377 14 1.00000
76.7 30.13847 14 1.00000
76.8 30.17027 14 1.00000
76.9 30.19164 14 1.00000
77.0 30.22357 14 1.00000
77.1 30.27157 14 1.00000
77.2 30.34329 14 1.00000
77.3 30.41253 14 1.00000
77.4 30.44607 14 1.00000
77.5 30.46380 14 1.00000
77.6 30.50210 14 1.00000
77.7 30.55185 14 1.00000
77.8 30.62278 14 1.00000
77.9 30.69357 14 1.00000
78.0 30.76299 14 1.00000
78.1 30.83108 14 1.00000
78.2 30.89982 14 1.00000
78.3 30.82885 14 1.00000
78.4 30.89725 14 1.00000
78.5 30.96714 14 1.00000
78.6 31.03360 14 1.00000
78.7 31.10276 14 1.00000
78.8 31.17249 14 1.00000
78.9 31.23991 14 1.00000
79.0 31.30697 14 1.00000
79.1 31.37564 14 1.00000
79.2 31.36114 14 1.00000
79.3 31.36986 14 1.00000
79.4 31.43669 14 1.00000
79.5 31.50218 14 1.00000
79.6 31.56818 14 1.00000
79.7 31.63911 14 1.00000
79.8 31.62279 14 1.00000
79.9 31.67798 14 1.00000
80.0 31.72834 14 1.00000
80.1 31.77048 14 1.00000
80.2 31.83024 14 1.00000
80.3 31.89577 14 1.00000
80.4 31.96285 14 1.00000
80.5 32.02784 14 1.00000
80.6 32.00541 14 1.00000
80.7 32.05782 14 1.00000
80.8 32.10505 14 1.00000
80.9 32.14624 14 1.00000
81.0 32.16299 14 1.00000
81.1 32.19262 14 1.00000
81.2 32.21189 14 1.00000
81.3 32.41330 14 1.00000
81.4 32.38648 14 1.00000
81.5 32.43824 14 1.00000
81.6 32.48499 14 1.00000
81.7 32.52511 14 1.00000
81.8 32.54461 14 1.00000
81.9 32.57721 14 1.00000
82.0 32.59817 14 1.00000
82.1 32.61043 14 1.00000
82.2 32.66071 14 1.00000
82.3 32.72968 14 1.00000
82.4 32.86636 14 1.00000
82.5 32.90916 14 1.00000
82.6 32.93106 14 1.00000
82.7 32.96968 14 1.00000
82.8 32.99983 14 1.00000
82.9 33.01529 14 1.00000
83.0 33.03387 14 1.00000
83.1 33.08901 14 1.00000
83.2 33.15933 14 1.00000
83.3 33.22858 14 1.00000
83.4 33.29596 14 1.00000
83.5 33.36517 14 1.00000
83.6 33.40001 14 1.00000
83.7 33.43399 14 1.00000
83.8 33.45799 14 1.00000
83.9 33.47215 14 1.00000
84.0 33.50825 14 1.00000
84.1 33.57851 14 1.00000
84.2 33.64823 14 1.00000
84.3 33.71541 14 1.00000
84.4 33.78309 14 1.00000
84.5 33.84964 14 1.00000
84.6 33.91670 14 1.00000
84.7 33.98317 14 1.00000
84.8 34.01300 14 1.00000
84.9 33.95578 14 1.00000
85.0 33.98278 14 1.00000
85.1 34.05049 14 1.00000
85.2 34.11906 14 1.00000
85.3 34.18475 14 1.00000
85.4 34.25686 14 1.00000
85.5 34.32135 14 1.00000
85.6 34.38667 14 1.00000
85.7 34.45226 14 1.00000
85.8 34.51343 14 1.00000
85.9 34.57468 14 1.00000
86.0 34.57234 14 1.00000
86.1 34.63311 14 1.00000
86.2 34.66856 14 1.00000
86.3 34.64483 14 1.00000
86.4 34.71071 14 1.00000
86.5 34.77766 14 1.00000
86.6 34.84185 14 1.00000
86.7 34.90528 14 1.00000
86.8 34.96945 14 1.00000
86.9 35.03086 14 1.00000
87.0 35.09187 14 1.00000
87.1 35.15320 14 1.00000
87.2 35.14750 14 1.00000
87.3 35.20127 14 1.00000
87.4 35.25209 14 1.00000
87.5 35.30033 14 1.00000
87.6 35.34573 14 1.00000
87.7 35.35165 14 1.00000
87.8 35.41245 14 1.00000
87.9 35.47282 14 1.00000
88.0 35.53377 14 1.00000
88.1 35.59487 14 1.00000
88.2 35.65645 14 1.00000
88.3 35.72164 14 1.00000
88.4 35.71492 14 1.00000
88.5 35.77028 14 1.00000
88.6 35.82375 14 1.00000
88.7 35.87445 14 1.00000
88.8 35.92231 14 1.00000
88.9 35.95634 14 1.00000
89.0 36.00169 14 1.00000
89.1 36.04330 14 1.00000
89.2 36.10518 14 1.00000
89.3 36.15126 14 1.00000
89.4 36.21377 14 1.00000
89.5 36.27650 14 1.00000
89.6 36.33907 14 1.00000
89.7 36.40160 14 1.00000
89.8 36.39627 14 1.00000
89.9 36.49882 14 1.00000
90.0 36.52562 14 1.00000
90.1 36.55436 14 1.00000
90.2 36.58476 14 1.00000
90.3 36.62236 14 1.00000
90.4 36.72599 14 1.00000
90.5 36.82932 14 1.00000
90.6 36.93256 14 1.00000
90.7 37.03582 14 1.00000
90.8 37.13933 14 1.00000
90.9 37.24249 14 1.00000
91.0 37.34562 14 1.00000
91.1 37.44864 14 1.00000
91.2 37.55173 14 1.00000
91.3 37.65492 14 1.00000
91.4 37.75788 14 1.00000
91.5 37.86084 14 1.00000
91.6 37.96366 14 1.00000
91.7 38.06654 14 1.00000
91.8 38.16952 14 1.00000
91.9 38.27227 14 1.00000
92.0 38.37503 14 1.00000
92.1 38.47764 14 1.00000
92.2 38.58051 14 1.00000
92.3 38.68314 14 1.00000
92.4 38.78568 14 1.00000
92.5 38.88818 14 1.00000
92.6 38.99089 14 1.00000
92.7 39.09331 14 1.00000
92.8 39.19569 14 1.00000
92.9 39.29803 14 1.00000
93.0 39.40058 14 1.00000
93.1 39.50279 14 1.00000
93.2 39.60507 14 1.00000
93.3 39.70720 14 1.00000
93.4 39.80964 14 1.00000
93.5 39.91174 14 1.00000
93.6 40.01381 14 1.00000
93.7 40.11608 14 1.00000
93.8 40.21802 14 1.00000
93.9 40.31997 14 1.00000
94.0 40.42194 14 1.00000
94.1 40.52405 14 1.00000
94.2 40.62589 14 1.00000
94.3 40.72764 14 1.00000
94.4 40.82940 14 1.00000
94.5 40.93137 14 1.00000
94.6 41.03305 14 1.00000
94.7 41.13475 14 1.00000
94.8 41.23661 14 1.00000
94.9 41.33813 14 1.00000
95.0 41.43972 14 1.00000
95.1 41.54141 14 1.00000
95.2 41.64293 14 1.00000
95.3 41.74430 14 1.00000
95.4 41.84575 14 1.00000
95.5 41.94734 14 1.00000
95.6 42.04861 14 1.00000
95.7 42.14995 14 1.00000
95.8 42.25138 14 1.00000
95.9 42.35264 14 1.00000
96.0 42.45382 14 1.00000
96.1 42.55515 14 1.00000
96.2 42.65630 14 1.00000
96.3 42.75732 14 1.00000
96.4 42.85859 14 1.00000
96.5 42.95965 14 1.00000
96.6 43.06061 14 1.00000
96.7 43.16178 14 1.00000
96.8 43.26262 14 1.00000
96.9 43.36354 14 1.00000
97.0 43.46460 14 1.00000
97.1 43.56539 14 1.00000
97.2 43.66610 14 1.00000
97.3 43.76711 14 1.00000
97.4 43.86780 14 1.00000
97.5 43.96841 14 1.00000
97.6 44.06926 14 1.00000
97.7 44.16985 14 1.00000
97.8 44.27046 14 1.00000
97.9 44.37122 14 1.00000
98.0 44.46720 14 1.00000
98.1 44.55790 14 1.00000
98.2 44.64892 14 1.00000
98.3 44.73975 14 1.00000
98.4 44.83061 14 1.00000
98.5 44.92178 14 1.00000
98.6 45.01266 14 1.00000
98.7 45.10390 14 1.00000
98.8 45.19490 14 1.00000
98.9 45.28593 14 1.00000
99.0 45.37717 14 1.00000
99.1 45.46826 14 1.00000
99.2 40.50000 14 1.00000
99.3 40.50000 14 1.00000
99.4 40.50000 14 1.00000
99.5 40.50000 14 1.00000
99.6 40.50000 14 1.00000
99.7 40.50000 14 1.00000
99.8 40.50000 14 1.00000
99.9 40.50000 14 1.00000
100.0 40.50000 14 1.00000
100.1 40.50000 14 1.00000
100.2 40.50000 14 1.00000
100.3 40.50000 14 1.00000
100.4 40.50000 14 1.00000
100.5 40.50000 14 1.00000
100.6 40.50000 14 1.00000
100.7 40.50000 14 1.00000
100.8 40.50000 14 1.00000
100.9 40.50000 14 1.00000
101.0 40.50000 14 1.00000
101.1 40.50000 14 1.00000
101.2 40.50000 14 1.00000
101.3 40.50000 14 1.00000
101.4 40.50000 14 1.00000
101.5 40.50000 14 1.00000
101.6 40.50000 14 1.00000
101.7 40.50000 14 1.00000
101.8 40.50000 14 1.00000
101.9 40.50000 14 1.00000
102.0 40.50000 14 1.00000
102.1 40.50000 14 1.00000
102.2 40.50000 14 1.00000
102.3 40.50000 14 1.00000
102.4 40.50000 14 1.00000
102.5 40.50000 14 1.00000
102.6 40.50000 14 1.00000
102.7 40.50000 14 1.00000
102.8 40.50000 14 1.00000
102.9 40.50000 14 1.00000
103.0 40.50000 14 1.00000
103.1 40.50000 14 1.00000
103.2 40.50000 14 1.00000
103.3 40.50000 14 1.00000
103.4 40.50000 14 1.00000
103.5 40.50000 14 1.00000
103.6 40.50000 14 1.00000
103.7 40.50000 14 1.00000
103.8 40.50000 14 1.00000
103.9 40.50000 14 1.00000
104.0 40.50000 14 1.00000
104.1 40.50000 14 1.00000
104.2 40.50000 14 1.00000
104.3 40.50000 14 1.00000
104.4 40.50000 14 1.00000
104.5 40.50000 14 1.00000
104.6 40.50000 14 1.00000
104.7 40.50000 14 1.00000
104.8 40.50000 14 1.00000
104.9 40.50000 14 1.00000
105.0 40.50000 14 1.00000
105.1 40.50000 14 1.00000
105.2 40.50000 14 1.00000
105.3 40.50000 14 1.00000
105.4 40.50000 14 1.00000
105.5 40.50000 14 1.00000
105.6 40.50000 14 1.00000
105.7 40.50000 14 1.00000
105.8 40.50000 14 1.00000
105.9 40.50000 14 1.00000
106.0 40.50000 14 1.00000
106.1 40.50000 14 1.00000
106.2 40.50000 14 1.00000
106.3 40.50000 14 1.00000
106.4 40.50000 14 1.00000
106.5 40.50000 14 1.00000
106.6 40.50000 14 1.00000
106.7 40.50000 14 1.00000
106.8 40.50000 14 1.00000
106.9 40.50000 14 1.00000
107.0 40.50000 14 1.00000
107.1 40.50000 14 1.00000
107.2 40.50000 14 1.00000
107.3 40.50000 14 1.00000
107.4 40.50000 14 1.00000
107.5 40.50000 14 1.00000
107.6 40.50000 14 1.00000
107.7 40.50000 14 1.00000
107.8 40.50000 14 1.00000
107.9 40.50000 14 1.00000
108.0 40.50000 14 1.00000
108.1 40.50000 14 1.00000
108.2 40.50000 14 1.00000
108.3 40.50000 14 1.00000
108.4 40.50000 14 1.00000
108.5 40.50000 14 1.00000
108.6 40.50000 14 1.00000
108.7 40.50000 14 1.00000
108.8 40.50000 14 1.00000
108.9 40.50000 14 1.00000
109.0 40.50000 14 1.00000
109.1 40.50000 14 1.00000
109.2 40.50000 14 1.00000
109.3 40.50000 14 1.00000
109.4 40.50000 14 1.00000
109.5 40.50000 14 1.00000
109.6 40.50000 14 1.00000
109.7 40.50000 14 1.00000
109.8 40.50000 14 1.00000
109.9 40.50000 14 1.00000
110.0 40.50000 14 1.00000
110.1 40.50000 14 1.00000
110.2 40.50000 14 1.00000
110.3 40.50000 14 1.00000
110.4 40.50000 14 1.00000
110.5 40.50000 14 1.00000
110.6 40.50000 14 1.00000
110.7 40.50000 14 1.00000
110.8 40.50000 14 1.00000
110.9 40.50000 14 1.00000
111.0 40.50000 14 1.00000
111.1 40.50000 14 1.00000
111.2 40.50000 14 1.00000
111.3 40.50000 14 1.00000
111.4 40.50000 14 1.00000
111.5 40.50000 14 1.00000
111.6 40.50000 14 1.00000
111.7 40.50000 14 1.00000
111.8 40.50000 14 1.00000
111.9 40.50000 14 1.00000
112.0 40.50000 14 1.00000
112.1 40.50000 14 1.00000
112.2 40.50000 14 1.00000
112.3 40.50000 14 1.00000
112.4 40.50000 14 1.00000
112.5 40.50000 14 1.00000
112.6 40.50000 14 1.00000
112.7 40.50000 14 1.00000
112.8 40.50000 14 1.00000
112.9 40.50000 14 1.00000
113.0 40.50000 14 1.00000
113.1 40.50000 14 1.00000
113.2 40.50000 14 1.00000
113.3 40.50000 14 1.00000
113.4 40.50000 14 1.00000
113.5 40.50000 14 1.00000
113.6 40.50000 14 1.00000
113.7 40.50000 14 1.00000
113.8 40.50000 14 1.00000
113.9 40.50000 14 1.00000
114.0 40.50000 14 1.00000
114.1 40.50000 14 1.00000
114.2 40.50000 14 1.00000
114.3 40.50000 14 1.00000
114.4 40.50000 14 1.00000
114.5 40.50000 14 1.00000
114.6 40.50000 14 1.00000
114.7 40.50000 14 1.00000
114.8 40.50000 14 1.00000
114.9 40.50000 14 1.00000
115.0 40.50000 14 1.00000
115.1 40.50000 14 1.00000
115.2 40.50000 14 1.00000
115.3 40.50000 14 1.00000
115.4 40.50000 14 1.00000
115.5 40.50000 14 1.00000
115.6 40.50000 14 1.00000
115.7 40.50000 14 1.00000
115.8 40.50000 14 1.00000
115.9 40.50000 14 1.00000
116.0 40.50000 14 1.00000
116.1 40.50000 14 1.00000
116.2 40.50000 14 1.00000
116.3 40.50000 14 1.00000
116.4 40.50000 14 1.00000
116.5 40.50000 14 1.00000
116.6 40.50000 14 1.00000
116.7 40.50000 14 1.00000
116.8 40.50000 14 1.00000
116.9 40.50000 14 1.00000
117.0 40.50000 14 1.00000
117.1 40.50000 14 1.00000
117.2 40.50000 14 1.00000
117.3 40.50000 14 1.00000
117.4 40.50000 14 1.00000
117.5 40.50000 14 1.00000
117.6 40.50000 14 1.00000
117.7 40.50000 14 1.00000
117.8 40.50000 14 1.00000
117.9 40.50000 14 1.00000
118.0 40.50000 14 1.00000
118.1 40.50000 14 1.00000
118.2 40.50000 14 1.00000
118.3 40.50000 14 1.00000
118.4 40.50000 14 1.00000
118.5 40.50000 14 1.00000
118.6 40.50000 14 1.00000
118.7 40.50000 14 1.00000
118.8 40.50000 14 1.00000
118.9 40.50000 14 1.00000
119.0 40.50000 14 1.00000
119.1 40.50000 14 1.00000
119.2 40.50000 14 1.00000
119.3 40.50000 14 1.00000
119.4 40.50000 14 1.00000
119.5 40.50000 14 1.00000
119.6 40.50000 14 1.00000
119.7 40.50000 14 1.00000
119.8 40.50000 14 1.00000
119.9 40.50000 14 1.00000
120.0 40.50000 14 1.00000
120.1 40.50000 14 1.00000
120.2 40.50000 14 1.00000
120.3 40.50000 14 1.00000
120.4 40.50000 14 1.00000
120.5 40.50000 14 1.00000
120.6 40.50000 14 1.00000
120.7 40.50000 14 1.00000
120.8 40.50000 14 1.00000
120.9 40.50000 14 1.00000
121.0 40.50000 14 1.00000
121.1 40.50000 14 1.00000
121.2 40.50000 14 1.00000
121.3 40.50000 14 1.00000
121.4 40.50000 14 1.00000
121.5 40.50000 14 1.00000
121.6 40.50000 14 1.00000
121.7 40.50000 14 1.00000
121.8 40.50000 14 1.00000
121.9 40.50000 14 1.00000
122.0 40.50000 14 1.00000
122.1 40.50000 14 1.00000
122.2 40.50000 14 1.00000
122.3 40.50000 14 1.00000
122.4 40.50000 14 1.00000
122.5 40.50000 14 1.00000
122.6 40.50000 14 1.00000
122.7 40.50000 14 1.00000
122.8 40.50000 14 1.00000
122.9 40.50000 14 1.00000
123.0 40.50000 14 1.00000
123.1 40.50000 14 1.00000
123.2 40.50000 14 1.00000
123.3 40.50000 14 1.00000
123.4 40.50000 14 1.00000
123.5 40.50000 14 1.00000
123.6 40.50000 14 1.00000
123.7 40.50000 14 1.00000
123.8 40.50000 14 1.00000
123.9 40.50000 14 1.00000
124.0 40.50000 14 1.00000
124.1 40.50000 14 1.00000
124.2 40.50000 14 1.00000
124.3 40.50000 14 1.00000
124.4 40.50000 14 1.00000
124.5 40.50000 14 1.00000
124.6 40.50000 14 1.00000
124.7 40.50000 14 1.00000
124.8 40.50000 14 1.00000
124.9 40.50000 14 1.00000
125.0 40.50000 14 1.00000
125.1 40.50000 14 1.00000
125.2 40.50000 14 1.00000
125.3 40.50000 14 1.00000
125.4 40.50000 14 1.00000
125.5 40.50000 14 1.00000
125.6 40.50000 14 1.00000
125.7 40.50000 14 1.00000
125.8 40.50000 14 1.00000
125.9 40.50000 14 1.00000
126.0 40.50000 14 1.00000
126.1 40.50000 14 1.00000
126.2 40.50000 14 1.00000
126.3 40.50000 14 1.00000
126.4 40.50000 14 1.00000
126.5 40.50000 14 1.00000
126.6 40.50000 14 1.00000
126.7 40.50000 14 1.00000
126.8 40.50000 14 1.00000
126.9 40.50000 14 1.00000
127.0 40.50000 14 1.00000
127.1 40.50000 14 1.00000
127.2 40.50000 14 1.00000
127.3 40.50000 14 1.00000
127.4 40.50000 14 1.00000
127.5 40.50000 14 1.00000
127.6 40.50000 14 1.00000
127.7 40.50000 14 1.00000
127.8 40.50000 14 1.00000
127.9 40.50000 14 1.00000
128.0 40.50000 14 1.00000
128.1 40.50000 14 1.00000
128.2 40.50000 14 1.00000
128.3 40.50000 14 1.00000
128.4 40.50000 14 1.00000
128.5 40.50000 14 1.00000
128.6 40.50000 14 1.00000
128.7 40.50000 14 1.00000
128.8 40.50000 14 1.00000
128.9 40.50000 14 1.00000
129.0 40.50000 14 1.00000
129.1 40.50000 14 1.00000
129.2 40.50000 14 1.00000
129.3 40.50000 14 1.00000
129.4 40.50000 14 1.00000
129.5 40.50000 14 1.00000
129.6 40.50000 14 1.00000
129.7 40.50000 14 1.00000
129.8 40.50000 14 1.00000
129.9 40.50000 14 1.00000
130.0 40.50000 14 1.00000
130.1 40.50000 14 1.00000
130.2 40.50000 14 1.00000
130.3 40.50000 14 1.00000
130.4 40.50000 14 1.00000
130.5 40.50000 14 1.00000
130.6 40.50000 14 1.00000
130.7 40.50000 14 1.00000
130.8 40.50000 14 1.00000
130.9 40.50000 14 1.00000
131.0 40.50000 14 1.00000
131.1 40.50000 14 1.00000
131.2 40.50000 14 1.00000
131.3 40.50000 14 1.00000
131.4 40.50000 14 1.00000
131.5 40.50000 14 1.00000
131.6 40.50000 14 1.00000
131.7 40.50000 14 1.00000
131.8 40.50000 14 1.00000
131.9 40.50000 14 1.00000
132.0 40.50000 14 1.00000
132.1 40.50000 14 1.00000
132.2 40.50000 14 1.00000
132.3 40.50000 14 1.00000
132.4 40.50000 14 1.00000
132.5 40.50000 14 1.00000
132.6 40.50000 14 1.00000
132.7 40.50000 14 1.00000
132.8 40.50000 14 1.00000
132.9 40.50000 14 1.00000
133.0 40.50000 14 1.00000
133.1 40.50000 14 1.00000
133.2 40.50000 14 1.00000
133.3 40.50000 14 1.00000
133.4 40.50000 14 1.00000
133.5 40.50000 14 1.00000
133.6 40.50000 14 1.00000
133.7 40.50000 14 1.00000
133.8 40.50000 14 1.00000
133.9 40.50000 14 1.00000
134.0 40.50000 14 1.00000
134.1 40.50000 14 1.00000
134.2 40.50000 14 1.00000
134.3 40.50000 14 1.00000
134.4 40.50000 14 1.00000
134.5 40.50000 14 1.00000
134.6 40.50000 14 1.00000
134.7 40.50000 14 1.00000
134.8 40.50000 14 1.00000
134.9 40.50000 14 1.00000
135.0 40.50000 14 1.00000
135.1 40.50000 14 1.00000
135.2 40.50000 14 1.00000
135.3 40.50000 14 1.00000
135.4 40.50000 14 1.00000
135.5 40.50000 14 1.00000
135.6 40.50000 14 1.00000
135.7 40.50000 14 1.00000
135.8 40.50000 14 1.00000
135.9 40.50000 14 1.00000
136.0 40.50000 14 1.00000
136.1 40.50000 14 1.00000
136.2 40.50000 14 1.00000
136.3 40.50000 14 1.00000
136.4 40.50000 14 1.00000
136.5 40.50000 14 1.00000
136.6 40.50000 14 1.00000
136.7 40.50000 14 1.00000
136.8 40.50000 14 1.00000
136.9 40.50000 14 1.00000
137.0 40.50000 14 1.00000
137.1 40.50000 14 1.00000
137.2 40.50000 14 1.00000
137.3 40.50000 14 1.00000
137.4 40.50000 14 1.00000
137.5 40.50000 14 1.00000
137.6 40.50000 14 1.00000
137.7 40.50000 14 1.00000
137.8 40.50000 14 1.00000
137.9 40.50000 14 1.00000
138.0 40.50000 14 1.00000
138.1 0.00000 15 0.00000
138.2 0.00000 15 0.00000
138.3 0.00000 15 0.00000
138.4 0.00000 15 0.00000
138.5 0.00000 15 0.00000
138.6 0.00000 15 0.00000
138.7 0.00000 15 0.00000
138.8 0.00000 15 0.00000
138.9 0.00000 15 0.00000
139.0 0.00000 15 0.00000
139.1 0.00000 15 0.00000
139.2 0.00000 15 0.00000
139.3 0.00000 15 0.00000
139.4 0.00000 15 0.00000
139.5 0.00000 15 0.00000
139.6 0.00000 15 0.00000
139.7 0.00000 15 0.00000
139.8 0.00000 15 0.00000
139.9 0.00000 15 0.00000
140.0 0.00000 15 0.00000
140.1 0.00000 15 0.00000
140.2 0.00000 15 0.00000
140.3 0.00000 15 0.00000
140.4 0.00000 15 0.00000
140.5 0.00000 15 0.00000
140.6 0.00000 15 0.00000
140.7 0.00000 15 0.00000
140.8 0.00000 15 0.00000
140.9 0.00000 15 0.00000
141.0 0.00000 15 0.00000
141.1 0.00000 15 0.00000
141.2 0.00000 15 0.00000
141.3 0.00000 15 0.00000
141.4 0.00000 15 0.00000
141.5 0.00000 15 0.00000
141.6 0.00000 15 0.00000
141.7 0.00000 15 0.00000
141.8 0.00000 15 0.00000
141.9 0.00000 15 0.00000
142.0 0.00000 15 0.00000
142.1 0.00000 15 0.00000
142.2 0.00000 15 0.00000
142.3 0.00000 15 0.00000
142.4 0.00000 15 0.00000
142.5 0.00000 15 0.00000
142.6 0.00000 15 0.00000
142.7 0.00000 15 0.00000
142.8 0.00000 15 0.00000
142.9 0.00000 15 0.00000
143.0 0.00000 15 0.00000
143.1 0.00000 15 0.00000
143.2 0.00000 15 0.00000
143.3 0.00000 15 0.00000
143.4 0.00000 15 0.00000
143.5 0.00000 15 0.00000
143.6 0.00000 15 0.00000
143.7 0.00000 15 0.00000
143.8 0.00000 15 0.00000
143.9 0.00000 15 0.00000
144.0 0.00000 15 0.00000
144.1 0.00000 15 0.00000
144.2 0.00000 15 0.00000
144.3 0.00000 15 0.00000
144.4 0.00000 15 0.00000
144.5 0.00000 15 0.00000
144.6 0.00000 15 0.00000
144.7 0.00000 15 0.00000
144.8 0.00000 15 0.00000
144.9 0.00000 15 0.00000
145.0 0.00000 15 0.00000
145.1 0.00000 15 0.00000
145.2 0.00000 15 0.00000
145.3 0.00000 15 0.00000
145.4 0.00000 15 0.00000
145.5 0.00000 15 0.00000
145.6 0.00000 15 0.00000
145.7 0.00000 15 0.00000
145.8 0.00000 15 0.00000
145.9 0.00000 15 0.00000
146.0 0.00000 15 0.00000
146.1 0.00000 15 0.00000
146.2 0.00000 15 0.00000
146.3 0.00000 15 0.00000
146.4 0.00000 15 0.00000
146.5 0.00000 15 0.00000
146.6 0.00000 15 0.00000
146.7 0.00000 15 0.00000
146.8 0.00000 15 0.00000
146.9 0.00000 15 0.00000
147.0 0.00000 15 0.00000
147.1 0.00000 15 0.00000
147.2 0.00000 15 0.00000
147.3 0.00000 15 0.00000
147.4 0.00000 15 0.00000
147.5 0.00000 15 0.00000
147.6 0.00000 15 0.00000
147.7 0.00000 15 0.00000
147.8 0.00000 15 0.00000
147.9 0.00000 15 0.00000
148.0 0.00000 15 0.00000
148.1 0.00000 15 0.00000
148.2 0.00000 15 0.00000
148.3 0.00000 15 0.00000
148.4 0.00000 15 0.00000
148.5 0.00000 15 0.00000
148.6 0.00000 15 0.00000
148.7 0.00000 15 0.00000
148.8 0.00000 15 0.00000
148.9 0.00000 15 0.00000
149.0 0.00000 15 0.00000
149.1 0.00000 15 0.00000
149.2 0.00000 15 0.00000
149.3 0.00000 15 0.00000
149.4 0.00000 15 0.00000
149.5 0.00000 15 0.00000
149.6 0.00000 15 0.00000
149.7 0.00000 15 0.00000
149.8 0.00000 15 0.00000
149.9 0.00000 15 0.00000
150.0 0.00000 15 0.00000
150.1 0.00000 15 0.00000
150.2 0.00000 15 0.00000
150.3 0.00000 15 0.00000
150.4 0.00000 15 0.00000
150.5 0.00000 15 0.00000
150.6 0.00000 15 0.00000
150.7 0.00000 15 0.00000
150.8 0.00000 15 0.00000
150.9 0.00000 15 0.00000
151.0 0.00000 15 0.00000
151.1 0.00000 15 0.00000
151.2 0.00000 15 0.00000
151.3 0.00000 15 0.00000
151.4 0.00000 15 0.00000
151.5 0.00000 15 0.00000
151.6 0.00000 15 0.00000
151.7 0.00000 15 0.00000
151.8 0.00000 15 0.00000
151.9 0.00000 15 0.00000
152.0 0.00000 15 0.00000
152.1 0.00000 15 0.00000
152.2 0.00000 15 0.00000
152.3 0.00000 15 0.00000
152.4 0.00000 15 0.00000
152.5 0.00000 15 0.00000
152.6 0.00000 15 0.00000
152.7 0.00000 15 0.00000
152.8 0.00000 15 0.00000
152.9 0.00000 15 0.00000
153.0 0.00000 15 0.00000
153.1 0.00000 15 0.00000
153.2 0.00000 15 0.00000
153.3 0.00000 15 0.00000
153.4 0.00000 15 0.00000
153.5 0.00000 15 0.00000
153.6 0.00000 15 0.00000
153.7 0.00000 15 0.00000
153.8 0.00000 15 0.00000
153.9 0.00000 15 0.00000
154.0 0.00000 15 0.00000
154.1 0.00000 15 0.00000
154.2 0.00000 15 0.00000
154.3 0.00000 15 0.00000
154.4 0.00000 15 0.00000
154.5 0.00000 15 0.00000
154.6 0.00000 15 0.00000
154.7 0.00000 15 0.00000
154.8 0.00000 15 0.00000
154.9 0.00000 15 0.00000
155.0 0.00000 15 0.00000
155.1 0.00000 15 0.00000
155.2 0.00000 15 0.00000
155.3 0.00000 15 0.00000
155.4 0.00000 15 0.00000
155.5 0.00000 15 0.00000
155.6 0.00000 15 0.00000
155.7 0.00000 15 0.00000
155.8 0.00000 15 0.00000
155.9 0.00000 15 0.00000
156.0 0.00000 15 0.00000
156.1 0.00000 15 0.00000
156.2 0.00000 15 0.00000
156.3 0.00000 15 0.00000
156.4 0.00000 15 0.00000
156.5 0.00000 15 0.00000
156.6 0.00000 15 0.00000
156.7 0.00000 15 0.00000
156.8 0.00000 15 0.00000
156.9 0.00000 15 0.00000
157.0 0.00000 15 0.00000
157.1 0.00000 15 0.00000
157.2 0.00000 15 0.00000
157.3 0.00000 15 0.00000
157.4 0.00000 15 0.00000
157.5 0.00000 15 0.00000
157.6 0.00000 15 0.00000
157.7 0.00000 15 0.00000
157.8 0.00000 15 0.00000
157.9 0.00000 15 0.00000
158.0 0.00000 15 0.00000
158.1 0.00000 15 0.00000
158.2 0.00000 15 0.00000
158.3 0.00000 15 0.00000
158.4 0.00000 15 0.00000
158.5 0.00000 15 0.00000
158.6 0.00000 15 0.00000
158.7 0.00000 15 0.00000
158.8 0.00000 15 0.00000
158.9 0.00000 15 0.00000
159.0 0.00000 15 0.00000
159.1 0.00000 15 0.00000
159.2 0.00000 15 0.00000
159.3 0.00000 15 0.00000
159.4 0.00000 15 0.00000
159.5 0.00000 15 0.00000
159.6 0.00000 15 0.00000
159.7 0.00000 15 0.00000
159.8 0.00000 15 0.00000
159.9 0.00000 15 0.00000
160.0 0.00000 15 0.00000
160.1 0.00000 15 0.00000
160.2 0.00000 15 0.00000
160.3 0.00000 15 0.00000
160.4 0.00000 15 0.00000
160.5 0.00000 15 0.00000
160.6 0.00000 15 0.00000
160.7 0.00000 15 0.00000
160.8 0.00000 15 0.00000
160.9 0.00000 15 0.00000
161.0 0.00000 15 0.00000
161.1 0.00000 15 0.00000
161.2 0.00000 15 0.00000
161.3 0.00000 15 0.00000
161.4 0.00000 15 0.00000
161.5 0.00000 15 0.00000
161.6 0.00000 15 0.00000
161.7 0.00000 15 0.00000
161.8 0.00000 15 0.00000
161.9 0.00000 15 0.00000
162.0 0.00000 15 0.00000
162.1 0.00000 15 0.00000
162.2 0.00000 15 0.00000
162.3 0.00000 15 0.00000
162.4 0.00000 15 0.00000
162.5 0.00000 15 0.00000
162.6 0.00000 15 0.00000
162.7 0.00000 15 0.00000
162.8 0.00000 15 0.00000
162.9 0.00000 15 0.00000
163.0 0.00000 15 0.00000
163.1 0.00000 15 0.00000
163.2 0.00000 15 0.00000
163.3 0.00000 15 0.00000
163.4 0.00000 15 0.00000
163.5 0.00000 15 0.00000
163.6 0.00000 15 0.00000
163.7 0.00000 15 0.00000
163.8 0.00000 15 0.00000
163.9 0.00000 15 0.00000
164.0 0.00000 15 0.00000
164.1 0.00000 15 0.00000
164.2 0.00000 15 0.00000
164.3 0.00000 15 0.00000
164.4 0.00000 15 0.00000
164.5 0.00000 15 0.00000
164.6 0.00000 15 0.00000
164.7 0.00000 15 0.00000
164.8 0.00000 15 0.00000
164.9 0.00000 15 0.00000
165.0 0.00000 15 0.00000
165.1 0.00000 15 0.00000
165.2 0.00000 15 0.00000
165.3 0.00000 15 0.00000
165.4 0.00000 15 0.00000
165.5 0.00000 15 0.00000
165.6 0.00000 15 0.00000
165.7 0.00000 15 0.00000
165.8 0.00000 15 0.00000
165.9 0.00000 15 0.00000
166.0 0.00000 15 0.00000
166.1 0.00000 15 0.00000
166.2 0.00000 15 0.00000
166.3 0.00000 15 0.00000
166.4 0.00000 15 0.00000
166.5 0.00000 15 0.00000
166.6 0.00000 15 0.00000
166.7 0.00000 15 0.00000
166.8 0.00000 15 0.00000
166.9 0.00000 15 0.00000
167.0 0.00000 15 0.00000
167.1 0.00000 15 0.00000
167.2 0.00000 15 0.00000
167.3 0.00000 15 0.00000
167.4 0.00000 15 0.00000
167.5 0.00000 15 0.00000
167.6 0.00000 15 0.00000
167.7 0.00000 15 0.00000
167.8 0.00000 15 0.00000
167.9 0.00000 15 0.00000
168.0 0.00000 15 0.00000
168.1 0.00000 15 0.00000
168.2 0.00000 15 0.00000
168.3 0.00000 15 0.00000
168.4 0.00000 15 0.00000
168.5 0.00000 15 0.00000
168.6 0.00000 15 0.00000
168.7 0.00000 15 0.00000
168.8 0.00000 15 0.00000
168.9 0.00000 15 0.00000
169.0 0.00000 15 0.00000
169.1 0.00000 15 0.00000
169.2 0.00000 15 0.00000
169.3 0.00000 15 0.00000
169.4 0.00000 15 0.00000
169.5 0.00000 15 0.00000
169.6 0.00000 15 0.00000
169.7 0.00000 15 0.00000
169.8 0.00000 15 0.00000
169.9 0.00000 15 0.00000
170.0 0.00000 15 0.00000
170.1 0.00000 15 0.00000
170.2 0.00000 15 0.00000
170.3 0.00000 15 0.00000
170.4 0.00000 15 0.00000
170.5 0.00000 15 0.00000
170.6 0.00000 15 0.00000
170.7 0.00000 15 0.00000
170.8 0.00000 15 0.00000
170.9 0.00000 15 0.00000
171.0 0.00000 15 0.00000
171.1 0.00000 15 0.00000
171.2 0.00000 15 0.00000
171.3 0.00000 15 0.00000
171.4 0.00000 15 0.00000
171.5 0.00000 15 0.00000
171.6 0.00000 15 0.00000
171.7 0.00000 15 0.00000
171.8 0.00000 15 0.00000
171.9 0.00000 15 0.00000
172.0 0.00000 15 0.00000
172.1 0.00000 15 0.00000
172.2 0.00000 15 0.00000
172.3 0.00000 15 0.00000
172.4 0.00000 15 0.00000
172.5 0.00000 15 0.00000
172.6 0.00000 15 0.00000
172.7 0.00000 15 0.00000
172.8 0.00000 15 0.00000
172.9 0.00000 15 0.00000
173.0 0.00000 15 0.00000
173.1 0.00000 15 0.00000
173.2 0.00000 15 0.00000
173.3 0.00000 15 0.00000
173.4 0.00000 15 0.00000
173.5 0.00000 15 0.00000
173.6 0.00000 15 0.00000
173.7 0.00000 15 0.00000
173.8 0.00000 15 0.00000
173.9 0.00000 15 0.00000
174.0 0.00000 15 0.00000
174.1 0.00000 15 0.00000
174.2 0.00000 15 0.00000
174.3 0.00000 15 0.00000
174.4 0.00000 15 0.00000
174.5 0.00000 15 0.00000
174.6 0.00000 15 0.00000
174.7 0.00000 15 0.00000
174.8 0.00000 15 0.00000
174.9 0.00000 15 0.00000
175.0 0.00000 15 0.00000
175.1 0.00000 15 0.00000
175.2 0.00000 15 0.00000
175.3 0.00000 15 0.00000
175.4 0.00000 15 0.00000
175.5 0.00000 15 0.00000
175.6 0.00000 15 0.00000
175.7 0.00000 15 0.00000
175.8 0.00000 15 0.00000
175.9 0.00000 15 0.00000
176.0 0.00000 15 0.00000
176.1 0.00000 15 0.00000
176.2 0.00000 15 0.00000
176.3 0.00000 15 0.00000
176.4 0.00000 15 0.00000
176.5 0.00000 15 0.00000
176.6 0.00000 15 0.00000
176.7 0.00000 15 0.00000
176.8 0.00000 15 0.00000
176.9 0.00000 15 0.00000
177.0 0.00000 15 0.00000
177.1 0.00000 15 0.00000
177.2 0.00000 15 0.00000
177.3 0.00000 15 0.00000
177.4 0.00000 15 0.00000
177.5 0.00000 15 0.00000
177.6 0.00000 15 0.00000
177.7 0.00000 15 0.00000
177.8 0.00000 15 0.00000
177.9 0.00000 15 0.00000
178.0 0.00000 15 0.00000
178.1 0.00000 15 0.00000
178.2 0.00000 15 0.00000
178.3 0.00000 15 0.00000
178.4 0.00000 15 0.00000
178.5 0.00000 15 0.00000
178.6 0.00000 15 0.00000
178.7 0.00000 15 0.00000
178.8 0.00000 15 0.00000
178.9 0.00000 15 0.00000
179.0 0.00000 15 0.00000
179.1 0.00000 15 0.00000
179.2 0.00000 15 0.00000
179.3 0.00000 15 0.00000
179.4 0.00000 15 0.00000
179.5 0.00000 15 0.00000
179.6 0.00000 15 0.00000
179.7 0.00000 15 0.00000
179.8 0.00000 15 0.00000
179.9 0.00000 15 0.00000
180.0 0.00000 15 0.00000
180.1 0.00000 15 0.00000
180.2 0.00000 15 0.00000
180.3 0.00000 15 0.00000
180.4 0.00000 15 0.00000
180.5 0.00000 15 0.00000
180.6 0.00000 15 0.00000
180.7 0.00000 15 0.00000
180.8 0.00000 15 0.00000
180.9 0.00000 15 0.00000
181.0 0.00000 15 0.00000
181.1 0.00000 15 0.00000
181.2 0.00000 15 0.00000
181.3 0.00000 15 0.00000
181.4 0.00000 15 0.00000
181.5 0.00000 15 0.00000
181.6 0.00000 15 0.00000
181.7 0.00000 15 0.00000
181.8 0.00000 15 0.00000
181.9 0.00000 15 0.00000
182.0 0.00000 15 0.00000
182.1 0.00000 15 0.00000
182.2 0.00000 15 0.00000
182.3 0.00000 15 0.00000
182.4 0.00000 15 0.00000
182.5 0.00000 15 0.00000
182.6 0.00000 15 0.00000
182.7 0.00000 15 0.00000
182.8 0.00000 15 0.00000
182.9 0.00000 15 0.00000
183.0 0.00000 15 0.00000
183.1 0.00000 15 0.00000
183.2 0.00000 15 0.00000
183.3 0.00000 15 0.00000
183.4 0.00000 15 0.00000
183.5 0.00000 15 0.00000
183.6 0.00000 15 0.00000
183.7 0.00000 15 0.00000
183.8 0.00000 15 0.00000
183.9 0.00000 15 0.00000
184.0 0.00000 15 0.00000
184.1 0.00000 15 0.00000
184.2 0.00000 15 0.00000
184.3 0.00000 15 0.00000
184.4 0.00000 15 0.00000
184.5 0.00000 15 0.00000
184.6 0.00000 15 0.00000
184.7 0.00000 15 0.00000
184.8 0.00000 15 0.00000
184.9 0.00000 15 0.00000
185.0 0.00000 15 0.00000
185.1 0.00000 15 0.00000
185.2 0.00000 15 0.00000
185.3 0.00000 15 0.00000
185.4 0.00000 15 0.00000
185.5 0.00000 15 0.00000
185.6 0.00000 15 0.00000
185.7 0.00000 15 0.00000
185.8 0.00000 15 0.00000
185.9 0.00000 15 0.00000
186.0 0.00000 15 0.00000
186.1 0.00000 15 0.00000
186.2 0.00000 15 0.00000
186.3 0.00000 15 0.00000
186.4 0.00000 15 0.00000
186.5 0.00000 15 0.00000
186.6 0.00000 15 0.00000
186.7 0.00000 15 0.00000
186.8 0.00000 15 0.00000
186.9 0.00000 15 0.00000
187.0 0.00000 15 0.00000
187.1 0.00000 15 0.00000
187.2 0.00000 15 0.00000
187.3 0.00000 15 0.00000
187.4 0.00000 15 0.00000
187.5 0.00000 15 0.00000
187.6 0.00000 15 0.00000
187.7 0.00000 15 0.00000
187.8 0.00000 15 0.00000
187.9 0.00000 15 0.00000
188.0 0.00000 15 0.00000
188.1 0.00000 15 0.00000
188.2 0.00000 15 0.00000
188.3 0.00000 15 0.00000
188.4 0.00000 15 0.00000
188.5 0.00000 15 0.00000
188.6 0.00000 15 0.00000
188.7 0.00000 15 0.00000
188.8 0.00000 15 0.00000
188.9 0.00000 15 0.00000
189.0 0.00000 15 0.00000
189.1 0.00000 15 0.00000
189.2 0.00000 15 0.00000
189.3 0.00000 15 0.00000
189.4 0.00000 15 0.00000
189.5 0.00000 15 0.00000
189.6 0.00000 15 0.00000
189.7 0.00000 15 0.00000
189.8 0.00000 15 0.00000
189.9 0.00000 15 0.00000
190.0 0.00000 15 0.00000
190.1 0.00000 15 0.00000
190.2 0.00000 15 0.00000
190.3 0.00000 15 0.00000
190.4 0.00000 15 0.00000
190.5 0.00000 15 0.00000
190.6 0.00000 15 0.00000
190.7 0.00000 15 0.00000
190.8 0.00000 15 0.00000
190.9 0.00000 15 0.00000
191.0 0.00000 15 0.00000
191.1 0.00000 15 0.00000
191.2 0.00000 15 0.00000
191.3 0.00000 15 0.00000
191.4 0.00000 15 0.00000
191.5 0.00000 15 0.00000
191.6 0.00000 15 0.00000
191.7 0.00000 15 0.00000
191.8 0.00000 15 0.00000
191.9 0.00000 15 0.00000
192.0 0.00000 15 0.00000
192.1 0.00000 15 0.00000
192.2 0.00000 15 0.00000
192.3 0.00000 15 0.00000
192.4 0.00000 15 0.00000
192.5 0.00000 15 0.00000
192.6 0.00000 15 0.00000
192.7 0.00000 15 0.00000
192.8 0.00000 15 0.00000
192.9 0.00000 15 0.00000
193.0 0.00000 15 0.00000
193.1 0.00000 15 0.00000
193.2 0.00000 15 0.00000
193.3 0.00000 15 0.00000
193.4 0.00000 15 0.00000
193.5 0.00000 15 0.00000
193.6 0.00000 15 0.00000
193.7 0.00000 15 0.00000
193.8 0.00000 15 0.00000
193.9 0.00000 15 0.00000
194.0 0.00000 15 0.00000
194.1 0.00000 15 0.00000
194.2 0.00000 15 0.00000
194.3 0.00000 15 0.00000
194.4 0.00000 15 0.00000
194.5 0.00000 15 0.00000
194.6 0.00000 15 0.00000
194.7 0.00000 15 0.00000
194.8 0.00000 15 0.00000
194.9 0.00000 15 0.00000
195.0 0.00000 15 0.00000
195.1 0.00000 15 0.00000
195.2 0.00000 15 0.00000
195.3 0.00000 15 0.00000
195.4 0.00000 15 0.00000
195.5 0.00000 15 0.00000
195.6 0.00000 15 0.00000
195.7 0.00000 15 0.00000
195.8 0.00000 15 0.00000
195.9 0.00000 15 0.00000
196.0 0.00000 15 0.00000
196.1 0.00000 15 0.00000
196.2 0.00000 15 0.00000
196.3 0.00000 15 0.00000
196.4 0.00000 15 0.00000
196.5 0.00000 15 0.00000
196.6 0.00000 15 0.00000
196.7 0.00000 15 0.00000
196.8 0.00000 15 0.00000
196.9 0.00000 15 0.00000
197.0 0.00000 15 0.00000
197.1 0.00000 15 0.00000
197.2 0.00000 15 0.00000
197.3 0.00000 15 0.00000
197.4 0.00000 15 0.00000
197.5 0.00000 15 0.00000
197.6 0.00000 15 0.00000
197.7 0.00000 15 0.00000
197.8 0.00000 15 0.00000
197.9 0.00000 15 0.00000
198.0 0.00000 15 0.00000
198.1 0.00000 15 0.00000
198.2 0.00000 15 0.00000
198.3 0.00000 15 0.00000
198.4 0.00000 15 0.00000
198.5 0.00000 15 0.00000
198.6 0.00000 15 0.00000
198.7 0.00000 15 0.00000
198.8 0.00000 15 0.00000
198.9 0.00000 15 0.00000
199.0 0.00000 15 0.00000
199.1 0.00000 15 0.00000
199.2 0.00000 15 0.00000
199.3 0.00000 15 0.00000
199.4 0.00000 15 0.00000
199.5 0.00000 15 0.00000
199.6 0.00000 15 0.00000
199.7 0.00000 15 0.00000
199.8 0.00000 15 0.00000
199.9 0.00000 15 0.00000
200.0 0.00000 15 0.00000
200.1 0.00000 15 0.00000
200.2 0.00000 15 0.00000
200.3 0.00000 15 0.00000
200.4 0.00000 15 0.00000
200.5 0.00000 15 0.00000
200.6 0.00000 15 0.00000
200.7 0.00000 15 0.00000
200.8 0.00000 15 0.00000
200.9 0.00000 15 0.00000
201.0 0.00000 15 0.00000
201.1 0.00000 15 0.00000
201.2 0.00000 15 0.00000
201.3 0.00000 15 0.00000
201.4 0.00000 15 0.00000
201.5 0.00000 15 0.00000
201.6 0.00000 15 0.00000
201.7 0.00000 15 0.00000
201.8 0.00000 15 0.00000
201.9 0.00000 15 0.00000
202.0 0.00000 15 0.00000
202.1 0.00000 15 0.00000
202.2 0.00000 15 0.00000
202.3 0.00000 15 0.00000
202.4 0.00000 15 0.00000
202.5 0.00000 15 0.00000
202.6 0.00000 15 0.00000
202.7 0.00000 15 0.00000
202.8 0.00000 15 0.00000
202.9 0.00000 15 0.00000
203.0 0.00000 15 0.00000
203.1 0.00000 15 0.00000
203.2 0.00000 15 0.00000
203.3 0.00000 15 0.00000
203.4 0.00000 15 0.00000
203.5 0.00000 15 0.00000
203.6 0.00000 15 0.00000
203.7 0.00000 15 0.00000
203.8 0.00000 15 0.00000
203.9 0.00000 15 0.00000
204.0 0.00000 15 0.00000
204.1 0.00000 15 0.00000
204.2 0.00000 15 0.00000
204.3 0.00000 15 0.00000
204.4 0.00000 15 0.00000
204.5 0.00000 15 0.00000
204.6 0.00000 15 0.00000
204.7 0.00000 15 0.00000
204.8 0.00000 15 0.00000
204.9 0.00000 15 0.00000
205.0 0.00000 15 0.00000
205.1 0.00000 15 0.00000
205.2 0.00000 15 0.00000
205.3 0.00000 15 0.00000
205.4 0.00000 15 0.00000
205.5 0.00000 15 0.00000
205.6 0.00000 15 0.00000
205.7 0.00000 15 0.00000
205.8 0.00000 15 0.00000
205.9 0.00000 15 0.00000
206.0 0.00000 15 0.00000
206.1 0.00000 15 0.00000
206.2 0.00000 15 0.00000
206.3 0.00000 15 0.00000
206.4 0.00000 15 0.00000
206.5 0.00000 15 0.00000
206.6 0.00000 15 0.00000
206.7 0.00000 15 0.00000
206.8 0.00000 15 0.00000
206.9 0.00000 15 0.00000
207.0 0.00000 15 0.00000
207.1 0.00000 15 0.00000
207.2 0.00000 15 0.00000
207.3 0.00000 15 0.00000
207.4 0.00000 15 0.00000
207.5 0.00000 15 0.00000
207.6 0.00000 15 0.00000
207.7 0.00000 15 0.00000
207.8 0.00000 15 0.00000
207.9 0.00000 15 0.00000
208.0 0.00000 15 0.00000
208.1 0.00000 15 0.00000
208.2 0.00000 15 0.00000
208.3 0.00000 15 0.00000
208.4 0.00000 15 0.00000
208.5 0.00000 15 0.00000
208.6 0.00000 15 0.00000
208.7 0.00000 15 0.00000
208.8 0.00000 15 0.00000
208.9 0.00000 15 0.00000
209.0 0.00000 15 0.00000
209.1 0.00000 15 0.00000
209.2 0.00000 15 0.00000
209.3 0.00000 15 0.00000
209.4 0.00000 15 0.00000
209.5 0.00000 15 0.00000
209.6 0.00000 15 0.00000
209.7 0.00000 15 0.00000
209.8 0.00000 15 0.00000
209.9 0.00000 15 0.00000
210.0 0.00000 15 0.00000
210.1 0.00000 15 0.00000
210.2 0.00000 15 0.00000
210.3 0.00000 15 0.00000
210.4 0.00000 15 0.00000
210.5 0.00000 15 0.00000
210.6 0.00000 15 0.00000
210.7 0.00000 15 0.00000
210.8 0.00000 15 0.00000
210.9 0.00000 15 0.00000
211.0 0.00000 15 0.00000
211.1 0.00000 15 0.00000
211.2 0.00000 15 0.00000
211.3 0.00000 15 0.00000
211.4 0.00000 15 0.00000
211.5 0.00000 15 0.00000
211.6 0.00000 15 0.00000
211.7 0.00000 15 0.00000
211.8 0.00000 15 0.00000
211.9 0.00000 15 0.00000
212.0 0.00000 15 0.00000
212.1 0.00000 15 0.00000
212.2 0.00000 15 0.00000
212.3 0.00000 15 0.00000
212.4 0.00000 15 0.00000
212.5 0.00000 15 0.00000
212.6 0.00000 15 0.00000
212.7 0.00000 15 0.00000
212.8 0.00000 15 0.00000
212.9 0.00000 15 0.00000
213.0 0.00000 15 0.00000
213.1 0.00000 15 0.00000
213.2 0.00000 15 0.00000
213.3 0.00000 15 0.00000
213.4 0.00000 15 0.00000
213.5 0.00000 15 0.00000
213.6 0.00000 15 0.00000
213.7 0.00000 15 0.00000
213.8 0.00000 15 0.00000
213.9 0.00000 15 0.00000
214.0 0.00000 15 0.00000
214.1 0.00000 15 0.00000
214.2 0.00000 15 0.00000
214.3 0.00000 15 0.00000
214.4 0.00000 15 0.00000
214.5 0.00000 15 0.00000
214.6 0.00000 15 0.00000
214.7 0.00000 15 0.00000
214.8 0.00000 15 0.00000
214.9 0.00000 15 0.00000
215.0 0.00000 15 0.00000
215.1 0.00000 15 0.00000
215.2 0.00000 15 0.00000
215.3 0.00000 15 0.00000
215.4 0.00000 15 0.00000
215.5 0.00000 15 0.00000
215.6 0.00000 15 0.00000
215.7 0.00000 15 0.00000
215.8 0.00000 15 0.00000
215.9 0.00000 15 0.00000
216.0 0.00000 15 0.00000
216.1 0.00000 15 0.00000
216.2 0.00000 15 0.00000
216.3 0.00000 15 0.00000
216.4 0.00000 15 0.00000
216.5 0.00000 15 0.00000
216.6 0.00000 15 0.00000
216.7 0.00000 15 0.00000
216.8 0.00000 15 0.00000
216.9 0.00000 15 0.00000
217.0 0.00000 15 0.00000
217.1 0.00000 15 0.00000
217.2 0.00000 15 0.00000
217.3 0.00000 15 0.00000
217.4 0.00000 15 0.00000
217.5 0.00000 15 0.00000
217.6 0.00000 15 0.00000
217.7 0.00000 15 0.00000
217.8 0.00000 15 0.00000
217.9 0.00000 15 0.00000
218.0 0.00000 15 0.00000
218.1 0.00000 15 0.00000
218.2 0.00000 15 0.00000
218.3 0.00000 15 0.00000
218.4 0.00000 15 0.00000
218.5 0.00000 15 0.00000
218.6 0.00000 15 0.00000
218.7 0.00000 15 0.00000
218.8 0.00000 15 0.00000
218.9 0.00000 15 0.00000
219.0 0.00000 15 0.00000
219.1 0.00000 15 0.00000
219.2 0.00000 15 0.00000
219.3 0.00000 15 0.00000
219.4 0.00000 15 0.00000
219.5 0.00000 15 0.00000
219.6 0.00000 15 0.00000
219.7 0.00000 15 0.00000
219.8 0.00000 15 0.00000
219.9 0.00000 15 0.00000
220.0 0.00000 15 0.00000
220.1 0.00000 15 0.00000
220.2 0.00000 15 0.00000
220.3 0.00000 15 0.00000
220.4 0.00000 15 0.00000
220.5 0.00000 15 0.00000
220.6 0.00000 15 0.00000
220.7 0.00000 15 0.00000
220.8 0.00000 15 0.00000
220.9 0.00000 15 0.00000
221.0 0.00000 15 0.00000
221.1 0.00000 15 0.00000
221.2 0.00000 15 0.00000
221.3 0.00000 15 0.00000
221.4 0.00000 15 0.00000
221.5 0.00000 15 0.00000
221.6 0.00000 15 0.00000
221.7 0.00000 15 0.00000
221.8 0.00000 15 0.00000
221.9 0.00000 15 0.00000
222.0 0.00000 15 0.00000
222.1 0.00000 15 0.00000
222.2 0.00000 15 0.00000
222.3 0.00000 15 0.00000
222.4 0.00000 15 0.00000
222.5 0.00000 15 0.00000
222.6 0.00000 15 0.00000
222.7 0.00000 15 0.00000
222.8 0.00000 15 0.00000
222.9 0.00000 15 0.00000
223.0 0.00000 15 0.00000
223.1 0.00000 15 0.00000
223.2 0.00000 15 0.00000
223.3 0.00000 15 0.00000
223.4 0.00000 15 0.00000
223.5 0.00000 15 0.00000
223.6 0.00000 15 0.00000
223.7 0.00000 15 0.00000
223.8 0.00000 15 0.00000
223.9 0.00000 15 0.00000
224.0 0.00000 15 0.00000
224.1 0.00000 15 0.00000
224.2 0.00000 15 0.00000
224.3 0.00000 15 0.00000
224.4 0.00000 15 0.00000
224.5 0.00000 15 0.00000
224.6 0.00000 15 0.00000
224.7 0.00000 15 0.00000
224.8 0.00000 15 0.00000
224.9 0.00000 15 0.00000
225.0 0.00000 15 0.00000
225.1 0.00000 15 0.00000
225.2 0.00000 15 0.00000
225.3 0.00000 15 0.00000
225.4 0.00000 15 0.00000
225.5 0.00000 15 0.00000
225.6 0.00000 15 0.00000
225.7 0.00000 15 0.00000
225.8 0.00000 15 0.00000
225.9 0.00000 15 0.00000
226.0 0.00000 15 0.00000
226.1 0.00000 15 0.00000
226.2 0.00000 15 0.00000
226.3 0.00000 15 0.00000
226.4 0.00000 15 0.00000
226.5 0.00000 15 0.00000
226.6 0.00000 15 0.00000
226.7 0.00000 15 0.00000
226.8 0.00000 15 0.00000
226.9 0.00000 15 0.00000
227.0 0.00000 15 0.00000
227.1 0.00000 15 0.00000
227.2 0.00000 15 0.00000
227.3 0.00000 15 0.00000
227.4 0.00000 15 0.00000
227.5 0.00000 15 0.00000
227.6 0.00000 15 0.00000
227.7 0.00000 15 0.00000
227.8 0.00000 15 0.00000
227.9 0.00000 15 0.00000
228.0 0.00000 15 0.00000
228.1 0.00000 15 0.00000
228.2 0.00000 15 0.00000
228.3 0.00000 15 0.00000
228.4 0.00000 15 0.00000
228.5 0.00000 15 0.00000
228.6 0.00000 15 0.00000
228.7 0.00000 15 0.00000
228.8 0.00000 15 0.00000
228.9 0.00000 15 0.00000
229.0 0.00000 15 0.00000
229.1 0.00000 15 0.00000
229.2 0.00000 15 0.00000
229.3 0.00000 15 0.00000
229.4 0.00000 15 0.00000
229.5 0.00000 15 0.00000
229.6 0.00000 15 0.00000
229.7 0.00000 15 0.00000
229.8 0.00000 15 0.00000
229.9 0.00000 15 0.00000
230.0 0.00000 15 0.00000
230.1 0.00000 15 0.00000
230.2 0.00000 15 0.00000
230.3 0.00000 15 0.00000
230.4 0.00000 15 0.00000
230.5 0.00000 15 0.00000
230.6 0.00000 15 0.00000
230.7 0.00000 15 0.00000
230.8 0.00000 15 0.00000
230.9 0.00000 15 0.00000
231.0 0.00000 15 0.00000
231.1 0.00000 15 0.00000
231.2 0.00000 15 0.00000
231.3 0.00000 15 0.00000
231.4 0.00000 15 0.00000
231.5 0.00000 15 0.00000
231.6 0.00000 15 0.00000
231.7 0.00000 15 0.00000
231.8 0.00000 15 0.00000
231.9 0.00000 15 0.00000
232.0 0.00000 15 0.00000
232.1 0.00000 15 0.00000
232.2 0.00000 15 0.00000
232.3 0.00000 15 0.00000
232.4 0.00000 15 0.00000
232.5 0.00000 15 0.00000
232.6 0.00000 15 0.00000
232.7 0.00000 15 0.00000
232.8 0.00000 15 0.00000
232.9 0.00000 15 0.00000
233.0 0.00000 15 0.00000
233.1 0.00000 15 0.00000
233.2 0.00000 15 0.00000
233.3 0.00000 15 0.00000
233.4 0.00000 15 0.00000
233.5 0.00000 15 0.00000
233.6 0.00000 15 0.00000
233.7 0.00000 15 0.00000
233.8 0.00000 15 0.00000
233.9 0.00000 15 0.00000
234.0 0.00000 15 0.00000
234.1 0.00000 15 0.00000
234.2 0.00000 15 0.00000
234.3 0.00000 15 0.00000
234.4 0.00000 15 0.00000
234.5 0.00000 15 0.00000
234.6 0.00000 15 0.00000
234.7 0.00000 15 0.00000
234.8 0.00000 15 0.00000
234.9 0.00000 15 0.00000
235.0 0.00000 15 0.00000
235.1 0.00000 15 0.00000
235.2 0.00000 15 0.00000
235.3 0.00000 15 0.00000
235.4 0.00000 15 0.00000
235.5 0.00000 15 0.00000
235.6 0.00000 15 0.00000
235.7 0.00000 15 0.00000
235.8 0.00000 15 0.00000
235.9 0.00000 15 0.00000
236.0 0.00000 15 0.00000
236.1 0.00000 15 0.00000
236.2 0.00000 15 0.00000
236.3 0.00000 15 0.00000
236.4 0.00000 15 0.00000
236.5 0.00000 15 0.00000
236.6 0.00000 15 0.00000
236.7 0.00000 15 0.00000
236.8 0.00000 15 0.00000
236.9 0.00000 15 0.00000
237.0 0.00000 15 0.00000
237.1 0.00000 15 0.00000
237.2 0.00000 15 0.00000
237.3 0.00000 15 0.00000
237.4 0.00000 15 0.00000
237.5 0.00000 15 0.00000
237.6 0.00000 15 0.00000
237.7 0.00000 15 0.00000
237.8 0.00000 15 0.00000
237.9 0.00000 15 0.00000
238.0 0.00000 15 0.00000
238.1 0.00000 15 0.00000
238.2 0.00000 15 0.00000
238.3 0.00000 15 0.00000
238.4 0.00000 15 0.00000
238.5 0.00000 15 0.00000
238.6 0.00000 15 0.00000
238.7 0.00000 15 0.00000
238.8 0.00000 15 0.00000
238.9 0.00000 15 0.00000
239.0 0.00000 15 0.00000
239.1 0.00000 15 0.00000
239.2 0.00000 15 0.00000
239.3 0.00000 15 0.00000
239.4 0.00000 15 0.00000
239.5 0.00000 15 0.00000
239.6 0.00000 15 0.00000
239.7 0.00000 15 0.00000
239.8 0.00000 15 0.00000
239.9 0.00000 15 0.00000
240.0 0.00000 15 0.00000
240.1 0.00000 15 0.00000
240.2 0.00000 15 0.00000
240.3 0.00000 15 0.00000
240.4 0.00000 15 0.00000
240.5 0.00000 15 0.00000
240.6 0.00000 15 0.00000
240.7 0.00000 15 0.00000
240.8 0.00000 15 0.00000
240.9 0.00000 15 0.00000
241.0 0.00000 15 0.00000
241.1 0.00000 15 0.00000
241.2 0.00000 15 0.00000
241.3 0.00000 15 0.00000
241.4 0.00000 15 0.00000
241.5 0.00000 15 0.00000
241.6 0.00000 15 0.00000
241.7 0.00000 15 0.00000
241.8 0.00000 15 0.00000
241.9 0.00000 15 0.00000
242.0 0.00000 15 0.00000
242.1 0.00000 15 0.00000
242.2 0.00000 15 0.00000
242.3 0.00000 15 0.00000
242.4 0.00000 15 0.00000
242.5 0.00000 15 0.00000
242.6 0.00000 15 0.00000
242.7 0.00000 15 0.00000
242.8 0.00000 15 0.00000
242.9 0.00000 15 0.00000
243.0 0.00000 15 0.00000
243.1 0.00000 15 0.00000
243.2 0.00000 15 0.00000
243.3 0.00000 15 0.00000
243.4 0.00000 15 0.00000
243.5 0.00000 15 0.00000
243.6 0.00000 15 0.00000
243.7 0.00000 15 0.00000
243.8 0.00000 15 0.00000
243.9 0.00000 15 0.00000
244.0 0.00000 15 0.00000
244.1 0.00000 15 0.00000
244.2 0.00000 15 0.00000
244.3 0.00000 15 0.00000
244.4 0.00000 15 0.00000
244.5 0.00000 15 0.00000
244.6 0.00000 15 0.00000
244.7 0.00000 15 0.00000
244.8 0.00000 15 0.00000
244.9 0.00000 15 0.00000
245.0 0.00000 15 0.00000
245.1 0.00000 15 0.00000
245.2 0.00000 15 0.00000
245.3 0.00000 15 0.00000
245.4 0.00000 15 0.00000
245.5 0.00000 15 0.00000
245.6 0.00000 15 0.00000
245.7 0.00000 15 0.00000
245.8 0.00000 15 0.00000
245.9 0.00000 15 0.00000
246.0 0.00000 15 0.00000
246.1 0.00000 15 0.00000
246.2 0.00000 15 0.00000
246.3 0.00000 15 0.00000
246.4 0.00000 15 0.00000
246.5 0.00000 15 0.00000
246.6 0.00000 15 0.00000
246.7 0.00000 15 0.00000
246.8 0.00000 15 0.00000
246.9 0.00000 15 0.00000
247.0 0.00000 15 0.00000
247.1 0.00000 15 0.00000
247.2 0.00000 15 0.00000
247.3 0.00000 15 0.00000
247.4 0.00000 15 0.00000
247.5 0.00000 15 0.00000
247.6 0.00000 15 0.00000
247.7 0.00000 15 0.00000
247.8 0.00000 15 0.00000
247.9 0.00000 15 0.00000
248.0 0.00000 15 0.00000
248.1 0.00000 15 0.00000
248.2 0.00000 15 0.00000
248.3 0.00000 15 0.00000
248.4 0.00000 15 0.00000
248.5 0.00000 15 0.00000
248.6 0.00000 15 0.00000
248.7 0.00000 15 0.00000
248.8 0.00000 15 0.00000
248.9 0.00000 15 0.00000
249.0 0.00000 15 0.00000
249.1 0.00000 15 0.00000
249.2 0.00000 15 0.00000
249.3 0.00000 15 0.00000
249.4 0.00000 15 0.00000
249.5 0.00000 15 0.00000
249.6 0.00000 15 0.00000
249.7 0.00000 15 0.00000
249.8 0.00000 15 0.00000
249.9 0.00000 15 0.00000
250.0 0.00000 15 0.00000
