15.0 2.25541 13 0.09952
15.1 2.29908 13 0.10313
15.2 2.34372 13 0.10672
15.3 2.38827 13 0.11036
15.4 2.43323 13 0.11401
15.5 2.47860 13 0.11767
15.6 2.53249 14 0.12134
15.7 2.59449 14 0.12503
15.8 2.65764 14 0.12872
15.9 2.72194 14 0.13242
16.0 2.78741 14 0.13614
16.1 2.85406 14 0.13986
16.2 2.92189 14 0.14359
16.3 2.99092 14 0.14733
16.4 3.06117 14 0.15108
16.5 3.13264 14 0.15484
16.6 3.20534 14 0.15861
16.7 3.27928 14 0.16239
16.8 3.35448 14 0.16618
16.9 3.43096 14 0.16997
17.0 3.50871 14 0.17378
17.1 3.58775 14 0.17759
17.2 3.68519 14 0.18247
17.3 3.80546 14 0.18864
17.4 3.92893 14 0.19488
17.5 4.04315 14 0.20119
17.6 4.15193 14 0.20756
17.7 4.26276 14 0.21400
17.8 4.37567 14 0.22051
17.9 4.49068 14 0.22708
18.0 4.60781 14 0.23373
18.1 4.72710 14 0.24044
18.2 4.84856 14 0.24723
18.3 4.97223 14 0.25408
18.4 5.09812 14 0.26100
18.5 5.22626 14 0.26800
18.6 5.35668 14 0.27507
18.7 5.48940 14 0.28221
18.8 5.62446 14 0.28942
18.9 5.76187 14 0.29671
19.0 5.90166 14 0.30407
19.1 6.04387 14 0.31151
19.2 6.18852 14 0.31902
19.3 6.33563 14 0.32661
19.4 6.48524 14 0.33428
19.5 6.63737 14 0.34202
19.6 6.79206 14 0.34984
19.7 6.94932 14 0.35774
19.8 7.16859 14 0.36586
19.9 7.33034 14 0.37391
20.0 7.49476 14 0.38205
20.1 7.62117 14 0.38778
20.2 7.71754 14 0.39164
20.3 7.81474 14 0.39550
20.4 7.91278 14 0.39938
20.5 8.01167 14 0.40327
20.6 8.11140 14 0.40717
20.7 8.21197 14 0.41108
20.8 8.31340 14 0.41501
20.9 8.41568 14 0.41895
21.0 8.51881 14 0.42289
21.1 8.62280 14 0.42686
21.2 8.72766 14 0.43083
21.3 8.83338 14 0.43482
21.4 8.93996 14 0.43881
21.5 9.04742 14 0.44282
21.6 9.15575 14 0.44685
21.7 9.26496 14 0.45088
21.8 9.37505 14 0.45493
21.9 9.48602 14 0.45899
22.0 9.59788 14 0.46306
22.1 9.71062 14 0.46714
22.2 9.82426 14 0.47124
22.3 9.93879 14 0.47535
22.4 10.05422 14 0.47947
22.5 10.17056 14 0.48361
22.6 10.28780 14 0.48775
22.7 10.40594 14 0.49191
22.8 10.52500 14 0.49608
22.9 10.64497 14 0.50027
23.0 10.76586 14 0.50446
23.1 10.88767 14 0.50867
23.2 11.01041 14 0.51290
23.3 11.13407 14 0.51713
23.4 11.25866 14 0.52138
23.5 11.38419 14 0.52564
23.6 11.51065 14 0.52991
23.7 11.63805 14 0.53420
23.8 11.76640 14 0.53850
23.9 11.89570 14 0.54281
24.0 12.02594 14 0.54714
24.1 12.15714 14 0.55147
24.2 12.28930 14 0.55582
24.3 12.42241 14 0.56019
24.4 12.55650 14 0.56457
24.5 12.69154 14 0.56896
24.6 12.82756 14 0.57336
24.7 12.96456 14 0.57778
24.8 13.10253 14 0.58221
24.9 13.24148 14 0.58665
25.0 13.38142 14 0.59111
25.1 13.52234 14 0.59558
25.2 13.66426 14 0.60006
25.3 13.80717 14 0.60456
25.4 13.95108 14 0.60907
25.5 14.09599 14 0.61360
25.6 14.24191 14 0.61814
25.7 14.38884 14 0.62269
25.8 14.53678 14 0.62725
25.9 14.68573 14 0.63183
26.0 14.83571 14 0.63643
26.1 14.98671 14 0.64103
26.2 15.13874 14 0.64565
26.3 15.29180 14 0.65029
26.4 15.44590 14 0.65494
26.5 15.60103 14 0.65960
26.6 15.75720 14 0.66428
26.7 15.91442 14 0.66897
26.8 16.07269 14 0.67367
26.9 16.23201 14 0.67839
27.0 16.39239 14 0.68312
27.1 16.55383 14 0.68787
27.2 16.71633 14 0.69263
27.3 16.87991 14 0.69741
27.4 17.04455 14 0.70220
27.5 17.21027 14 0.70700
27.6 17.37707 14 0.71182
27.7 17.54495 14 0.71665
27.8 17.71392 14 0.72150
27.9 17.88399 14 0.72637
28.0 18.05514 14 0.73124
28.1 18.22739 14 0.73614
28.2 18.40075 14 0.74104
28.3 18.57521 14 0.74596
28.4 18.75079 14 0.75090
28.5 18.92747 14 0.75585
28.6 19.10528 14 0.76082
28.7 19.28421 14 0.76580
28.8 19.46426 14 0.77079
28.9 19.64544 14 0.77581
29.0 19.82776 14 0.78083
29.1 20.01122 14 0.78587
29.2 20.19582 14 0.79093
29.3 20.38157 14 0.79600
29.4 20.56846 14 0.80109
29.5 20.75651 14 0.80619
29.6 20.94572 14 0.81131
29.7 21.13609 14 0.81644
29.8 21.32763 14 0.82159
29.9 21.52034 14 0.82676
30.0 21.71422 14 0.83193
30.1 21.90928 14 0.83713
30.2 22.10552 14 0.84234
30.3 22.30295 14 0.84757
30.4 22.50158 14 0.85281
30.5 22.70140 14 0.85807
30.6 22.90241 14 0.86334
30.7 23.10464 14 0.86863
30.8 23.30806 14 0.87394
30.9 23.51270 14 0.87926
31.0 23.71856 14 0.88460
31.1 23.92564 14 0.88996
31.2 24.13395 14 0.89533
31.3 24.34348 14 0.90071
31.4 24.55425 14 0.90612
31.5 24.76625 14 0.91154
31.6 24.97950 14 0.91697
31.7 25.19399 14 0.92242
31.8 25.40974 14 0.92789
31.9 25.62674 14 0.93338
32.0 25.84499 14 0.93888
32.1 26.06371 14 0.94440
32.2 26.28352 14 0.94993
32.3 26.50450 14 0.95549
32.4 26.72674 14 0.96106
32.5 26.87535 14 0.96664
32.6 27.09821 14 0.97225
32.7 27.32312 14 0.97786
32.8 27.54929 14 0.98350
32.9 27.77673 14 0.98915
33.0 28.00534 14 0.99482
33.1 28.22143 14 1.00000
33.2 28.29830 14 1.00000
33.3 28.37510 14 1.00000
33.4 28.45185 14 1.00000
33.5 28.52853 14 1.00000
33.6 28.60516 14 1.00000
33.7 28.68208 14 1.00000
33.8 28.75767 14 1.00000
33.9 28.83375 14 1.00000
34.0 28.82383 14 1.00000
34.1 28.89932 14 1.00000
34.2 28.97483 14 1.00000
34.3 29.05019 14 1.00000
34.4 28.99083 14 1.00000
34.5 29.06637 14 1.00000
34.6 29.14192 14 1.00000
34.7 29.21748 14 1.00000
34.8 29.14496 14 1.00000
34.9 29.22073 14 1.00000
35.0 29.29642 14 1.00000
35.1 29.37195 14 1.00000
35.2 29.44669 14 1.00000
35.3 29.37230 14 1.00000
35.4 29.35336 14 1.00000
35.5 29.42824 14 1.00000
35.6 29.50312 14 1.00000
35.7 28.98558 14 1.00000
35.8 27.72466 14 1.00000
35.9 25.19456 14 1.00000
36.0 23.50787 14 1.00000
36.1 21.72750 14 1.00000
36.2 19.83625 14 1.00000
36.3 17.81116 14 1.00000
36.4 15.62102 14 1.00000
36.5 14.07978 14 1.00000
36.6 13.31296 14 1.00000
36.7 13.29043 14 1.00000
36.8 13.35144 14 1.00000
36.9 13.24952 14 1.00000
37.0 13.28524 14 1.00000
37.1 13.32804 14 1.00000
37.2 13.35583 14 1.00000
37.3 13.39149 14 1.00000
37.4 13.42709 14 1.00000
37.5 13.46313 14 1.00000
37.6 13.50690 14 1.00000
37.7 13.55069 14 1.00000
37.8 13.59449 14 1.00000
37.9 13.63831 14 1.00000
38.0 13.69115 14 1.00000
38.1 13.68496 14 1.00000
38.2 13.72884 14 1.00000
38.3 13.77273 14 1.00000
38.4 13.81664 14 1.00000
38.5 13.86988 14 1.00000
38.6 13.92263 14 1.00000
38.7 14.03290 14 1.00000
38.8 14.06983 14 1.00000
38.9 13.99554 14 1.00000
39.0 14.04994 14 1.00000
39.1 14.10237 14 1.00000
39.2 14.21220 14 1.00000
39.3 14.24926 14 1.00000
39.4 14.28542 14 1.00000
39.5 14.32156 14 1.00000
39.6 14.35774 14 1.00000
39.7 14.39389 14 1.00000
39.8 14.42859 14 1.00000
39.9 14.46451 14 1.00000
40.0 14.50064 14 1.00000
40.1 14.53682 14 1.00000
40.2 14.57297 14 1.00000
40.3 14.60907 14 1.00000
40.4 14.64515 14 1.00000
40.5 14.68114 14 1.00000
40.6 14.71584 14 1.00000
40.7 14.75193 14 1.00000
40.8 14.78804 14 1.00000
40.9 14.82407 14 1.00000
41.0 14.86001 14 1.00000
41.1 14.89594 14 1.00000
41.2 14.93176 14 1.00000
41.3 14.97076 14 1.00000
41.4 15.01514 14 1.00000
41.5 15.03883 14 1.00000
41.6 15.07468 14 1.00000
41.7 15.11060 14 1.00000
41.8 15.15267 14 1.00000
41.9 15.19714 14 1.00000
42.0 15.24162 14 1.00000
42.1 15.29377 14 1.00000
42.2 15.34912 14 1.00000
42.3 15.33523 14 1.00000
42.4 15.37979 14 1.00000
42.5 15.42473 14 1.00000
42.6 15.48219 14 1.00000
42.7 15.53607 14 1.00000
42.8 15.58670 14 1.00000
42.9 15.63434 14 1.00000
43.0 15.73861 14 1.00000
43.1 15.77631 14 1.00000
43.2 15.72360 14 1.00000
43.3 15.77275 14 1.00000
43.4 15.88202 14 1.00000
43.5 15.91966 14 1.00000
43.6 15.95658 14 1.00000
43.7 15.99292 14 1.00000
43.8 16.02938 14 1.00000
43.9 16.06589 14 1.00000
44.0 16.10066 14 1.00000
44.1 16.13686 14 1.00000
44.2 16.17332 14 1.00000
44.3 16.20979 14 1.00000
44.4 16.24624 14 1.00000
44.5 16.28271 14 1.00000
44.6 16.31903 14 1.00000
44.7 16.35534 14 1.00000
44.8 16.39012 14 1.00000
44.9 16.42652 14 1.00000
45.0 16.46287 14 1.00000
45.1 16.49920 14 1.00000
45.2 16.53537 14 1.00000
45.3 16.57154 14 1.00000
45.4 16.60756 14 1.00000
45.5 16.64562 14 1.00000
45.6 16.67911 14 1.00000
45.7 16.71531 14 1.00000
45.8 16.75133 14 1.00000
45.9 16.78767 14 1.00000
46.0 16.83242 14 1.00000
46.1 16.87747 14 1.00000
46.2 16.92252 14 1.00000
46.3 16.97528 14 1.00000
46.4 16.97468 14 1.00000
46.5 17.01981 14 1.00000
46.6 17.06495 14 1.00000
46.7 17.11551 14 1.00000
46.8 17.17307 14 1.00000
46.9 17.22706 14 1.00000
47.0 17.27794 14 1.00000
47.1 17.25728 14 1.00000
47.2 17.31537 14 1.00000
47.3 17.36974 14 1.00000
47.4 17.42092 14 1.00000
47.5 17.46938 14 1.00000
47.6 17.58171 14 1.00000
47.7 17.61971 14 1.00000
47.8 17.56500 14 1.00000
47.9 17.61350 14 1.00000
48.0 17.72643 14 1.00000
48.1 17.76446 14 1.00000
48.2 17.80141 14 1.00000
48.3 17.83808 14 1.00000
48.4 17.87490 14 1.00000
48.5 17.90974 14 1.00000
48.6 17.94603 14 1.00000
48.7 17.98272 14 1.00000
48.8 18.01951 14 1.00000
48.9 18.05621 14 1.00000
49.0 18.09291 14 1.00000
49.1 18.12734 14 1.00000
49.2 18.16408 14 1.00000
49.3 18.20073 14 1.00000
49.4 18.23740 14 1.00000
49.5 18.27407 14 1.00000
49.6 18.31060 14 1.00000
49.7 18.34529 14 1.00000
49.8 18.38188 14 1.00000
49.9 18.41844 14 1.00000
50.0 18.45490 14 1.00000
50.1 18.49125 14 1.00000
50.2 18.52748 14 1.00000
50.3 18.56273 14 1.00000
50.4 18.59919 14 1.00000
50.5 18.63545 14 1.00000
50.6 18.67156 14 1.00000
50.7 18.70690 14 1.00000
50.8 18.74325 14 1.00000
50.9 18.77948 14 1.00000
51.0 18.81550 14 1.00000
51.1 18.85219 14 1.00000
51.2 18.88727 14 1.00000
51.3 18.92333 14 1.00000
51.4 18.95939 14 1.00000
51.5 18.99492 14 1.00000
51.6 19.03107 14 1.00000
51.7 19.06700 14 1.00000
51.8 19.10245 14 1.00000
51.9 19.13870 14 1.00000
52.0 19.17464 14 1.00000
52.1 19.21009 14 1.00000
52.2 19.24622 14 1.00000
52.3 19.28122 14 1.00000
52.4 19.31749 14 1.00000
52.5 19.35213 14 1.00000
52.6 19.38628 14 1.00000
52.7 19.42288 14 1.00000
52.8 19.45440 14 1.00000
52.9 19.31894 14 1.00000
53.0 19.33304 14 1.00000
53.1 19.37983 14 1.00000
53.2 19.58611 14 1.00000
53.3 19.62385 14 1.00000
53.4 19.66198 14 1.00000
53.5 19.69964 14 1.00000
53.6 19.73488 14 1.00000
53.7 19.77068 14 1.00000
53.8 19.80666 14 1.00000
53.9 19.84267 14 1.00000
54.0 19.87868 14 1.00000
54.1 19.91456 14 1.00000
54.2 19.95054 14 1.00000
54.3 19.98614 14 1.00000
54.4 20.02179 14 1.00000
54.5 20.05711 14 1.00000
54.6 20.09218 14 1.00000
54.7 20.12751 14 1.00000
54.8 20.17113 14 1.00000
54.9 20.21804 14 1.00000
55.0 20.26495 14 1.00000
55.1 20.31186 14 1.00000
55.2 20.35879 14 1.00000
55.3 20.55396 14 1.00000
55.4 20.59202 14 1.00000
55.5 20.63006 14 1.00000
55.6 20.66602 14 1.00000
55.7 20.70234 14 1.00000
55.8 20.73880 14 1.00000
55.9 20.77534 14 1.00000
56.0 20.81153 14 1.00000
56.1 20.84805 14 1.00000
56.2 20.88442 14 1.00000
56.3 20.92031 14 1.00000
56.4 20.95633 14 1.00000
56.5 20.99215 14 1.00000
56.6 21.02749 14 1.00000
56.7 21.06286 14 1.00000
56.8 21.10515 14 1.00000
56.9 21.15214 14 1.00000
57.0 21.19915 14 1.00000
57.1 21.24615 14 1.00000
57.2 21.29317 14 1.00000
57.3 21.34017 14 1.00000
57.4 21.38719 14 1.00000
57.5 21.57769 14 1.00000
57.6 21.61912 14 1.00000
57.7 21.65461 14 1.00000
57.8 21.69088 14 1.00000
57.9 21.72787 14 1.00000
58.0 21.76498 14 1.00000
58.1 21.80168 14 1.00000
58.2 21.83819 14 1.00000
58.3 21.87484 14 1.00000
58.4 21.91175 14 1.00000
58.5 21.94836 14 1.00000
58.6 21.98399 14 1.00000
58.7 22.02087 14 1.00000
58.8 22.05703 14 1.00000
58.9 22.09321 14 1.00000
59.0 22.12933 14 1.00000
59.1 22.16603 14 1.00000
59.2 22.20913 14 1.00000
59.3 22.25292 14 1.00000
59.4 22.29671 14 1.00000
59.5 22.34054 14 1.00000
59.6 22.38438 14 1.00000
59.7 22.42823 14 1.00000
59.8 22.47210 14 1.00000
59.9 22.51599 14 1.00000
60.0 22.55989 14 1.00000
60.1 22.60382 14 1.00000
60.2 22.64776 14 1.00000
60.3 22.69172 14 1.00000
60.4 22.73569 14 1.00000
60.5 22.77968 14 1.00000
60.6 22.82369 14 1.00000
60.7 23.00343 14 1.00000
60.8 23.03949 14 1.00000
60.9 23.07663 14 1.00000
61.0 23.11335 14 1.00000
61.1 23.15139 14 1.00000
61.2 23.18846 14 1.00000
61.3 23.22647 14 1.00000
61.4 23.26345 14 1.00000
61.5 23.30120 14 1.00000
61.6 23.33809 14 1.00000
61.7 23.37545 14 1.00000
61.8 23.41315 14 1.00000
61.9 23.45046 14 1.00000
62.0 23.48760 14 1.00000
62.1 23.52460 14 1.00000
62.2 23.56100 14 1.00000
62.3 23.59832 14 1.00000
62.4 23.63478 14 1.00000
62.5 23.67130 14 1.00000
62.6 23.70778 14 1.00000
62.7 23.74602 14 1.00000
62.8 23.79038 14 1.00000
62.9 23.83475 14 1.00000
63.0 23.87915 14 1.00000
63.1 23.92356 14 1.00000
63.2 23.96799 14 1.00000
63.3 24.01243 14 1.00000
63.4 24.05689 14 1.00000
63.5 24.10137 14 1.00000
63.6 24.14586 14 1.00000
63.7 24.20315 14 1.00000
63.8 24.25694 14 1.00000
63.9 24.30881 14 1.00000
64.0 24.35839 14 1.00000
64.1 24.40690 14 1.00000
64.2 24.45466 14 1.00000
64.3 24.50050 14 1.00000
64.4 24.54499 14 1.00000
64.5 24.68457 14 1.00000
64.6 24.72178 14 1.00000
64.7 24.75869 14 1.00000
64.8 24.79718 14 1.00000
64.9 24.83506 14 1.00000
65.0 24.87299 14 1.00000
65.1 24.91140 14 1.00000
65.2 24.94924 14 1.00000
65.3 24.98660 14 1.00000
65.4 25.02449 14 1.00000
65.5 25.06223 14 1.00000
65.6 25.10057 14 1.00000
65.7 25.13787 14 1.00000
65.8 25.17521 14 1.00000
65.9 25.21319 14 1.00000
66.0 25.25028 14 1.00000
66.1 25.28775 14 1.00000
66.2 25.32494 14 1.00000
66.3 25.36181 14 1.00000
66.4 25.39866 14 1.00000
66.5 25.43695 14 1.00000
66.6 25.48175 14 1.00000
66.7 25.52674 14 1.00000
66.8 25.57174 14 1.00000
66.9 25.61677 14 1.00000
67.0 25.66182 14 1.00000
67.1 25.70687 14 1.00000
67.2 25.75194 14 1.00000
67.3 25.79699 14 1.00000
67.4 25.84200 14 1.00000
67.5 25.88701 14 1.00000
67.6 25.93701 14 1.00000
67.7 26.00922 14 1.00000
67.8 26.02789 14 1.00000
67.9 26.10642 14 1.00000
68.0 26.15206 14 1.00000
68.1 26.19538 14 1.00000
68.2 26.23530 14 1.00000
68.3 26.29461 14 1.00000
68.4 26.33772 14 1.00000
68.5 26.37557 14 1.00000
68.6 26.39207 14 1.00000
68.7 26.47738 14 1.00000
68.8 26.51803 14 1.00000
68.9 26.55601 14 1.00000
69.0 26.56891 14 1.00000
69.1 26.65701 14 1.00000
69.2 26.69394 14 1.00000
69.3 26.70998 14 1.00000
69.4 26.74379 14 1.00000
69.5 26.78872 14 1.00000
69.6 26.84883 14 1.00000
69.7 26.88503 14 1.00000
69.8 26.92467 14 1.00000
69.9 26.96963 14 1.00000
70.0 27.02398 14 1.00000
70.1 27.06076 14 1.00000
70.2 27.10577 14 1.00000
70.3 27.15078 14 1.00000
70.4 27.19570 14 1.00000
70.5 27.24207 14 1.00000
70.6 27.28712 14 1.00000
70.7 27.33216 14 1.00000
70.8 27.38024 14 1.00000
70.9 27.44484 14 1.00000
71.0 27.46873 14 1.00000
71.1 27.51384 14 1.00000
71.2 27.56929 14 1.00000
71.3 27.63800 14 1.00000
71.4 27.70219 14 1.00000
71.5 27.76695 14 1.00000
71.6 27.76246 14 1.00000
71.7 27.82533 14 1.00000
71.8 27.88988 14 1.00000
71.9 27.95560 14 1.00000
72.0 28.02075 14 1.00000
72.1 28.01379 14 1.00000
72.2 28.07934 14 1.00000
72.3 28.14176 14 1.00000
72.4 28.20898 14 1.00000
72.5 28.27423 14 1.00000
72.6 28.33633 14 1.00000
72.7 28.32748 14 1.00000
72.8 28.39183 14 1.00000
72.9 28.45568 14 1.00000
73.0 28.52041 14 1.00000
73.1 28.58598 14 1.00000
73.2 28.55210 14 1.00000
73.3 28.59721 14 1.00000
73.4 28.70159 14 1.00000
73.5 28.76630 14 1.00000
73.6 28.73541 14 1.00000
73.7 28.78251 14 1.00000
73.8 28.82251 14 1.00000
73.9 28.83431 14 1.00000
74.0 28.91855 14 1.00000
74.1 28.96889 14 1.00000
74.2 29.01289 14 1.00000
74.3 29.04888 14 1.00000
74.4 29.05852 14 1.00000
74.5 29.07806 14 1.00000
74.6 29.11663 14 1.00000
74.7 29.24313 14 1.00000
74.8 29.27695 14 1.00000
74.9 29.28782 14 1.00000
75.0 29.30893 14 1.00000
75.1 29.34693 14 1.00000
75.2 29.39491 14 1.00000
75.3 29.46194 14 1.00000
75.4 29.53277 14 1.00000
75.5 29.53948 14 1.00000
75.6 29.57783 14 1.00000
75.7 29.62346 14 1.00000
75.8 29.68969 14 1.00000
75.9 29.76218 14 1.00000
76.0 29.83220 14 1.00000
76.1 29.90053 14 1.00000
76.2 29.96859 14 1.00000
76.3 29.91260 14 1.00000
76.4 29.98334 14 1.00000
76.5 30.05185 14 1.00000
76.6 30.12078 14 1.00000
76.7 30.19037 14 1.00000
76.8 30.25806 14 1.00000
76.9 30.32479 14 1.00000
77.0 30.39404 14 1.00000
77.1 30.33772 14 1.00000
77.2 30.40501 14 1.00000
77.3 30.47232 14 1.00000
77.4 30.53772 14 1.00000
77.5 30.60867 14 1.00000
77.6 30.67686 14 1.00000
77.7 30.64677 14 1.00000
77.8 30.69459 14 1.00000
77.9 30.73614 14 1.00000
78.0 30.81585 14 1.00000
78.1 30.88339 14 1.00000
78.2 30.95086 14 1.00000
78.3 30.92509 14 1.00000
78.4 30.97667 14 1.00000
78.5 31.02123 14 1.00000
78.6 31.05726 14 1.00000
78.7 31.07102 14 1.00000
78.8 31.09420 14 1.00000
78.9 31.17549 14 1.00000
79.0 31.25644 14 1.00000
79.1 31.30683 14 1.00000
79.2 31.35001 14 1.00000
79.3 31.36750 14 1.00000
79.4 31.39818 14 1.00000
79.5 31.42410 14 1.00000
79.6 31.43809 14 1.00000
79.7 31.48592 14 1.00000
79.8 31.55491 14 1.00000
79.9 31.57793 14 1.00000
80.0 31.71910 14 1.00000
80.1 31.73640 14 1.00000
80.2 31.76583 14 1.00000
80.3 31.78309 14 1.00000
80.4 31.81259 14 1.00000
80.5 31.87230 14 1.00000
80.6 31.94170 14 1.00000
80.7 32.01086 14 1.00000
80.8 32.07964 14 1.00000
80.9 32.15022 14 1.00000
81.0 32.13813 14 1.00000
81.1 32.15197 14 1.00000
81.2 32.18846 14 1.00000
81.3 32.24931 14 1.00000
81.4 32.31870 14 1.00000
81.5 32.39174 14 1.00000
81.6 32.45937 14 1.00000
81.7 32.52468 14 1.00000
81.8 32.59303 14 1.00000
81.9 32.65992 14 1.00000
82.0 32.72855 14 1.00000
82.1 32.72715 14 1.00000
82.2 32.68886 14 1.00000
82.3 32.75803 14 1.00000
82.4 32.82414 14 1.00000
82.5 32.89045 14 1.00000
82.6 32.95990 14 1.00000
82.7 33.02830 14 1.00000
82.8 33.09462 14 1.00000
82.9 33.16048 14 1.00000
83.0 33.14405 14 1.00000
83.1 33.20071 14 1.00000
83.2 33.25204 14 1.00000
83.3 33.29725 14 1.00000
83.4 33.31533 14 1.00000
83.5 33.38126 14 1.00000
83.6 33.44855 14 1.00000
83.7 33.51495 14 1.00000
83.8 33.58222 14 1.00000
83.9 33.64599 14 1.00000
84.0 33.62604 14 1.00000
84.1 33.68110 14 1.00000
84.2 33.73037 14 1.00000
84.3 33.77545 14 1.00000
84.4 33.79757 14 1.00000
84.5 33.83705 14 1.00000
84.6 33.91589 14 1.00000
84.7 33.99010 14 1.00000
84.8 34.05202 14 1.00000
84.9 34.11304 14 1.00000
85.0 34.10299 14 1.00000
85.1 34.15889 14 1.00000
85.2 34.21026 14 1.00000
85.3 34.25589 14 1.00000
85.4 34.29945 14 1.00000
85.5 34.32335 14 1.00000
85.6 34.35888 14 1.00000
85.7 34.39058 14 1.00000
85.8 34.41127 14 1.00000
85.9 34.42388 14 1.00000
86.0 34.50509 14 1.00000
86.1 34.62926 14 1.00000
86.2 34.68220 14 1.00000
86.3 34.73275 14 1.00000
86.4 34.78056 14 1.00000
86.5 34.82510 14 1.00000
86.6 34.85331 14 1.00000
86.7 34.89623 14 1.00000
86.8 34.93261 14 1.00000
86.9 34.95714 14 1.00000
87.0 34.97517 14 1.00000
87.1 34.99210 14 1.00000
87.2 35.05783 14 1.00000
87.3 35.12764 14 1.00000
87.4 35.19492 14 1.00000
87.5 35.22132 14 1.00000
87.6 35.35226 14 1.00000
87.7 35.39798 14 1.00000
87.8 35.42692 14 1.00000
87.9 35.47062 14 1.00000
88.0 35.51030 14 1.00000
88.1 35.54612 14 1.00000
88.2 35.57431 14 1.00000
88.3 35.59568 14 1.00000
88.4 35.62217 14 1.00000
88.5 35.68800 14 1.00000
88.6 35.75403 14 1.00000
88.7 35.81541 14 1.00000
88.8 35.87925 14 1.00000
88.9 35.94131 14 1.00000
89.0 36.00347 14 1.00000
89.1 36.04025 14 1.00000
89.2 36.10661 14 1.00000
89.3 36.14666 14 1.00000
89.4 36.18307 14 1.00000
89.5 36.23096 14 1.00000
89.6 36.33289 14 1.00000
89.7 36.35990 14 1.00000
89.8 36.38887 14 1.00000
89.9 36.49169 14 1.00000
90.0 36.52238 14 1.00000
90.1 36.56015 14 1.00000
90.2 36.66363 14 1.00000
90.3 36.76737 14 1.00000
90.4 36.87081 14 1.00000
90.5 36.97426 14 1.00000
90.6 37.07756 14 1.00000
90.7 37.18093 14 1.00000
90.8 37.28439 14 1.00000
90.9 37.38762 14 1.00000
91.0 37.49086 14 1.00000
91.1 37.59400 14 1.00000
91.2 37.69704 14 1.00000
91.3 37.80040 14 1.00000
91.4 37.90342 14 1.00000
91.5 38.00639 14 1.00000
91.6 38.10927 14 1.00000
91.7 38.21222 14 1.00000
91.8 38.31531 14 1.00000
91.9 38.41812 14 1.00000
92.0 38.52084 14 1.00000
92.1 38.62362 14 1.00000
92.2 38.72654 14 1.00000
92.3 38.82914 14 1.00000
92.4 38.93179 14 1.00000
92.5 39.03431 14 1.00000
92.6 39.13713 14 1.00000
92.7 39.23956 14 1.00000
92.8 39.34206 14 1.00000
92.9 39.44441 14 1.00000
93.0 39.54702 14 1.00000
93.1 39.64940 14 1.00000
93.2 39.75163 14 1.00000
93.3 39.85393 14 1.00000
93.4 39.95638 14 1.00000
93.5 40.05850 14 1.00000
93.6 40.16069 14 1.00000
93.7 40.26278 14 1.00000
93.8 40.36507 14 1.00000
93.9 40.46709 14 1.00000
94.0 40.56902 14 1.00000
94.1 40.67096 14 1.00000
94.2 40.77310 14 1.00000
94.3 40.87502 14 1.00000
94.4 40.97684 14 1.00000
94.5 41.07882 14 1.00000
94.6 41.18063 14 1.00000
94.7 41.28234 14 1.00000
94.8 41.38397 14 1.00000
94.9 41.48590 14 1.00000
95.0 41.58745 14 1.00000
95.1 41.68902 14 1.00000
95.2 41.79084 14 1.00000
95.3 41.89228 14 1.00000
95.4 41.99380 14 1.00000
95.5 42.09546 14 1.00000
95.6 42.19679 14 1.00000
95.7 42.29819 14 1.00000
95.8 42.39946 14 1.00000
95.9 42.50102 14 1.00000
96.0 42.60221 14 1.00000
96.1 42.70343 14 1.00000
96.2 42.80483 14 1.00000
96.3 42.90597 14 1.00000
96.4 43.00713 14 1.00000
96.5 43.10843 14 1.00000
96.6 43.20946 14 1.00000
96.7 43.31041 14 1.00000
96.8 43.41161 14 1.00000
96.9 43.51259 14 1.00000
97.0 43.61349 14 1.00000
97.1 43.71458 14 1.00000
97.2 43.81536 14 1.00000
97.3 43.91620 14 1.00000
97.4 44.01719 14 1.00000
97.5 44.11787 14 1.00000
97.6 44.21861 14 1.00000
97.7 44.31945 14 1.00000
97.8 44.42013 14 1.00000
97.9 44.52072 14 1.00000
98.0 44.62151 14 1.00000
98.1 44.71686 14 1.00000
98.2 44.80770 14 1.00000
98.3 44.89880 14 1.00000
98.4 44.98966 14 1.00000
98.5 45.08060 14 1.00000
98.6 45.17186 14 1.00000
98.7 45.26282 14 1.00000
98.8 45.35415 14 1.00000
98.9 45.44523 14 1.00000
99.0 45.53634 14 1.00000
99.1 45.62766 14 1.00000
99.2 40.50000 14 1.00000
99.3 40.50000 14 1.00000
99.4 40.50000 14 1.00000
99.5 40.50000 14 1.00000
99.6 40.50000 14 1.00000
99.7 40.50000 14 1.00000
99.8 40.50000 14 1.00000
99.9 40.50000 14 1.00000
100.0 40.50000 14 1.00000
100.1 40.50000 14 1.00000
100.2 40.50000 14 1.00000
100.3 40.50000 14 1.00000
100.4 40.50000 14 1.00000
100.5 40.50000 14 1.00000
100.6 40.50000 14 1.00000
100.7 40.50000 14 1.00000
100.8 40.50000 14 1.00000
100.9 40.50000 14 1.00000
101.0 40.50000 14 1.00000
101.1 40.50000 14 1.00000
101.2 40.50000 14 1.00000
101.3 40.50000 14 1.00000
101.4 40.50000 14 1.00000
101.5 40.50000 14 1.00000
101.6 40.50000 14 1.00000
101.7 40.50000 14 1.00000
101.8 40.50000 14 1.00000
101.9 40.50000 14 1.00000
102.0 40.50000 14 1.00000
102.1 40.50000 14 1.00000
102.2 40.50000 14 1.00000
102.3 40.50000 14 1.00000
102.4 40.50000 14 1.00000
102.5 40.50000 14 1.00000
102.6 40.50000 14 1.00000
102.7 40.50000 14 1.00000
102.8 40.50000 14 1.00000
102.9 40.50000 14 1.00000
103.0 40.50000 14 1.00000
103.1 40.50000 14 1.00000
103.2 40.50000 14 1.00000
103.3 40.50000 14 1.00000
103.4 40.50000 14 1.00000
103.5 40.50000 14 1.00000
103.6 40.50000 14 1.00000
103.7 40.50000 14 1.00000
103.8 40.50000 14 1.00000
103.9 40.50000 14 1.00000
104.0 40.50000 14 1.00000
104.1 40.50000 14 1.00000
104.2 40.50000 14 1.00000
104.3 40.50000 14 1.00000
104.4 40.50000 14 1.00000
104.5 40.50000 14 1.00000
104.6 40.50000 14 1.00000
104.7 40.50000 14 1.00000
104.8 40.50000 14 1.00000
104.9 40.50000 14 1.00000
105.0 40.50000 14 1.00000
105.1 40.50000 14 1.00000
105.2 40.50000 14 1.00000
105.3 40.50000 14 1.00000
105.4 40.50000 14 1.00000
105.5 40.50000 14 1.00000
105.6 40.50000 14 1.00000
105.7 40.50000 14 1.00000
105.8 40.50000 14 1.00000
105.9 40.50000 14 1.00000
106.0 40.50000 14 1.00000
106.1 40.50000 14 1.00000
106.2 40.50000 14 1.00000
106.3 40.50000 14 1.00000
106.4 40.50000 14 1.00000
106.5 40.50000 14 1.00000
106.6 40.50000 14 1.00000
106.7 40.50000 14 1.00000
106.8 40.50000 14 1.00000
106.9 40.50000 14 1.00000
107.0 40.50000 14 1.00000
107.1 40.50000 14 1.00000
107.2 40.50000 14 1.00000
107.3 40.50000 14 1.00000
107.4 40.50000 14 1.00000
107.5 40.50000 14 1.00000
107.6 40.50000 14 1.00000
107.7 40.50000 14 1.00000
107.8 40.50000 14 1.00000
107.9 40.50000 14 1.00000
108.0 40.50000 14 1.00000
108.1 40.50000 14 1.00000
108.2 40.50000 14 1.00000
108.3 40.50000 14 1.00000
108.4 40.50000 14 1.00000
108.5 40.50000 14 1.00000
108.6 40.50000 14 1.00000
108.7 40.50000 14 1.00000
108.8 40.50000 14 1.00000
108.9 40.50000 14 1.00000
109.0 40.50000 14 1.00000
109.1 40.50000 14 1.00000
109.2 40.50000 14 1.00000
109.3 40.50000 14 1.00000
109.4 40.50000 14 1.00000
109.5 40.50000 14 1.00000
109.6 40.50000 14 1.00000
109.7 40.50000 14 1.00000
109.8 40.50000 14 1.00000
109.9 40.50000 14 1.00000
110.0 40.50000 14 1.00000
110.1 40.50000 14 1.00000
110.2 40.50000 14 1.00000
110.3 40.50000 14 1.00000
110.4 40.50000 14 1.00000
110.5 40.50000 14 1.00000
110.6 40.50000 14 1.00000
110.7 40.50000 14 1.00000
110.8 40.50000 14 1.00000
110.9 40.50000 14 1.00000
111.0 40.50000 14 1.00000
111.1 40.50000 14 1.00000
111.2 40.50000 14 1.00000
111.3 40.50000 14 1.00000
111.4 40.50000 14 1.00000
111.5 40.50000 14 1.00000
111.6 40.50000 14 1.00000
111.7 40.50000 14 1.00000
111.8 40.50000 14 1.00000
111.9 40.50000 14 1.00000
112.0 40.50000 14 1.00000
112.1 40.50000 14 1.00000
112.2 40.50000 14 1.00000
112.3 40.50000 14 1.00000
112.4 40.50000 14 1.00000
112.5 40.50000 14 1.00000
112.6 40.50000 14 1.00000
112.7 40.50000 14 1.00000
112.8 40.50000 14 1.00000
112.9 40.50000 14 1.00000
113.0 40.50000 14 1.00000
113.1 40.50000 14 1.00000
113.2 40.50000 14 1.00000
113.3 40.50000 14 1.00000
113.4 40.50000 14 1.00000
113.5 40.50000 14 1.00000
113.6 40.50000 14 1.00000
113.7 40.50000 14 1.00000
113.8 40.50000 14 1.00000
113.9 40.50000 14 1.00000
114.0 40.50000 14 1.00000
114.1 40.50000 14 1.00000
114.2 40.50000 14 1.00000
114.3 40.50000 14 1.00000
114.4 40.50000 14 1.00000
114.5 40.50000 14 1.00000
114.6 40.50000 14 1.00000
114.7 40.50000 14 1.00000
114.8 40.50000 14 1.00000
114.9 40.50000 14 1.00000
115.0 40.50000 14 1.00000
115.1 40.50000 14 1.00000
115.2 40.50000 14 1.00000
115.3 40.50000 14 1.00000
115.4 40.50000 14 1.00000
115.5 40.50000 14 1.00000
115.6 40.50000 14 1.00000
115.7 40.50000 14 1.00000
115.8 40.50000 14 1.00000
115.9 40.50000 14 1.00000
116.0 40.50000 14 1.00000
116.1 40.50000 14 1.00000
116.2 40.50000 14 1.00000
116.3 40.50000 14 1.00000
116.4 40.50000 14 1.00000
116.5 40.50000 14 1.00000
116.6 40.50000 14 1.00000
116.7 40.50000 14 1.00000
116.8 40.50000 14 1.00000
116.9 40.50000 14 1.00000
117.0 40.50000 14 1.00000
117.1 40.50000 14 1.00000
117.2 40.50000 14 1.00000
117.3 40.50000 14 1.00000
117.4 40.50000 14 1.00000
117.5 40.50000 14 1.00000
117.6 40.50000 14 1.00000
117.7 40.50000 14 1.00000
117.8 40.50000 14 1.00000
117.9 40.50000 14 1.00000
118.0 40.50000 14 1.00000
118.1 40.50000 14 1.00000
118.2 40.50000 14 1.00000
118.3 40.50000 14 1.00000
118.4 40.50000 14 1.00000
118.5 40.50000 14 1.00000
118.6 40.50000 14 1.00000
118.7 40.50000 14 1.00000
118.8 40.50000 14 1.00000
118.9 40.50000 14 1.00000
119.0 40.50000 14 1.00000
119.1 40.50000 14 1.00000
119.2 40.50000 14 1.00000
119.3 40.50000 14 1.00000
119.4 40.50000 14 1.00000
119.5 40.50000 14 1.00000
119.6 40.50000 14 1.00000
119.7 40.50000 14 1.00000
119.8 40.50000 14 1.00000
119.9 40.50000 14 1.00000
120.0 40.50000 14 1.00000
120.1 40.50000 14 1.00000
120.2 40.50000 14 1.00000
120.3 40.50000 14 1.00000
120.4 40.50000 14 1.00000
120.5 40.50000 14 1.00000
120.6 40.50000 14 1.00000
120.7 40.50000 14 1.00000
120.8 40.50000 14 1.00000
120.9 40.50000 14 1.00000
121.0 40.50000 14 1.00000
121.1 40.50000 14 1.00000
121.2 40.50000 14 1.00000
121.3 40.50000 14 1.00000
121.4 40.50000 14 1.00000
121.5 40.50000 14 1.00000
121.6 40.50000 14 1.00000
121.7 40.50000 14 1.00000
121.8 40.50000 14 1.00000
121.9 40.50000 14 1.00000
122.0 40.50000 14 1.00000
122.1 40.50000 14 1.00000
122.2 40.50000 14 1.00000
122.3 40.50000 14 1.00000
122.4 40.50000 14 1.00000
122.5 40.50000 14 1.00000
122.6 40.50000 14 1.00000
122.7 40.50000 14 1.00000
122.8 40.50000 14 1.00000
122.9 40.50000 14 1.00000
123.0 40.50000 14 1.00000
123.1 40.50000 14 1.00000
123.2 40.50000 14 1.00000
123.3 40.50000 14 1.00000
123.4 40.50000 14 1.00000
123.5 40.50000 14 1.00000
123.6 40.50000 14 1.00000
123.7 40.50000 14 1.00000
123.8 40.50000 14 1.00000
123.9 40.50000 14 1.00000
124.0 40.50000 14 1.00000
124.1 40.50000 14 1.00000
124.2 40.50000 14 1.00000
124.3 40.50000 14 1.00000
124.4 40.50000 14 1.00000
124.5 40.50000 14 1.00000
124.6 40.50000 14 1.00000
124.7 40.50000 14 1.00000
124.8 40.50000 14 1.00000
124.9 40.50000 14 1.00000
125.0 40.50000 14 1.00000
125.1 40.50000 14 1.00000
125.2 40.50000 14 1.00000
125.3 40.50000 14 1.00000
125.4 40.50000 14 1.00000
125.5 40.50000 14 1.00000
125.6 40.50000 14 1.00000
125.7 40.50000 14 1.00000
125.8 40.50000 14 1.00000
125.9 40.50000 14 1.00000
126.0 40.50000 14 1.00000
126.1 40.50000 14 1.00000
126.2 40.50000 14 1.00000
126.3 40.50000 14 1.00000
126.4 40.50000 14 1.00000
126.5 40.50000 14 1.00000
126.6 40.50000 14 1.00000
126.7 40.50000 14 1.00000
126.8 40.50000 14 1.00000
126.9 40.50000 14 1.00000
127.0 40.50000 14 1.00000
127.1 40.50000 14 1.00000
127.2 40.50000 14 1.00000
127.3 40.50000 14 1.00000
127.4 40.50000 14 1.00000
127.5 40.50000 14 1.00000
127.6 40.50000 14 1.00000
127.7 40.50000 14 1.00000
127.8 40.50000 14 1.00000
127.9 40.50000 14 1.00000
128.0 40.50000 14 1.00000
128.1 40.50000 14 1.00000
128.2 40.50000 14 1.00000
128.3 40.50000 14 1.00000
128.4 40.50000 14 1.00000
128.5 40.50000 14 1.00000
128.6 40.50000 14 1.00000
128.7 40.50000 14 1.00000
128.8 40.50000 14 1.00000
128.9 40.50000 14 1.00000
129.0 40.50000 14 1.00000
129.1 40.50000 14 1.00000
129.2 40.50000 14 1.00000
129.3 40.50000 14 1.00000
129.4 40.50000 14 1.00000
129.5 40.50000 14 1.00000
129.6 40.50000 14 1.00000
129.7 40.50000 14 1.00000
129.8 40.50000 14 1.00000
129.9 40.50000 14 1.00000
130.0 40.50000 14 1.00000
130.1 40.50000 14 1.00000
130.2 40.50000 14 1.00000
130.3 40.50000 14 1.00000
130.4 40.50000 14 1.00000
130.5 40.50000 14 1.00000
130.6 40.50000 14 1.00000
130.7 40.50000 14 1.00000
130.8 40.50000 14 1.00000
130.9 40.50000 14 1.00000
131.0 40.50000 14 1.00000
131.1 40.50000 14 1.00000
131.2 40.50000 14 1.00000
131.3 40.50000 14 1.00000
131.4 40.50000 14 1.00000
131.5 40.50000 14 1.00000
131.6 40.50000 14 1.00000
131.7 40.50000 14 1.00000
131.8 40.50000 14 1.00000
131.9 40.50000 14 1.00000
132.0 40.50000 14 1.00000
132.1 40.50000 14 1.00000
132.2 40.50000 14 1.00000
132.3 40.50000 14 1.00000
132.4 40.50000 14 1.00000
132.5 40.50000 14 1.00000
132.6 40.50000 14 1.00000
132.7 40.50000 14 1.00000
132.8 40.50000 14 1.00000
132.9 40.50000 14 1.00000
133.0 40.50000 14 1.00000
133.1 40.50000 14 1.00000
133.2 40.50000 14 1.00000
133.3 40.50000 14 1.00000
133.4 40.50000 14 1.00000
133.5 40.50000 14 1.00000
133.6 40.50000 14 1.00000
133.7 40.50000 14 1.00000
133.8 40.50000 14 1.00000
133.9 40.50000 14 1.00000
134.0 40.50000 14 1.00000
134.1 40.50000 14 1.00000
134.2 40.50000 14 1.00000
134.3 40.50000 14 1.00000
134.4 40.50000 14 1.00000
134.5 40.50000 14 1.00000
134.6 40.50000 14 1.00000
134.7 40.50000 14 1.00000
134.8 40.50000 14 1.00000
134.9 40.50000 14 1.00000
135.0 40.50000 14 1.00000
135.1 40.50000 14 1.00000
135.2 40.50000 14 1.00000
135.3 40.50000 14 1.00000
135.4 40.50000 14 1.00000
135.5 40.50000 14 1.00000
135.6 40.50000 14 1.00000
135.7 40.50000 14 1.00000
135.8 40.50000 14 1.00000
135.9 40.50000 14 1.00000
136.0 40.50000 14 1.00000
136.1 40.50000 14 1.00000
136.2 40.50000 14 1.00000
136.3 40.50000 14 1.00000
136.4 40.50000 14 1.00000
136.5 40.50000 14 1.00000
136.6 40.50000 14 1.00000
136.7 40.50000 14 1.00000
136.8 40.50000 14 1.00000
136.9 40.50000 14 1.00000
137.0 40.50000 14 1.00000
137.1 40.50000 14 1.00000
137.2 40.50000 14 1.00000
137.3 40.50000 14 1.00000
137.4 40.50000 14 1.00000
137.5 40.50000 14 1.00000
137.6 40.50000 14 1.00000
137.7 40.50000 14 1.00000
137.8 40.50000 14 1.00000
137.9 40.50000 14 1.00000
138.0 40.50000 14 1.00000
138.1 0.00000 15 0.00000
138.2 0.00000 15 0.00000
138.3 0.00000 15 0.00000
138.4 0.00000 15 0.00000
138.5 0.00000 15 0.00000
138.6 0.00000 15 0.00000
138.7 0.00000 15 0.00000
138.8 0.00000 15 0.00000
138.9 0.00000 15 0.00000
139.0 0.00000 15 0.00000
139.1 0.00000 15 0.00000
139.2 0.00000 15 0.00000
139.3 0.00000 15 0.00000
139.4 0.00000 15 0.00000
139.5 0.00000 15 0.00000
139.6 0.00000 15 0.00000
139.7 0.00000 15 0.00000
139.8 0.00000 15 0.00000
139.9 0.00000 15 0.00000
140.0 0.00000 15 0.00000
140.1 0.00000 15 0.00000
140.2 0.00000 15 0.00000
140.3 0.00000 15 0.00000
140.4 0.00000 15 0.00000
140.5 0.00000 15 0.00000
140.6 0.00000 15 0.00000
140.7 0.00000 15 0.00000
140.8 0.00000 15 0.00000
140.9 0.00000 15 0.00000
141.0 0.00000 15 0.00000
141.1 0.00000 15 0.00000
141.2 0.00000 15 0.00000
141.3 0.00000 15 0.00000
141.4 0.00000 15 0.00000
141.5 0.00000 15 0.00000
141.6 0.00000 15 0.00000
141.7 0.00000 15 0.00000
141.8 0.00000 15 0.00000
141.9 0.00000 15 0.00000
142.0 0.00000 15 0.00000
142.1 0.00000 15 0.00000
142.2 0.00000 15 0.00000
142.3 0.00000 15 0.00000
142.4 0.00000 15 0.00000
142.5 0.00000 15 0.00000
142.6 0.00000 15 0.00000
142.7 0.00000 15 0.00000
142.8 0.00000 15 0.00000
142.9 0.00000 15 0.00000
143.0 0.00000 15 0.00000
143.1 0.00000 15 0.00000
143.2 0.00000 15 0.00000
143.3 0.00000 15 0.00000
143.4 0.00000 15 0.00000
143.5 0.00000 15 0.00000
143.6 0.00000 15 0.00000
143.7 0.00000 15 0.00000
143.8 0.00000 15 0.00000
143.9 0.00000 15 0.00000
144.0 0.00000 15 0.00000
144.1 0.00000 15 0.00000
144.2 0.00000 15 0.00000
144.3 0.00000 15 0.00000
144.4 0.00000 15 0.00000
144.5 0.00000 15 0.00000
144.6 0.00000 15 0.00000
144.7 0.00000 15 0.00000
144.8 0.00000 15 0.00000
144.9 0.00000 15 0.00000
145.0 0.00000 15 0.00000
145.1 0.00000 15 0.00000
145.2 0.00000 15 0.00000
145.3 0.00000 15 0.00000
145.4 0.00000 15 0.00000
145.5 0.00000 15 0.00000
145.6 0.00000 15 0.00000
145.7 0.00000 15 0.00000
145.8 0.00000 15 0.00000
145.9 0.00000 15 0.00000
146.0 0.00000 15 0.00000
146.1 0.00000 15 0.00000
146.2 0.00000 15 0.00000
146.3 0.00000 15 0.00000
146.4 0.00000 15 0.00000
146.5 0.00000 15 0.00000
146.6 0.00000 15 0.00000
146.7 0.00000 15 0.00000
146.8 0.00000 15 0.00000
146.9 0.00000 15 0.00000
147.0 0.00000 15 0.00000
147.1 0.00000 15 0.00000
147.2 0.00000 15 0.00000
147.3 0.00000 15 0.00000
147.4 0.00000 15 0.00000
147.5 0.00000 15 0.00000
147.6 0.00000 15 0.00000
147.7 0.00000 15 0.00000
147.8 0.00000 15 0.00000
147.9 0.00000 15 0.00000
148.0 0.00000 15 0.00000
148.1 0.00000 15 0.00000
148.2 0.00000 15 0.00000
148.3 0.00000 15 0.00000
148.4 0.00000 15 0.00000
148.5 0.00000 15 0.00000
148.6 0.00000 15 0.00000
148.7 0.00000 15 0.00000
148.8 0.00000 15 0.00000
148.9 0.00000 15 0.00000
149.0 0.00000 15 0.00000
149.1 0.00000 15 0.00000
149.2 0.00000 15 0.00000
149.3 0.00000 15 0.00000
149.4 0.00000 15 0.00000
149.5 0.00000 15 0.00000
149.6 0.00000 15 0.00000
149.7 0.00000 15 0.00000
149.8 0.00000 15 0.00000
149.9 0.00000 15 0.00000
150.0 0.00000 15 0.00000
150.1 0.00000 15 0.00000
150.2 0.00000 15 0.00000
150.3 0.00000 15 0.00000
150.4 0.00000 15 0.00000
150.5 0.00000 15 0.00000
150.6 0.00000 15 0.00000
150.7 0.00000 15 0.00000
150.8 0.00000 15 0.00000
150.9 0.00000 15 0.00000
151.0 0.00000 15 0.00000
151.1 0.00000 15 0.00000
151.2 0.00000 15 0.00000
151.3 0.00000 15 0.00000
151.4 0.00000 15 0.00000
151.5 0.00000 15 0.00000
151.6 0.00000 15 0.00000
151.7 0.00000 15 0.00000
151.8 0.00000 15 0.00000
151.9 0.00000 15 0.00000
152.0 0.00000 15 0.00000
152.1 0.00000 15 0.00000
152.2 0.00000 15 0.00000
152.3 0.00000 15 0.00000
152.4 0.00000 15 0.00000
152.5 0.00000 15 0.00000
152.6 0.00000 15 0.00000
152.7 0.00000 15 0.00000
152.8 0.00000 15 0.00000
152.9 0.00000 15 0.00000
153.0 0.00000 15 0.00000
153.1 0.00000 15 0.00000
153.2 0.00000 15 0.00000
153.3 0.00000 15 0.00000
153.4 0.00000 15 0.00000
153.5 0.00000 15 0.00000
153.6 0.00000 15 0.00000
153.7 0.00000 15 0.00000
153.8 0.00000 15 0.00000
153.9 0.00000 15 0.00000
154.0 0.00000 15 0.00000
154.1 0.00000 15 0.00000
154.2 0.00000 15 0.00000
154.3 0.00000 15 0.00000
154.4 0.00000 15 0.00000
154.5 0.00000 15 0.00000
154.6 0.00000 15 0.00000
154.7 0.00000 15 0.00000
154.8 0.00000 15 0.00000
154.9 0.00000 15 0.00000
155.0 0.00000 15 0.00000
155.1 0.00000 15 0.00000
155.2 0.00000 15 0.00000
155.3 0.00000 15 0.00000
155.4 0.00000 15 0.00000
155.5 0.00000 15 0.00000
155.6 0.00000 15 0.00000
155.7 0.00000 15 0.00000
155.8 0.00000 15 0.00000
155.9 0.00000 15 0.00000
156.0 0.00000 15 0.00000
156.1 0.00000 15 0.00000
156.2 0.00000 15 0.00000
156.3 0.00000 15 0.00000
156.4 0.00000 15 0.00000
156.5 0.00000 15 0.00000
156.6 0.00000 15 0.00000
156.7 0.00000 15 0.00000
156.8 0.00000 15 0.00000
156.9 0.00000 15 0.00000
157.0 0.00000 15 0.00000
157.1 0.00000 15 0.00000
157.2 0.00000 15 0.00000
157.3 0.00000 15 0.00000
157.4 0.00000 15 0.00000
157.5 0.00000 15 0.00000
157.6 0.00000 15 0.00000
157.7 0.00000 15 0.00000
157.8 0.00000 15 0.00000
157.9 0.00000 15 0.00000
158.0 0.00000 15 0.00000
158.1 0.00000 15 0.00000
158.2 0.00000 15 0.00000
158.3 0.00000 15 0.00000
158.4 0.00000 15 0.00000
158.5 0.00000 15 0.00000
158.6 0.00000 15 0.00000
158.7 0.00000 15 0.00000
158.8 0.00000 15 0.00000
158.9 0.00000 15 0.00000
159.0 0.00000 15 0.00000
159.1 0.00000 15 0.00000
159.2 0.00000 15 0.00000
159.3 0.00000 15 0.00000
159.4 0.00000 15 0.00000
159.5 0.00000 15 0.00000
159.6 0.00000 15 0.00000
159.7 0.00000 15 0.00000
159.8 0.00000 15 0.00000
159.9 0.00000 15 0.00000
160.0 0.00000 15 0.00000
160.1 0.00000 15 0.00000
160.2 0.00000 15 0.00000
160.3 0.00000 15 0.00000
160.4 0.00000 15 0.00000
160.5 0.00000 15 0.00000
160.6 0.00000 15 0.00000
160.7 0.00000 15 0.00000
160.8 0.00000 15 0.00000
160.9 0.00000 15 0.00000
161.0 0.00000 15 0.00000
161.1 0.00000 15 0.00000
161.2 0.00000 15 0.00000
161.3 0.00000 15 0.00000
161.4 0.00000 15 0.00000
161.5 0.00000 15 0.00000
161.6 0.00000 15 0.00000
161.7 0.00000 15 0.00000
161.8 0.00000 15 0.00000
161.9 0.00000 15 0.00000
162.0 0.00000 15 0.00000
162.1 0.00000 15 0.00000
162.2 0.00000 15 0.00000
162.3 0.00000 15 0.00000
162.4 0.00000 15 0.00000
162.5 0.00000 15 0.00000
162.6 0.00000 15 0.00000
162.7 0.00000 15 0.00000
162.8 0.00000 15 0.00000
162.9 0.00000 15 0.00000
163.0 0.00000 15 0.00000
163.1 0.00000 15 0.00000
163.2 0.00000 15 0.00000
163.3 0.00000 15 0.00000
163.4 0.00000 15 0.00000
163.5 0.00000 15 0.00000
163.6 0.00000 15 0.00000
163.7 0.00000 15 0.00000
163.8 0.00000 15 0.00000
163.9 0.00000 15 0.00000
164.0 0.00000 15 0.00000
164.1 0.00000 15 0.00000
164.2 0.00000 15 0.00000
164.3 0.00000 15 0.00000
164.4 0.00000 15 0.00000
164.5 0.00000 15 0.00000
164.6 0.00000 15 0.00000
164.7 0.00000 15 0.00000
164.8 0.00000 15 0.00000
164.9 0.00000 15 0.00000
165.0 0.00000 15 0.00000
165.1 0.00000 15 0.00000
165.2 0.00000 15 0.00000
165.3 0.00000 15 0.00000
165.4 0.00000 15 0.00000
165.5 0.00000 15 0.00000
165.6 0.00000 15 0.00000
165.7 0.00000 15 0.00000
165.8 0.00000 15 0.00000
165.9 0.00000 15 0.00000
166.0 0.00000 15 0.00000
166.1 0.00000 15 0.00000
166.2 0.00000 15 0.00000
166.3 0.00000 15 0.00000
166.4 0.00000 15 0.00000
166.5 0.00000 15 0.00000
166.6 0.00000 15 0.00000
166.7 0.00000 15 0.00000
166.8 0.00000 15 0.00000
166.9 0.00000 15 0.00000
167.0 0.00000 15 0.00000
167.1 0.00000 15 0.00000
167.2 0.00000 15 0.00000
167.3 0.00000 15 0.00000
167.4 0.00000 15 0.00000
167.5 0.00000 15 0.00000
167.6 0.00000 15 0.00000
167.7 0.00000 15 0.00000
167.8 0.00000 15 0.00000
167.9 0.00000 15 0.00000
168.0 0.00000 15 0.00000
168.1 0.00000 15 0.00000
168.2 0.00000 15 0.00000
168.3 0.00000 15 0.00000
168.4 0.00000 15 0.00000
168.5 0.00000 15 0.00000
168.6 0.00000 15 0.00000
168.7 0.00000 15 0.00000
168.8 0.00000 15 0.00000
168.9 0.00000 15 0.00000
169.0 0.00000 15 0.00000
169.1 0.00000 15 0.00000
169.2 0.00000 15 0.00000
169.3 0.00000 15 0.00000
169.4 0.00000 15 0.00000
169.5 0.00000 15 0.00000
169.6 0.00000 15 0.00000
169.7 0.00000 15 0.00000
169.8 0.00000 15 0.00000
169.9 0.00000 15 0.00000
170.0 0.00000 15 0.00000
170.1 0.00000 15 0.00000
170.2 0.00000 15 0.00000
170.3 0.00000 15 0.00000
170.4 0.00000 15 0.00000
170.5 0.00000 15 0.00000
170.6 0.00000 15 0.00000
170.7 0.00000 15 0.00000
170.8 0.00000 15 0.00000
170.9 0.00000 15 0.00000
171.0 0.00000 15 0.00000
171.1 0.00000 15 0.00000
171.2 0.00000 15 0.00000
171.3 0.00000 15 0.00000
171.4 0.00000 15 0.00000
171.5 0.00000 15 0.00000
171.6 0.00000 15 0.00000
171.7 0.00000 15 0.00000
171.8 0.00000 15 0.00000
171.9 0.00000 15 0.00000
172.0 0.00000 15 0.00000
172.1 0.00000 15 0.00000
172.2 0.00000 15 0.00000
172.3 0.00000 15 0.00000
172.4 0.00000 15 0.00000
172.5 0.00000 15 0.00000
172.6 0.00000 15 0.00000
172.7 0.00000 15 0.00000
172.8 0.00000 15 0.00000
172.9 0.00000 15 0.00000
173.0 0.00000 15 0.00000
173.1 0.00000 15 0.00000
173.2 0.00000 15 0.00000
173.3 0.00000 15 0.00000
173.4 0.00000 15 0.00000
173.5 0.00000 15 0.00000
173.6 0.00000 15 0.00000
173.7 0.00000 15 0.00000
173.8 0.00000 15 0.00000
173.9 0.00000 15 0.00000
174.0 0.00000 15 0.00000
174.1 0.00000 15 0.00000
174.2 0.00000 15 0.00000
174.3 0.00000 15 0.00000
174.4 0.00000 15 0.00000
174.5 0.00000 15 0.00000
174.6 0.00000 15 0.00000
174.7 0.00000 15 0.00000
174.8 0.00000 15 0.00000
174.9 0.00000 15 0.00000
175.0 0.00000 15 0.00000
175.1 0.00000 15 0.00000
175.2 0.00000 15 0.00000
175.3 0.00000 15 0.00000
175.4 0.00000 15 0.00000
175.5 0.00000 15 0.00000
175.6 0.00000 15 0.00000
175.7 0.00000 15 0.00000
175.8 0.00000 15 0.00000
175.9 0.00000 15 0.00000
176.0 0.00000 15 0.00000
176.1 0.00000 15 0.00000
176.2 0.00000 15 0.00000
176.3 0.00000 15 0.00000
176.4 0.00000 15 0.00000
176.5 0.00000 15 0.00000
176.6 0.00000 15 0.00000
176.7 0.00000 15 0.00000
176.8 0.00000 15 0.00000
176.9 0.00000 15 0.00000
177.0 0.00000 15 0.00000
177.1 0.00000 15 0.00000
177.2 0.00000 15 0.00000
177.3 0.00000 15 0.00000
177.4 0.00000 15 0.00000
177.5 0.00000 15 0.00000
177.6 0.00000 15 0.00000
177.7 0.00000 15 0.00000
177.8 0.00000 15 0.00000
177.9 0.00000 15 0.00000
178.0 0.00000 15 0.00000
178.1 0.00000 15 0.00000
178.2 0.00000 15 0.00000
178.3 0.00000 15 0.00000
178.4 0.00000 15 0.00000
178.5 0.00000 15 0.00000
178.6 0.00000 15 0.00000
178.7 0.00000 15 0.00000
178.8 0.00000 15 0.00000
178.9 0.00000 15 0.00000
179.0 0.00000 15 0.00000
179.1 0.00000 15 0.00000
179.2 0.00000 15 0.00000
179.3 0.00000 15 0.00000
179.4 0.00000 15 0.00000
179.5 0.00000 15 0.00000
179.6 0.00000 15 0.00000
179.7 0.00000 15 0.00000
179.8 0.00000 15 0.00000
179.9 0.00000 15 0.00000
180.0 0.00000 15 0.00000
180.1 0.00000 15 0.00000
180.2 0.00000 15 0.00000
180.3 0.00000 15 0.00000
180.4 0.00000 15 0.00000
180.5 0.00000 15 0.00000
180.6 0.00000 15 0.00000
180.7 0.00000 15 0.00000
180.8 0.00000 15 0.00000
180.9 0.00000 15 0.00000
181.0 0.00000 15 0.00000
181.1 0.00000 15 0.00000
181.2 0.00000 15 0.00000
181.3 0.00000 15 0.00000
181.4 0.00000 15 0.00000
181.5 0.00000 15 0.00000
181.6 0.00000 15 0.00000
181.7 0.00000 15 0.00000
181.8 0.00000 15 0.00000
181.9 0.00000 15 0.00000
182.0 0.00000 15 0.00000
182.1 0.00000 15 0.00000
182.2 0.00000 15 0.00000
182.3 0.00000 15 0.00000
182.4 0.00000 15 0.00000
182.5 0.00000 15 0.00000
182.6 0.00000 15 0.00000
182.7 0.00000 15 0.00000
182.8 0.00000 15 0.00000
182.9 0.00000 15 0.00000
183.0 0.00000 15 0.00000
183.1 0.00000 15 0.00000
183.2 0.00000 15 0.00000
183.3 0.00000 15 0.00000
183.4 0.00000 15 0.00000
183.5 0.00000 15 0.00000
183.6 0.00000 15 0.00000
183.7 0.00000 15 0.00000
183.8 0.00000 15 0.00000
183.9 0.00000 15 0.00000
184.0 0.00000 15 0.00000
184.1 0.00000 15 0.00000
184.2 0.00000 15 0.00000
184.3 0.00000 15 0.00000
184.4 0.00000 15 0.00000
184.5 0.00000 15 0.00000
184.6 0.00000 15 0.00000
184.7 0.00000 15 0.00000
184.8 0.00000 15 0.00000
184.9 0.00000 15 0.00000
185.0 0.00000 15 0.00000
185.1 0.00000 15 0.00000
185.2 0.00000 15 0.00000
185.3 0.00000 15 0.00000
185.4 0.00000 15 0.00000
185.5 0.00000 15 0.00000
185.6 0.00000 15 0.00000
185.7 0.00000 15 0.00000
185.8 0.00000 15 0.00000
185.9 0.00000 15 0.00000
186.0 0.00000 15 0.00000
186.1 0.00000 15 0.00000
186.2 0.00000 15 0.00000
186.3 0.00000 15 0.00000
186.4 0.00000 15 0.00000
186.5 0.00000 15 0.00000
186.6 0.00000 15 0.00000
186.7 0.00000 15 0.00000
186.8 0.00000 15 0.00000
186.9 0.00000 15 0.00000
187.0 0.00000 15 0.00000
187.1 0.00000 15 0.00000
187.2 0.00000 15 0.00000
187.3 0.00000 15 0.00000
187.4 0.00000 15 0.00000
187.5 0.00000 15 0.00000
187.6 0.00000 15 0.00000
187.7 0.00000 15 0.00000
187.8 0.00000 15 0.00000
187.9 0.00000 15 0.00000
188.0 0.00000 15 0.00000
188.1 0.00000 15 0.00000
188.2 0.00000 15 0.00000
188.3 0.00000 15 0.00000
188.4 0.00000 15 0.00000
188.5 0.00000 15 0.00000
188.6 0.00000 15 0.00000
188.7 0.00000 15 0.00000
188.8 0.00000 15 0.00000
188.9 0.00000 15 0.00000
189.0 0.00000 15 0.00000
189.1 0.00000 15 0.00000
189.2 0.00000 15 0.00000
189.3 0.00000 15 0.00000
189.4 0.00000 15 0.00000
189.5 0.00000 15 0.00000
189.6 0.00000 15 0.00000
189.7 0.00000 15 0.00000
189.8 0.00000 15 0.00000
189.9 0.00000 15 0.00000
190.0 0.00000 15 0.00000
190.1 0.00000 15 0.00000
190.2 0.00000 15 0.00000
190.3 0.00000 15 0.00000
190.4 0.00000 15 0.00000
190.5 0.00000 15 0.00000
190.6 0.00000 15 0.00000
190.7 0.00000 15 0.00000
190.8 0.00000 15 0.00000
190.9 0.00000 15 0.00000
191.0 0.00000 15 0.00000
191.1 0.00000 15 0.00000
191.2 0.00000 15 0.00000
191.3 0.00000 15 0.00000
191.4 0.00000 15 0.00000
191.5 0.00000 15 0.00000
191.6 0.00000 15 0.00000
191.7 0.00000 15 0.00000
191.8 0.00000 15 0.00000
191.9 0.00000 15 0.00000
192.0 0.00000 15 0.00000
192.1 0.00000 15 0.00000
192.2 0.00000 15 0.00000
192.3 0.00000 15 0.00000
192.4 0.00000 15 0.00000
192.5 0.00000 15 0.00000
192.6 0.00000 15 0.00000
192.7 0.00000 15 0.00000
192.8 0.00000 15 0.00000
192.9 0.00000 15 0.00000
193.0 0.00000 15 0.00000
193.1 0.00000 15 0.00000
193.2 0.00000 15 0.00000
193.3 0.00000 15 0.00000
193.4 0.00000 15 0.00000
193.5 0.00000 15 0.00000
193.6 0.00000 15 0.00000
193.7 0.00000 15 0.00000
193.8 0.00000 15 0.00000
193.9 0.00000 15 0.00000
194.0 0.00000 15 0.00000
194.1 0.00000 15 0.00000
194.2 0.00000 15 0.00000
194.3 0.00000 15 0.00000
194.4 0.00000 15 0.00000
194.5 0.00000 15 0.00000
194.6 0.00000 15 0.00000
194.7 0.00000 15 0.00000
194.8 0.00000 15 0.00000
194.9 0.00000 15 0.00000
195.0 0.00000 15 0.00000
195.1 0.00000 15 0.00000
195.2 0.00000 15 0.00000
195.3 0.00000 15 0.00000
195.4 0.00000 15 0.00000
195.5 0.00000 15 0.00000
195.6 0.00000 15 0.00000
195.7 0.00000 15 0.00000
195.8 0.00000 15 0.00000
195.9 0.00000 15 0.00000
196.0 0.00000 15 0.00000
196.1 0.00000 15 0.00000
196.2 0.00000 15 0.00000
196.3 0.00000 15 0.00000
196.4 0.00000 15 0.00000
196.5 0.00000 15 0.00000
196.6 0.00000 15 0.00000
196.7 0.00000 15 0.00000
196.8 0.00000 15 0.00000
196.9 0.00000 15 0.00000
197.0 0.00000 15 0.00000
197.1 0.00000 15 0.00000
197.2 0.00000 15 0.00000
197.3 0.00000 15 0.00000
197.4 0.00000 15 0.00000
197.5 0.00000 15 0.00000
197.6 0.00000 15 0.00000
197.7 0.00000 15 0.00000
197.8 0.00000 15 0.00000
197.9 0.00000 15 0.00000
198.0 0.00000 15 0.00000
198.1 0.00000 15 0.00000
198.2 0.00000 15 0.00000
198.3 0.00000 15 0.00000
198.4 0.00000 15 0.00000
198.5 0.00000 15 0.00000
198.6 0.00000 15 0.00000
198.7 0.00000 15 0.00000
198.8 0.00000 15 0.00000
198.9 0.00000 15 0.00000
199.0 0.00000 15 0.00000
199.1 0.00000 15 0.00000
199.2 0.00000 15 0.00000
199.3 0.00000 15 0.00000
199.4 0.00000 15 0.00000
199.5 0.00000 15 0.00000
199.6 0.00000 15 0.00000
199.7 0.00000 15 0.00000
199.8 0.00000 15 0.00000
199.9 0.00000 15 0.00000
200.0 0.00000 15 0.00000
200.1 0.00000 15 0.00000
200.2 0.00000 15 0.00000
200.3 0.00000 15 0.00000
200.4 0.00000 15 0.00000
200.5 0.00000 15 0.00000
200.6 0.00000 15 0.00000
200.7 0.00000 15 0.00000
200.8 0.00000 15 0.00000
200.9 0.00000 15 0.00000
201.0 0.00000 15 0.00000
201.1 0.00000 15 0.00000
201.2 0.00000 15 0.00000
201.3 0.00000 15 0.00000
201.4 0.00000 15 0.00000
201.5 0.00000 15 0.00000
201.6 0.00000 15 0.00000
201.7 0.00000 15 0.00000
201.8 0.00000 15 0.00000
201.9 0.00000 15 0.00000
202.0 0.00000 15 0.00000
202.1 0.00000 15 0.00000
202.2 0.00000 15 0.00000
202.3 0.00000 15 0.00000
202.4 0.00000 15 0.00000
202.5 0.00000 15 0.00000
202.6 0.00000 15 0.00000
202.7 0.00000 15 0.00000
202.8 0.00000 15 0.00000
202.9 0.00000 15 0.00000
203.0 0.00000 15 0.00000
203.1 0.00000 15 0.00000
203.2 0.00000 15 0.00000
203.3 0.00000 15 0.00000
203.4 0.00000 15 0.00000
203.5 0.00000 15 0.00000
203.6 0.00000 15 0.00000
203.7 0.00000 15 0.00000
203.8 0.00000 15 0.00000
203.9 0.00000 15 0.00000
204.0 0.00000 15 0.00000
204.1 0.00000 15 0.00000
204.2 0.00000 15 0.00000
204.3 0.00000 15 0.00000
204.4 0.00000 15 0.00000
204.5 0.00000 15 0.00000
204.6 0.00000 15 0.00000
204.7 0.00000 15 0.00000
204.8 0.00000 15 0.00000
204.9 0.00000 15 0.00000
205.0 0.00000 15 0.00000
205.1 0.00000 15 0.00000
205.2 0.00000 15 0.00000
205.3 0.00000 15 0.00000
205.4 0.00000 15 0.00000
205.5 0.00000 15 0.00000
205.6 0.00000 15 0.00000
205.7 0.00000 15 0.00000
205.8 0.00000 15 0.00000
205.9 0.00000 15 0.00000
206.0 0.00000 15 0.00000
206.1 0.00000 15 0.00000
206.2 0.00000 15 0.00000
206.3 0.00000 15 0.00000
206.4 0.00000 15 0.00000
206.5 0.00000 15 0.00000
206.6 0.00000 15 0.00000
206.7 0.00000 15 0.00000
206.8 0.00000 15 0.00000
206.9 0.00000 15 0.00000
207.0 0.00000 15 0.00000
207.1 0.00000 15 0.00000
207.2 0.00000 15 0.00000
207.3 0.00000 15 0.00000
207.4 0.00000 15 0.00000
207.5 0.00000 15 0.00000
207.6 0.00000 15 0.00000
207.7 0.00000 15 0.00000
207.8 0.00000 15 0.00000
207.9 0.00000 15 0.00000
208.0 0.00000 15 0.00000
208.1 0.00000 15 0.00000
208.2 0.00000 15 0.00000
208.3 0.00000 15 0.00000
208.4 0.00000 15 0.00000
208.5 0.00000 15 0.00000
208.6 0.00000 15 0.00000
208.7 0.00000 15 0.00000
208.8 0.00000 15 0.00000
208.9 0.00000 15 0.00000
209.0 0.00000 15 0.00000
209.1 0.00000 15 0.00000
209.2 0.00000 15 0.00000
209.3 0.00000 15 0.00000
209.4 0.00000 15 0.00000
209.5 0.00000 15 0.00000
209.6 0.00000 15 0.00000
209.7 0.00000 15 0.00000
209.8 0.00000 15 0.00000
209.9 0.00000 15 0.00000
210.0 0.00000 15 0.00000
210.1 0.00000 15 0.00000
210.2 0.00000 15 0.00000
210.3 0.00000 15 0.00000
210.4 0.00000 15 0.00000
210.5 0.00000 15 0.00000
210.6 0.00000 15 0.00000
210.7 0.00000 15 0.00000
210.8 0.00000 15 0.00000
210.9 0.00000 15 0.00000
211.0 0.00000 15 0.00000
211.1 0.00000 15 0.00000
211.2 0.00000 15 0.00000
211.3 0.00000 15 0.00000
211.4 0.00000 15 0.00000
211.5 0.00000 15 0.00000
211.6 0.00000 15 0.00000
211.7 0.00000 15 0.00000
211.8 0.00000 15 0.00000
211.9 0.00000 15 0.00000
212.0 0.00000 15 0.00000
212.1 0.00000 15 0.00000
212.2 0.00000 15 0.00000
212.3 0.00000 15 0.00000
212.4 0.00000 15 0.00000
212.5 0.00000 15 0.00000
212.6 0.00000 15 0.00000
212.7 0.00000 15 0.00000
212.8 0.00000 15 0.00000
212.9 0.00000 15 0.00000
213.0 0.00000 15 0.00000
213.1 0.00000 15 0.00000
213.2 0.00000 15 0.00000
213.3 0.00000 15 0.00000
213.4 0.00000 15 0.00000
213.5 0.00000 15 0.00000
213.6 0.00000 15 0.00000
213.7 0.00000 15 0.00000
213.8 0.00000 15 0.00000
213.9 0.00000 15 0.00000
214.0 0.00000 15 0.00000
214.1 0.00000 15 0.00000
214.2 0.00000 15 0.00000
214.3 0.00000 15 0.00000
214.4 0.00000 15 0.00000
214.5 0.00000 15 0.00000
214.6 0.00000 15 0.00000
214.7 0.00000 15 0.00000
214.8 0.00000 15 0.00000
214.9 0.00000 15 0.00000
215.0 0.00000 15 0.00000
215.1 0.00000 15 0.00000
215.2 0.00000 15 0.00000
215.3 0.00000 15 0.00000
215.4 0.00000 15 0.00000
215.5 0.00000 15 0.00000
215.6 0.00000 15 0.00000
215.7 0.00000 15 0.00000
215.8 0.00000 15 0.00000
215.9 0.00000 15 0.00000
216.0 0.00000 15 0.00000
216.1 0.00000 15 0.00000
216.2 0.00000 15 0.00000
216.3 0.00000 15 0.00000
216.4 0.00000 15 0.00000
216.5 0.00000 15 0.00000
216.6 0.00000 15 0.00000
216.7 0.00000 15 0.00000
216.8 0.00000 15 0.00000
216.9 0.00000 15 0.00000
217.0 0.00000 15 0.00000
217.1 0.00000 15 0.00000
217.2 0.00000 15 0.00000
217.3 0.00000 15 0.00000
217.4 0.00000 15 0.00000
217.5 0.00000 15 0.00000
217.6 0.00000 15 0.00000
217.7 0.00000 15 0.00000
217.8 0.00000 15 0.00000
217.9 0.00000 15 0.00000
218.0 0.00000 15 0.00000
218.1 0.00000 15 0.00000
218.2 0.00000 15 0.00000
218.3 0.00000 15 0.00000
218.4 0.00000 15 0.00000
218.5 0.00000 15 0.00000
218.6 0.00000 15 0.00000
218.7 0.00000 15 0.00000
218.8 0.00000 15 0.00000
218.9 0.00000 15 0.00000
219.0 0.00000 15 0.00000
219.1 0.00000 15 0.00000
219.2 0.00000 15 0.00000
219.3 0.00000 15 0.00000
219.4 0.00000 15 0.00000
219.5 0.00000 15 0.00000
219.6 0.00000 15 0.00000
219.7 0.00000 15 0.00000
219.8 0.00000 15 0.00000
219.9 0.00000 15 0.00000
220.0 0.00000 15 0.00000
220.1 0.00000 15 0.00000
220.2 0.00000 15 0.00000
220.3 0.00000 15 0.00000
220.4 0.00000 15 0.00000
220.5 0.00000 15 0.00000
220.6 0.00000 15 0.00000
220.7 0.00000 15 0.00000
220.8 0.00000 15 0.00000
220.9 0.00000 15 0.00000
221.0 0.00000 15 0.00000
221.1 0.00000 15 0.00000
221.2 0.00000 15 0.00000
221.3 0.00000 15 0.00000
221.4 0.00000 15 0.00000
221.5 0.00000 15 0.00000
221.6 0.00000 15 0.00000
221.7 0.00000 15 0.00000
221.8 0.00000 15 0.00000
221.9 0.00000 15 0.00000
222.0 0.00000 15 0.00000
222.1 0.00000 15 0.00000
222.2 0.00000 15 0.00000
222.3 0.00000 15 0.00000
222.4 0.00000 15 0.00000
222.5 0.00000 15 0.00000
222.6 0.00000 15 0.00000
222.7 0.00000 15 0.00000
222.8 0.00000 15 0.00000
222.9 0.00000 15 0.00000
223.0 0.00000 15 0.00000
223.1 0.00000 15 0.00000
223.2 0.00000 15 0.00000
223.3 0.00000 15 0.00000
223.4 0.00000 15 0.00000
223.5 0.00000 15 0.00000
223.6 0.00000 15 0.00000
223.7 0.00000 15 0.00000
223.8 0.00000 15 0.00000
223.9 0.00000 15 0.00000
224.0 0.00000 15 0.00000
224.1 0.00000 15 0.00000
224.2 0.00000 15 0.00000
224.3 0.00000 15 0.00000
224.4 0.00000 15 0.00000
224.5 0.00000 15 0.00000
224.6 0.00000 15 0.00000
224.7 0.00000 15 0.00000
224.8 0.00000 15 0.00000
224.9 0.00000 15 0.00000
225.0 0.00000 15 0.00000
225.1 0.00000 15 0.00000
225.2 0.00000 15 0.00000
225.3 0.00000 15 0.00000
225.4 0.00000 15 0.00000
225.5 0.00000 15 0.00000
225.6 0.00000 15 0.00000
225.7 0.00000 15 0.00000
225.8 0.00000 15 0.00000
225.9 0.00000 15 0.00000
226.0 0.00000 15 0.00000
226.1 0.00000 15 0.00000
226.2 0.00000 15 0.00000
226.3 0.00000 15 0.00000
226.4 0.00000 15 0.00000
226.5 0.00000 15 0.00000
226.6 0.00000 15 0.00000
226.7 0.00000 15 0.00000
226.8 0.00000 15 0.00000
226.9 0.00000 15 0.00000
227.0 0.00000 15 0.00000
227.1 0.00000 15 0.00000
227.2 0.00000 15 0.00000
227.3 0.00000 15 0.00000
227.4 0.00000 15 0.00000
227.5 0.00000 15 0.00000
227.6 0.00000 15 0.00000
227.7 0.00000 15 0.00000
227.8 0.00000 15 0.00000
227.9 0.00000 15 0.00000
228.0 0.00000 15 0.00000
228.1 0.00000 15 0.00000
228.2 0.00000 15 0.00000
228.3 0.00000 15 0.00000
228.4 0.00000 15 0.00000
228.5 0.00000 15 0.00000
228.6 0.00000 15 0.00000
228.7 0.00000 15 0.00000
228.8 0.00000 15 0.00000
228.9 0.00000 15 0.00000
229.0 0.00000 15 0.00000
229.1 0.00000 15 0.00000
229.2 0.00000 15 0.00000
229.3 0.00000 15 0.00000
229.4 0.00000 15 0.00000
229.5 0.00000 15 0.00000
229.6 0.00000 15 0.00000
229.7 0.00000 15 0.00000
229.8 0.00000 15 0.00000
229.9 0.00000 15 0.00000
230.0 0.00000 15 0.00000
230.1 0.00000 15 0.00000
230.2 0.00000 15 0.00000
230.3 0.00000 15 0.00000
230.4 0.00000 15 0.00000
230.5 0.00000 15 0.00000
230.6 0.00000 15 0.00000
230.7 0.00000 15 0.00000
230.8 0.00000 15 0.00000
230.9 0.00000 15 0.00000
231.0 0.00000 15 0.00000
231.1 0.00000 15 0.00000
231.2 0.00000 15 0.00000
231.3 0.00000 15 0.00000
231.4 0.00000 15 0.00000
231.5 0.00000 15 0.00000
231.6 0.00000 15 0.00000
231.7 0.00000 15 0.00000
231.8 0.00000 15 0.00000
231.9 0.00000 15 0.00000
232.0 0.00000 15 0.00000
232.1 0.00000 15 0.00000
232.2 0.00000 15 0.00000
232.3 0.00000 15 0.00000
232.4 0.00000 15 0.00000
232.5 0.00000 15 0.00000
232.6 0.00000 15 0.00000
232.7 0.00000 15 0.00000
232.8 0.00000 15 0.00000
232.9 0.00000 15 0.00000
233.0 0.00000 15 0.00000
233.1 0.00000 15 0.00000
233.2 0.00000 15 0.00000
233.3 0.00000 15 0.00000
233.4 0.00000 15 0.00000
233.5 0.00000 15 0.00000
233.6 0.00000 15 0.00000
233.7 0.00000 15 0.00000
233.8 0.00000 15 0.00000
233.9 0.00000 15 0.00000
234.0 0.00000 15 0.00000
234.1 0.00000 15 0.00000
234.2 0.00000 15 0.00000
234.3 0.00000 15 0.00000
234.4 0.00000 15 0.00000
234.5 0.00000 15 0.00000
234.6 0.00000 15 0.00000
234.7 0.00000 15 0.00000
234.8 0.00000 15 0.00000
234.9 0.00000 15 0.00000
235.0 0.00000 15 0.00000
235.1 0.00000 15 0.00000
235.2 0.00000 15 0.00000
235.3 0.00000 15 0.00000
235.4 0.00000 15 0.00000
235.5 0.00000 15 0.00000
235.6 0.00000 15 0.00000
235.7 0.00000 15 0.00000
235.8 0.00000 15 0.00000
235.9 0.00000 15 0.00000
236.0 0.00000 15 0.00000
236.1 0.00000 15 0.00000
236.2 0.00000 15 0.00000
236.3 0.00000 15 0.00000
236.4 0.00000 15 0.00000
236.5 0.00000 15 0.00000
236.6 0.00000 15 0.00000
236.7 0.00000 15 0.00000
236.8 0.00000 15 0.00000
236.9 0.00000 15 0.00000
237.0 0.00000 15 0.00000
237.1 0.00000 15 0.00000
237.2 0.00000 15 0.00000
237.3 0.00000 15 0.00000
237.4 0.00000 15 0.00000
237.5 0.00000 15 0.00000
237.6 0.00000 15 0.00000
237.7 0.00000 15 0.00000
237.8 0.00000 15 0.00000
237.9 0.00000 15 0.00000
238.0 0.00000 15 0.00000
238.1 0.00000 15 0.00000
238.2 0.00000 15 0.00000
238.3 0.00000 15 0.00000
238.4 0.00000 15 0.00000
238.5 0.00000 15 0.00000
238.6 0.00000 15 0.00000
238.7 0.00000 15 0.00000
238.8 0.00000 15 0.00000
238.9 0.00000 15 0.00000
239.0 0.00000 15 0.00000
239.1 0.00000 15 0.00000
239.2 0.00000 15 0.00000
239.3 0.00000 15 0.00000
239.4 0.00000 15 0.00000
239.5 0.00000 15 0.00000
239.6 0.00000 15 0.00000
239.7 0.00000 15 0.00000
239.8 0.00000 15 0.00000
239.9 0.00000 15 0.00000
240.0 0.00000 15 0.00000
240.1 0.00000 15 0.00000
240.2 0.00000 15 0.00000
240.3 0.00000 15 0.00000
240.4 0.00000 15 0.00000
240.5 0.00000 15 0.00000
240.6 0.00000 15 0.00000
240.7 0.00000 15 0.00000
240.8 0.00000 15 0.00000
240.9 0.00000 15 0.00000
241.0 0.00000 15 0.00000
241.1 0.00000 15 0.00000
241.2 0.00000 15 0.00000
241.3 0.00000 15 0.00000
241.4 0.00000 15 0.00000
241.5 0.00000 15 0.00000
241.6 0.00000 15 0.00000
241.7 0.00000 15 0.00000
241.8 0.00000 15 0.00000
241.9 0.00000 15 0.00000
242.0 0.00000 15 0.00000
242.1 0.00000 15 0.00000
242.2 0.00000 15 0.00000
242.3 0.00000 15 0.00000
242.4 0.00000 15 0.00000
242.5 0.00000 15 0.00000
242.6 0.00000 15 0.00000
242.7 0.00000 15 0.00000
242.8 0.00000 15 0.00000
242.9 0.00000 15 0.00000
243.0 0.00000 15 0.00000
243.1 0.00000 15 0.00000
243.2 0.00000 15 0.00000
243.3 0.00000 15 0.00000
243.4 0.00000 15 0.00000
243.5 0.00000 15 0.00000
243.6 0.00000 15 0.00000
243.7 0.00000 15 0.00000
243.8 0.00000 15 0.00000
243.9 0.00000 15 0.00000
244.0 0.00000 15 0.00000
244.1 0.00000 15 0.00000
244.2 0.00000 15 0.00000
244.3 0.00000 15 0.00000
244.4 0.00000 15 0.00000
244.5 0.00000 15 0.00000
244.6 0.00000 15 0.00000
244.7 0.00000 15 0.00000
244.8 0.00000 15 0.00000
244.9 0.00000 15 0.00000
245.0 0.00000 15 0.00000
245.1 0.00000 15 0.00000
245.2 0.00000 15 0.00000
245.3 0.00000 15 0.00000
245.4 0.00000 15 0.00000
245.5 0.00000 15 0.00000
245.6 0.00000 15 0.00000
245.7 0.00000 15 0.00000
245.8 0.00000 15 0.00000
245.9 0.00000 15 0.00000
246.0 0.00000 15 0.00000
246.1 0.00000 15 0.00000
246.2 0.00000 15 0.00000
246.3 0.00000 15 0.00000
246.4 0.00000 15 0.00000
246.5 0.00000 15 0.00000
246.6 0.00000 15 0.00000
246.7 0.00000 15 0.00000
246.8 0.00000 15 0.00000
246.9 0.00000 15 0.00000
247.0 0.00000 15 0.00000
247.1 0.00000 15 0.00000
247.2 0.00000 15 0.00000
247.3 0.00000 15 0.00000
247.4 0.00000 15 0.00000
247.5 0.00000 15 0.00000
247.6 0.00000 15 0.00000
247.7 0.00000 15 0.00000
247.8 0.00000 15 0.00000
247.9 0.00000 15 0.00000
248.0 0.00000 15 0.00000
248.1 0.00000 15 0.00000
248.2 0.00000 15 0.00000
248.3 0.00000 15 0.00000
248.4 0.00000 15 0.00000
248.5 0.00000 15 0.00000
248.6 0.00000 15 0.00000
248.7 0.00000 15 0.00000
248.8 0.00000 15 0.00000
248.9 0.00000 15 0.00000
249.0 0.00000 15 0.00000
249.1 0.00000 15 0.00000
249.2 0.00000 15 0.00000
249.3 0.00000 15 0.00000
249.4 0.00000 15 0.00000
249.5 0.00000 15 0.00000
249.6 0.00000 15 0.00000
249.7 0.00000 15 0.00000
249.8 0.00000 15 0.00000
249.9 0.00000 15 0.00000
250.0 0.00000 15 0.00000
