15.0 2.22591 13 0.09913
15.1 2.26946 13 0.10285
15.2 2.31394 13 0.10654
15.3 2.35837 13 0.11029
15.4 2.40319 13 0.11405
15.5 2.44823 13 0.11783
15.6 2.49360 13 0.12163
15.7 2.55255 14 0.12543
15.8 2.61476 14 0.12925
15.9 2.67675 14 0.13312
16.0 2.74093 14 0.13696
16.1 2.80621 14 0.14081
16.2 2.87258 14 0.14467
16.3 2.94006 14 0.14854
16.4 3.00866 14 0.15242
16.5 3.07837 14 0.15631
16.6 3.14923 14 0.16021
16.7 3.22122 14 0.16412
16.8 3.29435 14 0.16804
16.9 3.36880 14 0.17197
17.0 3.44444 14 0.17590
17.1 3.52109 14 0.17984
17.2 3.59892 14 0.18380
17.3 3.67795 14 0.18776
17.4 3.75816 14 0.19173
17.5 3.83662 14 0.19575
17.6 3.91906 14 0.19974
17.7 3.99864 14 0.20374
17.8 4.06991 14 0.20774
17.9 4.14185 14 0.21175
18.0 4.21467 14 0.21577
18.1 4.28828 14 0.21979
18.2 4.36230 14 0.22383
18.3 4.43700 14 0.22787
18.4 4.51236 14 0.23192
18.5 4.58838 14 0.23597
18.6 4.66129 14 0.24008
18.7 4.73849 14 0.24415
18.8 4.81636 14 0.24823
18.9 4.89490 14 0.25232
19.0 5.00675 14 0.25870
19.1 5.12557 14 0.26545
19.2 5.24553 14 0.27228
19.3 5.36732 14 0.27918
19.4 5.49090 14 0.28614
19.5 5.61632 14 0.29316
19.6 5.73823 14 0.30030
19.7 5.86722 14 0.30746
19.8 5.99805 14 0.31470
19.9 6.13077 14 0.32200
20.0 6.26534 14 0.32937
20.1 6.40300 14 0.33681
20.2 6.54152 14 0.34433
20.3 6.68199 14 0.35191
20.4 6.82443 14 0.35957
20.5 7.02094 14 0.36749
20.6 7.16637 14 0.37529
20.7 7.31367 14 0.38317
20.8 7.42385 14 0.38864
20.9 7.50559 14 0.39230
21.0 7.58804 14 0.39596
21.1 7.67204 14 0.39963
21.2 7.75529 14 0.40332
21.3 7.83893 14 0.40702
21.4 7.91412 14 0.41076
21.5 7.99843 14 0.41447
21.6 8.08318 14 0.41820
21.7 8.16841 14 0.42194
21.8 8.25403 14 0.42568
21.9 8.34001 14 0.42944
22.0 8.42856 14 0.43320
22.1 8.51540 14 0.43698
22.2 8.60273 14 0.44077
22.3 8.68026 14 0.44460
22.4 8.76834 14 0.44841
22.5 8.85681 14 0.45223
22.6 8.94568 14 0.45606
22.7 9.03491 14 0.45990
22.8 9.12457 14 0.46375
22.9 9.21664 14 0.46761
23.0 9.30709 14 0.47148
23.1 9.39793 14 0.47536
23.2 9.47728 14 0.47928
23.3 9.56877 14 0.48319
23.4 9.66053 14 0.48710
23.5 9.75262 14 0.49103
23.6 9.84494 14 0.49496
23.7 9.93982 14 0.49890
23.8 10.03376 14 0.50286
23.9 10.12743 14 0.50683
24.0 10.20769 14 0.51084
24.1 10.30182 14 0.51482
24.2 10.39624 14 0.51883
24.3 10.49096 14 0.52284
24.4 10.58603 14 0.52686
24.5 10.68135 14 0.53089
24.6 10.78022 14 0.53493
24.7 10.87632 14 0.53898
24.8 10.95699 14 0.54308
24.9 11.05348 14 0.54716
25.0 11.15024 14 0.55124
25.1 11.24728 14 0.55534
25.2 11.34461 14 0.55945
25.3 11.44218 14 0.56357
25.4 11.54375 14 0.56770
25.5 11.64192 14 0.57184
25.6 11.72229 14 0.57603
25.7 11.82087 14 0.58019
25.8 11.91962 14 0.58437
25.9 12.01862 14 0.58856
26.0 12.11782 14 0.59276
26.1 12.21727 14 0.59697
26.2 12.32128 14 0.60119
26.3 12.42117 14 0.60542
26.4 12.50054 14 0.60969
26.5 12.60074 14 0.61395
26.6 12.70112 14 0.61822
26.7 12.80166 14 0.62250
26.8 12.90232 14 0.62679
26.9 13.00302 14 0.63109
27.0 13.10903 14 0.63540
27.1 13.18678 14 0.63975
27.2 13.28821 14 0.64409
27.3 13.38982 14 0.64844
27.4 13.49110 14 0.65280
27.5 13.59272 14 0.65718
27.6 13.69426 14 0.66156
27.7 13.79589 14 0.66596
27.8 13.90353 14 0.67036
27.9 13.97844 14 0.67481
28.0 14.08069 14 0.67924
28.1 14.18303 14 0.68369
28.2 14.28541 14 0.68814
28.3 14.38768 14 0.69261
28.4 14.48967 14 0.69709
28.5 14.59163 14 0.70158
28.6 14.70060 14 0.70608
28.7 14.77150 14 0.71063
28.8 14.87403 14 0.71515
28.9 14.97659 14 0.71969
29.0 15.07888 14 0.72425
29.1 15.18110 14 0.72881
29.2 15.28330 14 0.73339
29.3 15.38548 14 0.73798
29.4 15.49555 14 0.74258
29.5 15.56111 14 0.74722
29.6 15.66315 14 0.75185
29.7 15.76510 14 0.75648
29.8 15.86684 14 0.76114
29.9 15.96864 14 0.76580
30.0 16.07027 14 0.77048
30.1 16.17175 14 0.77517
30.2 16.23967 14 0.77989
30.3 16.34211 14 0.78460
30.4 16.44313 14 0.78933
30.5 16.54394 14 0.79407
30.6 16.64447 14 0.79882
30.7 16.74473 14 0.80359
30.8 16.84496 14 0.80837
30.9 16.89994 14 0.81318
31.0 17.00569 14 0.81798
31.1 17.10884 14 0.82279
31.2 17.20805 14 0.82762
31.3 17.30709 14 0.83246
31.4 17.40579 14 0.83732
31.5 17.50424 14 0.84219
31.6 17.55284 14 0.84709
31.7 17.64990 14 0.85198
31.8 17.75137 14 0.85688
31.9 17.85496 14 0.86180
32.0 17.95160 14 0.86674
32.1 18.04799 14 0.87168
32.2 18.14408 14 0.87664
32.3 18.18567 14 0.88163
32.4 18.28005 14 0.88661
32.5 18.37428 14 0.89161
32.6 18.46837 14 0.89662
32.7 18.57423 14 0.90165
32.8 18.66760 14 0.90669
32.9 18.70242 14 0.91175
33.0 18.79392 14 0.91681
33.1 18.88503 14 0.92189
33.2 18.97566 14 0.92698
33.3 19.06586 14 0.93209
33.4 19.09342 14 0.93721
33.5 19.19609 14 0.94234
33.6 19.28433 14 0.94749
33.7 19.37214 14 0.95265
33.8 19.45939 14 0.95782
33.9 19.48017 14 0.96301
34.0 19.56536 14 0.96821
34.1 19.64985 14 0.97342
34.2 19.66589 14 0.97865
34.3 19.75040 14 0.98389
34.4 19.84566 14 0.98914
34.5 19.85710 14 0.99441
34.6 19.93684 14 0.99969
34.7 19.85183 14 1.00000
34.8 19.83054 14 1.00000
34.9 19.52737 14 1.00000
35.0 19.50241 14 1.00000
35.1 19.47621 14 1.00000
35.2 19.45453 14 1.00000
35.3 19.43947 14 1.00000
35.4 19.41158 14 1.00000
35.5 19.27849 14 1.00000
35.6 19.24916 14 1.00000
35.7 19.21933 14 1.00000
35.8 19.18875 14 1.00000
35.9 19.15698 14 1.00000
36.0 19.00968 14 1.00000
36.1 18.99578 14 1.00000
36.2 18.96289 14 1.00000
36.3 18.92915 14 1.00000
36.4 18.89460 14 1.00000
36.5 18.74259 14 1.00000
36.6 18.70715 14 1.00000
36.7 18.67094 14 1.00000
36.8 18.63383 14 1.00000
36.9 18.59436 14 1.00000
37.0 17.75637 14 1.00000
37.1 16.52494 14 1.00000
37.2 14.76457 14 1.00000
37.3 13.83674 14 1.00000
37.4 13.84541 14 1.00000
37.5 13.80438 14 1.00000
37.6 13.70278 14 1.00000
37.7 13.71850 14 1.00000
37.8 13.72106 14 1.00000
37.9 13.61880 14 1.00000
38.0 13.62407 14 1.00000
38.1 13.55061 14 1.00000
38.2 13.49202 14 1.00000
38.3 13.50534 14 1.00000
38.4 13.45158 14 1.00000
38.5 13.37404 14 1.00000
38.6 13.39549 14 1.00000
38.7 13.40223 14 1.00000
38.8 13.29942 14 1.00000
38.9 13.30890 14 1.00000
39.0 13.28086 14 1.00000
39.1 13.19302 14 1.00000
39.2 13.16016 14 0.99853
39.3 13.13481 14 0.99733
39.4 13.02819 14 0.99228
39.5 12.90345 14 0.98635
39.6 12.76971 14 0.97995
39.7 12.62653 14 0.97307
39.8 12.73805 14 0.97843
39.9 12.61867 14 0.97269
40.0 12.45681 14 0.96485
40.1 12.34685 14 0.95950
40.2 12.31482 14 0.95794
40.3 12.08443 14 0.94662
40.4 12.22692 14 0.95363
40.5 12.34440 14 0.95938
40.6 12.47757 14 0.96586
40.7 12.52565 14 0.96819
40.8 12.57111 14 0.97039
40.9 12.61076 14 0.97231
41.0 12.75824 14 0.97940
41.1 12.87952 14 0.98521
41.2 12.97673 14 0.98984
41.3 13.13568 14 0.99737
41.4 13.20008 14 1.00000
41.5 13.22921 14 1.00000
41.6 13.25876 14 1.00000
41.7 13.28780 14 1.00000
41.8 13.31605 14 1.00000
41.9 13.34300 14 1.00000
42.0 13.39240 14 1.00000
42.1 13.45336 14 1.00000
42.2 13.50473 14 1.00000
42.3 13.54978 14 1.00000
42.4 13.58980 14 1.00000
42.5 13.65681 14 1.00000
42.6 13.68827 14 1.00000
42.7 13.71831 14 1.00000
42.8 13.74802 14 1.00000
42.9 13.77720 14 1.00000
43.0 13.80515 14 1.00000
43.1 13.83305 14 1.00000
43.2 13.89474 14 1.00000
43.3 13.95266 14 1.00000
43.4 14.00299 14 1.00000
43.5 14.04753 14 1.00000
43.6 14.08746 14 1.00000
43.7 14.15484 14 1.00000
43.8 14.18665 14 1.00000
43.9 14.21732 14 1.00000
44.0 14.24737 14 1.00000
44.1 14.27673 14 1.00000
44.2 14.30515 14 1.00000
44.3 14.33263 14 1.00000
44.4 14.36979 14 1.00000
44.5 14.43906 14 1.00000
44.6 14.49317 14 1.00000
44.7 14.54326 14 1.00000
44.8 14.58573 14 1.00000
44.9 14.63165 14 1.00000
45.0 14.67186 14 1.00000
45.1 14.71626 14 1.00000
45.2 14.75794 14 1.00000
45.3 14.80077 14 1.00000
45.4 14.84125 14 1.00000
45.5 14.88492 14 1.00000
45.6 14.92445 14 1.00000
45.7 14.96942 14 1.00000
45.8 15.00826 14 1.00000
45.9 15.05387 14 1.00000
46.0 15.09187 14 1.00000
46.1 15.13839 14 1.00000
46.2 15.20880 14 1.00000
46.3 15.22293 14 1.00000
46.4 15.29256 14 1.00000
46.5 15.30751 14 1.00000
46.6 15.37492 14 1.00000
46.7 15.39181 14 1.00000
46.8 15.43457 14 1.00000
46.9 15.47606 14 1.00000
47.0 15.51865 14 1.00000
47.1 15.55907 14 1.00000
47.2 15.60499 14 1.00000
47.3 15.64680 14 1.00000
47.4 15.68998 14 1.00000
47.5 15.72920 14 1.00000
47.6 15.77234 14 1.00000
47.7 15.81780 14 1.00000
47.8 15.84900 14 1.00000
47.9 15.90308 14 1.00000
48.0 15.94411 14 1.00000
48.1 15.96731 14 1.00000
48.2 16.03143 14 1.00000
48.3 16.06948 14 1.00000
48.4 16.08665 14 1.00000
48.5 16.16036 14 1.00000
48.6 16.19600 14 1.00000
48.7 16.19685 14 1.00000
48.8 16.28925 14 1.00000
48.9 16.32500 14 1.00000
49.0 16.32696 14 1.00000
49.1 16.41795 14 1.00000
49.2 16.45634 14 1.00000
49.3 16.47985 14 1.00000
49.4 16.48806 14 1.00000
49.5 16.58974 14 1.00000
49.6 16.61965 14 1.00000
49.7 16.62258 14 1.00000
49.8 16.67037 14 1.00000
49.9 16.75934 14 1.00000
50.0 16.78252 14 1.00000
50.1 16.78583 14 1.00000
50.2 16.89269 14 1.00000
50.3 16.93008 14 1.00000
50.4 16.95062 14 1.00000
50.5 16.95907 14 1.00000
50.6 17.06313 14 1.00000
50.7 17.10276 14 1.00000
50.8 17.12677 14 1.00000
50.9 17.13132 14 1.00000
51.0 17.19956 14 1.00000
51.1 17.27845 14 1.00000
51.2 17.30867 14 1.00000
51.3 17.31610 14 1.00000
51.4 17.35846 14 1.00000
51.5 17.45289 14 1.00000
51.6 17.49247 14 1.00000
51.7 17.51845 14 1.00000
51.8 17.52483 14 1.00000
51.9 17.57878 14 1.00000
52.0 17.66915 14 1.00000
52.1 17.70909 14 1.00000
52.2 17.73617 14 1.00000
52.3 17.74423 14 1.00000
52.4 17.78951 14 1.00000
52.5 17.88442 14 1.00000
52.6 17.92921 14 1.00000
52.7 17.96434 14 1.00000
52.8 17.97225 14 1.00000
52.9 17.99563 14 1.00000
53.0 18.05610 14 1.00000
53.1 18.14485 14 1.00000
53.2 18.19010 14 1.00000
53.3 18.22603 14 1.00000
53.4 18.23377 14 1.00000
53.5 18.26166 14 1.00000
53.6 18.31304 14 1.00000
53.7 18.40369 14 1.00000
53.8 18.45266 14 1.00000
53.9 18.49429 14 1.00000
54.0 18.52614 14 1.00000
54.1 18.53649 14 1.00000
54.2 18.56247 14 1.00000
54.3 18.69193 14 1.00000
54.4 18.70840 14 1.00000
54.5 18.75812 14 1.00000
54.6 18.80215 14 1.00000
54.7 18.83987 14 1.00000
54.8 18.86846 14 1.00000
54.9 18.88417 14 1.00000
55.0 18.98140 14 1.00000
55.1 19.04333 14 1.00000
55.2 19.05782 14 1.00000
55.3 19.10829 14 1.00000
55.4 19.15476 14 1.00000
55.5 19.19436 14 1.00000
55.6 19.22939 14 1.00000
55.7 19.25604 14 1.00000
55.8 19.31568 14 1.00000
55.9 19.37580 14 1.00000
56.0 19.43600 14 1.00000
56.1 19.49118 14 1.00000
56.2 19.50348 14 1.00000
56.3 19.55170 14 1.00000
56.4 19.59508 14 1.00000
56.5 19.56661 14 1.00000
56.6 19.63125 14 1.00000
56.7 19.69205 14 1.00000
56.8 19.75032 14 1.00000
56.9 19.80886 14 1.00000
57.0 19.86811 14 1.00000
57.1 19.92501 14 1.00000
57.2 19.93912 14 1.00000
57.3 19.98696 14 1.00000
57.4 19.99843 14 1.00000
57.5 20.03597 14 1.00000
57.6 20.06674 14 1.00000
57.7 20.09717 14 1.00000
57.8 20.16012 14 1.00000
57.9 20.21709 14 1.00000
58.0 20.27696 14 1.00000
58.1 20.33494 14 1.00000
58.2 20.39130 14 1.00000
58.3 20.44719 14 1.00000
58.4 20.48489 14 1.00000
58.5 20.52647 14 1.00000
58.6 20.56784 14 1.00000
58.7 20.60583 14 1.00000
58.8 20.64425 14 1.00000
58.9 20.66434 14 1.00000
59.0 20.69859 14 1.00000
59.1 20.72937 14 1.00000
59.2 20.76157 14 1.00000
59.3 20.82208 14 1.00000
59.4 20.87898 14 1.00000
59.5 20.97708 14 1.00000
59.6 21.03806 14 1.00000
59.7 21.09183 14 1.00000
59.8 21.10108 14 1.00000
59.9 21.14771 14 1.00000
60.0 21.19633 14 1.00000
60.1 21.24669 14 1.00000
60.2 21.29268 14 1.00000
60.3 21.33751 14 1.00000
60.4 21.38000 14 1.00000
60.5 21.42108 14 1.00000
60.6 21.46171 14 1.00000
60.7 21.50634 14 1.00000
60.8 21.48183 14 1.00000
60.9 21.53885 14 1.00000
61.0 21.59076 14 1.00000
61.1 21.64904 14 1.00000
61.2 21.70264 14 1.00000
61.3 21.75521 14 1.00000
61.4 21.80887 14 1.00000
61.5 21.86058 14 1.00000
61.6 21.91214 14 1.00000
61.7 21.96378 14 1.00000
61.8 22.01631 14 1.00000
61.9 22.06413 14 1.00000
62.0 22.11817 14 1.00000
62.1 22.09833 14 1.00000
62.2 22.19560 14 1.00000
62.3 22.24012 14 1.00000
62.4 22.28661 14 1.00000
62.5 22.33231 14 1.00000
62.6 22.37621 14 1.00000
62.7 22.42259 14 1.00000
62.8 22.46505 14 1.00000
62.9 22.50933 14 1.00000
63.0 22.55223 14 1.00000
63.1 22.59056 14 1.00000
63.2 22.63147 14 1.00000
63.3 22.67468 14 1.00000
63.4 22.70192 14 1.00000
63.5 22.74082 14 1.00000
63.6 22.78877 14 1.00000
63.7 22.82880 14 1.00000
63.8 22.87234 14 1.00000
63.9 22.92728 14 1.00000
64.0 23.01813 14 1.00000
64.1 22.99672 14 1.00000
64.2 23.04038 14 1.00000
64.3 23.08952 14 1.00000
64.4 23.13338 14 1.00000
64.5 23.18505 14 1.00000
64.6 23.23400 14 1.00000
64.7 23.28313 14 1.00000
64.8 23.33117 14 1.00000
64.9 23.37337 14 1.00000
65.0 23.42236 14 1.00000
65.1 23.47044 14 1.00000
65.2 23.51947 14 1.00000
65.3 23.54616 14 1.00000
65.4 23.64943 14 1.00000
65.5 23.69286 14 1.00000
65.6 23.74118 14 1.00000
65.7 23.78766 14 1.00000
65.8 23.83843 14 1.00000
65.9 23.88474 14 1.00000
66.0 23.93458 14 1.00000
66.1 23.97832 14 1.00000
66.2 24.02884 14 1.00000
66.3 24.07806 14 1.00000
66.4 24.11879 14 1.00000
66.5 24.16800 14 1.00000
66.6 24.21724 14 1.00000
66.7 24.26449 14 1.00000
66.8 24.31182 14 1.00000
66.9 24.35917 14 1.00000
67.0 24.40613 14 1.00000
67.1 24.45220 14 1.00000
67.2 24.49828 14 1.00000
67.3 24.54332 14 1.00000
67.4 24.58897 14 1.00000
67.5 24.63133 14 1.00000
67.6 24.68419 14 1.00000
67.7 24.72898 14 1.00000
67.8 24.77329 14 1.00000
67.9 24.81717 14 1.00000
68.0 24.86646 14 1.00000
68.1 24.90994 14 1.00000
68.2 24.95198 14 1.00000
68.3 24.93250 14 1.00000
68.4 25.01246 14 1.00000
68.5 25.10923 14 1.00000
68.6 25.14590 14 1.00000
68.7 25.19815 14 1.00000
68.8 25.24580 14 1.00000
68.9 25.28652 14 1.00000
69.0 25.33401 14 1.00000
69.1 25.37436 14 1.00000
69.2 25.42164 14 1.00000
69.3 25.45538 14 1.00000
69.4 25.50652 14 1.00000
69.5 25.55174 14 1.00000
69.6 25.59527 14 1.00000
69.7 25.63357 14 1.00000
69.8 25.65192 14 1.00000
69.9 25.73500 14 1.00000
70.0 25.77651 14 1.00000
70.1 25.81843 14 1.00000
70.2 25.86677 14 1.00000
70.3 25.89771 14 1.00000
70.4 25.95018 14 1.00000
70.5 25.99701 14 1.00000
70.6 26.03380 14 1.00000
70.7 26.08121 14 1.00000
70.8 26.11723 14 1.00000
70.9 26.16289 14 1.00000
71.0 26.19975 14 1.00000
71.1 26.23225 14 1.00000
71.2 26.24146 14 1.00000
71.3 26.40326 14 1.00000
71.4 26.37558 14 1.00000
71.5 26.42655 14 1.00000
71.6 26.46414 14 1.00000
71.7 26.49886 14 1.00000
71.8 26.53236 14 1.00000
71.9 26.56859 14 1.00000
72.0 26.60637 14 1.00000
72.1 26.65555 14 1.00000
72.2 26.71772 14 1.00000
72.3 26.77982 14 1.00000
72.4 26.84047 14 1.00000
72.5 26.89902 14 1.00000
72.6 26.94287 14 1.00000
72.7 27.00598 14 1.00000
72.8 27.06352 14 1.00000
72.9 27.11016 14 1.00000
73.0 27.16781 14 1.00000
73.1 27.25313 14 1.00000
73.2 27.31051 14 1.00000
73.3 27.25105 14 1.00000
73.4 27.36277 14 1.00000
73.5 27.43477 14 1.00000
73.6 27.47408 14 1.00000
73.7 27.54086 14 1.00000
73.8 27.57817 14 1.00000
73.9 27.63907 14 1.00000
74.0 27.69107 14 1.00000
74.1 27.74104 14 1.00000
74.2 27.78759 14 1.00000
74.3 27.83929 14 1.00000
74.4 27.88096 14 1.00000
74.5 27.92057 14 1.00000
74.6 27.97801 14 1.00000
74.7 28.01429 14 1.00000
74.8 28.06570 14 1.00000
74.9 28.09481 14 1.00000
75.0 28.15232 14 1.00000
75.1 28.17698 14 1.00000
75.2 28.29797 14 1.00000
75.3 28.34662 14 1.00000
75.4 28.37810 14 1.00000
75.5 28.40881 14 1.00000
75.6 28.45339 14 1.00000
75.7 28.51632 14 1.00000
75.8 28.55619 14 1.00000
75.9 28.59638 14 1.00000
76.0 28.63686 14 1.00000
76.1 28.74251 14 1.00000
76.2 28.73410 14 1.00000
76.3 28.79927 14 1.00000
76.4 28.78786 14 1.00000
76.5 28.83291 14 1.00000
76.6 28.85816 14 1.00000
76.7 28.90876 14 1.00000
76.8 28.94167 14 1.00000
76.9 28.97237 14 1.00000
77.0 29.00195 14 1.00000
77.1 29.03068 14 1.00000
77.2 29.06421 14 1.00000
77.3 29.11378 14 1.00000
77.4 29.19346 14 1.00000
77.5 29.27051 14 1.00000
77.6 29.34112 14 1.00000
77.7 29.39118 14 1.00000
77.8 29.46319 14 1.00000
77.9 29.56790 14 1.00000
78.0 29.59124 14 1.00000
78.1 29.62420 14 1.00000
78.2 29.69211 14 1.00000
78.3 29.75436 14 1.00000
78.4 29.79987 14 1.00000
78.5 29.85845 14 1.00000
78.6 29.90870 14 1.00000
78.7 29.95742 14 1.00000
78.8 30.00597 14 1.00000
78.9 30.05249 14 1.00000
79.0 30.08889 14 1.00000
79.1 30.14314 14 1.00000
79.2 30.17665 14 1.00000
79.3 30.21531 14 1.00000
79.4 30.32114 14 1.00000
79.5 30.39687 14 1.00000
79.6 30.41762 14 1.00000
79.7 30.46991 14 1.00000
79.8 30.50764 14 1.00000
79.9 30.53509 14 1.00000
80.0 30.58257 14 1.00000
80.1 30.61202 14 1.00000
80.2 30.65675 14 1.00000
80.3 30.70197 14 1.00000
80.4 30.74288 14 1.00000
80.5 30.80828 14 1.00000
80.6 30.69776 14 1.00000
80.7 30.83146 14 1.00000
80.8 30.87333 14 1.00000
80.9 30.90698 14 1.00000
81.0 30.93451 14 1.00000
81.1 30.95959 14 1.00000
81.2 30.99355 14 1.00000
81.3 31.16124 14 1.00000
81.4 31.09015 14 1.00000
81.5 31.16839 14 1.00000
81.6 31.25258 14 1.00000
81.7 31.32522 14 1.00000
81.8 31.36667 14 1.00000
81.9 31.44537 14 1.00000
82.0 31.50716 14 1.00000
82.1 31.53745 14 1.00000
82.2 31.61508 14 1.00000
82.3 31.69732 14 1.00000
82.4 31.75149 14 1.00000
82.5 31.79019 14 1.00000
82.6 31.85065 14 1.00000
82.7 31.90124 14 1.00000
82.8 31.93354 14 1.00000
82.9 31.98895 14 1.00000
83.0 32.01575 14 1.00000
83.1 32.09066 14 1.00000
83.2 32.13471 14 1.00000
83.3 32.15725 14 1.00000
83.4 32.22149 14 1.00000
83.5 32.25509 14 1.00000
83.6 32.37587 14 1.00000
83.7 32.40359 14 1.00000
83.8 32.45479 14 1.00000
83.9 32.50767 14 1.00000
84.0 32.54967 14 1.00000
84.1 32.58948 14 1.00000
84.2 32.58791 14 1.00000
84.3 32.62763 14 1.00000
84.4 32.69036 14 1.00000
84.5 32.74693 14 1.00000
84.6 32.78651 14 1.00000
84.7 32.81749 14 1.00000
84.8 32.85130 14 1.00000
84.9 32.89164 14 1.00000
85.0 32.92596 14 1.00000
85.1 32.97313 14 1.00000
85.2 33.00797 14 1.00000
85.3 33.01706 14 1.00000
85.4 33.06545 14 1.00000
85.5 33.09076 14 1.00000
85.6 33.12210 14 1.00000
85.7 33.16330 14 1.00000
85.8 33.32633 14 1.00000
85.9 33.29887 14 1.00000
86.0 33.38262 14 1.00000
86.1 33.47597 14 1.00000
86.2 33.53894 14 1.00000
86.3 33.58027 14 1.00000
86.4 33.64208 14 1.00000
86.5 33.73896 14 1.00000
86.6 33.75555 14 1.00000
86.7 33.80972 14 1.00000
86.8 33.88792 14 1.00000
86.9 33.93525 14 1.00000
87.0 33.99651 14 1.00000
87.1 34.02942 14 1.00000
87.2 34.07018 14 1.00000
87.3 34.12764 14 1.00000
87.4 34.17555 14 1.00000
87.5 34.22542 14 1.00000
87.6 34.26280 14 1.00000
87.7 34.34114 14 1.00000
87.8 34.37910 14 1.00000
87.9 34.42998 14 1.00000
88.0 34.33592 14 1.00000
88.1 34.49193 14 1.00000
88.2 34.65520 14 1.00000
88.3 34.68802 14 1.00000
88.4 34.72788 14 1.00000
88.5 34.76999 14 1.00000
88.6 34.70774 14 1.00000
88.7 34.85023 14 1.00000
88.8 34.88834 14 1.00000
88.9 34.89421 14 1.00000
89.0 34.97033 14 1.00000
89.1 35.01076 14 1.00000
89.2 35.02844 14 1.00000
89.3 35.08993 14 1.00000
89.4 35.12392 14 1.00000
89.5 35.16730 14 1.00000
89.6 35.25556 14 1.00000
89.7 35.22822 14 1.00000
89.8 35.39012 14 1.00000
89.9 35.31321 14 1.00000
90.0 35.34236 14 1.00000
90.1 35.36910 14 1.00000
90.2 35.39394 14 1.00000
90.3 35.43084 14 1.00000
90.4 35.50826 14 1.00000
90.5 35.60157 14 1.00000
90.6 35.68026 14 1.00000
90.7 35.72623 14 1.00000
90.8 35.81683 14 1.00000
90.9 35.86367 14 1.00000
91.0 35.94336 14 1.00000
91.1 35.99859 14 1.00000
91.2 36.06203 14 1.00000
91.3 36.13140 14 1.00000
91.4 36.20171 14 1.00000
91.5 36.23621 14 1.00000
91.6 36.32466 14 1.00000
91.7 36.30074 14 1.00000
91.8 36.29322 14 1.00000
91.9 36.45510 14 1.00000
92.0 36.50596 14 1.00000
92.1 36.55640 14 1.00000
92.2 36.60606 14 1.00000
92.3 36.65319 14 1.00000
92.4 36.68929 14 1.00000
92.5 36.74758 14 1.00000
92.6 36.79525 14 1.00000
92.7 36.81929 14 1.00000
92.8 36.88526 14 1.00000
92.9 36.91373 14 1.00000
93.0 36.97179 14 1.00000
93.1 37.10131 14 1.00000
93.2 37.14053 14 1.00000
93.3 37.15993 14 1.00000
93.4 37.22083 14 1.00000
93.5 37.26717 14 1.00000
93.6 37.30788 14 1.00000
93.7 37.31790 14 1.00000
93.8 37.38720 14 1.00000
93.9 37.43156 14 1.00000
94.0 37.44849 14 1.00000
94.1 37.51283 14 1.00000
94.2 37.52410 14 1.00000
94.3 37.59268 14 1.00000
94.4 37.62451 14 1.00000
94.5 37.65019 14 1.00000
94.6 37.70873 14 1.00000
94.7 37.74546 14 1.00000
94.8 37.77729 14 1.00000
94.9 37.80605 14 1.00000
95.0 37.83259 14 1.00000
95.1 37.88580 14 1.00000
95.2 37.98207 14 1.00000
95.3 38.06456 14 1.00000
95.4 38.10386 14 1.00000
95.5 38.20500 14 1.00000
95.6 38.24251 14 1.00000
95.7 38.33554 14 1.00000
95.8 38.36465 14 1.00000
95.9 38.45807 14 1.00000
96.0 38.50525 14 1.00000
96.1 38.56894 14 1.00000
96.2 38.63169 14 1.00000
96.3 38.68579 14 1.00000
96.4 38.71484 14 1.00000
96.5 38.81735 14 1.00000
96.6 38.85402 14 1.00000
96.7 38.92073 14 1.00000
96.8 38.97754 14 1.00000
96.9 39.03013 14 1.00000
97.0 39.07913 14 1.00000
97.1 39.12114 14 1.00000
97.2 39.15702 14 1.00000
97.3 39.23460 14 1.00000
97.4 39.28324 14 1.00000
97.5 39.31477 14 1.00000
97.6 39.37793 14 1.00000
97.7 39.42180 14 1.00000
97.8 39.46856 14 1.00000
97.9 39.51419 14 1.00000
98.0 39.55746 14 1.00000
98.1 39.68784 14 1.00000
98.2 39.73153 14 1.00000
98.3 39.77253 14 1.00000
98.4 39.80513 14 1.00000
98.5 39.86021 14 1.00000
98.6 39.90316 14 1.00000
98.7 39.92104 14 1.00000
98.8 39.98763 14 1.00000
98.9 40.03037 14 1.00000
99.0 40.06483 14 1.00000
99.1 40.11537 14 1.00000
99.2 40.14827 14 1.00000
99.3 40.19761 14 1.00000
99.4 40.23877 14 1.00000
99.5 40.26123 14 1.00000
99.6 40.31832 14 1.00000
99.7 40.35941 14 1.00000
99.8 40.39637 14 1.00000
99.9 40.42911 14 1.00000
100.0 40.45832 14 1.00000
100.1 40.50000 14 1.00000
100.2 40.50000 14 1.00000
100.3 40.50000 14 1.00000
100.4 40.50000 14 1.00000
100.5 40.50000 14 1.00000
100.6 40.50000 14 1.00000
100.7 40.50000 14 1.00000
100.8 40.50000 14 1.00000
100.9 40.50000 14 1.00000
101.0 40.50000 14 1.00000
101.1 40.50000 14 1.00000
101.2 40.50000 14 1.00000
101.3 40.50000 14 1.00000
101.4 40.50000 14 1.00000
101.5 40.50000 14 1.00000
101.6 40.50000 14 1.00000
101.7 40.50000 14 1.00000
101.8 40.50000 14 1.00000
101.9 40.50000 14 1.00000
102.0 40.50000 14 1.00000
102.1 40.50000 14 1.00000
102.2 40.50000 14 1.00000
102.3 40.50000 14 1.00000
102.4 40.50000 14 1.00000
102.5 40.50000 14 1.00000
102.6 40.50000 14 1.00000
102.7 40.50000 14 1.00000
102.8 40.50000 14 1.00000
102.9 40.50000 14 1.00000
103.0 40.50000 14 1.00000
103.1 40.50000 14 1.00000
103.2 40.50000 14 1.00000
103.3 40.50000 14 1.00000
103.4 40.50000 14 1.00000
103.5 40.50000 14 1.00000
103.6 40.50000 14 1.00000
103.7 40.50000 14 1.00000
103.8 40.50000 14 1.00000
103.9 40.50000 14 1.00000
104.0 40.50000 14 1.00000
104.1 40.50000 14 1.00000
104.2 40.50000 14 1.00000
104.3 40.50000 14 1.00000
104.4 40.50000 14 1.00000
104.5 40.50000 14 1.00000
104.6 40.50000 14 1.00000
104.7 40.50000 14 1.00000
104.8 40.50000 14 1.00000
104.9 40.50000 14 1.00000
105.0 40.50000 14 1.00000
105.1 40.50000 14 1.00000
105.2 40.50000 14 1.00000
105.3 40.50000 14 1.00000
105.4 40.50000 14 1.00000
105.5 40.50000 14 1.00000
105.6 40.50000 14 1.00000
105.7 40.50000 14 1.00000
105.8 40.50000 14 1.00000
105.9 40.50000 14 1.00000
106.0 40.50000 14 1.00000
106.1 40.50000 14 1.00000
106.2 40.50000 14 1.00000
106.3 40.50000 14 1.00000
106.4 40.50000 14 1.00000
106.5 40.50000 14 1.00000
106.6 40.50000 14 1.00000
106.7 40.50000 14 1.00000
106.8 40.50000 14 1.00000
106.9 40.50000 14 1.00000
107.0 40.50000 14 1.00000
107.1 40.50000 14 1.00000
107.2 40.50000 14 1.00000
107.3 40.50000 14 1.00000
107.4 40.50000 14 1.00000
107.5 40.50000 14 1.00000
107.6 40.50000 14 1.00000
107.7 40.50000 14 1.00000
107.8 40.50000 14 1.00000
107.9 40.50000 14 1.00000
108.0 40.50000 14 1.00000
108.1 40.50000 14 1.00000
108.2 40.50000 14 1.00000
108.3 40.50000 14 1.00000
108.4 40.50000 14 1.00000
108.5 40.50000 14 1.00000
108.6 40.50000 14 1.00000
108.7 40.50000 14 1.00000
108.8 40.50000 14 1.00000
108.9 40.50000 14 1.00000
109.0 40.50000 14 1.00000
109.1 40.50000 14 1.00000
109.2 40.50000 14 1.00000
109.3 40.50000 14 1.00000
109.4 40.50000 14 1.00000
109.5 40.50000 14 1.00000
109.6 40.50000 14 1.00000
109.7 40.50000 14 1.00000
109.8 40.50000 14 1.00000
109.9 40.50000 14 1.00000
110.0 40.50000 14 1.00000
110.1 40.50000 14 1.00000
110.2 40.50000 14 1.00000
110.3 40.50000 14 1.00000
110.4 40.50000 14 1.00000
110.5 40.50000 14 1.00000
110.6 40.50000 14 1.00000
110.7 40.50000 14 1.00000
110.8 40.50000 14 1.00000
110.9 40.50000 14 1.00000
111.0 40.50000 14 1.00000
111.1 40.50000 14 1.00000
111.2 40.50000 14 1.00000
111.3 40.50000 14 1.00000
111.4 40.50000 14 1.00000
111.5 40.50000 14 1.00000
111.6 40.50000 14 1.00000
111.7 40.50000 14 1.00000
111.8 40.50000 14 1.00000
111.9 40.50000 14 1.00000
112.0 40.50000 14 1.00000
112.1 40.50000 14 1.00000
112.2 40.50000 14 1.00000
112.3 40.50000 14 1.00000
112.4 40.50000 14 1.00000
112.5 40.50000 14 1.00000
112.6 40.50000 14 1.00000
112.7 40.50000 14 1.00000
112.8 40.50000 14 1.00000
112.9 40.50000 14 1.00000
113.0 40.50000 14 1.00000
113.1 40.50000 14 1.00000
113.2 40.50000 14 1.00000
113.3 40.50000 14 1.00000
113.4 40.50000 14 1.00000
113.5 40.50000 14 1.00000
113.6 40.50000 14 1.00000
113.7 40.50000 14 1.00000
113.8 40.50000 14 1.00000
113.9 40.50000 14 1.00000
114.0 40.50000 14 1.00000
114.1 40.50000 14 1.00000
114.2 40.50000 14 1.00000
114.3 40.50000 14 1.00000
114.4 40.50000 14 1.00000
114.5 40.50000 14 1.00000
114.6 40.50000 14 1.00000
114.7 40.50000 14 1.00000
114.8 40.50000 14 1.00000
114.9 40.50000 14 1.00000
115.0 40.50000 14 1.00000
115.1 40.50000 14 1.00000
115.2 40.50000 14 1.00000
115.3 40.50000 14 1.00000
115.4 40.50000 14 1.00000
115.5 40.50000 14 1.00000
115.6 40.50000 14 1.00000
115.7 40.50000 14 1.00000
115.8 40.50000 14 1.00000
115.9 40.50000 14 1.00000
116.0 40.50000 14 1.00000
116.1 40.50000 14 1.00000
116.2 40.50000 14 1.00000
116.3 40.50000 14 1.00000
116.4 40.50000 14 1.00000
116.5 40.50000 14 1.00000
116.6 40.50000 14 1.00000
116.7 40.50000 14 1.00000
116.8 40.50000 14 1.00000
116.9 40.50000 14 1.00000
117.0 40.50000 14 1.00000
117.1 40.50000 14 1.00000
117.2 40.50000 14 1.00000
117.3 40.50000 14 1.00000
117.4 40.50000 14 1.00000
117.5 40.50000 14 1.00000
117.6 40.50000 14 1.00000
117.7 40.50000 14 1.00000
117.8 40.50000 14 1.00000
117.9 40.50000 14 1.00000
118.0 40.50000 14 1.00000
118.1 40.50000 14 1.00000
118.2 40.50000 14 1.00000
118.3 40.50000 14 1.00000
118.4 40.50000 14 1.00000
118.5 40.50000 14 1.00000
118.6 40.50000 14 1.00000
118.7 40.50000 14 1.00000
118.8 40.50000 14 1.00000
118.9 40.50000 14 1.00000
119.0 40.50000 14 1.00000
119.1 40.50000 14 1.00000
119.2 40.50000 14 1.00000
119.3 40.50000 14 1.00000
119.4 40.50000 14 1.00000
119.5 40.50000 14 1.00000
119.6 40.50000 14 1.00000
119.7 40.50000 14 1.00000
119.8 40.50000 14 1.00000
119.9 40.50000 14 1.00000
120.0 40.50000 14 1.00000
120.1 40.50000 14 1.00000
120.2 40.50000 14 1.00000
120.3 40.50000 14 1.00000
120.4 40.50000 14 1.00000
120.5 40.50000 14 1.00000
120.6 40.50000 14 1.00000
120.7 40.50000 14 1.00000
120.8 40.50000 14 1.00000
120.9 40.50000 14 1.00000
121.0 40.50000 14 1.00000
121.1 40.50000 14 1.00000
121.2 40.50000 14 1.00000
121.3 40.50000 14 1.00000
121.4 40.50000 14 1.00000
121.5 40.50000 14 1.00000
121.6 40.50000 14 1.00000
121.7 40.50000 14 1.00000
121.8 40.50000 14 1.00000
121.9 40.50000 14 1.00000
122.0 40.50000 14 1.00000
122.1 40.50000 14 1.00000
122.2 40.50000 14 1.00000
122.3 40.50000 14 1.00000
122.4 40.50000 14 1.00000
122.5 40.50000 14 1.00000
122.6 40.50000 14 1.00000
122.7 40.50000 14 1.00000
122.8 40.50000 14 1.00000
122.9 40.50000 14 1.00000
123.0 40.50000 14 1.00000
123.1 40.50000 14 1.00000
123.2 40.50000 14 1.00000
123.3 40.50000 14 1.00000
123.4 40.50000 14 1.00000
123.5 40.50000 14 1.00000
123.6 40.50000 14 1.00000
123.7 40.50000 14 1.00000
123.8 40.50000 14 1.00000
123.9 40.50000 14 1.00000
124.0 40.50000 14 1.00000
124.1 40.50000 14 1.00000
124.2 40.50000 14 1.00000
124.3 40.50000 14 1.00000
124.4 40.50000 14 1.00000
124.5 40.50000 14 1.00000
124.6 40.50000 14 1.00000
124.7 40.50000 14 1.00000
124.8 40.50000 14 1.00000
124.9 40.50000 14 1.00000
125.0 40.50000 14 1.00000
125.1 40.50000 14 1.00000
125.2 40.50000 14 1.00000
125.3 40.50000 14 1.00000
125.4 40.50000 14 1.00000
125.5 40.50000 14 1.00000
125.6 40.50000 14 1.00000
125.7 40.50000 14 1.00000
125.8 40.50000 14 1.00000
125.9 40.50000 14 1.00000
126.0 40.50000 14 1.00000
126.1 40.50000 14 1.00000
126.2 40.50000 14 1.00000
126.3 40.50000 14 1.00000
126.4 40.50000 14 1.00000
126.5 40.50000 14 1.00000
126.6 40.50000 14 1.00000
126.7 40.50000 14 1.00000
126.8 40.50000 14 1.00000
126.9 40.50000 14 1.00000
127.0 40.50000 14 1.00000
127.1 40.50000 14 1.00000
127.2 40.50000 14 1.00000
127.3 40.50000 14 1.00000
127.4 40.50000 14 1.00000
127.5 40.50000 14 1.00000
127.6 40.50000 14 1.00000
127.7 40.50000 14 1.00000
127.8 40.50000 14 1.00000
127.9 40.50000 14 1.00000
128.0 40.50000 14 1.00000
128.1 40.50000 14 1.00000
128.2 40.50000 14 1.00000
128.3 40.50000 14 1.00000
128.4 40.50000 14 1.00000
128.5 40.50000 14 1.00000
128.6 40.50000 14 1.00000
128.7 40.50000 14 1.00000
128.8 40.50000 14 1.00000
128.9 40.50000 14 1.00000
129.0 40.50000 14 1.00000
129.1 40.50000 14 1.00000
129.2 40.50000 14 1.00000
129.3 40.50000 14 1.00000
129.4 40.50000 14 1.00000
129.5 40.50000 14 1.00000
129.6 40.50000 14 1.00000
129.7 40.50000 14 1.00000
129.8 40.50000 14 1.00000
129.9 40.50000 14 1.00000
130.0 40.50000 14 1.00000
130.1 40.50000 14 1.00000
130.2 40.50000 14 1.00000
130.3 40.50000 14 1.00000
130.4 40.50000 14 1.00000
130.5 40.50000 14 1.00000
130.6 40.50000 14 1.00000
130.7 40.50000 14 1.00000
130.8 40.50000 14 1.00000
130.9 40.50000 14 1.00000
131.0 40.50000 14 1.00000
131.1 40.50000 14 1.00000
131.2 40.50000 14 1.00000
131.3 40.50000 14 1.00000
131.4 40.50000 14 1.00000
131.5 40.50000 14 1.00000
131.6 40.50000 14 1.00000
131.7 40.50000 14 1.00000
131.8 40.50000 14 1.00000
131.9 40.50000 14 1.00000
132.0 40.50000 14 1.00000
132.1 40.50000 14 1.00000
132.2 40.50000 14 1.00000
132.3 40.50000 14 1.00000
132.4 40.50000 14 1.00000
132.5 40.50000 14 1.00000
132.6 40.50000 14 1.00000
132.7 40.50000 14 1.00000
132.8 40.50000 14 1.00000
132.9 40.50000 14 1.00000
133.0 40.50000 14 1.00000
133.1 40.50000 14 1.00000
133.2 40.50000 14 1.00000
133.3 40.50000 14 1.00000
133.4 40.50000 14 1.00000
133.5 40.50000 14 1.00000
133.6 40.50000 14 1.00000
133.7 40.50000 14 1.00000
133.8 40.50000 14 1.00000
133.9 40.50000 14 1.00000
134.0 40.50000 14 1.00000
134.1 40.50000 14 1.00000
134.2 40.50000 14 1.00000
134.3 40.50000 14 1.00000
134.4 40.50000 14 1.00000
134.5 40.50000 14 1.00000
134.6 40.50000 14 1.00000
134.7 40.50000 14 1.00000
134.8 40.50000 14 1.00000
134.9 40.50000 14 1.00000
135.0 40.50000 14 1.00000
135.1 40.50000 14 1.00000
135.2 40.50000 14 1.00000
135.3 40.50000 14 1.00000
135.4 40.50000 14 1.00000
135.5 40.50000 14 1.00000
135.6 40.50000 14 1.00000
135.7 40.50000 14 1.00000
135.8 40.50000 14 1.00000
135.9 40.50000 14 1.00000
136.0 40.50000 14 1.00000
136.1 40.50000 14 1.00000
136.2 40.50000 14 1.00000
136.3 40.50000 14 1.00000
136.4 40.50000 14 1.00000
136.5 40.50000 14 1.00000
136.6 40.50000 14 1.00000
136.7 40.50000 14 1.00000
136.8 40.50000 14 1.00000
136.9 40.50000 14 1.00000
137.0 40.50000 14 1.00000
137.1 40.50000 14 1.00000
137.2 40.50000 14 1.00000
137.3 40.50000 14 1.00000
137.4 40.50000 14 1.00000
137.5 40.50000 14 1.00000
137.6 40.50000 14 1.00000
137.7 40.50000 14 1.00000
137.8 40.50000 14 1.00000
137.9 40.50000 14 1.00000
138.0 40.50000 14 1.00000
138.1 40.50000 14 1.00000
138.2 40.50000 14 1.00000
138.3 40.50000 14 1.00000
138.4 40.50000 14 1.00000
138.5 40.50000 14 1.00000
138.6 40.50000 14 1.00000
138.7 40.50000 14 1.00000
138.8 40.50000 14 1.00000
138.9 40.50000 14 1.00000
139.0 40.50000 14 1.00000
139.1 40.50000 14 1.00000
139.2 40.50000 14 1.00000
139.3 40.50000 14 1.00000
139.4 40.50000 14 1.00000
139.5 40.50000 14 1.00000
139.6 40.50000 14 1.00000
139.7 40.50000 14 1.00000
139.8 40.50000 14 1.00000
139.9 40.50000 14 1.00000
140.0 40.50000 14 1.00000
140.1 40.50000 14 1.00000
140.2 40.50000 14 1.00000
140.3 40.50000 14 1.00000
140.4 40.50000 14 1.00000
140.5 40.50000 14 1.00000
140.6 40.50000 14 1.00000
140.7 40.50000 14 1.00000
140.8 40.50000 14 1.00000
140.9 40.50000 14 1.00000
141.0 40.50000 14 1.00000
141.1 40.50000 14 1.00000
141.2 40.50000 14 1.00000
141.3 40.50000 14 1.00000
141.4 40.50000 14 1.00000
141.5 40.50000 14 1.00000
141.6 40.50000 14 1.00000
141.7 40.50000 14 1.00000
141.8 40.50000 14 1.00000
141.9 40.50000 14 1.00000
142.0 40.50000 14 1.00000
142.1 40.50000 14 1.00000
142.2 40.50000 14 1.00000
142.3 40.50000 14 1.00000
142.4 40.50000 14 1.00000
142.5 40.50000 14 1.00000
142.6 40.50000 14 1.00000
142.7 40.50000 14 1.00000
142.8 40.50000 14 1.00000
142.9 40.50000 14 1.00000
143.0 40.50000 14 1.00000
143.1 40.50000 14 1.00000
143.2 40.50000 14 1.00000
143.3 40.50000 14 1.00000
143.4 40.50000 14 1.00000
143.5 40.50000 14 1.00000
143.6 40.50000 14 1.00000
143.7 40.50000 14 1.00000
143.8 40.50000 14 1.00000
143.9 40.50000 14 1.00000
144.0 40.50000 14 1.00000
144.1 40.50000 14 1.00000
144.2 40.50000 14 1.00000
144.3 40.50000 14 1.00000
144.4 40.50000 14 1.00000
144.5 40.50000 14 1.00000
144.6 40.50000 14 1.00000
144.7 40.50000 14 1.00000
144.8 40.50000 14 1.00000
144.9 40.50000 14 1.00000
145.0 40.50000 14 1.00000
145.1 40.50000 14 1.00000
145.2 40.50000 14 1.00000
145.3 40.50000 14 1.00000
145.4 40.50000 14 1.00000
145.5 40.50000 14 1.00000
145.6 40.50000 14 1.00000
145.7 40.50000 14 1.00000
145.8 40.50000 14 1.00000
145.9 40.50000 14 1.00000
146.0 40.50000 14 1.00000
146.1 40.50000 14 1.00000
146.2 40.50000 14 1.00000
146.3 40.50000 14 1.00000
146.4 40.50000 14 1.00000
146.5 40.50000 14 1.00000
146.6 40.50000 14 1.00000
146.7 40.50000 14 1.00000
146.8 40.50000 14 1.00000
146.9 40.50000 14 1.00000
147.0 40.50000 14 1.00000
147.1 40.50000 14 1.00000
147.2 40.50000 14 1.00000
147.3 40.50000 14 1.00000
147.4 40.50000 14 1.00000
147.5 40.50000 14 1.00000
147.6 40.50000 14 1.00000
147.7 40.50000 14 1.00000
147.8 40.50000 14 1.00000
147.9 40.50000 14 1.00000
148.0 40.50000 14 1.00000
148.1 40.50000 14 1.00000
148.2 40.50000 14 1.00000
148.3 40.50000 14 1.00000
148.4 40.50000 14 1.00000
148.5 40.50000 14 1.00000
148.6 40.50000 14 1.00000
148.7 40.50000 14 1.00000
148.8 40.50000 14 1.00000
148.9 40.50000 14 1.00000
149.0 40.50000 14 1.00000
149.1 40.50000 14 1.00000
149.2 40.50000 14 1.00000
149.3 40.50000 14 1.00000
149.4 40.50000 14 1.00000
149.5 40.50000 14 1.00000
149.6 40.50000 14 1.00000
149.7 40.50000 14 1.00000
149.8 40.50000 14 1.00000
149.9 40.50000 14 1.00000
150.0 40.50000 14 1.00000
150.1 40.50000 14 1.00000
150.2 40.50000 14 1.00000
150.3 40.50000 14 1.00000
150.4 40.50000 14 1.00000
150.5 40.50000 14 1.00000
150.6 40.50000 14 1.00000
150.7 40.50000 14 1.00000
150.8 40.50000 14 1.00000
150.9 40.50000 14 1.00000
151.0 40.50000 14 1.00000
151.1 40.50000 14 1.00000
151.2 40.50000 14 1.00000
151.3 40.50000 14 1.00000
151.4 40.50000 14 1.00000
151.5 40.50000 14 1.00000
151.6 40.50000 14 1.00000
151.7 40.50000 14 1.00000
151.8 40.50000 14 1.00000
151.9 40.50000 14 1.00000
152.0 40.50000 14 1.00000
152.1 40.50000 14 1.00000
152.2 40.50000 14 1.00000
152.3 40.50000 14 1.00000
152.4 40.50000 14 1.00000
152.5 40.50000 14 1.00000
152.6 40.50000 14 1.00000
152.7 40.50000 14 1.00000
152.8 40.50000 14 1.00000
152.9 40.50000 14 1.00000
153.0 40.50000 14 1.00000
153.1 40.50000 14 1.00000
153.2 40.50000 14 1.00000
153.3 40.50000 14 1.00000
153.4 40.50000 14 1.00000
153.5 40.50000 14 1.00000
153.6 40.50000 14 1.00000
153.7 40.50000 14 1.00000
153.8 40.50000 14 1.00000
153.9 40.50000 14 1.00000
154.0 40.50000 14 1.00000
154.1 40.50000 14 1.00000
154.2 40.50000 14 1.00000
154.3 40.50000 14 1.00000
154.4 40.50000 14 1.00000
154.5 40.50000 14 1.00000
154.6 40.50000 14 1.00000
154.7 40.50000 14 1.00000
154.8 40.50000 14 1.00000
154.9 40.50000 14 1.00000
155.0 40.50000 14 1.00000
155.1 40.50000 14 1.00000
155.2 40.50000 14 1.00000
155.3 40.50000 14 1.00000
155.4 40.50000 14 1.00000
155.5 40.50000 14 1.00000
155.6 40.50000 14 1.00000
155.7 40.50000 14 1.00000
155.8 40.50000 14 1.00000
155.9 40.50000 14 1.00000
156.0 40.50000 14 1.00000
156.1 40.50000 14 1.00000
156.2 40.50000 14 1.00000
156.3 40.50000 14 1.00000
156.4 40.50000 14 1.00000
156.5 40.50000 14 1.00000
156.6 40.50000 14 1.00000
156.7 40.50000 14 1.00000
156.8 40.50000 14 1.00000
156.9 40.50000 14 1.00000
157.0 40.50000 14 1.00000
157.1 40.50000 14 1.00000
157.2 40.50000 14 1.00000
157.3 40.50000 14 1.00000
157.4 40.50000 14 1.00000
157.5 40.50000 14 1.00000
157.6 40.50000 14 1.00000
157.7 40.50000 14 1.00000
157.8 40.50000 14 1.00000
157.9 40.50000 14 1.00000
158.0 40.50000 14 1.00000
158.1 40.50000 14 1.00000
158.2 40.50000 14 1.00000
158.3 40.50000 14 1.00000
158.4 40.50000 14 1.00000
158.5 40.50000 14 1.00000
158.6 40.50000 14 1.00000
158.7 40.50000 14 1.00000
158.8 40.50000 14 1.00000
158.9 40.50000 14 1.00000
159.0 40.50000 14 1.00000
159.1 40.50000 14 1.00000
159.2 40.50000 14 1.00000
159.3 40.50000 14 1.00000
159.4 40.50000 14 1.00000
159.5 40.50000 14 1.00000
159.6 40.50000 14 1.00000
159.7 40.50000 14 1.00000
159.8 40.50000 14 1.00000
159.9 40.50000 14 1.00000
160.0 40.50000 14 1.00000
160.1 40.50000 14 1.00000
160.2 40.50000 14 1.00000
160.3 40.50000 14 1.00000
160.4 40.50000 14 1.00000
160.5 40.50000 14 1.00000
160.6 40.50000 14 1.00000
160.7 40.50000 14 1.00000
160.8 40.50000 14 1.00000
160.9 40.50000 14 1.00000
161.0 40.50000 14 1.00000
161.1 40.50000 14 1.00000
161.2 40.50000 14 1.00000
161.3 40.50000 14 1.00000
161.4 40.50000 14 1.00000
161.5 40.50000 14 1.00000
161.6 40.50000 14 1.00000
161.7 40.50000 14 1.00000
161.8 40.50000 14 1.00000
161.9 40.50000 14 1.00000
162.0 40.50000 14 1.00000
162.1 40.50000 14 1.00000
162.2 40.50000 14 1.00000
162.3 40.50000 14 1.00000
162.4 40.50000 14 1.00000
162.5 40.50000 14 1.00000
162.6 40.50000 14 1.00000
162.7 40.50000 14 1.00000
162.8 40.50000 14 1.00000
162.9 40.50000 14 1.00000
163.0 40.50000 14 1.00000
163.1 40.50000 14 1.00000
163.2 40.50000 14 1.00000
163.3 40.50000 14 1.00000
163.4 40.50000 14 1.00000
163.5 40.50000 14 1.00000
163.6 40.50000 14 1.00000
163.7 40.50000 14 1.00000
163.8 40.50000 14 1.00000
163.9 40.50000 14 1.00000
164.0 40.50000 14 1.00000
164.1 40.50000 14 1.00000
164.2 40.50000 14 1.00000
164.3 40.50000 14 1.00000
164.4 40.50000 14 1.00000
164.5 40.50000 14 1.00000
164.6 40.50000 14 1.00000
164.7 40.50000 14 1.00000
164.8 40.50000 14 1.00000
164.9 40.50000 14 1.00000
165.0 40.50000 14 1.00000
165.1 40.50000 14 1.00000
165.2 40.50000 14 1.00000
165.3 40.50000 14 1.00000
165.4 40.50000 14 1.00000
165.5 40.50000 14 1.00000
165.6 40.50000 14 1.00000
165.7 40.50000 14 1.00000
165.8 40.50000 14 1.00000
165.9 40.50000 14 1.00000
166.0 40.50000 14 1.00000
166.1 40.50000 14 1.00000
166.2 40.50000 14 1.00000
166.3 40.50000 14 1.00000
166.4 40.50000 14 1.00000
166.5 40.50000 14 1.00000
166.6 40.50000 14 1.00000
166.7 40.50000 14 1.00000
166.8 40.50000 14 1.00000
166.9 40.50000 14 1.00000
167.0 40.50000 14 1.00000
167.1 40.50000 14 1.00000
167.2 40.50000 14 1.00000
167.3 40.50000 14 1.00000
167.4 40.50000 14 1.00000
167.5 40.50000 14 1.00000
167.6 40.50000 14 1.00000
167.7 40.50000 14 1.00000
167.8 40.50000 14 1.00000
167.9 40.50000 14 1.00000
168.0 40.50000 14 1.00000
168.1 40.50000 14 1.00000
168.2 40.50000 14 1.00000
168.3 40.50000 14 1.00000
168.4 40.50000 14 1.00000
168.5 40.50000 14 1.00000
168.6 40.50000 14 1.00000
168.7 40.50000 14 1.00000
168.8 40.50000 14 1.00000
168.9 40.50000 14 1.00000
169.0 40.50000 14 1.00000
169.1 40.50000 14 1.00000
169.2 40.50000 14 1.00000
169.3 40.50000 14 1.00000
169.4 40.50000 14 1.00000
169.5 40.50000 14 1.00000
169.6 40.50000 14 1.00000
169.7 40.50000 14 1.00000
169.8 40.50000 14 1.00000
169.9 40.50000 14 1.00000
170.0 40.50000 14 1.00000
170.1 40.50000 14 1.00000
170.2 40.50000 14 1.00000
170.3 40.50000 14 1.00000
170.4 40.50000 14 1.00000
170.5 40.50000 14 1.00000
170.6 40.50000 14 1.00000
170.7 40.50000 14 1.00000
170.8 40.50000 14 1.00000
170.9 40.50000 14 1.00000
171.0 40.50000 14 1.00000
171.1 40.50000 14 1.00000
171.2 40.50000 14 1.00000
171.3 40.50000 14 1.00000
171.4 40.50000 14 1.00000
171.5 40.50000 14 1.00000
171.6 40.50000 14 1.00000
171.7 40.50000 14 1.00000
171.8 40.50000 14 1.00000
171.9 40.50000 14 1.00000
172.0 40.50000 14 1.00000
172.1 40.50000 14 1.00000
172.2 40.50000 14 1.00000
172.3 40.50000 14 1.00000
172.4 40.50000 14 1.00000
172.5 40.50000 14 1.00000
172.6 40.50000 14 1.00000
172.7 40.50000 14 1.00000
172.8 40.50000 14 1.00000
172.9 40.50000 14 1.00000
173.0 40.50000 14 1.00000
173.1 40.50000 14 1.00000
173.2 40.50000 14 1.00000
173.3 40.50000 14 1.00000
173.4 40.50000 14 1.00000
173.5 40.50000 14 1.00000
173.6 40.50000 14 1.00000
173.7 40.50000 14 1.00000
173.8 40.50000 14 1.00000
173.9 40.50000 14 1.00000
174.0 40.50000 14 1.00000
174.1 40.50000 14 1.00000
174.2 40.50000 14 1.00000
174.3 40.50000 14 1.00000
174.4 40.50000 14 1.00000
174.5 40.50000 14 1.00000
174.6 40.50000 14 1.00000
174.7 40.50000 14 1.00000
174.8 40.50000 14 1.00000
174.9 40.50000 14 1.00000
175.0 40.50000 14 1.00000
175.1 40.50000 14 1.00000
175.2 40.50000 14 1.00000
175.3 40.50000 14 1.00000
175.4 40.50000 14 1.00000
175.5 40.50000 14 1.00000
175.6 40.50000 14 1.00000
175.7 40.50000 14 1.00000
175.8 40.50000 14 1.00000
175.9 40.50000 14 1.00000
176.0 40.50000 14 1.00000
176.1 40.50000 14 1.00000
176.2 40.50000 14 1.00000
176.3 40.50000 14 1.00000
176.4 40.50000 14 1.00000
176.5 40.50000 14 1.00000
176.6 40.50000 14 1.00000
176.7 40.50000 14 1.00000
176.8 40.50000 14 1.00000
176.9 40.50000 14 1.00000
177.0 40.50000 14 1.00000
177.1 40.50000 14 1.00000
177.2 40.50000 14 1.00000
177.3 40.50000 14 1.00000
177.4 40.50000 14 1.00000
177.5 40.50000 14 1.00000
177.6 40.50000 14 1.00000
177.7 40.50000 14 1.00000
177.8 40.50000 14 1.00000
177.9 40.50000 14 1.00000
178.0 40.50000 14 1.00000
178.1 40.50000 14 1.00000
178.2 40.50000 14 1.00000
178.3 40.50000 14 1.00000
178.4 40.50000 14 1.00000
178.5 40.50000 14 1.00000
178.6 40.50000 14 1.00000
178.7 40.50000 14 1.00000
178.8 40.50000 14 1.00000
178.9 40.50000 14 1.00000
179.0 40.50000 14 1.00000
179.1 40.50000 14 1.00000
179.2 40.50000 14 1.00000
179.3 40.50000 14 1.00000
179.4 40.50000 14 1.00000
179.5 40.50000 14 1.00000
179.6 40.50000 14 1.00000
179.7 40.50000 14 1.00000
179.8 40.50000 14 1.00000
179.9 40.50000 14 1.00000
180.0 40.50000 14 1.00000
180.1 40.50000 14 1.00000
180.2 40.50000 14 1.00000
180.3 40.50000 14 1.00000
180.4 40.50000 14 1.00000
180.5 40.50000 14 1.00000
180.6 40.50000 14 1.00000
180.7 40.50000 14 1.00000
180.8 40.50000 14 1.00000
180.9 40.50000 14 1.00000
181.0 40.50000 14 1.00000
181.1 40.50000 14 1.00000
181.2 40.50000 14 1.00000
181.3 40.50000 14 1.00000
181.4 40.50000 14 1.00000
181.5 40.50000 14 1.00000
181.6 40.50000 14 1.00000
181.7 40.50000 14 1.00000
181.8 40.50000 14 1.00000
181.9 40.50000 14 1.00000
182.0 40.50000 14 1.00000
182.1 40.50000 14 1.00000
182.2 40.50000 14 1.00000
182.3 40.50000 14 1.00000
182.4 40.50000 14 1.00000
182.5 40.50000 14 1.00000
182.6 40.50000 14 1.00000
182.7 40.50000 14 1.00000
182.8 40.50000 14 1.00000
182.9 40.50000 14 1.00000
183.0 40.50000 14 1.00000
183.1 40.50000 14 1.00000
183.2 40.50000 14 1.00000
183.3 40.50000 14 1.00000
183.4 40.50000 14 1.00000
183.5 40.50000 14 1.00000
183.6 40.50000 14 1.00000
183.7 40.50000 14 1.00000
183.8 40.50000 14 1.00000
183.9 40.50000 14 1.00000
184.0 40.50000 14 1.00000
184.1 40.50000 14 1.00000
184.2 40.50000 14 1.00000
184.3 40.50000 14 1.00000
184.4 40.50000 14 1.00000
184.5 40.50000 14 1.00000
184.6 40.50000 14 1.00000
184.7 40.50000 14 1.00000
184.8 40.50000 14 1.00000
184.9 40.50000 14 1.00000
185.0 40.50000 14 1.00000
185.1 40.50000 14 1.00000
185.2 40.50000 14 1.00000
185.3 40.50000 14 1.00000
185.4 40.50000 14 1.00000
185.5 40.50000 14 1.00000
185.6 40.50000 14 1.00000
185.7 40.50000 14 1.00000
185.8 40.50000 14 1.00000
185.9 40.50000 14 1.00000
186.0 40.50000 14 1.00000
186.1 40.50000 14 1.00000
186.2 40.50000 14 1.00000
186.3 40.50000 14 1.00000
186.4 40.50000 14 1.00000
186.5 40.50000 14 1.00000
186.6 40.50000 14 1.00000
186.7 40.50000 14 1.00000
186.8 40.50000 14 1.00000
186.9 40.50000 14 1.00000
187.0 40.50000 14 1.00000
187.1 40.50000 14 1.00000
187.2 40.50000 14 1.00000
187.3 40.50000 14 1.00000
187.4 40.50000 14 1.00000
187.5 40.50000 14 1.00000
187.6 40.50000 14 1.00000
187.7 40.50000 14 1.00000
187.8 40.50000 14 1.00000
187.9 40.50000 14 1.00000
188.0 40.50000 14 1.00000
188.1 40.50000 14 1.00000
188.2 40.50000 14 1.00000
188.3 40.50000 14 1.00000
188.4 40.50000 14 1.00000
188.5 40.50000 14 1.00000
188.6 40.50000 14 1.00000
188.7 40.50000 14 1.00000
188.8 40.50000 14 1.00000
188.9 40.50000 14 1.00000
189.0 40.50000 14 1.00000
189.1 40.50000 14 1.00000
189.2 40.50000 14 1.00000
189.3 40.50000 14 1.00000
189.4 40.50000 14 1.00000
189.5 40.50000 14 1.00000
189.6 40.50000 14 1.00000
189.7 40.50000 14 1.00000
189.8 40.50000 14 1.00000
189.9 40.50000 14 1.00000
190.0 40.50000 14 1.00000
190.1 40.50000 14 1.00000
190.2 40.50000 14 1.00000
190.3 40.50000 14 1.00000
190.4 40.50000 14 1.00000
190.5 40.50000 14 1.00000
190.6 40.50000 14 1.00000
190.7 40.50000 14 1.00000
190.8 40.50000 14 1.00000
190.9 40.50000 14 1.00000
191.0 40.50000 14 1.00000
191.1 40.50000 14 1.00000
191.2 40.50000 14 1.00000
191.3 40.50000 14 1.00000
191.4 40.50000 14 1.00000
191.5 40.50000 14 1.00000
191.6 40.50000 14 1.00000
191.7 40.50000 14 1.00000
191.8 40.50000 14 1.00000
191.9 40.50000 14 1.00000
192.0 40.50000 14 1.00000
192.1 40.50000 14 1.00000
192.2 40.50000 14 1.00000
192.3 40.50000 14 1.00000
192.4 40.50000 14 1.00000
192.5 40.50000 14 1.00000
192.6 40.50000 14 1.00000
192.7 40.50000 14 1.00000
192.8 40.50000 14 1.00000
192.9 40.50000 14 1.00000
193.0 40.50000 14 1.00000
193.1 40.50000 14 1.00000
193.2 40.50000 14 1.00000
193.3 40.50000 14 1.00000
193.4 40.50000 14 1.00000
193.5 40.50000 14 1.00000
193.6 40.50000 14 1.00000
193.7 40.50000 14 1.00000
193.8 40.50000 14 1.00000
193.9 40.50000 14 1.00000
194.0 40.50000 14 1.00000
194.1 40.50000 14 1.00000
194.2 40.50000 14 1.00000
194.3 40.50000 14 1.00000
194.4 40.50000 14 1.00000
194.5 40.50000 14 1.00000
194.6 40.50000 14 1.00000
194.7 40.50000 14 1.00000
194.8 40.50000 14 1.00000
194.9 40.50000 14 1.00000
195.0 40.50000 14 1.00000
195.1 40.50000 14 1.00000
195.2 40.50000 14 1.00000
195.3 40.50000 14 1.00000
195.4 40.50000 14 1.00000
195.5 40.50000 14 1.00000
195.6 40.50000 14 1.00000
195.7 40.50000 14 1.00000
195.8 40.50000 14 1.00000
195.9 40.50000 14 1.00000
196.0 40.50000 14 1.00000
196.1 40.50000 14 1.00000
196.2 40.50000 14 1.00000
196.3 40.50000 14 1.00000
196.4 40.50000 14 1.00000
196.5 40.50000 14 1.00000
196.6 40.50000 14 1.00000
196.7 40.50000 14 1.00000
196.8 40.50000 14 1.00000
196.9 40.50000 14 1.00000
197.0 40.50000 14 1.00000
197.1 40.50000 14 1.00000
197.2 40.50000 14 1.00000
197.3 40.50000 14 1.00000
197.4 40.50000 14 1.00000
197.5 40.50000 14 1.00000
197.6 40.50000 14 1.00000
197.7 40.50000 14 1.00000
197.8 40.50000 14 1.00000
197.9 40.50000 14 1.00000
198.0 40.50000 14 1.00000
198.1 40.50000 14 1.00000
198.2 40.50000 14 1.00000
198.3 40.50000 14 1.00000
198.4 40.50000 14 1.00000
198.5 40.50000 14 1.00000
198.6 40.50000 14 1.00000
198.7 40.50000 14 1.00000
198.8 40.50000 14 1.00000
198.9 40.50000 14 1.00000
199.0 40.50000 14 1.00000
199.1 40.50000 14 1.00000
199.2 40.50000 14 1.00000
199.3 40.50000 14 1.00000
199.4 40.50000 14 1.00000
199.5 40.50000 14 1.00000
199.6 40.50000 14 1.00000
199.7 40.50000 14 1.00000
199.8 40.50000 14 1.00000
199.9 40.50000 14 1.00000
200.0 40.50000 14 1.00000
200.1 40.50000 14 1.00000
200.2 40.50000 14 1.00000
200.3 40.50000 14 1.00000
200.4 40.50000 14 1.00000
200.5 40.50000 14 1.00000
200.6 40.50000 14 1.00000
200.7 40.50000 14 1.00000
200.8 40.50000 14 1.00000
200.9 40.50000 14 1.00000
201.0 40.50000 14 1.00000
201.1 40.50000 14 1.00000
201.2 40.50000 14 1.00000
201.3 40.50000 14 1.00000
201.4 40.50000 14 1.00000
201.5 40.50000 14 1.00000
201.6 40.50000 14 1.00000
201.7 40.50000 14 1.00000
201.8 40.50000 14 1.00000
201.9 40.50000 14 1.00000
202.0 40.50000 14 1.00000
202.1 40.50000 14 1.00000
202.2 40.50000 14 1.00000
202.3 40.50000 14 1.00000
202.4 40.50000 14 1.00000
202.5 40.50000 14 1.00000
202.6 40.50000 14 1.00000
202.7 40.50000 14 1.00000
202.8 40.50000 14 1.00000
202.9 40.50000 14 1.00000
203.0 40.50000 14 1.00000
203.1 40.50000 14 1.00000
203.2 40.50000 14 1.00000
203.3 40.50000 14 1.00000
203.4 40.50000 14 1.00000
203.5 40.50000 14 1.00000
203.6 40.50000 14 1.00000
203.7 40.50000 14 1.00000
203.8 40.50000 14 1.00000
203.9 40.50000 14 1.00000
204.0 40.50000 14 1.00000
204.1 40.50000 14 1.00000
204.2 40.50000 14 1.00000
204.3 40.50000 14 1.00000
204.4 40.50000 14 1.00000
204.5 40.50000 14 1.00000
204.6 40.50000 14 1.00000
204.7 40.50000 14 1.00000
204.8 40.50000 14 1.00000
204.9 40.50000 14 1.00000
205.0 40.50000 14 1.00000
205.1 40.50000 14 1.00000
205.2 40.50000 14 1.00000
205.3 40.50000 14 1.00000
205.4 40.50000 14 1.00000
205.5 40.50000 14 1.00000
205.6 40.50000 14 1.00000
205.7 40.50000 14 1.00000
205.8 40.50000 14 1.00000
205.9 40.50000 14 1.00000
206.0 40.50000 14 1.00000
206.1 40.50000 14 1.00000
206.2 40.50000 14 1.00000
206.3 40.50000 14 1.00000
206.4 40.50000 14 1.00000
206.5 40.50000 14 1.00000
206.6 40.50000 14 1.00000
206.7 40.50000 14 1.00000
206.8 40.50000 14 1.00000
206.9 40.50000 14 1.00000
207.0 40.50000 14 1.00000
207.1 40.50000 14 1.00000
207.2 40.50000 14 1.00000
207.3 40.50000 14 1.00000
207.4 40.50000 14 1.00000
207.5 40.50000 14 1.00000
207.6 40.50000 14 1.00000
207.7 40.50000 14 1.00000
207.8 40.50000 14 1.00000
207.9 40.50000 14 1.00000
208.0 40.50000 14 1.00000
208.1 40.50000 14 1.00000
208.2 40.50000 14 1.00000
208.3 40.50000 14 1.00000
208.4 40.50000 14 1.00000
208.5 40.50000 14 1.00000
208.6 40.50000 14 1.00000
208.7 40.50000 14 1.00000
208.8 40.50000 14 1.00000
208.9 40.50000 14 1.00000
209.0 40.50000 14 1.00000
209.1 40.50000 14 1.00000
209.2 40.50000 14 1.00000
209.3 40.50000 14 1.00000
209.4 40.50000 14 1.00000
209.5 40.50000 14 1.00000
209.6 40.50000 14 1.00000
209.7 40.50000 14 1.00000
209.8 40.50000 14 1.00000
209.9 40.50000 14 1.00000
210.0 40.50000 14 1.00000
210.1 40.50000 14 1.00000
210.2 40.50000 14 1.00000
210.3 40.50000 14 1.00000
210.4 40.50000 14 1.00000
210.5 40.50000 14 1.00000
210.6 40.50000 14 1.00000
210.7 40.50000 14 1.00000
210.8 40.50000 14 1.00000
210.9 40.50000 14 1.00000
211.0 40.50000 14 1.00000
211.1 40.50000 14 1.00000
211.2 40.50000 14 1.00000
211.3 40.50000 14 1.00000
211.4 40.50000 14 1.00000
211.5 40.50000 14 1.00000
211.6 40.50000 14 1.00000
211.7 40.50000 14 1.00000
211.8 40.50000 14 1.00000
211.9 40.50000 14 1.00000
212.0 40.50000 14 1.00000
212.1 40.50000 14 1.00000
212.2 40.50000 14 1.00000
212.3 40.50000 14 1.00000
212.4 40.50000 14 1.00000
212.5 40.50000 14 1.00000
212.6 40.50000 14 1.00000
212.7 40.50000 14 1.00000
212.8 40.50000 14 1.00000
212.9 40.50000 14 1.00000
213.0 40.50000 14 1.00000
213.1 40.50000 14 1.00000
213.2 40.50000 14 1.00000
213.3 40.50000 14 1.00000
213.4 40.50000 14 1.00000
213.5 40.50000 14 1.00000
213.6 40.50000 14 1.00000
213.7 40.50000 14 1.00000
213.8 40.50000 14 1.00000
213.9 40.50000 14 1.00000
214.0 40.50000 14 1.00000
214.1 40.50000 14 1.00000
214.2 40.50000 14 1.00000
214.3 40.50000 14 1.00000
214.4 40.50000 14 1.00000
214.5 40.50000 14 1.00000
214.6 40.50000 14 1.00000
214.7 40.50000 14 1.00000
214.8 40.50000 14 1.00000
214.9 40.50000 14 1.00000
215.0 40.50000 14 1.00000
215.1 40.50000 14 1.00000
215.2 40.50000 14 1.00000
215.3 40.50000 14 1.00000
215.4 40.50000 14 1.00000
215.5 40.50000 14 1.00000
215.6 40.50000 14 1.00000
215.7 40.50000 14 1.00000
215.8 40.50000 14 1.00000
215.9 40.50000 14 1.00000
216.0 40.50000 14 1.00000
216.1 40.50000 14 1.00000
216.2 40.50000 14 1.00000
216.3 40.50000 14 1.00000
216.4 40.50000 14 1.00000
216.5 40.50000 14 1.00000
216.6 40.50000 14 1.00000
216.7 40.50000 14 1.00000
216.8 40.50000 14 1.00000
216.9 40.50000 14 1.00000
217.0 40.50000 14 1.00000
217.1 40.50000 14 1.00000
217.2 40.50000 14 1.00000
217.3 40.50000 14 1.00000
217.4 40.50000 14 1.00000
217.5 40.50000 14 1.00000
217.6 40.50000 14 1.00000
217.7 40.50000 14 1.00000
217.8 40.50000 14 1.00000
217.9 40.50000 14 1.00000
218.0 40.50000 14 1.00000
218.1 40.50000 14 1.00000
218.2 40.50000 14 1.00000
218.3 40.50000 14 1.00000
218.4 40.50000 14 1.00000
218.5 40.50000 14 1.00000
218.6 40.50000 14 1.00000
218.7 40.50000 14 1.00000
218.8 40.50000 14 1.00000
218.9 40.50000 14 1.00000
219.0 40.50000 14 1.00000
219.1 40.50000 14 1.00000
219.2 40.50000 14 1.00000
219.3 40.50000 14 1.00000
219.4 40.50000 14 1.00000
219.5 40.50000 14 1.00000
219.6 40.50000 14 1.00000
219.7 40.50000 14 1.00000
219.8 40.50000 14 1.00000
219.9 40.50000 14 1.00000
220.0 40.50000 14 1.00000
220.1 40.50000 14 1.00000
220.2 40.50000 14 1.00000
220.3 40.50000 14 1.00000
220.4 40.50000 14 1.00000
220.5 40.50000 14 1.00000
220.6 40.50000 14 1.00000
220.7 40.50000 14 1.00000
220.8 40.50000 14 1.00000
220.9 40.50000 14 1.00000
221.0 40.50000 14 1.00000
221.1 40.50000 14 1.00000
221.2 40.50000 14 1.00000
221.3 40.50000 14 1.00000
221.4 40.50000 14 1.00000
221.5 40.50000 14 1.00000
221.6 40.50000 14 1.00000
221.7 40.50000 14 1.00000
221.8 40.50000 14 1.00000
221.9 40.50000 14 1.00000
222.0 40.50000 14 1.00000
222.1 40.50000 14 1.00000
222.2 40.50000 14 1.00000
222.3 40.50000 14 1.00000
222.4 40.50000 14 1.00000
222.5 40.50000 14 1.00000
222.6 40.50000 14 1.00000
222.7 40.50000 14 1.00000
222.8 40.50000 14 1.00000
222.9 40.50000 14 1.00000
223.0 40.50000 14 1.00000
223.1 40.50000 14 1.00000
223.2 40.50000 14 1.00000
223.3 40.50000 14 1.00000
223.4 40.50000 14 1.00000
223.5 40.50000 14 1.00000
223.6 40.50000 14 1.00000
223.7 40.50000 14 1.00000
223.8 40.50000 14 1.00000
223.9 40.50000 14 1.00000
224.0 40.50000 14 1.00000
224.1 40.50000 14 1.00000
224.2 40.50000 14 1.00000
224.3 40.50000 14 1.00000
224.4 40.50000 14 1.00000
224.5 40.50000 14 1.00000
224.6 40.50000 14 1.00000
224.7 40.50000 14 1.00000
224.8 40.50000 14 1.00000
224.9 40.50000 14 1.00000
225.0 40.50000 14 1.00000
225.1 40.50000 14 1.00000
225.2 40.50000 14 1.00000
225.3 40.50000 14 1.00000
225.4 40.50000 14 1.00000
225.5 40.50000 14 1.00000
225.6 40.50000 14 1.00000
225.7 40.50000 14 1.00000
225.8 40.50000 14 1.00000
225.9 40.50000 14 1.00000
226.0 40.50000 14 1.00000
226.1 40.50000 14 1.00000
226.2 40.50000 14 1.00000
226.3 40.50000 14 1.00000
226.4 40.50000 14 1.00000
226.5 40.50000 14 1.00000
226.6 40.50000 14 1.00000
226.7 40.50000 14 1.00000
226.8 40.50000 14 1.00000
226.9 40.50000 14 1.00000
227.0 40.50000 14 1.00000
227.1 40.50000 14 1.00000
227.2 40.50000 14 1.00000
227.3 40.50000 14 1.00000
227.4 40.50000 14 1.00000
227.5 40.50000 14 1.00000
227.6 40.50000 14 1.00000
227.7 40.50000 14 1.00000
227.8 40.50000 14 1.00000
227.9 40.50000 14 1.00000
228.0 40.50000 14 1.00000
228.1 40.50000 14 1.00000
228.2 40.50000 14 1.00000
228.3 40.50000 14 1.00000
228.4 40.50000 14 1.00000
228.5 40.50000 14 1.00000
228.6 40.50000 14 1.00000
228.7 40.50000 14 1.00000
228.8 40.50000 14 1.00000
228.9 40.50000 14 1.00000
229.0 40.50000 14 1.00000
229.1 40.50000 14 1.00000
229.2 40.50000 14 1.00000
229.3 40.50000 14 1.00000
229.4 40.50000 14 1.00000
229.5 40.50000 14 1.00000
229.6 40.50000 14 1.00000
229.7 40.50000 14 1.00000
229.8 40.50000 14 1.00000
229.9 40.50000 14 1.00000
230.0 40.50000 14 1.00000
230.1 40.50000 14 1.00000
230.2 40.50000 14 1.00000
230.3 40.50000 14 1.00000
230.4 40.50000 14 1.00000
230.5 40.50000 14 1.00000
230.6 40.50000 14 1.00000
230.7 40.50000 14 1.00000
230.8 40.50000 14 1.00000
230.9 40.50000 14 1.00000
231.0 40.50000 14 1.00000
231.1 40.50000 14 1.00000
231.2 40.50000 14 1.00000
231.3 40.50000 14 1.00000
231.4 40.50000 14 1.00000
231.5 40.50000 14 1.00000
231.6 40.50000 14 1.00000
231.7 40.50000 14 1.00000
231.8 40.50000 14 1.00000
231.9 40.50000 14 1.00000
232.0 40.50000 14 1.00000
232.1 40.50000 14 1.00000
232.2 40.50000 14 1.00000
232.3 40.50000 14 1.00000
232.4 40.50000 14 1.00000
232.5 40.50000 14 1.00000
232.6 40.50000 14 1.00000
232.7 40.50000 14 1.00000
232.8 40.50000 14 1.00000
232.9 40.50000 14 1.00000
233.0 40.50000 14 1.00000
233.1 40.50000 14 1.00000
233.2 40.50000 14 1.00000
233.3 40.50000 14 1.00000
233.4 40.50000 14 1.00000
233.5 40.50000 14 1.00000
233.6 40.50000 14 1.00000
233.7 40.50000 14 1.00000
233.8 40.50000 14 1.00000
233.9 40.50000 14 1.00000
234.0 40.50000 14 1.00000
234.1 40.50000 14 1.00000
234.2 40.50000 14 1.00000
234.3 40.50000 14 1.00000
234.4 40.50000 14 1.00000
234.5 40.50000 14 1.00000
234.6 40.50000 14 1.00000
234.7 40.50000 14 1.00000
234.8 40.50000 14 1.00000
234.9 40.50000 14 1.00000
235.0 40.50000 14 1.00000
235.1 40.50000 14 1.00000
235.2 40.50000 14 1.00000
235.3 40.50000 14 1.00000
235.4 40.50000 14 1.00000
235.5 40.50000 14 1.00000
235.6 40.50000 14 1.00000
235.7 40.50000 14 1.00000
235.8 40.50000 14 1.00000
235.9 40.50000 14 1.00000
236.0 40.50000 14 1.00000
236.1 40.50000 14 1.00000
236.2 40.50000 14 1.00000
236.3 40.50000 14 1.00000
236.4 40.50000 14 1.00000
236.5 40.50000 14 1.00000
236.6 40.50000 14 1.00000
236.7 40.50000 14 1.00000
236.8 40.50000 14 1.00000
236.9 40.50000 14 1.00000
237.0 40.50000 14 1.00000
237.1 40.50000 14 1.00000
237.2 40.50000 14 1.00000
237.3 40.50000 14 1.00000
237.4 40.50000 14 1.00000
237.5 40.50000 14 1.00000
237.6 40.50000 14 1.00000
237.7 40.50000 14 1.00000
237.8 40.50000 14 1.00000
237.9 40.50000 14 1.00000
238.0 40.50000 14 1.00000
238.1 40.50000 14 1.00000
238.2 40.50000 14 1.00000
238.3 40.50000 14 1.00000
238.4 40.50000 14 1.00000
238.5 40.50000 14 1.00000
238.6 40.50000 14 1.00000
238.7 40.50000 14 1.00000
238.8 40.50000 14 1.00000
238.9 40.50000 14 1.00000
239.0 40.50000 14 1.00000
239.1 40.50000 14 1.00000
239.2 40.50000 14 1.00000
239.3 40.50000 14 1.00000
239.4 40.50000 14 1.00000
239.5 40.50000 14 1.00000
239.6 40.50000 14 1.00000
239.7 40.50000 14 1.00000
239.8 40.50000 14 1.00000
239.9 40.50000 14 1.00000
240.0 40.50000 14 1.00000
240.1 40.50000 14 1.00000
240.2 40.50000 14 1.00000
240.3 40.50000 14 1.00000
240.4 40.50000 14 1.00000
240.5 40.50000 14 1.00000
240.6 40.50000 14 1.00000
240.7 40.50000 14 1.00000
240.8 40.50000 14 1.00000
240.9 40.50000 14 1.00000
241.0 40.50000 14 1.00000
241.1 40.50000 14 1.00000
241.2 40.50000 14 1.00000
241.3 40.50000 14 1.00000
241.4 40.50000 14 1.00000
241.5 40.50000 14 1.00000
241.6 40.50000 14 1.00000
241.7 40.50000 14 1.00000
241.8 40.50000 14 1.00000
241.9 40.50000 14 1.00000
242.0 40.50000 14 1.00000
242.1 40.50000 14 1.00000
242.2 40.50000 14 1.00000
242.3 40.50000 14 1.00000
242.4 40.50000 14 1.00000
242.5 40.50000 14 1.00000
242.6 40.50000 14 1.00000
242.7 40.50000 14 1.00000
242.8 40.50000 14 1.00000
242.9 40.50000 14 1.00000
243.0 40.50000 14 1.00000
243.1 40.50000 14 1.00000
243.2 40.50000 14 1.00000
243.3 40.50000 14 1.00000
243.4 40.50000 14 1.00000
243.5 40.50000 14 1.00000
243.6 40.50000 14 1.00000
243.7 40.50000 14 1.00000
243.8 40.50000 14 1.00000
243.9 40.50000 14 1.00000
244.0 40.50000 14 1.00000
244.1 40.50000 14 1.00000
244.2 40.50000 14 1.00000
244.3 40.50000 14 1.00000
244.4 40.50000 14 1.00000
244.5 40.50000 14 1.00000
244.6 40.50000 14 1.00000
244.7 40.50000 14 1.00000
244.8 40.50000 14 1.00000
244.9 40.50000 14 1.00000
245.0 40.50000 14 1.00000
245.1 40.50000 14 1.00000
245.2 40.50000 14 1.00000
245.3 40.50000 14 1.00000
245.4 40.50000 14 1.00000
245.5 40.50000 14 1.00000
245.6 40.50000 14 1.00000
245.7 40.50000 14 1.00000
245.8 40.50000 14 1.00000
245.9 40.50000 14 1.00000
246.0 40.50000 14 1.00000
246.1 40.50000 14 1.00000
246.2 40.50000 14 1.00000
246.3 40.50000 14 1.00000
246.4 40.50000 14 1.00000
246.5 40.50000 14 1.00000
246.6 40.50000 14 1.00000
246.7 40.50000 14 1.00000
246.8 40.50000 14 1.00000
246.9 40.50000 14 1.00000
247.0 40.50000 14 1.00000
247.1 40.50000 14 1.00000
247.2 40.50000 14 1.00000
247.3 40.50000 14 1.00000
247.4 40.50000 14 1.00000
247.5 40.50000 14 1.00000
247.6 40.50000 14 1.00000
247.7 40.50000 14 1.00000
247.8 40.50000 14 1.00000
247.9 40.50000 14 1.00000
248.0 40.50000 14 1.00000
248.1 40.50000 14 1.00000
248.2 40.50000 14 1.00000
248.3 40.50000 14 1.00000
248.4 40.50000 14 1.00000
248.5 40.50000 14 1.00000
248.6 40.50000 14 1.00000
248.7 40.50000 14 1.00000
248.8 40.50000 14 1.00000
248.9 40.50000 14 1.00000
249.0 40.50000 14 1.00000
249.1 40.50000 14 1.00000
249.2 40.50000 14 1.00000
249.3 40.50000 14 1.00000
249.4 40.50000 14 1.00000
249.5 40.50000 14 1.00000
249.6 40.50000 14 1.00000
249.7 40.50000 14 1.00000
249.8 40.50000 14 1.00000
249.9 40.50000 14 1.00000
250.0 40.50000 14 1.00000
