15.0 2.31664 13 0.10691
15.1 2.36085 13 0.11062
15.2 2.40548 13 0.11434
15.3 2.45052 13 0.11807
15.4 2.49596 13 0.12181
15.5 2.55584 14 0.12556
15.6 2.61944 14 0.12927
15.7 2.68302 14 0.13304
15.8 2.74775 14 0.13683
15.9 2.81364 14 0.14062
16.0 2.88070 14 0.14443
16.1 2.94895 14 0.14824
16.2 3.01839 14 0.15207
16.3 3.08904 14 0.15590
16.4 3.16090 14 0.15975
16.5 3.23400 14 0.16360
16.6 3.30835 14 0.16746
16.7 3.38395 14 0.17134
16.8 3.46082 14 0.17522
16.9 3.53897 14 0.17911
17.0 3.61841 14 0.18301
17.1 3.69916 14 0.18691
17.2 3.78122 14 0.19083
17.3 3.86460 14 0.19475
17.4 3.94933 14 0.19868
17.5 4.02612 14 0.20262
17.6 4.09940 14 0.20657
17.7 4.17687 14 0.21048
17.8 4.25185 14 0.21444
17.9 4.32763 14 0.21841
18.0 4.40420 14 0.22239
18.1 4.48156 14 0.22638
18.2 4.55971 14 0.23037
18.3 4.63866 14 0.23437
18.4 4.71840 14 0.23838
18.5 4.79893 14 0.24240
18.6 4.90805 14 0.24830
18.7 5.03027 14 0.25501
18.8 5.15462 14 0.26179
18.9 5.28112 14 0.26864
19.0 5.40979 14 0.27556
19.1 5.54067 14 0.28254
19.2 5.67377 14 0.28960
19.3 5.80912 14 0.29673
19.4 5.94674 14 0.30392
19.5 6.08666 14 0.31119
19.6 6.22891 14 0.31853
19.7 6.37350 14 0.32595
19.8 6.52047 14 0.33343
19.9 6.66985 14 0.34099
20.0 6.82165 14 0.34863
20.1 6.97591 14 0.35634
20.2 7.19216 14 0.36426
20.3 7.35065 14 0.37212
20.4 7.51168 14 0.38005
20.5 7.67526 14 0.38806
20.6 7.77099 14 0.39191
20.7 7.86504 14 0.39562
20.8 7.95985 14 0.39934
20.9 8.05544 14 0.40307
21.0 8.15180 14 0.40681
21.1 8.24884 14 0.41057
21.2 8.34700 14 0.41433
21.3 8.44558 14 0.41811
21.4 8.54486 14 0.42189
21.5 8.64479 14 0.42569
21.6 8.74533 14 0.42950
21.7 8.83351 14 0.43336
21.8 8.93548 14 0.43719
21.9 9.03816 14 0.44104
22.0 9.14240 14 0.44489
22.1 9.24654 14 0.44876
22.2 9.35144 14 0.45264
22.3 9.45713 14 0.45652
22.4 9.56358 14 0.46042
22.5 9.65597 14 0.46437
22.6 9.76372 14 0.46830
22.7 9.87200 14 0.47223
22.8 9.98114 14 0.47618
22.9 10.09210 14 0.48013
23.0 10.20292 14 0.48410
23.1 10.31451 14 0.48808
23.2 10.42678 14 0.49207
23.3 10.53954 14 0.49608
23.4 10.63638 14 0.50013
23.5 10.75063 14 0.50416
23.6 10.86566 14 0.50819
23.7 10.98144 14 0.51225
23.8 11.09940 14 0.51631
23.9 11.21652 14 0.52038
24.0 11.33452 14 0.52447
24.1 11.45331 14 0.52857
24.2 11.57288 14 0.53268
24.3 11.67423 14 0.53683
24.4 11.79519 14 0.54096
24.5 11.91669 14 0.54511
24.6 12.03891 14 0.54927
24.7 12.16348 14 0.55344
24.8 12.28742 14 0.55762
24.9 12.41216 14 0.56181
25.0 12.53765 14 0.56602
25.1 12.64269 14 0.57027
25.2 12.76922 14 0.57450
25.3 12.89658 14 0.57874
25.4 13.02470 14 0.58300
25.5 13.15381 14 0.58727
25.6 13.28520 14 0.59154
25.7 13.41588 14 0.59584
25.8 13.54733 14 0.60014
25.9 13.67918 14 0.60446
26.0 13.78793 14 0.60882
26.1 13.92119 14 0.61316
26.2 14.05523 14 0.61752
26.3 14.19005 14 0.62188
26.4 14.32577 14 0.62626
26.5 14.46428 14 0.63066
26.6 14.60132 14 0.63506
26.7 14.73919 14 0.63948
26.8 14.87777 14 0.64391
26.9 14.99020 14 0.64838
27.0 15.13013 14 0.65284
27.1 15.27083 14 0.65731
27.2 15.41233 14 0.66179
27.3 15.55463 14 0.66629
27.4 15.69984 14 0.67080
27.5 15.84352 14 0.67532
27.6 15.98796 14 0.67986
27.7 16.13318 14 0.68441
27.8 16.24891 14 0.68899
27.9 16.39552 14 0.69356
28.0 16.54286 14 0.69815
28.1 16.69104 14 0.70275
28.2 16.83943 14 0.70737
28.3 16.99164 14 0.71199
28.4 17.14192 14 0.71664
28.5 17.29299 14 0.72129
28.6 17.44487 14 0.72596
28.7 17.56349 14 0.73066
28.8 17.71670 14 0.73536
28.9 17.87065 14 0.74007
29.0 18.02489 14 0.74479
29.1 18.17996 14 0.74953
29.2 18.33865 14 0.75428
29.3 18.49590 14 0.75904
29.4 18.65354 14 0.76382
29.5 18.81199 14 0.76861
29.6 18.93299 14 0.77343
29.7 19.09272 14 0.77825
29.8 19.25299 14 0.78309
29.9 19.41365 14 0.78793
30.0 19.57511 14 0.79280
30.1 19.73821 14 0.79767
30.2 19.90446 14 0.80256
30.3 20.06857 14 0.80747
30.4 20.23349 14 0.81239
30.5 20.35622 14 0.81733
30.6 20.52210 14 0.82228
30.7 20.68873 14 0.82724
30.8 20.85618 14 0.83222
30.9 21.02374 14 0.83721
31.0 21.19230 14 0.84221
31.1 21.36631 14 0.84723
31.2 21.53679 14 0.85227
31.3 21.70788 14 0.85731
31.4 21.83149 14 0.86239
31.5 22.00365 14 0.86746
31.6 22.17655 14 0.87256
31.7 22.35026 14 0.87767
31.8 22.52466 14 0.88279
31.9 22.69921 14 0.88793
32.0 22.87818 14 0.89308
32.1 23.05643 14 0.89824
32.2 23.23353 14 0.90343
32.3 23.41141 14 0.90862
32.4 23.53562 14 0.91384
32.5 23.71465 14 0.91907
32.6 23.89441 14 0.92431
32.7 24.07491 14 0.92957
32.8 24.25617 14 0.93484
32.9 24.43862 14 0.94013
33.0 24.62580 14 0.94543
33.1 24.80885 14 0.95075
33.2 24.99264 14 0.95609
33.3 25.11608 14 0.96144
33.4 25.30099 14 0.96681
33.5 25.48666 14 0.97219
33.6 25.67303 14 0.97759
33.7 25.86009 14 0.98300
33.8 26.04770 14 0.98843
33.9 26.24010 14 0.99387
34.0 26.43199 14 0.99933
34.1 26.49992 14 1.00000
34.2 26.48290 14 1.00000
34.3 26.53369 14 1.00000
34.4 26.58437 14 1.00000
34.5 26.63474 14 1.00000
34.6 26.68479 14 1.00000
34.7 26.73421 14 1.00000
34.8 26.78340 14 1.00000
34.9 26.83984 14 1.00000
35.0 26.88899 14 1.00000
35.1 26.80928 14 1.00000
35.2 26.78526 14 1.00000
35.3 26.83322 14 1.00000
35.4 26.88107 14 1.00000
35.5 26.78697 14 1.00000
35.6 26.83443 14 1.00000
35.7 26.88145 14 1.00000
35.8 26.92833 14 1.00000
35.9 26.98300 14 1.00000
36.0 26.88644 14 1.00000
36.1 26.85448 14 1.00000
36.2 26.90114 14 1.00000
36.3 26.94776 14 1.00000
36.4 26.99364 14 1.00000
36.5 25.60049 14 1.00000
36.6 24.25970 14 1.00000
36.7 21.64446 14 1.00000
36.8 20.43654 14 1.00000
36.9 17.35380 14 1.00000
37.0 16.05753 14 1.00000
37.1 13.77772 14 1.00000
37.2 13.81937 14 1.00000
37.3 13.70192 14 1.00000
37.4 13.67856 14 1.00000
37.5 13.70485 14 1.00000
37.6 13.59361 14 1.00000
37.7 13.56457 14 1.00000
37.8 13.57821 14 1.00000
37.9 13.49104 14 1.00000
38.0 13.43399 14 1.00000
38.1 13.46902 14 1.00000
38.2 13.43147 14 1.00000
38.3 13.38871 14 1.00000
38.4 13.34859 14 1.00000
38.5 13.29462 14 1.00000
38.6 13.24721 14 1.00000
38.7 13.16753 14 0.99831
38.8 13.10149 14 0.99519
38.9 13.16747 14 0.99831
39.0 13.22063 14 1.00000
39.1 13.25322 14 1.00000
39.2 13.28539 14 1.00000
39.3 13.31778 14 1.00000
39.4 13.34670 14 1.00000
39.5 13.37942 14 1.00000
39.6 13.41171 14 1.00000
39.7 13.44351 14 1.00000
39.8 13.47246 14 1.00000
39.9 13.50532 14 1.00000
40.0 13.53763 14 1.00000
40.1 13.56956 14 1.00000
40.2 13.59799 14 1.00000
40.3 13.63084 14 1.00000
40.4 13.66335 14 1.00000
40.5 13.69024 14 1.00000
40.6 13.72330 14 1.00000
40.7 13.75615 14 1.00000
40.8 13.78268 14 1.00000
40.9 13.81518 14 1.00000
41.0 13.76881 14 1.00000
41.1 13.73582 14 1.00000
41.2 13.74796 14 1.00000
41.3 13.62891 14 1.00000
41.4 13.66037 14 1.00000
41.5 13.70400 14 1.00000
41.6 13.85298 14 1.00000
41.7 13.88753 14 1.00000
41.8 13.92186 14 1.00000
41.9 13.95391 14 1.00000
42.0 13.98531 14 1.00000
42.1 14.01678 14 1.00000
42.2 14.04800 14 1.00000
42.3 14.07889 14 1.00000
42.4 14.10922 14 1.00000
42.5 14.13929 14 1.00000
42.6 14.18107 14 1.00000
42.7 14.22502 14 1.00000
42.8 14.37123 14 1.00000
42.9 14.40716 14 1.00000
43.0 14.44298 14 1.00000
43.1 14.47374 14 1.00000
43.2 14.50575 14 1.00000
43.3 14.53762 14 1.00000
43.4 14.56919 14 1.00000
43.5 14.60025 14 1.00000
43.6 14.63067 14 1.00000
43.7 14.66135 14 1.00000
43.8 14.70519 14 1.00000
43.9 14.74943 14 1.00000
44.0 14.80336 14 1.00000
44.1 14.86578 14 1.00000
44.2 14.97097 14 1.00000
44.3 15.00509 14 1.00000
44.4 15.03684 14 1.00000
44.5 15.06913 14 1.00000
44.6 15.10127 14 1.00000
44.7 15.13311 14 1.00000
44.8 15.16407 14 1.00000
44.9 15.19456 14 1.00000
45.0 15.23250 14 1.00000
45.1 15.27702 14 1.00000
45.2 15.32158 14 1.00000
45.3 15.39150 14 1.00000
45.4 15.44847 14 1.00000
45.5 15.54337 14 1.00000
45.6 15.58039 14 1.00000
45.7 15.61193 14 1.00000
45.8 15.64495 14 1.00000
45.9 15.67719 14 1.00000
46.0 15.70945 14 1.00000
46.1 15.74097 14 1.00000
46.2 15.77147 14 1.00000
46.3 15.80761 14 1.00000
46.4 15.86833 14 1.00000
46.5 15.93174 14 1.00000
46.6 15.98709 14 1.00000
46.7 16.03697 14 1.00000
46.8 16.08191 14 1.00000
46.9 16.16504 14 1.00000
47.0 16.19946 14 1.00000
47.1 16.23244 14 1.00000
47.2 16.26548 14 1.00000
47.3 16.29851 14 1.00000
47.4 16.33070 14 1.00000
47.5 16.36243 14 1.00000
47.6 16.39300 14 1.00000
47.7 16.43117 14 1.00000
47.8 16.49524 14 1.00000
47.9 16.55825 14 1.00000
48.0 16.61395 14 1.00000
48.1 16.66458 14 1.00000
48.2 16.71032 14 1.00000
48.3 16.79631 14 1.00000
48.4 16.83328 14 1.00000
48.5 16.86572 14 1.00000
48.6 16.89935 14 1.00000
48.7 16.93246 14 1.00000
48.8 16.96517 14 1.00000
48.9 16.99718 14 1.00000
49.0 17.02868 14 1.00000
49.1 17.06030 14 1.00000
49.2 17.10271 14 1.00000
49.3 17.17364 14 1.00000
49.4 17.23495 14 1.00000
49.5 17.28990 14 1.00000
49.6 17.33977 14 1.00000
49.7 17.38543 14 1.00000
49.8 17.47455 14 1.00000
49.9 17.51322 14 1.00000
50.0 17.54610 14 1.00000
50.1 17.58382 14 1.00000
50.2 17.62057 14 1.00000
50.3 17.66299 14 1.00000
50.4 17.69819 14 1.00000
50.5 17.74395 14 1.00000
50.6 17.77783 14 1.00000
50.7 17.82670 14 1.00000
50.8 17.85897 14 1.00000
50.9 17.90970 14 1.00000
51.0 17.94086 14 1.00000
51.1 17.99416 14 1.00000
51.2 18.02205 14 1.00000
51.3 18.07988 14 1.00000
51.4 18.13592 14 1.00000
51.5 18.16454 14 1.00000
51.6 18.22302 14 1.00000
51.7 18.24791 14 1.00000
51.8 18.30882 14 1.00000
51.9 18.33516 14 1.00000
52.0 18.39259 14 1.00000
52.1 18.45638 14 1.00000
52.2 18.47514 14 1.00000
52.3 18.53983 14 1.00000
52.4 18.60264 14 1.00000
52.5 18.62059 14 1.00000
52.6 18.68603 14 1.00000
52.7 18.74936 14 1.00000
52.8 18.76578 14 1.00000
52.9 18.83060 14 1.00000
53.0 18.89681 14 1.00000
53.1 18.90884 14 1.00000
53.2 18.97572 14 1.00000
53.3 19.04129 14 1.00000
53.4 19.05140 14 1.00000
53.5 19.11819 14 1.00000
53.6 19.18442 14 1.00000
53.7 19.19097 14 1.00000
53.8 19.25686 14 1.00000
53.9 19.32560 14 1.00000
54.0 19.34674 14 1.00000
54.1 19.39594 14 1.00000
54.2 19.46342 14 1.00000
54.3 19.52908 14 1.00000
54.4 19.53018 14 1.00000
54.5 19.59721 14 1.00000
54.6 19.66404 14 1.00000
54.7 19.66306 14 1.00000
54.8 19.72884 14 1.00000
54.9 19.79820 14 1.00000
55.0 19.80070 14 1.00000
55.1 19.84265 14 1.00000
55.2 19.92486 14 1.00000
55.3 19.93480 14 1.00000
55.4 19.98448 14 1.00000
55.5 20.01886 14 1.00000
55.6 20.11796 14 1.00000
55.7 20.12205 14 1.00000
55.8 20.16790 14 1.00000
55.9 20.19578 14 1.00000
56.0 20.30565 14 1.00000
56.1 20.30699 14 1.00000
56.2 20.35110 14 1.00000
56.3 20.37971 14 1.00000
56.4 20.37727 14 1.00000
56.5 20.49096 14 1.00000
56.6 20.53757 14 1.00000
56.7 20.56953 14 1.00000
56.8 20.56707 14 1.00000
56.9 20.66255 14 1.00000
57.0 20.72394 14 1.00000
57.1 20.76294 14 1.00000
57.2 20.78546 14 1.00000
57.3 20.78799 14 1.00000
57.4 20.83412 14 1.00000
57.5 20.95485 14 1.00000
57.6 20.98986 14 1.00000
57.7 20.99104 14 1.00000
57.8 21.01866 14 1.00000
57.9 21.08535 14 1.00000
58.0 21.18659 14 1.00000
58.1 21.22333 14 1.00000
58.2 21.22462 14 1.00000
58.3 21.24991 14 1.00000
58.4 21.31244 14 1.00000
58.5 21.34229 14 1.00000
58.6 21.46088 14 1.00000
58.7 21.48854 14 1.00000
58.8 21.48604 14 1.00000
58.9 21.52968 14 1.00000
59.0 21.60345 14 1.00000
59.1 21.62123 14 1.00000
59.2 21.73593 14 1.00000
59.3 21.76102 14 1.00000
59.4 21.76003 14 1.00000
59.5 21.81023 14 1.00000
59.6 21.88321 14 1.00000
59.7 21.95618 14 1.00000
59.8 22.01985 14 1.00000
59.9 22.04828 14 1.00000
60.0 22.04490 14 1.00000
60.1 22.08490 14 1.00000
60.2 22.15156 14 1.00000
60.3 22.22092 14 1.00000
60.4 22.23790 14 1.00000
60.5 22.34272 14 1.00000
60.6 22.36844 14 1.00000
60.7 22.36710 14 1.00000
60.8 22.41081 14 1.00000
60.9 22.47705 14 1.00000
61.0 22.54988 14 1.00000
61.1 22.62307 14 1.00000
61.2 22.67236 14 1.00000
61.3 22.70434 14 1.00000
61.4 22.70384 14 1.00000
61.5 22.73765 14 1.00000
61.6 22.78881 14 1.00000
61.7 22.86095 14 1.00000
61.8 22.93453 14 1.00000
61.9 22.92906 14 1.00000
62.0 23.04942 14 1.00000
62.1 23.08063 14 1.00000
62.2 23.07913 14 1.00000
62.3 23.11173 14 1.00000
62.4 23.15803 14 1.00000
62.5 23.22590 14 1.00000
62.6 23.30068 14 1.00000
62.7 23.34350 14 1.00000
62.8 23.42914 14 1.00000
62.9 23.46961 14 1.00000
63.0 23.49948 14 1.00000
63.1 23.50018 14 1.00000
63.2 23.53343 14 1.00000
63.3 23.57985 14 1.00000
63.4 23.64200 14 1.00000
63.5 23.71615 14 1.00000
63.6 23.72068 14 1.00000
63.7 23.84925 14 1.00000
63.8 23.89913 14 1.00000
63.9 23.93881 14 1.00000
64.0 23.96894 14 1.00000
64.1 23.96943 14 1.00000
64.2 24.00311 14 1.00000
64.3 24.04968 14 1.00000
64.4 24.10267 14 1.00000
64.5 24.17624 14 1.00000
64.6 24.33337 14 1.00000
64.7 24.39402 14 1.00000
64.8 24.37082 14 1.00000
64.9 24.41681 14 1.00000
65.0 24.45709 14 1.00000
65.1 24.49139 14 1.00000
65.2 24.49128 14 1.00000
65.3 24.52114 14 1.00000
65.4 24.56790 14 1.00000
65.5 24.61463 14 1.00000
65.6 24.74751 14 1.00000
65.7 24.83721 14 1.00000
65.8 24.89966 14 1.00000
65.9 24.96556 14 1.00000
66.0 24.93614 14 1.00000
66.1 24.97980 14 1.00000
66.2 25.03033 14 1.00000
66.3 25.06971 14 1.00000
66.4 25.10016 14 1.00000
66.5 25.09785 14 1.00000
66.6 25.13491 14 1.00000
66.7 25.26963 14 1.00000
66.8 25.30951 14 1.00000
66.9 25.37568 14 1.00000
67.0 25.43686 14 1.00000
67.1 25.50224 14 1.00000
67.2 25.56417 14 1.00000
67.3 25.62391 14 1.00000
67.4 25.59578 14 1.00000
67.5 25.64644 14 1.00000
67.6 25.69379 14 1.00000
67.7 25.73869 14 1.00000
67.8 25.77521 14 1.00000
67.9 25.83045 14 1.00000
68.0 25.80739 14 1.00000
68.1 25.87467 14 1.00000
68.2 25.94178 14 1.00000
68.3 26.00131 14 1.00000
68.4 26.06677 14 1.00000
68.5 26.12253 14 1.00000
68.6 26.19125 14 1.00000
68.7 26.25610 14 1.00000
68.8 26.31644 14 1.00000
68.9 26.37248 14 1.00000
69.0 26.43143 14 1.00000
69.1 26.50471 14 1.00000
69.2 26.45244 14 1.00000
69.3 26.55306 14 1.00000
69.4 26.46124 14 1.00000
69.5 26.50606 14 1.00000
69.6 26.55088 14 1.00000
69.7 26.59574 14 1.00000
69.8 26.64792 14 1.00000
69.9 26.71590 14 1.00000
70.0 26.78508 14 1.00000
70.1 26.84372 14 1.00000
70.2 26.90747 14 1.00000
70.3 26.96505 14 1.00000
70.4 27.03213 14 1.00000
70.5 27.08685 14 1.00000
70.6 27.15193 14 1.00000
70.7 27.19178 14 1.00000
70.8 27.10475 14 1.00000
70.9 27.21686 14 1.00000
71.0 27.24596 14 1.00000
71.1 27.23852 14 1.00000
71.2 27.27674 14 1.00000
71.3 27.32196 14 1.00000
71.4 27.36720 14 1.00000
71.5 27.41246 14 1.00000
71.6 27.45772 14 1.00000
71.7 27.51287 14 1.00000
71.8 27.57985 14 1.00000
71.9 27.64670 14 1.00000
72.0 27.70472 14 1.00000
72.1 27.76756 14 1.00000
72.2 27.82631 14 1.00000
72.3 27.87188 14 1.00000
72.4 27.84113 14 1.00000
72.5 28.05875 14 1.00000
72.6 28.00975 14 1.00000
72.7 28.06001 14 1.00000
72.8 28.11084 14 1.00000
72.9 28.15605 14 1.00000
73.0 28.19365 14 1.00000
73.1 28.24055 14 1.00000
73.2 28.27349 14 1.00000
73.3 28.28068 14 1.00000
73.4 28.31291 14 1.00000
73.5 28.34054 14 1.00000
73.6 28.37441 14 1.00000
73.7 28.42016 14 1.00000
73.8 28.46593 14 1.00000
73.9 28.51175 14 1.00000
74.0 28.55758 14 1.00000
74.1 28.60699 14 1.00000
74.2 28.66542 14 1.00000
74.3 28.70337 14 1.00000
74.4 28.78128 14 1.00000
74.5 28.90545 14 1.00000
74.6 28.96767 14 1.00000
74.7 29.01618 14 1.00000
74.8 29.07766 14 1.00000
74.9 29.13133 14 1.00000
75.0 29.18742 14 1.00000
75.1 29.24328 14 1.00000
75.2 29.29516 14 1.00000
75.3 29.35278 14 1.00000
75.4 29.41421 14 1.00000
75.5 29.36101 14 1.00000
75.6 29.41042 14 1.00000
75.7 29.45227 14 1.00000
75.8 29.50648 14 1.00000
75.9 29.55566 14 1.00000
76.0 29.60236 14 1.00000
76.1 29.64001 14 1.00000
76.2 29.77174 14 1.00000
76.3 29.76899 14 1.00000
76.4 29.74007 14 1.00000
76.5 29.71618 14 1.00000
76.6 29.76352 14 1.00000
76.7 29.80997 14 1.00000
76.8 29.85646 14 1.00000
76.9 29.90296 14 1.00000
77.0 29.94949 14 1.00000
77.1 29.99647 14 1.00000
77.2 30.04847 14 1.00000
77.3 30.10515 14 1.00000
77.4 30.16438 14 1.00000
77.5 30.22333 14 1.00000
77.6 30.28273 14 1.00000
77.7 30.34059 14 1.00000
77.8 30.39565 14 1.00000
77.9 30.43803 14 1.00000
78.0 30.50451 14 1.00000
78.1 30.55875 14 1.00000
78.2 30.61020 14 1.00000
78.3 30.66795 14 1.00000
78.4 30.71965 14 1.00000
78.5 30.77257 14 1.00000
78.6 30.82938 14 1.00000
78.7 30.87449 14 1.00000
78.8 30.93326 14 1.00000
78.9 30.98550 14 1.00000
79.0 31.02599 14 1.00000
79.1 31.07537 14 1.00000
79.2 31.06848 14 1.00000
79.3 31.03028 14 1.00000
79.4 31.27569 14 1.00000
79.5 31.33721 14 1.00000
79.6 31.29634 14 1.00000
79.7 31.34172 14 1.00000
79.8 31.38709 14 1.00000
79.9 31.44336 14 1.00000
80.0 31.49620 14 1.00000
80.1 31.54270 14 1.00000
80.2 31.58898 14 1.00000
80.3 31.63029 14 1.00000
80.4 31.68524 14 1.00000
80.5 31.73701 14 1.00000
80.6 31.78740 14 1.00000
80.7 31.83716 14 1.00000
80.8 31.88639 14 1.00000
80.9 31.93530 14 1.00000
81.0 31.98322 14 1.00000
81.1 32.09004 14 1.00000
81.2 32.00813 14 1.00000
81.3 32.11596 14 1.00000
81.4 32.16487 14 1.00000
81.5 32.21346 14 1.00000
81.6 32.26218 14 1.00000
81.7 32.30873 14 1.00000
81.8 32.35600 14 1.00000
81.9 32.40186 14 1.00000
82.0 32.44239 14 1.00000
82.1 32.45810 14 1.00000
82.2 32.50451 14 1.00000
82.3 32.55930 14 1.00000
82.4 32.60756 14 1.00000
82.5 32.65588 14 1.00000
82.6 32.70393 14 1.00000
82.7 32.74946 14 1.00000
82.8 32.79439 14 1.00000
82.9 32.83892 14 1.00000
83.0 32.88263 14 1.00000
83.1 32.92594 14 1.00000
83.2 32.96834 14 1.00000
83.3 33.01622 14 1.00000
83.4 33.06796 14 1.00000
83.5 33.11550 14 1.00000
83.6 33.16301 14 1.00000
83.7 33.21062 14 1.00000
83.8 33.25827 14 1.00000
83.9 33.30518 14 1.00000
84.0 33.35114 14 1.00000
84.1 33.39785 14 1.00000
84.2 33.44465 14 1.00000
84.3 33.49193 14 1.00000
84.4 33.53941 14 1.00000
84.5 33.58680 14 1.00000
84.6 33.63473 14 1.00000
84.7 33.68256 14 1.00000
84.8 33.73050 14 1.00000
84.9 33.77910 14 1.00000
85.0 33.82761 14 1.00000
85.1 33.87623 14 1.00000
85.2 33.92518 14 1.00000
85.3 33.97438 14 1.00000
85.4 34.02414 14 1.00000
85.5 34.07383 14 1.00000
85.6 34.12371 14 1.00000
85.7 34.17387 14 1.00000
85.8 34.22429 14 1.00000
85.9 34.27479 14 1.00000
86.0 34.32561 14 1.00000
86.1 34.37653 14 1.00000
86.2 34.42637 14 1.00000
86.3 34.47585 14 1.00000
86.4 34.52621 14 1.00000
86.5 34.59975 14 1.00000
86.6 34.66546 14 1.00000
86.7 34.74872 14 1.00000
86.8 34.79426 14 1.00000
86.9 34.73956 14 1.00000
87.0 34.79470 14 1.00000
87.1 34.84753 14 1.00000
87.2 34.90170 14 1.00000
87.3 34.95608 14 1.00000
87.4 35.01061 14 1.00000
87.5 35.06423 14 1.00000
87.6 35.11486 14 1.00000
87.7 35.16546 14 1.00000
87.8 35.21605 14 1.00000
87.9 35.26181 14 1.00000
88.0 35.32098 14 1.00000
88.1 35.37734 14 1.00000
88.2 35.43313 14 1.00000
88.3 35.48716 14 1.00000
88.4 35.53600 14 1.00000
88.5 35.57506 14 1.00000
88.6 35.63298 14 1.00000
88.7 35.69372 14 1.00000
88.8 35.75048 14 1.00000
88.9 35.80157 14 1.00000
89.0 35.90617 14 1.00000
89.1 35.76821 14 1.00000
89.2 35.94312 14 1.00000
89.3 36.00120 14 1.00000
89.4 36.04937 14 1.00000
89.5 36.08829 14 1.00000
89.6 36.15133 14 1.00000
89.7 36.20862 14 1.00000
89.8 36.26371 14 1.00000
89.9 36.31332 14 1.00000
90.0 36.36126 14 1.00000
90.1 36.39916 14 1.00000
90.2 36.46025 14 1.00000
90.3 36.51693 14 1.00000
90.4 36.57168 14 1.00000
90.5 36.64276 14 1.00000
90.6 36.68349 14 1.00000
90.7 36.74518 14 1.00000
90.8 36.80127 14 1.00000
90.9 36.85488 14 1.00000
91.0 36.92796 14 1.00000
91.1 36.77638 14 1.00000
91.2 37.00531 14 1.00000
91.3 37.05520 14 1.00000
91.4 37.10301 14 1.00000
91.5 37.14766 14 1.00000
91.6 37.19555 14 1.00000
91.7 37.25129 14 1.00000
91.8 37.30397 14 1.00000
91.9 37.35466 14 1.00000
92.0 37.40393 14 1.00000
92.1 37.45231 14 1.00000
92.2 37.49900 14 1.00000
92.3 37.54321 14 1.00000
92.4 37.60781 14 1.00000
92.5 37.65826 14 1.00000
92.6 37.71112 14 1.00000
92.7 37.76297 14 1.00000
92.8 37.80878 14 1.00000
92.9 37.85163 14 1.00000
93.0 37.88901 14 1.00000
93.1 37.95383 14 1.00000
93.2 38.00642 14 1.00000
93.3 38.04501 14 1.00000
93.4 38.09890 14 1.00000
93.5 38.20776 14 1.00000
93.6 38.22125 14 1.00000
93.7 38.22561 14 1.00000
93.8 38.16224 14 1.00000
93.9 38.33654 14 1.00000
94.0 38.39033 14 1.00000
94.1 38.52222 14 1.00000
94.2 38.55807 14 1.00000
94.3 38.61656 14 1.00000
94.4 38.65820 14 1.00000
94.5 38.69854 14 1.00000
94.6 38.75597 14 1.00000
94.7 38.79467 14 1.00000
94.8 38.84080 14 1.00000
94.9 38.89191 14 1.00000
95.0 38.91679 14 1.00000
95.1 38.97770 14 1.00000
95.2 39.01376 14 1.00000
95.3 39.00773 14 1.00000
95.4 39.14536 14 1.00000
95.5 39.16699 14 1.00000
95.6 39.20556 14 1.00000
95.7 39.26183 14 1.00000
95.8 39.28306 14 1.00000
95.9 39.34923 14 1.00000
96.0 39.37051 14 1.00000
96.1 39.43779 14 1.00000
96.2 39.44008 14 1.00000
96.3 39.52108 14 1.00000
96.4 39.57177 14 1.00000
96.5 39.61504 14 1.00000
96.6 39.65238 14 1.00000
96.7 39.68173 14 1.00000
96.8 39.74757 14 1.00000
96.9 39.79656 14 1.00000
97.0 39.83804 14 1.00000
97.1 39.87869 14 1.00000
97.2 39.91838 14 1.00000
97.3 39.95786 14 1.00000
97.4 39.99661 14 1.00000
97.5 40.03540 14 1.00000
97.6 40.07387 14 1.00000
97.7 40.14557 14 1.00000
97.8 40.22274 14 1.00000
97.9 40.29762 14 1.00000
98.0 40.36538 14 1.00000
98.1 40.41262 14 1.00000
98.2 40.49474 14 1.00000
98.3 40.50000 14 1.00000
98.4 40.50000 14 1.00000
98.5 40.50000 14 1.00000
98.6 40.50000 14 1.00000
98.7 40.50000 14 1.00000
98.8 40.50000 14 1.00000
98.9 40.50000 14 1.00000
99.0 40.50000 14 1.00000
99.1 40.50000 14 1.00000
99.2 40.50000 14 1.00000
99.3 40.50000 14 1.00000
99.4 40.50000 14 1.00000
99.5 40.50000 14 1.00000
99.6 40.50000 14 1.00000
99.7 40.50000 14 1.00000
99.8 40.50000 14 1.00000
99.9 40.50000 14 1.00000
100.0 40.50000 14 1.00000
100.1 40.50000 14 1.00000
100.2 40.50000 14 1.00000
100.3 40.50000 14 1.00000
100.4 40.50000 14 1.00000
100.5 40.50000 14 1.00000
100.6 40.50000 14 1.00000
100.7 40.50000 14 1.00000
100.8 40.50000 14 1.00000
100.9 40.50000 14 1.00000
101.0 40.50000 14 1.00000
101.1 40.50000 14 1.00000
101.2 40.50000 14 1.00000
101.3 40.50000 14 1.00000
101.4 40.50000 14 1.00000
101.5 40.50000 14 1.00000
101.6 40.50000 14 1.00000
101.7 40.50000 14 1.00000
101.8 40.50000 14 1.00000
101.9 40.50000 14 1.00000
102.0 40.50000 14 1.00000
102.1 40.50000 14 1.00000
102.2 40.50000 14 1.00000
102.3 40.50000 14 1.00000
102.4 40.50000 14 1.00000
102.5 40.50000 14 1.00000
102.6 40.50000 14 1.00000
102.7 40.50000 14 1.00000
102.8 40.50000 14 1.00000
102.9 40.50000 14 1.00000
103.0 40.50000 14 1.00000
103.1 40.50000 14 1.00000
103.2 40.50000 14 1.00000
103.3 40.50000 14 1.00000
103.4 40.50000 14 1.00000
103.5 40.50000 14 1.00000
103.6 40.50000 14 1.00000
103.7 40.50000 14 1.00000
103.8 40.50000 14 1.00000
103.9 40.50000 14 1.00000
104.0 40.50000 14 1.00000
104.1 40.50000 14 1.00000
104.2 40.50000 14 1.00000
104.3 40.50000 14 1.00000
104.4 40.50000 14 1.00000
104.5 40.50000 14 1.00000
104.6 40.50000 14 1.00000
104.7 40.50000 14 1.00000
104.8 40.50000 14 1.00000
104.9 40.50000 14 1.00000
105.0 40.50000 14 1.00000
105.1 40.50000 14 1.00000
105.2 40.50000 14 1.00000
105.3 40.50000 14 1.00000
105.4 40.50000 14 1.00000
105.5 40.50000 14 1.00000
105.6 40.50000 14 1.00000
105.7 40.50000 14 1.00000
105.8 40.50000 14 1.00000
105.9 40.50000 14 1.00000
106.0 40.50000 14 1.00000
106.1 40.50000 14 1.00000
106.2 40.50000 14 1.00000
106.3 40.50000 14 1.00000
106.4 40.50000 14 1.00000
106.5 40.50000 14 1.00000
106.6 40.50000 14 1.00000
106.7 40.50000 14 1.00000
106.8 40.50000 14 1.00000
106.9 40.50000 14 1.00000
107.0 40.50000 14 1.00000
107.1 40.50000 14 1.00000
107.2 40.50000 14 1.00000
107.3 40.50000 14 1.00000
107.4 40.50000 14 1.00000
107.5 40.50000 14 1.00000
107.6 40.50000 14 1.00000
107.7 40.50000 14 1.00000
107.8 40.50000 14 1.00000
107.9 40.50000 14 1.00000
108.0 40.50000 14 1.00000
108.1 40.50000 14 1.00000
108.2 40.50000 14 1.00000
108.3 40.50000 14 1.00000
108.4 40.50000 14 1.00000
108.5 40.50000 14 1.00000
108.6 40.50000 14 1.00000
108.7 40.50000 14 1.00000
108.8 40.50000 14 1.00000
108.9 40.50000 14 1.00000
109.0 40.50000 14 1.00000
109.1 40.50000 14 1.00000
109.2 40.50000 14 1.00000
109.3 40.50000 14 1.00000
109.4 40.50000 14 1.00000
109.5 40.50000 14 1.00000
109.6 40.50000 14 1.00000
109.7 40.50000 14 1.00000
109.8 40.50000 14 1.00000
109.9 40.50000 14 1.00000
110.0 40.50000 14 1.00000
110.1 40.50000 14 1.00000
110.2 40.50000 14 1.00000
110.3 40.50000 14 1.00000
110.4 40.50000 14 1.00000
110.5 40.50000 14 1.00000
110.6 40.50000 14 1.00000
110.7 40.50000 14 1.00000
110.8 40.50000 14 1.00000
110.9 40.50000 14 1.00000
111.0 40.50000 14 1.00000
111.1 40.50000 14 1.00000
111.2 40.50000 14 1.00000
111.3 40.50000 14 1.00000
111.4 40.50000 14 1.00000
111.5 40.50000 14 1.00000
111.6 40.50000 14 1.00000
111.7 40.50000 14 1.00000
111.8 40.50000 14 1.00000
111.9 40.50000 14 1.00000
112.0 40.50000 14 1.00000
112.1 40.50000 14 1.00000
112.2 40.50000 14 1.00000
112.3 40.50000 14 1.00000
112.4 40.50000 14 1.00000
112.5 40.50000 14 1.00000
112.6 40.50000 14 1.00000
112.7 40.50000 14 1.00000
112.8 40.50000 14 1.00000
112.9 40.50000 14 1.00000
113.0 40.50000 14 1.00000
113.1 40.50000 14 1.00000
113.2 40.50000 14 1.00000
113.3 40.50000 14 1.00000
113.4 40.50000 14 1.00000
113.5 40.50000 14 1.00000
113.6 40.50000 14 1.00000
113.7 40.50000 14 1.00000
113.8 40.50000 14 1.00000
113.9 40.50000 14 1.00000
114.0 40.50000 14 1.00000
114.1 40.50000 14 1.00000
114.2 40.50000 14 1.00000
114.3 40.50000 14 1.00000
114.4 40.50000 14 1.00000
114.5 40.50000 14 1.00000
114.6 40.50000 14 1.00000
114.7 40.50000 14 1.00000
114.8 40.50000 14 1.00000
114.9 40.50000 14 1.00000
115.0 40.50000 14 1.00000
115.1 40.50000 14 1.00000
115.2 40.50000 14 1.00000
115.3 40.50000 14 1.00000
115.4 40.50000 14 1.00000
115.5 40.50000 14 1.00000
115.6 40.50000 14 1.00000
115.7 40.50000 14 1.00000
115.8 40.50000 14 1.00000
115.9 40.50000 14 1.00000
116.0 40.50000 14 1.00000
116.1 40.50000 14 1.00000
116.2 40.50000 14 1.00000
116.3 40.50000 14 1.00000
116.4 40.50000 14 1.00000
116.5 40.50000 14 1.00000
116.6 40.50000 14 1.00000
116.7 40.50000 14 1.00000
116.8 40.50000 14 1.00000
116.9 40.50000 14 1.00000
117.0 40.50000 14 1.00000
117.1 40.50000 14 1.00000
117.2 40.50000 14 1.00000
117.3 40.50000 14 1.00000
117.4 40.50000 14 1.00000
117.5 40.50000 14 1.00000
117.6 40.50000 14 1.00000
117.7 40.50000 14 1.00000
117.8 40.50000 14 1.00000
117.9 40.50000 14 1.00000
118.0 40.50000 14 1.00000
118.1 40.50000 14 1.00000
118.2 40.50000 14 1.00000
118.3 40.50000 14 1.00000
118.4 40.50000 14 1.00000
118.5 40.50000 14 1.00000
118.6 40.50000 14 1.00000
118.7 40.50000 14 1.00000
118.8 40.50000 14 1.00000
118.9 40.50000 14 1.00000
119.0 40.50000 14 1.00000
119.1 40.50000 14 1.00000
119.2 40.50000 14 1.00000
119.3 40.50000 14 1.00000
119.4 40.50000 14 1.00000
119.5 40.50000 14 1.00000
119.6 40.50000 14 1.00000
119.7 40.50000 14 1.00000
119.8 40.50000 14 1.00000
119.9 40.50000 14 1.00000
120.0 40.50000 14 1.00000
120.1 40.50000 14 1.00000
120.2 40.50000 14 1.00000
120.3 40.50000 14 1.00000
120.4 40.50000 14 1.00000
120.5 40.50000 14 1.00000
120.6 40.50000 14 1.00000
120.7 40.50000 14 1.00000
120.8 40.50000 14 1.00000
120.9 40.50000 14 1.00000
121.0 40.50000 14 1.00000
121.1 40.50000 14 1.00000
121.2 40.50000 14 1.00000
121.3 40.50000 14 1.00000
121.4 40.50000 14 1.00000
121.5 40.50000 14 1.00000
121.6 40.50000 14 1.00000
121.7 40.50000 14 1.00000
121.8 40.50000 14 1.00000
121.9 40.50000 14 1.00000
122.0 40.50000 14 1.00000
122.1 40.50000 14 1.00000
122.2 40.50000 14 1.00000
122.3 40.50000 14 1.00000
122.4 40.50000 14 1.00000
122.5 40.50000 14 1.00000
122.6 40.50000 14 1.00000
122.7 40.50000 14 1.00000
122.8 40.50000 14 1.00000
122.9 40.50000 14 1.00000
123.0 40.50000 14 1.00000
123.1 40.50000 14 1.00000
123.2 40.50000 14 1.00000
123.3 40.50000 14 1.00000
123.4 40.50000 14 1.00000
123.5 40.50000 14 1.00000
123.6 40.50000 14 1.00000
123.7 40.50000 14 1.00000
123.8 40.50000 14 1.00000
123.9 40.50000 14 1.00000
124.0 40.50000 14 1.00000
124.1 40.50000 14 1.00000
124.2 40.50000 14 1.00000
124.3 40.50000 14 1.00000
124.4 40.50000 14 1.00000
124.5 40.50000 14 1.00000
124.6 40.50000 14 1.00000
124.7 40.50000 14 1.00000
124.8 40.50000 14 1.00000
124.9 40.50000 14 1.00000
125.0 40.50000 14 1.00000
125.1 40.50000 14 1.00000
125.2 40.50000 14 1.00000
125.3 40.50000 14 1.00000
125.4 40.50000 14 1.00000
125.5 40.50000 14 1.00000
125.6 40.50000 14 1.00000
125.7 40.50000 14 1.00000
125.8 40.50000 14 1.00000
125.9 40.50000 14 1.00000
126.0 40.50000 14 1.00000
126.1 40.50000 14 1.00000
126.2 40.50000 14 1.00000
126.3 40.50000 14 1.00000
126.4 40.50000 14 1.00000
126.5 40.50000 14 1.00000
126.6 40.50000 14 1.00000
126.7 40.50000 14 1.00000
126.8 40.50000 14 1.00000
126.9 40.50000 14 1.00000
127.0 40.50000 14 1.00000
127.1 40.50000 14 1.00000
127.2 40.50000 14 1.00000
127.3 40.50000 14 1.00000
127.4 40.50000 14 1.00000
127.5 40.50000 14 1.00000
127.6 40.50000 14 1.00000
127.7 40.50000 14 1.00000
127.8 40.50000 14 1.00000
127.9 40.50000 14 1.00000
128.0 40.50000 14 1.00000
128.1 40.50000 14 1.00000
128.2 40.50000 14 1.00000
128.3 40.50000 14 1.00000
128.4 40.50000 14 1.00000
128.5 40.50000 14 1.00000
128.6 40.50000 14 1.00000
128.7 40.50000 14 1.00000
128.8 40.50000 14 1.00000
128.9 40.50000 14 1.00000
129.0 40.50000 14 1.00000
129.1 40.50000 14 1.00000
129.2 40.50000 14 1.00000
129.3 40.50000 14 1.00000
129.4 40.50000 14 1.00000
129.5 40.50000 14 1.00000
129.6 40.50000 14 1.00000
129.7 40.50000 14 1.00000
129.8 40.50000 14 1.00000
129.9 40.50000 14 1.00000
130.0 40.50000 14 1.00000
130.1 40.50000 14 1.00000
130.2 40.50000 14 1.00000
130.3 40.50000 14 1.00000
130.4 40.50000 14 1.00000
130.5 40.50000 14 1.00000
130.6 40.50000 14 1.00000
130.7 40.50000 14 1.00000
130.8 40.50000 14 1.00000
130.9 40.50000 14 1.00000
131.0 40.50000 14 1.00000
131.1 40.50000 14 1.00000
131.2 40.50000 14 1.00000
131.3 40.50000 14 1.00000
131.4 40.50000 14 1.00000
131.5 40.50000 14 1.00000
131.6 40.50000 14 1.00000
131.7 40.50000 14 1.00000
131.8 40.50000 14 1.00000
131.9 40.50000 14 1.00000
132.0 40.50000 14 1.00000
132.1 40.50000 14 1.00000
132.2 40.50000 14 1.00000
132.3 40.50000 14 1.00000
132.4 40.50000 14 1.00000
132.5 40.50000 14 1.00000
132.6 40.50000 14 1.00000
132.7 40.50000 14 1.00000
132.8 40.50000 14 1.00000
132.9 40.50000 14 1.00000
133.0 40.50000 14 1.00000
133.1 40.50000 14 1.00000
133.2 40.50000 14 1.00000
133.3 40.50000 14 1.00000
133.4 40.50000 14 1.00000
133.5 40.50000 14 1.00000
133.6 40.50000 14 1.00000
133.7 40.50000 14 1.00000
133.8 40.50000 14 1.00000
133.9 40.50000 14 1.00000
134.0 40.50000 14 1.00000
134.1 40.50000 14 1.00000
134.2 40.50000 14 1.00000
134.3 40.50000 14 1.00000
134.4 40.50000 14 1.00000
134.5 40.50000 14 1.00000
134.6 40.50000 14 1.00000
134.7 40.50000 14 1.00000
134.8 40.50000 14 1.00000
134.9 40.50000 14 1.00000
135.0 40.50000 14 1.00000
135.1 40.50000 14 1.00000
135.2 40.50000 14 1.00000
135.3 40.50000 14 1.00000
135.4 40.50000 14 1.00000
135.5 40.50000 14 1.00000
135.6 40.50000 14 1.00000
135.7 40.50000 14 1.00000
135.8 40.50000 14 1.00000
135.9 40.50000 14 1.00000
136.0 40.50000 14 1.00000
136.1 40.50000 14 1.00000
136.2 40.50000 14 1.00000
136.3 40.50000 14 1.00000
136.4 40.50000 14 1.00000
136.5 40.50000 14 1.00000
136.6 40.50000 14 1.00000
136.7 40.50000 14 1.00000
136.8 40.50000 14 1.00000
136.9 40.50000 14 1.00000
137.0 40.50000 14 1.00000
137.1 40.50000 14 1.00000
137.2 40.50000 14 1.00000
137.3 40.50000 14 1.00000
137.4 40.50000 14 1.00000
137.5 40.50000 14 1.00000
137.6 40.50000 14 1.00000
137.7 40.50000 14 1.00000
137.8 40.50000 14 1.00000
137.9 40.50000 14 1.00000
138.0 40.50000 14 1.00000
138.1 40.50000 14 1.00000
138.2 40.50000 14 1.00000
138.3 40.50000 14 1.00000
138.4 40.50000 14 1.00000
138.5 40.50000 14 1.00000
138.6 40.50000 14 1.00000
138.7 40.50000 14 1.00000
138.8 40.50000 14 1.00000
138.9 40.50000 14 1.00000
139.0 40.50000 14 1.00000
139.1 40.50000 14 1.00000
139.2 40.50000 14 1.00000
139.3 40.50000 14 1.00000
139.4 40.50000 14 1.00000
139.5 40.50000 14 1.00000
139.6 40.50000 14 1.00000
139.7 40.50000 14 1.00000
139.8 40.50000 14 1.00000
139.9 40.50000 14 1.00000
140.0 40.50000 14 1.00000
140.1 40.50000 14 1.00000
140.2 40.50000 14 1.00000
140.3 40.50000 14 1.00000
140.4 40.50000 14 1.00000
140.5 40.50000 14 1.00000
140.6 40.50000 14 1.00000
140.7 40.50000 14 1.00000
140.8 40.50000 14 1.00000
140.9 40.50000 14 1.00000
141.0 40.50000 14 1.00000
141.1 40.50000 14 1.00000
141.2 40.50000 14 1.00000
141.3 40.50000 14 1.00000
141.4 40.50000 14 1.00000
141.5 40.50000 14 1.00000
141.6 40.50000 14 1.00000
141.7 40.50000 14 1.00000
141.8 40.50000 14 1.00000
141.9 40.50000 14 1.00000
142.0 40.50000 14 1.00000
142.1 40.50000 14 1.00000
142.2 40.50000 14 1.00000
142.3 40.50000 14 1.00000
142.4 40.50000 14 1.00000
142.5 40.50000 14 1.00000
142.6 40.50000 14 1.00000
142.7 40.50000 14 1.00000
142.8 40.50000 14 1.00000
142.9 40.50000 14 1.00000
143.0 40.50000 14 1.00000
143.1 40.50000 14 1.00000
143.2 40.50000 14 1.00000
143.3 40.50000 14 1.00000
143.4 40.50000 14 1.00000
143.5 40.50000 14 1.00000
143.6 40.50000 14 1.00000
143.7 40.50000 14 1.00000
143.8 40.50000 14 1.00000
143.9 40.50000 14 1.00000
144.0 40.50000 14 1.00000
144.1 40.50000 14 1.00000
144.2 40.50000 14 1.00000
144.3 40.50000 14 1.00000
144.4 40.50000 14 1.00000
144.5 40.50000 14 1.00000
144.6 40.50000 14 1.00000
144.7 40.50000 14 1.00000
144.8 40.50000 14 1.00000
144.9 40.50000 14 1.00000
145.0 40.50000 14 1.00000
145.1 40.50000 14 1.00000
145.2 40.50000 14 1.00000
145.3 40.50000 14 1.00000
145.4 40.50000 14 1.00000
145.5 40.50000 14 1.00000
145.6 40.50000 14 1.00000
145.7 40.50000 14 1.00000
145.8 40.50000 14 1.00000
145.9 40.50000 14 1.00000
146.0 40.50000 14 1.00000
146.1 40.50000 14 1.00000
146.2 40.50000 14 1.00000
146.3 40.50000 14 1.00000
146.4 40.50000 14 1.00000
146.5 40.50000 14 1.00000
146.6 40.50000 14 1.00000
146.7 40.50000 14 1.00000
146.8 40.50000 14 1.00000
146.9 40.50000 14 1.00000
147.0 40.50000 14 1.00000
147.1 40.50000 14 1.00000
147.2 40.50000 14 1.00000
147.3 40.50000 14 1.00000
147.4 40.50000 14 1.00000
147.5 40.50000 14 1.00000
147.6 40.50000 14 1.00000
147.7 40.50000 14 1.00000
147.8 40.50000 14 1.00000
147.9 40.50000 14 1.00000
148.0 40.50000 14 1.00000
148.1 40.50000 14 1.00000
148.2 40.50000 14 1.00000
148.3 40.50000 14 1.00000
148.4 40.50000 14 1.00000
148.5 40.50000 14 1.00000
148.6 40.50000 14 1.00000
148.7 40.50000 14 1.00000
148.8 40.50000 14 1.00000
148.9 40.50000 14 1.00000
149.0 40.50000 14 1.00000
149.1 40.50000 14 1.00000
149.2 40.50000 14 1.00000
149.3 40.50000 14 1.00000
149.4 40.50000 14 1.00000
149.5 40.50000 14 1.00000
149.6 40.50000 14 1.00000
149.7 40.50000 14 1.00000
149.8 40.50000 14 1.00000
149.9 40.50000 14 1.00000
150.0 40.50000 14 1.00000
150.1 40.50000 14 1.00000
150.2 40.50000 14 1.00000
150.3 40.50000 14 1.00000
150.4 40.50000 14 1.00000
150.5 40.50000 14 1.00000
150.6 40.50000 14 1.00000
150.7 40.50000 14 1.00000
150.8 40.50000 14 1.00000
150.9 40.50000 14 1.00000
151.0 40.50000 14 1.00000
151.1 40.50000 14 1.00000
151.2 40.50000 14 1.00000
151.3 40.50000 14 1.00000
151.4 40.50000 14 1.00000
151.5 40.50000 14 1.00000
151.6 40.50000 14 1.00000
151.7 40.50000 14 1.00000
151.8 40.50000 14 1.00000
151.9 40.50000 14 1.00000
152.0 40.50000 14 1.00000
152.1 40.50000 14 1.00000
152.2 40.50000 14 1.00000
152.3 40.50000 14 1.00000
152.4 40.50000 14 1.00000
152.5 40.50000 14 1.00000
152.6 40.50000 14 1.00000
152.7 40.50000 14 1.00000
152.8 40.50000 14 1.00000
152.9 40.50000 14 1.00000
153.0 40.50000 14 1.00000
153.1 40.50000 14 1.00000
153.2 40.50000 14 1.00000
153.3 40.50000 14 1.00000
153.4 40.50000 14 1.00000
153.5 40.50000 14 1.00000
153.6 40.50000 14 1.00000
153.7 40.50000 14 1.00000
153.8 40.50000 14 1.00000
153.9 40.50000 14 1.00000
154.0 40.50000 14 1.00000
154.1 40.50000 14 1.00000
154.2 40.50000 14 1.00000
154.3 40.50000 14 1.00000
154.4 40.50000 14 1.00000
154.5 40.50000 14 1.00000
154.6 40.50000 14 1.00000
154.7 40.50000 14 1.00000
154.8 40.50000 14 1.00000
154.9 40.50000 14 1.00000
155.0 40.50000 14 1.00000
155.1 40.50000 14 1.00000
155.2 40.50000 14 1.00000
155.3 40.50000 14 1.00000
155.4 40.50000 14 1.00000
155.5 40.50000 14 1.00000
155.6 40.50000 14 1.00000
155.7 40.50000 14 1.00000
155.8 40.50000 14 1.00000
155.9 40.50000 14 1.00000
156.0 40.50000 14 1.00000
156.1 40.50000 14 1.00000
156.2 40.50000 14 1.00000
156.3 40.50000 14 1.00000
156.4 40.50000 14 1.00000
156.5 40.50000 14 1.00000
156.6 40.50000 14 1.00000
156.7 40.50000 14 1.00000
156.8 40.50000 14 1.00000
156.9 40.50000 14 1.00000
157.0 40.50000 14 1.00000
157.1 40.50000 14 1.00000
157.2 40.50000 14 1.00000
157.3 40.50000 14 1.00000
157.4 40.50000 14 1.00000
157.5 40.50000 14 1.00000
157.6 40.50000 14 1.00000
157.7 40.50000 14 1.00000
157.8 40.50000 14 1.00000
157.9 40.50000 14 1.00000
158.0 40.50000 14 1.00000
158.1 40.50000 14 1.00000
158.2 40.50000 14 1.00000
158.3 40.50000 14 1.00000
158.4 40.50000 14 1.00000
158.5 40.50000 14 1.00000
158.6 40.50000 14 1.00000
158.7 40.50000 14 1.00000
158.8 40.50000 14 1.00000
158.9 40.50000 14 1.00000
159.0 40.50000 14 1.00000
159.1 40.50000 14 1.00000
159.2 40.50000 14 1.00000
159.3 40.50000 14 1.00000
159.4 40.50000 14 1.00000
159.5 40.50000 14 1.00000
159.6 40.50000 14 1.00000
159.7 40.50000 14 1.00000
159.8 40.50000 14 1.00000
159.9 40.50000 14 1.00000
160.0 40.50000 14 1.00000
160.1 40.50000 14 1.00000
160.2 40.50000 14 1.00000
160.3 40.50000 14 1.00000
160.4 40.50000 14 1.00000
160.5 40.50000 14 1.00000
160.6 40.50000 14 1.00000
160.7 40.50000 14 1.00000
160.8 40.50000 14 1.00000
160.9 40.50000 14 1.00000
161.0 40.50000 14 1.00000
161.1 40.50000 14 1.00000
161.2 40.50000 14 1.00000
161.3 40.50000 14 1.00000
161.4 40.50000 14 1.00000
161.5 40.50000 14 1.00000
161.6 40.50000 14 1.00000
161.7 40.50000 14 1.00000
161.8 40.50000 14 1.00000
161.9 40.50000 14 1.00000
162.0 40.50000 14 1.00000
162.1 40.50000 14 1.00000
162.2 40.50000 14 1.00000
162.3 40.50000 14 1.00000
162.4 40.50000 14 1.00000
162.5 40.50000 14 1.00000
162.6 40.50000 14 1.00000
162.7 40.50000 14 1.00000
162.8 40.50000 14 1.00000
162.9 40.50000 14 1.00000
163.0 40.50000 14 1.00000
163.1 40.50000 14 1.00000
163.2 40.50000 14 1.00000
163.3 40.50000 14 1.00000
163.4 40.50000 14 1.00000
163.5 40.50000 14 1.00000
163.6 40.50000 14 1.00000
163.7 40.50000 14 1.00000
163.8 40.50000 14 1.00000
163.9 40.50000 14 1.00000
164.0 40.50000 14 1.00000
164.1 40.50000 14 1.00000
164.2 40.50000 14 1.00000
164.3 40.50000 14 1.00000
164.4 40.50000 14 1.00000
164.5 40.50000 14 1.00000
164.6 40.50000 14 1.00000
164.7 40.50000 14 1.00000
164.8 40.50000 14 1.00000
164.9 40.50000 14 1.00000
165.0 40.50000 14 1.00000
165.1 40.50000 14 1.00000
165.2 40.50000 14 1.00000
165.3 40.50000 14 1.00000
165.4 40.50000 14 1.00000
165.5 40.50000 14 1.00000
165.6 40.50000 14 1.00000
165.7 40.50000 14 1.00000
165.8 40.50000 14 1.00000
165.9 40.50000 14 1.00000
166.0 40.50000 14 1.00000
166.1 40.50000 14 1.00000
166.2 40.50000 14 1.00000
166.3 40.50000 14 1.00000
166.4 40.50000 14 1.00000
166.5 40.50000 14 1.00000
166.6 40.50000 14 1.00000
166.7 40.50000 14 1.00000
166.8 40.50000 14 1.00000
166.9 40.50000 14 1.00000
167.0 40.50000 14 1.00000
167.1 40.50000 14 1.00000
167.2 40.50000 14 1.00000
167.3 40.50000 14 1.00000
167.4 40.50000 14 1.00000
167.5 40.50000 14 1.00000
167.6 40.50000 14 1.00000
167.7 40.50000 14 1.00000
167.8 40.50000 14 1.00000
167.9 40.50000 14 1.00000
168.0 40.50000 14 1.00000
168.1 40.50000 14 1.00000
168.2 40.50000 14 1.00000
168.3 40.50000 14 1.00000
168.4 40.50000 14 1.00000
168.5 40.50000 14 1.00000
168.6 40.50000 14 1.00000
168.7 40.50000 14 1.00000
168.8 40.50000 14 1.00000
168.9 40.50000 14 1.00000
169.0 40.50000 14 1.00000
169.1 40.50000 14 1.00000
169.2 40.50000 14 1.00000
169.3 40.50000 14 1.00000
169.4 40.50000 14 1.00000
169.5 40.50000 14 1.00000
169.6 40.50000 14 1.00000
169.7 40.50000 14 1.00000
169.8 40.50000 14 1.00000
169.9 40.50000 14 1.00000
170.0 40.50000 14 1.00000
170.1 40.50000 14 1.00000
170.2 40.50000 14 1.00000
170.3 40.50000 14 1.00000
170.4 40.50000 14 1.00000
170.5 40.50000 14 1.00000
170.6 40.50000 14 1.00000
170.7 40.50000 14 1.00000
170.8 40.50000 14 1.00000
170.9 40.50000 14 1.00000
171.0 40.50000 14 1.00000
171.1 40.50000 14 1.00000
171.2 40.50000 14 1.00000
171.3 40.50000 14 1.00000
171.4 40.50000 14 1.00000
171.5 40.50000 14 1.00000
171.6 40.50000 14 1.00000
171.7 40.50000 14 1.00000
171.8 40.50000 14 1.00000
171.9 40.50000 14 1.00000
172.0 40.50000 14 1.00000
172.1 40.50000 14 1.00000
172.2 40.50000 14 1.00000
172.3 40.50000 14 1.00000
172.4 40.50000 14 1.00000
172.5 40.50000 14 1.00000
172.6 40.50000 14 1.00000
172.7 40.50000 14 1.00000
172.8 40.50000 14 1.00000
172.9 40.50000 14 1.00000
173.0 40.50000 14 1.00000
173.1 40.50000 14 1.00000
173.2 40.50000 14 1.00000
173.3 40.50000 14 1.00000
173.4 40.50000 14 1.00000
173.5 40.50000 14 1.00000
173.6 40.50000 14 1.00000
173.7 40.50000 14 1.00000
173.8 40.50000 14 1.00000
173.9 40.50000 14 1.00000
174.0 40.50000 14 1.00000
174.1 40.50000 14 1.00000
174.2 40.50000 14 1.00000
174.3 40.50000 14 1.00000
174.4 40.50000 14 1.00000
174.5 40.50000 14 1.00000
174.6 40.50000 14 1.00000
174.7 40.50000 14 1.00000
174.8 40.50000 14 1.00000
174.9 40.50000 14 1.00000
175.0 40.50000 14 1.00000
175.1 40.50000 14 1.00000
175.2 40.50000 14 1.00000
175.3 40.50000 14 1.00000
175.4 40.50000 14 1.00000
175.5 40.50000 14 1.00000
175.6 40.50000 14 1.00000
175.7 40.50000 14 1.00000
175.8 40.50000 14 1.00000
175.9 40.50000 14 1.00000
176.0 40.50000 14 1.00000
176.1 40.50000 14 1.00000
176.2 40.50000 14 1.00000
176.3 40.50000 14 1.00000
176.4 40.50000 14 1.00000
176.5 40.50000 14 1.00000
176.6 40.50000 14 1.00000
176.7 40.50000 14 1.00000
176.8 40.50000 14 1.00000
176.9 40.50000 14 1.00000
177.0 40.50000 14 1.00000
177.1 40.50000 14 1.00000
177.2 40.50000 14 1.00000
177.3 40.50000 14 1.00000
177.4 40.50000 14 1.00000
177.5 40.50000 14 1.00000
177.6 40.50000 14 1.00000
177.7 40.50000 14 1.00000
177.8 40.50000 14 1.00000
177.9 40.50000 14 1.00000
178.0 40.50000 14 1.00000
178.1 40.50000 14 1.00000
178.2 40.50000 14 1.00000
178.3 40.50000 14 1.00000
178.4 40.50000 14 1.00000
178.5 40.50000 14 1.00000
178.6 40.50000 14 1.00000
178.7 40.50000 14 1.00000
178.8 40.50000 14 1.00000
178.9 40.50000 14 1.00000
179.0 40.50000 14 1.00000
179.1 40.50000 14 1.00000
179.2 40.50000 14 1.00000
179.3 40.50000 14 1.00000
179.4 40.50000 14 1.00000
179.5 40.50000 14 1.00000
179.6 40.50000 14 1.00000
179.7 40.50000 14 1.00000
179.8 40.50000 14 1.00000
179.9 40.50000 14 1.00000
180.0 40.50000 14 1.00000
180.1 40.50000 14 1.00000
180.2 40.50000 14 1.00000
180.3 40.50000 14 1.00000
180.4 40.50000 14 1.00000
180.5 40.50000 14 1.00000
180.6 40.50000 14 1.00000
180.7 40.50000 14 1.00000
180.8 40.50000 14 1.00000
180.9 40.50000 14 1.00000
181.0 40.50000 14 1.00000
181.1 40.50000 14 1.00000
181.2 40.50000 14 1.00000
181.3 40.50000 14 1.00000
181.4 40.50000 14 1.00000
181.5 40.50000 14 1.00000
181.6 40.50000 14 1.00000
181.7 40.50000 14 1.00000
181.8 40.50000 14 1.00000
181.9 40.50000 14 1.00000
182.0 40.50000 14 1.00000
182.1 40.50000 14 1.00000
182.2 40.50000 14 1.00000
182.3 40.50000 14 1.00000
182.4 40.50000 14 1.00000
182.5 40.50000 14 1.00000
182.6 40.50000 14 1.00000
182.7 40.50000 14 1.00000
182.8 40.50000 14 1.00000
182.9 40.50000 14 1.00000
183.0 40.50000 14 1.00000
183.1 40.50000 14 1.00000
183.2 40.50000 14 1.00000
183.3 40.50000 14 1.00000
183.4 40.50000 14 1.00000
183.5 40.50000 14 1.00000
183.6 40.50000 14 1.00000
183.7 40.50000 14 1.00000
183.8 40.50000 14 1.00000
183.9 40.50000 14 1.00000
184.0 40.50000 14 1.00000
184.1 40.50000 14 1.00000
184.2 40.50000 14 1.00000
184.3 40.50000 14 1.00000
184.4 40.50000 14 1.00000
184.5 40.50000 14 1.00000
184.6 40.50000 14 1.00000
184.7 40.50000 14 1.00000
184.8 0.00000 15 0.00000
184.9 40.50000 14 1.00000
185.0 40.50000 14 1.00000
185.1 40.50000 14 1.00000
185.2 40.50000 14 1.00000
185.3 0.00000 15 0.00000
185.4 0.00000 15 0.00000
185.5 0.00000 15 0.00000
185.6 0.00000 15 0.00000
185.7 40.50000 14 1.00000
185.8 0.00000 15 0.00000
185.9 0.00000 15 0.00000
186.0 0.00000 15 0.00000
186.1 0.00000 15 0.00000
186.2 0.00000 15 0.00000
186.3 0.00000 15 0.00000
186.4 0.00000 15 0.00000
186.5 0.00000 15 0.00000
186.6 0.00000 15 0.00000
186.7 0.00000 15 0.00000
186.8 0.00000 15 0.00000
186.9 0.00000 15 0.00000
187.0 0.00000 15 0.00000
187.1 0.00000 15 0.00000
187.2 0.00000 15 0.00000
187.3 0.00000 15 0.00000
187.4 0.00000 15 0.00000
187.5 0.00000 15 0.00000
187.6 0.00000 15 0.00000
187.7 0.00000 15 0.00000
187.8 0.00000 15 0.00000
187.9 0.00000 15 0.00000
188.0 0.00000 15 0.00000
188.1 0.00000 15 0.00000
188.2 0.00000 15 0.00000
188.3 0.00000 15 0.00000
188.4 0.00000 15 0.00000
188.5 0.00000 15 0.00000
188.6 0.00000 15 0.00000
188.7 0.00000 15 0.00000
188.8 0.00000 15 0.00000
188.9 0.00000 15 0.00000
189.0 0.00000 15 0.00000
189.1 0.00000 15 0.00000
189.2 0.00000 15 0.00000
189.3 0.00000 15 0.00000
189.4 0.00000 15 0.00000
189.5 0.00000 15 0.00000
189.6 0.00000 15 0.00000
189.7 0.00000 15 0.00000
189.8 0.00000 15 0.00000
189.9 0.00000 15 0.00000
190.0 0.00000 15 0.00000
190.1 0.00000 15 0.00000
190.2 0.00000 15 0.00000
190.3 0.00000 15 0.00000
190.4 0.00000 15 0.00000
190.5 0.00000 15 0.00000
190.6 0.00000 15 0.00000
190.7 0.00000 15 0.00000
190.8 0.00000 15 0.00000
190.9 0.00000 15 0.00000
191.0 0.00000 15 0.00000
191.1 0.00000 15 0.00000
191.2 0.00000 15 0.00000
191.3 0.00000 15 0.00000
191.4 0.00000 15 0.00000
191.5 0.00000 15 0.00000
191.6 0.00000 15 0.00000
191.7 0.00000 15 0.00000
191.8 0.00000 15 0.00000
191.9 0.00000 15 0.00000
192.0 0.00000 15 0.00000
192.1 0.00000 15 0.00000
192.2 0.00000 15 0.00000
192.3 0.00000 15 0.00000
192.4 0.00000 15 0.00000
192.5 0.00000 15 0.00000
192.6 0.00000 15 0.00000
192.7 0.00000 15 0.00000
192.8 0.00000 15 0.00000
192.9 0.00000 15 0.00000
193.0 0.00000 15 0.00000
193.1 0.00000 15 0.00000
193.2 0.00000 15 0.00000
193.3 0.00000 15 0.00000
193.4 0.00000 15 0.00000
193.5 0.00000 15 0.00000
193.6 0.00000 15 0.00000
193.7 0.00000 15 0.00000
193.8 0.00000 15 0.00000
193.9 0.00000 15 0.00000
194.0 0.00000 15 0.00000
194.1 0.00000 15 0.00000
194.2 0.00000 15 0.00000
194.3 0.00000 15 0.00000
194.4 0.00000 15 0.00000
194.5 0.00000 15 0.00000
194.6 0.00000 15 0.00000
194.7 0.00000 15 0.00000
194.8 0.00000 15 0.00000
194.9 0.00000 15 0.00000
195.0 0.00000 15 0.00000
195.1 0.00000 15 0.00000
195.2 0.00000 15 0.00000
195.3 0.00000 15 0.00000
195.4 0.00000 15 0.00000
195.5 0.00000 15 0.00000
195.6 0.00000 15 0.00000
195.7 0.00000 15 0.00000
195.8 0.00000 15 0.00000
195.9 0.00000 15 0.00000
196.0 0.00000 15 0.00000
196.1 0.00000 15 0.00000
196.2 0.00000 15 0.00000
196.3 0.00000 15 0.00000
196.4 0.00000 15 0.00000
196.5 0.00000 15 0.00000
196.6 0.00000 15 0.00000
196.7 0.00000 15 0.00000
196.8 0.00000 15 0.00000
196.9 0.00000 15 0.00000
197.0 0.00000 15 0.00000
197.1 0.00000 15 0.00000
197.2 0.00000 15 0.00000
197.3 0.00000 15 0.00000
197.4 0.00000 15 0.00000
197.5 0.00000 15 0.00000
197.6 0.00000 15 0.00000
197.7 0.00000 15 0.00000
197.8 0.00000 15 0.00000
197.9 0.00000 15 0.00000
198.0 0.00000 15 0.00000
198.1 0.00000 15 0.00000
198.2 0.00000 15 0.00000
198.3 0.00000 15 0.00000
198.4 0.00000 15 0.00000
198.5 0.00000 15 0.00000
198.6 0.00000 15 0.00000
198.7 0.00000 15 0.00000
198.8 0.00000 15 0.00000
198.9 0.00000 15 0.00000
199.0 0.00000 15 0.00000
199.1 0.00000 15 0.00000
199.2 0.00000 15 0.00000
199.3 0.00000 15 0.00000
199.4 0.00000 15 0.00000
199.5 0.00000 15 0.00000
199.6 0.00000 15 0.00000
199.7 0.00000 15 0.00000
199.8 0.00000 15 0.00000
199.9 0.00000 15 0.00000
200.0 0.00000 15 0.00000
200.1 0.00000 15 0.00000
200.2 0.00000 15 0.00000
200.3 0.00000 15 0.00000
200.4 0.00000 15 0.00000
200.5 0.00000 15 0.00000
200.6 0.00000 15 0.00000
200.7 0.00000 15 0.00000
200.8 0.00000 15 0.00000
200.9 0.00000 15 0.00000
201.0 0.00000 15 0.00000
201.1 0.00000 15 0.00000
201.2 0.00000 15 0.00000
201.3 0.00000 15 0.00000
201.4 0.00000 15 0.00000
201.5 0.00000 15 0.00000
201.6 0.00000 15 0.00000
201.7 0.00000 15 0.00000
201.8 0.00000 15 0.00000
201.9 0.00000 15 0.00000
202.0 0.00000 15 0.00000
202.1 0.00000 15 0.00000
202.2 0.00000 15 0.00000
202.3 0.00000 15 0.00000
202.4 0.00000 15 0.00000
202.5 0.00000 15 0.00000
202.6 0.00000 15 0.00000
202.7 0.00000 15 0.00000
202.8 0.00000 15 0.00000
202.9 0.00000 15 0.00000
203.0 0.00000 15 0.00000
203.1 0.00000 15 0.00000
203.2 0.00000 15 0.00000
203.3 0.00000 15 0.00000
203.4 0.00000 15 0.00000
203.5 0.00000 15 0.00000
203.6 0.00000 15 0.00000
203.7 0.00000 15 0.00000
203.8 0.00000 15 0.00000
203.9 0.00000 15 0.00000
204.0 0.00000 15 0.00000
204.1 0.00000 15 0.00000
204.2 0.00000 15 0.00000
204.3 0.00000 15 0.00000
204.4 0.00000 15 0.00000
204.5 0.00000 15 0.00000
204.6 0.00000 15 0.00000
204.7 0.00000 15 0.00000
204.8 0.00000 15 0.00000
204.9 0.00000 15 0.00000
205.0 0.00000 15 0.00000
205.1 0.00000 15 0.00000
205.2 0.00000 15 0.00000
205.3 0.00000 15 0.00000
205.4 0.00000 15 0.00000
205.5 0.00000 15 0.00000
205.6 0.00000 15 0.00000
205.7 0.00000 15 0.00000
205.8 0.00000 15 0.00000
205.9 0.00000 15 0.00000
206.0 0.00000 15 0.00000
206.1 0.00000 15 0.00000
206.2 0.00000 15 0.00000
206.3 0.00000 15 0.00000
206.4 0.00000 15 0.00000
206.5 0.00000 15 0.00000
206.6 0.00000 15 0.00000
206.7 0.00000 15 0.00000
206.8 0.00000 15 0.00000
206.9 0.00000 15 0.00000
207.0 0.00000 15 0.00000
207.1 0.00000 15 0.00000
207.2 0.00000 15 0.00000
207.3 0.00000 15 0.00000
207.4 0.00000 15 0.00000
207.5 0.00000 15 0.00000
207.6 0.00000 15 0.00000
207.7 0.00000 15 0.00000
207.8 0.00000 15 0.00000
207.9 0.00000 15 0.00000
208.0 0.00000 15 0.00000
208.1 0.00000 15 0.00000
208.2 0.00000 15 0.00000
208.3 0.00000 15 0.00000
208.4 0.00000 15 0.00000
208.5 0.00000 15 0.00000
208.6 0.00000 15 0.00000
208.7 0.00000 15 0.00000
208.8 0.00000 15 0.00000
208.9 0.00000 15 0.00000
209.0 0.00000 15 0.00000
209.1 0.00000 15 0.00000
209.2 0.00000 15 0.00000
209.3 0.00000 15 0.00000
209.4 0.00000 15 0.00000
209.5 0.00000 15 0.00000
209.6 0.00000 15 0.00000
209.7 0.00000 15 0.00000
209.8 0.00000 15 0.00000
209.9 0.00000 15 0.00000
210.0 0.00000 15 0.00000
210.1 0.00000 15 0.00000
210.2 0.00000 15 0.00000
210.3 0.00000 15 0.00000
210.4 0.00000 15 0.00000
210.5 0.00000 15 0.00000
210.6 0.00000 15 0.00000
210.7 0.00000 15 0.00000
210.8 0.00000 15 0.00000
210.9 0.00000 15 0.00000
211.0 0.00000 15 0.00000
211.1 0.00000 15 0.00000
211.2 0.00000 15 0.00000
211.3 0.00000 15 0.00000
211.4 0.00000 15 0.00000
211.5 0.00000 15 0.00000
211.6 0.00000 15 0.00000
211.7 0.00000 15 0.00000
211.8 0.00000 15 0.00000
211.9 0.00000 15 0.00000
212.0 0.00000 15 0.00000
212.1 0.00000 15 0.00000
212.2 0.00000 15 0.00000
212.3 0.00000 15 0.00000
212.4 0.00000 15 0.00000
212.5 0.00000 15 0.00000
212.6 0.00000 15 0.00000
212.7 0.00000 15 0.00000
212.8 0.00000 15 0.00000
212.9 0.00000 15 0.00000
213.0 0.00000 15 0.00000
213.1 0.00000 15 0.00000
213.2 0.00000 15 0.00000
213.3 0.00000 15 0.00000
213.4 0.00000 15 0.00000
213.5 0.00000 15 0.00000
213.6 0.00000 15 0.00000
213.7 0.00000 15 0.00000
213.8 0.00000 15 0.00000
213.9 0.00000 15 0.00000
214.0 0.00000 15 0.00000
214.1 0.00000 15 0.00000
214.2 0.00000 15 0.00000
214.3 0.00000 15 0.00000
214.4 0.00000 15 0.00000
214.5 0.00000 15 0.00000
214.6 0.00000 15 0.00000
214.7 0.00000 15 0.00000
214.8 0.00000 15 0.00000
214.9 0.00000 15 0.00000
215.0 0.00000 15 0.00000
215.1 0.00000 15 0.00000
215.2 0.00000 15 0.00000
215.3 0.00000 15 0.00000
215.4 0.00000 15 0.00000
215.5 0.00000 15 0.00000
215.6 0.00000 15 0.00000
215.7 0.00000 15 0.00000
215.8 0.00000 15 0.00000
215.9 0.00000 15 0.00000
216.0 0.00000 15 0.00000
216.1 0.00000 15 0.00000
216.2 0.00000 15 0.00000
216.3 0.00000 15 0.00000
216.4 0.00000 15 0.00000
216.5 0.00000 15 0.00000
216.6 0.00000 15 0.00000
216.7 0.00000 15 0.00000
216.8 0.00000 15 0.00000
216.9 0.00000 15 0.00000
217.0 0.00000 15 0.00000
217.1 0.00000 15 0.00000
217.2 0.00000 15 0.00000
217.3 0.00000 15 0.00000
217.4 0.00000 15 0.00000
217.5 0.00000 15 0.00000
217.6 0.00000 15 0.00000
217.7 0.00000 15 0.00000
217.8 0.00000 15 0.00000
217.9 0.00000 15 0.00000
218.0 0.00000 15 0.00000
218.1 0.00000 15 0.00000
218.2 0.00000 15 0.00000
218.3 0.00000 15 0.00000
218.4 0.00000 15 0.00000
218.5 0.00000 15 0.00000
218.6 0.00000 15 0.00000
218.7 0.00000 15 0.00000
218.8 0.00000 15 0.00000
218.9 0.00000 15 0.00000
219.0 0.00000 15 0.00000
219.1 0.00000 15 0.00000
219.2 0.00000 15 0.00000
219.3 0.00000 15 0.00000
219.4 0.00000 15 0.00000
219.5 0.00000 15 0.00000
219.6 0.00000 15 0.00000
219.7 0.00000 15 0.00000
219.8 0.00000 15 0.00000
219.9 0.00000 15 0.00000
220.0 0.00000 15 0.00000
220.1 0.00000 15 0.00000
220.2 0.00000 15 0.00000
220.3 0.00000 15 0.00000
220.4 0.00000 15 0.00000
220.5 0.00000 15 0.00000
220.6 0.00000 15 0.00000
220.7 0.00000 15 0.00000
220.8 0.00000 15 0.00000
220.9 0.00000 15 0.00000
221.0 0.00000 15 0.00000
221.1 0.00000 15 0.00000
221.2 0.00000 15 0.00000
221.3 0.00000 15 0.00000
221.4 0.00000 15 0.00000
221.5 0.00000 15 0.00000
221.6 0.00000 15 0.00000
221.7 0.00000 15 0.00000
221.8 0.00000 15 0.00000
221.9 0.00000 15 0.00000
222.0 0.00000 15 0.00000
222.1 0.00000 15 0.00000
222.2 0.00000 15 0.00000
222.3 0.00000 15 0.00000
222.4 0.00000 15 0.00000
222.5 0.00000 15 0.00000
222.6 0.00000 15 0.00000
222.7 0.00000 15 0.00000
222.8 0.00000 15 0.00000
222.9 0.00000 15 0.00000
223.0 0.00000 15 0.00000
223.1 0.00000 15 0.00000
223.2 0.00000 15 0.00000
223.3 0.00000 15 0.00000
223.4 0.00000 15 0.00000
223.5 0.00000 15 0.00000
223.6 0.00000 15 0.00000
223.7 0.00000 15 0.00000
223.8 0.00000 15 0.00000
223.9 0.00000 15 0.00000
224.0 0.00000 15 0.00000
224.1 0.00000 15 0.00000
224.2 0.00000 15 0.00000
224.3 0.00000 15 0.00000
224.4 0.00000 15 0.00000
224.5 0.00000 15 0.00000
224.6 0.00000 15 0.00000
224.7 0.00000 15 0.00000
224.8 0.00000 15 0.00000
224.9 0.00000 15 0.00000
225.0 0.00000 15 0.00000
225.1 0.00000 15 0.00000
225.2 0.00000 15 0.00000
225.3 0.00000 15 0.00000
225.4 0.00000 15 0.00000
225.5 0.00000 15 0.00000
225.6 0.00000 15 0.00000
225.7 0.00000 15 0.00000
225.8 0.00000 15 0.00000
225.9 0.00000 15 0.00000
226.0 0.00000 15 0.00000
226.1 0.00000 15 0.00000
226.2 0.00000 15 0.00000
226.3 0.00000 15 0.00000
226.4 0.00000 15 0.00000
226.5 0.00000 15 0.00000
226.6 0.00000 15 0.00000
226.7 0.00000 15 0.00000
226.8 0.00000 15 0.00000
226.9 0.00000 15 0.00000
227.0 0.00000 15 0.00000
227.1 0.00000 15 0.00000
227.2 0.00000 15 0.00000
227.3 0.00000 15 0.00000
227.4 0.00000 15 0.00000
227.5 0.00000 15 0.00000
227.6 0.00000 15 0.00000
227.7 0.00000 15 0.00000
227.8 0.00000 15 0.00000
227.9 0.00000 15 0.00000
228.0 0.00000 15 0.00000
228.1 0.00000 15 0.00000
228.2 0.00000 15 0.00000
228.3 0.00000 15 0.00000
228.4 0.00000 15 0.00000
228.5 0.00000 15 0.00000
228.6 0.00000 15 0.00000
228.7 0.00000 15 0.00000
228.8 0.00000 15 0.00000
228.9 0.00000 15 0.00000
229.0 0.00000 15 0.00000
229.1 0.00000 15 0.00000
229.2 0.00000 15 0.00000
229.3 0.00000 15 0.00000
229.4 0.00000 15 0.00000
229.5 0.00000 15 0.00000
229.6 0.00000 15 0.00000
229.7 0.00000 15 0.00000
229.8 0.00000 15 0.00000
229.9 0.00000 15 0.00000
230.0 0.00000 15 0.00000
230.1 0.00000 15 0.00000
230.2 0.00000 15 0.00000
230.3 0.00000 15 0.00000
230.4 0.00000 15 0.00000
230.5 0.00000 15 0.00000
230.6 0.00000 15 0.00000
230.7 0.00000 15 0.00000
230.8 0.00000 15 0.00000
230.9 0.00000 15 0.00000
231.0 0.00000 15 0.00000
231.1 0.00000 15 0.00000
231.2 0.00000 15 0.00000
231.3 0.00000 15 0.00000
231.4 0.00000 15 0.00000
231.5 0.00000 15 0.00000
231.6 0.00000 15 0.00000
231.7 0.00000 15 0.00000
231.8 0.00000 15 0.00000
231.9 0.00000 15 0.00000
232.0 0.00000 15 0.00000
232.1 0.00000 15 0.00000
232.2 0.00000 15 0.00000
232.3 0.00000 15 0.00000
232.4 0.00000 15 0.00000
232.5 0.00000 15 0.00000
232.6 0.00000 15 0.00000
232.7 0.00000 15 0.00000
232.8 0.00000 15 0.00000
232.9 0.00000 15 0.00000
233.0 0.00000 15 0.00000
233.1 0.00000 15 0.00000
233.2 0.00000 15 0.00000
233.3 0.00000 15 0.00000
233.4 0.00000 15 0.00000
233.5 0.00000 15 0.00000
233.6 0.00000 15 0.00000
233.7 0.00000 15 0.00000
233.8 0.00000 15 0.00000
233.9 0.00000 15 0.00000
234.0 0.00000 15 0.00000
234.1 0.00000 15 0.00000
234.2 0.00000 15 0.00000
234.3 0.00000 15 0.00000
234.4 0.00000 15 0.00000
234.5 0.00000 15 0.00000
234.6 0.00000 15 0.00000
234.7 0.00000 15 0.00000
234.8 0.00000 15 0.00000
234.9 0.00000 15 0.00000
235.0 0.00000 15 0.00000
235.1 0.00000 15 0.00000
235.2 0.00000 15 0.00000
235.3 0.00000 15 0.00000
235.4 0.00000 15 0.00000
235.5 0.00000 15 0.00000
235.6 0.00000 15 0.00000
235.7 0.00000 15 0.00000
235.8 0.00000 15 0.00000
235.9 0.00000 15 0.00000
236.0 0.00000 15 0.00000
236.1 0.00000 15 0.00000
236.2 0.00000 15 0.00000
236.3 0.00000 15 0.00000
236.4 0.00000 15 0.00000
236.5 0.00000 15 0.00000
236.6 0.00000 15 0.00000
236.7 0.00000 15 0.00000
236.8 0.00000 15 0.00000
236.9 0.00000 15 0.00000
237.0 0.00000 15 0.00000
237.1 0.00000 15 0.00000
237.2 0.00000 15 0.00000
237.3 0.00000 15 0.00000
237.4 0.00000 15 0.00000
237.5 0.00000 15 0.00000
237.6 0.00000 15 0.00000
237.7 0.00000 15 0.00000
237.8 0.00000 15 0.00000
237.9 0.00000 15 0.00000
238.0 0.00000 15 0.00000
238.1 0.00000 15 0.00000
238.2 0.00000 15 0.00000
238.3 0.00000 15 0.00000
238.4 0.00000 15 0.00000
238.5 0.00000 15 0.00000
238.6 0.00000 15 0.00000
238.7 0.00000 15 0.00000
238.8 0.00000 15 0.00000
238.9 0.00000 15 0.00000
239.0 0.00000 15 0.00000
239.1 0.00000 15 0.00000
239.2 0.00000 15 0.00000
239.3 0.00000 15 0.00000
239.4 0.00000 15 0.00000
239.5 0.00000 15 0.00000
239.6 0.00000 15 0.00000
239.7 0.00000 15 0.00000
239.8 0.00000 15 0.00000
239.9 0.00000 15 0.00000
240.0 0.00000 15 0.00000
240.1 0.00000 15 0.00000
240.2 0.00000 15 0.00000
240.3 0.00000 15 0.00000
240.4 0.00000 15 0.00000
240.5 0.00000 15 0.00000
240.6 0.00000 15 0.00000
240.7 0.00000 15 0.00000
240.8 0.00000 15 0.00000
240.9 0.00000 15 0.00000
241.0 0.00000 15 0.00000
241.1 0.00000 15 0.00000
241.2 0.00000 15 0.00000
241.3 0.00000 15 0.00000
241.4 0.00000 15 0.00000
241.5 0.00000 15 0.00000
241.6 0.00000 15 0.00000
241.7 0.00000 15 0.00000
241.8 0.00000 15 0.00000
241.9 0.00000 15 0.00000
242.0 0.00000 15 0.00000
242.1 0.00000 15 0.00000
242.2 0.00000 15 0.00000
242.3 0.00000 15 0.00000
242.4 0.00000 15 0.00000
242.5 0.00000 15 0.00000
242.6 0.00000 15 0.00000
242.7 0.00000 15 0.00000
242.8 0.00000 15 0.00000
242.9 0.00000 15 0.00000
243.0 0.00000 15 0.00000
243.1 0.00000 15 0.00000
243.2 0.00000 15 0.00000
243.3 0.00000 15 0.00000
243.4 0.00000 15 0.00000
243.5 0.00000 15 0.00000
243.6 0.00000 15 0.00000
243.7 0.00000 15 0.00000
243.8 0.00000 15 0.00000
243.9 0.00000 15 0.00000
244.0 0.00000 15 0.00000
244.1 0.00000 15 0.00000
244.2 0.00000 15 0.00000
244.3 0.00000 15 0.00000
244.4 0.00000 15 0.00000
244.5 0.00000 15 0.00000
244.6 0.00000 15 0.00000
244.7 0.00000 15 0.00000
244.8 0.00000 15 0.00000
244.9 0.00000 15 0.00000
245.0 0.00000 15 0.00000
245.1 0.00000 15 0.00000
245.2 0.00000 15 0.00000
245.3 0.00000 15 0.00000
245.4 0.00000 15 0.00000
245.5 0.00000 15 0.00000
245.6 0.00000 15 0.00000
245.7 0.00000 15 0.00000
245.8 0.00000 15 0.00000
245.9 0.00000 15 0.00000
246.0 0.00000 15 0.00000
246.1 0.00000 15 0.00000
246.2 0.00000 15 0.00000
246.3 0.00000 15 0.00000
246.4 0.00000 15 0.00000
246.5 0.00000 15 0.00000
246.6 0.00000 15 0.00000
246.7 0.00000 15 0.00000
246.8 0.00000 15 0.00000
246.9 0.00000 15 0.00000
247.0 0.00000 15 0.00000
247.1 0.00000 15 0.00000
247.2 0.00000 15 0.00000
247.3 0.00000 15 0.00000
247.4 0.00000 15 0.00000
247.5 0.00000 15 0.00000
247.6 0.00000 15 0.00000
247.7 0.00000 15 0.00000
247.8 0.00000 15 0.00000
247.9 0.00000 15 0.00000
248.0 0.00000 15 0.00000
248.1 0.00000 15 0.00000
248.2 0.00000 15 0.00000
248.3 0.00000 15 0.00000
248.4 0.00000 15 0.00000
248.5 0.00000 15 0.00000
248.6 0.00000 15 0.00000
248.7 0.00000 15 0.00000
248.8 0.00000 15 0.00000
248.9 0.00000 15 0.00000
249.0 0.00000 15 0.00000
249.1 0.00000 15 0.00000
249.2 0.00000 15 0.00000
249.3 0.00000 15 0.00000
249.4 0.00000 15 0.00000
249.5 0.00000 15 0.00000
249.6 0.00000 15 0.00000
249.7 0.00000 15 0.00000
249.8 0.00000 15 0.00000
249.9 0.00000 15 0.00000
250.0 0.00000 15 0.00000
