15.0 2.26699 13 0.10071
15.1 2.31073 13 0.10433
15.2 2.35489 13 0.10796
15.3 2.39946 13 0.11161
15.4 2.44444 13 0.11527
15.5 2.48983 13 0.11893
15.6 2.54754 14 0.12261
15.7 2.60972 14 0.12630
15.8 2.67304 14 0.13000
15.9 2.73880 14 0.13366
16.0 2.80453 14 0.13738
16.1 2.87143 14 0.14111
16.2 2.93953 14 0.14485
16.3 3.00883 14 0.14859
16.4 3.07935 14 0.15235
16.5 3.15109 14 0.15611
16.6 3.22404 14 0.15989
16.7 3.29826 14 0.16367
16.8 3.37374 14 0.16747
16.9 3.45050 14 0.17127
17.0 3.52853 14 0.17508
17.1 3.60786 14 0.17889
17.2 3.68850 14 0.18272
17.3 3.79584 14 0.18810
17.4 3.91896 14 0.19433
17.5 4.03448 14 0.20063
17.6 4.14300 14 0.20699
17.7 4.25357 14 0.21341
17.8 4.36621 14 0.21991
17.9 4.48096 14 0.22647
18.0 4.59782 14 0.23310
18.1 4.71683 14 0.23980
18.2 4.83800 14 0.24657
18.3 4.96138 14 0.25341
18.4 5.08697 14 0.26033
18.5 5.21481 14 0.26731
18.6 5.34492 14 0.27436
18.7 5.47733 14 0.28149
18.8 5.61206 14 0.28869
18.9 5.74915 14 0.29596
19.0 5.88861 14 0.30331
19.1 6.03048 14 0.31073
19.2 6.17478 14 0.31823
19.3 6.32154 14 0.32580
19.4 6.47079 14 0.33345
19.5 6.62256 14 0.34118
19.6 6.77687 14 0.34898
19.7 6.93376 14 0.35686
19.8 7.15272 14 0.36497
19.9 7.31409 14 0.37301
20.0 7.47810 14 0.38112
20.1 7.61611 14 0.38757
20.2 7.71231 14 0.39142
20.3 7.80934 14 0.39528
20.4 7.90721 14 0.39914
20.5 8.00591 14 0.40303
20.6 8.10545 14 0.40692
20.7 8.20584 14 0.41083
20.8 8.30708 14 0.41474
20.9 8.40917 14 0.41867
21.0 8.51211 14 0.42261
21.1 8.61591 14 0.42657
21.2 8.72057 14 0.43053
21.3 8.82609 14 0.43451
21.4 8.93247 14 0.43850
21.5 9.03972 14 0.44250
21.6 9.14785 14 0.44652
21.7 9.25685 14 0.45054
21.8 9.36672 14 0.45458
21.9 9.47748 14 0.45863
22.0 9.58912 14 0.46270
22.1 9.70165 14 0.46677
22.2 9.81506 14 0.47086
22.3 9.92938 14 0.47496
22.4 10.04458 14 0.47907
22.5 10.16069 14 0.48320
22.6 10.27769 14 0.48734
22.7 10.39561 14 0.49149
22.8 10.51443 14 0.49565
22.9 10.63416 14 0.49982
23.0 10.75481 14 0.50401
23.1 10.87638 14 0.50821
23.2 10.99887 14 0.51243
23.3 11.12228 14 0.51665
23.4 11.24662 14 0.52089
23.5 11.37189 14 0.52514
23.6 11.49810 14 0.52941
23.7 11.62525 14 0.53368
23.8 11.75333 14 0.53797
23.9 11.88237 14 0.54228
24.0 12.01234 14 0.54659
24.1 12.14328 14 0.55092
24.2 12.27516 14 0.55526
24.3 12.40800 14 0.55962
24.4 12.54181 14 0.56399
24.5 12.67658 14 0.56837
24.6 12.81232 14 0.57276
24.7 12.94903 14 0.57717
24.8 13.08671 14 0.58159
24.9 13.22537 14 0.58603
25.0 13.36502 14 0.59047
25.1 13.50565 14 0.59493
25.2 13.64727 14 0.59941
25.3 13.78988 14 0.60390
25.4 13.93349 14 0.60840
25.5 14.07810 14 0.61291
25.6 14.22371 14 0.61744
25.7 14.37033 14 0.62198
25.8 14.51796 14 0.62654
25.9 14.66660 14 0.63111
26.0 14.81626 14 0.63569
26.1 14.96694 14 0.64029
26.2 15.11864 14 0.64490
26.3 15.27138 14 0.64952
26.4 15.42514 14 0.65416
26.5 15.57994 14 0.65881
26.6 15.73578 14 0.66348
26.7 15.89267 14 0.66816
26.8 16.05060 14 0.67285
26.9 16.20958 14 0.67756
27.0 16.36961 14 0.68228
27.1 16.53070 14 0.68702
27.2 16.69286 14 0.69177
27.3 16.85608 14 0.69654
27.4 17.02036 14 0.70132
27.5 17.18573 14 0.70611
27.6 17.35216 14 0.71092
27.7 17.51969 14 0.71574
27.8 17.68828 14 0.72058
27.9 17.85798 14 0.72543
28.0 18.02876 14 0.73030
28.1 18.20064 14 0.73518
28.2 18.37362 14 0.74007
28.3 18.54770 14 0.74499
28.4 18.72289 14 0.74991
28.5 18.89919 14 0.75485
28.6 19.07661 14 0.75981
28.7 19.25515 14 0.76478
28.8 19.43481 14 0.76976
28.9 19.61560 14 0.77476
29.0 19.79752 14 0.77978
29.1 19.98057 14 0.78481
29.2 20.16476 14 0.78985
29.3 20.35010 14 0.79491
29.4 20.53658 14 0.79999
29.5 20.72421 14 0.80508
29.6 20.91300 14 0.81018
29.7 21.10295 14 0.81531
29.8 21.29406 14 0.82044
29.9 21.48634 14 0.82559
30.0 21.67979 14 0.83076
30.1 21.87442 14 0.83595
30.2 22.07023 14 0.84115
30.3 22.26722 14 0.84636
30.4 22.46540 14 0.85159
30.5 22.66478 14 0.85684
30.6 22.86535 14 0.86210
30.7 23.06712 14 0.86738
30.8 23.27009 14 0.87267
30.9 23.47428 14 0.87798
31.0 23.67967 14 0.88331
31.1 23.88629 14 0.88865
31.2 24.09413 14 0.89401
31.3 24.30320 14 0.89938
31.4 24.51349 14 0.90477
31.5 24.72503 14 0.91018
31.6 24.93779 14 0.91560
31.7 25.15181 14 0.92104
31.8 25.36706 14 0.92650
31.9 25.58358 14 0.93197
32.0 25.80136 14 0.93746
32.1 26.02039 14 0.94297
32.2 26.24068 14 0.94849
32.3 26.46225 14 0.95403
32.4 26.68509 14 0.95959
32.5 26.90922 14 0.96516
32.6 27.13462 14 0.97075
32.7 27.36132 14 0.97636
32.8 27.58930 14 0.98198
32.9 27.81858 14 0.98762
33.0 28.04917 14 0.99328
33.1 28.28105 14 0.99895
33.2 28.30242 14 1.00000
33.3 28.37966 14 1.00000
33.4 28.45682 14 1.00000
33.5 28.53392 14 1.00000
33.6 28.61096 14 1.00000
33.7 28.68795 14 1.00000
33.8 28.76488 14 1.00000
33.9 28.84175 14 1.00000
34.0 28.91858 14 1.00000
34.1 28.99443 14 1.00000
34.2 29.07073 14 1.00000
34.3 29.14689 14 1.00000
34.4 29.08834 14 1.00000
34.5 29.16476 14 1.00000
34.6 29.14740 14 1.00000
34.7 29.22334 14 1.00000
34.8 29.29922 14 1.00000
34.9 29.22760 14 1.00000
35.0 29.30378 14 1.00000
35.1 29.37987 14 1.00000
35.2 29.45582 14 1.00000
35.3 29.38254 14 1.00000
35.4 29.45772 14 1.00000
35.5 29.53349 14 1.00000
35.6 29.60923 14 1.00000
35.7 29.53342 14 1.00000
35.8 27.59358 14 1.00000
35.9 25.74405 14 1.00000
36.0 23.84519 14 1.00000
36.1 21.94197 14 1.00000
36.2 19.91126 14 1.00000
36.3 17.72483 14 1.00000
36.4 16.19019 14 1.00000
36.5 14.56084 14 1.00000
36.6 13.33385 14 1.00000
36.7 13.33206 14 1.00000
36.8 13.34906 14 1.00000
36.9 13.38227 14 1.00000
37.0 13.29861 14 1.00000
37.1 13.34232 14 1.00000
37.2 13.38605 14 1.00000
37.3 13.43802 14 1.00000
37.4 13.56150 14 1.00000
37.5 13.47566 14 1.00000
37.6 13.51946 14 1.00000
37.7 13.56327 14 1.00000
37.8 13.61438 14 1.00000
37.9 13.74059 14 1.00000
38.0 13.77753 14 1.00000
38.1 13.81459 14 1.00000
38.2 13.85081 14 1.00000
38.3 13.79202 14 1.00000
38.4 13.91983 14 1.00000
38.5 13.95659 14 1.00000
38.6 13.99371 14 1.00000
38.7 14.02992 14 1.00000
38.8 14.06599 14 1.00000
38.9 14.10222 14 1.00000
39.0 14.13836 14 1.00000
39.1 14.17300 14 1.00000
39.2 14.20891 14 1.00000
39.3 14.24505 14 1.00000
39.4 14.28119 14 1.00000
39.5 14.31735 14 1.00000
39.6 14.35347 14 1.00000
39.7 14.38952 14 1.00000
39.8 14.42554 14 1.00000
39.9 14.46012 14 1.00000
40.0 14.49626 14 1.00000
40.1 14.53235 14 1.00000
40.2 14.56840 14 1.00000
40.3 14.60438 14 1.00000
40.4 14.64030 14 1.00000
40.5 14.67614 14 1.00000
40.6 14.71263 14 1.00000
40.7 14.74717 14 1.00000
40.8 14.78308 14 1.00000
40.9 14.81900 14 1.00000
41.0 14.85480 14 1.00000
41.1 14.89328 14 1.00000
41.2 14.93766 14 1.00000
41.3 14.98206 14 1.00000
41.4 15.02646 14 1.00000
41.5 15.03342 14 1.00000
41.6 15.07456 14 1.00000
41.7 15.11903 14 1.00000
41.8 15.16351 14 1.00000
41.9 15.20800 14 1.00000
42.0 15.25317 14 1.00000
42.1 15.31165 14 1.00000
42.2 15.36478 14 1.00000
42.3 15.34560 14 1.00000
42.4 15.39018 14 1.00000
42.5 15.44022 14 1.00000
42.6 15.49710 14 1.00000
42.7 15.54884 14 1.00000
42.8 15.66033 14 1.00000
42.9 15.69774 14 1.00000
43.0 15.73429 14 1.00000
43.1 15.68317 14 1.00000
43.2 15.80338 14 1.00000
43.3 15.84125 14 1.00000
43.4 15.87823 14 1.00000
43.5 15.91447 14 1.00000
43.6 15.95100 14 1.00000
43.7 15.98749 14 1.00000
43.8 16.02215 14 1.00000
43.9 16.05829 14 1.00000
44.0 16.09471 14 1.00000
44.1 16.13121 14 1.00000
44.2 16.16764 14 1.00000
44.3 16.20400 14 1.00000
44.4 16.24042 14 1.00000
44.5 16.27664 14 1.00000
44.6 16.31123 14 1.00000
44.7 16.34771 14 1.00000
44.8 16.38407 14 1.00000
44.9 16.42035 14 1.00000
45.0 16.45649 14 1.00000
45.1 16.49268 14 1.00000
45.2 16.52869 14 1.00000
45.3 16.56396 14 1.00000
45.4 16.60016 14 1.00000
45.5 16.63627 14 1.00000
45.6 16.67229 14 1.00000
45.7 16.70842 14 1.00000
45.8 16.75093 14 1.00000
45.9 16.79602 14 1.00000
46.0 16.81579 14 1.00000
46.1 16.85173 14 1.00000
46.2 16.89253 14 1.00000
46.3 16.93766 14 1.00000
46.4 16.98279 14 1.00000
46.5 17.02794 14 1.00000
46.6 17.07309 14 1.00000
46.7 17.07985 14 1.00000
46.8 17.12506 14 1.00000
46.9 17.17029 14 1.00000
47.0 17.21552 14 1.00000
47.1 17.26180 14 1.00000
47.2 17.32199 14 1.00000
47.3 17.31323 14 1.00000
47.4 17.35854 14 1.00000
47.5 17.40387 14 1.00000
47.6 17.46252 14 1.00000
47.7 17.51783 14 1.00000
47.8 17.64558 14 1.00000
47.9 17.54757 14 1.00000
48.0 17.60447 14 1.00000
48.1 17.66024 14 1.00000
48.2 17.78978 14 1.00000
48.3 17.82818 14 1.00000
48.4 17.86515 14 1.00000
48.5 17.80375 14 1.00000
48.6 17.93471 14 1.00000
48.7 17.97325 14 1.00000
48.8 18.00946 14 1.00000
48.9 18.04603 14 1.00000
49.0 18.07952 14 1.00000
49.1 18.11736 14 1.00000
49.2 18.15368 14 1.00000
49.3 18.19039 14 1.00000
49.4 18.22706 14 1.00000
49.5 18.26134 14 1.00000
49.6 18.29787 14 1.00000
49.7 18.33457 14 1.00000
49.8 18.37134 14 1.00000
49.9 18.40534 14 1.00000
50.0 18.44204 14 1.00000
50.1 18.47869 14 1.00000
50.2 18.51544 14 1.00000
50.3 18.54939 14 1.00000
50.4 18.58611 14 1.00000
50.5 18.62279 14 1.00000
50.6 18.65677 14 1.00000
50.7 18.69335 14 1.00000
50.8 18.73013 14 1.00000
50.9 18.76414 14 1.00000
51.0 18.80068 14 1.00000
51.1 18.83738 14 1.00000
51.2 18.87148 14 1.00000
51.3 18.90789 14 1.00000
51.4 18.94283 14 1.00000
51.5 18.97160 14 1.00000
51.6 18.84675 14 1.00000
51.7 18.85860 14 1.00000
51.8 18.88127 14 1.00000
51.9 18.91165 14 1.00000
52.0 18.94707 14 1.00000
52.1 18.98266 14 1.00000
52.2 19.01805 14 1.00000
52.3 19.05342 14 1.00000
52.4 19.08871 14 1.00000
52.5 19.12377 14 1.00000
52.6 19.15861 14 1.00000
52.7 19.19322 14 1.00000
52.8 19.23524 14 1.00000
52.9 19.28200 14 1.00000
53.0 19.49308 14 1.00000
53.1 19.53143 14 1.00000
53.2 19.57210 14 1.00000
53.3 19.60984 14 1.00000
53.4 19.64496 14 1.00000
53.5 19.68034 14 1.00000
53.6 19.71626 14 1.00000
53.7 19.75231 14 1.00000
53.8 19.78828 14 1.00000
53.9 19.82423 14 1.00000
54.0 19.86023 14 1.00000
54.1 19.89606 14 1.00000
54.2 19.93176 14 1.00000
54.3 19.96700 14 1.00000
54.4 20.00240 14 1.00000
54.5 20.03732 14 1.00000
54.6 20.07302 14 1.00000
54.7 20.11982 14 1.00000
54.8 20.16671 14 1.00000
54.9 20.21361 14 1.00000
55.0 20.26053 14 1.00000
55.1 20.45984 14 1.00000
55.2 20.50098 14 1.00000
55.3 20.53935 14 1.00000
55.4 20.57490 14 1.00000
55.5 20.61072 14 1.00000
55.6 20.64704 14 1.00000
55.7 20.68369 14 1.00000
55.8 20.72004 14 1.00000
55.9 20.75646 14 1.00000
56.0 20.79259 14 1.00000
56.1 20.82891 14 1.00000
56.2 20.86508 14 1.00000
56.3 20.90053 14 1.00000
56.4 20.93632 14 1.00000
56.5 20.97169 14 1.00000
56.6 21.00740 14 1.00000
56.7 21.05361 14 1.00000
56.8 21.10060 14 1.00000
56.9 21.14760 14 1.00000
57.0 21.19460 14 1.00000
57.1 21.24161 14 1.00000
57.2 21.28861 14 1.00000
57.3 21.33563 14 1.00000
57.4 21.52390 14 1.00000
57.5 21.56240 14 1.00000
57.6 21.59820 14 1.00000
57.7 21.63458 14 1.00000
57.8 21.67185 14 1.00000
57.9 21.70882 14 1.00000
58.0 21.74526 14 1.00000
58.1 21.78236 14 1.00000
58.2 21.81908 14 1.00000
58.3 21.85539 14 1.00000
58.4 21.89164 14 1.00000
58.5 21.92763 14 1.00000
58.6 21.96347 14 1.00000
58.7 21.99894 14 1.00000
58.8 22.03620 14 1.00000
58.9 22.08223 14 1.00000
59.0 22.12593 14 1.00000
59.1 22.16964 14 1.00000
59.2 22.21337 14 1.00000
59.3 22.25712 14 1.00000
59.4 22.30088 14 1.00000
59.5 22.34466 14 1.00000
59.6 22.38845 14 1.00000
59.7 22.43227 14 1.00000
59.8 22.47610 14 1.00000
59.9 22.51995 14 1.00000
60.0 22.56381 14 1.00000
60.1 22.60770 14 1.00000
60.2 22.65160 14 1.00000
60.3 22.83405 14 1.00000
60.4 22.87006 14 1.00000
60.5 22.90710 14 1.00000
60.6 22.94417 14 1.00000
60.7 22.98112 14 1.00000
60.8 23.01923 14 1.00000
60.9 23.05614 14 1.00000
61.0 23.09416 14 1.00000
61.1 23.13112 14 1.00000
61.2 23.16825 14 1.00000
61.3 23.20580 14 1.00000
61.4 23.24287 14 1.00000
61.5 23.28053 14 1.00000
61.6 23.31720 14 1.00000
61.7 23.35422 14 1.00000
61.8 23.39141 14 1.00000
61.9 23.42847 14 1.00000
62.0 23.46519 14 1.00000
62.1 23.50170 14 1.00000
62.2 23.53811 14 1.00000
62.3 23.57486 14 1.00000
62.4 23.61600 14 1.00000
62.5 23.66026 14 1.00000
62.6 23.70455 14 1.00000
62.7 23.74885 14 1.00000
62.8 23.79317 14 1.00000
62.9 23.83750 14 1.00000
63.0 23.88185 14 1.00000
63.1 23.92622 14 1.00000
63.2 23.97061 14 1.00000
63.3 24.01501 14 1.00000
63.4 24.07300 14 1.00000
63.5 24.12625 14 1.00000
63.6 24.17761 14 1.00000
63.7 24.22684 14 1.00000
63.8 24.27476 14 1.00000
63.9 24.32199 14 1.00000
64.0 24.36741 14 1.00000
64.1 24.51040 14 1.00000
64.2 24.54936 14 1.00000
64.3 24.58715 14 1.00000
64.4 24.62469 14 1.00000
64.5 24.66290 14 1.00000
64.6 24.70085 14 1.00000
64.7 24.73878 14 1.00000
64.8 24.77671 14 1.00000
64.9 24.81472 14 1.00000
65.0 24.85226 14 1.00000
65.1 24.89041 14 1.00000
65.2 24.92827 14 1.00000
65.3 24.96521 14 1.00000
65.4 25.00308 14 1.00000
65.5 25.04025 14 1.00000
65.6 25.07764 14 1.00000
65.7 25.11555 14 1.00000
65.8 25.15265 14 1.00000
65.9 25.18953 14 1.00000
66.0 25.22650 14 1.00000
66.1 25.26361 14 1.00000
66.2 25.30332 14 1.00000
66.3 25.34820 14 1.00000
66.4 25.39310 14 1.00000
66.5 25.43801 14 1.00000
66.6 25.48294 14 1.00000
66.7 25.52789 14 1.00000
66.8 25.57286 14 1.00000
66.9 25.61784 14 1.00000
67.0 25.66284 14 1.00000
67.1 25.70786 14 1.00000
67.2 25.75656 14 1.00000
67.3 25.83246 14 1.00000
67.4 25.88382 14 1.00000
67.5 25.93511 14 1.00000
67.6 25.98355 14 1.00000
67.7 26.03212 14 1.00000
67.8 26.07881 14 1.00000
67.9 26.12436 14 1.00000
68.0 26.16920 14 1.00000
68.1 26.21354 14 1.00000
68.2 26.25909 14 1.00000
68.3 26.39159 14 1.00000
68.4 26.43299 14 1.00000
68.5 26.48231 14 1.00000
68.6 26.51558 14 1.00000
68.7 26.56114 14 1.00000
68.8 26.60925 14 1.00000
68.9 26.66064 14 1.00000
69.0 26.69131 14 1.00000
69.1 26.73944 14 1.00000
69.2 26.78995 14 1.00000
69.3 26.84307 14 1.00000
69.4 26.87018 14 1.00000
69.5 26.92135 14 1.00000
69.6 26.97474 14 1.00000
69.7 27.03028 14 1.00000
69.8 27.05437 14 1.00000
69.9 27.10644 14 1.00000
70.0 27.16043 14 1.00000
70.1 27.12249 14 1.00000
70.2 27.17168 14 1.00000
70.3 27.29517 14 1.00000
70.4 27.35034 14 1.00000
70.5 27.30807 14 1.00000
70.6 27.35463 14 1.00000
70.7 27.39596 14 1.00000
70.8 27.44423 14 1.00000
70.9 27.49206 14 1.00000
71.0 27.53682 14 1.00000
71.1 27.57674 14 1.00000
71.2 27.61006 14 1.00000
71.3 27.67490 14 1.00000
71.4 27.71867 14 1.00000
71.5 27.75615 14 1.00000
71.6 27.76638 14 1.00000
71.7 27.79532 14 1.00000
71.8 27.89899 14 1.00000
71.9 27.93456 14 1.00000
72.0 27.94696 14 1.00000
72.1 27.97351 14 1.00000
72.2 28.01442 14 1.00000
72.3 28.11602 14 1.00000
72.4 28.12749 14 1.00000
72.5 28.15469 14 1.00000
72.6 28.19703 14 1.00000
72.7 28.24220 14 1.00000
72.8 28.29340 14 1.00000
72.9 28.33643 14 1.00000
73.0 28.37993 14 1.00000
73.1 28.42523 14 1.00000
73.2 28.47548 14 1.00000
73.3 28.54397 14 1.00000
73.4 28.60963 14 1.00000
73.5 28.60847 14 1.00000
73.6 28.65690 14 1.00000
73.7 28.72053 14 1.00000
73.8 28.78881 14 1.00000
73.9 28.85641 14 1.00000
74.0 28.92410 14 1.00000
74.1 28.93209 14 1.00000
74.2 28.96528 14 1.00000
74.3 29.03202 14 1.00000
74.4 29.09674 14 1.00000
74.5 29.16574 14 1.00000
74.6 29.23094 14 1.00000
74.7 29.29779 14 1.00000
74.8 29.27103 14 1.00000
74.9 29.33607 14 1.00000
75.0 29.40043 14 1.00000
75.1 29.46549 14 1.00000
75.2 29.53543 14 1.00000
75.3 29.60246 14 1.00000
75.4 29.56878 14 1.00000
75.5 29.63453 14 1.00000
75.6 29.70135 14 1.00000
75.7 29.76540 14 1.00000
75.8 29.83170 14 1.00000
75.9 29.80103 14 1.00000
76.0 29.84886 14 1.00000
76.1 29.88894 14 1.00000
76.2 29.90008 14 1.00000
76.3 30.06109 14 1.00000
76.4 30.03253 14 1.00000
76.5 30.08154 14 1.00000
76.6 30.12677 14 1.00000
76.7 30.13932 14 1.00000
76.8 30.17117 14 1.00000
76.9 30.19275 14 1.00000
77.0 30.22233 14 1.00000
77.1 30.36253 14 1.00000
77.2 30.40219 14 1.00000
77.3 30.41802 14 1.00000
77.4 30.45016 14 1.00000
77.5 30.46746 14 1.00000
77.6 30.50072 14 1.00000
77.7 30.55026 14 1.00000
77.8 30.62239 14 1.00000
77.9 30.65907 14 1.00000
78.0 30.73062 14 1.00000
78.1 30.75122 14 1.00000
78.2 30.77987 14 1.00000
78.3 30.82722 14 1.00000
78.4 30.89829 14 1.00000
78.5 30.96708 14 1.00000
78.6 31.03817 14 1.00000
78.7 31.10600 14 1.00000
78.8 31.05946 14 1.00000
78.9 31.10572 14 1.00000
79.0 31.16445 14 1.00000
79.1 31.23434 14 1.00000
79.2 31.30126 14 1.00000
79.3 31.37514 14 1.00000
79.4 31.44023 14 1.00000
79.5 31.50808 14 1.00000
79.6 31.57628 14 1.00000
79.7 31.64561 14 1.00000
79.8 31.56519 14 1.00000
79.9 31.63397 14 1.00000
80.0 31.70160 14 1.00000
80.1 31.76768 14 1.00000
80.2 31.83374 14 1.00000
80.3 31.90377 14 1.00000
80.4 31.96858 14 1.00000
80.5 31.95193 14 1.00000
80.6 32.00758 14 1.00000
80.7 32.05637 14 1.00000
80.8 32.08747 14 1.00000
80.9 32.15550 14 1.00000
81.0 32.22129 14 1.00000
81.1 32.28760 14 1.00000
81.2 32.35317 14 1.00000
81.3 32.33471 14 1.00000
81.4 32.38661 14 1.00000
81.5 32.43573 14 1.00000
81.6 32.47868 14 1.00000
81.7 32.49732 14 1.00000
81.8 32.54509 14 1.00000
81.9 32.66323 14 1.00000
82.0 32.72908 14 1.00000
82.1 32.71190 14 1.00000
82.2 32.76513 14 1.00000
82.3 32.81700 14 1.00000
82.4 32.85983 14 1.00000
82.5 32.88161 14 1.00000
82.6 32.91938 14 1.00000
82.7 32.94703 14 1.00000
82.8 32.96691 14 1.00000
82.9 32.98447 14 1.00000
83.0 33.14108 14 1.00000
83.1 33.19612 14 1.00000
83.2 33.24425 14 1.00000
83.3 33.29123 14 1.00000
83.4 33.33117 14 1.00000
83.5 33.34998 14 1.00000
83.6 33.37931 14 1.00000
83.7 33.40175 14 1.00000
83.8 33.41225 14 1.00000
83.9 33.46305 14 1.00000
84.0 33.53251 14 1.00000
84.1 33.60333 14 1.00000
84.2 33.66484 14 1.00000
84.3 33.76672 14 1.00000
84.4 33.78698 14 1.00000
84.5 33.82595 14 1.00000
84.6 33.85814 14 1.00000
84.7 33.88153 14 1.00000
84.8 33.88825 14 1.00000
84.9 33.94090 14 1.00000
85.0 34.01093 14 1.00000
85.1 34.08129 14 1.00000
85.2 34.14862 14 1.00000
85.3 34.21624 14 1.00000
85.4 34.28244 14 1.00000
85.5 34.23459 14 1.00000
85.6 34.34664 14 1.00000
85.7 34.37296 14 1.00000
85.8 34.39351 14 1.00000
85.9 34.40914 14 1.00000
86.0 34.46947 14 1.00000
86.1 34.54265 14 1.00000
86.2 34.61028 14 1.00000
86.3 34.67589 14 1.00000
86.4 34.74318 14 1.00000
86.5 34.80955 14 1.00000
86.6 34.87063 14 1.00000
86.7 34.93237 14 1.00000
86.8 34.99372 14 1.00000
86.9 34.99910 14 1.00000
87.0 34.95269 14 1.00000
87.1 34.98950 14 1.00000
87.2 35.05589 14 1.00000
87.3 35.12387 14 1.00000
87.4 35.18874 14 1.00000
87.5 35.26189 14 1.00000
87.6 35.31904 14 1.00000
87.7 35.37952 14 1.00000
87.8 35.43994 14 1.00000
87.9 35.50231 14 1.00000
88.0 35.56356 14 1.00000
88.1 35.62723 14 1.00000
88.2 35.61977 14 1.00000
88.3 35.67421 14 1.00000
88.4 35.76702 14 1.00000
88.5 35.69010 14 1.00000
88.6 35.75514 14 1.00000
88.7 35.81590 14 1.00000
88.8 35.87665 14 1.00000
88.9 35.93699 14 1.00000
89.0 35.99884 14 1.00000
89.1 36.06197 14 1.00000
89.2 36.12474 14 1.00000
89.3 36.18738 14 1.00000
89.4 36.24983 14 1.00000
89.5 36.24150 14 1.00000
89.6 36.29089 14 1.00000
89.7 36.34716 14 1.00000
89.8 36.40020 14 1.00000
89.9 36.45032 14 1.00000
90.0 36.53023 14 1.00000
90.1 36.55765 14 1.00000
90.2 36.58636 14 1.00000
90.3 36.61670 14 1.00000
90.4 36.71959 14 1.00000
90.5 36.75746 14 1.00000
90.6 36.86092 14 1.00000
90.7 36.96414 14 1.00000
90.8 37.06737 14 1.00000
90.9 37.17045 14 1.00000
91.0 37.27354 14 1.00000
91.1 37.37689 14 1.00000
91.2 37.47985 14 1.00000
91.3 37.58281 14 1.00000
91.4 37.68573 14 1.00000
91.5 37.78891 14 1.00000
91.6 37.89175 14 1.00000
91.7 37.99455 14 1.00000
91.8 38.09731 14 1.00000
91.9 38.19997 14 1.00000
92.0 38.30288 14 1.00000
92.1 38.40552 14 1.00000
92.2 38.50811 14 1.00000
92.3 38.61071 14 1.00000
92.4 38.71341 14 1.00000
92.5 38.81588 14 1.00000
92.6 38.91831 14 1.00000
92.7 39.02070 14 1.00000
92.8 39.12329 14 1.00000
92.9 39.22561 14 1.00000
93.0 39.32787 14 1.00000
93.1 39.43016 14 1.00000
93.2 39.53259 14 1.00000
93.3 39.63474 14 1.00000
93.4 39.73680 14 1.00000
93.5 39.83912 14 1.00000
93.6 39.94115 14 1.00000
93.7 40.04315 14 1.00000
93.8 40.14516 14 1.00000
93.9 40.24726 14 1.00000
94.0 40.34920 14 1.00000
94.1 40.45104 14 1.00000
94.2 40.55285 14 1.00000
94.3 40.65485 14 1.00000
94.4 40.75653 14 1.00000
94.5 40.85822 14 1.00000
94.6 40.96011 14 1.00000
94.7 41.06178 14 1.00000
94.8 41.16336 14 1.00000
94.9 41.26491 14 1.00000
95.0 41.36665 14 1.00000
95.1 41.46807 14 1.00000
95.2 41.56955 14 1.00000
95.3 41.67118 14 1.00000
95.4 41.77254 14 1.00000
95.5 41.87381 14 1.00000
95.6 41.97539 14 1.00000
95.7 42.07664 14 1.00000
95.8 42.17780 14 1.00000
95.9 42.27921 14 1.00000
96.0 42.38036 14 1.00000
96.1 42.48146 14 1.00000
96.2 42.58277 14 1.00000
96.3 42.68381 14 1.00000
96.4 42.78486 14 1.00000
96.5 42.88601 14 1.00000
96.6 42.98700 14 1.00000
96.7 43.08784 14 1.00000
96.8 43.18899 14 1.00000
96.9 43.28982 14 1.00000
97.0 43.39061 14 1.00000
97.1 43.49155 14 1.00000
97.2 43.59233 14 1.00000
97.3 43.69302 14 1.00000
97.4 43.79390 14 1.00000
97.5 43.89453 14 1.00000
97.6 43.99512 14 1.00000
97.7 44.09591 14 1.00000
97.8 44.19643 14 1.00000
97.9 44.29692 14 1.00000
98.0 44.38855 14 1.00000
98.1 44.47928 14 1.00000
98.2 44.57005 14 1.00000
98.3 44.66102 14 1.00000
98.4 44.75186 14 1.00000
98.5 44.84278 14 1.00000
98.6 44.93386 14 1.00000
98.7 45.02485 14 1.00000
98.8 45.11599 14 1.00000
98.9 45.20700 14 1.00000
99.0 45.29809 14 1.00000
99.1 45.38938 14 1.00000
99.2 40.50000 14 1.00000
99.3 40.50000 14 1.00000
99.4 40.50000 14 1.00000
99.5 40.50000 14 1.00000
99.6 40.50000 14 1.00000
99.7 40.50000 14 1.00000
99.8 40.50000 14 1.00000
99.9 40.50000 14 1.00000
100.0 40.50000 14 1.00000
100.1 40.50000 14 1.00000
100.2 40.50000 14 1.00000
100.3 40.50000 14 1.00000
100.4 40.50000 14 1.00000
100.5 40.50000 14 1.00000
100.6 40.50000 14 1.00000
100.7 40.50000 14 1.00000
100.8 40.50000 14 1.00000
100.9 40.50000 14 1.00000
101.0 40.50000 14 1.00000
101.1 40.50000 14 1.00000
101.2 40.50000 14 1.00000
101.3 40.50000 14 1.00000
101.4 40.50000 14 1.00000
101.5 40.50000 14 1.00000
101.6 40.50000 14 1.00000
101.7 40.50000 14 1.00000
101.8 40.50000 14 1.00000
101.9 40.50000 14 1.00000
102.0 40.50000 14 1.00000
102.1 40.50000 14 1.00000
102.2 40.50000 14 1.00000
102.3 40.50000 14 1.00000
102.4 40.50000 14 1.00000
102.5 40.50000 14 1.00000
102.6 40.50000 14 1.00000
102.7 40.50000 14 1.00000
102.8 40.50000 14 1.00000
102.9 40.50000 14 1.00000
103.0 40.50000 14 1.00000
103.1 40.50000 14 1.00000
103.2 40.50000 14 1.00000
103.3 40.50000 14 1.00000
103.4 40.50000 14 1.00000
103.5 40.50000 14 1.00000
103.6 40.50000 14 1.00000
103.7 40.50000 14 1.00000
103.8 40.50000 14 1.00000
103.9 40.50000 14 1.00000
104.0 40.50000 14 1.00000
104.1 40.50000 14 1.00000
104.2 40.50000 14 1.00000
104.3 40.50000 14 1.00000
104.4 40.50000 14 1.00000
104.5 40.50000 14 1.00000
104.6 40.50000 14 1.00000
104.7 40.50000 14 1.00000
104.8 40.50000 14 1.00000
104.9 40.50000 14 1.00000
105.0 40.50000 14 1.00000
105.1 40.50000 14 1.00000
105.2 40.50000 14 1.00000
105.3 40.50000 14 1.00000
105.4 40.50000 14 1.00000
105.5 40.50000 14 1.00000
105.6 40.50000 14 1.00000
105.7 40.50000 14 1.00000
105.8 40.50000 14 1.00000
105.9 40.50000 14 1.00000
106.0 40.50000 14 1.00000
106.1 40.50000 14 1.00000
106.2 40.50000 14 1.00000
106.3 40.50000 14 1.00000
106.4 40.50000 14 1.00000
106.5 40.50000 14 1.00000
106.6 40.50000 14 1.00000
106.7 40.50000 14 1.00000
106.8 40.50000 14 1.00000
106.9 40.50000 14 1.00000
107.0 40.50000 14 1.00000
107.1 40.50000 14 1.00000
107.2 40.50000 14 1.00000
107.3 40.50000 14 1.00000
107.4 40.50000 14 1.00000
107.5 40.50000 14 1.00000
107.6 40.50000 14 1.00000
107.7 40.50000 14 1.00000
107.8 40.50000 14 1.00000
107.9 40.50000 14 1.00000
108.0 40.50000 14 1.00000
108.1 40.50000 14 1.00000
108.2 40.50000 14 1.00000
108.3 40.50000 14 1.00000
108.4 40.50000 14 1.00000
108.5 40.50000 14 1.00000
108.6 40.50000 14 1.00000
108.7 40.50000 14 1.00000
108.8 40.50000 14 1.00000
108.9 40.50000 14 1.00000
109.0 40.50000 14 1.00000
109.1 40.50000 14 1.00000
109.2 40.50000 14 1.00000
109.3 40.50000 14 1.00000
109.4 40.50000 14 1.00000
109.5 40.50000 14 1.00000
109.6 40.50000 14 1.00000
109.7 40.50000 14 1.00000
109.8 40.50000 14 1.00000
109.9 40.50000 14 1.00000
110.0 40.50000 14 1.00000
110.1 40.50000 14 1.00000
110.2 40.50000 14 1.00000
110.3 40.50000 14 1.00000
110.4 40.50000 14 1.00000
110.5 40.50000 14 1.00000
110.6 40.50000 14 1.00000
110.7 40.50000 14 1.00000
110.8 40.50000 14 1.00000
110.9 40.50000 14 1.00000
111.0 40.50000 14 1.00000
111.1 40.50000 14 1.00000
111.2 40.50000 14 1.00000
111.3 40.50000 14 1.00000
111.4 40.50000 14 1.00000
111.5 40.50000 14 1.00000
111.6 40.50000 14 1.00000
111.7 40.50000 14 1.00000
111.8 40.50000 14 1.00000
111.9 40.50000 14 1.00000
112.0 40.50000 14 1.00000
112.1 40.50000 14 1.00000
112.2 40.50000 14 1.00000
112.3 40.50000 14 1.00000
112.4 40.50000 14 1.00000
112.5 40.50000 14 1.00000
112.6 40.50000 14 1.00000
112.7 40.50000 14 1.00000
112.8 40.50000 14 1.00000
112.9 40.50000 14 1.00000
113.0 40.50000 14 1.00000
113.1 40.50000 14 1.00000
113.2 40.50000 14 1.00000
113.3 40.50000 14 1.00000
113.4 40.50000 14 1.00000
113.5 40.50000 14 1.00000
113.6 40.50000 14 1.00000
113.7 40.50000 14 1.00000
113.8 40.50000 14 1.00000
113.9 40.50000 14 1.00000
114.0 40.50000 14 1.00000
114.1 40.50000 14 1.00000
114.2 40.50000 14 1.00000
114.3 40.50000 14 1.00000
114.4 40.50000 14 1.00000
114.5 40.50000 14 1.00000
114.6 40.50000 14 1.00000
114.7 40.50000 14 1.00000
114.8 40.50000 14 1.00000
114.9 40.50000 14 1.00000
115.0 40.50000 14 1.00000
115.1 40.50000 14 1.00000
115.2 40.50000 14 1.00000
115.3 40.50000 14 1.00000
115.4 40.50000 14 1.00000
115.5 40.50000 14 1.00000
115.6 40.50000 14 1.00000
115.7 40.50000 14 1.00000
115.8 40.50000 14 1.00000
115.9 40.50000 14 1.00000
116.0 40.50000 14 1.00000
116.1 40.50000 14 1.00000
116.2 40.50000 14 1.00000
116.3 40.50000 14 1.00000
116.4 40.50000 14 1.00000
116.5 40.50000 14 1.00000
116.6 40.50000 14 1.00000
116.7 40.50000 14 1.00000
116.8 40.50000 14 1.00000
116.9 40.50000 14 1.00000
117.0 40.50000 14 1.00000
117.1 40.50000 14 1.00000
117.2 40.50000 14 1.00000
117.3 40.50000 14 1.00000
117.4 40.50000 14 1.00000
117.5 40.50000 14 1.00000
117.6 40.50000 14 1.00000
117.7 40.50000 14 1.00000
117.8 40.50000 14 1.00000
117.9 40.50000 14 1.00000
118.0 40.50000 14 1.00000
118.1 40.50000 14 1.00000
118.2 40.50000 14 1.00000
118.3 40.50000 14 1.00000
118.4 40.50000 14 1.00000
118.5 40.50000 14 1.00000
118.6 40.50000 14 1.00000
118.7 40.50000 14 1.00000
118.8 40.50000 14 1.00000
118.9 40.50000 14 1.00000
119.0 40.50000 14 1.00000
119.1 40.50000 14 1.00000
119.2 40.50000 14 1.00000
119.3 40.50000 14 1.00000
119.4 40.50000 14 1.00000
119.5 40.50000 14 1.00000
119.6 40.50000 14 1.00000
119.7 40.50000 14 1.00000
119.8 40.50000 14 1.00000
119.9 40.50000 14 1.00000
120.0 40.50000 14 1.00000
120.1 40.50000 14 1.00000
120.2 40.50000 14 1.00000
120.3 40.50000 14 1.00000
120.4 40.50000 14 1.00000
120.5 40.50000 14 1.00000
120.6 40.50000 14 1.00000
120.7 40.50000 14 1.00000
120.8 40.50000 14 1.00000
120.9 40.50000 14 1.00000
121.0 40.50000 14 1.00000
121.1 40.50000 14 1.00000
121.2 40.50000 14 1.00000
121.3 40.50000 14 1.00000
121.4 40.50000 14 1.00000
121.5 40.50000 14 1.00000
121.6 40.50000 14 1.00000
121.7 40.50000 14 1.00000
121.8 40.50000 14 1.00000
121.9 40.50000 14 1.00000
122.0 40.50000 14 1.00000
122.1 40.50000 14 1.00000
122.2 40.50000 14 1.00000
122.3 40.50000 14 1.00000
122.4 40.50000 14 1.00000
122.5 40.50000 14 1.00000
122.6 40.50000 14 1.00000
122.7 40.50000 14 1.00000
122.8 40.50000 14 1.00000
122.9 40.50000 14 1.00000
123.0 40.50000 14 1.00000
123.1 40.50000 14 1.00000
123.2 40.50000 14 1.00000
123.3 40.50000 14 1.00000
123.4 40.50000 14 1.00000
123.5 40.50000 14 1.00000
123.6 40.50000 14 1.00000
123.7 40.50000 14 1.00000
123.8 40.50000 14 1.00000
123.9 40.50000 14 1.00000
124.0 40.50000 14 1.00000
124.1 40.50000 14 1.00000
124.2 40.50000 14 1.00000
124.3 40.50000 14 1.00000
124.4 40.50000 14 1.00000
124.5 40.50000 14 1.00000
124.6 40.50000 14 1.00000
124.7 40.50000 14 1.00000
124.8 40.50000 14 1.00000
124.9 40.50000 14 1.00000
125.0 40.50000 14 1.00000
125.1 40.50000 14 1.00000
125.2 40.50000 14 1.00000
125.3 40.50000 14 1.00000
125.4 40.50000 14 1.00000
125.5 40.50000 14 1.00000
125.6 40.50000 14 1.00000
125.7 40.50000 14 1.00000
125.8 40.50000 14 1.00000
125.9 40.50000 14 1.00000
126.0 40.50000 14 1.00000
126.1 40.50000 14 1.00000
126.2 40.50000 14 1.00000
126.3 40.50000 14 1.00000
126.4 40.50000 14 1.00000
126.5 40.50000 14 1.00000
126.6 40.50000 14 1.00000
126.7 40.50000 14 1.00000
126.8 40.50000 14 1.00000
126.9 40.50000 14 1.00000
127.0 40.50000 14 1.00000
127.1 40.50000 14 1.00000
127.2 40.50000 14 1.00000
127.3 40.50000 14 1.00000
127.4 40.50000 14 1.00000
127.5 40.50000 14 1.00000
127.6 40.50000 14 1.00000
127.7 40.50000 14 1.00000
127.8 40.50000 14 1.00000
127.9 40.50000 14 1.00000
128.0 40.50000 14 1.00000
128.1 40.50000 14 1.00000
128.2 40.50000 14 1.00000
128.3 40.50000 14 1.00000
128.4 40.50000 14 1.00000
128.5 40.50000 14 1.00000
128.6 40.50000 14 1.00000
128.7 40.50000 14 1.00000
128.8 40.50000 14 1.00000
128.9 40.50000 14 1.00000
129.0 40.50000 14 1.00000
129.1 40.50000 14 1.00000
129.2 40.50000 14 1.00000
129.3 40.50000 14 1.00000
129.4 40.50000 14 1.00000
129.5 40.50000 14 1.00000
129.6 40.50000 14 1.00000
129.7 40.50000 14 1.00000
129.8 40.50000 14 1.00000
129.9 40.50000 14 1.00000
130.0 40.50000 14 1.00000
130.1 40.50000 14 1.00000
130.2 40.50000 14 1.00000
130.3 40.50000 14 1.00000
130.4 40.50000 14 1.00000
130.5 40.50000 14 1.00000
130.6 40.50000 14 1.00000
130.7 40.50000 14 1.00000
130.8 40.50000 14 1.00000
130.9 40.50000 14 1.00000
131.0 40.50000 14 1.00000
131.1 40.50000 14 1.00000
131.2 40.50000 14 1.00000
131.3 40.50000 14 1.00000
131.4 40.50000 14 1.00000
131.5 40.50000 14 1.00000
131.6 40.50000 14 1.00000
131.7 40.50000 14 1.00000
131.8 40.50000 14 1.00000
131.9 40.50000 14 1.00000
132.0 40.50000 14 1.00000
132.1 40.50000 14 1.00000
132.2 40.50000 14 1.00000
132.3 40.50000 14 1.00000
132.4 40.50000 14 1.00000
132.5 40.50000 14 1.00000
132.6 40.50000 14 1.00000
132.7 40.50000 14 1.00000
132.8 40.50000 14 1.00000
132.9 40.50000 14 1.00000
133.0 40.50000 14 1.00000
133.1 40.50000 14 1.00000
133.2 40.50000 14 1.00000
133.3 40.50000 14 1.00000
133.4 40.50000 14 1.00000
133.5 40.50000 14 1.00000
133.6 40.50000 14 1.00000
133.7 40.50000 14 1.00000
133.8 40.50000 14 1.00000
133.9 40.50000 14 1.00000
134.0 40.50000 14 1.00000
134.1 40.50000 14 1.00000
134.2 40.50000 14 1.00000
134.3 40.50000 14 1.00000
134.4 40.50000 14 1.00000
134.5 40.50000 14 1.00000
134.6 40.50000 14 1.00000
134.7 40.50000 14 1.00000
134.8 40.50000 14 1.00000
134.9 40.50000 14 1.00000
135.0 40.50000 14 1.00000
135.1 40.50000 14 1.00000
135.2 40.50000 14 1.00000
135.3 40.50000 14 1.00000
135.4 40.50000 14 1.00000
135.5 40.50000 14 1.00000
135.6 40.50000 14 1.00000
135.7 40.50000 14 1.00000
135.8 40.50000 14 1.00000
135.9 40.50000 14 1.00000
136.0 40.50000 14 1.00000
136.1 40.50000 14 1.00000
136.2 40.50000 14 1.00000
136.3 40.50000 14 1.00000
136.4 40.50000 14 1.00000
136.5 40.50000 14 1.00000
136.6 40.50000 14 1.00000
136.7 40.50000 14 1.00000
136.8 40.50000 14 1.00000
136.9 40.50000 14 1.00000
137.0 40.50000 14 1.00000
137.1 40.50000 14 1.00000
137.2 40.50000 14 1.00000
137.3 40.50000 14 1.00000
137.4 40.50000 14 1.00000
137.5 40.50000 14 1.00000
137.6 40.50000 14 1.00000
137.7 40.50000 14 1.00000
137.8 40.50000 14 1.00000
137.9 40.50000 14 1.00000
138.0 40.50000 14 1.00000
138.1 40.50000 14 1.00000
138.2 0.00000 15 0.00000
138.3 0.00000 15 0.00000
138.4 0.00000 15 0.00000
138.5 0.00000 15 0.00000
138.6 0.00000 15 0.00000
138.7 0.00000 15 0.00000
138.8 0.00000 15 0.00000
138.9 0.00000 15 0.00000
139.0 0.00000 15 0.00000
139.1 0.00000 15 0.00000
139.2 0.00000 15 0.00000
139.3 0.00000 15 0.00000
139.4 0.00000 15 0.00000
139.5 0.00000 15 0.00000
139.6 0.00000 15 0.00000
139.7 0.00000 15 0.00000
139.8 0.00000 15 0.00000
139.9 0.00000 15 0.00000
140.0 0.00000 15 0.00000
140.1 0.00000 15 0.00000
140.2 0.00000 15 0.00000
140.3 0.00000 15 0.00000
140.4 0.00000 15 0.00000
140.5 0.00000 15 0.00000
140.6 0.00000 15 0.00000
140.7 0.00000 15 0.00000
140.8 0.00000 15 0.00000
140.9 0.00000 15 0.00000
141.0 0.00000 15 0.00000
141.1 0.00000 15 0.00000
141.2 0.00000 15 0.00000
141.3 0.00000 15 0.00000
141.4 0.00000 15 0.00000
141.5 0.00000 15 0.00000
141.6 0.00000 15 0.00000
141.7 0.00000 15 0.00000
141.8 0.00000 15 0.00000
141.9 0.00000 15 0.00000
142.0 0.00000 15 0.00000
142.1 0.00000 15 0.00000
142.2 0.00000 15 0.00000
142.3 0.00000 15 0.00000
142.4 0.00000 15 0.00000
142.5 0.00000 15 0.00000
142.6 0.00000 15 0.00000
142.7 0.00000 15 0.00000
142.8 0.00000 15 0.00000
142.9 0.00000 15 0.00000
143.0 0.00000 15 0.00000
143.1 0.00000 15 0.00000
143.2 0.00000 15 0.00000
143.3 0.00000 15 0.00000
143.4 0.00000 15 0.00000
143.5 0.00000 15 0.00000
143.6 0.00000 15 0.00000
143.7 0.00000 15 0.00000
143.8 0.00000 15 0.00000
143.9 0.00000 15 0.00000
144.0 0.00000 15 0.00000
144.1 0.00000 15 0.00000
144.2 0.00000 15 0.00000
144.3 0.00000 15 0.00000
144.4 0.00000 15 0.00000
144.5 0.00000 15 0.00000
144.6 0.00000 15 0.00000
144.7 0.00000 15 0.00000
144.8 0.00000 15 0.00000
144.9 0.00000 15 0.00000
145.0 0.00000 15 0.00000
145.1 0.00000 15 0.00000
145.2 0.00000 15 0.00000
145.3 0.00000 15 0.00000
145.4 0.00000 15 0.00000
145.5 0.00000 15 0.00000
145.6 0.00000 15 0.00000
145.7 0.00000 15 0.00000
145.8 0.00000 15 0.00000
145.9 0.00000 15 0.00000
146.0 0.00000 15 0.00000
146.1 0.00000 15 0.00000
146.2 0.00000 15 0.00000
146.3 0.00000 15 0.00000
146.4 0.00000 15 0.00000
146.5 0.00000 15 0.00000
146.6 0.00000 15 0.00000
146.7 0.00000 15 0.00000
146.8 0.00000 15 0.00000
146.9 0.00000 15 0.00000
147.0 0.00000 15 0.00000
147.1 0.00000 15 0.00000
147.2 0.00000 15 0.00000
147.3 0.00000 15 0.00000
147.4 0.00000 15 0.00000
147.5 0.00000 15 0.00000
147.6 0.00000 15 0.00000
147.7 0.00000 15 0.00000
147.8 0.00000 15 0.00000
147.9 0.00000 15 0.00000
148.0 0.00000 15 0.00000
148.1 0.00000 15 0.00000
148.2 0.00000 15 0.00000
148.3 0.00000 15 0.00000
148.4 0.00000 15 0.00000
148.5 0.00000 15 0.00000
148.6 0.00000 15 0.00000
148.7 0.00000 15 0.00000
148.8 0.00000 15 0.00000
148.9 0.00000 15 0.00000
149.0 0.00000 15 0.00000
149.1 0.00000 15 0.00000
149.2 0.00000 15 0.00000
149.3 0.00000 15 0.00000
149.4 0.00000 15 0.00000
149.5 0.00000 15 0.00000
149.6 0.00000 15 0.00000
149.7 0.00000 15 0.00000
149.8 0.00000 15 0.00000
149.9 0.00000 15 0.00000
150.0 0.00000 15 0.00000
150.1 0.00000 15 0.00000
150.2 0.00000 15 0.00000
150.3 0.00000 15 0.00000
150.4 0.00000 15 0.00000
150.5 0.00000 15 0.00000
150.6 0.00000 15 0.00000
150.7 0.00000 15 0.00000
150.8 0.00000 15 0.00000
150.9 0.00000 15 0.00000
151.0 0.00000 15 0.00000
151.1 0.00000 15 0.00000
151.2 0.00000 15 0.00000
151.3 0.00000 15 0.00000
151.4 0.00000 15 0.00000
151.5 0.00000 15 0.00000
151.6 0.00000 15 0.00000
151.7 0.00000 15 0.00000
151.8 0.00000 15 0.00000
151.9 0.00000 15 0.00000
152.0 0.00000 15 0.00000
152.1 0.00000 15 0.00000
152.2 0.00000 15 0.00000
152.3 0.00000 15 0.00000
152.4 0.00000 15 0.00000
152.5 0.00000 15 0.00000
152.6 0.00000 15 0.00000
152.7 0.00000 15 0.00000
152.8 0.00000 15 0.00000
152.9 0.00000 15 0.00000
153.0 0.00000 15 0.00000
153.1 0.00000 15 0.00000
153.2 0.00000 15 0.00000
153.3 0.00000 15 0.00000
153.4 0.00000 15 0.00000
153.5 0.00000 15 0.00000
153.6 0.00000 15 0.00000
153.7 0.00000 15 0.00000
153.8 0.00000 15 0.00000
153.9 0.00000 15 0.00000
154.0 0.00000 15 0.00000
154.1 0.00000 15 0.00000
154.2 0.00000 15 0.00000
154.3 0.00000 15 0.00000
154.4 0.00000 15 0.00000
154.5 0.00000 15 0.00000
154.6 0.00000 15 0.00000
154.7 0.00000 15 0.00000
154.8 0.00000 15 0.00000
154.9 0.00000 15 0.00000
155.0 0.00000 15 0.00000
155.1 0.00000 15 0.00000
155.2 0.00000 15 0.00000
155.3 0.00000 15 0.00000
155.4 0.00000 15 0.00000
155.5 0.00000 15 0.00000
155.6 0.00000 15 0.00000
155.7 0.00000 15 0.00000
155.8 0.00000 15 0.00000
155.9 0.00000 15 0.00000
156.0 0.00000 15 0.00000
156.1 0.00000 15 0.00000
156.2 0.00000 15 0.00000
156.3 0.00000 15 0.00000
156.4 0.00000 15 0.00000
156.5 0.00000 15 0.00000
156.6 0.00000 15 0.00000
156.7 0.00000 15 0.00000
156.8 0.00000 15 0.00000
156.9 0.00000 15 0.00000
157.0 0.00000 15 0.00000
157.1 0.00000 15 0.00000
157.2 0.00000 15 0.00000
157.3 0.00000 15 0.00000
157.4 0.00000 15 0.00000
157.5 0.00000 15 0.00000
157.6 0.00000 15 0.00000
157.7 0.00000 15 0.00000
157.8 0.00000 15 0.00000
157.9 0.00000 15 0.00000
158.0 0.00000 15 0.00000
158.1 0.00000 15 0.00000
158.2 0.00000 15 0.00000
158.3 0.00000 15 0.00000
158.4 0.00000 15 0.00000
158.5 0.00000 15 0.00000
158.6 0.00000 15 0.00000
158.7 0.00000 15 0.00000
158.8 0.00000 15 0.00000
158.9 0.00000 15 0.00000
159.0 0.00000 15 0.00000
159.1 0.00000 15 0.00000
159.2 0.00000 15 0.00000
159.3 0.00000 15 0.00000
159.4 0.00000 15 0.00000
159.5 0.00000 15 0.00000
159.6 0.00000 15 0.00000
159.7 0.00000 15 0.00000
159.8 0.00000 15 0.00000
159.9 0.00000 15 0.00000
160.0 0.00000 15 0.00000
160.1 0.00000 15 0.00000
160.2 0.00000 15 0.00000
160.3 0.00000 15 0.00000
160.4 0.00000 15 0.00000
160.5 0.00000 15 0.00000
160.6 0.00000 15 0.00000
160.7 0.00000 15 0.00000
160.8 0.00000 15 0.00000
160.9 0.00000 15 0.00000
161.0 0.00000 15 0.00000
161.1 0.00000 15 0.00000
161.2 0.00000 15 0.00000
161.3 0.00000 15 0.00000
161.4 0.00000 15 0.00000
161.5 0.00000 15 0.00000
161.6 0.00000 15 0.00000
161.7 0.00000 15 0.00000
161.8 0.00000 15 0.00000
161.9 0.00000 15 0.00000
162.0 0.00000 15 0.00000
162.1 0.00000 15 0.00000
162.2 0.00000 15 0.00000
162.3 0.00000 15 0.00000
162.4 0.00000 15 0.00000
162.5 0.00000 15 0.00000
162.6 0.00000 15 0.00000
162.7 0.00000 15 0.00000
162.8 0.00000 15 0.00000
162.9 0.00000 15 0.00000
163.0 0.00000 15 0.00000
163.1 0.00000 15 0.00000
163.2 0.00000 15 0.00000
163.3 0.00000 15 0.00000
163.4 0.00000 15 0.00000
163.5 0.00000 15 0.00000
163.6 0.00000 15 0.00000
163.7 0.00000 15 0.00000
163.8 0.00000 15 0.00000
163.9 0.00000 15 0.00000
164.0 0.00000 15 0.00000
164.1 0.00000 15 0.00000
164.2 0.00000 15 0.00000
164.3 0.00000 15 0.00000
164.4 0.00000 15 0.00000
164.5 0.00000 15 0.00000
164.6 0.00000 15 0.00000
164.7 0.00000 15 0.00000
164.8 0.00000 15 0.00000
164.9 0.00000 15 0.00000
165.0 0.00000 15 0.00000
165.1 0.00000 15 0.00000
165.2 0.00000 15 0.00000
165.3 0.00000 15 0.00000
165.4 0.00000 15 0.00000
165.5 0.00000 15 0.00000
165.6 0.00000 15 0.00000
165.7 0.00000 15 0.00000
165.8 0.00000 15 0.00000
165.9 0.00000 15 0.00000
166.0 0.00000 15 0.00000
166.1 0.00000 15 0.00000
166.2 0.00000 15 0.00000
166.3 0.00000 15 0.00000
166.4 0.00000 15 0.00000
166.5 0.00000 15 0.00000
166.6 0.00000 15 0.00000
166.7 0.00000 15 0.00000
166.8 0.00000 15 0.00000
166.9 0.00000 15 0.00000
167.0 0.00000 15 0.00000
167.1 0.00000 15 0.00000
167.2 0.00000 15 0.00000
167.3 0.00000 15 0.00000
167.4 0.00000 15 0.00000
167.5 0.00000 15 0.00000
167.6 0.00000 15 0.00000
167.7 0.00000 15 0.00000
167.8 0.00000 15 0.00000
167.9 0.00000 15 0.00000
168.0 0.00000 15 0.00000
168.1 0.00000 15 0.00000
168.2 0.00000 15 0.00000
168.3 0.00000 15 0.00000
168.4 0.00000 15 0.00000
168.5 0.00000 15 0.00000
168.6 0.00000 15 0.00000
168.7 0.00000 15 0.00000
168.8 0.00000 15 0.00000
168.9 0.00000 15 0.00000
169.0 0.00000 15 0.00000
169.1 0.00000 15 0.00000
169.2 0.00000 15 0.00000
169.3 0.00000 15 0.00000
169.4 0.00000 15 0.00000
169.5 0.00000 15 0.00000
169.6 0.00000 15 0.00000
169.7 0.00000 15 0.00000
169.8 0.00000 15 0.00000
169.9 0.00000 15 0.00000
170.0 0.00000 15 0.00000
170.1 0.00000 15 0.00000
170.2 0.00000 15 0.00000
170.3 0.00000 15 0.00000
170.4 0.00000 15 0.00000
170.5 0.00000 15 0.00000
170.6 0.00000 15 0.00000
170.7 0.00000 15 0.00000
170.8 0.00000 15 0.00000
170.9 0.00000 15 0.00000
171.0 0.00000 15 0.00000
171.1 0.00000 15 0.00000
171.2 0.00000 15 0.00000
171.3 0.00000 15 0.00000
171.4 0.00000 15 0.00000
171.5 0.00000 15 0.00000
171.6 0.00000 15 0.00000
171.7 0.00000 15 0.00000
171.8 0.00000 15 0.00000
171.9 0.00000 15 0.00000
172.0 0.00000 15 0.00000
172.1 0.00000 15 0.00000
172.2 0.00000 15 0.00000
172.3 0.00000 15 0.00000
172.4 0.00000 15 0.00000
172.5 0.00000 15 0.00000
172.6 0.00000 15 0.00000
172.7 0.00000 15 0.00000
172.8 0.00000 15 0.00000
172.9 0.00000 15 0.00000
173.0 0.00000 15 0.00000
173.1 0.00000 15 0.00000
173.2 0.00000 15 0.00000
173.3 0.00000 15 0.00000
173.4 0.00000 15 0.00000
173.5 0.00000 15 0.00000
173.6 0.00000 15 0.00000
173.7 0.00000 15 0.00000
173.8 0.00000 15 0.00000
173.9 0.00000 15 0.00000
174.0 0.00000 15 0.00000
174.1 0.00000 15 0.00000
174.2 0.00000 15 0.00000
174.3 0.00000 15 0.00000
174.4 0.00000 15 0.00000
174.5 0.00000 15 0.00000
174.6 0.00000 15 0.00000
174.7 0.00000 15 0.00000
174.8 0.00000 15 0.00000
174.9 0.00000 15 0.00000
175.0 0.00000 15 0.00000
175.1 0.00000 15 0.00000
175.2 0.00000 15 0.00000
175.3 0.00000 15 0.00000
175.4 0.00000 15 0.00000
175.5 0.00000 15 0.00000
175.6 0.00000 15 0.00000
175.7 0.00000 15 0.00000
175.8 0.00000 15 0.00000
175.9 0.00000 15 0.00000
176.0 0.00000 15 0.00000
176.1 0.00000 15 0.00000
176.2 0.00000 15 0.00000
176.3 0.00000 15 0.00000
176.4 0.00000 15 0.00000
176.5 0.00000 15 0.00000
176.6 0.00000 15 0.00000
176.7 0.00000 15 0.00000
176.8 0.00000 15 0.00000
176.9 0.00000 15 0.00000
177.0 0.00000 15 0.00000
177.1 0.00000 15 0.00000
177.2 0.00000 15 0.00000
177.3 0.00000 15 0.00000
177.4 0.00000 15 0.00000
177.5 0.00000 15 0.00000
177.6 0.00000 15 0.00000
177.7 0.00000 15 0.00000
177.8 0.00000 15 0.00000
177.9 0.00000 15 0.00000
178.0 0.00000 15 0.00000
178.1 0.00000 15 0.00000
178.2 0.00000 15 0.00000
178.3 0.00000 15 0.00000
178.4 0.00000 15 0.00000
178.5 0.00000 15 0.00000
178.6 0.00000 15 0.00000
178.7 0.00000 15 0.00000
178.8 0.00000 15 0.00000
178.9 0.00000 15 0.00000
179.0 0.00000 15 0.00000
179.1 0.00000 15 0.00000
179.2 0.00000 15 0.00000
179.3 0.00000 15 0.00000
179.4 0.00000 15 0.00000
179.5 0.00000 15 0.00000
179.6 0.00000 15 0.00000
179.7 0.00000 15 0.00000
179.8 0.00000 15 0.00000
179.9 0.00000 15 0.00000
180.0 0.00000 15 0.00000
180.1 0.00000 15 0.00000
180.2 0.00000 15 0.00000
180.3 0.00000 15 0.00000
180.4 0.00000 15 0.00000
180.5 0.00000 15 0.00000
180.6 0.00000 15 0.00000
180.7 0.00000 15 0.00000
180.8 0.00000 15 0.00000
180.9 0.00000 15 0.00000
181.0 0.00000 15 0.00000
181.1 0.00000 15 0.00000
181.2 0.00000 15 0.00000
181.3 0.00000 15 0.00000
181.4 0.00000 15 0.00000
181.5 0.00000 15 0.00000
181.6 0.00000 15 0.00000
181.7 0.00000 15 0.00000
181.8 0.00000 15 0.00000
181.9 0.00000 15 0.00000
182.0 0.00000 15 0.00000
182.1 0.00000 15 0.00000
182.2 0.00000 15 0.00000
182.3 0.00000 15 0.00000
182.4 0.00000 15 0.00000
182.5 0.00000 15 0.00000
182.6 0.00000 15 0.00000
182.7 0.00000 15 0.00000
182.8 0.00000 15 0.00000
182.9 0.00000 15 0.00000
183.0 0.00000 15 0.00000
183.1 0.00000 15 0.00000
183.2 0.00000 15 0.00000
183.3 0.00000 15 0.00000
183.4 0.00000 15 0.00000
183.5 0.00000 15 0.00000
183.6 0.00000 15 0.00000
183.7 0.00000 15 0.00000
183.8 0.00000 15 0.00000
183.9 0.00000 15 0.00000
184.0 0.00000 15 0.00000
184.1 0.00000 15 0.00000
184.2 0.00000 15 0.00000
184.3 0.00000 15 0.00000
184.4 0.00000 15 0.00000
184.5 0.00000 15 0.00000
184.6 0.00000 15 0.00000
184.7 0.00000 15 0.00000
184.8 0.00000 15 0.00000
184.9 0.00000 15 0.00000
185.0 0.00000 15 0.00000
185.1 0.00000 15 0.00000
185.2 0.00000 15 0.00000
185.3 0.00000 15 0.00000
185.4 0.00000 15 0.00000
185.5 0.00000 15 0.00000
185.6 0.00000 15 0.00000
185.7 0.00000 15 0.00000
185.8 0.00000 15 0.00000
185.9 0.00000 15 0.00000
186.0 0.00000 15 0.00000
186.1 0.00000 15 0.00000
186.2 0.00000 15 0.00000
186.3 0.00000 15 0.00000
186.4 0.00000 15 0.00000
186.5 0.00000 15 0.00000
186.6 0.00000 15 0.00000
186.7 0.00000 15 0.00000
186.8 0.00000 15 0.00000
186.9 0.00000 15 0.00000
187.0 0.00000 15 0.00000
187.1 0.00000 15 0.00000
187.2 0.00000 15 0.00000
187.3 0.00000 15 0.00000
187.4 0.00000 15 0.00000
187.5 0.00000 15 0.00000
187.6 0.00000 15 0.00000
187.7 0.00000 15 0.00000
187.8 0.00000 15 0.00000
187.9 0.00000 15 0.00000
188.0 0.00000 15 0.00000
188.1 0.00000 15 0.00000
188.2 0.00000 15 0.00000
188.3 0.00000 15 0.00000
188.4 0.00000 15 0.00000
188.5 0.00000 15 0.00000
188.6 0.00000 15 0.00000
188.7 0.00000 15 0.00000
188.8 0.00000 15 0.00000
188.9 0.00000 15 0.00000
189.0 0.00000 15 0.00000
189.1 0.00000 15 0.00000
189.2 0.00000 15 0.00000
189.3 0.00000 15 0.00000
189.4 0.00000 15 0.00000
189.5 0.00000 15 0.00000
189.6 0.00000 15 0.00000
189.7 0.00000 15 0.00000
189.8 0.00000 15 0.00000
189.9 0.00000 15 0.00000
190.0 0.00000 15 0.00000
190.1 0.00000 15 0.00000
190.2 0.00000 15 0.00000
190.3 0.00000 15 0.00000
190.4 0.00000 15 0.00000
190.5 0.00000 15 0.00000
190.6 0.00000 15 0.00000
190.7 0.00000 15 0.00000
190.8 0.00000 15 0.00000
190.9 0.00000 15 0.00000
191.0 0.00000 15 0.00000
191.1 0.00000 15 0.00000
191.2 0.00000 15 0.00000
191.3 0.00000 15 0.00000
191.4 0.00000 15 0.00000
191.5 0.00000 15 0.00000
191.6 0.00000 15 0.00000
191.7 0.00000 15 0.00000
191.8 0.00000 15 0.00000
191.9 0.00000 15 0.00000
192.0 0.00000 15 0.00000
192.1 0.00000 15 0.00000
192.2 0.00000 15 0.00000
192.3 0.00000 15 0.00000
192.4 0.00000 15 0.00000
192.5 0.00000 15 0.00000
192.6 0.00000 15 0.00000
192.7 0.00000 15 0.00000
192.8 0.00000 15 0.00000
192.9 0.00000 15 0.00000
193.0 0.00000 15 0.00000
193.1 0.00000 15 0.00000
193.2 0.00000 15 0.00000
193.3 0.00000 15 0.00000
193.4 0.00000 15 0.00000
193.5 0.00000 15 0.00000
193.6 0.00000 15 0.00000
193.7 0.00000 15 0.00000
193.8 0.00000 15 0.00000
193.9 0.00000 15 0.00000
194.0 0.00000 15 0.00000
194.1 0.00000 15 0.00000
194.2 0.00000 15 0.00000
194.3 0.00000 15 0.00000
194.4 0.00000 15 0.00000
194.5 0.00000 15 0.00000
194.6 0.00000 15 0.00000
194.7 0.00000 15 0.00000
194.8 0.00000 15 0.00000
194.9 0.00000 15 0.00000
195.0 0.00000 15 0.00000
195.1 0.00000 15 0.00000
195.2 0.00000 15 0.00000
195.3 0.00000 15 0.00000
195.4 0.00000 15 0.00000
195.5 0.00000 15 0.00000
195.6 0.00000 15 0.00000
195.7 0.00000 15 0.00000
195.8 0.00000 15 0.00000
195.9 0.00000 15 0.00000
196.0 0.00000 15 0.00000
196.1 0.00000 15 0.00000
196.2 0.00000 15 0.00000
196.3 0.00000 15 0.00000
196.4 0.00000 15 0.00000
196.5 0.00000 15 0.00000
196.6 0.00000 15 0.00000
196.7 0.00000 15 0.00000
196.8 0.00000 15 0.00000
196.9 0.00000 15 0.00000
197.0 0.00000 15 0.00000
197.1 0.00000 15 0.00000
197.2 0.00000 15 0.00000
197.3 0.00000 15 0.00000
197.4 0.00000 15 0.00000
197.5 0.00000 15 0.00000
197.6 0.00000 15 0.00000
197.7 0.00000 15 0.00000
197.8 0.00000 15 0.00000
197.9 0.00000 15 0.00000
198.0 0.00000 15 0.00000
198.1 0.00000 15 0.00000
198.2 0.00000 15 0.00000
198.3 0.00000 15 0.00000
198.4 0.00000 15 0.00000
198.5 0.00000 15 0.00000
198.6 0.00000 15 0.00000
198.7 0.00000 15 0.00000
198.8 0.00000 15 0.00000
198.9 0.00000 15 0.00000
199.0 0.00000 15 0.00000
199.1 0.00000 15 0.00000
199.2 0.00000 15 0.00000
199.3 0.00000 15 0.00000
199.4 0.00000 15 0.00000
199.5 0.00000 15 0.00000
199.6 0.00000 15 0.00000
199.7 0.00000 15 0.00000
199.8 0.00000 15 0.00000
199.9 0.00000 15 0.00000
200.0 0.00000 15 0.00000
200.1 0.00000 15 0.00000
200.2 0.00000 15 0.00000
200.3 0.00000 15 0.00000
200.4 0.00000 15 0.00000
200.5 0.00000 15 0.00000
200.6 0.00000 15 0.00000
200.7 0.00000 15 0.00000
200.8 0.00000 15 0.00000
200.9 0.00000 15 0.00000
201.0 0.00000 15 0.00000
201.1 0.00000 15 0.00000
201.2 0.00000 15 0.00000
201.3 0.00000 15 0.00000
201.4 0.00000 15 0.00000
201.5 0.00000 15 0.00000
201.6 0.00000 15 0.00000
201.7 0.00000 15 0.00000
201.8 0.00000 15 0.00000
201.9 0.00000 15 0.00000
202.0 0.00000 15 0.00000
202.1 0.00000 15 0.00000
202.2 0.00000 15 0.00000
202.3 0.00000 15 0.00000
202.4 0.00000 15 0.00000
202.5 0.00000 15 0.00000
202.6 0.00000 15 0.00000
202.7 0.00000 15 0.00000
202.8 0.00000 15 0.00000
202.9 0.00000 15 0.00000
203.0 0.00000 15 0.00000
203.1 0.00000 15 0.00000
203.2 0.00000 15 0.00000
203.3 0.00000 15 0.00000
203.4 0.00000 15 0.00000
203.5 0.00000 15 0.00000
203.6 0.00000 15 0.00000
203.7 0.00000 15 0.00000
203.8 0.00000 15 0.00000
203.9 0.00000 15 0.00000
204.0 0.00000 15 0.00000
204.1 0.00000 15 0.00000
204.2 0.00000 15 0.00000
204.3 0.00000 15 0.00000
204.4 0.00000 15 0.00000
204.5 0.00000 15 0.00000
204.6 0.00000 15 0.00000
204.7 0.00000 15 0.00000
204.8 0.00000 15 0.00000
204.9 0.00000 15 0.00000
205.0 0.00000 15 0.00000
205.1 0.00000 15 0.00000
205.2 0.00000 15 0.00000
205.3 0.00000 15 0.00000
205.4 0.00000 15 0.00000
205.5 0.00000 15 0.00000
205.6 0.00000 15 0.00000
205.7 0.00000 15 0.00000
205.8 0.00000 15 0.00000
205.9 0.00000 15 0.00000
206.0 0.00000 15 0.00000
206.1 0.00000 15 0.00000
206.2 0.00000 15 0.00000
206.3 0.00000 15 0.00000
206.4 0.00000 15 0.00000
206.5 0.00000 15 0.00000
206.6 0.00000 15 0.00000
206.7 0.00000 15 0.00000
206.8 0.00000 15 0.00000
206.9 0.00000 15 0.00000
207.0 0.00000 15 0.00000
207.1 0.00000 15 0.00000
207.2 0.00000 15 0.00000
207.3 0.00000 15 0.00000
207.4 0.00000 15 0.00000
207.5 0.00000 15 0.00000
207.6 0.00000 15 0.00000
207.7 0.00000 15 0.00000
207.8 0.00000 15 0.00000
207.9 0.00000 15 0.00000
208.0 0.00000 15 0.00000
208.1 0.00000 15 0.00000
208.2 0.00000 15 0.00000
208.3 0.00000 15 0.00000
208.4 0.00000 15 0.00000
208.5 0.00000 15 0.00000
208.6 0.00000 15 0.00000
208.7 0.00000 15 0.00000
208.8 0.00000 15 0.00000
208.9 0.00000 15 0.00000
209.0 0.00000 15 0.00000
209.1 0.00000 15 0.00000
209.2 0.00000 15 0.00000
209.3 0.00000 15 0.00000
209.4 0.00000 15 0.00000
209.5 0.00000 15 0.00000
209.6 0.00000 15 0.00000
209.7 0.00000 15 0.00000
209.8 0.00000 15 0.00000
209.9 0.00000 15 0.00000
210.0 0.00000 15 0.00000
210.1 0.00000 15 0.00000
210.2 0.00000 15 0.00000
210.3 0.00000 15 0.00000
210.4 0.00000 15 0.00000
210.5 0.00000 15 0.00000
210.6 0.00000 15 0.00000
210.7 0.00000 15 0.00000
210.8 0.00000 15 0.00000
210.9 0.00000 15 0.00000
211.0 0.00000 15 0.00000
211.1 0.00000 15 0.00000
211.2 0.00000 15 0.00000
211.3 0.00000 15 0.00000
211.4 0.00000 15 0.00000
211.5 0.00000 15 0.00000
211.6 0.00000 15 0.00000
211.7 0.00000 15 0.00000
211.8 0.00000 15 0.00000
211.9 0.00000 15 0.00000
212.0 0.00000 15 0.00000
212.1 0.00000 15 0.00000
212.2 0.00000 15 0.00000
212.3 0.00000 15 0.00000
212.4 0.00000 15 0.00000
212.5 0.00000 15 0.00000
212.6 0.00000 15 0.00000
212.7 0.00000 15 0.00000
212.8 0.00000 15 0.00000
212.9 0.00000 15 0.00000
213.0 0.00000 15 0.00000
213.1 0.00000 15 0.00000
213.2 0.00000 15 0.00000
213.3 0.00000 15 0.00000
213.4 0.00000 15 0.00000
213.5 0.00000 15 0.00000
213.6 0.00000 15 0.00000
213.7 0.00000 15 0.00000
213.8 0.00000 15 0.00000
213.9 0.00000 15 0.00000
214.0 0.00000 15 0.00000
214.1 0.00000 15 0.00000
214.2 0.00000 15 0.00000
214.3 0.00000 15 0.00000
214.4 0.00000 15 0.00000
214.5 0.00000 15 0.00000
214.6 0.00000 15 0.00000
214.7 0.00000 15 0.00000
214.8 0.00000 15 0.00000
214.9 0.00000 15 0.00000
215.0 0.00000 15 0.00000
215.1 0.00000 15 0.00000
215.2 0.00000 15 0.00000
215.3 0.00000 15 0.00000
215.4 0.00000 15 0.00000
215.5 0.00000 15 0.00000
215.6 0.00000 15 0.00000
215.7 0.00000 15 0.00000
215.8 0.00000 15 0.00000
215.9 0.00000 15 0.00000
216.0 0.00000 15 0.00000
216.1 0.00000 15 0.00000
216.2 0.00000 15 0.00000
216.3 0.00000 15 0.00000
216.4 0.00000 15 0.00000
216.5 0.00000 15 0.00000
216.6 0.00000 15 0.00000
216.7 0.00000 15 0.00000
216.8 0.00000 15 0.00000
216.9 0.00000 15 0.00000
217.0 0.00000 15 0.00000
217.1 0.00000 15 0.00000
217.2 0.00000 15 0.00000
217.3 0.00000 15 0.00000
217.4 0.00000 15 0.00000
217.5 0.00000 15 0.00000
217.6 0.00000 15 0.00000
217.7 0.00000 15 0.00000
217.8 0.00000 15 0.00000
217.9 0.00000 15 0.00000
218.0 0.00000 15 0.00000
218.1 0.00000 15 0.00000
218.2 0.00000 15 0.00000
218.3 0.00000 15 0.00000
218.4 0.00000 15 0.00000
218.5 0.00000 15 0.00000
218.6 0.00000 15 0.00000
218.7 0.00000 15 0.00000
218.8 0.00000 15 0.00000
218.9 0.00000 15 0.00000
219.0 0.00000 15 0.00000
219.1 0.00000 15 0.00000
219.2 0.00000 15 0.00000
219.3 0.00000 15 0.00000
219.4 0.00000 15 0.00000
219.5 0.00000 15 0.00000
219.6 0.00000 15 0.00000
219.7 0.00000 15 0.00000
219.8 0.00000 15 0.00000
219.9 0.00000 15 0.00000
220.0 0.00000 15 0.00000
220.1 0.00000 15 0.00000
220.2 0.00000 15 0.00000
220.3 0.00000 15 0.00000
220.4 0.00000 15 0.00000
220.5 0.00000 15 0.00000
220.6 0.00000 15 0.00000
220.7 0.00000 15 0.00000
220.8 0.00000 15 0.00000
220.9 0.00000 15 0.00000
221.0 0.00000 15 0.00000
221.1 0.00000 15 0.00000
221.2 0.00000 15 0.00000
221.3 0.00000 15 0.00000
221.4 0.00000 15 0.00000
221.5 0.00000 15 0.00000
221.6 0.00000 15 0.00000
221.7 0.00000 15 0.00000
221.8 0.00000 15 0.00000
221.9 0.00000 15 0.00000
222.0 0.00000 15 0.00000
222.1 0.00000 15 0.00000
222.2 0.00000 15 0.00000
222.3 0.00000 15 0.00000
222.4 0.00000 15 0.00000
222.5 0.00000 15 0.00000
222.6 0.00000 15 0.00000
222.7 0.00000 15 0.00000
222.8 0.00000 15 0.00000
222.9 0.00000 15 0.00000
223.0 0.00000 15 0.00000
223.1 0.00000 15 0.00000
223.2 0.00000 15 0.00000
223.3 0.00000 15 0.00000
223.4 0.00000 15 0.00000
223.5 0.00000 15 0.00000
223.6 0.00000 15 0.00000
223.7 0.00000 15 0.00000
223.8 0.00000 15 0.00000
223.9 0.00000 15 0.00000
224.0 0.00000 15 0.00000
224.1 0.00000 15 0.00000
224.2 0.00000 15 0.00000
224.3 0.00000 15 0.00000
224.4 0.00000 15 0.00000
224.5 0.00000 15 0.00000
224.6 0.00000 15 0.00000
224.7 0.00000 15 0.00000
224.8 0.00000 15 0.00000
224.9 0.00000 15 0.00000
225.0 0.00000 15 0.00000
225.1 0.00000 15 0.00000
225.2 0.00000 15 0.00000
225.3 0.00000 15 0.00000
225.4 0.00000 15 0.00000
225.5 0.00000 15 0.00000
225.6 0.00000 15 0.00000
225.7 0.00000 15 0.00000
225.8 0.00000 15 0.00000
225.9 0.00000 15 0.00000
226.0 0.00000 15 0.00000
226.1 0.00000 15 0.00000
226.2 0.00000 15 0.00000
226.3 0.00000 15 0.00000
226.4 0.00000 15 0.00000
226.5 0.00000 15 0.00000
226.6 0.00000 15 0.00000
226.7 0.00000 15 0.00000
226.8 0.00000 15 0.00000
226.9 0.00000 15 0.00000
227.0 0.00000 15 0.00000
227.1 0.00000 15 0.00000
227.2 0.00000 15 0.00000
227.3 0.00000 15 0.00000
227.4 0.00000 15 0.00000
227.5 0.00000 15 0.00000
227.6 0.00000 15 0.00000
227.7 0.00000 15 0.00000
227.8 0.00000 15 0.00000
227.9 0.00000 15 0.00000
228.0 0.00000 15 0.00000
228.1 0.00000 15 0.00000
228.2 0.00000 15 0.00000
228.3 0.00000 15 0.00000
228.4 0.00000 15 0.00000
228.5 0.00000 15 0.00000
228.6 0.00000 15 0.00000
228.7 0.00000 15 0.00000
228.8 0.00000 15 0.00000
228.9 0.00000 15 0.00000
229.0 0.00000 15 0.00000
229.1 0.00000 15 0.00000
229.2 0.00000 15 0.00000
229.3 0.00000 15 0.00000
229.4 0.00000 15 0.00000
229.5 0.00000 15 0.00000
229.6 0.00000 15 0.00000
229.7 0.00000 15 0.00000
229.8 0.00000 15 0.00000
229.9 0.00000 15 0.00000
230.0 0.00000 15 0.00000
230.1 0.00000 15 0.00000
230.2 0.00000 15 0.00000
230.3 0.00000 15 0.00000
230.4 0.00000 15 0.00000
230.5 0.00000 15 0.00000
230.6 0.00000 15 0.00000
230.7 0.00000 15 0.00000
230.8 0.00000 15 0.00000
230.9 0.00000 15 0.00000
231.0 0.00000 15 0.00000
231.1 0.00000 15 0.00000
231.2 0.00000 15 0.00000
231.3 0.00000 15 0.00000
231.4 0.00000 15 0.00000
231.5 0.00000 15 0.00000
231.6 0.00000 15 0.00000
231.7 0.00000 15 0.00000
231.8 0.00000 15 0.00000
231.9 0.00000 15 0.00000
232.0 0.00000 15 0.00000
232.1 0.00000 15 0.00000
232.2 0.00000 15 0.00000
232.3 0.00000 15 0.00000
232.4 0.00000 15 0.00000
232.5 0.00000 15 0.00000
232.6 0.00000 15 0.00000
232.7 0.00000 15 0.00000
232.8 0.00000 15 0.00000
232.9 0.00000 15 0.00000
233.0 0.00000 15 0.00000
233.1 0.00000 15 0.00000
233.2 0.00000 15 0.00000
233.3 0.00000 15 0.00000
233.4 0.00000 15 0.00000
233.5 0.00000 15 0.00000
233.6 0.00000 15 0.00000
233.7 0.00000 15 0.00000
233.8 0.00000 15 0.00000
233.9 0.00000 15 0.00000
234.0 0.00000 15 0.00000
234.1 0.00000 15 0.00000
234.2 0.00000 15 0.00000
234.3 0.00000 15 0.00000
234.4 0.00000 15 0.00000
234.5 0.00000 15 0.00000
234.6 0.00000 15 0.00000
234.7 0.00000 15 0.00000
234.8 0.00000 15 0.00000
234.9 0.00000 15 0.00000
235.0 0.00000 15 0.00000
235.1 0.00000 15 0.00000
235.2 0.00000 15 0.00000
235.3 0.00000 15 0.00000
235.4 0.00000 15 0.00000
235.5 0.00000 15 0.00000
235.6 0.00000 15 0.00000
235.7 0.00000 15 0.00000
235.8 0.00000 15 0.00000
235.9 0.00000 15 0.00000
236.0 0.00000 15 0.00000
236.1 0.00000 15 0.00000
236.2 0.00000 15 0.00000
236.3 0.00000 15 0.00000
236.4 0.00000 15 0.00000
236.5 0.00000 15 0.00000
236.6 0.00000 15 0.00000
236.7 0.00000 15 0.00000
236.8 0.00000 15 0.00000
236.9 0.00000 15 0.00000
237.0 0.00000 15 0.00000
237.1 0.00000 15 0.00000
237.2 0.00000 15 0.00000
237.3 0.00000 15 0.00000
237.4 0.00000 15 0.00000
237.5 0.00000 15 0.00000
237.6 0.00000 15 0.00000
237.7 0.00000 15 0.00000
237.8 0.00000 15 0.00000
237.9 0.00000 15 0.00000
238.0 0.00000 15 0.00000
238.1 0.00000 15 0.00000
238.2 0.00000 15 0.00000
238.3 0.00000 15 0.00000
238.4 0.00000 15 0.00000
238.5 0.00000 15 0.00000
238.6 0.00000 15 0.00000
238.7 0.00000 15 0.00000
238.8 0.00000 15 0.00000
238.9 0.00000 15 0.00000
239.0 0.00000 15 0.00000
239.1 0.00000 15 0.00000
239.2 0.00000 15 0.00000
239.3 0.00000 15 0.00000
239.4 0.00000 15 0.00000
239.5 0.00000 15 0.00000
239.6 0.00000 15 0.00000
239.7 0.00000 15 0.00000
239.8 0.00000 15 0.00000
239.9 0.00000 15 0.00000
240.0 0.00000 15 0.00000
240.1 0.00000 15 0.00000
240.2 0.00000 15 0.00000
240.3 0.00000 15 0.00000
240.4 0.00000 15 0.00000
240.5 0.00000 15 0.00000
240.6 0.00000 15 0.00000
240.7 0.00000 15 0.00000
240.8 0.00000 15 0.00000
240.9 0.00000 15 0.00000
241.0 0.00000 15 0.00000
241.1 0.00000 15 0.00000
241.2 0.00000 15 0.00000
241.3 0.00000 15 0.00000
241.4 0.00000 15 0.00000
241.5 0.00000 15 0.00000
241.6 0.00000 15 0.00000
241.7 0.00000 15 0.00000
241.8 0.00000 15 0.00000
241.9 0.00000 15 0.00000
242.0 0.00000 15 0.00000
242.1 0.00000 15 0.00000
242.2 0.00000 15 0.00000
242.3 0.00000 15 0.00000
242.4 0.00000 15 0.00000
242.5 0.00000 15 0.00000
242.6 0.00000 15 0.00000
242.7 0.00000 15 0.00000
242.8 0.00000 15 0.00000
242.9 0.00000 15 0.00000
243.0 0.00000 15 0.00000
243.1 0.00000 15 0.00000
243.2 0.00000 15 0.00000
243.3 0.00000 15 0.00000
243.4 0.00000 15 0.00000
243.5 0.00000 15 0.00000
243.6 0.00000 15 0.00000
243.7 0.00000 15 0.00000
243.8 0.00000 15 0.00000
243.9 0.00000 15 0.00000
244.0 0.00000 15 0.00000
244.1 0.00000 15 0.00000
244.2 0.00000 15 0.00000
244.3 0.00000 15 0.00000
244.4 0.00000 15 0.00000
244.5 0.00000 15 0.00000
244.6 0.00000 15 0.00000
244.7 0.00000 15 0.00000
244.8 0.00000 15 0.00000
244.9 0.00000 15 0.00000
245.0 0.00000 15 0.00000
245.1 0.00000 15 0.00000
245.2 0.00000 15 0.00000
245.3 0.00000 15 0.00000
245.4 0.00000 15 0.00000
245.5 0.00000 15 0.00000
245.6 0.00000 15 0.00000
245.7 0.00000 15 0.00000
245.8 0.00000 15 0.00000
245.9 0.00000 15 0.00000
246.0 0.00000 15 0.00000
246.1 0.00000 15 0.00000
246.2 0.00000 15 0.00000
246.3 0.00000 15 0.00000
246.4 0.00000 15 0.00000
246.5 0.00000 15 0.00000
246.6 0.00000 15 0.00000
246.7 0.00000 15 0.00000
246.8 0.00000 15 0.00000
246.9 0.00000 15 0.00000
247.0 0.00000 15 0.00000
247.1 0.00000 15 0.00000
247.2 0.00000 15 0.00000
247.3 0.00000 15 0.00000
247.4 0.00000 15 0.00000
247.5 0.00000 15 0.00000
247.6 0.00000 15 0.00000
247.7 0.00000 15 0.00000
247.8 0.00000 15 0.00000
247.9 0.00000 15 0.00000
248.0 0.00000 15 0.00000
248.1 0.00000 15 0.00000
248.2 0.00000 15 0.00000
248.3 0.00000 15 0.00000
248.4 0.00000 15 0.00000
248.5 0.00000 15 0.00000
248.6 0.00000 15 0.00000
248.7 0.00000 15 0.00000
248.8 0.00000 15 0.00000
248.9 0.00000 15 0.00000
249.0 0.00000 15 0.00000
249.1 0.00000 15 0.00000
249.2 0.00000 15 0.00000
249.3 0.00000 15 0.00000
249.4 0.00000 15 0.00000
249.5 0.00000 15 0.00000
249.6 0.00000 15 0.00000
249.7 0.00000 15 0.00000
249.8 0.00000 15 0.00000
249.9 0.00000 15 0.00000
250.0 0.00000 15 0.00000
