15.0 2.30311 13 0.10559
15.1 2.34730 13 0.10930
15.2 2.39190 13 0.11303
15.3 2.43691 13 0.11677
15.4 2.48232 13 0.12051
15.5 2.53751 14 0.12428
15.6 2.59963 14 0.12805
15.7 2.66288 14 0.13183
15.8 2.72729 14 0.13562
15.9 2.79286 14 0.13942
16.0 2.86121 14 0.14318
16.1 2.92924 14 0.14701
16.2 2.99848 14 0.15084
16.3 3.06892 14 0.15468
16.4 3.14059 14 0.15853
16.5 3.21350 14 0.16239
16.6 3.28765 14 0.16626
16.7 3.36306 14 0.17014
16.8 3.43973 14 0.17403
16.9 3.51769 14 0.17793
17.0 3.59694 14 0.18183
17.1 3.67749 14 0.18575
17.2 3.75936 14 0.18967
17.3 3.84256 14 0.19360
17.4 3.92709 14 0.19754
17.5 4.00727 14 0.20149
17.6 4.08048 14 0.20545
17.7 4.15448 14 0.20941
17.8 4.22927 14 0.21338
17.9 4.30485 14 0.21736
18.0 4.38122 14 0.22135
18.1 4.45837 14 0.22534
18.2 4.54038 14 0.22930
18.3 4.61926 14 0.23331
18.4 4.69895 14 0.23732
18.5 4.77943 14 0.24135
18.6 4.86071 14 0.24538
18.7 4.97233 14 0.25141
18.8 5.09549 14 0.25814
18.9 5.22077 14 0.26494
19.0 5.34821 14 0.27181
19.1 5.47783 14 0.27874
19.2 5.60964 14 0.28575
19.3 5.74368 14 0.29282
19.4 5.87997 14 0.29997
19.5 6.01853 14 0.30718
19.6 6.15939 14 0.31447
19.7 6.30258 14 0.32183
19.8 6.44811 14 0.32926
19.9 6.59602 14 0.33676
20.0 6.74633 14 0.34434
20.1 6.89907 14 0.35199
20.2 7.05426 14 0.35972
20.3 7.27112 14 0.36766
20.4 7.43045 14 0.37553
20.5 7.59211 14 0.38349
20.6 7.72308 14 0.38951
20.7 7.81603 14 0.39320
20.8 7.89935 14 0.39695
20.9 7.99362 14 0.40066
21.0 8.08846 14 0.40438
21.1 8.18402 14 0.40812
21.2 8.28033 14 0.41187
21.3 8.37738 14 0.41562
21.4 8.47515 14 0.41939
21.5 8.57366 14 0.42317
21.6 8.67363 14 0.42696
21.7 8.76066 14 0.43080
21.8 8.86114 14 0.43461
21.9 8.96237 14 0.43844
22.0 9.06433 14 0.44227
22.1 9.16704 14 0.44612
22.2 9.27019 14 0.44997
22.3 9.37414 14 0.45384
22.4 9.47885 14 0.45772
22.5 9.57096 14 0.46165
22.6 9.67713 14 0.46555
22.7 9.78386 14 0.46946
22.8 9.89134 14 0.47339
22.9 9.99948 14 0.47732
23.0 10.10835 14 0.48127
23.1 10.21794 14 0.48523
23.2 10.32829 14 0.48920
23.3 10.42430 14 0.49321
23.4 10.53599 14 0.49720
23.5 10.64833 14 0.50121
23.6 10.76138 14 0.50523
23.7 10.87517 14 0.50925
23.8 10.98973 14 0.51329
23.9 11.10473 14 0.51735
24.0 11.22058 14 0.52141
24.1 11.32054 14 0.52551
24.2 11.43777 14 0.52960
24.3 11.55575 14 0.53370
24.4 11.67449 14 0.53781
24.5 11.79370 14 0.54193
24.6 11.91372 14 0.54606
24.7 12.03449 14 0.55021
24.8 12.15592 14 0.55437
24.9 12.25795 14 0.55856
25.0 12.38238 14 0.56274
25.1 12.50603 14 0.56694
25.2 12.63002 14 0.57114
25.3 12.75492 14 0.57536
25.4 12.88056 14 0.57959
25.5 13.00684 14 0.58383
25.6 13.13385 14 0.58809
25.7 13.26157 14 0.59235
25.8 13.36921 14 0.59665
25.9 13.49822 14 0.60094
26.0 13.62798 14 0.60525
26.1 13.75849 14 0.60956
26.2 13.88962 14 0.61389
26.3 14.02149 14 0.61823
26.4 14.15407 14 0.62259
26.5 14.28740 14 0.62695
26.6 14.39580 14 0.63135
26.7 14.53253 14 0.63574
26.8 14.66787 14 0.64014
26.9 14.80381 14 0.64456
27.0 14.94049 14 0.64899
27.1 15.07790 14 0.65343
27.2 15.21602 14 0.65788
27.3 15.35450 14 0.66235
27.4 15.49383 14 0.66683
27.5 15.60819 14 0.67134
27.6 15.74891 14 0.67585
27.7 15.89036 14 0.68037
27.8 16.03251 14 0.68490
27.9 16.17535 14 0.68944
28.0 16.31894 14 0.69400
28.1 16.46279 14 0.69857
28.2 16.60755 14 0.70315
28.3 16.72136 14 0.70777
28.4 16.87042 14 0.71238
28.5 17.01724 14 0.71700
28.6 17.16477 14 0.72164
28.7 17.31300 14 0.72629
28.8 17.46199 14 0.73095
28.9 17.61125 14 0.73563
29.0 17.76125 14 0.74032
29.1 17.87672 14 0.74504
29.2 18.03138 14 0.74975
29.3 18.18352 14 0.75448
29.4 18.33635 14 0.75923
29.5 18.48988 14 0.76399
29.6 18.64413 14 0.76876
29.7 18.79904 14 0.77354
29.8 18.95395 14 0.77834
29.9 19.10981 14 0.78316
30.0 19.22695 14 0.78800
30.1 19.38805 14 0.79284
30.2 19.54610 14 0.79769
30.3 19.70482 14 0.80256
30.4 19.86423 14 0.80744
30.5 20.02415 14 0.81234
30.6 20.18471 14 0.81725
30.7 20.34554 14 0.82217
30.8 20.46315 14 0.82712
30.9 20.62668 14 0.83208
31.0 20.79266 14 0.83704
31.1 20.95643 14 0.84202
31.2 21.12076 14 0.84702
31.3 21.28561 14 0.85203
31.4 21.45119 14 0.85705
31.5 21.61742 14 0.86209
31.6 21.78426 14 0.86715
31.7 21.90178 14 0.87222
31.8 22.07456 14 0.87731
31.9 22.24315 14 0.88240
32.0 22.41225 14 0.88752
32.1 22.58190 14 0.89264
32.2 22.75222 14 0.89778
32.3 22.92316 14 0.90294
32.4 23.09474 14 0.90811
32.5 23.21193 14 0.91330
32.6 23.38458 14 0.91850
32.7 23.56329 14 0.92372
32.8 23.73689 14 0.92895
32.9 23.91112 14 0.93419
33.0 24.08598 14 0.93946
33.1 24.26145 14 0.94473
33.2 24.43757 14 0.95002
33.3 24.61431 14 0.95533
33.4 24.72972 14 0.96065
33.5 24.90720 14 0.96599
33.6 25.09258 14 0.97134
33.7 25.27180 14 0.97671
33.8 25.45052 14 0.98209
33.9 25.63022 14 0.98749
34.0 25.81067 14 0.99290
34.1 25.99166 14 0.99833
34.2 26.07944 14 1.00000
34.3 26.05636 14 1.00000
34.4 26.10201 14 1.00000
34.5 26.15541 14 1.00000
34.6 26.20100 14 1.00000
34.7 26.24619 14 1.00000
34.8 26.29130 14 1.00000
34.9 26.33512 14 1.00000
35.0 26.37885 14 1.00000
35.1 26.42203 14 1.00000
35.2 26.26336 14 1.00000
35.3 26.30635 14 1.00000
35.4 26.35751 14 1.00000
35.5 26.40035 14 1.00000
35.6 26.30282 14 1.00000
35.7 26.34557 14 1.00000
35.8 26.38793 14 1.00000
35.9 26.42971 14 1.00000
36.0 26.39060 14 1.00000
36.1 26.28918 14 1.00000
36.2 26.32963 14 1.00000
36.3 26.37891 14 1.00000
36.4 26.41937 14 1.00000
36.5 26.45942 14 1.00000
36.6 25.89404 14 1.00000
36.7 23.27048 14 1.00000
36.8 21.94423 14 1.00000
36.9 19.34710 14 1.00000
37.0 17.94594 14 1.00000
37.1 15.37347 14 1.00000
37.2 13.83080 14 1.00000
37.3 13.77100 14 1.00000
37.4 13.78157 14 1.00000
37.5 13.77833 14 1.00000
37.6 13.74737 14 1.00000
37.7 13.64514 14 1.00000
37.8 13.55505 14 1.00000
37.9 13.60884 14 1.00000
38.0 13.50323 14 1.00000
38.1 13.47016 14 1.00000
38.2 13.43231 14 1.00000
38.3 13.44801 14 1.00000
38.4 13.40472 14 1.00000
38.5 13.36352 14 1.00000
38.6 13.31871 14 1.00000
38.7 13.26008 14 1.00000
38.8 13.20984 14 1.00000
38.9 13.08226 14 0.99437
39.0 13.08507 14 0.99450
39.1 12.95650 14 0.98840
39.2 12.86871 14 0.98421
39.3 12.94179 14 0.98770
39.4 13.01452 14 0.99116
39.5 13.07202 14 0.99389
39.6 13.14541 14 0.99736
39.7 13.18940 14 0.99944
39.8 12.97061 14 0.98907
39.9 13.01611 14 0.99123
40.0 12.74779 14 0.97842
40.1 12.81260 14 0.98153
40.2 12.88308 14 0.98490
40.3 12.98018 14 0.98952
40.4 13.24516 14 1.00000
40.5 13.27859 14 1.00000
40.6 13.31400 14 1.00000
40.7 13.34343 14 1.00000
40.8 13.37427 14 1.00000
40.9 13.40507 14 1.00000
41.0 13.43572 14 1.00000
41.1 13.46526 14 1.00000
41.2 13.49437 14 1.00000
41.3 13.53067 14 1.00000
41.4 13.57391 14 1.00000
41.5 13.61718 14 1.00000
41.6 13.75002 14 1.00000
41.7 13.78505 14 1.00000
41.8 13.81656 14 1.00000
41.9 13.84800 14 1.00000
42.0 13.87886 14 1.00000
42.1 13.90964 14 1.00000
42.2 13.93990 14 1.00000
42.3 13.96947 14 1.00000
42.4 14.00302 14 1.00000
42.5 14.04654 14 1.00000
42.6 14.09009 14 1.00000
42.7 14.15407 14 1.00000
42.8 14.26450 14 1.00000
42.9 14.29910 14 1.00000
43.0 14.33114 14 1.00000
43.1 14.36278 14 1.00000
43.2 14.39439 14 1.00000
43.3 14.42537 14 1.00000
43.4 14.45577 14 1.00000
43.5 14.48527 14 1.00000
43.6 14.52201 14 1.00000
43.7 14.56585 14 1.00000
43.8 14.61338 14 1.00000
43.9 14.68250 14 1.00000
44.0 14.73576 14 1.00000
44.1 14.82259 14 1.00000
44.2 14.85686 14 1.00000
44.3 14.88870 14 1.00000
44.4 14.92059 14 1.00000
44.5 14.95233 14 1.00000
44.6 14.98293 14 1.00000
44.7 15.01340 14 1.00000
44.8 15.04435 14 1.00000
44.9 15.09925 14 1.00000
45.0 15.16332 14 1.00000
45.1 15.21914 14 1.00000
45.2 15.26849 14 1.00000
45.3 15.31263 14 1.00000
45.4 15.39165 14 1.00000
45.5 15.42562 14 1.00000
45.6 15.45796 14 1.00000
45.7 15.49024 14 1.00000
45.8 15.52213 14 1.00000
45.9 15.55338 14 1.00000
46.0 15.58375 14 1.00000
46.1 15.61488 14 1.00000
46.2 15.65870 14 1.00000
46.3 15.73420 14 1.00000
46.4 15.79127 14 1.00000
46.5 15.84201 14 1.00000
46.6 15.88768 14 1.00000
46.7 15.97126 14 1.00000
46.8 16.00715 14 1.00000
46.9 16.03928 14 1.00000
47.0 16.07209 14 1.00000
47.1 16.10458 14 1.00000
47.2 16.13659 14 1.00000
47.3 16.16790 14 1.00000
47.4 16.19831 14 1.00000
47.5 16.23245 14 1.00000
47.6 16.27896 14 1.00000
47.7 16.35792 14 1.00000
47.8 16.41418 14 1.00000
47.9 16.46492 14 1.00000
48.0 16.51081 14 1.00000
48.1 16.59662 14 1.00000
48.2 16.63448 14 1.00000
48.3 16.66697 14 1.00000
48.4 16.70494 14 1.00000
48.5 16.73989 14 1.00000
48.6 16.78218 14 1.00000
48.7 16.81565 14 1.00000
48.8 16.84639 14 1.00000
48.9 16.89572 14 1.00000
49.0 16.92769 14 1.00000
49.1 16.97644 14 1.00000
49.2 17.00739 14 1.00000
49.3 17.05885 14 1.00000
49.4 17.08806 14 1.00000
49.5 17.14339 14 1.00000
49.6 17.17124 14 1.00000
49.7 17.22544 14 1.00000
49.8 17.28428 14 1.00000
49.9 17.31056 14 1.00000
50.0 17.37097 14 1.00000
50.1 17.39336 14 1.00000
50.2 17.45510 14 1.00000
50.3 17.47780 14 1.00000
50.4 17.53718 14 1.00000
50.5 17.60274 14 1.00000
50.6 17.61946 14 1.00000
50.7 17.68514 14 1.00000
50.8 17.75150 14 1.00000
50.9 17.76505 14 1.00000
51.0 17.83172 14 1.00000
51.1 17.84240 14 1.00000
51.2 17.90963 14 1.00000
51.3 17.97676 14 1.00000
51.4 17.98577 14 1.00000
51.5 18.05220 14 1.00000
51.6 18.12060 14 1.00000
51.7 18.12638 14 1.00000
51.8 18.19390 14 1.00000
51.9 18.26256 14 1.00000
52.0 18.26453 14 1.00000
52.1 18.33349 14 1.00000
52.2 18.40075 14 1.00000
52.3 18.46999 14 1.00000
52.4 18.46933 14 1.00000
52.5 18.53729 14 1.00000
52.6 18.60697 14 1.00000
52.7 18.60122 14 1.00000
52.8 18.66934 14 1.00000
52.9 18.73795 14 1.00000
53.0 18.75461 14 1.00000
53.1 18.79938 14 1.00000
53.2 18.86755 14 1.00000
53.3 18.93565 14 1.00000
53.4 18.97997 14 1.00000
53.5 18.99242 14 1.00000
53.6 19.05970 14 1.00000
53.7 19.07486 14 1.00000
53.8 19.16096 14 1.00000
53.9 19.17930 14 1.00000
54.0 19.25121 14 1.00000
54.1 19.25869 14 1.00000
54.2 19.30149 14 1.00000
54.3 19.36514 14 1.00000
54.4 19.43562 14 1.00000
54.5 19.44121 14 1.00000
54.6 19.48423 14 1.00000
54.7 19.54301 14 1.00000
54.8 19.61209 14 1.00000
54.9 19.62218 14 1.00000
55.0 19.66932 14 1.00000
55.1 19.69990 14 1.00000
55.2 19.78416 14 1.00000
55.3 19.84893 14 1.00000
55.4 19.85317 14 1.00000
55.5 19.89357 14 1.00000
55.6 19.91634 14 1.00000
55.7 20.01817 14 1.00000
55.8 20.08103 14 1.00000
55.9 20.08246 14 1.00000
56.0 20.12155 14 1.00000
56.1 20.12334 14 1.00000
56.2 20.24542 14 1.00000
56.3 20.31245 14 1.00000
56.4 20.31205 14 1.00000
56.5 20.35310 14 1.00000
56.6 20.38056 14 1.00000
56.7 20.46405 14 1.00000
56.8 20.53241 14 1.00000
56.9 20.53931 14 1.00000
57.0 20.58745 14 1.00000
57.1 20.62424 14 1.00000
57.2 20.62855 14 1.00000
57.3 20.74277 14 1.00000
57.4 20.81116 14 1.00000
57.5 20.81564 14 1.00000
57.6 20.86427 14 1.00000
57.7 20.90241 14 1.00000
57.8 20.92742 14 1.00000
57.9 20.93700 14 1.00000
58.0 21.07621 14 1.00000
58.1 21.14424 14 1.00000
58.2 21.14053 14 1.00000
58.3 21.18616 14 1.00000
58.4 21.22076 14 1.00000
58.5 21.22544 14 1.00000
58.6 21.32486 14 1.00000
58.7 21.40052 14 1.00000
58.8 21.47045 14 1.00000
58.9 21.46457 14 1.00000
59.0 21.51147 14 1.00000
59.1 21.55035 14 1.00000
59.2 21.57565 14 1.00000
59.3 21.59934 14 1.00000
59.4 21.71111 14 1.00000
59.5 21.77596 14 1.00000
59.6 21.83846 14 1.00000
59.7 21.83524 14 1.00000
59.8 21.88293 14 1.00000
59.9 21.92183 14 1.00000
60.0 21.94954 14 1.00000
60.1 22.02251 14 1.00000
60.2 22.07249 14 1.00000
60.3 22.13602 14 1.00000
60.4 22.20078 14 1.00000
60.5 22.26132 14 1.00000
60.6 22.25250 14 1.00000
60.7 22.30102 14 1.00000
60.8 22.34139 14 1.00000
60.9 22.37111 14 1.00000
61.0 22.41490 14 1.00000
61.1 22.47958 14 1.00000
61.2 22.54360 14 1.00000
61.3 22.60494 14 1.00000
61.4 22.66966 14 1.00000
61.5 22.72821 14 1.00000
61.6 22.72032 14 1.00000
61.7 22.76569 14 1.00000
61.8 22.80987 14 1.00000
61.9 22.79707 14 1.00000
62.0 22.86366 14 1.00000
62.1 22.92670 14 1.00000
62.2 22.99258 14 1.00000
62.3 23.05381 14 1.00000
62.4 23.11606 14 1.00000
62.5 23.17912 14 1.00000
62.6 23.23945 14 1.00000
62.7 23.23191 14 1.00000
62.8 23.28301 14 1.00000
62.9 23.23945 14 1.00000
63.0 23.28572 14 1.00000
63.1 23.34371 14 1.00000
63.2 23.41228 14 1.00000
63.3 23.47749 14 1.00000
63.4 23.54038 14 1.00000
63.5 23.60314 14 1.00000
63.6 23.66352 14 1.00000
63.7 23.72506 14 1.00000
63.8 23.78571 14 1.00000
63.9 23.81107 14 1.00000
64.0 23.83167 14 1.00000
64.1 23.86662 14 1.00000
64.2 23.87533 14 1.00000
64.3 23.90038 14 1.00000
64.4 23.94109 14 1.00000
64.5 23.98763 14 1.00000
64.6 24.04716 14 1.00000
64.7 24.11279 14 1.00000
64.8 24.17745 14 1.00000
64.9 24.24080 14 1.00000
65.0 24.30098 14 1.00000
65.1 24.36002 14 1.00000
65.2 24.35232 14 1.00000
65.3 24.45533 14 1.00000
65.4 24.50587 14 1.00000
65.5 24.55250 14 1.00000
65.6 24.59781 14 1.00000
65.7 24.63364 14 1.00000
65.8 24.67482 14 1.00000
65.9 24.68374 14 1.00000
66.0 24.71515 14 1.00000
66.1 24.74361 14 1.00000
66.2 24.78720 14 1.00000
66.3 24.83404 14 1.00000
66.4 24.88355 14 1.00000
66.5 24.94317 14 1.00000
66.6 25.07139 14 1.00000
66.7 25.13299 14 1.00000
66.8 25.19132 14 1.00000
66.9 25.24866 14 1.00000
67.0 25.30516 14 1.00000
67.1 25.36089 14 1.00000
67.2 25.42138 14 1.00000
67.3 25.47848 14 1.00000
67.4 25.43938 14 1.00000
67.5 25.49538 14 1.00000
67.6 25.54642 14 1.00000
67.7 25.59386 14 1.00000
67.8 25.63666 14 1.00000
67.9 25.68335 14 1.00000
68.0 25.73365 14 1.00000
68.1 25.83342 14 1.00000
68.2 25.73183 14 1.00000
68.3 25.77898 14 1.00000
68.4 25.82945 14 1.00000
68.5 25.88621 14 1.00000
68.6 25.94707 14 1.00000
68.7 26.00841 14 1.00000
68.8 26.06806 14 1.00000
68.9 26.12676 14 1.00000
69.0 26.18190 14 1.00000
69.1 26.23291 14 1.00000
69.2 26.29745 14 1.00000
69.3 26.35283 14 1.00000
69.4 26.40795 14 1.00000
69.5 26.46287 14 1.00000
69.6 26.51906 14 1.00000
69.7 26.57228 14 1.00000
69.8 26.57943 14 1.00000
69.9 26.63627 14 1.00000
70.0 26.67797 14 1.00000
70.1 26.73061 14 1.00000
70.2 26.77957 14 1.00000
70.3 26.82828 14 1.00000
70.4 26.87614 14 1.00000
70.5 26.92090 14 1.00000
70.6 26.96267 14 1.00000
70.7 27.01590 14 1.00000
70.8 27.05767 14 1.00000
70.9 27.09159 14 1.00000
71.0 27.14357 14 1.00000
71.1 27.17684 14 1.00000
71.2 27.18749 14 1.00000
71.3 27.22524 14 1.00000
71.4 27.26200 14 1.00000
71.5 27.30301 14 1.00000
71.6 27.34782 14 1.00000
71.7 27.39318 14 1.00000
71.8 27.43858 14 1.00000
71.9 27.48400 14 1.00000
72.0 27.52944 14 1.00000
72.1 27.57615 14 1.00000
72.2 27.71988 14 1.00000
72.3 27.72656 14 1.00000
72.4 27.77906 14 1.00000
72.5 27.82677 14 1.00000
72.6 27.88978 14 1.00000
72.7 27.92992 14 1.00000
72.8 27.99677 14 1.00000
72.9 28.04245 14 1.00000
73.0 28.09824 14 1.00000
73.1 28.15406 14 1.00000
73.2 28.19929 14 1.00000
73.3 28.25274 14 1.00000
73.4 28.30901 14 1.00000
73.5 28.35652 14 1.00000
73.6 28.39667 14 1.00000
73.7 28.45966 14 1.00000
73.8 28.51159 14 1.00000
73.9 28.55261 14 1.00000
74.0 28.57048 14 1.00000
74.1 28.51685 14 1.00000
74.2 28.64293 14 1.00000
74.3 28.68957 14 1.00000
74.4 28.73450 14 1.00000
74.5 28.78675 14 1.00000
74.6 28.83649 14 1.00000
74.7 28.88525 14 1.00000
74.8 28.93373 14 1.00000
74.9 28.97991 14 1.00000
75.0 29.02578 14 1.00000
75.1 29.07212 14 1.00000
75.2 29.11887 14 1.00000
75.3 29.16594 14 1.00000
75.4 29.21350 14 1.00000
75.5 29.25833 14 1.00000
75.6 29.30149 14 1.00000
75.7 29.34257 14 1.00000
75.8 29.37864 14 1.00000
75.9 29.43399 14 1.00000
76.0 29.48226 14 1.00000
76.1 29.52508 14 1.00000
76.2 29.56552 14 1.00000
76.3 29.60253 14 1.00000
76.4 29.63107 14 1.00000
76.5 29.67709 14 1.00000
76.6 29.72195 14 1.00000
76.7 29.76628 14 1.00000
76.8 29.81090 14 1.00000
76.9 29.85495 14 1.00000
77.0 29.89931 14 1.00000
77.1 29.94391 14 1.00000
77.2 29.98839 14 1.00000
77.3 30.03342 14 1.00000
77.4 30.07759 14 1.00000
77.5 30.12245 14 1.00000
77.6 30.16736 14 1.00000
77.7 30.21265 14 1.00000
77.8 30.25747 14 1.00000
77.9 30.30858 14 1.00000
78.0 30.38191 14 1.00000
78.1 30.47493 14 1.00000
78.2 30.53678 14 1.00000
78.3 30.61441 14 1.00000
78.4 30.49444 14 1.00000
78.5 30.54182 14 1.00000
78.6 30.58893 14 1.00000
78.7 30.63605 14 1.00000
78.8 30.68317 14 1.00000
78.9 30.73035 14 1.00000
79.0 30.77753 14 1.00000
79.1 30.82473 14 1.00000
79.2 30.87196 14 1.00000
79.3 30.91924 14 1.00000
79.4 30.96717 14 1.00000
79.5 31.01564 14 1.00000
79.6 31.06439 14 1.00000
79.7 31.11298 14 1.00000
79.8 31.16199 14 1.00000
79.9 31.21103 14 1.00000
80.0 31.26161 14 1.00000
80.1 31.31415 14 1.00000
80.2 31.36824 14 1.00000
80.3 31.44485 14 1.00000
80.4 31.57213 14 1.00000
80.5 31.48791 14 1.00000
80.6 31.53922 14 1.00000
80.7 31.59050 14 1.00000
80.8 31.64594 14 1.00000
80.9 31.70201 14 1.00000
81.0 31.75549 14 1.00000
81.1 31.80960 14 1.00000
81.2 31.86370 14 1.00000
81.3 31.91761 14 1.00000
81.4 31.97185 14 1.00000
81.5 32.02614 14 1.00000
81.6 32.08097 14 1.00000
81.7 32.13583 14 1.00000
81.8 32.19145 14 1.00000
81.9 32.26492 14 1.00000
82.0 32.36019 14 1.00000
82.1 32.41422 14 1.00000
82.2 32.37488 14 1.00000
82.3 32.43013 14 1.00000
82.4 32.48058 14 1.00000
82.5 32.53045 14 1.00000
82.6 32.57452 14 1.00000
82.7 32.63610 14 1.00000
82.8 32.69352 14 1.00000
82.9 32.74710 14 1.00000
83.0 32.79480 14 1.00000
83.1 32.84442 14 1.00000
83.2 32.88063 14 1.00000
83.3 32.93810 14 1.00000
83.4 33.00978 14 1.00000
83.5 33.07150 14 1.00000
83.6 33.12700 14 1.00000
83.7 33.17495 14 1.00000
83.8 33.21161 14 1.00000
83.9 33.27690 14 1.00000
84.0 33.33217 14 1.00000
84.1 33.37897 14 1.00000
84.2 33.42731 14 1.00000
84.3 33.46813 14 1.00000
84.4 33.52481 14 1.00000
84.5 33.49690 14 1.00000
84.6 33.62163 14 1.00000
84.7 33.66544 14 1.00000
84.8 33.70963 14 1.00000
84.9 33.76295 14 1.00000
85.0 33.81334 14 1.00000
85.1 33.86122 14 1.00000
85.2 33.90685 14 1.00000
85.3 33.95126 14 1.00000
85.4 34.01412 14 1.00000
85.5 34.06351 14 1.00000
85.6 34.11531 14 1.00000
85.7 34.15479 14 1.00000
85.8 34.24638 14 1.00000
85.9 34.14992 14 1.00000
86.0 34.29270 14 1.00000
86.1 34.34803 14 1.00000
86.2 34.39695 14 1.00000
86.3 34.42943 14 1.00000
86.4 34.58285 14 1.00000
86.5 34.62532 14 1.00000
86.6 34.64664 14 1.00000
86.7 34.66708 14 1.00000
86.8 34.75729 14 1.00000
86.9 34.78659 14 1.00000
87.0 34.84873 14 1.00000
87.1 34.87280 14 1.00000
87.2 34.93644 14 1.00000
87.3 34.97720 14 1.00000
87.4 35.02035 14 1.00000
87.5 35.06962 14 1.00000
87.6 35.09857 14 1.00000
87.7 35.15866 14 1.00000
87.8 35.19794 14 1.00000
87.9 35.24245 14 1.00000
88.0 35.28697 14 1.00000
88.1 35.32606 14 1.00000
88.2 35.37517 14 1.00000
88.3 35.41382 14 1.00000
88.4 35.45967 14 1.00000
88.5 35.50450 14 1.00000
88.6 35.52573 14 1.00000
88.7 35.59140 14 1.00000
88.8 35.63150 14 1.00000
88.9 35.66172 14 1.00000
89.0 35.71374 14 1.00000
89.1 35.76090 14 1.00000
89.2 35.80010 14 1.00000
89.3 35.83776 14 1.00000
89.4 35.87441 14 1.00000
89.5 35.91052 14 1.00000
89.6 35.94643 14 1.00000
89.7 35.98153 14 1.00000
89.8 36.02065 14 1.00000
89.9 36.06530 14 1.00000
90.0 36.11810 14 1.00000
90.1 36.19147 14 1.00000
90.2 36.28495 14 1.00000
90.3 36.45723 14 1.00000
90.4 36.46143 14 1.00000
90.5 36.46239 14 1.00000
90.6 36.51581 14 1.00000
90.7 36.58929 14 1.00000
90.8 36.64218 14 1.00000
90.9 36.70101 14 1.00000
91.0 36.76149 14 1.00000
91.1 36.80222 14 1.00000
91.2 36.87437 14 1.00000
91.3 36.92668 14 1.00000
91.4 36.96029 14 1.00000
91.5 37.03019 14 1.00000
91.6 37.11472 14 1.00000
91.7 37.16212 14 1.00000
91.8 37.20779 14 1.00000
91.9 37.27331 14 1.00000
92.0 37.32674 14 1.00000
92.1 37.36817 14 1.00000
92.2 37.34876 14 1.00000
92.3 37.47921 14 1.00000
92.4 37.52657 14 1.00000
92.5 37.56913 14 1.00000
92.6 37.60181 14 1.00000
92.7 37.66878 14 1.00000
92.8 37.69673 14 1.00000
92.9 37.76394 14 1.00000
93.0 37.81506 14 1.00000
93.1 37.85566 14 1.00000
93.2 37.90292 14 1.00000
93.3 37.95036 14 1.00000
93.4 38.08449 14 1.00000
93.5 38.14770 14 1.00000
93.6 37.94706 14 1.00000
93.7 38.11032 14 1.00000
93.8 38.19773 14 1.00000
93.9 38.26594 14 1.00000
94.0 38.33574 14 1.00000
94.1 38.36595 14 1.00000
94.2 38.42791 14 1.00000
94.3 38.46376 14 1.00000
94.4 38.48865 14 1.00000
94.5 38.55056 14 1.00000
94.6 38.60570 14 1.00000
94.7 38.64110 14 1.00000
94.8 38.68658 14 1.00000
94.9 38.71148 14 1.00000
95.0 38.77438 14 1.00000
95.1 38.80355 14 1.00000
95.2 38.84820 14 1.00000
95.3 38.89647 14 1.00000
95.4 38.93388 14 1.00000
95.5 38.96843 14 1.00000
95.6 39.00146 14 1.00000
95.7 39.03739 14 1.00000
95.8 39.06874 14 1.00000
95.9 39.10602 14 1.00000
96.0 39.19583 14 1.00000
96.1 39.28161 14 1.00000
96.2 39.35965 14 1.00000
96.3 39.53886 14 1.00000
96.4 39.49493 14 1.00000
96.5 39.53288 14 1.00000
96.6 39.62296 14 1.00000
96.7 39.66417 14 1.00000
96.8 39.74189 14 1.00000
96.9 39.78435 14 1.00000
97.0 39.86104 14 1.00000
97.1 39.89299 14 1.00000
97.2 39.96342 14 1.00000
97.3 40.02814 14 1.00000
97.4 40.07781 14 1.00000
97.5 40.15095 14 1.00000
97.6 40.19427 14 1.00000
97.7 40.26009 14 1.00000
97.8 40.31814 14 1.00000
97.9 40.37244 14 1.00000
98.0 40.41117 14 1.00000
98.1 40.45571 14 1.00000
98.2 40.50000 14 1.00000
98.3 40.50000 14 1.00000
98.4 40.50000 14 1.00000
98.5 40.50000 14 1.00000
98.6 40.50000 14 1.00000
98.7 40.50000 14 1.00000
98.8 40.50000 14 1.00000
98.9 40.50000 14 1.00000
99.0 40.50000 14 1.00000
99.1 40.50000 14 1.00000
99.2 40.50000 14 1.00000
99.3 40.50000 14 1.00000
99.4 40.50000 14 1.00000
99.5 40.50000 14 1.00000
99.6 40.50000 14 1.00000
99.7 40.50000 14 1.00000
99.8 40.50000 14 1.00000
99.9 40.50000 14 1.00000
100.0 40.50000 14 1.00000
100.1 40.50000 14 1.00000
100.2 40.50000 14 1.00000
100.3 40.50000 14 1.00000
100.4 40.50000 14 1.00000
100.5 40.50000 14 1.00000
100.6 40.50000 14 1.00000
100.7 40.50000 14 1.00000
100.8 40.50000 14 1.00000
100.9 40.50000 14 1.00000
101.0 40.50000 14 1.00000
101.1 40.50000 14 1.00000
101.2 40.50000 14 1.00000
101.3 40.50000 14 1.00000
101.4 40.50000 14 1.00000
101.5 40.50000 14 1.00000
101.6 40.50000 14 1.00000
101.7 40.50000 14 1.00000
101.8 40.50000 14 1.00000
101.9 40.50000 14 1.00000
102.0 40.50000 14 1.00000
102.1 40.50000 14 1.00000
102.2 40.50000 14 1.00000
102.3 40.50000 14 1.00000
102.4 40.50000 14 1.00000
102.5 40.50000 14 1.00000
102.6 40.50000 14 1.00000
102.7 40.50000 14 1.00000
102.8 40.50000 14 1.00000
102.9 40.50000 14 1.00000
103.0 40.50000 14 1.00000
103.1 40.50000 14 1.00000
103.2 40.50000 14 1.00000
103.3 40.50000 14 1.00000
103.4 40.50000 14 1.00000
103.5 40.50000 14 1.00000
103.6 40.50000 14 1.00000
103.7 40.50000 14 1.00000
103.8 40.50000 14 1.00000
103.9 40.50000 14 1.00000
104.0 40.50000 14 1.00000
104.1 40.50000 14 1.00000
104.2 40.50000 14 1.00000
104.3 40.50000 14 1.00000
104.4 40.50000 14 1.00000
104.5 40.50000 14 1.00000
104.6 40.50000 14 1.00000
104.7 40.50000 14 1.00000
104.8 40.50000 14 1.00000
104.9 40.50000 14 1.00000
105.0 40.50000 14 1.00000
105.1 40.50000 14 1.00000
105.2 40.50000 14 1.00000
105.3 40.50000 14 1.00000
105.4 40.50000 14 1.00000
105.5 40.50000 14 1.00000
105.6 40.50000 14 1.00000
105.7 40.50000 14 1.00000
105.8 40.50000 14 1.00000
105.9 40.50000 14 1.00000
106.0 40.50000 14 1.00000
106.1 40.50000 14 1.00000
106.2 40.50000 14 1.00000
106.3 40.50000 14 1.00000
106.4 40.50000 14 1.00000
106.5 40.50000 14 1.00000
106.6 40.50000 14 1.00000
106.7 40.50000 14 1.00000
106.8 40.50000 14 1.00000
106.9 40.50000 14 1.00000
107.0 40.50000 14 1.00000
107.1 40.50000 14 1.00000
107.2 40.50000 14 1.00000
107.3 40.50000 14 1.00000
107.4 40.50000 14 1.00000
107.5 40.50000 14 1.00000
107.6 40.50000 14 1.00000
107.7 40.50000 14 1.00000
107.8 40.50000 14 1.00000
107.9 40.50000 14 1.00000
108.0 40.50000 14 1.00000
108.1 40.50000 14 1.00000
108.2 40.50000 14 1.00000
108.3 40.50000 14 1.00000
108.4 40.50000 14 1.00000
108.5 40.50000 14 1.00000
108.6 40.50000 14 1.00000
108.7 40.50000 14 1.00000
108.8 40.50000 14 1.00000
108.9 40.50000 14 1.00000
109.0 40.50000 14 1.00000
109.1 40.50000 14 1.00000
109.2 40.50000 14 1.00000
109.3 40.50000 14 1.00000
109.4 40.50000 14 1.00000
109.5 40.50000 14 1.00000
109.6 40.50000 14 1.00000
109.7 40.50000 14 1.00000
109.8 40.50000 14 1.00000
109.9 40.50000 14 1.00000
110.0 40.50000 14 1.00000
110.1 40.50000 14 1.00000
110.2 40.50000 14 1.00000
110.3 40.50000 14 1.00000
110.4 40.50000 14 1.00000
110.5 40.50000 14 1.00000
110.6 40.50000 14 1.00000
110.7 40.50000 14 1.00000
110.8 40.50000 14 1.00000
110.9 40.50000 14 1.00000
111.0 40.50000 14 1.00000
111.1 40.50000 14 1.00000
111.2 40.50000 14 1.00000
111.3 40.50000 14 1.00000
111.4 40.50000 14 1.00000
111.5 40.50000 14 1.00000
111.6 40.50000 14 1.00000
111.7 40.50000 14 1.00000
111.8 40.50000 14 1.00000
111.9 40.50000 14 1.00000
112.0 40.50000 14 1.00000
112.1 40.50000 14 1.00000
112.2 40.50000 14 1.00000
112.3 40.50000 14 1.00000
112.4 40.50000 14 1.00000
112.5 40.50000 14 1.00000
112.6 40.50000 14 1.00000
112.7 40.50000 14 1.00000
112.8 40.50000 14 1.00000
112.9 40.50000 14 1.00000
113.0 40.50000 14 1.00000
113.1 40.50000 14 1.00000
113.2 40.50000 14 1.00000
113.3 40.50000 14 1.00000
113.4 40.50000 14 1.00000
113.5 40.50000 14 1.00000
113.6 40.50000 14 1.00000
113.7 40.50000 14 1.00000
113.8 40.50000 14 1.00000
113.9 40.50000 14 1.00000
114.0 40.50000 14 1.00000
114.1 40.50000 14 1.00000
114.2 40.50000 14 1.00000
114.3 40.50000 14 1.00000
114.4 40.50000 14 1.00000
114.5 40.50000 14 1.00000
114.6 40.50000 14 1.00000
114.7 40.50000 14 1.00000
114.8 40.50000 14 1.00000
114.9 40.50000 14 1.00000
115.0 40.50000 14 1.00000
115.1 40.50000 14 1.00000
115.2 40.50000 14 1.00000
115.3 40.50000 14 1.00000
115.4 40.50000 14 1.00000
115.5 40.50000 14 1.00000
115.6 40.50000 14 1.00000
115.7 40.50000 14 1.00000
115.8 40.50000 14 1.00000
115.9 40.50000 14 1.00000
116.0 40.50000 14 1.00000
116.1 40.50000 14 1.00000
116.2 40.50000 14 1.00000
116.3 40.50000 14 1.00000
116.4 40.50000 14 1.00000
116.5 40.50000 14 1.00000
116.6 40.50000 14 1.00000
116.7 40.50000 14 1.00000
116.8 40.50000 14 1.00000
116.9 40.50000 14 1.00000
117.0 40.50000 14 1.00000
117.1 40.50000 14 1.00000
117.2 40.50000 14 1.00000
117.3 40.50000 14 1.00000
117.4 40.50000 14 1.00000
117.5 40.50000 14 1.00000
117.6 40.50000 14 1.00000
117.7 40.50000 14 1.00000
117.8 40.50000 14 1.00000
117.9 40.50000 14 1.00000
118.0 40.50000 14 1.00000
118.1 40.50000 14 1.00000
118.2 40.50000 14 1.00000
118.3 40.50000 14 1.00000
118.4 40.50000 14 1.00000
118.5 40.50000 14 1.00000
118.6 40.50000 14 1.00000
118.7 40.50000 14 1.00000
118.8 40.50000 14 1.00000
118.9 40.50000 14 1.00000
119.0 40.50000 14 1.00000
119.1 40.50000 14 1.00000
119.2 40.50000 14 1.00000
119.3 40.50000 14 1.00000
119.4 40.50000 14 1.00000
119.5 40.50000 14 1.00000
119.6 40.50000 14 1.00000
119.7 40.50000 14 1.00000
119.8 40.50000 14 1.00000
119.9 40.50000 14 1.00000
120.0 40.50000 14 1.00000
120.1 40.50000 14 1.00000
120.2 40.50000 14 1.00000
120.3 40.50000 14 1.00000
120.4 40.50000 14 1.00000
120.5 40.50000 14 1.00000
120.6 40.50000 14 1.00000
120.7 40.50000 14 1.00000
120.8 40.50000 14 1.00000
120.9 40.50000 14 1.00000
121.0 40.50000 14 1.00000
121.1 40.50000 14 1.00000
121.2 40.50000 14 1.00000
121.3 40.50000 14 1.00000
121.4 40.50000 14 1.00000
121.5 40.50000 14 1.00000
121.6 40.50000 14 1.00000
121.7 40.50000 14 1.00000
121.8 40.50000 14 1.00000
121.9 40.50000 14 1.00000
122.0 40.50000 14 1.00000
122.1 40.50000 14 1.00000
122.2 40.50000 14 1.00000
122.3 40.50000 14 1.00000
122.4 40.50000 14 1.00000
122.5 40.50000 14 1.00000
122.6 40.50000 14 1.00000
122.7 40.50000 14 1.00000
122.8 40.50000 14 1.00000
122.9 40.50000 14 1.00000
123.0 40.50000 14 1.00000
123.1 40.50000 14 1.00000
123.2 40.50000 14 1.00000
123.3 40.50000 14 1.00000
123.4 40.50000 14 1.00000
123.5 40.50000 14 1.00000
123.6 40.50000 14 1.00000
123.7 40.50000 14 1.00000
123.8 40.50000 14 1.00000
123.9 40.50000 14 1.00000
124.0 40.50000 14 1.00000
124.1 40.50000 14 1.00000
124.2 40.50000 14 1.00000
124.3 40.50000 14 1.00000
124.4 40.50000 14 1.00000
124.5 40.50000 14 1.00000
124.6 40.50000 14 1.00000
124.7 40.50000 14 1.00000
124.8 40.50000 14 1.00000
124.9 40.50000 14 1.00000
125.0 40.50000 14 1.00000
125.1 40.50000 14 1.00000
125.2 40.50000 14 1.00000
125.3 40.50000 14 1.00000
125.4 40.50000 14 1.00000
125.5 40.50000 14 1.00000
125.6 40.50000 14 1.00000
125.7 40.50000 14 1.00000
125.8 40.50000 14 1.00000
125.9 40.50000 14 1.00000
126.0 40.50000 14 1.00000
126.1 40.50000 14 1.00000
126.2 40.50000 14 1.00000
126.3 40.50000 14 1.00000
126.4 40.50000 14 1.00000
126.5 40.50000 14 1.00000
126.6 40.50000 14 1.00000
126.7 40.50000 14 1.00000
126.8 40.50000 14 1.00000
126.9 40.50000 14 1.00000
127.0 40.50000 14 1.00000
127.1 40.50000 14 1.00000
127.2 40.50000 14 1.00000
127.3 40.50000 14 1.00000
127.4 40.50000 14 1.00000
127.5 40.50000 14 1.00000
127.6 40.50000 14 1.00000
127.7 40.50000 14 1.00000
127.8 40.50000 14 1.00000
127.9 40.50000 14 1.00000
128.0 40.50000 14 1.00000
128.1 40.50000 14 1.00000
128.2 40.50000 14 1.00000
128.3 40.50000 14 1.00000
128.4 40.50000 14 1.00000
128.5 40.50000 14 1.00000
128.6 40.50000 14 1.00000
128.7 40.50000 14 1.00000
128.8 40.50000 14 1.00000
128.9 40.50000 14 1.00000
129.0 40.50000 14 1.00000
129.1 40.50000 14 1.00000
129.2 40.50000 14 1.00000
129.3 40.50000 14 1.00000
129.4 40.50000 14 1.00000
129.5 40.50000 14 1.00000
129.6 40.50000 14 1.00000
129.7 40.50000 14 1.00000
129.8 40.50000 14 1.00000
129.9 40.50000 14 1.00000
130.0 40.50000 14 1.00000
130.1 40.50000 14 1.00000
130.2 40.50000 14 1.00000
130.3 40.50000 14 1.00000
130.4 40.50000 14 1.00000
130.5 40.50000 14 1.00000
130.6 40.50000 14 1.00000
130.7 40.50000 14 1.00000
130.8 40.50000 14 1.00000
130.9 40.50000 14 1.00000
131.0 40.50000 14 1.00000
131.1 40.50000 14 1.00000
131.2 40.50000 14 1.00000
131.3 40.50000 14 1.00000
131.4 40.50000 14 1.00000
131.5 40.50000 14 1.00000
131.6 40.50000 14 1.00000
131.7 40.50000 14 1.00000
131.8 40.50000 14 1.00000
131.9 40.50000 14 1.00000
132.0 40.50000 14 1.00000
132.1 40.50000 14 1.00000
132.2 40.50000 14 1.00000
132.3 40.50000 14 1.00000
132.4 40.50000 14 1.00000
132.5 40.50000 14 1.00000
132.6 40.50000 14 1.00000
132.7 40.50000 14 1.00000
132.8 40.50000 14 1.00000
132.9 40.50000 14 1.00000
133.0 40.50000 14 1.00000
133.1 40.50000 14 1.00000
133.2 40.50000 14 1.00000
133.3 40.50000 14 1.00000
133.4 40.50000 14 1.00000
133.5 40.50000 14 1.00000
133.6 40.50000 14 1.00000
133.7 40.50000 14 1.00000
133.8 40.50000 14 1.00000
133.9 40.50000 14 1.00000
134.0 40.50000 14 1.00000
134.1 40.50000 14 1.00000
134.2 40.50000 14 1.00000
134.3 40.50000 14 1.00000
134.4 40.50000 14 1.00000
134.5 40.50000 14 1.00000
134.6 40.50000 14 1.00000
134.7 40.50000 14 1.00000
134.8 40.50000 14 1.00000
134.9 40.50000 14 1.00000
135.0 40.50000 14 1.00000
135.1 40.50000 14 1.00000
135.2 40.50000 14 1.00000
135.3 40.50000 14 1.00000
135.4 40.50000 14 1.00000
135.5 40.50000 14 1.00000
135.6 40.50000 14 1.00000
135.7 40.50000 14 1.00000
135.8 40.50000 14 1.00000
135.9 40.50000 14 1.00000
136.0 40.50000 14 1.00000
136.1 40.50000 14 1.00000
136.2 40.50000 14 1.00000
136.3 40.50000 14 1.00000
136.4 40.50000 14 1.00000
136.5 40.50000 14 1.00000
136.6 40.50000 14 1.00000
136.7 40.50000 14 1.00000
136.8 40.50000 14 1.00000
136.9 40.50000 14 1.00000
137.0 40.50000 14 1.00000
137.1 40.50000 14 1.00000
137.2 40.50000 14 1.00000
137.3 40.50000 14 1.00000
137.4 40.50000 14 1.00000
137.5 40.50000 14 1.00000
137.6 40.50000 14 1.00000
137.7 40.50000 14 1.00000
137.8 40.50000 14 1.00000
137.9 40.50000 14 1.00000
138.0 40.50000 14 1.00000
138.1 40.50000 14 1.00000
138.2 40.50000 14 1.00000
138.3 40.50000 14 1.00000
138.4 40.50000 14 1.00000
138.5 40.50000 14 1.00000
138.6 40.50000 14 1.00000
138.7 40.50000 14 1.00000
138.8 40.50000 14 1.00000
138.9 40.50000 14 1.00000
139.0 40.50000 14 1.00000
139.1 40.50000 14 1.00000
139.2 40.50000 14 1.00000
139.3 40.50000 14 1.00000
139.4 40.50000 14 1.00000
139.5 40.50000 14 1.00000
139.6 40.50000 14 1.00000
139.7 40.50000 14 1.00000
139.8 40.50000 14 1.00000
139.9 40.50000 14 1.00000
140.0 40.50000 14 1.00000
140.1 40.50000 14 1.00000
140.2 40.50000 14 1.00000
140.3 40.50000 14 1.00000
140.4 40.50000 14 1.00000
140.5 40.50000 14 1.00000
140.6 40.50000 14 1.00000
140.7 40.50000 14 1.00000
140.8 40.50000 14 1.00000
140.9 40.50000 14 1.00000
141.0 40.50000 14 1.00000
141.1 40.50000 14 1.00000
141.2 40.50000 14 1.00000
141.3 40.50000 14 1.00000
141.4 40.50000 14 1.00000
141.5 40.50000 14 1.00000
141.6 40.50000 14 1.00000
141.7 40.50000 14 1.00000
141.8 40.50000 14 1.00000
141.9 40.50000 14 1.00000
142.0 40.50000 14 1.00000
142.1 40.50000 14 1.00000
142.2 40.50000 14 1.00000
142.3 40.50000 14 1.00000
142.4 40.50000 14 1.00000
142.5 40.50000 14 1.00000
142.6 40.50000 14 1.00000
142.7 40.50000 14 1.00000
142.8 40.50000 14 1.00000
142.9 40.50000 14 1.00000
143.0 40.50000 14 1.00000
143.1 40.50000 14 1.00000
143.2 40.50000 14 1.00000
143.3 40.50000 14 1.00000
143.4 40.50000 14 1.00000
143.5 40.50000 14 1.00000
143.6 40.50000 14 1.00000
143.7 40.50000 14 1.00000
143.8 40.50000 14 1.00000
143.9 40.50000 14 1.00000
144.0 40.50000 14 1.00000
144.1 40.50000 14 1.00000
144.2 40.50000 14 1.00000
144.3 40.50000 14 1.00000
144.4 40.50000 14 1.00000
144.5 40.50000 14 1.00000
144.6 40.50000 14 1.00000
144.7 40.50000 14 1.00000
144.8 40.50000 14 1.00000
144.9 40.50000 14 1.00000
145.0 40.50000 14 1.00000
145.1 40.50000 14 1.00000
145.2 40.50000 14 1.00000
145.3 40.50000 14 1.00000
145.4 40.50000 14 1.00000
145.5 40.50000 14 1.00000
145.6 40.50000 14 1.00000
145.7 40.50000 14 1.00000
145.8 40.50000 14 1.00000
145.9 40.50000 14 1.00000
146.0 40.50000 14 1.00000
146.1 40.50000 14 1.00000
146.2 40.50000 14 1.00000
146.3 40.50000 14 1.00000
146.4 40.50000 14 1.00000
146.5 40.50000 14 1.00000
146.6 40.50000 14 1.00000
146.7 40.50000 14 1.00000
146.8 40.50000 14 1.00000
146.9 40.50000 14 1.00000
147.0 40.50000 14 1.00000
147.1 40.50000 14 1.00000
147.2 40.50000 14 1.00000
147.3 40.50000 14 1.00000
147.4 40.50000 14 1.00000
147.5 40.50000 14 1.00000
147.6 40.50000 14 1.00000
147.7 40.50000 14 1.00000
147.8 40.50000 14 1.00000
147.9 40.50000 14 1.00000
148.0 40.50000 14 1.00000
148.1 40.50000 14 1.00000
148.2 40.50000 14 1.00000
148.3 40.50000 14 1.00000
148.4 40.50000 14 1.00000
148.5 40.50000 14 1.00000
148.6 40.50000 14 1.00000
148.7 40.50000 14 1.00000
148.8 40.50000 14 1.00000
148.9 40.50000 14 1.00000
149.0 40.50000 14 1.00000
149.1 40.50000 14 1.00000
149.2 40.50000 14 1.00000
149.3 40.50000 14 1.00000
149.4 40.50000 14 1.00000
149.5 40.50000 14 1.00000
149.6 40.50000 14 1.00000
149.7 40.50000 14 1.00000
149.8 40.50000 14 1.00000
149.9 40.50000 14 1.00000
150.0 40.50000 14 1.00000
150.1 40.50000 14 1.00000
150.2 40.50000 14 1.00000
150.3 40.50000 14 1.00000
150.4 40.50000 14 1.00000
150.5 40.50000 14 1.00000
150.6 40.50000 14 1.00000
150.7 40.50000 14 1.00000
150.8 40.50000 14 1.00000
150.9 40.50000 14 1.00000
151.0 40.50000 14 1.00000
151.1 40.50000 14 1.00000
151.2 40.50000 14 1.00000
151.3 40.50000 14 1.00000
151.4 40.50000 14 1.00000
151.5 40.50000 14 1.00000
151.6 40.50000 14 1.00000
151.7 40.50000 14 1.00000
151.8 40.50000 14 1.00000
151.9 40.50000 14 1.00000
152.0 40.50000 14 1.00000
152.1 40.50000 14 1.00000
152.2 40.50000 14 1.00000
152.3 40.50000 14 1.00000
152.4 40.50000 14 1.00000
152.5 40.50000 14 1.00000
152.6 40.50000 14 1.00000
152.7 40.50000 14 1.00000
152.8 40.50000 14 1.00000
152.9 40.50000 14 1.00000
153.0 40.50000 14 1.00000
153.1 40.50000 14 1.00000
153.2 40.50000 14 1.00000
153.3 40.50000 14 1.00000
153.4 40.50000 14 1.00000
153.5 40.50000 14 1.00000
153.6 40.50000 14 1.00000
153.7 40.50000 14 1.00000
153.8 40.50000 14 1.00000
153.9 40.50000 14 1.00000
154.0 40.50000 14 1.00000
154.1 40.50000 14 1.00000
154.2 40.50000 14 1.00000
154.3 40.50000 14 1.00000
154.4 40.50000 14 1.00000
154.5 40.50000 14 1.00000
154.6 40.50000 14 1.00000
154.7 40.50000 14 1.00000
154.8 40.50000 14 1.00000
154.9 40.50000 14 1.00000
155.0 40.50000 14 1.00000
155.1 40.50000 14 1.00000
155.2 40.50000 14 1.00000
155.3 40.50000 14 1.00000
155.4 40.50000 14 1.00000
155.5 40.50000 14 1.00000
155.6 40.50000 14 1.00000
155.7 40.50000 14 1.00000
155.8 40.50000 14 1.00000
155.9 40.50000 14 1.00000
156.0 40.50000 14 1.00000
156.1 40.50000 14 1.00000
156.2 40.50000 14 1.00000
156.3 40.50000 14 1.00000
156.4 40.50000 14 1.00000
156.5 40.50000 14 1.00000
156.6 40.50000 14 1.00000
156.7 40.50000 14 1.00000
156.8 40.50000 14 1.00000
156.9 40.50000 14 1.00000
157.0 40.50000 14 1.00000
157.1 40.50000 14 1.00000
157.2 40.50000 14 1.00000
157.3 40.50000 14 1.00000
157.4 40.50000 14 1.00000
157.5 40.50000 14 1.00000
157.6 40.50000 14 1.00000
157.7 40.50000 14 1.00000
157.8 40.50000 14 1.00000
157.9 40.50000 14 1.00000
158.0 40.50000 14 1.00000
158.1 40.50000 14 1.00000
158.2 40.50000 14 1.00000
158.3 40.50000 14 1.00000
158.4 40.50000 14 1.00000
158.5 40.50000 14 1.00000
158.6 40.50000 14 1.00000
158.7 40.50000 14 1.00000
158.8 40.50000 14 1.00000
158.9 40.50000 14 1.00000
159.0 40.50000 14 1.00000
159.1 40.50000 14 1.00000
159.2 40.50000 14 1.00000
159.3 40.50000 14 1.00000
159.4 40.50000 14 1.00000
159.5 40.50000 14 1.00000
159.6 40.50000 14 1.00000
159.7 40.50000 14 1.00000
159.8 40.50000 14 1.00000
159.9 40.50000 14 1.00000
160.0 40.50000 14 1.00000
160.1 40.50000 14 1.00000
160.2 40.50000 14 1.00000
160.3 40.50000 14 1.00000
160.4 40.50000 14 1.00000
160.5 40.50000 14 1.00000
160.6 40.50000 14 1.00000
160.7 40.50000 14 1.00000
160.8 40.50000 14 1.00000
160.9 40.50000 14 1.00000
161.0 40.50000 14 1.00000
161.1 40.50000 14 1.00000
161.2 40.50000 14 1.00000
161.3 40.50000 14 1.00000
161.4 40.50000 14 1.00000
161.5 40.50000 14 1.00000
161.6 40.50000 14 1.00000
161.7 40.50000 14 1.00000
161.8 40.50000 14 1.00000
161.9 40.50000 14 1.00000
162.0 40.50000 14 1.00000
162.1 40.50000 14 1.00000
162.2 40.50000 14 1.00000
162.3 40.50000 14 1.00000
162.4 40.50000 14 1.00000
162.5 40.50000 14 1.00000
162.6 40.50000 14 1.00000
162.7 40.50000 14 1.00000
162.8 40.50000 14 1.00000
162.9 40.50000 14 1.00000
163.0 40.50000 14 1.00000
163.1 40.50000 14 1.00000
163.2 40.50000 14 1.00000
163.3 40.50000 14 1.00000
163.4 40.50000 14 1.00000
163.5 40.50000 14 1.00000
163.6 40.50000 14 1.00000
163.7 40.50000 14 1.00000
163.8 40.50000 14 1.00000
163.9 40.50000 14 1.00000
164.0 40.50000 14 1.00000
164.1 40.50000 14 1.00000
164.2 40.50000 14 1.00000
164.3 40.50000 14 1.00000
164.4 40.50000 14 1.00000
164.5 40.50000 14 1.00000
164.6 40.50000 14 1.00000
164.7 40.50000 14 1.00000
164.8 40.50000 14 1.00000
164.9 40.50000 14 1.00000
165.0 40.50000 14 1.00000
165.1 40.50000 14 1.00000
165.2 40.50000 14 1.00000
165.3 40.50000 14 1.00000
165.4 40.50000 14 1.00000
165.5 40.50000 14 1.00000
165.6 40.50000 14 1.00000
165.7 40.50000 14 1.00000
165.8 40.50000 14 1.00000
165.9 40.50000 14 1.00000
166.0 40.50000 14 1.00000
166.1 40.50000 14 1.00000
166.2 40.50000 14 1.00000
166.3 40.50000 14 1.00000
166.4 40.50000 14 1.00000
166.5 40.50000 14 1.00000
166.6 40.50000 14 1.00000
166.7 40.50000 14 1.00000
166.8 40.50000 14 1.00000
166.9 40.50000 14 1.00000
167.0 40.50000 14 1.00000
167.1 40.50000 14 1.00000
167.2 40.50000 14 1.00000
167.3 40.50000 14 1.00000
167.4 40.50000 14 1.00000
167.5 40.50000 14 1.00000
167.6 40.50000 14 1.00000
167.7 40.50000 14 1.00000
167.8 40.50000 14 1.00000
167.9 40.50000 14 1.00000
168.0 40.50000 14 1.00000
168.1 40.50000 14 1.00000
168.2 40.50000 14 1.00000
168.3 40.50000 14 1.00000
168.4 40.50000 14 1.00000
168.5 40.50000 14 1.00000
168.6 40.50000 14 1.00000
168.7 40.50000 14 1.00000
168.8 40.50000 14 1.00000
168.9 40.50000 14 1.00000
169.0 40.50000 14 1.00000
169.1 40.50000 14 1.00000
169.2 40.50000 14 1.00000
169.3 40.50000 14 1.00000
169.4 40.50000 14 1.00000
169.5 40.50000 14 1.00000
169.6 40.50000 14 1.00000
169.7 40.50000 14 1.00000
169.8 40.50000 14 1.00000
169.9 40.50000 14 1.00000
170.0 40.50000 14 1.00000
170.1 40.50000 14 1.00000
170.2 40.50000 14 1.00000
170.3 40.50000 14 1.00000
170.4 40.50000 14 1.00000
170.5 40.50000 14 1.00000
170.6 40.50000 14 1.00000
170.7 40.50000 14 1.00000
170.8 40.50000 14 1.00000
170.9 40.50000 14 1.00000
171.0 40.50000 14 1.00000
171.1 40.50000 14 1.00000
171.2 40.50000 14 1.00000
171.3 40.50000 14 1.00000
171.4 40.50000 14 1.00000
171.5 40.50000 14 1.00000
171.6 40.50000 14 1.00000
171.7 40.50000 14 1.00000
171.8 40.50000 14 1.00000
171.9 40.50000 14 1.00000
172.0 40.50000 14 1.00000
172.1 40.50000 14 1.00000
172.2 40.50000 14 1.00000
172.3 40.50000 14 1.00000
172.4 40.50000 14 1.00000
172.5 40.50000 14 1.00000
172.6 40.50000 14 1.00000
172.7 40.50000 14 1.00000
172.8 40.50000 14 1.00000
172.9 40.50000 14 1.00000
173.0 40.50000 14 1.00000
173.1 40.50000 14 1.00000
173.2 40.50000 14 1.00000
173.3 40.50000 14 1.00000
173.4 40.50000 14 1.00000
173.5 40.50000 14 1.00000
173.6 40.50000 14 1.00000
173.7 40.50000 14 1.00000
173.8 40.50000 14 1.00000
173.9 40.50000 14 1.00000
174.0 40.50000 14 1.00000
174.1 40.50000 14 1.00000
174.2 40.50000 14 1.00000
174.3 40.50000 14 1.00000
174.4 40.50000 14 1.00000
174.5 40.50000 14 1.00000
174.6 40.50000 14 1.00000
174.7 40.50000 14 1.00000
174.8 40.50000 14 1.00000
174.9 40.50000 14 1.00000
175.0 40.50000 14 1.00000
175.1 40.50000 14 1.00000
175.2 40.50000 14 1.00000
175.3 40.50000 14 1.00000
175.4 40.50000 14 1.00000
175.5 40.50000 14 1.00000
175.6 40.50000 14 1.00000
175.7 40.50000 14 1.00000
175.8 40.50000 14 1.00000
175.9 40.50000 14 1.00000
176.0 40.50000 14 1.00000
176.1 40.50000 14 1.00000
176.2 40.50000 14 1.00000
176.3 40.50000 14 1.00000
176.4 40.50000 14 1.00000
176.5 40.50000 14 1.00000
176.6 40.50000 14 1.00000
176.7 40.50000 14 1.00000
176.8 40.50000 14 1.00000
176.9 40.50000 14 1.00000
177.0 40.50000 14 1.00000
177.1 40.50000 14 1.00000
177.2 40.50000 14 1.00000
177.3 40.50000 14 1.00000
177.4 40.50000 14 1.00000
177.5 40.50000 14 1.00000
177.6 40.50000 14 1.00000
177.7 40.50000 14 1.00000
177.8 40.50000 14 1.00000
177.9 40.50000 14 1.00000
178.0 40.50000 14 1.00000
178.1 40.50000 14 1.00000
178.2 40.50000 14 1.00000
178.3 40.50000 14 1.00000
178.4 40.50000 14 1.00000
178.5 40.50000 14 1.00000
178.6 40.50000 14 1.00000
178.7 40.50000 14 1.00000
178.8 40.50000 14 1.00000
178.9 40.50000 14 1.00000
179.0 40.50000 14 1.00000
179.1 40.50000 14 1.00000
179.2 40.50000 14 1.00000
179.3 40.50000 14 1.00000
179.4 40.50000 14 1.00000
179.5 40.50000 14 1.00000
179.6 40.50000 14 1.00000
179.7 40.50000 14 1.00000
179.8 40.50000 14 1.00000
179.9 40.50000 14 1.00000
180.0 40.50000 14 1.00000
180.1 40.50000 14 1.00000
180.2 40.50000 14 1.00000
180.3 40.50000 14 1.00000
180.4 40.50000 14 1.00000
180.5 40.50000 14 1.00000
180.6 40.50000 14 1.00000
180.7 40.50000 14 1.00000
180.8 40.50000 14 1.00000
180.9 40.50000 14 1.00000
181.0 40.50000 14 1.00000
181.1 40.50000 14 1.00000
181.2 40.50000 14 1.00000
181.3 40.50000 14 1.00000
181.4 40.50000 14 1.00000
181.5 40.50000 14 1.00000
181.6 40.50000 14 1.00000
181.7 40.50000 14 1.00000
181.8 40.50000 14 1.00000
181.9 40.50000 14 1.00000
182.0 40.50000 14 1.00000
182.1 40.50000 14 1.00000
182.2 40.50000 14 1.00000
182.3 40.50000 14 1.00000
182.4 40.50000 14 1.00000
182.5 40.50000 14 1.00000
182.6 40.50000 14 1.00000
182.7 40.50000 14 1.00000
182.8 40.50000 14 1.00000
182.9 40.50000 14 1.00000
183.0 40.50000 14 1.00000
183.1 40.50000 14 1.00000
183.2 40.50000 14 1.00000
183.3 40.50000 14 1.00000
183.4 40.50000 14 1.00000
183.5 40.50000 14 1.00000
183.6 40.50000 14 1.00000
183.7 40.50000 14 1.00000
183.8 40.50000 14 1.00000
183.9 40.50000 14 1.00000
184.0 40.50000 14 1.00000
184.1 40.50000 14 1.00000
184.2 40.50000 14 1.00000
184.3 40.50000 14 1.00000
184.4 40.50000 14 1.00000
184.5 40.50000 14 1.00000
184.6 40.50000 14 1.00000
184.7 40.50000 14 1.00000
184.8 40.50000 14 1.00000
184.9 40.50000 14 1.00000
185.0 40.50000 14 1.00000
185.1 40.50000 14 1.00000
185.2 40.50000 14 1.00000
185.3 40.50000 14 1.00000
185.4 40.50000 14 1.00000
185.5 40.50000 14 1.00000
185.6 40.50000 14 1.00000
185.7 40.50000 14 1.00000
185.8 40.50000 14 1.00000
185.9 40.50000 14 1.00000
186.0 40.50000 14 1.00000
186.1 40.50000 14 1.00000
186.2 40.50000 14 1.00000
186.3 40.50000 14 1.00000
186.4 40.50000 14 1.00000
186.5 40.50000 14 1.00000
186.6 40.50000 14 1.00000
186.7 40.50000 14 1.00000
186.8 40.50000 14 1.00000
186.9 40.50000 14 1.00000
187.0 40.50000 14 1.00000
187.1 40.50000 14 1.00000
187.2 40.50000 14 1.00000
187.3 40.50000 14 1.00000
187.4 40.50000 14 1.00000
187.5 40.50000 14 1.00000
187.6 40.50000 14 1.00000
187.7 40.50000 14 1.00000
187.8 40.50000 14 1.00000
187.9 40.50000 14 1.00000
188.0 40.50000 14 1.00000
188.1 40.50000 14 1.00000
188.2 40.50000 14 1.00000
188.3 40.50000 14 1.00000
188.4 40.50000 14 1.00000
188.5 40.50000 14 1.00000
188.6 40.50000 14 1.00000
188.7 40.50000 14 1.00000
188.8 40.50000 14 1.00000
188.9 40.50000 14 1.00000
189.0 40.50000 14 1.00000
189.1 40.50000 14 1.00000
189.2 40.50000 14 1.00000
189.3 40.50000 14 1.00000
189.4 40.50000 14 1.00000
189.5 40.50000 14 1.00000
189.6 40.50000 14 1.00000
189.7 40.50000 14 1.00000
189.8 40.50000 14 1.00000
189.9 40.50000 14 1.00000
190.0 40.50000 14 1.00000
190.1 40.50000 14 1.00000
190.2 40.50000 14 1.00000
190.3 40.50000 14 1.00000
190.4 40.50000 14 1.00000
190.5 40.50000 14 1.00000
190.6 40.50000 14 1.00000
190.7 40.50000 14 1.00000
190.8 40.50000 14 1.00000
190.9 40.50000 14 1.00000
191.0 40.50000 14 1.00000
191.1 40.50000 14 1.00000
191.2 40.50000 14 1.00000
191.3 40.50000 14 1.00000
191.4 40.50000 14 1.00000
191.5 40.50000 14 1.00000
191.6 40.50000 14 1.00000
191.7 40.50000 14 1.00000
191.8 40.50000 14 1.00000
191.9 40.50000 14 1.00000
192.0 40.50000 14 1.00000
192.1 40.50000 14 1.00000
192.2 40.50000 14 1.00000
192.3 40.50000 14 1.00000
192.4 40.50000 14 1.00000
192.5 40.50000 14 1.00000
192.6 40.50000 14 1.00000
192.7 40.50000 14 1.00000
192.8 40.50000 14 1.00000
192.9 40.50000 14 1.00000
193.0 40.50000 14 1.00000
193.1 40.50000 14 1.00000
193.2 40.50000 14 1.00000
193.3 40.50000 14 1.00000
193.4 40.50000 14 1.00000
193.5 40.50000 14 1.00000
193.6 40.50000 14 1.00000
193.7 40.50000 14 1.00000
193.8 40.50000 14 1.00000
193.9 40.50000 14 1.00000
194.0 40.50000 14 1.00000
194.1 40.50000 14 1.00000
194.2 40.50000 14 1.00000
194.3 40.50000 14 1.00000
194.4 40.50000 14 1.00000
194.5 40.50000 14 1.00000
194.6 40.50000 14 1.00000
194.7 40.50000 14 1.00000
194.8 40.50000 14 1.00000
194.9 40.50000 14 1.00000
195.0 40.50000 14 1.00000
195.1 40.50000 14 1.00000
195.2 40.50000 14 1.00000
195.3 40.50000 14 1.00000
195.4 40.50000 14 1.00000
195.5 40.50000 14 1.00000
195.6 40.50000 14 1.00000
195.7 40.50000 14 1.00000
195.8 40.50000 14 1.00000
195.9 40.50000 14 1.00000
196.0 40.50000 14 1.00000
196.1 40.50000 14 1.00000
196.2 40.50000 14 1.00000
196.3 40.50000 14 1.00000
196.4 40.50000 14 1.00000
196.5 40.50000 14 1.00000
196.6 40.50000 14 1.00000
196.7 40.50000 14 1.00000
196.8 40.50000 14 1.00000
196.9 40.50000 14 1.00000
197.0 40.50000 14 1.00000
197.1 40.50000 14 1.00000
197.2 40.50000 14 1.00000
197.3 40.50000 14 1.00000
197.4 40.50000 14 1.00000
197.5 40.50000 14 1.00000
197.6 40.50000 14 1.00000
197.7 40.50000 14 1.00000
197.8 40.50000 14 1.00000
197.9 40.50000 14 1.00000
198.0 40.50000 14 1.00000
198.1 40.50000 14 1.00000
198.2 40.50000 14 1.00000
198.3 40.50000 14 1.00000
198.4 40.50000 14 1.00000
198.5 40.50000 14 1.00000
198.6 40.50000 14 1.00000
198.7 40.50000 14 1.00000
198.8 40.50000 14 1.00000
198.9 40.50000 14 1.00000
199.0 40.50000 14 1.00000
199.1 40.50000 14 1.00000
199.2 40.50000 14 1.00000
199.3 40.50000 14 1.00000
199.4 40.50000 14 1.00000
199.5 40.50000 14 1.00000
199.6 40.50000 14 1.00000
199.7 40.50000 14 1.00000
199.8 40.50000 14 1.00000
199.9 40.50000 14 1.00000
200.0 40.50000 14 1.00000
200.1 40.50000 14 1.00000
200.2 40.50000 14 1.00000
200.3 40.50000 14 1.00000
200.4 40.50000 14 1.00000
200.5 40.50000 14 1.00000
200.6 40.50000 14 1.00000
200.7 40.50000 14 1.00000
200.8 40.50000 14 1.00000
200.9 40.50000 14 1.00000
201.0 40.50000 14 1.00000
201.1 40.50000 14 1.00000
201.2 40.50000 14 1.00000
201.3 40.50000 14 1.00000
201.4 40.50000 14 1.00000
201.5 40.50000 14 1.00000
201.6 40.50000 14 1.00000
201.7 40.50000 14 1.00000
201.8 40.50000 14 1.00000
201.9 40.50000 14 1.00000
202.0 40.50000 14 1.00000
202.1 40.50000 14 1.00000
202.2 40.50000 14 1.00000
202.3 40.50000 14 1.00000
202.4 40.50000 14 1.00000
202.5 40.50000 14 1.00000
202.6 40.50000 14 1.00000
202.7 40.50000 14 1.00000
202.8 40.50000 14 1.00000
202.9 40.50000 14 1.00000
203.0 40.50000 14 1.00000
203.1 40.50000 14 1.00000
203.2 40.50000 14 1.00000
203.3 40.50000 14 1.00000
203.4 40.50000 14 1.00000
203.5 40.50000 14 1.00000
203.6 40.50000 14 1.00000
203.7 40.50000 14 1.00000
203.8 40.50000 14 1.00000
203.9 40.50000 14 1.00000
204.0 40.50000 14 1.00000
204.1 40.50000 14 1.00000
204.2 40.50000 14 1.00000
204.3 40.50000 14 1.00000
204.4 40.50000 14 1.00000
204.5 40.50000 14 1.00000
204.6 40.50000 14 1.00000
204.7 40.50000 14 1.00000
204.8 40.50000 14 1.00000
204.9 40.50000 14 1.00000
205.0 40.50000 14 1.00000
205.1 40.50000 14 1.00000
205.2 40.50000 14 1.00000
205.3 40.50000 14 1.00000
205.4 40.50000 14 1.00000
205.5 40.50000 14 1.00000
205.6 40.50000 14 1.00000
205.7 40.50000 14 1.00000
205.8 40.50000 14 1.00000
205.9 40.50000 14 1.00000
206.0 40.50000 14 1.00000
206.1 40.50000 14 1.00000
206.2 40.50000 14 1.00000
206.3 40.50000 14 1.00000
206.4 40.50000 14 1.00000
206.5 40.50000 14 1.00000
206.6 40.50000 14 1.00000
206.7 40.50000 14 1.00000
206.8 40.50000 14 1.00000
206.9 40.50000 14 1.00000
207.0 40.50000 14 1.00000
207.1 40.50000 14 1.00000
207.2 40.50000 14 1.00000
207.3 40.50000 14 1.00000
207.4 40.50000 14 1.00000
207.5 40.50000 14 1.00000
207.6 40.50000 14 1.00000
207.7 40.50000 14 1.00000
207.8 40.50000 14 1.00000
207.9 40.50000 14 1.00000
208.0 40.50000 14 1.00000
208.1 40.50000 14 1.00000
208.2 40.50000 14 1.00000
208.3 0.00000 15 0.00000
208.4 0.00000 15 0.00000
208.5 40.50000 14 1.00000
208.6 40.50000 14 1.00000
208.7 40.50000 14 1.00000
208.8 0.00000 15 0.00000
208.9 0.00000 15 0.00000
209.0 0.00000 15 0.00000
209.1 0.00000 15 0.00000
209.2 40.50000 14 1.00000
209.3 0.00000 15 0.00000
209.4 0.00000 15 0.00000
209.5 0.00000 15 0.00000
209.6 0.00000 15 0.00000
209.7 0.00000 15 0.00000
209.8 0.00000 15 0.00000
209.9 0.00000 15 0.00000
210.0 0.00000 15 0.00000
210.1 0.00000 15 0.00000
210.2 0.00000 15 0.00000
210.3 0.00000 15 0.00000
210.4 0.00000 15 0.00000
210.5 0.00000 15 0.00000
210.6 0.00000 15 0.00000
210.7 0.00000 15 0.00000
210.8 0.00000 15 0.00000
210.9 0.00000 15 0.00000
211.0 0.00000 15 0.00000
211.1 0.00000 15 0.00000
211.2 0.00000 15 0.00000
211.3 0.00000 15 0.00000
211.4 0.00000 15 0.00000
211.5 0.00000 15 0.00000
211.6 0.00000 15 0.00000
211.7 0.00000 15 0.00000
211.8 0.00000 15 0.00000
211.9 0.00000 15 0.00000
212.0 0.00000 15 0.00000
212.1 0.00000 15 0.00000
212.2 0.00000 15 0.00000
212.3 0.00000 15 0.00000
212.4 0.00000 15 0.00000
212.5 0.00000 15 0.00000
212.6 0.00000 15 0.00000
212.7 0.00000 15 0.00000
212.8 0.00000 15 0.00000
212.9 0.00000 15 0.00000
213.0 0.00000 15 0.00000
213.1 0.00000 15 0.00000
213.2 0.00000 15 0.00000
213.3 0.00000 15 0.00000
213.4 0.00000 15 0.00000
213.5 0.00000 15 0.00000
213.6 0.00000 15 0.00000
213.7 0.00000 15 0.00000
213.8 0.00000 15 0.00000
213.9 0.00000 15 0.00000
214.0 0.00000 15 0.00000
214.1 0.00000 15 0.00000
214.2 0.00000 15 0.00000
214.3 0.00000 15 0.00000
214.4 0.00000 15 0.00000
214.5 0.00000 15 0.00000
214.6 0.00000 15 0.00000
214.7 0.00000 15 0.00000
214.8 0.00000 15 0.00000
214.9 0.00000 15 0.00000
215.0 0.00000 15 0.00000
215.1 0.00000 15 0.00000
215.2 0.00000 15 0.00000
215.3 0.00000 15 0.00000
215.4 0.00000 15 0.00000
215.5 0.00000 15 0.00000
215.6 0.00000 15 0.00000
215.7 0.00000 15 0.00000
215.8 0.00000 15 0.00000
215.9 0.00000 15 0.00000
216.0 0.00000 15 0.00000
216.1 0.00000 15 0.00000
216.2 0.00000 15 0.00000
216.3 0.00000 15 0.00000
216.4 0.00000 15 0.00000
216.5 0.00000 15 0.00000
216.6 0.00000 15 0.00000
216.7 0.00000 15 0.00000
216.8 0.00000 15 0.00000
216.9 0.00000 15 0.00000
217.0 0.00000 15 0.00000
217.1 0.00000 15 0.00000
217.2 0.00000 15 0.00000
217.3 0.00000 15 0.00000
217.4 0.00000 15 0.00000
217.5 0.00000 15 0.00000
217.6 0.00000 15 0.00000
217.7 0.00000 15 0.00000
217.8 0.00000 15 0.00000
217.9 0.00000 15 0.00000
218.0 0.00000 15 0.00000
218.1 0.00000 15 0.00000
218.2 0.00000 15 0.00000
218.3 0.00000 15 0.00000
218.4 0.00000 15 0.00000
218.5 0.00000 15 0.00000
218.6 0.00000 15 0.00000
218.7 0.00000 15 0.00000
218.8 0.00000 15 0.00000
218.9 0.00000 15 0.00000
219.0 0.00000 15 0.00000
219.1 0.00000 15 0.00000
219.2 0.00000 15 0.00000
219.3 0.00000 15 0.00000
219.4 0.00000 15 0.00000
219.5 0.00000 15 0.00000
219.6 0.00000 15 0.00000
219.7 0.00000 15 0.00000
219.8 0.00000 15 0.00000
219.9 0.00000 15 0.00000
220.0 0.00000 15 0.00000
220.1 0.00000 15 0.00000
220.2 0.00000 15 0.00000
220.3 0.00000 15 0.00000
220.4 0.00000 15 0.00000
220.5 0.00000 15 0.00000
220.6 0.00000 15 0.00000
220.7 0.00000 15 0.00000
220.8 0.00000 15 0.00000
220.9 0.00000 15 0.00000
221.0 0.00000 15 0.00000
221.1 0.00000 15 0.00000
221.2 0.00000 15 0.00000
221.3 0.00000 15 0.00000
221.4 0.00000 15 0.00000
221.5 0.00000 15 0.00000
221.6 0.00000 15 0.00000
221.7 0.00000 15 0.00000
221.8 0.00000 15 0.00000
221.9 0.00000 15 0.00000
222.0 0.00000 15 0.00000
222.1 0.00000 15 0.00000
222.2 0.00000 15 0.00000
222.3 0.00000 15 0.00000
222.4 0.00000 15 0.00000
222.5 0.00000 15 0.00000
222.6 0.00000 15 0.00000
222.7 0.00000 15 0.00000
222.8 0.00000 15 0.00000
222.9 0.00000 15 0.00000
223.0 0.00000 15 0.00000
223.1 0.00000 15 0.00000
223.2 0.00000 15 0.00000
223.3 0.00000 15 0.00000
223.4 0.00000 15 0.00000
223.5 0.00000 15 0.00000
223.6 0.00000 15 0.00000
223.7 0.00000 15 0.00000
223.8 0.00000 15 0.00000
223.9 0.00000 15 0.00000
224.0 0.00000 15 0.00000
224.1 0.00000 15 0.00000
224.2 0.00000 15 0.00000
224.3 0.00000 15 0.00000
224.4 0.00000 15 0.00000
224.5 0.00000 15 0.00000
224.6 0.00000 15 0.00000
224.7 0.00000 15 0.00000
224.8 0.00000 15 0.00000
224.9 0.00000 15 0.00000
225.0 0.00000 15 0.00000
225.1 0.00000 15 0.00000
225.2 0.00000 15 0.00000
225.3 0.00000 15 0.00000
225.4 0.00000 15 0.00000
225.5 0.00000 15 0.00000
225.6 0.00000 15 0.00000
225.7 0.00000 15 0.00000
225.8 0.00000 15 0.00000
225.9 0.00000 15 0.00000
226.0 0.00000 15 0.00000
226.1 0.00000 15 0.00000
226.2 0.00000 15 0.00000
226.3 0.00000 15 0.00000
226.4 0.00000 15 0.00000
226.5 0.00000 15 0.00000
226.6 0.00000 15 0.00000
226.7 0.00000 15 0.00000
226.8 0.00000 15 0.00000
226.9 0.00000 15 0.00000
227.0 0.00000 15 0.00000
227.1 0.00000 15 0.00000
227.2 0.00000 15 0.00000
227.3 0.00000 15 0.00000
227.4 0.00000 15 0.00000
227.5 0.00000 15 0.00000
227.6 0.00000 15 0.00000
227.7 0.00000 15 0.00000
227.8 0.00000 15 0.00000
227.9 0.00000 15 0.00000
228.0 0.00000 15 0.00000
228.1 0.00000 15 0.00000
228.2 0.00000 15 0.00000
228.3 0.00000 15 0.00000
228.4 0.00000 15 0.00000
228.5 0.00000 15 0.00000
228.6 0.00000 15 0.00000
228.7 0.00000 15 0.00000
228.8 0.00000 15 0.00000
228.9 0.00000 15 0.00000
229.0 0.00000 15 0.00000
229.1 0.00000 15 0.00000
229.2 0.00000 15 0.00000
229.3 0.00000 15 0.00000
229.4 0.00000 15 0.00000
229.5 0.00000 15 0.00000
229.6 0.00000 15 0.00000
229.7 0.00000 15 0.00000
229.8 0.00000 15 0.00000
229.9 0.00000 15 0.00000
230.0 0.00000 15 0.00000
230.1 0.00000 15 0.00000
230.2 0.00000 15 0.00000
230.3 0.00000 15 0.00000
230.4 0.00000 15 0.00000
230.5 0.00000 15 0.00000
230.6 0.00000 15 0.00000
230.7 0.00000 15 0.00000
230.8 0.00000 15 0.00000
230.9 0.00000 15 0.00000
231.0 0.00000 15 0.00000
231.1 0.00000 15 0.00000
231.2 0.00000 15 0.00000
231.3 0.00000 15 0.00000
231.4 0.00000 15 0.00000
231.5 0.00000 15 0.00000
231.6 0.00000 15 0.00000
231.7 0.00000 15 0.00000
231.8 0.00000 15 0.00000
231.9 0.00000 15 0.00000
232.0 0.00000 15 0.00000
232.1 0.00000 15 0.00000
232.2 0.00000 15 0.00000
232.3 0.00000 15 0.00000
232.4 0.00000 15 0.00000
232.5 0.00000 15 0.00000
232.6 0.00000 15 0.00000
232.7 0.00000 15 0.00000
232.8 0.00000 15 0.00000
232.9 0.00000 15 0.00000
233.0 0.00000 15 0.00000
233.1 0.00000 15 0.00000
233.2 0.00000 15 0.00000
233.3 0.00000 15 0.00000
233.4 0.00000 15 0.00000
233.5 0.00000 15 0.00000
233.6 0.00000 15 0.00000
233.7 0.00000 15 0.00000
233.8 0.00000 15 0.00000
233.9 0.00000 15 0.00000
234.0 0.00000 15 0.00000
234.1 0.00000 15 0.00000
234.2 0.00000 15 0.00000
234.3 0.00000 15 0.00000
234.4 0.00000 15 0.00000
234.5 0.00000 15 0.00000
234.6 0.00000 15 0.00000
234.7 0.00000 15 0.00000
234.8 0.00000 15 0.00000
234.9 0.00000 15 0.00000
235.0 0.00000 15 0.00000
235.1 0.00000 15 0.00000
235.2 0.00000 15 0.00000
235.3 0.00000 15 0.00000
235.4 0.00000 15 0.00000
235.5 0.00000 15 0.00000
235.6 0.00000 15 0.00000
235.7 0.00000 15 0.00000
235.8 0.00000 15 0.00000
235.9 0.00000 15 0.00000
236.0 0.00000 15 0.00000
236.1 0.00000 15 0.00000
236.2 0.00000 15 0.00000
236.3 0.00000 15 0.00000
236.4 0.00000 15 0.00000
236.5 0.00000 15 0.00000
236.6 0.00000 15 0.00000
236.7 0.00000 15 0.00000
236.8 0.00000 15 0.00000
236.9 0.00000 15 0.00000
237.0 0.00000 15 0.00000
237.1 0.00000 15 0.00000
237.2 0.00000 15 0.00000
237.3 0.00000 15 0.00000
237.4 0.00000 15 0.00000
237.5 0.00000 15 0.00000
237.6 0.00000 15 0.00000
237.7 0.00000 15 0.00000
237.8 0.00000 15 0.00000
237.9 0.00000 15 0.00000
238.0 0.00000 15 0.00000
238.1 0.00000 15 0.00000
238.2 0.00000 15 0.00000
238.3 0.00000 15 0.00000
238.4 0.00000 15 0.00000
238.5 0.00000 15 0.00000
238.6 0.00000 15 0.00000
238.7 0.00000 15 0.00000
238.8 0.00000 15 0.00000
238.9 0.00000 15 0.00000
239.0 0.00000 15 0.00000
239.1 0.00000 15 0.00000
239.2 0.00000 15 0.00000
239.3 0.00000 15 0.00000
239.4 0.00000 15 0.00000
239.5 0.00000 15 0.00000
239.6 0.00000 15 0.00000
239.7 0.00000 15 0.00000
239.8 0.00000 15 0.00000
239.9 0.00000 15 0.00000
240.0 0.00000 15 0.00000
240.1 0.00000 15 0.00000
240.2 0.00000 15 0.00000
240.3 0.00000 15 0.00000
240.4 0.00000 15 0.00000
240.5 0.00000 15 0.00000
240.6 0.00000 15 0.00000
240.7 0.00000 15 0.00000
240.8 0.00000 15 0.00000
240.9 0.00000 15 0.00000
241.0 0.00000 15 0.00000
241.1 0.00000 15 0.00000
241.2 0.00000 15 0.00000
241.3 0.00000 15 0.00000
241.4 0.00000 15 0.00000
241.5 0.00000 15 0.00000
241.6 0.00000 15 0.00000
241.7 0.00000 15 0.00000
241.8 0.00000 15 0.00000
241.9 0.00000 15 0.00000
242.0 0.00000 15 0.00000
242.1 0.00000 15 0.00000
242.2 0.00000 15 0.00000
242.3 0.00000 15 0.00000
242.4 0.00000 15 0.00000
242.5 0.00000 15 0.00000
242.6 0.00000 15 0.00000
242.7 0.00000 15 0.00000
242.8 0.00000 15 0.00000
242.9 0.00000 15 0.00000
243.0 0.00000 15 0.00000
243.1 0.00000 15 0.00000
243.2 0.00000 15 0.00000
243.3 0.00000 15 0.00000
243.4 0.00000 15 0.00000
243.5 0.00000 15 0.00000
243.6 0.00000 15 0.00000
243.7 0.00000 15 0.00000
243.8 0.00000 15 0.00000
243.9 0.00000 15 0.00000
244.0 0.00000 15 0.00000
244.1 0.00000 15 0.00000
244.2 0.00000 15 0.00000
244.3 0.00000 15 0.00000
244.4 0.00000 15 0.00000
244.5 0.00000 15 0.00000
244.6 0.00000 15 0.00000
244.7 0.00000 15 0.00000
244.8 0.00000 15 0.00000
244.9 0.00000 15 0.00000
245.0 0.00000 15 0.00000
245.1 0.00000 15 0.00000
245.2 0.00000 15 0.00000
245.3 0.00000 15 0.00000
245.4 0.00000 15 0.00000
245.5 0.00000 15 0.00000
245.6 0.00000 15 0.00000
245.7 0.00000 15 0.00000
245.8 0.00000 15 0.00000
245.9 0.00000 15 0.00000
246.0 0.00000 15 0.00000
246.1 0.00000 15 0.00000
246.2 0.00000 15 0.00000
246.3 0.00000 15 0.00000
246.4 0.00000 15 0.00000
246.5 0.00000 15 0.00000
246.6 0.00000 15 0.00000
246.7 0.00000 15 0.00000
246.8 0.00000 15 0.00000
246.9 0.00000 15 0.00000
247.0 0.00000 15 0.00000
247.1 0.00000 15 0.00000
247.2 0.00000 15 0.00000
247.3 0.00000 15 0.00000
247.4 0.00000 15 0.00000
247.5 0.00000 15 0.00000
247.6 0.00000 15 0.00000
247.7 0.00000 15 0.00000
247.8 0.00000 15 0.00000
247.9 0.00000 15 0.00000
248.0 0.00000 15 0.00000
248.1 0.00000 15 0.00000
248.2 0.00000 15 0.00000
248.3 0.00000 15 0.00000
248.4 0.00000 15 0.00000
248.5 0.00000 15 0.00000
248.6 0.00000 15 0.00000
248.7 0.00000 15 0.00000
248.8 0.00000 15 0.00000
248.9 0.00000 15 0.00000
249.0 0.00000 15 0.00000
249.1 0.00000 15 0.00000
249.2 0.00000 15 0.00000
249.3 0.00000 15 0.00000
249.4 0.00000 15 0.00000
249.5 0.00000 15 0.00000
249.6 0.00000 15 0.00000
249.7 0.00000 15 0.00000
249.8 0.00000 15 0.00000
249.9 0.00000 15 0.00000
250.0 0.00000 15 0.00000
