15.0 2.25585 13 0.10148
15.1 2.30027 13 0.10516
15.2 2.34462 13 0.10889
15.3 2.38938 13 0.11264
15.4 2.43455 13 0.11640
15.5 2.48012 13 0.12017
15.6 2.53480 14 0.12395
15.7 2.59710 14 0.12774
15.8 2.66055 14 0.13154
15.9 2.72515 14 0.13535
16.0 2.79092 14 0.13918
16.1 2.85787 14 0.14301
16.2 2.92601 14 0.14685
16.3 2.99534 14 0.15071
16.4 3.06588 14 0.15457
16.5 3.13961 14 0.15839
16.6 3.21273 14 0.16227
16.7 3.28710 14 0.16617
16.8 3.36273 14 0.17007
16.9 3.43964 14 0.17398
17.0 3.51783 14 0.17789
17.1 3.59732 14 0.18182
17.2 3.67812 14 0.18576
17.3 3.76024 14 0.18970
17.4 3.84369 14 0.19366
17.5 3.92850 14 0.19762
17.6 4.00865 14 0.20159
17.7 4.08162 14 0.20557
17.8 4.15529 14 0.20957
17.9 4.22970 14 0.21357
18.0 4.30483 14 0.21758
18.1 4.38068 14 0.22160
18.2 4.45395 14 0.22566
18.3 4.53119 14 0.22970
18.4 4.60915 14 0.23374
18.5 4.68783 14 0.23779
18.6 4.76724 14 0.24184
18.7 4.84737 14 0.24590
18.8 4.92825 14 0.24997
18.9 5.03754 14 0.25593
19.0 5.15950 14 0.26268
19.1 5.28385 14 0.26950
19.2 5.40447 14 0.27643
19.3 5.53220 14 0.28338
19.4 5.66196 14 0.29041
19.5 5.79377 14 0.29750
19.6 5.92764 14 0.30466
19.7 6.06358 14 0.31189
19.8 6.20161 14 0.31919
19.9 6.34216 14 0.32655
20.0 6.48488 14 0.33399
20.1 6.62192 14 0.34155
20.2 6.76837 14 0.34913
20.3 6.91703 14 0.35679
20.4 7.12735 14 0.36467
20.5 7.27966 14 0.37247
20.6 7.43422 14 0.38035
20.7 7.57694 14 0.38744
20.8 7.66543 14 0.39110
20.9 7.74430 14 0.39481
21.0 7.83298 14 0.39849
21.1 7.92222 14 0.40218
21.2 8.01203 14 0.40589
21.3 8.10246 14 0.40960
21.4 8.19327 14 0.41333
21.5 8.28477 14 0.41706
21.6 8.37721 14 0.42081
21.7 8.47079 14 0.42456
21.8 8.55336 14 0.42837
21.9 8.64716 14 0.43214
22.0 8.74132 14 0.43593
22.1 8.83617 14 0.43973
22.2 8.93160 14 0.44354
22.3 9.02758 14 0.44736
22.4 9.12409 14 0.45119
22.5 9.22270 14 0.45503
22.6 9.30808 14 0.45892
22.7 9.40623 14 0.46278
22.8 9.50495 14 0.46666
22.9 9.60421 14 0.47054
23.0 9.70398 14 0.47444
23.1 9.80427 14 0.47834
23.2 9.90501 14 0.48226
23.3 10.00814 14 0.48619
23.4 10.09630 14 0.49016
23.5 10.19876 14 0.49411
23.6 10.30178 14 0.49807
23.7 10.40524 14 0.50204
23.8 10.50928 14 0.50603
23.9 10.61365 14 0.51002
24.0 10.71865 14 0.51403
24.1 10.82523 14 0.51805
24.2 10.91679 14 0.52210
24.3 11.02342 14 0.52614
24.4 11.13052 14 0.53019
24.5 11.23814 14 0.53425
24.6 11.34612 14 0.53833
24.7 11.45463 14 0.54241
24.8 11.56367 14 0.54651
24.9 11.67425 14 0.55062
25.0 11.76816 14 0.55476
25.1 11.87876 14 0.55889
25.2 11.98987 14 0.56303
25.3 12.10147 14 0.56719
25.4 12.21323 14 0.57135
25.5 12.32565 14 0.57553
25.6 12.43850 14 0.57972
25.7 12.55266 14 0.58392
25.8 12.64882 14 0.58815
25.9 12.76320 14 0.59237
26.0 12.87807 14 0.59661
26.1 12.99345 14 0.60085
26.2 13.10891 14 0.60511
26.3 13.22495 14 0.60938
26.4 13.34143 14 0.61367
26.5 13.43706 14 0.61798
26.6 13.55688 14 0.62229
26.7 13.67488 14 0.62661
26.8 13.79333 14 0.63094
26.9 13.91229 14 0.63528
27.0 14.03120 14 0.63963
27.1 14.15067 14 0.64400
27.2 14.27058 14 0.64838
27.3 14.36754 14 0.65279
27.4 14.49041 14 0.65719
27.5 14.61178 14 0.66161
27.6 14.73355 14 0.66603
27.7 14.85565 14 0.67047
27.8 14.97815 14 0.67492
27.9 15.10068 14 0.67939
28.0 15.22375 14 0.68387
28.1 15.32301 14 0.68837
28.2 15.44710 14 0.69287
28.3 15.57152 14 0.69739
28.4 15.69619 14 0.70191
28.5 15.82135 14 0.70645
28.6 15.94684 14 0.71100
28.7 16.07265 14 0.71557
28.8 16.19842 14 0.72015
28.9 16.29749 14 0.72475
29.0 16.42428 14 0.72935
29.1 16.55138 14 0.73397
29.2 16.67880 14 0.73860
29.3 16.80663 14 0.74324
29.4 16.93469 14 0.74789
29.5 17.06310 14 0.75256
29.6 17.15552 14 0.75725
29.7 17.29016 14 0.76194
29.8 17.41911 14 0.76665
29.9 17.54856 14 0.77137
30.0 17.67843 14 0.77610
30.1 17.80851 14 0.78084
30.2 17.93885 14 0.78560
30.3 18.06948 14 0.79037
30.4 18.15899 14 0.79517
30.5 18.29646 14 0.79997
30.6 18.42813 14 0.80478
30.7 18.56007 14 0.80960
30.8 18.69182 14 0.81444
30.9 18.82375 14 0.81929
31.0 18.95597 14 0.82416
31.1 19.08834 14 0.82903
31.2 19.17367 14 0.83394
31.3 19.31373 14 0.83884
31.4 19.44712 14 0.84376
31.5 19.58076 14 0.84869
31.6 19.71456 14 0.85364
31.7 19.84849 14 0.85859
31.8 19.98252 14 0.86357
31.9 20.11604 14 0.86855
32.0 20.19568 14 0.87357
32.1 20.33797 14 0.87858
32.2 20.47267 14 0.88361
32.3 20.60749 14 0.88865
32.4 20.74242 14 0.89370
32.5 20.87740 14 0.89877
32.6 21.01233 14 0.90386
32.7 21.08676 14 0.90896
32.8 21.22108 14 0.91408
32.9 21.36502 14 0.91920
33.0 21.50029 14 0.92434
33.1 21.63586 14 0.92950
33.2 21.77143 14 0.93466
33.3 21.90675 14 0.93985
33.4 22.04227 14 0.94504
33.5 22.11066 14 0.95026
33.6 22.24531 14 0.95549
33.7 22.39026 14 0.96073
33.8 22.52596 14 0.96598
33.9 22.66146 14 0.97125
34.0 22.79687 14 0.97653
34.1 22.93200 14 0.98183
34.2 22.99416 14 0.98715
34.3 23.12846 14 0.99247
34.4 23.26277 14 0.99781
34.5 23.33147 14 1.00000
34.6 23.35512 14 1.00000
34.7 23.37079 14 1.00000
34.8 23.38585 14 1.00000
34.9 23.32280 14 1.00000
35.0 23.33587 14 1.00000
35.1 23.34851 14 1.00000
35.2 23.36068 14 1.00000
35.3 23.37179 14 1.00000
35.4 23.27887 14 1.00000
35.5 23.29049 14 1.00000
35.6 23.22060 14 1.00000
35.7 23.23026 14 1.00000
35.8 23.23950 14 1.00000
35.9 23.11958 14 1.00000
36.0 23.12804 14 1.00000
36.1 23.13597 14 1.00000
36.2 23.06011 14 1.00000
36.3 23.07942 14 1.00000
36.4 22.95540 14 1.00000
36.5 22.96133 14 1.00000
36.6 22.96652 14 1.00000
36.7 22.88487 14 1.00000
36.8 22.88817 14 1.00000
36.9 21.86597 14 1.00000
37.0 19.78784 14 1.00000
37.1 18.17955 14 1.00000
37.2 16.18870 14 1.00000
37.3 14.03139 14 1.00000
37.4 13.85064 14 1.00000
37.5 13.82334 14 1.00000
37.6 13.77376 14 1.00000
37.7 13.78524 14 1.00000
37.8 13.73429 14 1.00000
37.9 13.68946 14 1.00000
38.0 13.57008 14 1.00000
38.1 13.60157 14 1.00000
38.2 13.60327 14 1.00000
38.3 13.45196 14 1.00000
38.4 13.44771 14 1.00000
38.5 13.42585 14 1.00000
38.6 13.42531 14 1.00000
38.7 13.33622 14 1.00000
38.8 13.31961 14 1.00000
38.9 13.25113 14 1.00000
39.0 13.19615 14 1.00000
39.1 13.15414 14 0.99806
39.2 13.02054 14 0.99174
39.3 12.91347 14 0.98664
39.4 12.93377 14 0.98761
39.5 12.76571 14 0.97958
39.6 12.67433 14 0.97518
39.7 12.65177 14 0.97410
39.8 12.44826 14 0.96425
39.9 12.53502 14 0.96846
40.0 12.42064 14 0.96291
40.1 12.24948 14 0.95455
40.2 12.32742 14 0.95836
40.3 12.45642 14 0.96465
40.4 12.67247 14 0.97509
40.5 12.72940 14 0.97783
40.6 12.78246 14 0.98038
40.7 12.84853 14 0.98354
40.8 12.91273 14 0.98661
40.9 12.97550 14 0.98960
41.0 13.05957 14 0.99359
41.1 13.15499 14 0.99810
41.2 13.24178 14 1.00000
41.3 13.30249 14 1.00000
41.4 13.37763 14 1.00000
41.5 13.41247 14 1.00000
41.6 13.44197 14 1.00000
41.7 13.47230 14 1.00000
41.8 13.50189 14 1.00000
41.9 13.53104 14 1.00000
42.0 13.55884 14 1.00000
42.1 13.59350 14 1.00000
42.2 13.65978 14 1.00000
42.3 13.71534 14 1.00000
42.4 13.76348 14 1.00000
42.5 13.80600 14 1.00000
42.6 13.87825 14 1.00000
42.7 13.90997 14 1.00000
42.8 13.94080 14 1.00000
42.9 13.97138 14 1.00000
43.0 14.00104 14 1.00000
43.1 14.03006 14 1.00000
43.2 14.05825 14 1.00000
43.3 14.10617 14 1.00000
43.4 14.16987 14 1.00000
43.5 14.22375 14 1.00000
43.6 14.27124 14 1.00000
43.7 14.31356 14 1.00000
43.8 14.38626 14 1.00000
43.9 14.41890 14 1.00000
44.0 14.44991 14 1.00000
44.1 14.48063 14 1.00000
44.2 14.51062 14 1.00000
44.3 14.54025 14 1.00000
44.4 14.56855 14 1.00000
44.5 14.60335 14 1.00000
44.6 14.67372 14 1.00000
44.7 14.73075 14 1.00000
44.8 14.78080 14 1.00000
44.9 14.82563 14 1.00000
45.0 14.90286 14 1.00000
45.1 14.93822 14 1.00000
45.2 14.97112 14 1.00000
45.3 15.00387 14 1.00000
45.4 15.04267 14 1.00000
45.5 15.07704 14 1.00000
45.6 15.10976 14 1.00000
45.7 15.15302 14 1.00000
45.8 15.18395 14 1.00000
45.9 15.23542 14 1.00000
46.0 15.26418 14 1.00000
46.1 15.29446 14 1.00000
46.2 15.34826 14 1.00000
46.3 15.37465 14 1.00000
46.4 15.42976 14 1.00000
46.5 15.45764 14 1.00000
46.6 15.51598 14 1.00000
46.7 15.54166 14 1.00000
46.8 15.59919 14 1.00000
46.9 15.62972 14 1.00000
47.0 15.68532 14 1.00000
47.1 15.71797 14 1.00000
47.2 15.76755 14 1.00000
47.3 15.82677 14 1.00000
47.4 15.84891 14 1.00000
47.5 15.91443 14 1.00000
47.6 15.93047 14 1.00000
47.7 15.99629 14 1.00000
47.8 16.02064 14 1.00000
47.9 16.07622 14 1.00000
48.0 16.14231 14 1.00000
48.1 16.15040 14 1.00000
48.2 16.22030 14 1.00000
48.3 16.28704 14 1.00000
48.4 16.29163 14 1.00000
48.5 16.36103 14 1.00000
48.6 16.36410 14 1.00000
48.7 16.43390 14 1.00000
48.8 16.50087 14 1.00000
48.9 16.49887 14 1.00000
49.0 16.57107 14 1.00000
49.1 16.63637 14 1.00000
49.2 16.63260 14 1.00000
49.3 16.70269 14 1.00000
49.4 16.77045 14 1.00000
49.5 16.83784 14 1.00000
49.6 16.83187 14 1.00000
49.7 16.89975 14 1.00000
49.8 16.96706 14 1.00000
49.9 16.95612 14 1.00000
50.0 17.02607 14 1.00000
50.1 17.09130 14 1.00000
50.2 17.12821 14 1.00000
50.3 17.14601 14 1.00000
50.4 17.21232 14 1.00000
50.5 17.27875 14 1.00000
50.6 17.26014 14 1.00000
50.7 17.32818 14 1.00000
50.8 17.39278 14 1.00000
50.9 17.46013 14 1.00000
51.0 17.43785 14 1.00000
51.1 17.50491 14 1.00000
51.2 17.57209 14 1.00000
51.3 17.63722 14 1.00000
51.4 17.60823 14 1.00000
51.5 17.67656 14 1.00000
51.6 17.74424 14 1.00000
51.7 17.81112 14 1.00000
51.8 17.82503 14 1.00000
51.9 17.84307 14 1.00000
52.0 17.90996 14 1.00000
52.1 17.97436 14 1.00000
52.2 18.03848 14 1.00000
52.3 18.06713 14 1.00000
52.4 18.06885 14 1.00000
52.5 18.13431 14 1.00000
52.6 18.19796 14 1.00000
52.7 18.21888 14 1.00000
52.8 18.29788 14 1.00000
52.9 18.28551 14 1.00000
53.0 18.35099 14 1.00000
53.1 18.41453 14 1.00000
53.2 18.47687 14 1.00000
53.3 18.48983 14 1.00000
53.4 18.49235 14 1.00000
53.5 18.55793 14 1.00000
53.6 18.62174 14 1.00000
53.7 18.68723 14 1.00000
53.8 18.70587 14 1.00000
53.9 18.75090 14 1.00000
54.0 18.75462 14 1.00000
54.1 18.81977 14 1.00000
54.2 18.88316 14 1.00000
54.3 18.94860 14 1.00000
54.4 19.01278 14 1.00000
54.5 19.02241 14 1.00000
54.6 19.00247 14 1.00000
54.7 19.06950 14 1.00000
54.8 19.13308 14 1.00000
54.9 19.19666 14 1.00000
55.0 19.26201 14 1.00000
55.1 19.32446 14 1.00000
55.2 19.28970 14 1.00000
55.3 19.30906 14 1.00000
55.4 19.36763 14 1.00000
55.5 19.43362 14 1.00000
55.6 19.49844 14 1.00000
55.7 19.56079 14 1.00000
55.8 19.62382 14 1.00000
55.9 19.66103 14 1.00000
56.0 19.64907 14 1.00000
56.1 19.67864 14 1.00000
56.2 19.71044 14 1.00000
56.3 19.77906 14 1.00000
56.4 19.84402 14 1.00000
56.5 19.90320 14 1.00000
56.6 19.96803 14 1.00000
56.7 19.97597 14 1.00000
56.8 20.04682 14 1.00000
56.9 20.07768 14 1.00000
57.0 20.09578 14 1.00000
57.1 20.12138 14 1.00000
57.2 20.16327 14 1.00000
57.3 20.22976 14 1.00000
57.4 20.29180 14 1.00000
57.5 20.35311 14 1.00000
57.6 20.41368 14 1.00000
57.7 20.46084 14 1.00000
57.8 20.50523 14 1.00000
57.9 20.54491 14 1.00000
58.0 20.57997 14 1.00000
58.1 20.59494 14 1.00000
58.2 20.62768 14 1.00000
58.3 20.64911 14 1.00000
58.4 20.70872 14 1.00000
58.5 20.74104 14 1.00000
58.6 20.88866 14 1.00000
58.7 20.94946 14 1.00000
58.8 20.95196 14 1.00000
58.9 21.00116 14 1.00000
59.0 21.04738 14 1.00000
59.1 21.09198 14 1.00000
59.2 21.13779 14 1.00000
59.3 21.17899 14 1.00000
59.4 21.21054 14 1.00000
59.5 21.23117 14 1.00000
59.6 21.36445 14 1.00000
59.7 21.33484 14 1.00000
59.8 21.38943 14 1.00000
59.9 21.44922 14 1.00000
60.0 21.50572 14 1.00000
60.1 21.56207 14 1.00000
60.2 21.61704 14 1.00000
60.3 21.67295 14 1.00000
60.4 21.72565 14 1.00000
60.5 21.72794 14 1.00000
60.6 21.77739 14 1.00000
60.7 21.82358 14 1.00000
60.8 21.84927 14 1.00000
60.9 21.86979 14 1.00000
61.0 21.90764 14 1.00000
61.1 21.94026 14 1.00000
61.2 21.96760 14 1.00000
61.3 22.01097 14 1.00000
61.4 22.07088 14 1.00000
61.5 22.12877 14 1.00000
61.6 22.18546 14 1.00000
61.7 22.24135 14 1.00000
61.8 22.29118 14 1.00000
61.9 22.34999 14 1.00000
62.0 22.40013 14 1.00000
62.1 22.45906 14 1.00000
62.2 22.49971 14 1.00000
62.3 22.55516 14 1.00000
62.4 22.59846 14 1.00000
62.5 22.64870 14 1.00000
62.6 22.69617 14 1.00000
62.7 22.74433 14 1.00000
62.8 22.78607 14 1.00000
62.9 22.83394 14 1.00000
63.0 22.88377 14 1.00000
63.1 22.92808 14 1.00000
63.2 22.96867 14 1.00000
63.3 23.01447 14 1.00000
63.4 23.05761 14 1.00000
63.5 23.10003 14 1.00000
63.6 23.14117 14 1.00000
63.7 23.15993 14 1.00000
63.8 23.22838 14 1.00000
63.9 23.29990 14 1.00000
64.0 23.31312 14 1.00000
64.1 23.30477 14 1.00000
64.2 23.35890 14 1.00000
64.3 23.41200 14 1.00000
64.4 23.46500 14 1.00000
64.5 23.51642 14 1.00000
64.6 23.56787 14 1.00000
64.7 23.61549 14 1.00000
64.8 23.66711 14 1.00000
64.9 23.71807 14 1.00000
65.0 23.76234 14 1.00000
65.1 23.81557 14 1.00000
65.2 23.86658 14 1.00000
65.3 23.90955 14 1.00000
65.4 23.96303 14 1.00000
65.5 23.98866 14 1.00000
65.6 24.08768 14 1.00000
65.7 24.14141 14 1.00000
65.8 24.19078 14 1.00000
65.9 24.23906 14 1.00000
66.0 24.28093 14 1.00000
66.1 24.33103 14 1.00000
66.2 24.38372 14 1.00000
66.3 24.43177 14 1.00000
66.4 24.47555 14 1.00000
66.5 24.53189 14 1.00000
66.6 24.57535 14 1.00000
66.7 24.62998 14 1.00000
66.8 24.67984 14 1.00000
66.9 24.72562 14 1.00000
67.0 24.77620 14 1.00000
67.1 24.82613 14 1.00000
67.2 24.87011 14 1.00000
67.3 24.92015 14 1.00000
67.4 24.96922 14 1.00000
67.5 25.01844 14 1.00000
67.6 25.06643 14 1.00000
67.7 25.11433 14 1.00000
67.8 25.16185 14 1.00000
67.9 25.20900 14 1.00000
68.0 25.25575 14 1.00000
68.1 25.30213 14 1.00000
68.2 25.34845 14 1.00000
68.3 25.39373 14 1.00000
68.4 25.42214 14 1.00000
68.5 25.42283 14 1.00000
68.6 25.43768 14 1.00000
68.7 25.52886 14 1.00000
68.8 25.58080 14 1.00000
68.9 25.62694 14 1.00000
69.0 25.67196 14 1.00000
69.1 25.79054 14 1.00000
69.2 25.83807 14 1.00000
69.3 25.87803 14 1.00000
69.4 25.92568 14 1.00000
69.5 25.97119 14 1.00000
69.6 26.01161 14 1.00000
69.7 26.05890 14 1.00000
69.8 26.10420 14 1.00000
69.9 26.14429 14 1.00000
70.0 26.19115 14 1.00000
70.1 26.23635 14 1.00000
70.2 26.24767 14 1.00000
70.3 26.33461 14 1.00000
70.4 26.37788 14 1.00000
70.5 26.42235 14 1.00000
70.6 26.46768 14 1.00000
70.7 26.51554 14 1.00000
70.8 26.54789 14 1.00000
70.9 26.60166 14 1.00000
71.0 26.64819 14 1.00000
71.1 26.69364 14 1.00000
71.2 26.72953 14 1.00000
71.3 26.77331 14 1.00000
71.4 26.81957 14 1.00000
71.5 26.84065 14 1.00000
71.6 26.79178 14 1.00000
71.7 27.00787 14 1.00000
71.8 27.00379 14 1.00000
71.9 27.05013 14 1.00000
72.0 27.09565 14 1.00000
72.1 27.12077 14 1.00000
72.2 27.17053 14 1.00000
72.3 27.21726 14 1.00000
72.4 27.24657 14 1.00000
72.5 27.30241 14 1.00000
72.6 27.34082 14 1.00000
72.7 27.37544 14 1.00000
72.8 27.42946 14 1.00000
72.9 27.46974 14 1.00000
73.0 27.50888 14 1.00000
73.1 27.54723 14 1.00000
73.2 27.58200 14 1.00000
73.3 27.60660 14 1.00000
73.4 27.63856 14 1.00000
73.5 27.76210 14 1.00000
73.6 27.92098 14 1.00000
73.7 27.79142 14 1.00000
73.8 27.83343 14 1.00000
73.9 27.87683 14 1.00000
74.0 27.92473 14 1.00000
74.1 27.97505 14 1.00000
74.2 28.03360 14 1.00000
74.3 28.10034 14 1.00000
74.4 28.16549 14 1.00000
74.5 28.22889 14 1.00000
74.6 28.28929 14 1.00000
74.7 28.39651 14 1.00000
74.8 28.39081 14 1.00000
74.9 28.43176 14 1.00000
75.0 28.49526 14 1.00000
75.1 28.57646 14 1.00000
75.2 28.61860 14 1.00000
75.3 28.68534 14 1.00000
75.4 28.74158 14 1.00000
75.5 28.77587 14 1.00000
75.6 28.83146 14 1.00000
75.7 28.88075 14 1.00000
75.8 28.93052 14 1.00000
75.9 28.97742 14 1.00000
76.0 29.02424 14 1.00000
76.1 29.06054 14 1.00000
76.2 29.12744 14 1.00000
76.3 29.16854 14 1.00000
76.4 29.20162 14 1.00000
76.5 29.26138 14 1.00000
76.6 29.39908 14 1.00000
76.7 29.42914 14 1.00000
76.8 29.45476 14 1.00000
76.9 29.50348 14 1.00000
77.0 29.55563 14 1.00000
77.1 29.59769 14 1.00000
77.2 29.63973 14 1.00000
77.3 29.68053 14 1.00000
77.4 29.72034 14 1.00000
77.5 29.75850 14 1.00000
77.6 29.77598 14 1.00000
77.7 29.83179 14 1.00000
77.8 29.88119 14 1.00000
77.9 29.91553 14 1.00000
78.0 29.95594 14 1.00000
78.1 29.96802 14 1.00000
78.2 30.03341 14 1.00000
78.3 30.06056 14 1.00000
78.4 30.13180 14 1.00000
78.5 30.13818 14 1.00000
78.6 30.16844 14 1.00000
78.7 30.20021 14 1.00000
78.8 30.23452 14 1.00000
78.9 30.27682 14 1.00000
79.0 30.32093 14 1.00000
79.1 30.36809 14 1.00000
79.2 30.41524 14 1.00000
79.3 30.46241 14 1.00000
79.4 30.51064 14 1.00000
79.5 30.57078 14 1.00000
79.6 30.64471 14 1.00000
79.7 30.72698 14 1.00000
79.8 30.79375 14 1.00000
79.9 30.89723 14 1.00000
80.0 30.88839 14 1.00000
80.1 30.92693 14 1.00000
80.2 30.99634 14 1.00000
80.3 31.07690 14 1.00000
80.4 31.13035 14 1.00000
80.5 31.19212 14 1.00000
80.6 31.23396 14 1.00000
80.7 31.29067 14 1.00000
80.8 31.33896 14 1.00000
80.9 31.38686 14 1.00000
81.0 31.43377 14 1.00000
81.1 31.43731 14 1.00000
81.2 31.56798 14 1.00000
81.3 31.56511 14 1.00000
81.4 31.61368 14 1.00000
81.5 31.66283 14 1.00000
81.6 31.70389 14 1.00000
81.7 31.83944 14 1.00000
81.8 31.82262 14 1.00000
81.9 31.93089 14 1.00000
82.0 31.97105 14 1.00000
82.1 32.01048 14 1.00000
82.2 32.02585 14 1.00000
82.3 32.06839 14 1.00000
82.4 32.11877 14 1.00000
82.5 32.16749 14 1.00000
82.6 32.21247 14 1.00000
82.7 32.25175 14 1.00000
82.8 32.27191 14 1.00000
82.9 32.32824 14 1.00000
83.0 32.37019 14 1.00000
83.1 32.39452 14 1.00000
83.2 32.44810 14 1.00000
83.3 32.50618 14 1.00000
83.4 32.49665 14 1.00000
83.5 32.56164 14 1.00000
83.6 32.59681 14 1.00000
83.7 32.62640 14 1.00000
83.8 32.65401 14 1.00000
83.9 32.68217 14 1.00000
84.0 32.71107 14 1.00000
84.1 32.75327 14 1.00000
84.2 32.79836 14 1.00000
84.3 32.84689 14 1.00000
84.4 32.90737 14 1.00000
84.5 32.99247 14 1.00000
84.6 33.07296 14 1.00000
84.7 33.17402 14 1.00000
84.8 33.23384 14 1.00000
84.9 33.31961 14 1.00000
85.0 33.32106 14 1.00000
85.1 33.34652 14 1.00000
85.2 33.42637 14 1.00000
85.3 33.51400 14 1.00000
85.4 33.53656 14 1.00000
85.5 33.61502 14 1.00000
85.6 33.67303 14 1.00000
85.7 33.72184 14 1.00000
85.8 33.77148 14 1.00000
85.9 33.62991 14 1.00000
86.0 33.86962 14 1.00000
86.1 33.91781 14 1.00000
86.2 33.96182 14 1.00000
86.3 34.01090 14 1.00000
86.4 34.05350 14 1.00000
86.5 34.09611 14 1.00000
86.6 34.14180 14 1.00000
86.7 34.20212 14 1.00000
86.8 34.30780 14 1.00000
86.9 34.34478 14 1.00000
87.0 34.37575 14 1.00000
87.1 34.41993 14 1.00000
87.2 34.48068 14 1.00000
87.3 34.31044 14 1.00000
87.4 34.56078 14 1.00000
87.5 34.57497 14 1.00000
87.6 34.63058 14 1.00000
87.7 34.66986 14 1.00000
87.8 34.71966 14 1.00000
87.9 34.75449 14 1.00000
88.0 34.89798 14 1.00000
88.1 34.83019 14 1.00000
88.2 34.83485 14 1.00000
88.3 34.91275 14 1.00000
88.4 34.94832 14 1.00000
88.5 34.98069 14 1.00000
88.6 35.00841 14 1.00000
88.7 35.03407 14 1.00000
88.8 35.06036 14 1.00000
88.9 35.10404 14 1.00000
89.0 35.15852 14 1.00000
89.1 35.24834 14 1.00000
89.2 35.45531 14 1.00000
89.3 35.40789 14 1.00000
89.4 35.45591 14 1.00000
89.5 35.57118 14 1.00000
89.6 35.58278 14 1.00000
89.7 35.68190 14 1.00000
89.8 35.71560 14 1.00000
89.9 35.69826 14 1.00000
90.0 35.82656 14 1.00000
90.1 35.90256 14 1.00000
90.2 35.96645 14 1.00000
90.3 36.01627 14 1.00000
90.4 36.06329 14 1.00000
90.5 36.11795 14 1.00000
90.6 36.16931 14 1.00000
90.7 36.21943 14 1.00000
90.8 36.26755 14 1.00000
90.9 36.30959 14 1.00000
91.0 36.33179 14 1.00000
91.1 36.41129 14 1.00000
91.2 36.45126 14 1.00000
91.3 36.50101 14 1.00000
91.4 36.54034 14 1.00000
91.5 36.68119 14 1.00000
91.6 36.71564 14 1.00000
91.7 36.74389 14 1.00000
91.8 36.78966 14 1.00000
91.9 36.81382 14 1.00000
92.0 36.84202 14 1.00000
92.1 36.84726 14 1.00000
92.2 36.85149 14 1.00000
92.3 36.91251 14 1.00000
92.4 37.08092 14 1.00000
92.5 37.12269 14 1.00000
92.6 37.12139 14 1.00000
92.7 37.17757 14 1.00000
92.8 37.19175 14 1.00000
92.9 37.25736 14 1.00000
93.0 37.28900 14 1.00000
93.1 37.31940 14 1.00000
93.2 37.37382 14 1.00000
93.3 37.41029 14 1.00000
93.4 37.44183 14 1.00000
93.5 37.47032 14 1.00000
93.6 37.49660 14 1.00000
93.7 37.52518 14 1.00000
93.8 37.60159 14 1.00000
93.9 37.69637 14 1.00000
94.0 37.77766 14 1.00000
94.1 37.81730 14 1.00000
94.2 37.91494 14 1.00000
94.3 37.96927 14 1.00000
94.4 38.04307 14 1.00000
94.5 38.09336 14 1.00000
94.6 38.16279 14 1.00000
94.7 38.22255 14 1.00000
94.8 38.26251 14 1.00000
94.9 38.33451 14 1.00000
95.0 38.39060 14 1.00000
95.1 38.46798 14 1.00000
95.2 38.52126 14 1.00000
95.3 38.55132 14 1.00000
95.4 38.61876 14 1.00000
95.5 38.67482 14 1.00000
95.6 38.72495 14 1.00000
95.7 38.76787 14 1.00000
95.8 38.80307 14 1.00000
95.9 38.88406 14 1.00000
96.0 38.93319 14 1.00000
96.1 38.96775 14 1.00000
96.2 39.02752 14 1.00000
96.3 39.07278 14 1.00000
96.4 39.10758 14 1.00000
96.5 39.16459 14 1.00000
96.6 39.27028 14 1.00000
96.7 39.31806 14 1.00000
96.8 39.37708 14 1.00000
96.9 39.42707 14 1.00000
97.0 39.46967 14 1.00000
97.1 39.48117 14 1.00000
97.2 39.54620 14 1.00000
97.3 39.59830 14 1.00000
97.4 39.64003 14 1.00000
97.5 39.66430 14 1.00000
97.6 39.72555 14 1.00000
97.7 39.75208 14 1.00000
97.8 39.80804 14 1.00000
97.9 39.82154 14 1.00000
98.0 39.89167 14 1.00000
98.1 39.92191 14 1.00000
98.2 39.95810 14 1.00000
98.3 40.01162 14 1.00000
98.4 40.04967 14 1.00000
98.5 40.08289 14 1.00000
98.6 40.11292 14 1.00000
98.7 40.14101 14 1.00000
98.8 40.20884 14 1.00000
98.9 40.30361 14 1.00000
99.0 40.38248 14 1.00000
99.1 40.44061 14 1.00000
99.2 40.50000 14 1.00000
99.3 40.50000 14 1.00000
99.4 40.50000 14 1.00000
99.5 40.50000 14 1.00000
99.6 40.50000 14 1.00000
99.7 40.50000 14 1.00000
99.8 40.50000 14 1.00000
99.9 40.50000 14 1.00000
100.0 40.50000 14 1.00000
100.1 40.50000 14 1.00000
100.2 40.50000 14 1.00000
100.3 40.50000 14 1.00000
100.4 40.50000 14 1.00000
100.5 40.50000 14 1.00000
100.6 40.50000 14 1.00000
100.7 40.50000 14 1.00000
100.8 40.50000 14 1.00000
100.9 40.50000 14 1.00000
101.0 40.50000 14 1.00000
101.1 40.50000 14 1.00000
101.2 40.50000 14 1.00000
101.3 40.50000 14 1.00000
101.4 40.50000 14 1.00000
101.5 40.50000 14 1.00000
101.6 40.50000 14 1.00000
101.7 40.50000 14 1.00000
101.8 40.50000 14 1.00000
101.9 40.50000 14 1.00000
102.0 40.50000 14 1.00000
102.1 40.50000 14 1.00000
102.2 40.50000 14 1.00000
102.3 40.50000 14 1.00000
102.4 40.50000 14 1.00000
102.5 40.50000 14 1.00000
102.6 40.50000 14 1.00000
102.7 40.50000 14 1.00000
102.8 40.50000 14 1.00000
102.9 40.50000 14 1.00000
103.0 40.50000 14 1.00000
103.1 40.50000 14 1.00000
103.2 40.50000 14 1.00000
103.3 40.50000 14 1.00000
103.4 40.50000 14 1.00000
103.5 40.50000 14 1.00000
103.6 40.50000 14 1.00000
103.7 40.50000 14 1.00000
103.8 40.50000 14 1.00000
103.9 40.50000 14 1.00000
104.0 40.50000 14 1.00000
104.1 40.50000 14 1.00000
104.2 40.50000 14 1.00000
104.3 40.50000 14 1.00000
104.4 40.50000 14 1.00000
104.5 40.50000 14 1.00000
104.6 40.50000 14 1.00000
104.7 40.50000 14 1.00000
104.8 40.50000 14 1.00000
104.9 40.50000 14 1.00000
105.0 40.50000 14 1.00000
105.1 40.50000 14 1.00000
105.2 40.50000 14 1.00000
105.3 40.50000 14 1.00000
105.4 40.50000 14 1.00000
105.5 40.50000 14 1.00000
105.6 40.50000 14 1.00000
105.7 40.50000 14 1.00000
105.8 40.50000 14 1.00000
105.9 40.50000 14 1.00000
106.0 40.50000 14 1.00000
106.1 40.50000 14 1.00000
106.2 40.50000 14 1.00000
106.3 40.50000 14 1.00000
106.4 40.50000 14 1.00000
106.5 40.50000 14 1.00000
106.6 40.50000 14 1.00000
106.7 40.50000 14 1.00000
106.8 40.50000 14 1.00000
106.9 40.50000 14 1.00000
107.0 40.50000 14 1.00000
107.1 40.50000 14 1.00000
107.2 40.50000 14 1.00000
107.3 40.50000 14 1.00000
107.4 40.50000 14 1.00000
107.5 40.50000 14 1.00000
107.6 40.50000 14 1.00000
107.7 40.50000 14 1.00000
107.8 40.50000 14 1.00000
107.9 40.50000 14 1.00000
108.0 40.50000 14 1.00000
108.1 40.50000 14 1.00000
108.2 40.50000 14 1.00000
108.3 40.50000 14 1.00000
108.4 40.50000 14 1.00000
108.5 40.50000 14 1.00000
108.6 40.50000 14 1.00000
108.7 40.50000 14 1.00000
108.8 40.50000 14 1.00000
108.9 40.50000 14 1.00000
109.0 40.50000 14 1.00000
109.1 40.50000 14 1.00000
109.2 40.50000 14 1.00000
109.3 40.50000 14 1.00000
109.4 40.50000 14 1.00000
109.5 40.50000 14 1.00000
109.6 40.50000 14 1.00000
109.7 40.50000 14 1.00000
109.8 40.50000 14 1.00000
109.9 40.50000 14 1.00000
110.0 40.50000 14 1.00000
110.1 40.50000 14 1.00000
110.2 40.50000 14 1.00000
110.3 40.50000 14 1.00000
110.4 40.50000 14 1.00000
110.5 40.50000 14 1.00000
110.6 40.50000 14 1.00000
110.7 40.50000 14 1.00000
110.8 40.50000 14 1.00000
110.9 40.50000 14 1.00000
111.0 40.50000 14 1.00000
111.1 40.50000 14 1.00000
111.2 40.50000 14 1.00000
111.3 40.50000 14 1.00000
111.4 40.50000 14 1.00000
111.5 40.50000 14 1.00000
111.6 40.50000 14 1.00000
111.7 40.50000 14 1.00000
111.8 40.50000 14 1.00000
111.9 40.50000 14 1.00000
112.0 40.50000 14 1.00000
112.1 40.50000 14 1.00000
112.2 40.50000 14 1.00000
112.3 40.50000 14 1.00000
112.4 40.50000 14 1.00000
112.5 40.50000 14 1.00000
112.6 40.50000 14 1.00000
112.7 40.50000 14 1.00000
112.8 40.50000 14 1.00000
112.9 40.50000 14 1.00000
113.0 40.50000 14 1.00000
113.1 40.50000 14 1.00000
113.2 40.50000 14 1.00000
113.3 40.50000 14 1.00000
113.4 40.50000 14 1.00000
113.5 40.50000 14 1.00000
113.6 40.50000 14 1.00000
113.7 40.50000 14 1.00000
113.8 40.50000 14 1.00000
113.9 40.50000 14 1.00000
114.0 40.50000 14 1.00000
114.1 40.50000 14 1.00000
114.2 40.50000 14 1.00000
114.3 40.50000 14 1.00000
114.4 40.50000 14 1.00000
114.5 40.50000 14 1.00000
114.6 40.50000 14 1.00000
114.7 40.50000 14 1.00000
114.8 40.50000 14 1.00000
114.9 40.50000 14 1.00000
115.0 40.50000 14 1.00000
115.1 40.50000 14 1.00000
115.2 40.50000 14 1.00000
115.3 40.50000 14 1.00000
115.4 40.50000 14 1.00000
115.5 40.50000 14 1.00000
115.6 40.50000 14 1.00000
115.7 40.50000 14 1.00000
115.8 40.50000 14 1.00000
115.9 40.50000 14 1.00000
116.0 40.50000 14 1.00000
116.1 40.50000 14 1.00000
116.2 40.50000 14 1.00000
116.3 40.50000 14 1.00000
116.4 40.50000 14 1.00000
116.5 40.50000 14 1.00000
116.6 40.50000 14 1.00000
116.7 40.50000 14 1.00000
116.8 40.50000 14 1.00000
116.9 40.50000 14 1.00000
117.0 40.50000 14 1.00000
117.1 40.50000 14 1.00000
117.2 40.50000 14 1.00000
117.3 40.50000 14 1.00000
117.4 40.50000 14 1.00000
117.5 40.50000 14 1.00000
117.6 40.50000 14 1.00000
117.7 40.50000 14 1.00000
117.8 40.50000 14 1.00000
117.9 40.50000 14 1.00000
118.0 40.50000 14 1.00000
118.1 40.50000 14 1.00000
118.2 40.50000 14 1.00000
118.3 40.50000 14 1.00000
118.4 40.50000 14 1.00000
118.5 40.50000 14 1.00000
118.6 40.50000 14 1.00000
118.7 40.50000 14 1.00000
118.8 40.50000 14 1.00000
118.9 40.50000 14 1.00000
119.0 40.50000 14 1.00000
119.1 40.50000 14 1.00000
119.2 40.50000 14 1.00000
119.3 40.50000 14 1.00000
119.4 40.50000 14 1.00000
119.5 40.50000 14 1.00000
119.6 40.50000 14 1.00000
119.7 40.50000 14 1.00000
119.8 40.50000 14 1.00000
119.9 40.50000 14 1.00000
120.0 40.50000 14 1.00000
120.1 40.50000 14 1.00000
120.2 40.50000 14 1.00000
120.3 40.50000 14 1.00000
120.4 40.50000 14 1.00000
120.5 40.50000 14 1.00000
120.6 40.50000 14 1.00000
120.7 40.50000 14 1.00000
120.8 40.50000 14 1.00000
120.9 40.50000 14 1.00000
121.0 40.50000 14 1.00000
121.1 40.50000 14 1.00000
121.2 40.50000 14 1.00000
121.3 40.50000 14 1.00000
121.4 40.50000 14 1.00000
121.5 40.50000 14 1.00000
121.6 40.50000 14 1.00000
121.7 40.50000 14 1.00000
121.8 40.50000 14 1.00000
121.9 40.50000 14 1.00000
122.0 40.50000 14 1.00000
122.1 40.50000 14 1.00000
122.2 40.50000 14 1.00000
122.3 40.50000 14 1.00000
122.4 40.50000 14 1.00000
122.5 40.50000 14 1.00000
122.6 40.50000 14 1.00000
122.7 40.50000 14 1.00000
122.8 40.50000 14 1.00000
122.9 40.50000 14 1.00000
123.0 40.50000 14 1.00000
123.1 40.50000 14 1.00000
123.2 40.50000 14 1.00000
123.3 40.50000 14 1.00000
123.4 40.50000 14 1.00000
123.5 40.50000 14 1.00000
123.6 40.50000 14 1.00000
123.7 40.50000 14 1.00000
123.8 40.50000 14 1.00000
123.9 40.50000 14 1.00000
124.0 40.50000 14 1.00000
124.1 40.50000 14 1.00000
124.2 40.50000 14 1.00000
124.3 40.50000 14 1.00000
124.4 40.50000 14 1.00000
124.5 40.50000 14 1.00000
124.6 40.50000 14 1.00000
124.7 40.50000 14 1.00000
124.8 40.50000 14 1.00000
124.9 40.50000 14 1.00000
125.0 40.50000 14 1.00000
125.1 40.50000 14 1.00000
125.2 40.50000 14 1.00000
125.3 40.50000 14 1.00000
125.4 40.50000 14 1.00000
125.5 40.50000 14 1.00000
125.6 40.50000 14 1.00000
125.7 40.50000 14 1.00000
125.8 40.50000 14 1.00000
125.9 40.50000 14 1.00000
126.0 40.50000 14 1.00000
126.1 40.50000 14 1.00000
126.2 40.50000 14 1.00000
126.3 40.50000 14 1.00000
126.4 40.50000 14 1.00000
126.5 40.50000 14 1.00000
126.6 40.50000 14 1.00000
126.7 40.50000 14 1.00000
126.8 40.50000 14 1.00000
126.9 40.50000 14 1.00000
127.0 40.50000 14 1.00000
127.1 40.50000 14 1.00000
127.2 40.50000 14 1.00000
127.3 40.50000 14 1.00000
127.4 40.50000 14 1.00000
127.5 40.50000 14 1.00000
127.6 40.50000 14 1.00000
127.7 40.50000 14 1.00000
127.8 40.50000 14 1.00000
127.9 40.50000 14 1.00000
128.0 40.50000 14 1.00000
128.1 40.50000 14 1.00000
128.2 40.50000 14 1.00000
128.3 40.50000 14 1.00000
128.4 40.50000 14 1.00000
128.5 40.50000 14 1.00000
128.6 40.50000 14 1.00000
128.7 40.50000 14 1.00000
128.8 40.50000 14 1.00000
128.9 40.50000 14 1.00000
129.0 40.50000 14 1.00000
129.1 40.50000 14 1.00000
129.2 40.50000 14 1.00000
129.3 40.50000 14 1.00000
129.4 40.50000 14 1.00000
129.5 40.50000 14 1.00000
129.6 40.50000 14 1.00000
129.7 40.50000 14 1.00000
129.8 40.50000 14 1.00000
129.9 40.50000 14 1.00000
130.0 40.50000 14 1.00000
130.1 40.50000 14 1.00000
130.2 40.50000 14 1.00000
130.3 40.50000 14 1.00000
130.4 40.50000 14 1.00000
130.5 40.50000 14 1.00000
130.6 40.50000 14 1.00000
130.7 40.50000 14 1.00000
130.8 40.50000 14 1.00000
130.9 40.50000 14 1.00000
131.0 40.50000 14 1.00000
131.1 40.50000 14 1.00000
131.2 40.50000 14 1.00000
131.3 40.50000 14 1.00000
131.4 40.50000 14 1.00000
131.5 40.50000 14 1.00000
131.6 40.50000 14 1.00000
131.7 40.50000 14 1.00000
131.8 40.50000 14 1.00000
131.9 40.50000 14 1.00000
132.0 40.50000 14 1.00000
132.1 40.50000 14 1.00000
132.2 40.50000 14 1.00000
132.3 40.50000 14 1.00000
132.4 40.50000 14 1.00000
132.5 40.50000 14 1.00000
132.6 40.50000 14 1.00000
132.7 40.50000 14 1.00000
132.8 40.50000 14 1.00000
132.9 40.50000 14 1.00000
133.0 40.50000 14 1.00000
133.1 40.50000 14 1.00000
133.2 40.50000 14 1.00000
133.3 40.50000 14 1.00000
133.4 40.50000 14 1.00000
133.5 40.50000 14 1.00000
133.6 40.50000 14 1.00000
133.7 40.50000 14 1.00000
133.8 40.50000 14 1.00000
133.9 40.50000 14 1.00000
134.0 40.50000 14 1.00000
134.1 40.50000 14 1.00000
134.2 40.50000 14 1.00000
134.3 40.50000 14 1.00000
134.4 40.50000 14 1.00000
134.5 40.50000 14 1.00000
134.6 40.50000 14 1.00000
134.7 40.50000 14 1.00000
134.8 40.50000 14 1.00000
134.9 40.50000 14 1.00000
135.0 40.50000 14 1.00000
135.1 40.50000 14 1.00000
135.2 40.50000 14 1.00000
135.3 40.50000 14 1.00000
135.4 40.50000 14 1.00000
135.5 40.50000 14 1.00000
135.6 40.50000 14 1.00000
135.7 40.50000 14 1.00000
135.8 40.50000 14 1.00000
135.9 40.50000 14 1.00000
136.0 40.50000 14 1.00000
136.1 40.50000 14 1.00000
136.2 40.50000 14 1.00000
136.3 40.50000 14 1.00000
136.4 40.50000 14 1.00000
136.5 40.50000 14 1.00000
136.6 40.50000 14 1.00000
136.7 40.50000 14 1.00000
136.8 40.50000 14 1.00000
136.9 40.50000 14 1.00000
137.0 40.50000 14 1.00000
137.1 40.50000 14 1.00000
137.2 40.50000 14 1.00000
137.3 40.50000 14 1.00000
137.4 40.50000 14 1.00000
137.5 40.50000 14 1.00000
137.6 40.50000 14 1.00000
137.7 40.50000 14 1.00000
137.8 40.50000 14 1.00000
137.9 40.50000 14 1.00000
138.0 40.50000 14 1.00000
138.1 40.50000 14 1.00000
138.2 40.50000 14 1.00000
138.3 40.50000 14 1.00000
138.4 40.50000 14 1.00000
138.5 40.50000 14 1.00000
138.6 40.50000 14 1.00000
138.7 40.50000 14 1.00000
138.8 40.50000 14 1.00000
138.9 40.50000 14 1.00000
139.0 40.50000 14 1.00000
139.1 40.50000 14 1.00000
139.2 40.50000 14 1.00000
139.3 40.50000 14 1.00000
139.4 40.50000 14 1.00000
139.5 40.50000 14 1.00000
139.6 40.50000 14 1.00000
139.7 40.50000 14 1.00000
139.8 40.50000 14 1.00000
139.9 40.50000 14 1.00000
140.0 40.50000 14 1.00000
140.1 40.50000 14 1.00000
140.2 40.50000 14 1.00000
140.3 40.50000 14 1.00000
140.4 40.50000 14 1.00000
140.5 40.50000 14 1.00000
140.6 40.50000 14 1.00000
140.7 40.50000 14 1.00000
140.8 40.50000 14 1.00000
140.9 40.50000 14 1.00000
141.0 40.50000 14 1.00000
141.1 40.50000 14 1.00000
141.2 40.50000 14 1.00000
141.3 40.50000 14 1.00000
141.4 40.50000 14 1.00000
141.5 40.50000 14 1.00000
141.6 40.50000 14 1.00000
141.7 40.50000 14 1.00000
141.8 40.50000 14 1.00000
141.9 40.50000 14 1.00000
142.0 40.50000 14 1.00000
142.1 40.50000 14 1.00000
142.2 40.50000 14 1.00000
142.3 40.50000 14 1.00000
142.4 40.50000 14 1.00000
142.5 40.50000 14 1.00000
142.6 40.50000 14 1.00000
142.7 40.50000 14 1.00000
142.8 40.50000 14 1.00000
142.9 40.50000 14 1.00000
143.0 40.50000 14 1.00000
143.1 40.50000 14 1.00000
143.2 40.50000 14 1.00000
143.3 40.50000 14 1.00000
143.4 40.50000 14 1.00000
143.5 40.50000 14 1.00000
143.6 40.50000 14 1.00000
143.7 40.50000 14 1.00000
143.8 40.50000 14 1.00000
143.9 40.50000 14 1.00000
144.0 40.50000 14 1.00000
144.1 40.50000 14 1.00000
144.2 40.50000 14 1.00000
144.3 40.50000 14 1.00000
144.4 40.50000 14 1.00000
144.5 40.50000 14 1.00000
144.6 40.50000 14 1.00000
144.7 40.50000 14 1.00000
144.8 40.50000 14 1.00000
144.9 40.50000 14 1.00000
145.0 40.50000 14 1.00000
145.1 40.50000 14 1.00000
145.2 40.50000 14 1.00000
145.3 40.50000 14 1.00000
145.4 40.50000 14 1.00000
145.5 40.50000 14 1.00000
145.6 40.50000 14 1.00000
145.7 40.50000 14 1.00000
145.8 40.50000 14 1.00000
145.9 40.50000 14 1.00000
146.0 40.50000 14 1.00000
146.1 40.50000 14 1.00000
146.2 40.50000 14 1.00000
146.3 40.50000 14 1.00000
146.4 40.50000 14 1.00000
146.5 40.50000 14 1.00000
146.6 40.50000 14 1.00000
146.7 40.50000 14 1.00000
146.8 40.50000 14 1.00000
146.9 40.50000 14 1.00000
147.0 40.50000 14 1.00000
147.1 40.50000 14 1.00000
147.2 40.50000 14 1.00000
147.3 40.50000 14 1.00000
147.4 40.50000 14 1.00000
147.5 40.50000 14 1.00000
147.6 40.50000 14 1.00000
147.7 40.50000 14 1.00000
147.8 40.50000 14 1.00000
147.9 40.50000 14 1.00000
148.0 40.50000 14 1.00000
148.1 40.50000 14 1.00000
148.2 40.50000 14 1.00000
148.3 40.50000 14 1.00000
148.4 40.50000 14 1.00000
148.5 40.50000 14 1.00000
148.6 40.50000 14 1.00000
148.7 40.50000 14 1.00000
148.8 40.50000 14 1.00000
148.9 40.50000 14 1.00000
149.0 40.50000 14 1.00000
149.1 40.50000 14 1.00000
149.2 40.50000 14 1.00000
149.3 40.50000 14 1.00000
149.4 40.50000 14 1.00000
149.5 40.50000 14 1.00000
149.6 40.50000 14 1.00000
149.7 40.50000 14 1.00000
149.8 40.50000 14 1.00000
149.9 40.50000 14 1.00000
150.0 40.50000 14 1.00000
150.1 40.50000 14 1.00000
150.2 40.50000 14 1.00000
150.3 40.50000 14 1.00000
150.4 40.50000 14 1.00000
150.5 40.50000 14 1.00000
150.6 40.50000 14 1.00000
150.7 40.50000 14 1.00000
150.8 40.50000 14 1.00000
150.9 40.50000 14 1.00000
151.0 40.50000 14 1.00000
151.1 40.50000 14 1.00000
151.2 40.50000 14 1.00000
151.3 40.50000 14 1.00000
151.4 40.50000 14 1.00000
151.5 40.50000 14 1.00000
151.6 40.50000 14 1.00000
151.7 40.50000 14 1.00000
151.8 40.50000 14 1.00000
151.9 40.50000 14 1.00000
152.0 40.50000 14 1.00000
152.1 40.50000 14 1.00000
152.2 40.50000 14 1.00000
152.3 40.50000 14 1.00000
152.4 40.50000 14 1.00000
152.5 40.50000 14 1.00000
152.6 40.50000 14 1.00000
152.7 40.50000 14 1.00000
152.8 40.50000 14 1.00000
152.9 40.50000 14 1.00000
153.0 40.50000 14 1.00000
153.1 40.50000 14 1.00000
153.2 40.50000 14 1.00000
153.3 40.50000 14 1.00000
153.4 40.50000 14 1.00000
153.5 40.50000 14 1.00000
153.6 40.50000 14 1.00000
153.7 40.50000 14 1.00000
153.8 40.50000 14 1.00000
153.9 40.50000 14 1.00000
154.0 40.50000 14 1.00000
154.1 40.50000 14 1.00000
154.2 40.50000 14 1.00000
154.3 40.50000 14 1.00000
154.4 40.50000 14 1.00000
154.5 40.50000 14 1.00000
154.6 40.50000 14 1.00000
154.7 40.50000 14 1.00000
154.8 40.50000 14 1.00000
154.9 40.50000 14 1.00000
155.0 40.50000 14 1.00000
155.1 40.50000 14 1.00000
155.2 40.50000 14 1.00000
155.3 40.50000 14 1.00000
155.4 40.50000 14 1.00000
155.5 40.50000 14 1.00000
155.6 40.50000 14 1.00000
155.7 40.50000 14 1.00000
155.8 40.50000 14 1.00000
155.9 40.50000 14 1.00000
156.0 40.50000 14 1.00000
156.1 40.50000 14 1.00000
156.2 40.50000 14 1.00000
156.3 40.50000 14 1.00000
156.4 40.50000 14 1.00000
156.5 40.50000 14 1.00000
156.6 40.50000 14 1.00000
156.7 40.50000 14 1.00000
156.8 40.50000 14 1.00000
156.9 40.50000 14 1.00000
157.0 40.50000 14 1.00000
157.1 40.50000 14 1.00000
157.2 40.50000 14 1.00000
157.3 40.50000 14 1.00000
157.4 40.50000 14 1.00000
157.5 40.50000 14 1.00000
157.6 40.50000 14 1.00000
157.7 40.50000 14 1.00000
157.8 40.50000 14 1.00000
157.9 40.50000 14 1.00000
158.0 40.50000 14 1.00000
158.1 40.50000 14 1.00000
158.2 40.50000 14 1.00000
158.3 40.50000 14 1.00000
158.4 40.50000 14 1.00000
158.5 40.50000 14 1.00000
158.6 40.50000 14 1.00000
158.7 40.50000 14 1.00000
158.8 40.50000 14 1.00000
158.9 40.50000 14 1.00000
159.0 40.50000 14 1.00000
159.1 40.50000 14 1.00000
159.2 40.50000 14 1.00000
159.3 40.50000 14 1.00000
159.4 40.50000 14 1.00000
159.5 40.50000 14 1.00000
159.6 40.50000 14 1.00000
159.7 40.50000 14 1.00000
159.8 40.50000 14 1.00000
159.9 40.50000 14 1.00000
160.0 40.50000 14 1.00000
160.1 40.50000 14 1.00000
160.2 40.50000 14 1.00000
160.3 40.50000 14 1.00000
160.4 40.50000 14 1.00000
160.5 40.50000 14 1.00000
160.6 40.50000 14 1.00000
160.7 40.50000 14 1.00000
160.8 40.50000 14 1.00000
160.9 40.50000 14 1.00000
161.0 40.50000 14 1.00000
161.1 40.50000 14 1.00000
161.2 40.50000 14 1.00000
161.3 40.50000 14 1.00000
161.4 40.50000 14 1.00000
161.5 40.50000 14 1.00000
161.6 40.50000 14 1.00000
161.7 40.50000 14 1.00000
161.8 40.50000 14 1.00000
161.9 40.50000 14 1.00000
162.0 40.50000 14 1.00000
162.1 40.50000 14 1.00000
162.2 40.50000 14 1.00000
162.3 40.50000 14 1.00000
162.4 40.50000 14 1.00000
162.5 40.50000 14 1.00000
162.6 40.50000 14 1.00000
162.7 40.50000 14 1.00000
162.8 40.50000 14 1.00000
162.9 40.50000 14 1.00000
163.0 40.50000 14 1.00000
163.1 40.50000 14 1.00000
163.2 40.50000 14 1.00000
163.3 40.50000 14 1.00000
163.4 40.50000 14 1.00000
163.5 40.50000 14 1.00000
163.6 40.50000 14 1.00000
163.7 40.50000 14 1.00000
163.8 40.50000 14 1.00000
163.9 40.50000 14 1.00000
164.0 40.50000 14 1.00000
164.1 40.50000 14 1.00000
164.2 40.50000 14 1.00000
164.3 40.50000 14 1.00000
164.4 40.50000 14 1.00000
164.5 40.50000 14 1.00000
164.6 40.50000 14 1.00000
164.7 40.50000 14 1.00000
164.8 40.50000 14 1.00000
164.9 40.50000 14 1.00000
165.0 40.50000 14 1.00000
165.1 40.50000 14 1.00000
165.2 40.50000 14 1.00000
165.3 40.50000 14 1.00000
165.4 40.50000 14 1.00000
165.5 40.50000 14 1.00000
165.6 40.50000 14 1.00000
165.7 40.50000 14 1.00000
165.8 40.50000 14 1.00000
165.9 40.50000 14 1.00000
166.0 40.50000 14 1.00000
166.1 40.50000 14 1.00000
166.2 40.50000 14 1.00000
166.3 40.50000 14 1.00000
166.4 40.50000 14 1.00000
166.5 40.50000 14 1.00000
166.6 40.50000 14 1.00000
166.7 40.50000 14 1.00000
166.8 40.50000 14 1.00000
166.9 40.50000 14 1.00000
167.0 40.50000 14 1.00000
167.1 40.50000 14 1.00000
167.2 40.50000 14 1.00000
167.3 40.50000 14 1.00000
167.4 40.50000 14 1.00000
167.5 40.50000 14 1.00000
167.6 40.50000 14 1.00000
167.7 40.50000 14 1.00000
167.8 40.50000 14 1.00000
167.9 40.50000 14 1.00000
168.0 40.50000 14 1.00000
168.1 40.50000 14 1.00000
168.2 40.50000 14 1.00000
168.3 40.50000 14 1.00000
168.4 40.50000 14 1.00000
168.5 40.50000 14 1.00000
168.6 40.50000 14 1.00000
168.7 40.50000 14 1.00000
168.8 40.50000 14 1.00000
168.9 40.50000 14 1.00000
169.0 40.50000 14 1.00000
169.1 40.50000 14 1.00000
169.2 40.50000 14 1.00000
169.3 40.50000 14 1.00000
169.4 40.50000 14 1.00000
169.5 40.50000 14 1.00000
169.6 40.50000 14 1.00000
169.7 40.50000 14 1.00000
169.8 40.50000 14 1.00000
169.9 40.50000 14 1.00000
170.0 40.50000 14 1.00000
170.1 40.50000 14 1.00000
170.2 40.50000 14 1.00000
170.3 40.50000 14 1.00000
170.4 40.50000 14 1.00000
170.5 40.50000 14 1.00000
170.6 40.50000 14 1.00000
170.7 40.50000 14 1.00000
170.8 40.50000 14 1.00000
170.9 40.50000 14 1.00000
171.0 40.50000 14 1.00000
171.1 40.50000 14 1.00000
171.2 40.50000 14 1.00000
171.3 40.50000 14 1.00000
171.4 40.50000 14 1.00000
171.5 40.50000 14 1.00000
171.6 40.50000 14 1.00000
171.7 40.50000 14 1.00000
171.8 40.50000 14 1.00000
171.9 40.50000 14 1.00000
172.0 40.50000 14 1.00000
172.1 40.50000 14 1.00000
172.2 40.50000 14 1.00000
172.3 40.50000 14 1.00000
172.4 40.50000 14 1.00000
172.5 40.50000 14 1.00000
172.6 40.50000 14 1.00000
172.7 40.50000 14 1.00000
172.8 40.50000 14 1.00000
172.9 40.50000 14 1.00000
173.0 40.50000 14 1.00000
173.1 40.50000 14 1.00000
173.2 40.50000 14 1.00000
173.3 40.50000 14 1.00000
173.4 40.50000 14 1.00000
173.5 40.50000 14 1.00000
173.6 40.50000 14 1.00000
173.7 40.50000 14 1.00000
173.8 40.50000 14 1.00000
173.9 40.50000 14 1.00000
174.0 40.50000 14 1.00000
174.1 40.50000 14 1.00000
174.2 40.50000 14 1.00000
174.3 40.50000 14 1.00000
174.4 40.50000 14 1.00000
174.5 40.50000 14 1.00000
174.6 40.50000 14 1.00000
174.7 40.50000 14 1.00000
174.8 40.50000 14 1.00000
174.9 40.50000 14 1.00000
175.0 40.50000 14 1.00000
175.1 40.50000 14 1.00000
175.2 40.50000 14 1.00000
175.3 40.50000 14 1.00000
175.4 40.50000 14 1.00000
175.5 40.50000 14 1.00000
175.6 40.50000 14 1.00000
175.7 40.50000 14 1.00000
175.8 40.50000 14 1.00000
175.9 40.50000 14 1.00000
176.0 40.50000 14 1.00000
176.1 40.50000 14 1.00000
176.2 40.50000 14 1.00000
176.3 40.50000 14 1.00000
176.4 40.50000 14 1.00000
176.5 40.50000 14 1.00000
176.6 40.50000 14 1.00000
176.7 40.50000 14 1.00000
176.8 40.50000 14 1.00000
176.9 40.50000 14 1.00000
177.0 40.50000 14 1.00000
177.1 40.50000 14 1.00000
177.2 40.50000 14 1.00000
177.3 40.50000 14 1.00000
177.4 40.50000 14 1.00000
177.5 40.50000 14 1.00000
177.6 40.50000 14 1.00000
177.7 40.50000 14 1.00000
177.8 40.50000 14 1.00000
177.9 40.50000 14 1.00000
178.0 40.50000 14 1.00000
178.1 40.50000 14 1.00000
178.2 40.50000 14 1.00000
178.3 40.50000 14 1.00000
178.4 40.50000 14 1.00000
178.5 40.50000 14 1.00000
178.6 40.50000 14 1.00000
178.7 40.50000 14 1.00000
178.8 40.50000 14 1.00000
178.9 40.50000 14 1.00000
179.0 40.50000 14 1.00000
179.1 40.50000 14 1.00000
179.2 40.50000 14 1.00000
179.3 40.50000 14 1.00000
179.4 40.50000 14 1.00000
179.5 40.50000 14 1.00000
179.6 40.50000 14 1.00000
179.7 40.50000 14 1.00000
179.8 40.50000 14 1.00000
179.9 40.50000 14 1.00000
180.0 40.50000 14 1.00000
180.1 40.50000 14 1.00000
180.2 40.50000 14 1.00000
180.3 40.50000 14 1.00000
180.4 40.50000 14 1.00000
180.5 40.50000 14 1.00000
180.6 40.50000 14 1.00000
180.7 40.50000 14 1.00000
180.8 40.50000 14 1.00000
180.9 40.50000 14 1.00000
181.0 40.50000 14 1.00000
181.1 40.50000 14 1.00000
181.2 40.50000 14 1.00000
181.3 40.50000 14 1.00000
181.4 40.50000 14 1.00000
181.5 40.50000 14 1.00000
181.6 40.50000 14 1.00000
181.7 40.50000 14 1.00000
181.8 40.50000 14 1.00000
181.9 40.50000 14 1.00000
182.0 40.50000 14 1.00000
182.1 40.50000 14 1.00000
182.2 40.50000 14 1.00000
182.3 40.50000 14 1.00000
182.4 40.50000 14 1.00000
182.5 40.50000 14 1.00000
182.6 40.50000 14 1.00000
182.7 40.50000 14 1.00000
182.8 40.50000 14 1.00000
182.9 40.50000 14 1.00000
183.0 40.50000 14 1.00000
183.1 40.50000 14 1.00000
183.2 40.50000 14 1.00000
183.3 40.50000 14 1.00000
183.4 40.50000 14 1.00000
183.5 40.50000 14 1.00000
183.6 40.50000 14 1.00000
183.7 40.50000 14 1.00000
183.8 40.50000 14 1.00000
183.9 40.50000 14 1.00000
184.0 40.50000 14 1.00000
184.1 40.50000 14 1.00000
184.2 40.50000 14 1.00000
184.3 40.50000 14 1.00000
184.4 40.50000 14 1.00000
184.5 40.50000 14 1.00000
184.6 40.50000 14 1.00000
184.7 40.50000 14 1.00000
184.8 40.50000 14 1.00000
184.9 40.50000 14 1.00000
185.0 40.50000 14 1.00000
185.1 40.50000 14 1.00000
185.2 40.50000 14 1.00000
185.3 40.50000 14 1.00000
185.4 40.50000 14 1.00000
185.5 40.50000 14 1.00000
185.6 40.50000 14 1.00000
185.7 40.50000 14 1.00000
185.8 40.50000 14 1.00000
185.9 40.50000 14 1.00000
186.0 40.50000 14 1.00000
186.1 40.50000 14 1.00000
186.2 40.50000 14 1.00000
186.3 40.50000 14 1.00000
186.4 40.50000 14 1.00000
186.5 40.50000 14 1.00000
186.6 40.50000 14 1.00000
186.7 40.50000 14 1.00000
186.8 40.50000 14 1.00000
186.9 40.50000 14 1.00000
187.0 40.50000 14 1.00000
187.1 40.50000 14 1.00000
187.2 40.50000 14 1.00000
187.3 40.50000 14 1.00000
187.4 40.50000 14 1.00000
187.5 40.50000 14 1.00000
187.6 40.50000 14 1.00000
187.7 40.50000 14 1.00000
187.8 40.50000 14 1.00000
187.9 40.50000 14 1.00000
188.0 40.50000 14 1.00000
188.1 40.50000 14 1.00000
188.2 40.50000 14 1.00000
188.3 40.50000 14 1.00000
188.4 40.50000 14 1.00000
188.5 40.50000 14 1.00000
188.6 40.50000 14 1.00000
188.7 40.50000 14 1.00000
188.8 40.50000 14 1.00000
188.9 40.50000 14 1.00000
189.0 40.50000 14 1.00000
189.1 40.50000 14 1.00000
189.2 40.50000 14 1.00000
189.3 40.50000 14 1.00000
189.4 40.50000 14 1.00000
189.5 40.50000 14 1.00000
189.6 40.50000 14 1.00000
189.7 40.50000 14 1.00000
189.8 40.50000 14 1.00000
189.9 40.50000 14 1.00000
190.0 40.50000 14 1.00000
190.1 40.50000 14 1.00000
190.2 40.50000 14 1.00000
190.3 40.50000 14 1.00000
190.4 40.50000 14 1.00000
190.5 40.50000 14 1.00000
190.6 40.50000 14 1.00000
190.7 40.50000 14 1.00000
190.8 40.50000 14 1.00000
190.9 40.50000 14 1.00000
191.0 40.50000 14 1.00000
191.1 40.50000 14 1.00000
191.2 40.50000 14 1.00000
191.3 40.50000 14 1.00000
191.4 40.50000 14 1.00000
191.5 40.50000 14 1.00000
191.6 40.50000 14 1.00000
191.7 40.50000 14 1.00000
191.8 40.50000 14 1.00000
191.9 40.50000 14 1.00000
192.0 40.50000 14 1.00000
192.1 40.50000 14 1.00000
192.2 40.50000 14 1.00000
192.3 40.50000 14 1.00000
192.4 40.50000 14 1.00000
192.5 40.50000 14 1.00000
192.6 40.50000 14 1.00000
192.7 40.50000 14 1.00000
192.8 40.50000 14 1.00000
192.9 40.50000 14 1.00000
193.0 40.50000 14 1.00000
193.1 40.50000 14 1.00000
193.2 40.50000 14 1.00000
193.3 40.50000 14 1.00000
193.4 40.50000 14 1.00000
193.5 40.50000 14 1.00000
193.6 40.50000 14 1.00000
193.7 40.50000 14 1.00000
193.8 40.50000 14 1.00000
193.9 40.50000 14 1.00000
194.0 40.50000 14 1.00000
194.1 40.50000 14 1.00000
194.2 40.50000 14 1.00000
194.3 40.50000 14 1.00000
194.4 40.50000 14 1.00000
194.5 40.50000 14 1.00000
194.6 40.50000 14 1.00000
194.7 40.50000 14 1.00000
194.8 40.50000 14 1.00000
194.9 40.50000 14 1.00000
195.0 40.50000 14 1.00000
195.1 40.50000 14 1.00000
195.2 40.50000 14 1.00000
195.3 40.50000 14 1.00000
195.4 40.50000 14 1.00000
195.5 40.50000 14 1.00000
195.6 40.50000 14 1.00000
195.7 40.50000 14 1.00000
195.8 40.50000 14 1.00000
195.9 40.50000 14 1.00000
196.0 40.50000 14 1.00000
196.1 40.50000 14 1.00000
196.2 40.50000 14 1.00000
196.3 40.50000 14 1.00000
196.4 40.50000 14 1.00000
196.5 40.50000 14 1.00000
196.6 40.50000 14 1.00000
196.7 40.50000 14 1.00000
196.8 40.50000 14 1.00000
196.9 40.50000 14 1.00000
197.0 40.50000 14 1.00000
197.1 40.50000 14 1.00000
197.2 40.50000 14 1.00000
197.3 40.50000 14 1.00000
197.4 40.50000 14 1.00000
197.5 40.50000 14 1.00000
197.6 40.50000 14 1.00000
197.7 40.50000 14 1.00000
197.8 40.50000 14 1.00000
197.9 40.50000 14 1.00000
198.0 40.50000 14 1.00000
198.1 40.50000 14 1.00000
198.2 40.50000 14 1.00000
198.3 40.50000 14 1.00000
198.4 40.50000 14 1.00000
198.5 40.50000 14 1.00000
198.6 40.50000 14 1.00000
198.7 40.50000 14 1.00000
198.8 40.50000 14 1.00000
198.9 40.50000 14 1.00000
199.0 40.50000 14 1.00000
199.1 40.50000 14 1.00000
199.2 40.50000 14 1.00000
199.3 40.50000 14 1.00000
199.4 40.50000 14 1.00000
199.5 40.50000 14 1.00000
199.6 40.50000 14 1.00000
199.7 40.50000 14 1.00000
199.8 40.50000 14 1.00000
199.9 40.50000 14 1.00000
200.0 40.50000 14 1.00000
200.1 40.50000 14 1.00000
200.2 40.50000 14 1.00000
200.3 40.50000 14 1.00000
200.4 40.50000 14 1.00000
200.5 40.50000 14 1.00000
200.6 40.50000 14 1.00000
200.7 40.50000 14 1.00000
200.8 40.50000 14 1.00000
200.9 40.50000 14 1.00000
201.0 40.50000 14 1.00000
201.1 40.50000 14 1.00000
201.2 40.50000 14 1.00000
201.3 40.50000 14 1.00000
201.4 40.50000 14 1.00000
201.5 40.50000 14 1.00000
201.6 40.50000 14 1.00000
201.7 40.50000 14 1.00000
201.8 40.50000 14 1.00000
201.9 40.50000 14 1.00000
202.0 40.50000 14 1.00000
202.1 40.50000 14 1.00000
202.2 40.50000 14 1.00000
202.3 40.50000 14 1.00000
202.4 40.50000 14 1.00000
202.5 40.50000 14 1.00000
202.6 40.50000 14 1.00000
202.7 40.50000 14 1.00000
202.8 40.50000 14 1.00000
202.9 40.50000 14 1.00000
203.0 40.50000 14 1.00000
203.1 40.50000 14 1.00000
203.2 40.50000 14 1.00000
203.3 40.50000 14 1.00000
203.4 40.50000 14 1.00000
203.5 40.50000 14 1.00000
203.6 40.50000 14 1.00000
203.7 40.50000 14 1.00000
203.8 40.50000 14 1.00000
203.9 40.50000 14 1.00000
204.0 40.50000 14 1.00000
204.1 40.50000 14 1.00000
204.2 40.50000 14 1.00000
204.3 40.50000 14 1.00000
204.4 40.50000 14 1.00000
204.5 40.50000 14 1.00000
204.6 40.50000 14 1.00000
204.7 40.50000 14 1.00000
204.8 40.50000 14 1.00000
204.9 40.50000 14 1.00000
205.0 40.50000 14 1.00000
205.1 40.50000 14 1.00000
205.2 40.50000 14 1.00000
205.3 40.50000 14 1.00000
205.4 40.50000 14 1.00000
205.5 40.50000 14 1.00000
205.6 40.50000 14 1.00000
205.7 40.50000 14 1.00000
205.8 40.50000 14 1.00000
205.9 40.50000 14 1.00000
206.0 40.50000 14 1.00000
206.1 40.50000 14 1.00000
206.2 40.50000 14 1.00000
206.3 40.50000 14 1.00000
206.4 40.50000 14 1.00000
206.5 40.50000 14 1.00000
206.6 40.50000 14 1.00000
206.7 40.50000 14 1.00000
206.8 40.50000 14 1.00000
206.9 40.50000 14 1.00000
207.0 40.50000 14 1.00000
207.1 40.50000 14 1.00000
207.2 40.50000 14 1.00000
207.3 40.50000 14 1.00000
207.4 40.50000 14 1.00000
207.5 40.50000 14 1.00000
207.6 40.50000 14 1.00000
207.7 40.50000 14 1.00000
207.8 40.50000 14 1.00000
207.9 40.50000 14 1.00000
208.0 40.50000 14 1.00000
208.1 40.50000 14 1.00000
208.2 40.50000 14 1.00000
208.3 40.50000 14 1.00000
208.4 40.50000 14 1.00000
208.5 40.50000 14 1.00000
208.6 40.50000 14 1.00000
208.7 40.50000 14 1.00000
208.8 40.50000 14 1.00000
208.9 40.50000 14 1.00000
209.0 40.50000 14 1.00000
209.1 40.50000 14 1.00000
209.2 40.50000 14 1.00000
209.3 40.50000 14 1.00000
209.4 40.50000 14 1.00000
209.5 40.50000 14 1.00000
209.6 40.50000 14 1.00000
209.7 40.50000 14 1.00000
209.8 40.50000 14 1.00000
209.9 40.50000 14 1.00000
210.0 40.50000 14 1.00000
210.1 40.50000 14 1.00000
210.2 40.50000 14 1.00000
210.3 40.50000 14 1.00000
210.4 40.50000 14 1.00000
210.5 40.50000 14 1.00000
210.6 40.50000 14 1.00000
210.7 40.50000 14 1.00000
210.8 40.50000 14 1.00000
210.9 40.50000 14 1.00000
211.0 40.50000 14 1.00000
211.1 40.50000 14 1.00000
211.2 40.50000 14 1.00000
211.3 40.50000 14 1.00000
211.4 40.50000 14 1.00000
211.5 40.50000 14 1.00000
211.6 40.50000 14 1.00000
211.7 40.50000 14 1.00000
211.8 40.50000 14 1.00000
211.9 40.50000 14 1.00000
212.0 40.50000 14 1.00000
212.1 40.50000 14 1.00000
212.2 40.50000 14 1.00000
212.3 40.50000 14 1.00000
212.4 40.50000 14 1.00000
212.5 40.50000 14 1.00000
212.6 40.50000 14 1.00000
212.7 40.50000 14 1.00000
212.8 40.50000 14 1.00000
212.9 40.50000 14 1.00000
213.0 40.50000 14 1.00000
213.1 40.50000 14 1.00000
213.2 40.50000 14 1.00000
213.3 40.50000 14 1.00000
213.4 40.50000 14 1.00000
213.5 40.50000 14 1.00000
213.6 40.50000 14 1.00000
213.7 40.50000 14 1.00000
213.8 40.50000 14 1.00000
213.9 40.50000 14 1.00000
214.0 40.50000 14 1.00000
214.1 40.50000 14 1.00000
214.2 40.50000 14 1.00000
214.3 40.50000 14 1.00000
214.4 40.50000 14 1.00000
214.5 40.50000 14 1.00000
214.6 40.50000 14 1.00000
214.7 40.50000 14 1.00000
214.8 40.50000 14 1.00000
214.9 40.50000 14 1.00000
215.0 40.50000 14 1.00000
215.1 40.50000 14 1.00000
215.2 40.50000 14 1.00000
215.3 40.50000 14 1.00000
215.4 40.50000 14 1.00000
215.5 40.50000 14 1.00000
215.6 40.50000 14 1.00000
215.7 40.50000 14 1.00000
215.8 40.50000 14 1.00000
215.9 40.50000 14 1.00000
216.0 40.50000 14 1.00000
216.1 40.50000 14 1.00000
216.2 40.50000 14 1.00000
216.3 40.50000 14 1.00000
216.4 40.50000 14 1.00000
216.5 40.50000 14 1.00000
216.6 40.50000 14 1.00000
216.7 40.50000 14 1.00000
216.8 40.50000 14 1.00000
216.9 40.50000 14 1.00000
217.0 40.50000 14 1.00000
217.1 40.50000 14 1.00000
217.2 40.50000 14 1.00000
217.3 40.50000 14 1.00000
217.4 40.50000 14 1.00000
217.5 40.50000 14 1.00000
217.6 40.50000 14 1.00000
217.7 40.50000 14 1.00000
217.8 40.50000 14 1.00000
217.9 40.50000 14 1.00000
218.0 40.50000 14 1.00000
218.1 40.50000 14 1.00000
218.2 40.50000 14 1.00000
218.3 40.50000 14 1.00000
218.4 40.50000 14 1.00000
218.5 40.50000 14 1.00000
218.6 40.50000 14 1.00000
218.7 40.50000 14 1.00000
218.8 40.50000 14 1.00000
218.9 40.50000 14 1.00000
219.0 40.50000 14 1.00000
219.1 40.50000 14 1.00000
219.2 40.50000 14 1.00000
219.3 40.50000 14 1.00000
219.4 40.50000 14 1.00000
219.5 40.50000 14 1.00000
219.6 40.50000 14 1.00000
219.7 40.50000 14 1.00000
219.8 40.50000 14 1.00000
219.9 40.50000 14 1.00000
220.0 40.50000 14 1.00000
220.1 40.50000 14 1.00000
220.2 40.50000 14 1.00000
220.3 40.50000 14 1.00000
220.4 40.50000 14 1.00000
220.5 40.50000 14 1.00000
220.6 40.50000 14 1.00000
220.7 40.50000 14 1.00000
220.8 40.50000 14 1.00000
220.9 40.50000 14 1.00000
221.0 40.50000 14 1.00000
221.1 40.50000 14 1.00000
221.2 40.50000 14 1.00000
221.3 40.50000 14 1.00000
221.4 40.50000 14 1.00000
221.5 40.50000 14 1.00000
221.6 40.50000 14 1.00000
221.7 40.50000 14 1.00000
221.8 40.50000 14 1.00000
221.9 40.50000 14 1.00000
222.0 40.50000 14 1.00000
222.1 40.50000 14 1.00000
222.2 40.50000 14 1.00000
222.3 40.50000 14 1.00000
222.4 40.50000 14 1.00000
222.5 40.50000 14 1.00000
222.6 40.50000 14 1.00000
222.7 40.50000 14 1.00000
222.8 40.50000 14 1.00000
222.9 40.50000 14 1.00000
223.0 40.50000 14 1.00000
223.1 40.50000 14 1.00000
223.2 40.50000 14 1.00000
223.3 40.50000 14 1.00000
223.4 40.50000 14 1.00000
223.5 40.50000 14 1.00000
223.6 40.50000 14 1.00000
223.7 40.50000 14 1.00000
223.8 40.50000 14 1.00000
223.9 40.50000 14 1.00000
224.0 40.50000 14 1.00000
224.1 40.50000 14 1.00000
224.2 40.50000 14 1.00000
224.3 40.50000 14 1.00000
224.4 40.50000 14 1.00000
224.5 40.50000 14 1.00000
224.6 40.50000 14 1.00000
224.7 40.50000 14 1.00000
224.8 40.50000 14 1.00000
224.9 40.50000 14 1.00000
225.0 40.50000 14 1.00000
225.1 40.50000 14 1.00000
225.2 40.50000 14 1.00000
225.3 40.50000 14 1.00000
225.4 40.50000 14 1.00000
225.5 40.50000 14 1.00000
225.6 40.50000 14 1.00000
225.7 40.50000 14 1.00000
225.8 40.50000 14 1.00000
225.9 40.50000 14 1.00000
226.0 40.50000 14 1.00000
226.1 40.50000 14 1.00000
226.2 40.50000 14 1.00000
226.3 40.50000 14 1.00000
226.4 40.50000 14 1.00000
226.5 40.50000 14 1.00000
226.6 40.50000 14 1.00000
226.7 40.50000 14 1.00000
226.8 40.50000 14 1.00000
226.9 40.50000 14 1.00000
227.0 40.50000 14 1.00000
227.1 40.50000 14 1.00000
227.2 40.50000 14 1.00000
227.3 40.50000 14 1.00000
227.4 40.50000 14 1.00000
227.5 40.50000 14 1.00000
227.6 40.50000 14 1.00000
227.7 40.50000 14 1.00000
227.8 40.50000 14 1.00000
227.9 40.50000 14 1.00000
228.0 40.50000 14 1.00000
228.1 40.50000 14 1.00000
228.2 40.50000 14 1.00000
228.3 40.50000 14 1.00000
228.4 40.50000 14 1.00000
228.5 40.50000 14 1.00000
228.6 40.50000 14 1.00000
228.7 40.50000 14 1.00000
228.8 40.50000 14 1.00000
228.9 40.50000 14 1.00000
229.0 40.50000 14 1.00000
229.1 40.50000 14 1.00000
229.2 40.50000 14 1.00000
229.3 40.50000 14 1.00000
229.4 40.50000 14 1.00000
229.5 40.50000 14 1.00000
229.6 40.50000 14 1.00000
229.7 40.50000 14 1.00000
229.8 40.50000 14 1.00000
229.9 40.50000 14 1.00000
230.0 40.50000 14 1.00000
230.1 40.50000 14 1.00000
230.2 40.50000 14 1.00000
230.3 40.50000 14 1.00000
230.4 40.50000 14 1.00000
230.5 40.50000 14 1.00000
230.6 40.50000 14 1.00000
230.7 40.50000 14 1.00000
230.8 40.50000 14 1.00000
230.9 40.50000 14 1.00000
231.0 40.50000 14 1.00000
231.1 40.50000 14 1.00000
231.2 40.50000 14 1.00000
231.3 40.50000 14 1.00000
231.4 40.50000 14 1.00000
231.5 40.50000 14 1.00000
231.6 40.50000 14 1.00000
231.7 40.50000 14 1.00000
231.8 40.50000 14 1.00000
231.9 40.50000 14 1.00000
232.0 40.50000 14 1.00000
232.1 40.50000 14 1.00000
232.2 40.50000 14 1.00000
232.3 40.50000 14 1.00000
232.4 40.50000 14 1.00000
232.5 40.50000 14 1.00000
232.6 40.50000 14 1.00000
232.7 40.50000 14 1.00000
232.8 40.50000 14 1.00000
232.9 40.50000 14 1.00000
233.0 40.50000 14 1.00000
233.1 40.50000 14 1.00000
233.2 40.50000 14 1.00000
233.3 40.50000 14 1.00000
233.4 40.50000 14 1.00000
233.5 40.50000 14 1.00000
233.6 40.50000 14 1.00000
233.7 40.50000 14 1.00000
233.8 40.50000 14 1.00000
233.9 40.50000 14 1.00000
234.0 40.50000 14 1.00000
234.1 40.50000 14 1.00000
234.2 40.50000 14 1.00000
234.3 40.50000 14 1.00000
234.4 40.50000 14 1.00000
234.5 40.50000 14 1.00000
234.6 40.50000 14 1.00000
234.7 40.50000 14 1.00000
234.8 40.50000 14 1.00000
234.9 40.50000 14 1.00000
235.0 40.50000 14 1.00000
235.1 40.50000 14 1.00000
235.2 40.50000 14 1.00000
235.3 40.50000 14 1.00000
235.4 40.50000 14 1.00000
235.5 40.50000 14 1.00000
235.6 40.50000 14 1.00000
235.7 40.50000 14 1.00000
235.8 40.50000 14 1.00000
235.9 40.50000 14 1.00000
236.0 40.50000 14 1.00000
236.1 40.50000 14 1.00000
236.2 40.50000 14 1.00000
236.3 40.50000 14 1.00000
236.4 40.50000 14 1.00000
236.5 40.50000 14 1.00000
236.6 40.50000 14 1.00000
236.7 40.50000 14 1.00000
236.8 40.50000 14 1.00000
236.9 40.50000 14 1.00000
237.0 40.50000 14 1.00000
237.1 40.50000 14 1.00000
237.2 40.50000 14 1.00000
237.3 40.50000 14 1.00000
237.4 40.50000 14 1.00000
237.5 40.50000 14 1.00000
237.6 40.50000 14 1.00000
237.7 40.50000 14 1.00000
237.8 40.50000 14 1.00000
237.9 40.50000 14 1.00000
238.0 40.50000 14 1.00000
238.1 40.50000 14 1.00000
238.2 40.50000 14 1.00000
238.3 40.50000 14 1.00000
238.4 40.50000 14 1.00000
238.5 40.50000 14 1.00000
238.6 40.50000 14 1.00000
238.7 40.50000 14 1.00000
238.8 40.50000 14 1.00000
238.9 40.50000 14 1.00000
239.0 40.50000 14 1.00000
239.1 40.50000 14 1.00000
239.2 40.50000 14 1.00000
239.3 40.50000 14 1.00000
239.4 40.50000 14 1.00000
239.5 40.50000 14 1.00000
239.6 40.50000 14 1.00000
239.7 40.50000 14 1.00000
239.8 40.50000 14 1.00000
239.9 40.50000 14 1.00000
240.0 40.50000 14 1.00000
240.1 40.50000 14 1.00000
240.2 40.50000 14 1.00000
240.3 40.50000 14 1.00000
240.4 40.50000 14 1.00000
240.5 40.50000 14 1.00000
240.6 40.50000 14 1.00000
240.7 40.50000 14 1.00000
240.8 40.50000 14 1.00000
240.9 40.50000 14 1.00000
241.0 40.50000 14 1.00000
241.1 40.50000 14 1.00000
241.2 40.50000 14 1.00000
241.3 40.50000 14 1.00000
241.4 40.50000 14 1.00000
241.5 40.50000 14 1.00000
241.6 40.50000 14 1.00000
241.7 40.50000 14 1.00000
241.8 40.50000 14 1.00000
241.9 40.50000 14 1.00000
242.0 40.50000 14 1.00000
242.1 40.50000 14 1.00000
242.2 40.50000 14 1.00000
242.3 40.50000 14 1.00000
242.4 40.50000 14 1.00000
242.5 40.50000 14 1.00000
242.6 40.50000 14 1.00000
242.7 40.50000 14 1.00000
242.8 40.50000 14 1.00000
242.9 40.50000 14 1.00000
243.0 40.50000 14 1.00000
243.1 40.50000 14 1.00000
243.2 40.50000 14 1.00000
243.3 40.50000 14 1.00000
243.4 40.50000 14 1.00000
243.5 40.50000 14 1.00000
243.6 40.50000 14 1.00000
243.7 40.50000 14 1.00000
243.8 40.50000 14 1.00000
243.9 40.50000 14 1.00000
244.0 40.50000 14 1.00000
244.1 40.50000 14 1.00000
244.2 40.50000 14 1.00000
244.3 40.50000 14 1.00000
244.4 40.50000 14 1.00000
244.5 40.50000 14 1.00000
244.6 40.50000 14 1.00000
244.7 40.50000 14 1.00000
244.8 40.50000 14 1.00000
244.9 40.50000 14 1.00000
245.0 40.50000 14 1.00000
245.1 40.50000 14 1.00000
245.2 40.50000 14 1.00000
245.3 40.50000 14 1.00000
245.4 40.50000 14 1.00000
245.5 40.50000 14 1.00000
245.6 40.50000 14 1.00000
245.7 40.50000 14 1.00000
245.8 40.50000 14 1.00000
245.9 40.50000 14 1.00000
246.0 40.50000 14 1.00000
246.1 40.50000 14 1.00000
246.2 40.50000 14 1.00000
246.3 40.50000 14 1.00000
246.4 40.50000 14 1.00000
246.5 40.50000 14 1.00000
246.6 40.50000 14 1.00000
246.7 40.50000 14 1.00000
246.8 40.50000 14 1.00000
246.9 40.50000 14 1.00000
247.0 40.50000 14 1.00000
247.1 40.50000 14 1.00000
247.2 40.50000 14 1.00000
247.3 40.50000 14 1.00000
247.4 40.50000 14 1.00000
247.5 40.50000 14 1.00000
247.6 40.50000 14 1.00000
247.7 40.50000 14 1.00000
247.8 40.50000 14 1.00000
247.9 40.50000 14 1.00000
248.0 40.50000 14 1.00000
248.1 40.50000 14 1.00000
248.2 40.50000 14 1.00000
248.3 40.50000 14 1.00000
248.4 40.50000 14 1.00000
248.5 40.50000 14 1.00000
248.6 40.50000 14 1.00000
248.7 40.50000 14 1.00000
248.8 40.50000 14 1.00000
248.9 40.50000 14 1.00000
249.0 40.50000 14 1.00000
249.1 40.50000 14 1.00000
249.2 40.50000 14 1.00000
249.3 40.50000 14 1.00000
249.4 40.50000 14 1.00000
249.5 40.50000 14 1.00000
249.6 40.50000 14 1.00000
249.7 40.50000 14 1.00000
249.8 40.50000 14 1.00000
249.9 40.50000 14 1.00000
250.0 40.50000 14 1.00000
