15.0 2.34101 13 0.10882
15.1 2.38522 13 0.11250
15.2 2.42984 13 0.11619
15.3 2.47486 13 0.11990
15.4 2.52703 14 0.12361
15.5 2.58852 14 0.12734
15.6 2.65114 14 0.13107
15.7 2.71636 14 0.13476
15.8 2.78139 14 0.13852
15.9 2.84759 14 0.14229
16.0 2.91497 14 0.14606
16.1 2.98354 14 0.14985
16.2 3.05332 14 0.15364
16.3 3.12431 14 0.15745
16.4 3.19653 14 0.16126
16.5 3.26999 14 0.16508
16.6 3.34470 14 0.16892
16.7 3.42067 14 0.17276
16.8 3.49792 14 0.17661
16.9 3.57644 14 0.18046
17.0 3.65627 14 0.18433
17.1 3.73740 14 0.18820
17.2 3.81986 14 0.19209
17.3 3.90364 14 0.19598
17.4 3.98690 14 0.19988
17.5 4.05957 14 0.20378
17.6 4.13303 14 0.20770
17.7 4.20728 14 0.21162
17.8 4.28232 14 0.21555
17.9 4.35816 14 0.21949
18.0 4.43479 14 0.22343
18.1 4.51221 14 0.22738
18.2 4.62725 14 0.23387
18.3 4.74530 14 0.24048
18.4 4.86546 14 0.24717
18.5 4.98776 14 0.25392
18.6 5.11222 14 0.26074
18.7 5.23887 14 0.26763
18.8 5.36773 14 0.27459
18.9 5.49884 14 0.28163
19.0 5.63220 14 0.28873
19.1 5.76785 14 0.29590
19.2 5.90582 14 0.30315
19.3 6.04613 14 0.31046
19.4 6.19598 14 0.31781
19.5 6.34133 14 0.32528
19.6 6.48912 14 0.33282
19.7 6.63935 14 0.34043
19.8 6.79207 14 0.34813
19.9 6.94730 14 0.35589
20.0 7.16463 14 0.36388
20.1 7.32422 14 0.37180
20.2 7.48639 14 0.37979
20.3 7.65118 14 0.38787
20.4 7.75727 14 0.39232
20.5 7.85268 14 0.39608
20.6 7.94889 14 0.39986
20.7 8.04590 14 0.40364
20.8 8.14372 14 0.40744
20.9 8.24235 14 0.41125
21.0 8.34179 14 0.41507
21.1 8.44205 14 0.41890
21.2 8.54313 14 0.42274
21.3 8.64503 14 0.42660
21.4 8.74775 14 0.43046
21.5 8.85130 14 0.43434
21.6 8.95568 14 0.43823
21.7 9.06089 14 0.44213
21.8 9.16694 14 0.44605
21.9 9.27383 14 0.44997
22.0 9.38155 14 0.45391
22.1 9.49012 14 0.45785
22.2 9.59954 14 0.46181
22.3 9.70981 14 0.46579
22.4 9.82093 14 0.46977
22.5 9.93290 14 0.47377
22.6 10.04573 14 0.47777
22.7 10.15943 14 0.48179
22.8 10.27399 14 0.48582
22.9 10.38942 14 0.48987
23.0 10.50571 14 0.49392
23.1 10.62288 14 0.49799
23.2 10.74093 14 0.50207
23.3 10.85986 14 0.50616
23.4 10.97967 14 0.51026
23.5 11.10036 14 0.51438
23.6 11.22194 14 0.51851
23.7 11.34442 14 0.52265
23.8 11.46779 14 0.52680
23.9 11.59206 14 0.53097
24.0 11.71723 14 0.53514
24.1 11.84330 14 0.53933
24.2 11.97028 14 0.54354
24.3 12.09817 14 0.54775
24.4 12.22697 14 0.55198
24.5 12.35669 14 0.55622
24.6 12.48733 14 0.56047
24.7 12.61890 14 0.56474
24.8 12.75139 14 0.56902
24.9 12.88480 14 0.57331
25.0 13.01916 14 0.57761
25.1 13.15444 14 0.58192
25.2 13.29067 14 0.58625
25.3 13.42784 14 0.59060
25.4 13.56595 14 0.59495
25.5 13.70502 14 0.59932
25.6 13.84503 14 0.60370
25.7 13.98600 14 0.60809
25.8 14.12793 14 0.61250
25.9 14.27082 14 0.61692
26.0 14.41468 14 0.62135
26.1 14.55951 14 0.62580
26.2 14.70531 14 0.63026
26.3 14.85208 14 0.63473
26.4 14.99984 14 0.63921
26.5 15.14857 14 0.64371
26.6 15.29829 14 0.64822
26.7 15.44898 14 0.65275
26.8 15.60044 14 0.65729
26.9 15.71727 14 0.66187
27.0 15.86994 14 0.66643
27.1 16.02377 14 0.67101
27.2 16.17860 14 0.67561
27.3 16.33444 14 0.68021
27.4 16.49130 14 0.68483
27.5 16.64911 14 0.68947
27.6 16.80794 14 0.69411
27.7 16.96778 14 0.69878
27.8 17.12803 14 0.70345
27.9 17.24878 14 0.70816
28.0 17.41100 14 0.71287
28.1 17.57421 14 0.71758
28.2 17.73838 14 0.72231
28.3 17.90359 14 0.72706
28.4 18.06996 14 0.73182
28.5 18.23726 14 0.73659
28.6 18.40490 14 0.74138
28.7 18.57394 14 0.74618
28.8 18.69772 14 0.75102
28.9 18.86834 14 0.75585
29.0 19.04000 14 0.76069
29.1 19.21271 14 0.76555
29.2 19.38647 14 0.77042
29.3 19.56148 14 0.77531
29.4 19.73670 14 0.78021
29.5 19.91319 14 0.78513
29.6 20.09073 14 0.79006
29.7 20.26932 14 0.79501
29.8 20.39623 14 0.79998
29.9 20.57650 14 0.80496
30.0 20.75784 14 0.80995
30.1 20.94025 14 0.81496
30.2 21.12372 14 0.81998
30.3 21.30748 14 0.82501
30.4 21.49263 14 0.83006
30.5 21.67884 14 0.83513
30.6 21.86613 14 0.84021
30.7 22.05450 14 0.84530
30.8 22.18384 14 0.85042
30.9 22.37388 14 0.85555
31.0 22.56502 14 0.86069
31.1 22.75659 14 0.86584
31.2 22.94944 14 0.87101
31.3 23.14340 14 0.87620
31.4 23.33836 14 0.88140
31.5 23.53441 14 0.88662
31.6 23.73156 14 0.89185
31.7 23.92981 14 0.89710
31.8 24.06073 14 0.90237
31.9 24.26064 14 0.90765
32.0 24.46167 14 0.91295
32.1 24.66272 14 0.91826
32.2 24.86530 14 0.92359
32.3 25.06909 14 0.92893
32.4 25.27394 14 0.93429
32.5 25.47992 14 0.93966
32.6 25.68700 14 0.94506
32.7 25.89521 14 0.95046
32.8 26.02668 14 0.95589
32.9 26.23649 14 0.96133
33.0 26.44734 14 0.96678
33.1 26.65789 14 0.97225
33.2 26.87037 14 0.97774
33.3 27.08425 14 0.98325
33.4 27.29906 14 0.98877
33.5 27.51501 14 0.99430
33.6 27.73209 14 0.99986
33.7 27.80614 14 1.00000
33.8 27.78867 14 1.00000
33.9 27.85855 14 1.00000
34.0 27.92833 14 1.00000
34.1 27.99657 14 1.00000
34.2 28.06552 14 1.00000
34.3 28.13474 14 1.00000
34.4 28.20358 14 1.00000
34.5 28.27225 14 1.00000
34.6 28.34083 14 1.00000
34.7 28.27668 14 1.00000
34.8 28.25131 14 1.00000
34.9 28.31975 14 1.00000
35.0 28.38809 14 1.00000
35.1 28.45508 14 1.00000
35.2 28.37734 14 1.00000
35.3 28.44530 14 1.00000
35.4 28.51321 14 1.00000
35.5 28.58073 14 1.00000
35.6 28.64797 14 1.00000
35.7 28.56842 14 1.00000
35.8 28.53478 14 1.00000
35.9 28.60196 14 1.00000
36.0 28.66912 14 1.00000
36.1 28.58750 14 1.00000
36.2 26.54101 14 1.00000
36.3 23.97470 14 1.00000
36.4 22.09495 14 1.00000
36.5 20.79665 14 1.00000
36.6 18.20471 14 1.00000
36.7 15.61897 14 1.00000
36.8 14.34130 14 1.00000
36.9 13.59236 14 1.00000
37.0 13.55659 14 1.00000
37.1 13.52428 14 1.00000
37.2 13.49672 14 1.00000
37.3 13.47502 14 1.00000
37.4 13.44342 14 1.00000
37.5 13.42020 14 1.00000
37.6 13.38589 14 1.00000
37.7 13.41807 14 1.00000
37.8 13.31429 14 1.00000
37.9 13.35841 14 1.00000
38.0 13.37425 14 1.00000
38.1 13.40863 14 1.00000
38.2 13.44316 14 1.00000
38.3 13.48650 14 1.00000
38.4 13.53070 14 1.00000
38.5 13.57493 14 1.00000
38.6 13.64241 14 1.00000
38.7 13.61485 14 1.00000
38.8 13.65912 14 1.00000
38.9 13.70341 14 1.00000
39.0 13.74773 14 1.00000
39.1 13.80817 14 1.00000
39.2 13.86729 14 1.00000
39.3 13.83220 14 1.00000
39.4 13.87658 14 1.00000
39.5 13.92500 14 1.00000
39.6 13.98488 14 1.00000
39.7 14.03731 14 1.00000
39.8 14.13644 14 1.00000
39.9 14.05021 14 1.00000
40.0 14.10472 14 1.00000
40.1 14.16216 14 1.00000
40.2 14.27209 14 1.00000
40.3 14.30900 14 1.00000
40.4 14.34549 14 1.00000
40.5 14.28482 14 1.00000
40.6 14.33955 14 1.00000
40.7 14.44439 14 1.00000
40.8 14.48158 14 1.00000
40.9 14.51677 14 1.00000
41.0 14.46481 14 1.00000
41.1 14.57949 14 1.00000
41.2 14.61669 14 1.00000
41.3 14.65332 14 1.00000
41.4 14.68811 14 1.00000
41.5 14.72331 14 1.00000
41.6 14.75223 14 1.00000
41.7 14.78895 14 1.00000
41.8 14.82417 14 1.00000
41.9 14.85923 14 1.00000
42.0 14.89441 14 1.00000
42.1 14.92424 14 1.00000
42.2 14.96030 14 1.00000
42.3 14.99516 14 1.00000
42.4 15.03024 14 1.00000
42.5 15.06523 14 1.00000
42.6 15.09623 14 1.00000
42.7 15.13078 14 1.00000
42.8 15.16590 14 1.00000
42.9 15.20097 14 1.00000
43.0 15.23211 14 1.00000
43.1 15.26651 14 1.00000
43.2 15.30156 14 1.00000
43.3 15.33659 14 1.00000
43.4 15.36677 14 1.00000
43.5 15.40200 14 1.00000
43.6 15.43694 14 1.00000
43.7 15.47194 14 1.00000
43.8 15.50208 14 1.00000
43.9 15.53725 14 1.00000
44.0 15.57218 14 1.00000
44.1 15.59972 14 1.00000
44.2 15.63722 14 1.00000
44.3 15.54294 14 1.00000
44.4 15.60136 14 1.00000
44.5 15.73452 14 1.00000
44.6 15.63132 14 1.00000
44.7 15.63554 14 1.00000
44.8 15.66768 14 1.00000
44.9 15.69776 14 1.00000
45.0 15.71530 14 1.00000
45.1 15.58955 14 1.00000
45.2 15.62258 14 1.00000
45.3 15.65499 14 1.00000
45.4 15.68741 14 1.00000
45.5 15.71952 14 1.00000
45.6 15.90549 14 1.00000
45.7 15.94107 14 1.00000
45.8 15.97683 14 1.00000
45.9 16.01473 14 1.00000
46.0 16.04942 14 1.00000
46.1 16.08214 14 1.00000
46.2 16.11568 14 1.00000
46.3 16.14930 14 1.00000
46.4 16.18288 14 1.00000
46.5 16.21646 14 1.00000
46.6 16.24928 14 1.00000
46.7 16.28229 14 1.00000
46.8 16.31484 14 1.00000
46.9 16.34974 14 1.00000
47.0 16.39547 14 1.00000
47.1 16.44120 14 1.00000
47.2 16.61279 14 1.00000
47.3 16.65053 14 1.00000
47.4 16.68781 14 1.00000
47.5 16.72087 14 1.00000
47.6 16.75451 14 1.00000
47.7 16.78881 14 1.00000
47.8 16.82274 14 1.00000
47.9 16.85663 14 1.00000
48.0 16.89000 14 1.00000
48.1 16.92335 14 1.00000
48.2 16.95643 14 1.00000
48.3 16.98903 14 1.00000
48.4 17.03144 14 1.00000
48.5 17.07732 14 1.00000
48.6 17.12320 14 1.00000
48.7 17.16911 14 1.00000
48.8 17.33396 14 1.00000
48.9 17.37108 14 1.00000
49.0 17.40626 14 1.00000
49.1 17.44016 14 1.00000
49.2 17.47476 14 1.00000
49.3 17.50885 14 1.00000
49.4 17.54325 14 1.00000
49.5 17.57731 14 1.00000
49.6 17.61105 14 1.00000
49.7 17.64440 14 1.00000
49.8 17.67723 14 1.00000
49.9 17.71552 14 1.00000
50.0 17.76163 14 1.00000
50.1 17.80774 14 1.00000
50.2 17.85385 14 1.00000
50.3 17.90469 14 1.00000
50.4 17.96980 14 1.00000
50.5 18.10362 14 1.00000
50.6 18.14089 14 1.00000
50.7 18.17478 14 1.00000
50.8 18.20988 14 1.00000
50.9 18.24450 14 1.00000
51.0 18.27930 14 1.00000
51.1 18.31376 14 1.00000
51.2 18.34781 14 1.00000
51.3 18.38154 14 1.00000
51.4 18.41471 14 1.00000
51.5 18.44896 14 1.00000
51.6 18.49528 14 1.00000
51.7 18.54162 14 1.00000
51.8 18.58796 14 1.00000
51.9 18.63431 14 1.00000
52.0 18.69940 14 1.00000
52.1 18.76416 14 1.00000
52.2 18.82224 14 1.00000
52.3 18.92490 14 1.00000
52.4 18.96038 14 1.00000
52.5 18.99567 14 1.00000
52.6 19.03071 14 1.00000
52.7 19.06568 14 1.00000
52.8 19.10079 14 1.00000
52.9 19.13536 14 1.00000
53.0 19.16941 14 1.00000
53.1 19.20327 14 1.00000
53.2 19.23672 14 1.00000
53.3 19.27861 14 1.00000
53.4 19.32514 14 1.00000
53.5 19.37168 14 1.00000
53.6 19.44235 14 1.00000
53.7 19.50238 14 1.00000
53.8 19.55718 14 1.00000
53.9 19.60792 14 1.00000
54.0 19.65491 14 1.00000
54.1 19.76192 14 1.00000
54.2 19.79842 14 1.00000
54.3 19.83375 14 1.00000
54.4 19.86952 14 1.00000
54.5 19.90496 14 1.00000
54.6 19.94036 14 1.00000
54.7 19.97545 14 1.00000
54.8 20.01003 14 1.00000
54.9 20.04442 14 1.00000
55.0 20.07813 14 1.00000
55.1 20.11275 14 1.00000
55.2 20.15854 14 1.00000
55.3 20.20527 14 1.00000
55.4 20.25201 14 1.00000
55.5 20.32066 14 1.00000
55.6 20.38147 14 1.00000
55.7 20.43747 14 1.00000
55.8 20.48922 14 1.00000
55.9 20.53733 14 1.00000
56.0 20.65411 14 1.00000
56.1 20.69080 14 1.00000
56.2 20.72597 14 1.00000
56.3 20.76240 14 1.00000
56.4 20.79817 14 1.00000
56.5 20.83406 14 1.00000
56.6 20.86959 14 1.00000
56.7 20.90519 14 1.00000
56.8 20.93943 14 1.00000
56.9 20.97439 14 1.00000
57.0 21.00816 14 1.00000
57.1 21.04322 14 1.00000
57.2 21.08885 14 1.00000
57.3 21.13576 14 1.00000
57.4 21.18267 14 1.00000
57.5 21.22961 14 1.00000
57.6 21.30037 14 1.00000
57.7 21.35911 14 1.00000
57.8 21.41032 14 1.00000
57.9 21.46019 14 1.00000
58.0 21.51399 14 1.00000
58.1 21.56041 14 1.00000
58.2 21.60888 14 1.00000
58.3 21.65572 14 1.00000
58.4 21.70243 14 1.00000
58.5 21.82666 14 1.00000
58.6 21.87464 14 1.00000
58.7 21.84214 14 1.00000
58.8 21.95719 14 1.00000
58.9 22.01170 14 1.00000
59.0 22.06319 14 1.00000
59.1 22.09170 14 1.00000
59.2 22.14923 14 1.00000
59.3 22.20623 14 1.00000
59.4 22.22937 14 1.00000
59.5 22.28821 14 1.00000
59.6 22.34736 14 1.00000
59.7 22.36800 14 1.00000
59.8 22.42853 14 1.00000
59.9 22.48791 14 1.00000
60.0 22.50424 14 1.00000
60.1 22.56734 14 1.00000
60.2 22.62843 14 1.00000
60.3 22.58813 14 1.00000
60.4 22.70457 14 1.00000
60.5 22.77005 14 1.00000
60.6 22.73017 14 1.00000
60.7 22.83899 14 1.00000
60.8 22.90479 14 1.00000
60.9 22.87062 14 1.00000
61.0 22.91287 14 1.00000
61.1 23.04032 14 1.00000
61.2 23.10521 14 1.00000
61.3 23.05595 14 1.00000
61.4 23.08919 14 1.00000
61.5 23.23946 14 1.00000
61.6 23.19774 14 1.00000
61.7 23.23672 14 1.00000
61.8 23.26170 14 1.00000
61.9 23.43438 14 1.00000
62.0 23.38301 14 1.00000
62.1 23.41598 14 1.00000
62.2 23.43088 14 1.00000
62.3 23.47737 14 1.00000
62.4 23.56696 14 1.00000
62.5 23.59363 14 1.00000
62.6 23.61875 14 1.00000
62.7 23.66532 14 1.00000
62.8 23.75300 14 1.00000
62.9 23.77888 14 1.00000
63.0 23.80684 14 1.00000
63.1 23.85341 14 1.00000
63.2 23.89996 14 1.00000
63.3 23.96677 14 1.00000
63.4 23.99514 14 1.00000
63.5 24.04072 14 1.00000
63.6 24.08420 14 1.00000
63.7 24.14955 14 1.00000
63.8 24.17330 14 1.00000
63.9 24.21685 14 1.00000
64.0 24.26035 14 1.00000
64.1 24.33362 14 1.00000
64.2 24.40697 14 1.00000
64.3 24.48518 14 1.00000
64.4 24.43694 14 1.00000
64.5 24.50952 14 1.00000
64.6 24.58230 14 1.00000
64.7 24.65702 14 1.00000
64.8 24.73007 14 1.00000
64.9 24.67787 14 1.00000
65.0 24.75049 14 1.00000
65.1 24.82628 14 1.00000
65.2 24.89703 14 1.00000
65.3 24.97068 14 1.00000
65.4 24.93242 14 1.00000
65.5 24.98897 14 1.00000
65.6 25.05921 14 1.00000
65.7 25.13101 14 1.00000
65.8 25.20377 14 1.00000
65.9 25.15725 14 1.00000
66.0 25.18974 14 1.00000
66.1 25.28903 14 1.00000
66.2 25.35880 14 1.00000
66.3 25.43153 14 1.00000
66.4 25.38202 14 1.00000
66.5 25.41490 14 1.00000
66.6 25.41437 14 1.00000
66.7 25.45833 14 1.00000
66.8 25.64977 14 1.00000
66.9 25.60652 14 1.00000
67.0 25.64399 14 1.00000
67.1 25.66423 14 1.00000
67.2 25.68171 14 1.00000
67.3 25.72573 14 1.00000
67.4 25.77554 14 1.00000
67.5 25.87561 14 1.00000
67.6 25.90653 14 1.00000
67.7 25.90560 14 1.00000
67.8 25.94979 14 1.00000
67.9 25.99396 14 1.00000
68.0 26.05114 14 1.00000
68.1 26.12996 14 1.00000
68.2 26.17766 14 1.00000
68.3 26.17449 14 1.00000
68.4 26.21870 14 1.00000
68.5 26.26300 14 1.00000
68.6 26.31730 14 1.00000
68.7 26.39412 14 1.00000
68.8 26.46975 14 1.00000
68.9 26.54074 14 1.00000
69.0 26.48856 14 1.00000
69.1 26.53297 14 1.00000
69.2 26.57737 14 1.00000
69.3 26.64637 14 1.00000
69.4 26.72282 14 1.00000
69.5 26.79435 14 1.00000
69.6 26.86668 14 1.00000
69.7 26.93658 14 1.00000
69.8 26.93029 14 1.00000
69.9 26.89288 14 1.00000
70.0 26.96303 14 1.00000
70.1 27.03540 14 1.00000
70.2 27.10808 14 1.00000
70.3 27.17753 14 1.00000
70.4 27.24706 14 1.00000
70.5 27.31717 14 1.00000
70.6 27.28377 14 1.00000
70.7 27.36232 14 1.00000
70.8 27.33757 14 1.00000
70.9 27.41092 14 1.00000
71.0 27.48177 14 1.00000
71.1 27.54943 14 1.00000
71.2 27.61796 14 1.00000
71.3 27.68555 14 1.00000
71.4 27.64931 14 1.00000
71.5 27.69489 14 1.00000
71.6 27.72998 14 1.00000
71.7 27.76428 14 1.00000
71.8 27.83747 14 1.00000
71.9 27.90676 14 1.00000
72.0 27.97289 14 1.00000
72.1 28.04059 14 1.00000
72.2 28.11158 14 1.00000
72.3 28.06398 14 1.00000
72.4 28.10591 14 1.00000
72.5 28.14031 14 1.00000
72.6 28.13582 14 1.00000
72.7 28.24717 14 1.00000
72.8 28.31697 14 1.00000
72.9 28.38078 14 1.00000
73.0 28.44981 14 1.00000
73.1 28.51373 14 1.00000
73.2 28.47696 14 1.00000
73.3 28.52577 14 1.00000
73.4 28.56442 14 1.00000
73.5 28.56618 14 1.00000
73.6 28.58612 14 1.00000
73.7 28.62159 14 1.00000
73.8 28.77649 14 1.00000
73.9 28.84154 14 1.00000
74.0 28.90767 14 1.00000
74.1 28.97423 14 1.00000
74.2 28.93777 14 1.00000
74.3 28.98694 14 1.00000
74.4 29.03245 14 1.00000
74.5 29.06606 14 1.00000
74.6 29.06924 14 1.00000
74.7 29.08743 14 1.00000
74.8 29.12636 14 1.00000
74.9 29.17263 14 1.00000
75.0 29.34711 14 1.00000
75.1 29.41462 14 1.00000
75.2 29.47920 14 1.00000
75.3 29.44490 14 1.00000
75.4 29.49673 14 1.00000
75.5 29.54455 14 1.00000
75.6 29.58649 14 1.00000
75.7 29.61984 14 1.00000
75.8 29.62503 14 1.00000
75.9 29.64094 14 1.00000
76.0 29.67957 14 1.00000
76.1 29.72529 14 1.00000
76.2 29.82346 14 1.00000
76.3 29.96265 14 1.00000
76.4 30.02470 14 1.00000
76.5 30.08718 14 1.00000
76.6 30.05195 14 1.00000
76.7 30.10627 14 1.00000
76.8 30.15269 14 1.00000
76.9 30.19188 14 1.00000
77.0 30.22958 14 1.00000
77.1 30.23887 14 1.00000
77.2 30.26371 14 1.00000
77.3 30.28204 14 1.00000
77.4 30.32800 14 1.00000
77.5 30.37398 14 1.00000
77.6 30.51873 14 1.00000
77.7 30.61225 14 1.00000
77.8 30.67833 14 1.00000
77.9 30.74054 14 1.00000
78.0 30.70493 14 1.00000
78.1 30.75995 14 1.00000
78.2 30.80807 14 1.00000
78.3 30.85336 14 1.00000
78.4 30.89241 14 1.00000
78.5 30.90622 14 1.00000
78.6 30.94514 14 1.00000
78.7 30.97387 14 1.00000
78.8 30.99445 14 1.00000
78.9 31.02715 14 1.00000
79.0 31.10692 14 1.00000
79.1 31.25806 14 1.00000
79.2 31.30122 14 1.00000
79.3 31.36391 14 1.00000
79.4 31.42567 14 1.00000
79.5 31.48738 14 1.00000
79.6 31.54810 14 1.00000
79.7 31.51130 14 1.00000
79.8 31.56418 14 1.00000
79.9 31.61329 14 1.00000
80.0 31.65792 14 1.00000
80.1 31.70033 14 1.00000
80.2 31.73929 14 1.00000
80.3 31.75236 14 1.00000
80.4 31.78921 14 1.00000
80.5 31.81655 14 1.00000
80.6 31.83418 14 1.00000
80.7 31.98241 14 1.00000
80.8 32.01228 14 1.00000
80.9 32.07296 14 1.00000
81.0 32.13356 14 1.00000
81.1 32.19763 14 1.00000
81.2 32.25439 14 1.00000
81.3 32.31963 14 1.00000
81.4 32.38176 14 1.00000
81.5 32.44170 14 1.00000
81.6 32.40999 14 1.00000
81.7 32.46326 14 1.00000
81.8 32.51054 14 1.00000
81.9 32.56252 14 1.00000
82.0 32.60854 14 1.00000
82.1 32.65467 14 1.00000
82.2 32.69425 14 1.00000
82.3 32.71058 14 1.00000
82.4 32.75123 14 1.00000
82.5 32.80259 14 1.00000
82.6 32.96062 14 1.00000
82.7 32.87228 14 1.00000
82.8 32.93076 14 1.00000
82.9 32.99518 14 1.00000
83.0 33.05582 14 1.00000
83.1 33.11459 14 1.00000
83.2 33.17321 14 1.00000
83.3 33.23254 14 1.00000
83.4 33.29317 14 1.00000
83.5 33.34984 14 1.00000
83.6 33.41199 14 1.00000
83.7 33.46867 14 1.00000
83.8 33.52778 14 1.00000
83.9 33.59171 14 1.00000
84.0 33.55459 14 1.00000
84.1 33.60760 14 1.00000
84.2 33.66455 14 1.00000
84.3 33.71040 14 1.00000
84.4 33.75782 14 1.00000
84.5 33.80691 14 1.00000
84.6 33.87707 14 1.00000
84.7 33.79532 14 1.00000
84.8 33.82117 14 1.00000
84.9 33.86282 14 1.00000
85.0 33.91157 14 1.00000
85.1 33.96791 14 1.00000
85.2 34.02933 14 1.00000
85.3 34.09357 14 1.00000
85.4 34.15599 14 1.00000
85.5 34.21706 14 1.00000
85.6 34.27346 14 1.00000
85.7 34.33592 14 1.00000
85.8 34.39574 14 1.00000
85.9 34.45257 14 1.00000
86.0 34.51173 14 1.00000
86.1 34.57164 14 1.00000
86.2 34.62521 14 1.00000
86.3 34.68610 14 1.00000
86.4 34.74103 14 1.00000
86.5 34.80077 14 1.00000
86.6 34.79563 14 1.00000
86.7 34.83114 14 1.00000
86.8 34.92408 14 1.00000
86.9 34.97151 14 1.00000
87.0 35.01965 14 1.00000
87.1 35.06921 14 1.00000
87.2 35.11573 14 1.00000
87.3 35.15740 14 1.00000
87.4 35.18231 14 1.00000
87.5 35.23085 14 1.00000
87.6 35.27185 14 1.00000
87.7 35.31708 14 1.00000
87.8 35.35826 14 1.00000
87.9 35.39954 14 1.00000
88.0 35.43839 14 1.00000
88.1 35.47502 14 1.00000
88.2 35.51161 14 1.00000
88.3 35.54328 14 1.00000
88.4 35.57075 14 1.00000
88.5 35.60167 14 1.00000
88.6 35.64540 14 1.00000
88.7 35.70103 14 1.00000
88.8 35.75788 14 1.00000
88.9 35.81842 14 1.00000
89.0 35.87887 14 1.00000
89.1 35.93899 14 1.00000
89.2 35.99858 14 1.00000
89.3 36.03964 14 1.00000
89.4 36.05791 14 1.00000
89.5 36.24254 14 1.00000
89.6 36.29296 14 1.00000
89.7 36.34809 14 1.00000
89.8 36.40309 14 1.00000
89.9 36.45830 14 1.00000
90.0 36.51302 14 1.00000
90.1 36.56919 14 1.00000
90.2 36.62391 14 1.00000
90.3 36.67911 14 1.00000
90.4 36.73262 14 1.00000
90.5 36.78630 14 1.00000
90.6 36.84229 14 1.00000
90.7 36.81115 14 1.00000
90.8 36.85909 14 1.00000
90.9 36.91714 14 1.00000
91.0 36.96527 14 1.00000
91.1 37.02056 14 1.00000
91.2 37.07320 14 1.00000
91.3 37.11760 14 1.00000
91.4 37.17430 14 1.00000
91.5 37.22739 14 1.00000
91.6 37.25421 14 1.00000
91.7 37.31192 14 1.00000
91.8 37.30924 14 1.00000
91.9 37.28355 14 1.00000
92.0 37.41881 14 1.00000
92.1 37.49224 14 1.00000
92.2 37.53551 14 1.00000
92.3 37.58056 14 1.00000
92.4 37.63015 14 1.00000
92.5 37.67050 14 1.00000
92.6 37.71751 14 1.00000
92.7 37.76287 14 1.00000
92.8 37.79951 14 1.00000
92.9 37.84998 14 1.00000
93.0 37.89028 14 1.00000
93.1 37.92892 14 1.00000
93.2 37.97429 14 1.00000
93.3 38.01580 14 1.00000
93.4 38.05492 14 1.00000
93.5 38.09318 14 1.00000
93.6 38.13042 14 1.00000
93.7 38.16748 14 1.00000
93.8 38.20475 14 1.00000
93.9 38.24962 14 1.00000
94.0 38.30293 14 1.00000
94.1 38.35680 14 1.00000
94.2 38.41229 14 1.00000
94.3 38.46941 14 1.00000
94.4 38.52537 14 1.00000
94.5 38.58231 14 1.00000
94.6 38.64122 14 1.00000
94.7 38.68604 14 1.00000
94.8 38.73610 14 1.00000
94.9 38.78721 14 1.00000
95.0 38.83809 14 1.00000
95.1 38.88900 14 1.00000
95.2 38.93972 14 1.00000
95.3 38.99044 14 1.00000
95.4 39.04137 14 1.00000
95.5 39.09789 14 1.00000
95.6 39.19096 14 1.00000
95.7 39.28654 14 1.00000
95.8 39.31385 14 1.00000
95.9 39.34254 14 1.00000
96.0 39.43993 14 1.00000
96.1 39.46965 14 1.00000
96.2 39.50134 14 1.00000
96.3 39.53459 14 1.00000
96.4 39.59830 14 1.00000
96.5 39.68720 14 1.00000
96.6 39.77633 14 1.00000
96.7 39.86534 14 1.00000
96.8 39.95453 14 1.00000
96.9 40.04357 14 1.00000
97.0 40.13288 14 1.00000
97.1 40.22198 14 1.00000
97.2 40.31141 14 1.00000
97.3 40.40057 14 1.00000
97.4 40.49001 14 1.00000
97.5 40.57919 14 1.00000
97.6 40.66869 14 1.00000
97.7 40.75803 14 1.00000
97.8 40.84755 14 1.00000
97.9 40.93695 14 1.00000
98.0 41.02628 14 1.00000
98.1 41.11599 14 1.00000
98.2 41.20538 14 1.00000
98.3 41.29508 14 1.00000
98.4 41.38463 14 1.00000
98.5 41.47435 14 1.00000
98.6 41.56390 14 1.00000
98.7 41.65377 14 1.00000
98.8 40.50000 14 1.00000
98.9 40.50000 14 1.00000
99.0 40.50000 14 1.00000
99.1 40.50000 14 1.00000
99.2 40.50000 14 1.00000
99.3 40.50000 14 1.00000
99.4 40.50000 14 1.00000
99.5 40.50000 14 1.00000
99.6 40.50000 14 1.00000
99.7 40.50000 14 1.00000
99.8 40.50000 14 1.00000
99.9 40.50000 14 1.00000
100.0 40.50000 14 1.00000
100.1 40.50000 14 1.00000
100.2 40.50000 14 1.00000
100.3 40.50000 14 1.00000
100.4 40.50000 14 1.00000
100.5 40.50000 14 1.00000
100.6 40.50000 14 1.00000
100.7 40.50000 14 1.00000
100.8 40.50000 14 1.00000
100.9 40.50000 14 1.00000
101.0 40.50000 14 1.00000
101.1 40.50000 14 1.00000
101.2 40.50000 14 1.00000
101.3 40.50000 14 1.00000
101.4 40.50000 14 1.00000
101.5 40.50000 14 1.00000
101.6 40.50000 14 1.00000
101.7 40.50000 14 1.00000
101.8 40.50000 14 1.00000
101.9 40.50000 14 1.00000
102.0 40.50000 14 1.00000
102.1 40.50000 14 1.00000
102.2 40.50000 14 1.00000
102.3 40.50000 14 1.00000
102.4 40.50000 14 1.00000
102.5 40.50000 14 1.00000
102.6 40.50000 14 1.00000
102.7 40.50000 14 1.00000
102.8 40.50000 14 1.00000
102.9 40.50000 14 1.00000
103.0 40.50000 14 1.00000
103.1 40.50000 14 1.00000
103.2 40.50000 14 1.00000
103.3 40.50000 14 1.00000
103.4 40.50000 14 1.00000
103.5 40.50000 14 1.00000
103.6 40.50000 14 1.00000
103.7 40.50000 14 1.00000
103.8 40.50000 14 1.00000
103.9 40.50000 14 1.00000
104.0 40.50000 14 1.00000
104.1 40.50000 14 1.00000
104.2 40.50000 14 1.00000
104.3 40.50000 14 1.00000
104.4 40.50000 14 1.00000
104.5 40.50000 14 1.00000
104.6 40.50000 14 1.00000
104.7 40.50000 14 1.00000
104.8 40.50000 14 1.00000
104.9 40.50000 14 1.00000
105.0 40.50000 14 1.00000
105.1 40.50000 14 1.00000
105.2 40.50000 14 1.00000
105.3 40.50000 14 1.00000
105.4 40.50000 14 1.00000
105.5 40.50000 14 1.00000
105.6 40.50000 14 1.00000
105.7 40.50000 14 1.00000
105.8 40.50000 14 1.00000
105.9 40.50000 14 1.00000
106.0 40.50000 14 1.00000
106.1 40.50000 14 1.00000
106.2 40.50000 14 1.00000
106.3 40.50000 14 1.00000
106.4 40.50000 14 1.00000
106.5 40.50000 14 1.00000
106.6 40.50000 14 1.00000
106.7 40.50000 14 1.00000
106.8 40.50000 14 1.00000
106.9 40.50000 14 1.00000
107.0 40.50000 14 1.00000
107.1 40.50000 14 1.00000
107.2 40.50000 14 1.00000
107.3 40.50000 14 1.00000
107.4 40.50000 14 1.00000
107.5 40.50000 14 1.00000
107.6 40.50000 14 1.00000
107.7 40.50000 14 1.00000
107.8 40.50000 14 1.00000
107.9 40.50000 14 1.00000
108.0 40.50000 14 1.00000
108.1 40.50000 14 1.00000
108.2 40.50000 14 1.00000
108.3 40.50000 14 1.00000
108.4 40.50000 14 1.00000
108.5 40.50000 14 1.00000
108.6 40.50000 14 1.00000
108.7 40.50000 14 1.00000
108.8 40.50000 14 1.00000
108.9 40.50000 14 1.00000
109.0 40.50000 14 1.00000
109.1 40.50000 14 1.00000
109.2 40.50000 14 1.00000
109.3 40.50000 14 1.00000
109.4 40.50000 14 1.00000
109.5 40.50000 14 1.00000
109.6 40.50000 14 1.00000
109.7 40.50000 14 1.00000
109.8 40.50000 14 1.00000
109.9 40.50000 14 1.00000
110.0 40.50000 14 1.00000
110.1 40.50000 14 1.00000
110.2 40.50000 14 1.00000
110.3 40.50000 14 1.00000
110.4 40.50000 14 1.00000
110.5 40.50000 14 1.00000
110.6 40.50000 14 1.00000
110.7 40.50000 14 1.00000
110.8 40.50000 14 1.00000
110.9 40.50000 14 1.00000
111.0 40.50000 14 1.00000
111.1 40.50000 14 1.00000
111.2 40.50000 14 1.00000
111.3 40.50000 14 1.00000
111.4 40.50000 14 1.00000
111.5 40.50000 14 1.00000
111.6 40.50000 14 1.00000
111.7 40.50000 14 1.00000
111.8 40.50000 14 1.00000
111.9 40.50000 14 1.00000
112.0 40.50000 14 1.00000
112.1 40.50000 14 1.00000
112.2 40.50000 14 1.00000
112.3 40.50000 14 1.00000
112.4 40.50000 14 1.00000
112.5 40.50000 14 1.00000
112.6 40.50000 14 1.00000
112.7 40.50000 14 1.00000
112.8 40.50000 14 1.00000
112.9 40.50000 14 1.00000
113.0 40.50000 14 1.00000
113.1 40.50000 14 1.00000
113.2 40.50000 14 1.00000
113.3 40.50000 14 1.00000
113.4 40.50000 14 1.00000
113.5 40.50000 14 1.00000
113.6 40.50000 14 1.00000
113.7 40.50000 14 1.00000
113.8 40.50000 14 1.00000
113.9 40.50000 14 1.00000
114.0 40.50000 14 1.00000
114.1 40.50000 14 1.00000
114.2 40.50000 14 1.00000
114.3 40.50000 14 1.00000
114.4 40.50000 14 1.00000
114.5 40.50000 14 1.00000
114.6 40.50000 14 1.00000
114.7 40.50000 14 1.00000
114.8 40.50000 14 1.00000
114.9 40.50000 14 1.00000
115.0 40.50000 14 1.00000
115.1 40.50000 14 1.00000
115.2 40.50000 14 1.00000
115.3 40.50000 14 1.00000
115.4 40.50000 14 1.00000
115.5 40.50000 14 1.00000
115.6 40.50000 14 1.00000
115.7 40.50000 14 1.00000
115.8 40.50000 14 1.00000
115.9 40.50000 14 1.00000
116.0 40.50000 14 1.00000
116.1 40.50000 14 1.00000
116.2 40.50000 14 1.00000
116.3 40.50000 14 1.00000
116.4 40.50000 14 1.00000
116.5 40.50000 14 1.00000
116.6 40.50000 14 1.00000
116.7 40.50000 14 1.00000
116.8 40.50000 14 1.00000
116.9 40.50000 14 1.00000
117.0 40.50000 14 1.00000
117.1 40.50000 14 1.00000
117.2 40.50000 14 1.00000
117.3 40.50000 14 1.00000
117.4 40.50000 14 1.00000
117.5 40.50000 14 1.00000
117.6 40.50000 14 1.00000
117.7 40.50000 14 1.00000
117.8 40.50000 14 1.00000
117.9 40.50000 14 1.00000
118.0 40.50000 14 1.00000
118.1 40.50000 14 1.00000
118.2 40.50000 14 1.00000
118.3 40.50000 14 1.00000
118.4 40.50000 14 1.00000
118.5 40.50000 14 1.00000
118.6 40.50000 14 1.00000
118.7 40.50000 14 1.00000
118.8 40.50000 14 1.00000
118.9 40.50000 14 1.00000
119.0 40.50000 14 1.00000
119.1 40.50000 14 1.00000
119.2 40.50000 14 1.00000
119.3 40.50000 14 1.00000
119.4 40.50000 14 1.00000
119.5 40.50000 14 1.00000
119.6 40.50000 14 1.00000
119.7 40.50000 14 1.00000
119.8 40.50000 14 1.00000
119.9 40.50000 14 1.00000
120.0 40.50000 14 1.00000
120.1 40.50000 14 1.00000
120.2 40.50000 14 1.00000
120.3 40.50000 14 1.00000
120.4 40.50000 14 1.00000
120.5 40.50000 14 1.00000
120.6 40.50000 14 1.00000
120.7 40.50000 14 1.00000
120.8 40.50000 14 1.00000
120.9 40.50000 14 1.00000
121.0 40.50000 14 1.00000
121.1 40.50000 14 1.00000
121.2 40.50000 14 1.00000
121.3 40.50000 14 1.00000
121.4 40.50000 14 1.00000
121.5 40.50000 14 1.00000
121.6 40.50000 14 1.00000
121.7 40.50000 14 1.00000
121.8 40.50000 14 1.00000
121.9 40.50000 14 1.00000
122.0 40.50000 14 1.00000
122.1 40.50000 14 1.00000
122.2 40.50000 14 1.00000
122.3 40.50000 14 1.00000
122.4 40.50000 14 1.00000
122.5 40.50000 14 1.00000
122.6 40.50000 14 1.00000
122.7 40.50000 14 1.00000
122.8 40.50000 14 1.00000
122.9 40.50000 14 1.00000
123.0 40.50000 14 1.00000
123.1 40.50000 14 1.00000
123.2 40.50000 14 1.00000
123.3 40.50000 14 1.00000
123.4 40.50000 14 1.00000
123.5 40.50000 14 1.00000
123.6 40.50000 14 1.00000
123.7 40.50000 14 1.00000
123.8 40.50000 14 1.00000
123.9 40.50000 14 1.00000
124.0 40.50000 14 1.00000
124.1 40.50000 14 1.00000
124.2 40.50000 14 1.00000
124.3 40.50000 14 1.00000
124.4 40.50000 14 1.00000
124.5 40.50000 14 1.00000
124.6 40.50000 14 1.00000
124.7 40.50000 14 1.00000
124.8 40.50000 14 1.00000
124.9 40.50000 14 1.00000
125.0 40.50000 14 1.00000
125.1 40.50000 14 1.00000
125.2 40.50000 14 1.00000
125.3 40.50000 14 1.00000
125.4 40.50000 14 1.00000
125.5 40.50000 14 1.00000
125.6 40.50000 14 1.00000
125.7 40.50000 14 1.00000
125.8 40.50000 14 1.00000
125.9 40.50000 14 1.00000
126.0 40.50000 14 1.00000
126.1 40.50000 14 1.00000
126.2 40.50000 14 1.00000
126.3 40.50000 14 1.00000
126.4 40.50000 14 1.00000
126.5 40.50000 14 1.00000
126.6 40.50000 14 1.00000
126.7 40.50000 14 1.00000
126.8 40.50000 14 1.00000
126.9 40.50000 14 1.00000
127.0 40.50000 14 1.00000
127.1 40.50000 14 1.00000
127.2 40.50000 14 1.00000
127.3 40.50000 14 1.00000
127.4 40.50000 14 1.00000
127.5 40.50000 14 1.00000
127.6 40.50000 14 1.00000
127.7 40.50000 14 1.00000
127.8 40.50000 14 1.00000
127.9 40.50000 14 1.00000
128.0 40.50000 14 1.00000
128.1 40.50000 14 1.00000
128.2 40.50000 14 1.00000
128.3 40.50000 14 1.00000
128.4 40.50000 14 1.00000
128.5 40.50000 14 1.00000
128.6 40.50000 14 1.00000
128.7 40.50000 14 1.00000
128.8 40.50000 14 1.00000
128.9 40.50000 14 1.00000
129.0 40.50000 14 1.00000
129.1 40.50000 14 1.00000
129.2 40.50000 14 1.00000
129.3 40.50000 14 1.00000
129.4 40.50000 14 1.00000
129.5 40.50000 14 1.00000
129.6 40.50000 14 1.00000
129.7 40.50000 14 1.00000
129.8 40.50000 14 1.00000
129.9 40.50000 14 1.00000
130.0 40.50000 14 1.00000
130.1 40.50000 14 1.00000
130.2 40.50000 14 1.00000
130.3 40.50000 14 1.00000
130.4 40.50000 14 1.00000
130.5 40.50000 14 1.00000
130.6 40.50000 14 1.00000
130.7 40.50000 14 1.00000
130.8 40.50000 14 1.00000
130.9 40.50000 14 1.00000
131.0 40.50000 14 1.00000
131.1 40.50000 14 1.00000
131.2 40.50000 14 1.00000
131.3 40.50000 14 1.00000
131.4 40.50000 14 1.00000
131.5 40.50000 14 1.00000
131.6 40.50000 14 1.00000
131.7 40.50000 14 1.00000
131.8 40.50000 14 1.00000
131.9 40.50000 14 1.00000
132.0 40.50000 14 1.00000
132.1 40.50000 14 1.00000
132.2 40.50000 14 1.00000
132.3 40.50000 14 1.00000
132.4 40.50000 14 1.00000
132.5 40.50000 14 1.00000
132.6 40.50000 14 1.00000
132.7 40.50000 14 1.00000
132.8 40.50000 14 1.00000
132.9 40.50000 14 1.00000
133.0 40.50000 14 1.00000
133.1 40.50000 14 1.00000
133.2 40.50000 14 1.00000
133.3 40.50000 14 1.00000
133.4 40.50000 14 1.00000
133.5 40.50000 14 1.00000
133.6 40.50000 14 1.00000
133.7 40.50000 14 1.00000
133.8 40.50000 14 1.00000
133.9 40.50000 14 1.00000
134.0 40.50000 14 1.00000
134.1 40.50000 14 1.00000
134.2 40.50000 14 1.00000
134.3 40.50000 14 1.00000
134.4 40.50000 14 1.00000
134.5 40.50000 14 1.00000
134.6 40.50000 14 1.00000
134.7 40.50000 14 1.00000
134.8 40.50000 14 1.00000
134.9 40.50000 14 1.00000
135.0 40.50000 14 1.00000
135.1 40.50000 14 1.00000
135.2 40.50000 14 1.00000
135.3 40.50000 14 1.00000
135.4 40.50000 14 1.00000
135.5 40.50000 14 1.00000
135.6 40.50000 14 1.00000
135.7 40.50000 14 1.00000
135.8 40.50000 14 1.00000
135.9 40.50000 14 1.00000
136.0 40.50000 14 1.00000
136.1 40.50000 14 1.00000
136.2 40.50000 14 1.00000
136.3 40.50000 14 1.00000
136.4 40.50000 14 1.00000
136.5 40.50000 14 1.00000
136.6 40.50000 14 1.00000
136.7 40.50000 14 1.00000
136.8 40.50000 14 1.00000
136.9 40.50000 14 1.00000
137.0 40.50000 14 1.00000
137.1 40.50000 14 1.00000
137.2 40.50000 14 1.00000
137.3 40.50000 14 1.00000
137.4 40.50000 14 1.00000
137.5 40.50000 14 1.00000
137.6 40.50000 14 1.00000
137.7 40.50000 14 1.00000
137.8 40.50000 14 1.00000
137.9 40.50000 14 1.00000
138.0 40.50000 14 1.00000
138.1 40.50000 14 1.00000
138.2 40.50000 14 1.00000
138.3 40.50000 14 1.00000
138.4 40.50000 14 1.00000
138.5 40.50000 14 1.00000
138.6 40.50000 14 1.00000
138.7 40.50000 14 1.00000
138.8 40.50000 14 1.00000
138.9 40.50000 14 1.00000
139.0 40.50000 14 1.00000
139.1 40.50000 14 1.00000
139.2 40.50000 14 1.00000
139.3 40.50000 14 1.00000
139.4 40.50000 14 1.00000
139.5 40.50000 14 1.00000
139.6 40.50000 14 1.00000
139.7 40.50000 14 1.00000
139.8 40.50000 14 1.00000
139.9 40.50000 14 1.00000
140.0 40.50000 14 1.00000
140.1 40.50000 14 1.00000
140.2 40.50000 14 1.00000
140.3 40.50000 14 1.00000
140.4 40.50000 14 1.00000
140.5 40.50000 14 1.00000
140.6 40.50000 14 1.00000
140.7 40.50000 14 1.00000
140.8 40.50000 14 1.00000
140.9 40.50000 14 1.00000
141.0 40.50000 14 1.00000
141.1 40.50000 14 1.00000
141.2 40.50000 14 1.00000
141.3 40.50000 14 1.00000
141.4 40.50000 14 1.00000
141.5 40.50000 14 1.00000
141.6 40.50000 14 1.00000
141.7 40.50000 14 1.00000
141.8 40.50000 14 1.00000
141.9 40.50000 14 1.00000
142.0 40.50000 14 1.00000
142.1 40.50000 14 1.00000
142.2 40.50000 14 1.00000
142.3 40.50000 14 1.00000
142.4 40.50000 14 1.00000
142.5 40.50000 14 1.00000
142.6 40.50000 14 1.00000
142.7 40.50000 14 1.00000
142.8 40.50000 14 1.00000
142.9 40.50000 14 1.00000
143.0 40.50000 14 1.00000
143.1 40.50000 14 1.00000
143.2 40.50000 14 1.00000
143.3 40.50000 14 1.00000
143.4 40.50000 14 1.00000
143.5 40.50000 14 1.00000
143.6 40.50000 14 1.00000
143.7 40.50000 14 1.00000
143.8 40.50000 14 1.00000
143.9 40.50000 14 1.00000
144.0 40.50000 14 1.00000
144.1 40.50000 14 1.00000
144.2 40.50000 14 1.00000
144.3 40.50000 14 1.00000
144.4 40.50000 14 1.00000
144.5 40.50000 14 1.00000
144.6 40.50000 14 1.00000
144.7 40.50000 14 1.00000
144.8 40.50000 14 1.00000
144.9 40.50000 14 1.00000
145.0 40.50000 14 1.00000
145.1 40.50000 14 1.00000
145.2 40.50000 14 1.00000
145.3 40.50000 14 1.00000
145.4 40.50000 14 1.00000
145.5 40.50000 14 1.00000
145.6 40.50000 14 1.00000
145.7 40.50000 14 1.00000
145.8 40.50000 14 1.00000
145.9 40.50000 14 1.00000
146.0 40.50000 14 1.00000
146.1 40.50000 14 1.00000
146.2 40.50000 14 1.00000
146.3 40.50000 14 1.00000
146.4 40.50000 14 1.00000
146.5 40.50000 14 1.00000
146.6 40.50000 14 1.00000
146.7 40.50000 14 1.00000
146.8 40.50000 14 1.00000
146.9 40.50000 14 1.00000
147.0 40.50000 14 1.00000
147.1 40.50000 14 1.00000
147.2 40.50000 14 1.00000
147.3 40.50000 14 1.00000
147.4 40.50000 14 1.00000
147.5 40.50000 14 1.00000
147.6 40.50000 14 1.00000
147.7 40.50000 14 1.00000
147.8 40.50000 14 1.00000
147.9 40.50000 14 1.00000
148.0 40.50000 14 1.00000
148.1 40.50000 14 1.00000
148.2 40.50000 14 1.00000
148.3 40.50000 14 1.00000
148.4 40.50000 14 1.00000
148.5 40.50000 14 1.00000
148.6 40.50000 14 1.00000
148.7 40.50000 14 1.00000
148.8 40.50000 14 1.00000
148.9 40.50000 14 1.00000
149.0 40.50000 14 1.00000
149.1 40.50000 14 1.00000
149.2 40.50000 14 1.00000
149.3 40.50000 14 1.00000
149.4 40.50000 14 1.00000
149.5 40.50000 14 1.00000
149.6 40.50000 14 1.00000
149.7 40.50000 14 1.00000
149.8 40.50000 14 1.00000
149.9 40.50000 14 1.00000
150.0 40.50000 14 1.00000
150.1 40.50000 14 1.00000
150.2 40.50000 14 1.00000
150.3 40.50000 14 1.00000
150.4 40.50000 14 1.00000
150.5 40.50000 14 1.00000
150.6 40.50000 14 1.00000
150.7 40.50000 14 1.00000
150.8 40.50000 14 1.00000
150.9 40.50000 14 1.00000
151.0 40.50000 14 1.00000
151.1 40.50000 14 1.00000
151.2 40.50000 14 1.00000
151.3 40.50000 14 1.00000
151.4 40.50000 14 1.00000
151.5 40.50000 14 1.00000
151.6 40.50000 14 1.00000
151.7 40.50000 14 1.00000
151.8 40.50000 14 1.00000
151.9 40.50000 14 1.00000
152.0 40.50000 14 1.00000
152.1 40.50000 14 1.00000
152.2 40.50000 14 1.00000
152.3 40.50000 14 1.00000
152.4 40.50000 14 1.00000
152.5 40.50000 14 1.00000
152.6 40.50000 14 1.00000
152.7 40.50000 14 1.00000
152.8 40.50000 14 1.00000
152.9 40.50000 14 1.00000
153.0 40.50000 14 1.00000
153.1 40.50000 14 1.00000
153.2 40.50000 14 1.00000
153.3 40.50000 14 1.00000
153.4 40.50000 14 1.00000
153.5 40.50000 14 1.00000
153.6 40.50000 14 1.00000
153.7 40.50000 14 1.00000
153.8 40.50000 14 1.00000
153.9 40.50000 14 1.00000
154.0 40.50000 14 1.00000
154.1 40.50000 14 1.00000
154.2 40.50000 14 1.00000
154.3 40.50000 14 1.00000
154.4 40.50000 14 1.00000
154.5 40.50000 14 1.00000
154.6 40.50000 14 1.00000
154.7 40.50000 14 1.00000
154.8 40.50000 14 1.00000
154.9 40.50000 14 1.00000
155.0 40.50000 14 1.00000
155.1 40.50000 14 1.00000
155.2 40.50000 14 1.00000
155.3 40.50000 14 1.00000
155.4 40.50000 14 1.00000
155.5 40.50000 14 1.00000
155.6 40.50000 14 1.00000
155.7 40.50000 14 1.00000
155.8 40.50000 14 1.00000
155.9 40.50000 14 1.00000
156.0 40.50000 14 1.00000
156.1 40.50000 14 1.00000
156.2 40.50000 14 1.00000
156.3 40.50000 14 1.00000
156.4 40.50000 14 1.00000
156.5 40.50000 14 1.00000
156.6 40.50000 14 1.00000
156.7 40.50000 14 1.00000
156.8 40.50000 14 1.00000
156.9 40.50000 14 1.00000
157.0 40.50000 14 1.00000
157.1 40.50000 14 1.00000
157.2 40.50000 14 1.00000
157.3 40.50000 14 1.00000
157.4 40.50000 14 1.00000
157.5 40.50000 14 1.00000
157.6 40.50000 14 1.00000
157.7 0.00000 15 0.00000
157.8 0.00000 15 0.00000
157.9 40.50000 14 1.00000
158.0 40.50000 14 1.00000
158.1 40.50000 14 1.00000
158.2 0.00000 15 0.00000
158.3 0.00000 15 0.00000
158.4 0.00000 15 0.00000
158.5 40.50000 14 1.00000
158.6 40.50000 14 1.00000
158.7 0.00000 15 0.00000
158.8 0.00000 15 0.00000
158.9 0.00000 15 0.00000
159.0 0.00000 15 0.00000
159.1 0.00000 15 0.00000
159.2 0.00000 15 0.00000
159.3 0.00000 15 0.00000
159.4 0.00000 15 0.00000
159.5 0.00000 15 0.00000
159.6 0.00000 15 0.00000
159.7 0.00000 15 0.00000
159.8 0.00000 15 0.00000
159.9 0.00000 15 0.00000
160.0 0.00000 15 0.00000
160.1 0.00000 15 0.00000
160.2 0.00000 15 0.00000
160.3 0.00000 15 0.00000
160.4 0.00000 15 0.00000
160.5 0.00000 15 0.00000
160.6 0.00000 15 0.00000
160.7 0.00000 15 0.00000
160.8 0.00000 15 0.00000
160.9 0.00000 15 0.00000
161.0 0.00000 15 0.00000
161.1 0.00000 15 0.00000
161.2 0.00000 15 0.00000
161.3 0.00000 15 0.00000
161.4 0.00000 15 0.00000
161.5 0.00000 15 0.00000
161.6 0.00000 15 0.00000
161.7 0.00000 15 0.00000
161.8 0.00000 15 0.00000
161.9 0.00000 15 0.00000
162.0 0.00000 15 0.00000
162.1 0.00000 15 0.00000
162.2 0.00000 15 0.00000
162.3 0.00000 15 0.00000
162.4 0.00000 15 0.00000
162.5 0.00000 15 0.00000
162.6 0.00000 15 0.00000
162.7 0.00000 15 0.00000
162.8 0.00000 15 0.00000
162.9 0.00000 15 0.00000
163.0 0.00000 15 0.00000
163.1 0.00000 15 0.00000
163.2 0.00000 15 0.00000
163.3 0.00000 15 0.00000
163.4 0.00000 15 0.00000
163.5 0.00000 15 0.00000
163.6 0.00000 15 0.00000
163.7 0.00000 15 0.00000
163.8 0.00000 15 0.00000
163.9 0.00000 15 0.00000
164.0 0.00000 15 0.00000
164.1 0.00000 15 0.00000
164.2 0.00000 15 0.00000
164.3 0.00000 15 0.00000
164.4 0.00000 15 0.00000
164.5 0.00000 15 0.00000
164.6 0.00000 15 0.00000
164.7 0.00000 15 0.00000
164.8 0.00000 15 0.00000
164.9 0.00000 15 0.00000
165.0 0.00000 15 0.00000
165.1 0.00000 15 0.00000
165.2 0.00000 15 0.00000
165.3 0.00000 15 0.00000
165.4 0.00000 15 0.00000
165.5 0.00000 15 0.00000
165.6 0.00000 15 0.00000
165.7 0.00000 15 0.00000
165.8 0.00000 15 0.00000
165.9 0.00000 15 0.00000
166.0 0.00000 15 0.00000
166.1 0.00000 15 0.00000
166.2 0.00000 15 0.00000
166.3 0.00000 15 0.00000
166.4 0.00000 15 0.00000
166.5 0.00000 15 0.00000
166.6 0.00000 15 0.00000
166.7 0.00000 15 0.00000
166.8 0.00000 15 0.00000
166.9 0.00000 15 0.00000
167.0 0.00000 15 0.00000
167.1 0.00000 15 0.00000
167.2 0.00000 15 0.00000
167.3 0.00000 15 0.00000
167.4 0.00000 15 0.00000
167.5 0.00000 15 0.00000
167.6 0.00000 15 0.00000
167.7 0.00000 15 0.00000
167.8 0.00000 15 0.00000
167.9 0.00000 15 0.00000
168.0 0.00000 15 0.00000
168.1 0.00000 15 0.00000
168.2 0.00000 15 0.00000
168.3 0.00000 15 0.00000
168.4 0.00000 15 0.00000
168.5 0.00000 15 0.00000
168.6 0.00000 15 0.00000
168.7 0.00000 15 0.00000
168.8 0.00000 15 0.00000
168.9 0.00000 15 0.00000
169.0 0.00000 15 0.00000
169.1 0.00000 15 0.00000
169.2 0.00000 15 0.00000
169.3 0.00000 15 0.00000
169.4 0.00000 15 0.00000
169.5 0.00000 15 0.00000
169.6 0.00000 15 0.00000
169.7 0.00000 15 0.00000
169.8 0.00000 15 0.00000
169.9 0.00000 15 0.00000
170.0 0.00000 15 0.00000
170.1 0.00000 15 0.00000
170.2 0.00000 15 0.00000
170.3 0.00000 15 0.00000
170.4 0.00000 15 0.00000
170.5 0.00000 15 0.00000
170.6 0.00000 15 0.00000
170.7 0.00000 15 0.00000
170.8 0.00000 15 0.00000
170.9 0.00000 15 0.00000
171.0 0.00000 15 0.00000
171.1 0.00000 15 0.00000
171.2 0.00000 15 0.00000
171.3 0.00000 15 0.00000
171.4 0.00000 15 0.00000
171.5 0.00000 15 0.00000
171.6 0.00000 15 0.00000
171.7 0.00000 15 0.00000
171.8 0.00000 15 0.00000
171.9 0.00000 15 0.00000
172.0 0.00000 15 0.00000
172.1 0.00000 15 0.00000
172.2 0.00000 15 0.00000
172.3 0.00000 15 0.00000
172.4 0.00000 15 0.00000
172.5 0.00000 15 0.00000
172.6 0.00000 15 0.00000
172.7 0.00000 15 0.00000
172.8 0.00000 15 0.00000
172.9 0.00000 15 0.00000
173.0 0.00000 15 0.00000
173.1 0.00000 15 0.00000
173.2 0.00000 15 0.00000
173.3 0.00000 15 0.00000
173.4 0.00000 15 0.00000
173.5 0.00000 15 0.00000
173.6 0.00000 15 0.00000
173.7 0.00000 15 0.00000
173.8 0.00000 15 0.00000
173.9 0.00000 15 0.00000
174.0 0.00000 15 0.00000
174.1 0.00000 15 0.00000
174.2 0.00000 15 0.00000
174.3 0.00000 15 0.00000
174.4 0.00000 15 0.00000
174.5 0.00000 15 0.00000
174.6 0.00000 15 0.00000
174.7 0.00000 15 0.00000
174.8 0.00000 15 0.00000
174.9 0.00000 15 0.00000
175.0 0.00000 15 0.00000
175.1 0.00000 15 0.00000
175.2 0.00000 15 0.00000
175.3 0.00000 15 0.00000
175.4 0.00000 15 0.00000
175.5 0.00000 15 0.00000
175.6 0.00000 15 0.00000
175.7 0.00000 15 0.00000
175.8 0.00000 15 0.00000
175.9 0.00000 15 0.00000
176.0 0.00000 15 0.00000
176.1 0.00000 15 0.00000
176.2 0.00000 15 0.00000
176.3 0.00000 15 0.00000
176.4 0.00000 15 0.00000
176.5 0.00000 15 0.00000
176.6 0.00000 15 0.00000
176.7 0.00000 15 0.00000
176.8 0.00000 15 0.00000
176.9 0.00000 15 0.00000
177.0 0.00000 15 0.00000
177.1 0.00000 15 0.00000
177.2 0.00000 15 0.00000
177.3 0.00000 15 0.00000
177.4 0.00000 15 0.00000
177.5 0.00000 15 0.00000
177.6 0.00000 15 0.00000
177.7 0.00000 15 0.00000
177.8 0.00000 15 0.00000
177.9 0.00000 15 0.00000
178.0 0.00000 15 0.00000
178.1 0.00000 15 0.00000
178.2 0.00000 15 0.00000
178.3 0.00000 15 0.00000
178.4 0.00000 15 0.00000
178.5 0.00000 15 0.00000
178.6 0.00000 15 0.00000
178.7 0.00000 15 0.00000
178.8 0.00000 15 0.00000
178.9 0.00000 15 0.00000
179.0 0.00000 15 0.00000
179.1 0.00000 15 0.00000
179.2 0.00000 15 0.00000
179.3 0.00000 15 0.00000
179.4 0.00000 15 0.00000
179.5 0.00000 15 0.00000
179.6 0.00000 15 0.00000
179.7 0.00000 15 0.00000
179.8 0.00000 15 0.00000
179.9 0.00000 15 0.00000
180.0 0.00000 15 0.00000
180.1 0.00000 15 0.00000
180.2 0.00000 15 0.00000
180.3 0.00000 15 0.00000
180.4 0.00000 15 0.00000
180.5 0.00000 15 0.00000
180.6 0.00000 15 0.00000
180.7 0.00000 15 0.00000
180.8 0.00000 15 0.00000
180.9 0.00000 15 0.00000
181.0 0.00000 15 0.00000
181.1 0.00000 15 0.00000
181.2 0.00000 15 0.00000
181.3 0.00000 15 0.00000
181.4 0.00000 15 0.00000
181.5 0.00000 15 0.00000
181.6 0.00000 15 0.00000
181.7 0.00000 15 0.00000
181.8 0.00000 15 0.00000
181.9 0.00000 15 0.00000
182.0 0.00000 15 0.00000
182.1 0.00000 15 0.00000
182.2 0.00000 15 0.00000
182.3 0.00000 15 0.00000
182.4 0.00000 15 0.00000
182.5 0.00000 15 0.00000
182.6 0.00000 15 0.00000
182.7 0.00000 15 0.00000
182.8 0.00000 15 0.00000
182.9 0.00000 15 0.00000
183.0 0.00000 15 0.00000
183.1 0.00000 15 0.00000
183.2 0.00000 15 0.00000
183.3 0.00000 15 0.00000
183.4 0.00000 15 0.00000
183.5 0.00000 15 0.00000
183.6 0.00000 15 0.00000
183.7 0.00000 15 0.00000
183.8 0.00000 15 0.00000
183.9 0.00000 15 0.00000
184.0 0.00000 15 0.00000
184.1 0.00000 15 0.00000
184.2 0.00000 15 0.00000
184.3 0.00000 15 0.00000
184.4 0.00000 15 0.00000
184.5 0.00000 15 0.00000
184.6 0.00000 15 0.00000
184.7 0.00000 15 0.00000
184.8 0.00000 15 0.00000
184.9 0.00000 15 0.00000
185.0 0.00000 15 0.00000
185.1 0.00000 15 0.00000
185.2 0.00000 15 0.00000
185.3 0.00000 15 0.00000
185.4 0.00000 15 0.00000
185.5 0.00000 15 0.00000
185.6 0.00000 15 0.00000
185.7 0.00000 15 0.00000
185.8 0.00000 15 0.00000
185.9 0.00000 15 0.00000
186.0 0.00000 15 0.00000
186.1 0.00000 15 0.00000
186.2 0.00000 15 0.00000
186.3 0.00000 15 0.00000
186.4 0.00000 15 0.00000
186.5 0.00000 15 0.00000
186.6 0.00000 15 0.00000
186.7 0.00000 15 0.00000
186.8 0.00000 15 0.00000
186.9 0.00000 15 0.00000
187.0 0.00000 15 0.00000
187.1 0.00000 15 0.00000
187.2 0.00000 15 0.00000
187.3 0.00000 15 0.00000
187.4 0.00000 15 0.00000
187.5 0.00000 15 0.00000
187.6 0.00000 15 0.00000
187.7 0.00000 15 0.00000
187.8 0.00000 15 0.00000
187.9 0.00000 15 0.00000
188.0 0.00000 15 0.00000
188.1 0.00000 15 0.00000
188.2 0.00000 15 0.00000
188.3 0.00000 15 0.00000
188.4 0.00000 15 0.00000
188.5 0.00000 15 0.00000
188.6 0.00000 15 0.00000
188.7 0.00000 15 0.00000
188.8 0.00000 15 0.00000
188.9 0.00000 15 0.00000
189.0 0.00000 15 0.00000
189.1 0.00000 15 0.00000
189.2 0.00000 15 0.00000
189.3 0.00000 15 0.00000
189.4 0.00000 15 0.00000
189.5 0.00000 15 0.00000
189.6 0.00000 15 0.00000
189.7 0.00000 15 0.00000
189.8 0.00000 15 0.00000
189.9 0.00000 15 0.00000
190.0 0.00000 15 0.00000
190.1 0.00000 15 0.00000
190.2 0.00000 15 0.00000
190.3 0.00000 15 0.00000
190.4 0.00000 15 0.00000
190.5 0.00000 15 0.00000
190.6 0.00000 15 0.00000
190.7 0.00000 15 0.00000
190.8 0.00000 15 0.00000
190.9 0.00000 15 0.00000
191.0 0.00000 15 0.00000
191.1 0.00000 15 0.00000
191.2 0.00000 15 0.00000
191.3 0.00000 15 0.00000
191.4 0.00000 15 0.00000
191.5 0.00000 15 0.00000
191.6 0.00000 15 0.00000
191.7 0.00000 15 0.00000
191.8 0.00000 15 0.00000
191.9 0.00000 15 0.00000
192.0 0.00000 15 0.00000
192.1 0.00000 15 0.00000
192.2 0.00000 15 0.00000
192.3 0.00000 15 0.00000
192.4 0.00000 15 0.00000
192.5 0.00000 15 0.00000
192.6 0.00000 15 0.00000
192.7 0.00000 15 0.00000
192.8 0.00000 15 0.00000
192.9 0.00000 15 0.00000
193.0 0.00000 15 0.00000
193.1 0.00000 15 0.00000
193.2 0.00000 15 0.00000
193.3 0.00000 15 0.00000
193.4 0.00000 15 0.00000
193.5 0.00000 15 0.00000
193.6 0.00000 15 0.00000
193.7 0.00000 15 0.00000
193.8 0.00000 15 0.00000
193.9 0.00000 15 0.00000
194.0 0.00000 15 0.00000
194.1 0.00000 15 0.00000
194.2 0.00000 15 0.00000
194.3 0.00000 15 0.00000
194.4 0.00000 15 0.00000
194.5 0.00000 15 0.00000
194.6 0.00000 15 0.00000
194.7 0.00000 15 0.00000
194.8 0.00000 15 0.00000
194.9 0.00000 15 0.00000
195.0 0.00000 15 0.00000
195.1 0.00000 15 0.00000
195.2 0.00000 15 0.00000
195.3 0.00000 15 0.00000
195.4 0.00000 15 0.00000
195.5 0.00000 15 0.00000
195.6 0.00000 15 0.00000
195.7 0.00000 15 0.00000
195.8 0.00000 15 0.00000
195.9 0.00000 15 0.00000
196.0 0.00000 15 0.00000
196.1 0.00000 15 0.00000
196.2 0.00000 15 0.00000
196.3 0.00000 15 0.00000
196.4 0.00000 15 0.00000
196.5 0.00000 15 0.00000
196.6 0.00000 15 0.00000
196.7 0.00000 15 0.00000
196.8 0.00000 15 0.00000
196.9 0.00000 15 0.00000
197.0 0.00000 15 0.00000
197.1 0.00000 15 0.00000
197.2 0.00000 15 0.00000
197.3 0.00000 15 0.00000
197.4 0.00000 15 0.00000
197.5 0.00000 15 0.00000
197.6 0.00000 15 0.00000
197.7 0.00000 15 0.00000
197.8 0.00000 15 0.00000
197.9 0.00000 15 0.00000
198.0 0.00000 15 0.00000
198.1 0.00000 15 0.00000
198.2 0.00000 15 0.00000
198.3 0.00000 15 0.00000
198.4 0.00000 15 0.00000
198.5 0.00000 15 0.00000
198.6 0.00000 15 0.00000
198.7 0.00000 15 0.00000
198.8 0.00000 15 0.00000
198.9 0.00000 15 0.00000
199.0 0.00000 15 0.00000
199.1 0.00000 15 0.00000
199.2 0.00000 15 0.00000
199.3 0.00000 15 0.00000
199.4 0.00000 15 0.00000
199.5 0.00000 15 0.00000
199.6 0.00000 15 0.00000
199.7 0.00000 15 0.00000
199.8 0.00000 15 0.00000
199.9 0.00000 15 0.00000
200.0 0.00000 15 0.00000
200.1 0.00000 15 0.00000
200.2 0.00000 15 0.00000
200.3 0.00000 15 0.00000
200.4 0.00000 15 0.00000
200.5 0.00000 15 0.00000
200.6 0.00000 15 0.00000
200.7 0.00000 15 0.00000
200.8 0.00000 15 0.00000
200.9 0.00000 15 0.00000
201.0 0.00000 15 0.00000
201.1 0.00000 15 0.00000
201.2 0.00000 15 0.00000
201.3 0.00000 15 0.00000
201.4 0.00000 15 0.00000
201.5 0.00000 15 0.00000
201.6 0.00000 15 0.00000
201.7 0.00000 15 0.00000
201.8 0.00000 15 0.00000
201.9 0.00000 15 0.00000
202.0 0.00000 15 0.00000
202.1 0.00000 15 0.00000
202.2 0.00000 15 0.00000
202.3 0.00000 15 0.00000
202.4 0.00000 15 0.00000
202.5 0.00000 15 0.00000
202.6 0.00000 15 0.00000
202.7 0.00000 15 0.00000
202.8 0.00000 15 0.00000
202.9 0.00000 15 0.00000
203.0 0.00000 15 0.00000
203.1 0.00000 15 0.00000
203.2 0.00000 15 0.00000
203.3 0.00000 15 0.00000
203.4 0.00000 15 0.00000
203.5 0.00000 15 0.00000
203.6 0.00000 15 0.00000
203.7 0.00000 15 0.00000
203.8 0.00000 15 0.00000
203.9 0.00000 15 0.00000
204.0 0.00000 15 0.00000
204.1 0.00000 15 0.00000
204.2 0.00000 15 0.00000
204.3 0.00000 15 0.00000
204.4 0.00000 15 0.00000
204.5 0.00000 15 0.00000
204.6 0.00000 15 0.00000
204.7 0.00000 15 0.00000
204.8 0.00000 15 0.00000
204.9 0.00000 15 0.00000
205.0 0.00000 15 0.00000
205.1 0.00000 15 0.00000
205.2 0.00000 15 0.00000
205.3 0.00000 15 0.00000
205.4 0.00000 15 0.00000
205.5 0.00000 15 0.00000
205.6 0.00000 15 0.00000
205.7 0.00000 15 0.00000
205.8 0.00000 15 0.00000
205.9 0.00000 15 0.00000
206.0 0.00000 15 0.00000
206.1 0.00000 15 0.00000
206.2 0.00000 15 0.00000
206.3 0.00000 15 0.00000
206.4 0.00000 15 0.00000
206.5 0.00000 15 0.00000
206.6 0.00000 15 0.00000
206.7 0.00000 15 0.00000
206.8 0.00000 15 0.00000
206.9 0.00000 15 0.00000
207.0 0.00000 15 0.00000
207.1 0.00000 15 0.00000
207.2 0.00000 15 0.00000
207.3 0.00000 15 0.00000
207.4 0.00000 15 0.00000
207.5 0.00000 15 0.00000
207.6 0.00000 15 0.00000
207.7 0.00000 15 0.00000
207.8 0.00000 15 0.00000
207.9 0.00000 15 0.00000
208.0 0.00000 15 0.00000
208.1 0.00000 15 0.00000
208.2 0.00000 15 0.00000
208.3 0.00000 15 0.00000
208.4 0.00000 15 0.00000
208.5 0.00000 15 0.00000
208.6 0.00000 15 0.00000
208.7 0.00000 15 0.00000
208.8 0.00000 15 0.00000
208.9 0.00000 15 0.00000
209.0 0.00000 15 0.00000
209.1 0.00000 15 0.00000
209.2 0.00000 15 0.00000
209.3 0.00000 15 0.00000
209.4 0.00000 15 0.00000
209.5 0.00000 15 0.00000
209.6 0.00000 15 0.00000
209.7 0.00000 15 0.00000
209.8 0.00000 15 0.00000
209.9 0.00000 15 0.00000
210.0 0.00000 15 0.00000
210.1 0.00000 15 0.00000
210.2 0.00000 15 0.00000
210.3 0.00000 15 0.00000
210.4 0.00000 15 0.00000
210.5 0.00000 15 0.00000
210.6 0.00000 15 0.00000
210.7 0.00000 15 0.00000
210.8 0.00000 15 0.00000
210.9 0.00000 15 0.00000
211.0 0.00000 15 0.00000
211.1 0.00000 15 0.00000
211.2 0.00000 15 0.00000
211.3 0.00000 15 0.00000
211.4 0.00000 15 0.00000
211.5 0.00000 15 0.00000
211.6 0.00000 15 0.00000
211.7 0.00000 15 0.00000
211.8 0.00000 15 0.00000
211.9 0.00000 15 0.00000
212.0 0.00000 15 0.00000
212.1 0.00000 15 0.00000
212.2 0.00000 15 0.00000
212.3 0.00000 15 0.00000
212.4 0.00000 15 0.00000
212.5 0.00000 15 0.00000
212.6 0.00000 15 0.00000
212.7 0.00000 15 0.00000
212.8 0.00000 15 0.00000
212.9 0.00000 15 0.00000
213.0 0.00000 15 0.00000
213.1 0.00000 15 0.00000
213.2 0.00000 15 0.00000
213.3 0.00000 15 0.00000
213.4 0.00000 15 0.00000
213.5 0.00000 15 0.00000
213.6 0.00000 15 0.00000
213.7 0.00000 15 0.00000
213.8 0.00000 15 0.00000
213.9 0.00000 15 0.00000
214.0 0.00000 15 0.00000
214.1 0.00000 15 0.00000
214.2 0.00000 15 0.00000
214.3 0.00000 15 0.00000
214.4 0.00000 15 0.00000
214.5 0.00000 15 0.00000
214.6 0.00000 15 0.00000
214.7 0.00000 15 0.00000
214.8 0.00000 15 0.00000
214.9 0.00000 15 0.00000
215.0 0.00000 15 0.00000
215.1 0.00000 15 0.00000
215.2 0.00000 15 0.00000
215.3 0.00000 15 0.00000
215.4 0.00000 15 0.00000
215.5 0.00000 15 0.00000
215.6 0.00000 15 0.00000
215.7 0.00000 15 0.00000
215.8 0.00000 15 0.00000
215.9 0.00000 15 0.00000
216.0 0.00000 15 0.00000
216.1 0.00000 15 0.00000
216.2 0.00000 15 0.00000
216.3 0.00000 15 0.00000
216.4 0.00000 15 0.00000
216.5 0.00000 15 0.00000
216.6 0.00000 15 0.00000
216.7 0.00000 15 0.00000
216.8 0.00000 15 0.00000
216.9 0.00000 15 0.00000
217.0 0.00000 15 0.00000
217.1 0.00000 15 0.00000
217.2 0.00000 15 0.00000
217.3 0.00000 15 0.00000
217.4 0.00000 15 0.00000
217.5 0.00000 15 0.00000
217.6 0.00000 15 0.00000
217.7 0.00000 15 0.00000
217.8 0.00000 15 0.00000
217.9 0.00000 15 0.00000
218.0 0.00000 15 0.00000
218.1 0.00000 15 0.00000
218.2 0.00000 15 0.00000
218.3 0.00000 15 0.00000
218.4 0.00000 15 0.00000
218.5 0.00000 15 0.00000
218.6 0.00000 15 0.00000
218.7 0.00000 15 0.00000
218.8 0.00000 15 0.00000
218.9 0.00000 15 0.00000
219.0 0.00000 15 0.00000
219.1 0.00000 15 0.00000
219.2 0.00000 15 0.00000
219.3 0.00000 15 0.00000
219.4 0.00000 15 0.00000
219.5 0.00000 15 0.00000
219.6 0.00000 15 0.00000
219.7 0.00000 15 0.00000
219.8 0.00000 15 0.00000
219.9 0.00000 15 0.00000
220.0 0.00000 15 0.00000
220.1 0.00000 15 0.00000
220.2 0.00000 15 0.00000
220.3 0.00000 15 0.00000
220.4 0.00000 15 0.00000
220.5 0.00000 15 0.00000
220.6 0.00000 15 0.00000
220.7 0.00000 15 0.00000
220.8 0.00000 15 0.00000
220.9 0.00000 15 0.00000
221.0 0.00000 15 0.00000
221.1 0.00000 15 0.00000
221.2 0.00000 15 0.00000
221.3 0.00000 15 0.00000
221.4 0.00000 15 0.00000
221.5 0.00000 15 0.00000
221.6 0.00000 15 0.00000
221.7 0.00000 15 0.00000
221.8 0.00000 15 0.00000
221.9 0.00000 15 0.00000
222.0 0.00000 15 0.00000
222.1 0.00000 15 0.00000
222.2 0.00000 15 0.00000
222.3 0.00000 15 0.00000
222.4 0.00000 15 0.00000
222.5 0.00000 15 0.00000
222.6 0.00000 15 0.00000
222.7 0.00000 15 0.00000
222.8 0.00000 15 0.00000
222.9 0.00000 15 0.00000
223.0 0.00000 15 0.00000
223.1 0.00000 15 0.00000
223.2 0.00000 15 0.00000
223.3 0.00000 15 0.00000
223.4 0.00000 15 0.00000
223.5 0.00000 15 0.00000
223.6 0.00000 15 0.00000
223.7 0.00000 15 0.00000
223.8 0.00000 15 0.00000
223.9 0.00000 15 0.00000
224.0 0.00000 15 0.00000
224.1 0.00000 15 0.00000
224.2 0.00000 15 0.00000
224.3 0.00000 15 0.00000
224.4 0.00000 15 0.00000
224.5 0.00000 15 0.00000
224.6 0.00000 15 0.00000
224.7 0.00000 15 0.00000
224.8 0.00000 15 0.00000
224.9 0.00000 15 0.00000
225.0 0.00000 15 0.00000
225.1 0.00000 15 0.00000
225.2 0.00000 15 0.00000
225.3 0.00000 15 0.00000
225.4 0.00000 15 0.00000
225.5 0.00000 15 0.00000
225.6 0.00000 15 0.00000
225.7 0.00000 15 0.00000
225.8 0.00000 15 0.00000
225.9 0.00000 15 0.00000
226.0 0.00000 15 0.00000
226.1 0.00000 15 0.00000
226.2 0.00000 15 0.00000
226.3 0.00000 15 0.00000
226.4 0.00000 15 0.00000
226.5 0.00000 15 0.00000
226.6 0.00000 15 0.00000
226.7 0.00000 15 0.00000
226.8 0.00000 15 0.00000
226.9 0.00000 15 0.00000
227.0 0.00000 15 0.00000
227.1 0.00000 15 0.00000
227.2 0.00000 15 0.00000
227.3 0.00000 15 0.00000
227.4 0.00000 15 0.00000
227.5 0.00000 15 0.00000
227.6 0.00000 15 0.00000
227.7 0.00000 15 0.00000
227.8 0.00000 15 0.00000
227.9 0.00000 15 0.00000
228.0 0.00000 15 0.00000
228.1 0.00000 15 0.00000
228.2 0.00000 15 0.00000
228.3 0.00000 15 0.00000
228.4 0.00000 15 0.00000
228.5 0.00000 15 0.00000
228.6 0.00000 15 0.00000
228.7 0.00000 15 0.00000
228.8 0.00000 15 0.00000
228.9 0.00000 15 0.00000
229.0 0.00000 15 0.00000
229.1 0.00000 15 0.00000
229.2 0.00000 15 0.00000
229.3 0.00000 15 0.00000
229.4 0.00000 15 0.00000
229.5 0.00000 15 0.00000
229.6 0.00000 15 0.00000
229.7 0.00000 15 0.00000
229.8 0.00000 15 0.00000
229.9 0.00000 15 0.00000
230.0 0.00000 15 0.00000
230.1 0.00000 15 0.00000
230.2 0.00000 15 0.00000
230.3 0.00000 15 0.00000
230.4 0.00000 15 0.00000
230.5 0.00000 15 0.00000
230.6 0.00000 15 0.00000
230.7 0.00000 15 0.00000
230.8 0.00000 15 0.00000
230.9 0.00000 15 0.00000
231.0 0.00000 15 0.00000
231.1 0.00000 15 0.00000
231.2 0.00000 15 0.00000
231.3 0.00000 15 0.00000
231.4 0.00000 15 0.00000
231.5 0.00000 15 0.00000
231.6 0.00000 15 0.00000
231.7 0.00000 15 0.00000
231.8 0.00000 15 0.00000
231.9 0.00000 15 0.00000
232.0 0.00000 15 0.00000
232.1 0.00000 15 0.00000
232.2 0.00000 15 0.00000
232.3 0.00000 15 0.00000
232.4 0.00000 15 0.00000
232.5 0.00000 15 0.00000
232.6 0.00000 15 0.00000
232.7 0.00000 15 0.00000
232.8 0.00000 15 0.00000
232.9 0.00000 15 0.00000
233.0 0.00000 15 0.00000
233.1 0.00000 15 0.00000
233.2 0.00000 15 0.00000
233.3 0.00000 15 0.00000
233.4 0.00000 15 0.00000
233.5 0.00000 15 0.00000
233.6 0.00000 15 0.00000
233.7 0.00000 15 0.00000
233.8 0.00000 15 0.00000
233.9 0.00000 15 0.00000
234.0 0.00000 15 0.00000
234.1 0.00000 15 0.00000
234.2 0.00000 15 0.00000
234.3 0.00000 15 0.00000
234.4 0.00000 15 0.00000
234.5 0.00000 15 0.00000
234.6 0.00000 15 0.00000
234.7 0.00000 15 0.00000
234.8 0.00000 15 0.00000
234.9 0.00000 15 0.00000
235.0 0.00000 15 0.00000
235.1 0.00000 15 0.00000
235.2 0.00000 15 0.00000
235.3 0.00000 15 0.00000
235.4 0.00000 15 0.00000
235.5 0.00000 15 0.00000
235.6 0.00000 15 0.00000
235.7 0.00000 15 0.00000
235.8 0.00000 15 0.00000
235.9 0.00000 15 0.00000
236.0 0.00000 15 0.00000
236.1 0.00000 15 0.00000
236.2 0.00000 15 0.00000
236.3 0.00000 15 0.00000
236.4 0.00000 15 0.00000
236.5 0.00000 15 0.00000
236.6 0.00000 15 0.00000
236.7 0.00000 15 0.00000
236.8 0.00000 15 0.00000
236.9 0.00000 15 0.00000
237.0 0.00000 15 0.00000
237.1 0.00000 15 0.00000
237.2 0.00000 15 0.00000
237.3 0.00000 15 0.00000
237.4 0.00000 15 0.00000
237.5 0.00000 15 0.00000
237.6 0.00000 15 0.00000
237.7 0.00000 15 0.00000
237.8 0.00000 15 0.00000
237.9 0.00000 15 0.00000
238.0 0.00000 15 0.00000
238.1 0.00000 15 0.00000
238.2 0.00000 15 0.00000
238.3 0.00000 15 0.00000
238.4 0.00000 15 0.00000
238.5 0.00000 15 0.00000
238.6 0.00000 15 0.00000
238.7 0.00000 15 0.00000
238.8 0.00000 15 0.00000
238.9 0.00000 15 0.00000
239.0 0.00000 15 0.00000
239.1 0.00000 15 0.00000
239.2 0.00000 15 0.00000
239.3 0.00000 15 0.00000
239.4 0.00000 15 0.00000
239.5 0.00000 15 0.00000
239.6 0.00000 15 0.00000
239.7 0.00000 15 0.00000
239.8 0.00000 15 0.00000
239.9 0.00000 15 0.00000
240.0 0.00000 15 0.00000
240.1 0.00000 15 0.00000
240.2 0.00000 15 0.00000
240.3 0.00000 15 0.00000
240.4 0.00000 15 0.00000
240.5 0.00000 15 0.00000
240.6 0.00000 15 0.00000
240.7 0.00000 15 0.00000
240.8 0.00000 15 0.00000
240.9 0.00000 15 0.00000
241.0 0.00000 15 0.00000
241.1 0.00000 15 0.00000
241.2 0.00000 15 0.00000
241.3 0.00000 15 0.00000
241.4 0.00000 15 0.00000
241.5 0.00000 15 0.00000
241.6 0.00000 15 0.00000
241.7 0.00000 15 0.00000
241.8 0.00000 15 0.00000
241.9 0.00000 15 0.00000
242.0 0.00000 15 0.00000
242.1 0.00000 15 0.00000
242.2 0.00000 15 0.00000
242.3 0.00000 15 0.00000
242.4 0.00000 15 0.00000
242.5 0.00000 15 0.00000
242.6 0.00000 15 0.00000
242.7 0.00000 15 0.00000
242.8 0.00000 15 0.00000
242.9 0.00000 15 0.00000
243.0 0.00000 15 0.00000
243.1 0.00000 15 0.00000
243.2 0.00000 15 0.00000
243.3 0.00000 15 0.00000
243.4 0.00000 15 0.00000
243.5 0.00000 15 0.00000
243.6 0.00000 15 0.00000
243.7 0.00000 15 0.00000
243.8 0.00000 15 0.00000
243.9 0.00000 15 0.00000
244.0 0.00000 15 0.00000
244.1 0.00000 15 0.00000
244.2 0.00000 15 0.00000
244.3 0.00000 15 0.00000
244.4 0.00000 15 0.00000
244.5 0.00000 15 0.00000
244.6 0.00000 15 0.00000
244.7 0.00000 15 0.00000
244.8 0.00000 15 0.00000
244.9 0.00000 15 0.00000
245.0 0.00000 15 0.00000
245.1 0.00000 15 0.00000
245.2 0.00000 15 0.00000
245.3 0.00000 15 0.00000
245.4 0.00000 15 0.00000
245.5 0.00000 15 0.00000
245.6 0.00000 15 0.00000
245.7 0.00000 15 0.00000
245.8 0.00000 15 0.00000
245.9 0.00000 15 0.00000
246.0 0.00000 15 0.00000
246.1 0.00000 15 0.00000
246.2 0.00000 15 0.00000
246.3 0.00000 15 0.00000
246.4 0.00000 15 0.00000
246.5 0.00000 15 0.00000
246.6 0.00000 15 0.00000
246.7 0.00000 15 0.00000
246.8 0.00000 15 0.00000
246.9 0.00000 15 0.00000
247.0 0.00000 15 0.00000
247.1 0.00000 15 0.00000
247.2 0.00000 15 0.00000
247.3 0.00000 15 0.00000
247.4 0.00000 15 0.00000
247.5 0.00000 15 0.00000
247.6 0.00000 15 0.00000
247.7 0.00000 15 0.00000
247.8 0.00000 15 0.00000
247.9 0.00000 15 0.00000
248.0 0.00000 15 0.00000
248.1 0.00000 15 0.00000
248.2 0.00000 15 0.00000
248.3 0.00000 15 0.00000
248.4 0.00000 15 0.00000
248.5 0.00000 15 0.00000
248.6 0.00000 15 0.00000
248.7 0.00000 15 0.00000
248.8 0.00000 15 0.00000
248.9 0.00000 15 0.00000
249.0 0.00000 15 0.00000
249.1 0.00000 15 0.00000
249.2 0.00000 15 0.00000
249.3 0.00000 15 0.00000
249.4 0.00000 15 0.00000
249.5 0.00000 15 0.00000
249.6 0.00000 15 0.00000
249.7 0.00000 15 0.00000
249.8 0.00000 15 0.00000
249.9 0.00000 15 0.00000
250.0 0.00000 15 0.00000
