15.0 2.30498 13 0.10577
15.1 2.34918 13 0.10948
15.2 2.39378 13 0.11321
15.3 2.43880 13 0.11694
15.4 2.48421 13 0.12069
15.5 2.54005 14 0.12445
15.6 2.60219 14 0.12822
15.7 2.66547 14 0.13200
15.8 2.72990 14 0.13579
15.9 2.79701 14 0.13954
16.0 2.86388 14 0.14336
16.1 2.93194 14 0.14718
16.2 3.00121 14 0.15101
16.3 3.07168 14 0.15485
16.4 3.14338 14 0.15870
16.5 3.21632 14 0.16256
16.6 3.29050 14 0.16643
16.7 3.36593 14 0.17031
16.8 3.44264 14 0.17420
16.9 3.52063 14 0.17809
17.0 3.59991 14 0.18200
17.1 3.68049 14 0.18591
17.2 3.76239 14 0.18983
17.3 3.84561 14 0.19376
17.4 3.93018 14 0.19770
17.5 4.00989 14 0.20165
17.6 4.08311 14 0.20560
17.7 4.15713 14 0.20957
17.8 4.23193 14 0.21354
17.9 4.30751 14 0.21752
18.0 4.38388 14 0.22150
18.1 4.46105 14 0.22550
18.2 4.54307 14 0.22945
18.3 4.62197 14 0.23346
18.4 4.70166 14 0.23747
18.5 4.78216 14 0.24150
18.6 4.86345 14 0.24553
18.7 4.97970 14 0.25186
18.8 5.10300 14 0.25860
18.9 5.22844 14 0.26541
19.0 5.35604 14 0.27228
19.1 5.48581 14 0.27923
19.2 5.61779 14 0.28624
19.3 5.75199 14 0.29332
19.4 5.88845 14 0.30047
19.5 6.02718 14 0.30769
19.6 6.16822 14 0.31499
19.7 6.31158 14 0.32235
19.8 6.45729 14 0.32979
19.9 6.60539 14 0.33730
20.0 6.75589 14 0.34489
20.1 6.90882 14 0.35254
20.2 7.06420 14 0.36028
20.3 7.28121 14 0.36822
20.4 7.44084 14 0.37611
20.5 7.60286 14 0.38406
20.6 7.72942 14 0.38982
20.7 7.82251 14 0.39351
20.8 7.91630 14 0.39722
20.9 7.99964 14 0.40097
21.0 8.09531 14 0.40470
21.1 8.19106 14 0.40844
21.2 8.28750 14 0.41219
21.3 8.38468 14 0.41595
21.4 8.48258 14 0.41972
21.5 8.58121 14 0.42350
21.6 8.68060 14 0.42729
21.7 8.76769 14 0.43113
21.8 8.86911 14 0.43495
21.9 8.97046 14 0.43877
22.0 9.07257 14 0.44261
22.1 9.17542 14 0.44646
22.2 9.27885 14 0.45032
22.3 9.38305 14 0.45419
22.4 9.48792 14 0.45807
22.5 9.59351 14 0.46196
22.6 9.68626 14 0.46590
22.7 9.79334 14 0.46982
22.8 9.90089 14 0.47375
22.9 10.00930 14 0.47768
23.0 10.11843 14 0.48163
23.1 10.22820 14 0.48560
23.2 10.33873 14 0.48957
23.3 10.44986 14 0.49355
23.4 10.54536 14 0.49758
23.5 10.65915 14 0.50159
23.6 10.77250 14 0.50561
23.7 10.88652 14 0.50964
23.8 11.00126 14 0.51368
23.9 11.11658 14 0.51774
24.0 11.23264 14 0.52180
24.1 11.34944 14 0.52588
24.2 11.44868 14 0.53000
24.3 11.56829 14 0.53410
24.4 11.68723 14 0.53821
24.5 11.80694 14 0.54234
24.6 11.92704 14 0.54647
24.7 12.04804 14 0.55062
24.8 12.16979 14 0.55478
24.9 12.29225 14 0.55896
25.0 12.41541 14 0.56314
25.1 12.51919 14 0.56736
25.2 12.64472 14 0.57157
25.3 12.76989 14 0.57579
25.4 12.89577 14 0.58003
25.5 13.02242 14 0.58427
25.6 13.14981 14 0.58853
25.7 13.27790 14 0.59280
25.8 13.40665 14 0.59708
25.9 13.51282 14 0.60140
26.0 13.64474 14 0.60570
26.1 13.77553 14 0.61002
26.2 13.90707 14 0.61436
26.3 14.03936 14 0.61870
26.4 14.17232 14 0.62306
26.5 14.30596 14 0.62743
26.6 14.44007 14 0.63181
26.7 14.54925 14 0.63622
26.8 14.68461 14 0.64063
26.9 14.82330 14 0.64505
27.0 14.96045 14 0.64948
27.1 15.09828 14 0.65393
27.2 15.23675 14 0.65838
27.3 15.37598 14 0.66285
27.4 15.51546 14 0.66734
27.5 15.65586 14 0.67184
27.6 15.76817 14 0.67636
27.7 15.91250 14 0.68089
27.8 16.05524 14 0.68542
27.9 16.19850 14 0.68997
28.0 16.34245 14 0.69453
28.1 16.48713 14 0.69910
28.2 16.63209 14 0.70369
28.3 16.77795 14 0.70829
28.4 16.89239 14 0.71293
28.5 17.03951 14 0.71755
28.6 17.19051 14 0.72219
28.7 17.33917 14 0.72685
28.8 17.48857 14 0.73151
28.9 17.63869 14 0.73619
29.0 17.78913 14 0.74089
29.1 17.94036 14 0.74560
29.2 18.09230 14 0.75032
29.3 18.20886 14 0.75507
29.4 18.36211 14 0.75982
29.5 18.51941 14 0.76458
29.6 18.67414 14 0.76935
29.7 18.82959 14 0.77414
29.8 18.98575 14 0.77895
29.9 19.14213 14 0.78377
30.0 19.29917 14 0.78860
30.1 19.41687 14 0.79346
30.2 19.57503 14 0.79831
30.3 19.73623 14 0.80319
30.4 19.89800 14 0.80807
30.5 20.05865 14 0.81297
30.6 20.22001 14 0.81789
30.7 20.38204 14 0.82282
30.8 20.54411 14 0.82776
30.9 20.70695 14 0.83272
31.0 20.82539 14 0.83770
31.1 20.98929 14 0.84269
31.2 21.15879 14 0.84769
31.3 21.32450 14 0.85270
31.4 21.49090 14 0.85773
31.5 21.65783 14 0.86278
31.6 21.82536 14 0.86784
31.7 21.99352 14 0.87291
31.8 22.16174 14 0.87800
31.9 22.28028 14 0.88311
32.0 22.44972 14 0.88822
32.1 22.62556 14 0.89336
32.2 22.79681 14 0.89850
32.3 22.96854 14 0.90366
32.4 23.14077 14 0.90884
32.5 23.31371 14 0.91403
32.6 23.48730 14 0.91924
32.7 23.60513 14 0.92446
32.8 23.77982 14 0.92970
32.9 23.95391 14 0.93495
33.0 24.13597 14 0.94022
33.1 24.31220 14 0.94550
33.2 24.48908 14 0.95079
33.3 24.66652 14 0.95611
33.4 24.84468 14 0.96143
33.5 25.02347 14 0.96678
33.6 25.13930 14 0.97214
33.7 25.31907 14 0.97751
33.8 25.50013 14 0.98290
33.9 25.68703 14 0.98830
34.0 25.86817 14 0.99372
34.1 26.04995 14 0.99916
34.2 26.11776 14 1.00000
34.3 26.16459 14 1.00000
34.4 26.21091 14 1.00000
34.5 26.18678 14 1.00000
34.6 26.23271 14 1.00000
34.7 26.27804 14 1.00000
34.8 26.33103 14 1.00000
34.9 26.37619 14 1.00000
35.0 26.42104 14 1.00000
35.1 26.33703 14 1.00000
35.2 26.38096 14 1.00000
35.3 26.42467 14 1.00000
35.4 26.39235 14 1.00000
35.5 26.43546 14 1.00000
35.6 26.33787 14 1.00000
35.7 26.38886 14 1.00000
35.8 26.43179 14 1.00000
35.9 26.47420 14 1.00000
36.0 26.51645 14 1.00000
36.1 26.41660 14 1.00000
36.2 26.45850 14 1.00000
36.3 26.41735 14 1.00000
36.4 26.45787 14 1.00000
36.5 26.49788 14 1.00000
36.6 25.67897 14 1.00000
36.7 23.52938 14 1.00000
36.8 20.92483 14 1.00000
36.9 19.60685 14 1.00000
37.0 17.02163 14 1.00000
37.1 15.72509 14 1.00000
37.2 13.84263 14 1.00000
37.3 13.82451 14 1.00000
37.4 13.79215 14 1.00000
37.5 13.67802 14 1.00000
37.6 13.68606 14 1.00000
37.7 13.65024 14 1.00000
37.8 13.58060 14 1.00000
37.9 13.58631 14 1.00000
38.0 13.55178 14 1.00000
38.1 13.46191 14 1.00000
38.2 13.41108 14 1.00000
38.3 13.39781 14 1.00000
38.4 13.35861 14 1.00000
38.5 13.36964 14 1.00000
38.6 13.32587 14 1.00000
38.7 13.23489 14 1.00000
38.8 13.21350 14 1.00000
38.9 13.09225 14 0.99483
39.0 13.08995 14 0.99472
39.1 12.97262 14 0.98915
39.2 12.90134 14 0.98576
39.3 12.98413 14 0.98970
39.4 13.03705 14 0.99221
39.5 13.10890 14 0.99562
39.6 13.18048 14 0.99900
39.7 13.21947 14 1.00000
39.8 13.25173 14 1.00000
39.9 13.27711 14 1.00000
40.0 13.18941 14 0.99942
40.1 13.18051 14 0.99900
40.2 12.90801 14 0.98607
40.3 13.00487 14 0.99069
40.4 13.25817 14 1.00000
40.5 13.29224 14 1.00000
40.6 13.32733 14 1.00000
40.7 13.35707 14 1.00000
40.8 13.38794 14 1.00000
40.9 13.41846 14 1.00000
41.0 13.44902 14 1.00000
41.1 13.47888 14 1.00000
41.2 13.50827 14 1.00000
41.3 13.54223 14 1.00000
41.4 13.58550 14 1.00000
41.5 13.62882 14 1.00000
41.6 13.76431 14 1.00000
41.7 13.79917 14 1.00000
41.8 13.83059 14 1.00000
41.9 13.86200 14 1.00000
42.0 13.89310 14 1.00000
42.1 13.92392 14 1.00000
42.2 13.95437 14 1.00000
42.3 13.98407 14 1.00000
42.4 14.01513 14 1.00000
42.5 14.05871 14 1.00000
42.6 14.10230 14 1.00000
42.7 14.16194 14 1.00000
42.8 14.27932 14 1.00000
42.9 14.31395 14 1.00000
43.0 14.34586 14 1.00000
43.1 14.37757 14 1.00000
43.2 14.40893 14 1.00000
43.3 14.44020 14 1.00000
43.4 14.47089 14 1.00000
43.5 14.50067 14 1.00000
43.6 14.53475 14 1.00000
43.7 14.57862 14 1.00000
43.8 14.62253 14 1.00000
43.9 14.69098 14 1.00000
44.0 14.74699 14 1.00000
44.1 14.83812 14 1.00000
44.2 14.87266 14 1.00000
44.3 14.90406 14 1.00000
44.4 14.93620 14 1.00000
44.5 14.96778 14 1.00000
44.6 14.99905 14 1.00000
44.7 15.02930 14 1.00000
44.8 15.05983 14 1.00000
44.9 15.10185 14 1.00000
45.0 15.17364 14 1.00000
45.1 15.23085 14 1.00000
45.2 15.28107 14 1.00000
45.3 15.32657 14 1.00000
45.4 15.40821 14 1.00000
45.5 15.44196 14 1.00000
45.6 15.47418 14 1.00000
45.7 15.50647 14 1.00000
45.8 15.53850 14 1.00000
45.9 15.57006 14 1.00000
46.0 15.60083 14 1.00000
46.1 15.63119 14 1.00000
46.2 15.67271 14 1.00000
46.3 15.74437 14 1.00000
46.4 15.80319 14 1.00000
46.5 15.85517 14 1.00000
46.6 15.90192 14 1.00000
46.7 15.98670 14 1.00000
46.8 16.02422 14 1.00000
46.9 16.05591 14 1.00000
47.0 16.08860 14 1.00000
47.1 16.12143 14 1.00000
47.2 16.15357 14 1.00000
47.3 16.18509 14 1.00000
47.4 16.21584 14 1.00000
47.5 16.24744 14 1.00000
47.6 16.29198 14 1.00000
47.7 16.36879 14 1.00000
47.8 16.42660 14 1.00000
47.9 16.47850 14 1.00000
48.0 16.52571 14 1.00000
48.1 16.56865 14 1.00000
48.2 16.64956 14 1.00000
48.3 16.68294 14 1.00000
48.4 16.71666 14 1.00000
48.5 16.75208 14 1.00000
48.6 16.78658 14 1.00000
48.7 16.82716 14 1.00000
48.8 16.85966 14 1.00000
48.9 16.89045 14 1.00000
49.0 16.93731 14 1.00000
49.1 16.96917 14 1.00000
49.2 17.01529 14 1.00000
49.3 17.04864 14 1.00000
49.4 17.09720 14 1.00000
49.5 17.13693 14 1.00000
49.6 17.18233 14 1.00000
49.7 17.23028 14 1.00000
49.8 17.27057 14 1.00000
49.9 17.34410 14 1.00000
50.0 17.36140 14 1.00000
50.1 17.40925 14 1.00000
50.2 17.45414 14 1.00000
50.3 17.49477 14 1.00000
50.4 17.54806 14 1.00000
50.5 17.58330 14 1.00000
50.6 17.64425 14 1.00000
50.7 17.67603 14 1.00000
50.8 17.72613 14 1.00000
50.9 17.77176 14 1.00000
51.0 17.80818 14 1.00000
51.1 17.87389 14 1.00000
51.2 17.89962 14 1.00000
51.3 17.95276 14 1.00000
51.4 18.02201 14 1.00000
51.5 18.03154 14 1.00000
51.6 18.09688 14 1.00000
51.7 18.16865 14 1.00000
51.8 18.17140 14 1.00000
51.9 18.24124 14 1.00000
52.0 18.31166 14 1.00000
52.1 18.31184 14 1.00000
52.2 18.38226 14 1.00000
52.3 18.45223 14 1.00000
52.4 18.44966 14 1.00000
52.5 18.52008 14 1.00000
52.6 18.58882 14 1.00000
52.7 18.58294 14 1.00000
52.8 18.65377 14 1.00000
52.9 18.72438 14 1.00000
53.0 18.79321 14 1.00000
53.1 18.78533 14 1.00000
53.2 18.85572 14 1.00000
53.3 18.92326 14 1.00000
53.4 18.99241 14 1.00000
53.5 18.98211 14 1.00000
53.6 19.05059 14 1.00000
53.7 19.12005 14 1.00000
53.8 19.12034 14 1.00000
53.9 19.17194 14 1.00000
54.0 19.24319 14 1.00000
54.1 19.31372 14 1.00000
54.2 19.35625 14 1.00000
54.3 19.36108 14 1.00000
54.4 19.43047 14 1.00000
54.5 19.50123 14 1.00000
54.6 19.50472 14 1.00000
54.7 19.54321 14 1.00000
54.8 19.61119 14 1.00000
54.9 19.68021 14 1.00000
55.0 19.68711 14 1.00000
55.1 19.71781 14 1.00000
55.2 19.78794 14 1.00000
55.3 19.85612 14 1.00000
55.4 19.86802 14 1.00000
55.5 19.91657 14 1.00000
55.6 19.95590 14 1.00000
55.7 20.02435 14 1.00000
55.8 20.09575 14 1.00000
55.9 20.09974 14 1.00000
56.0 20.14260 14 1.00000
56.1 20.18907 14 1.00000
56.2 20.25589 14 1.00000
56.3 20.32707 14 1.00000
56.4 20.32946 14 1.00000
56.5 20.37411 14 1.00000
56.6 20.42217 14 1.00000
56.7 20.48087 14 1.00000
56.8 20.54911 14 1.00000
56.9 20.55764 14 1.00000
57.0 20.60621 14 1.00000
57.1 20.64379 14 1.00000
57.2 20.69762 14 1.00000
57.3 20.76584 14 1.00000
57.4 20.83505 14 1.00000
57.5 20.83561 14 1.00000
57.6 20.88128 14 1.00000
57.7 20.91693 14 1.00000
57.8 20.99402 14 1.00000
57.9 21.03946 14 1.00000
58.0 21.10578 14 1.00000
58.1 21.11098 14 1.00000
58.2 21.15998 14 1.00000
58.3 21.19965 14 1.00000
58.4 21.22470 14 1.00000
58.5 21.30336 14 1.00000
58.6 21.36911 14 1.00000
58.7 21.43688 14 1.00000
58.8 21.43525 14 1.00000
58.9 21.48460 14 1.00000
59.0 21.52241 14 1.00000
59.1 21.52710 14 1.00000
59.2 21.62231 14 1.00000
59.3 21.68779 14 1.00000
59.4 21.75393 14 1.00000
59.5 21.81705 14 1.00000
59.6 21.80937 14 1.00000
59.7 21.85190 14 1.00000
59.8 21.88769 14 1.00000
59.9 21.93879 14 1.00000
60.0 21.99271 14 1.00000
60.1 22.05787 14 1.00000
60.2 22.12231 14 1.00000
60.3 22.18894 14 1.00000
60.4 22.17836 14 1.00000
60.5 22.22715 14 1.00000
60.6 22.26674 14 1.00000
60.7 22.34051 14 1.00000
60.8 22.34585 14 1.00000
60.9 22.41155 14 1.00000
61.0 22.47439 14 1.00000
61.1 22.53809 14 1.00000
61.2 22.60406 14 1.00000
61.3 22.59805 14 1.00000
61.4 22.64636 14 1.00000
61.5 22.69021 14 1.00000
61.6 22.67920 14 1.00000
61.7 22.74722 14 1.00000
61.8 22.81197 14 1.00000
61.9 22.87638 14 1.00000
62.0 22.93696 14 1.00000
62.1 23.00006 14 1.00000
62.2 23.06518 14 1.00000
62.3 23.12816 14 1.00000
62.4 23.11441 14 1.00000
62.5 23.19532 14 1.00000
62.6 23.11979 14 1.00000
62.7 23.18206 14 1.00000
62.8 23.25099 14 1.00000
62.9 23.31648 14 1.00000
63.0 23.37989 14 1.00000
63.1 23.44038 14 1.00000
63.2 23.50442 14 1.00000
63.3 23.56700 14 1.00000
63.4 23.62782 14 1.00000
63.5 23.67009 14 1.00000
63.6 23.62086 14 1.00000
63.7 23.64836 14 1.00000
63.8 23.68123 14 1.00000
63.9 23.72768 14 1.00000
64.0 23.78380 14 1.00000
64.1 23.85140 14 1.00000
64.2 23.91710 14 1.00000
64.3 23.98063 14 1.00000
64.4 24.04306 14 1.00000
64.5 24.10350 14 1.00000
64.6 24.13139 14 1.00000
64.7 24.19674 14 1.00000
64.8 24.24083 14 1.00000
64.9 24.28146 14 1.00000
65.0 24.31938 14 1.00000
65.1 24.32695 14 1.00000
65.2 24.35770 14 1.00000
65.3 24.38555 14 1.00000
65.4 24.43207 14 1.00000
65.5 24.47878 14 1.00000
65.6 24.53587 14 1.00000
65.7 24.60125 14 1.00000
65.8 24.66585 14 1.00000
65.9 24.69506 14 1.00000
66.0 24.84694 14 1.00000
66.1 24.90913 14 1.00000
66.2 24.97012 14 1.00000
66.3 24.94320 14 1.00000
66.4 24.99755 14 1.00000
66.5 25.04011 14 1.00000
66.6 25.09292 14 1.00000
66.7 25.13432 14 1.00000
66.8 25.17454 14 1.00000
66.9 25.20572 14 1.00000
67.0 25.21915 14 1.00000
67.1 25.25025 14 1.00000
67.2 25.28199 14 1.00000
67.3 25.34469 14 1.00000
67.4 25.48253 14 1.00000
67.5 25.48990 14 1.00000
67.6 25.54820 14 1.00000
67.7 25.60633 14 1.00000
67.8 25.66442 14 1.00000
67.9 25.71742 14 1.00000
68.0 25.77907 14 1.00000
68.1 25.83313 14 1.00000
68.2 25.88539 14 1.00000
68.3 25.94254 14 1.00000
68.4 26.00472 14 1.00000
68.5 26.06633 14 1.00000
68.6 26.12605 14 1.00000
68.7 26.08532 14 1.00000
68.8 26.13661 14 1.00000
68.9 26.24030 14 1.00000
69.0 26.13441 14 1.00000
69.1 26.19475 14 1.00000
69.2 26.22995 14 1.00000
69.3 26.27629 14 1.00000
69.4 26.32362 14 1.00000
69.5 26.37096 14 1.00000
69.6 26.41831 14 1.00000
69.7 26.46567 14 1.00000
69.8 26.51305 14 1.00000
69.9 26.56555 14 1.00000
70.0 26.62344 14 1.00000
70.1 26.68276 14 1.00000
70.2 26.74240 14 1.00000
70.3 26.80172 14 1.00000
70.4 26.86020 14 1.00000
70.5 26.90646 14 1.00000
70.6 26.95277 14 1.00000
70.7 27.00696 14 1.00000
70.8 27.12778 14 1.00000
70.9 27.18262 14 1.00000
71.0 27.23851 14 1.00000
71.1 27.29115 14 1.00000
71.2 27.34650 14 1.00000
71.3 27.39896 14 1.00000
71.4 27.45868 14 1.00000
71.5 27.51853 14 1.00000
71.6 27.46158 14 1.00000
71.7 27.50587 14 1.00000
71.8 27.54669 14 1.00000
71.9 27.59145 14 1.00000
72.0 27.64364 14 1.00000
72.1 27.68918 14 1.00000
72.2 27.72321 14 1.00000
72.3 27.76832 14 1.00000
72.4 27.80396 14 1.00000
72.5 27.80956 14 1.00000
72.6 27.84486 14 1.00000
72.7 27.87830 14 1.00000
72.8 27.91456 14 1.00000
72.9 27.95740 14 1.00000
73.0 28.01649 14 1.00000
73.1 28.15026 14 1.00000
73.2 28.22137 14 1.00000
73.3 28.15781 14 1.00000
73.4 28.21505 14 1.00000
73.5 28.27349 14 1.00000
73.6 28.33017 14 1.00000
73.7 28.38613 14 1.00000
73.8 28.43864 14 1.00000
73.9 28.48271 14 1.00000
74.0 28.54457 14 1.00000
74.1 28.59835 14 1.00000
74.2 28.63748 14 1.00000
74.3 28.70095 14 1.00000
74.4 28.75083 14 1.00000
74.5 28.80062 14 1.00000
74.6 28.85535 14 1.00000
74.7 28.90053 14 1.00000
74.8 28.95838 14 1.00000
74.9 28.98104 14 1.00000
75.0 28.92389 14 1.00000
75.1 29.14240 14 1.00000
75.2 29.18954 14 1.00000
75.3 29.24327 14 1.00000
75.4 29.28923 14 1.00000
75.5 29.34119 14 1.00000
75.6 29.39043 14 1.00000
75.7 29.43918 14 1.00000
75.8 29.48145 14 1.00000
75.9 29.53388 14 1.00000
76.0 29.59263 14 1.00000
76.1 29.53608 14 1.00000
76.2 29.59446 14 1.00000
76.3 29.64758 14 1.00000
76.4 29.69552 14 1.00000
76.5 29.74091 14 1.00000
76.6 29.78424 14 1.00000
76.7 29.83150 14 1.00000
76.8 29.88299 14 1.00000
76.9 29.93249 14 1.00000
77.0 29.98100 14 1.00000
77.1 30.02887 14 1.00000
77.2 30.07627 14 1.00000
77.3 30.12333 14 1.00000
77.4 30.17001 14 1.00000
77.5 30.21651 14 1.00000
77.6 30.26278 14 1.00000
77.7 30.30866 14 1.00000
77.8 30.35419 14 1.00000
77.9 30.39974 14 1.00000
78.0 30.44422 14 1.00000
78.1 30.48802 14 1.00000
78.2 30.53181 14 1.00000
78.3 30.58912 14 1.00000
78.4 30.62579 14 1.00000
78.5 30.68311 14 1.00000
78.6 30.73075 14 1.00000
78.7 30.77839 14 1.00000
78.8 30.82604 14 1.00000
78.9 30.87368 14 1.00000
79.0 30.92152 14 1.00000
79.1 30.97531 14 1.00000
79.2 31.02528 14 1.00000
79.3 31.06387 14 1.00000
79.4 31.13526 14 1.00000
79.5 31.02940 14 1.00000
79.6 31.15326 14 1.00000
79.7 31.20374 14 1.00000
79.8 31.25346 14 1.00000
79.9 31.30267 14 1.00000
80.0 31.35297 14 1.00000
80.1 31.40272 14 1.00000
80.2 31.45214 14 1.00000
80.3 31.50160 14 1.00000
80.4 31.55130 14 1.00000
80.5 31.60102 14 1.00000
80.6 31.65044 14 1.00000
80.7 31.70016 14 1.00000
80.8 31.74977 14 1.00000
80.9 31.79933 14 1.00000
81.0 31.84793 14 1.00000
81.1 31.89558 14 1.00000
81.2 31.97191 14 1.00000
81.3 32.02045 14 1.00000
81.4 32.06738 14 1.00000
81.5 32.12541 14 1.00000
81.6 32.13425 14 1.00000
81.7 32.18360 14 1.00000
81.8 32.23125 14 1.00000
81.9 32.27909 14 1.00000
82.0 32.35545 14 1.00000
82.1 32.39918 14 1.00000
82.2 32.44858 14 1.00000
82.3 32.50489 14 1.00000
82.4 32.55838 14 1.00000
82.5 32.61017 14 1.00000
82.6 32.65617 14 1.00000
82.7 32.70418 14 1.00000
82.8 32.74591 14 1.00000
82.9 32.80332 14 1.00000
83.0 32.86177 14 1.00000
83.1 32.90988 14 1.00000
83.2 33.00135 14 1.00000
83.3 32.85414 14 1.00000
83.4 33.04817 14 1.00000
83.5 33.10158 14 1.00000
83.6 33.15265 14 1.00000
83.7 33.19923 14 1.00000
83.8 33.24635 14 1.00000
83.9 33.29550 14 1.00000
84.0 33.33332 14 1.00000
84.1 33.37888 14 1.00000
84.2 33.42776 14 1.00000
84.3 33.47746 14 1.00000
84.4 33.52798 14 1.00000
84.5 33.58755 14 1.00000
84.6 33.63706 14 1.00000
84.7 33.68510 14 1.00000
84.8 33.73515 14 1.00000
84.9 33.78560 14 1.00000
85.0 33.83454 14 1.00000
85.1 33.87727 14 1.00000
85.2 33.91500 14 1.00000
85.3 33.96803 14 1.00000
85.4 34.10318 14 1.00000
85.5 34.11084 14 1.00000
85.6 34.09195 14 1.00000
85.7 34.10020 14 1.00000
85.8 34.21601 14 1.00000
85.9 34.26233 14 1.00000
86.0 34.29816 14 1.00000
86.1 34.44533 14 1.00000
86.2 34.47426 14 1.00000
86.3 34.53112 14 1.00000
86.4 34.58091 14 1.00000
86.5 34.60493 14 1.00000
86.6 34.66826 14 1.00000
86.7 34.70987 14 1.00000
86.8 34.74643 14 1.00000
86.9 34.80198 14 1.00000
87.0 34.82178 14 1.00000
87.1 34.70913 14 1.00000
87.2 34.94340 14 1.00000
87.3 34.98201 14 1.00000
87.4 35.02148 14 1.00000
87.5 35.07467 14 1.00000
87.6 35.11306 14 1.00000
87.7 35.15322 14 1.00000
87.8 35.20472 14 1.00000
87.9 35.16445 14 1.00000
88.0 35.29140 14 1.00000
88.1 35.33340 14 1.00000
88.2 35.36150 14 1.00000
88.3 35.42567 14 1.00000
88.4 35.46629 14 1.00000
88.5 35.49322 14 1.00000
88.6 35.55542 14 1.00000
88.7 35.60117 14 1.00000
88.8 35.63674 14 1.00000
88.9 35.66471 14 1.00000
89.0 35.72722 14 1.00000
89.1 35.77365 14 1.00000
89.2 35.81324 14 1.00000
89.3 35.85177 14 1.00000
89.4 35.88993 14 1.00000
89.5 35.92746 14 1.00000
89.6 35.96494 14 1.00000
89.7 36.00178 14 1.00000
89.8 36.03879 14 1.00000
89.9 36.08318 14 1.00000
90.0 36.12849 14 1.00000
90.1 36.18523 14 1.00000
90.2 36.25751 14 1.00000
90.3 36.33189 14 1.00000
90.4 36.40347 14 1.00000
90.5 36.47254 14 1.00000
90.6 36.52769 14 1.00000
90.7 36.58716 14 1.00000
90.8 36.65567 14 1.00000
90.9 36.69131 14 1.00000
91.0 36.76930 14 1.00000
91.1 36.82428 14 1.00000
91.2 36.87281 14 1.00000
91.3 36.94093 14 1.00000
91.4 36.99096 14 1.00000
91.5 37.03497 14 1.00000
91.6 37.12651 14 1.00000
91.7 37.15589 14 1.00000
91.8 37.22596 14 1.00000
91.9 37.26482 14 1.00000
92.0 37.33134 14 1.00000
92.1 37.38882 14 1.00000
92.2 37.44152 14 1.00000
92.3 37.49075 14 1.00000
92.4 37.54126 14 1.00000
92.5 37.59307 14 1.00000
92.6 37.64428 14 1.00000
92.7 37.68992 14 1.00000
92.8 37.72955 14 1.00000
92.9 37.78349 14 1.00000
93.0 37.83886 14 1.00000
93.1 37.87535 14 1.00000
93.2 37.93002 14 1.00000
93.3 37.95232 14 1.00000
93.4 38.07921 14 1.00000
93.5 38.11911 14 1.00000
93.6 38.15299 14 1.00000
93.7 38.24275 14 1.00000
93.8 38.28816 14 1.00000
93.9 38.33439 14 1.00000
94.0 38.37450 14 1.00000
94.1 38.40600 14 1.00000
94.2 38.43409 14 1.00000
94.3 38.50157 14 1.00000
94.4 38.55163 14 1.00000
94.5 38.59164 14 1.00000
94.6 38.62653 14 1.00000
94.7 38.68411 14 1.00000
94.8 38.70290 14 1.00000
94.9 38.78558 14 1.00000
95.0 38.80437 14 1.00000
95.1 38.71462 14 1.00000
95.2 38.81932 14 1.00000
95.3 38.91227 14 1.00000
95.4 38.96225 14 1.00000
95.5 39.01144 14 1.00000
95.6 39.05109 14 1.00000
95.7 39.08828 14 1.00000
95.8 39.11488 14 1.00000
95.9 39.32830 14 1.00000
96.0 39.20254 14 1.00000
96.1 39.23489 14 1.00000
96.2 39.28082 14 1.00000
96.3 39.36782 14 1.00000
96.4 39.45183 14 1.00000
96.5 39.52706 14 1.00000
96.6 39.57541 14 1.00000
96.7 39.66333 14 1.00000
96.8 39.70374 14 1.00000
96.9 39.78934 14 1.00000
97.0 39.83550 14 1.00000
97.1 39.90618 14 1.00000
97.2 39.95161 14 1.00000
97.3 40.02767 14 1.00000
97.4 40.05445 14 1.00000
97.5 40.13532 14 1.00000
97.6 40.19555 14 1.00000
97.7 40.24323 14 1.00000
97.8 40.32943 14 1.00000
97.9 40.36826 14 1.00000
98.0 40.43224 14 1.00000
98.1 40.48982 14 1.00000
98.2 40.50000 14 1.00000
98.3 40.50000 14 1.00000
98.4 40.50000 14 1.00000
98.5 40.50000 14 1.00000
98.6 40.50000 14 1.00000
98.7 40.50000 14 1.00000
98.8 40.50000 14 1.00000
98.9 40.50000 14 1.00000
99.0 40.50000 14 1.00000
99.1 40.50000 14 1.00000
99.2 40.50000 14 1.00000
99.3 40.50000 14 1.00000
99.4 40.50000 14 1.00000
99.5 40.50000 14 1.00000
99.6 40.50000 14 1.00000
99.7 40.50000 14 1.00000
99.8 40.50000 14 1.00000
99.9 40.50000 14 1.00000
100.0 40.50000 14 1.00000
100.1 40.50000 14 1.00000
100.2 40.50000 14 1.00000
100.3 40.50000 14 1.00000
100.4 40.50000 14 1.00000
100.5 40.50000 14 1.00000
100.6 40.50000 14 1.00000
100.7 40.50000 14 1.00000
100.8 40.50000 14 1.00000
100.9 40.50000 14 1.00000
101.0 40.50000 14 1.00000
101.1 40.50000 14 1.00000
101.2 40.50000 14 1.00000
101.3 40.50000 14 1.00000
101.4 40.50000 14 1.00000
101.5 40.50000 14 1.00000
101.6 40.50000 14 1.00000
101.7 40.50000 14 1.00000
101.8 40.50000 14 1.00000
101.9 40.50000 14 1.00000
102.0 40.50000 14 1.00000
102.1 40.50000 14 1.00000
102.2 40.50000 14 1.00000
102.3 40.50000 14 1.00000
102.4 40.50000 14 1.00000
102.5 40.50000 14 1.00000
102.6 40.50000 14 1.00000
102.7 40.50000 14 1.00000
102.8 40.50000 14 1.00000
102.9 40.50000 14 1.00000
103.0 40.50000 14 1.00000
103.1 40.50000 14 1.00000
103.2 40.50000 14 1.00000
103.3 40.50000 14 1.00000
103.4 40.50000 14 1.00000
103.5 40.50000 14 1.00000
103.6 40.50000 14 1.00000
103.7 40.50000 14 1.00000
103.8 40.50000 14 1.00000
103.9 40.50000 14 1.00000
104.0 40.50000 14 1.00000
104.1 40.50000 14 1.00000
104.2 40.50000 14 1.00000
104.3 40.50000 14 1.00000
104.4 40.50000 14 1.00000
104.5 40.50000 14 1.00000
104.6 40.50000 14 1.00000
104.7 40.50000 14 1.00000
104.8 40.50000 14 1.00000
104.9 40.50000 14 1.00000
105.0 40.50000 14 1.00000
105.1 40.50000 14 1.00000
105.2 40.50000 14 1.00000
105.3 40.50000 14 1.00000
105.4 40.50000 14 1.00000
105.5 40.50000 14 1.00000
105.6 40.50000 14 1.00000
105.7 40.50000 14 1.00000
105.8 40.50000 14 1.00000
105.9 40.50000 14 1.00000
106.0 40.50000 14 1.00000
106.1 40.50000 14 1.00000
106.2 40.50000 14 1.00000
106.3 40.50000 14 1.00000
106.4 40.50000 14 1.00000
106.5 40.50000 14 1.00000
106.6 40.50000 14 1.00000
106.7 40.50000 14 1.00000
106.8 40.50000 14 1.00000
106.9 40.50000 14 1.00000
107.0 40.50000 14 1.00000
107.1 40.50000 14 1.00000
107.2 40.50000 14 1.00000
107.3 40.50000 14 1.00000
107.4 40.50000 14 1.00000
107.5 40.50000 14 1.00000
107.6 40.50000 14 1.00000
107.7 40.50000 14 1.00000
107.8 40.50000 14 1.00000
107.9 40.50000 14 1.00000
108.0 40.50000 14 1.00000
108.1 40.50000 14 1.00000
108.2 40.50000 14 1.00000
108.3 40.50000 14 1.00000
108.4 40.50000 14 1.00000
108.5 40.50000 14 1.00000
108.6 40.50000 14 1.00000
108.7 40.50000 14 1.00000
108.8 40.50000 14 1.00000
108.9 40.50000 14 1.00000
109.0 40.50000 14 1.00000
109.1 40.50000 14 1.00000
109.2 40.50000 14 1.00000
109.3 40.50000 14 1.00000
109.4 40.50000 14 1.00000
109.5 40.50000 14 1.00000
109.6 40.50000 14 1.00000
109.7 40.50000 14 1.00000
109.8 40.50000 14 1.00000
109.9 40.50000 14 1.00000
110.0 40.50000 14 1.00000
110.1 40.50000 14 1.00000
110.2 40.50000 14 1.00000
110.3 40.50000 14 1.00000
110.4 40.50000 14 1.00000
110.5 40.50000 14 1.00000
110.6 40.50000 14 1.00000
110.7 40.50000 14 1.00000
110.8 40.50000 14 1.00000
110.9 40.50000 14 1.00000
111.0 40.50000 14 1.00000
111.1 40.50000 14 1.00000
111.2 40.50000 14 1.00000
111.3 40.50000 14 1.00000
111.4 40.50000 14 1.00000
111.5 40.50000 14 1.00000
111.6 40.50000 14 1.00000
111.7 40.50000 14 1.00000
111.8 40.50000 14 1.00000
111.9 40.50000 14 1.00000
112.0 40.50000 14 1.00000
112.1 40.50000 14 1.00000
112.2 40.50000 14 1.00000
112.3 40.50000 14 1.00000
112.4 40.50000 14 1.00000
112.5 40.50000 14 1.00000
112.6 40.50000 14 1.00000
112.7 40.50000 14 1.00000
112.8 40.50000 14 1.00000
112.9 40.50000 14 1.00000
113.0 40.50000 14 1.00000
113.1 40.50000 14 1.00000
113.2 40.50000 14 1.00000
113.3 40.50000 14 1.00000
113.4 40.50000 14 1.00000
113.5 40.50000 14 1.00000
113.6 40.50000 14 1.00000
113.7 40.50000 14 1.00000
113.8 40.50000 14 1.00000
113.9 40.50000 14 1.00000
114.0 40.50000 14 1.00000
114.1 40.50000 14 1.00000
114.2 40.50000 14 1.00000
114.3 40.50000 14 1.00000
114.4 40.50000 14 1.00000
114.5 40.50000 14 1.00000
114.6 40.50000 14 1.00000
114.7 40.50000 14 1.00000
114.8 40.50000 14 1.00000
114.9 40.50000 14 1.00000
115.0 40.50000 14 1.00000
115.1 40.50000 14 1.00000
115.2 40.50000 14 1.00000
115.3 40.50000 14 1.00000
115.4 40.50000 14 1.00000
115.5 40.50000 14 1.00000
115.6 40.50000 14 1.00000
115.7 40.50000 14 1.00000
115.8 40.50000 14 1.00000
115.9 40.50000 14 1.00000
116.0 40.50000 14 1.00000
116.1 40.50000 14 1.00000
116.2 40.50000 14 1.00000
116.3 40.50000 14 1.00000
116.4 40.50000 14 1.00000
116.5 40.50000 14 1.00000
116.6 40.50000 14 1.00000
116.7 40.50000 14 1.00000
116.8 40.50000 14 1.00000
116.9 40.50000 14 1.00000
117.0 40.50000 14 1.00000
117.1 40.50000 14 1.00000
117.2 40.50000 14 1.00000
117.3 40.50000 14 1.00000
117.4 40.50000 14 1.00000
117.5 40.50000 14 1.00000
117.6 40.50000 14 1.00000
117.7 40.50000 14 1.00000
117.8 40.50000 14 1.00000
117.9 40.50000 14 1.00000
118.0 40.50000 14 1.00000
118.1 40.50000 14 1.00000
118.2 40.50000 14 1.00000
118.3 40.50000 14 1.00000
118.4 40.50000 14 1.00000
118.5 40.50000 14 1.00000
118.6 40.50000 14 1.00000
118.7 40.50000 14 1.00000
118.8 40.50000 14 1.00000
118.9 40.50000 14 1.00000
119.0 40.50000 14 1.00000
119.1 40.50000 14 1.00000
119.2 40.50000 14 1.00000
119.3 40.50000 14 1.00000
119.4 40.50000 14 1.00000
119.5 40.50000 14 1.00000
119.6 40.50000 14 1.00000
119.7 40.50000 14 1.00000
119.8 40.50000 14 1.00000
119.9 40.50000 14 1.00000
120.0 40.50000 14 1.00000
120.1 40.50000 14 1.00000
120.2 40.50000 14 1.00000
120.3 40.50000 14 1.00000
120.4 40.50000 14 1.00000
120.5 40.50000 14 1.00000
120.6 40.50000 14 1.00000
120.7 40.50000 14 1.00000
120.8 40.50000 14 1.00000
120.9 40.50000 14 1.00000
121.0 40.50000 14 1.00000
121.1 40.50000 14 1.00000
121.2 40.50000 14 1.00000
121.3 40.50000 14 1.00000
121.4 40.50000 14 1.00000
121.5 40.50000 14 1.00000
121.6 40.50000 14 1.00000
121.7 40.50000 14 1.00000
121.8 40.50000 14 1.00000
121.9 40.50000 14 1.00000
122.0 40.50000 14 1.00000
122.1 40.50000 14 1.00000
122.2 40.50000 14 1.00000
122.3 40.50000 14 1.00000
122.4 40.50000 14 1.00000
122.5 40.50000 14 1.00000
122.6 40.50000 14 1.00000
122.7 40.50000 14 1.00000
122.8 40.50000 14 1.00000
122.9 40.50000 14 1.00000
123.0 40.50000 14 1.00000
123.1 40.50000 14 1.00000
123.2 40.50000 14 1.00000
123.3 40.50000 14 1.00000
123.4 40.50000 14 1.00000
123.5 40.50000 14 1.00000
123.6 40.50000 14 1.00000
123.7 40.50000 14 1.00000
123.8 40.50000 14 1.00000
123.9 40.50000 14 1.00000
124.0 40.50000 14 1.00000
124.1 40.50000 14 1.00000
124.2 40.50000 14 1.00000
124.3 40.50000 14 1.00000
124.4 40.50000 14 1.00000
124.5 40.50000 14 1.00000
124.6 40.50000 14 1.00000
124.7 40.50000 14 1.00000
124.8 40.50000 14 1.00000
124.9 40.50000 14 1.00000
125.0 40.50000 14 1.00000
125.1 40.50000 14 1.00000
125.2 40.50000 14 1.00000
125.3 40.50000 14 1.00000
125.4 40.50000 14 1.00000
125.5 40.50000 14 1.00000
125.6 40.50000 14 1.00000
125.7 40.50000 14 1.00000
125.8 40.50000 14 1.00000
125.9 40.50000 14 1.00000
126.0 40.50000 14 1.00000
126.1 40.50000 14 1.00000
126.2 40.50000 14 1.00000
126.3 40.50000 14 1.00000
126.4 40.50000 14 1.00000
126.5 40.50000 14 1.00000
126.6 40.50000 14 1.00000
126.7 40.50000 14 1.00000
126.8 40.50000 14 1.00000
126.9 40.50000 14 1.00000
127.0 40.50000 14 1.00000
127.1 40.50000 14 1.00000
127.2 40.50000 14 1.00000
127.3 40.50000 14 1.00000
127.4 40.50000 14 1.00000
127.5 40.50000 14 1.00000
127.6 40.50000 14 1.00000
127.7 40.50000 14 1.00000
127.8 40.50000 14 1.00000
127.9 40.50000 14 1.00000
128.0 40.50000 14 1.00000
128.1 40.50000 14 1.00000
128.2 40.50000 14 1.00000
128.3 40.50000 14 1.00000
128.4 40.50000 14 1.00000
128.5 40.50000 14 1.00000
128.6 40.50000 14 1.00000
128.7 40.50000 14 1.00000
128.8 40.50000 14 1.00000
128.9 40.50000 14 1.00000
129.0 40.50000 14 1.00000
129.1 40.50000 14 1.00000
129.2 40.50000 14 1.00000
129.3 40.50000 14 1.00000
129.4 40.50000 14 1.00000
129.5 40.50000 14 1.00000
129.6 40.50000 14 1.00000
129.7 40.50000 14 1.00000
129.8 40.50000 14 1.00000
129.9 40.50000 14 1.00000
130.0 40.50000 14 1.00000
130.1 40.50000 14 1.00000
130.2 40.50000 14 1.00000
130.3 40.50000 14 1.00000
130.4 40.50000 14 1.00000
130.5 40.50000 14 1.00000
130.6 40.50000 14 1.00000
130.7 40.50000 14 1.00000
130.8 40.50000 14 1.00000
130.9 40.50000 14 1.00000
131.0 40.50000 14 1.00000
131.1 40.50000 14 1.00000
131.2 40.50000 14 1.00000
131.3 40.50000 14 1.00000
131.4 40.50000 14 1.00000
131.5 40.50000 14 1.00000
131.6 40.50000 14 1.00000
131.7 40.50000 14 1.00000
131.8 40.50000 14 1.00000
131.9 40.50000 14 1.00000
132.0 40.50000 14 1.00000
132.1 40.50000 14 1.00000
132.2 40.50000 14 1.00000
132.3 40.50000 14 1.00000
132.4 40.50000 14 1.00000
132.5 40.50000 14 1.00000
132.6 40.50000 14 1.00000
132.7 40.50000 14 1.00000
132.8 40.50000 14 1.00000
132.9 40.50000 14 1.00000
133.0 40.50000 14 1.00000
133.1 40.50000 14 1.00000
133.2 40.50000 14 1.00000
133.3 40.50000 14 1.00000
133.4 40.50000 14 1.00000
133.5 40.50000 14 1.00000
133.6 40.50000 14 1.00000
133.7 40.50000 14 1.00000
133.8 40.50000 14 1.00000
133.9 40.50000 14 1.00000
134.0 40.50000 14 1.00000
134.1 40.50000 14 1.00000
134.2 40.50000 14 1.00000
134.3 40.50000 14 1.00000
134.4 40.50000 14 1.00000
134.5 40.50000 14 1.00000
134.6 40.50000 14 1.00000
134.7 40.50000 14 1.00000
134.8 40.50000 14 1.00000
134.9 40.50000 14 1.00000
135.0 40.50000 14 1.00000
135.1 40.50000 14 1.00000
135.2 40.50000 14 1.00000
135.3 40.50000 14 1.00000
135.4 40.50000 14 1.00000
135.5 40.50000 14 1.00000
135.6 40.50000 14 1.00000
135.7 40.50000 14 1.00000
135.8 40.50000 14 1.00000
135.9 40.50000 14 1.00000
136.0 40.50000 14 1.00000
136.1 40.50000 14 1.00000
136.2 40.50000 14 1.00000
136.3 40.50000 14 1.00000
136.4 40.50000 14 1.00000
136.5 40.50000 14 1.00000
136.6 40.50000 14 1.00000
136.7 40.50000 14 1.00000
136.8 40.50000 14 1.00000
136.9 40.50000 14 1.00000
137.0 40.50000 14 1.00000
137.1 40.50000 14 1.00000
137.2 40.50000 14 1.00000
137.3 40.50000 14 1.00000
137.4 40.50000 14 1.00000
137.5 40.50000 14 1.00000
137.6 40.50000 14 1.00000
137.7 40.50000 14 1.00000
137.8 40.50000 14 1.00000
137.9 40.50000 14 1.00000
138.0 40.50000 14 1.00000
138.1 40.50000 14 1.00000
138.2 40.50000 14 1.00000
138.3 40.50000 14 1.00000
138.4 40.50000 14 1.00000
138.5 40.50000 14 1.00000
138.6 40.50000 14 1.00000
138.7 40.50000 14 1.00000
138.8 40.50000 14 1.00000
138.9 40.50000 14 1.00000
139.0 40.50000 14 1.00000
139.1 40.50000 14 1.00000
139.2 40.50000 14 1.00000
139.3 40.50000 14 1.00000
139.4 40.50000 14 1.00000
139.5 40.50000 14 1.00000
139.6 40.50000 14 1.00000
139.7 40.50000 14 1.00000
139.8 40.50000 14 1.00000
139.9 40.50000 14 1.00000
140.0 40.50000 14 1.00000
140.1 40.50000 14 1.00000
140.2 40.50000 14 1.00000
140.3 40.50000 14 1.00000
140.4 40.50000 14 1.00000
140.5 40.50000 14 1.00000
140.6 40.50000 14 1.00000
140.7 40.50000 14 1.00000
140.8 40.50000 14 1.00000
140.9 40.50000 14 1.00000
141.0 40.50000 14 1.00000
141.1 40.50000 14 1.00000
141.2 40.50000 14 1.00000
141.3 40.50000 14 1.00000
141.4 40.50000 14 1.00000
141.5 40.50000 14 1.00000
141.6 40.50000 14 1.00000
141.7 40.50000 14 1.00000
141.8 40.50000 14 1.00000
141.9 40.50000 14 1.00000
142.0 40.50000 14 1.00000
142.1 40.50000 14 1.00000
142.2 40.50000 14 1.00000
142.3 40.50000 14 1.00000
142.4 40.50000 14 1.00000
142.5 40.50000 14 1.00000
142.6 40.50000 14 1.00000
142.7 40.50000 14 1.00000
142.8 40.50000 14 1.00000
142.9 40.50000 14 1.00000
143.0 40.50000 14 1.00000
143.1 40.50000 14 1.00000
143.2 40.50000 14 1.00000
143.3 40.50000 14 1.00000
143.4 40.50000 14 1.00000
143.5 40.50000 14 1.00000
143.6 40.50000 14 1.00000
143.7 40.50000 14 1.00000
143.8 40.50000 14 1.00000
143.9 40.50000 14 1.00000
144.0 40.50000 14 1.00000
144.1 40.50000 14 1.00000
144.2 40.50000 14 1.00000
144.3 40.50000 14 1.00000
144.4 40.50000 14 1.00000
144.5 40.50000 14 1.00000
144.6 40.50000 14 1.00000
144.7 40.50000 14 1.00000
144.8 40.50000 14 1.00000
144.9 40.50000 14 1.00000
145.0 40.50000 14 1.00000
145.1 40.50000 14 1.00000
145.2 40.50000 14 1.00000
145.3 40.50000 14 1.00000
145.4 40.50000 14 1.00000
145.5 40.50000 14 1.00000
145.6 40.50000 14 1.00000
145.7 40.50000 14 1.00000
145.8 40.50000 14 1.00000
145.9 40.50000 14 1.00000
146.0 40.50000 14 1.00000
146.1 40.50000 14 1.00000
146.2 40.50000 14 1.00000
146.3 40.50000 14 1.00000
146.4 40.50000 14 1.00000
146.5 40.50000 14 1.00000
146.6 40.50000 14 1.00000
146.7 40.50000 14 1.00000
146.8 40.50000 14 1.00000
146.9 40.50000 14 1.00000
147.0 40.50000 14 1.00000
147.1 40.50000 14 1.00000
147.2 40.50000 14 1.00000
147.3 40.50000 14 1.00000
147.4 40.50000 14 1.00000
147.5 40.50000 14 1.00000
147.6 40.50000 14 1.00000
147.7 40.50000 14 1.00000
147.8 40.50000 14 1.00000
147.9 40.50000 14 1.00000
148.0 40.50000 14 1.00000
148.1 40.50000 14 1.00000
148.2 40.50000 14 1.00000
148.3 40.50000 14 1.00000
148.4 40.50000 14 1.00000
148.5 40.50000 14 1.00000
148.6 40.50000 14 1.00000
148.7 40.50000 14 1.00000
148.8 40.50000 14 1.00000
148.9 40.50000 14 1.00000
149.0 40.50000 14 1.00000
149.1 40.50000 14 1.00000
149.2 40.50000 14 1.00000
149.3 40.50000 14 1.00000
149.4 40.50000 14 1.00000
149.5 40.50000 14 1.00000
149.6 40.50000 14 1.00000
149.7 40.50000 14 1.00000
149.8 40.50000 14 1.00000
149.9 40.50000 14 1.00000
150.0 40.50000 14 1.00000
150.1 40.50000 14 1.00000
150.2 40.50000 14 1.00000
150.3 40.50000 14 1.00000
150.4 40.50000 14 1.00000
150.5 40.50000 14 1.00000
150.6 40.50000 14 1.00000
150.7 40.50000 14 1.00000
150.8 40.50000 14 1.00000
150.9 40.50000 14 1.00000
151.0 40.50000 14 1.00000
151.1 40.50000 14 1.00000
151.2 40.50000 14 1.00000
151.3 40.50000 14 1.00000
151.4 40.50000 14 1.00000
151.5 40.50000 14 1.00000
151.6 40.50000 14 1.00000
151.7 40.50000 14 1.00000
151.8 40.50000 14 1.00000
151.9 40.50000 14 1.00000
152.0 40.50000 14 1.00000
152.1 40.50000 14 1.00000
152.2 40.50000 14 1.00000
152.3 40.50000 14 1.00000
152.4 40.50000 14 1.00000
152.5 40.50000 14 1.00000
152.6 40.50000 14 1.00000
152.7 40.50000 14 1.00000
152.8 40.50000 14 1.00000
152.9 40.50000 14 1.00000
153.0 40.50000 14 1.00000
153.1 40.50000 14 1.00000
153.2 40.50000 14 1.00000
153.3 40.50000 14 1.00000
153.4 40.50000 14 1.00000
153.5 40.50000 14 1.00000
153.6 40.50000 14 1.00000
153.7 40.50000 14 1.00000
153.8 40.50000 14 1.00000
153.9 40.50000 14 1.00000
154.0 40.50000 14 1.00000
154.1 40.50000 14 1.00000
154.2 40.50000 14 1.00000
154.3 40.50000 14 1.00000
154.4 40.50000 14 1.00000
154.5 40.50000 14 1.00000
154.6 40.50000 14 1.00000
154.7 40.50000 14 1.00000
154.8 40.50000 14 1.00000
154.9 40.50000 14 1.00000
155.0 40.50000 14 1.00000
155.1 40.50000 14 1.00000
155.2 40.50000 14 1.00000
155.3 40.50000 14 1.00000
155.4 40.50000 14 1.00000
155.5 40.50000 14 1.00000
155.6 40.50000 14 1.00000
155.7 40.50000 14 1.00000
155.8 40.50000 14 1.00000
155.9 40.50000 14 1.00000
156.0 40.50000 14 1.00000
156.1 40.50000 14 1.00000
156.2 40.50000 14 1.00000
156.3 40.50000 14 1.00000
156.4 40.50000 14 1.00000
156.5 40.50000 14 1.00000
156.6 40.50000 14 1.00000
156.7 40.50000 14 1.00000
156.8 40.50000 14 1.00000
156.9 40.50000 14 1.00000
157.0 40.50000 14 1.00000
157.1 40.50000 14 1.00000
157.2 40.50000 14 1.00000
157.3 40.50000 14 1.00000
157.4 40.50000 14 1.00000
157.5 40.50000 14 1.00000
157.6 40.50000 14 1.00000
157.7 40.50000 14 1.00000
157.8 40.50000 14 1.00000
157.9 40.50000 14 1.00000
158.0 40.50000 14 1.00000
158.1 40.50000 14 1.00000
158.2 40.50000 14 1.00000
158.3 40.50000 14 1.00000
158.4 40.50000 14 1.00000
158.5 40.50000 14 1.00000
158.6 40.50000 14 1.00000
158.7 40.50000 14 1.00000
158.8 40.50000 14 1.00000
158.9 40.50000 14 1.00000
159.0 40.50000 14 1.00000
159.1 40.50000 14 1.00000
159.2 40.50000 14 1.00000
159.3 40.50000 14 1.00000
159.4 40.50000 14 1.00000
159.5 40.50000 14 1.00000
159.6 40.50000 14 1.00000
159.7 40.50000 14 1.00000
159.8 40.50000 14 1.00000
159.9 40.50000 14 1.00000
160.0 40.50000 14 1.00000
160.1 40.50000 14 1.00000
160.2 40.50000 14 1.00000
160.3 40.50000 14 1.00000
160.4 40.50000 14 1.00000
160.5 40.50000 14 1.00000
160.6 40.50000 14 1.00000
160.7 40.50000 14 1.00000
160.8 40.50000 14 1.00000
160.9 40.50000 14 1.00000
161.0 40.50000 14 1.00000
161.1 40.50000 14 1.00000
161.2 40.50000 14 1.00000
161.3 40.50000 14 1.00000
161.4 40.50000 14 1.00000
161.5 40.50000 14 1.00000
161.6 40.50000 14 1.00000
161.7 40.50000 14 1.00000
161.8 40.50000 14 1.00000
161.9 40.50000 14 1.00000
162.0 40.50000 14 1.00000
162.1 40.50000 14 1.00000
162.2 40.50000 14 1.00000
162.3 40.50000 14 1.00000
162.4 40.50000 14 1.00000
162.5 40.50000 14 1.00000
162.6 40.50000 14 1.00000
162.7 40.50000 14 1.00000
162.8 40.50000 14 1.00000
162.9 40.50000 14 1.00000
163.0 40.50000 14 1.00000
163.1 40.50000 14 1.00000
163.2 40.50000 14 1.00000
163.3 40.50000 14 1.00000
163.4 40.50000 14 1.00000
163.5 40.50000 14 1.00000
163.6 40.50000 14 1.00000
163.7 40.50000 14 1.00000
163.8 40.50000 14 1.00000
163.9 40.50000 14 1.00000
164.0 40.50000 14 1.00000
164.1 40.50000 14 1.00000
164.2 40.50000 14 1.00000
164.3 40.50000 14 1.00000
164.4 40.50000 14 1.00000
164.5 40.50000 14 1.00000
164.6 40.50000 14 1.00000
164.7 40.50000 14 1.00000
164.8 40.50000 14 1.00000
164.9 40.50000 14 1.00000
165.0 40.50000 14 1.00000
165.1 40.50000 14 1.00000
165.2 40.50000 14 1.00000
165.3 40.50000 14 1.00000
165.4 40.50000 14 1.00000
165.5 40.50000 14 1.00000
165.6 40.50000 14 1.00000
165.7 40.50000 14 1.00000
165.8 40.50000 14 1.00000
165.9 40.50000 14 1.00000
166.0 40.50000 14 1.00000
166.1 40.50000 14 1.00000
166.2 40.50000 14 1.00000
166.3 40.50000 14 1.00000
166.4 40.50000 14 1.00000
166.5 40.50000 14 1.00000
166.6 40.50000 14 1.00000
166.7 40.50000 14 1.00000
166.8 40.50000 14 1.00000
166.9 40.50000 14 1.00000
167.0 40.50000 14 1.00000
167.1 40.50000 14 1.00000
167.2 40.50000 14 1.00000
167.3 40.50000 14 1.00000
167.4 40.50000 14 1.00000
167.5 40.50000 14 1.00000
167.6 40.50000 14 1.00000
167.7 40.50000 14 1.00000
167.8 40.50000 14 1.00000
167.9 40.50000 14 1.00000
168.0 40.50000 14 1.00000
168.1 40.50000 14 1.00000
168.2 40.50000 14 1.00000
168.3 40.50000 14 1.00000
168.4 40.50000 14 1.00000
168.5 40.50000 14 1.00000
168.6 40.50000 14 1.00000
168.7 40.50000 14 1.00000
168.8 40.50000 14 1.00000
168.9 40.50000 14 1.00000
169.0 40.50000 14 1.00000
169.1 40.50000 14 1.00000
169.2 40.50000 14 1.00000
169.3 40.50000 14 1.00000
169.4 40.50000 14 1.00000
169.5 40.50000 14 1.00000
169.6 40.50000 14 1.00000
169.7 40.50000 14 1.00000
169.8 40.50000 14 1.00000
169.9 40.50000 14 1.00000
170.0 40.50000 14 1.00000
170.1 40.50000 14 1.00000
170.2 40.50000 14 1.00000
170.3 40.50000 14 1.00000
170.4 40.50000 14 1.00000
170.5 40.50000 14 1.00000
170.6 40.50000 14 1.00000
170.7 40.50000 14 1.00000
170.8 40.50000 14 1.00000
170.9 40.50000 14 1.00000
171.0 40.50000 14 1.00000
171.1 40.50000 14 1.00000
171.2 40.50000 14 1.00000
171.3 40.50000 14 1.00000
171.4 40.50000 14 1.00000
171.5 40.50000 14 1.00000
171.6 40.50000 14 1.00000
171.7 40.50000 14 1.00000
171.8 40.50000 14 1.00000
171.9 40.50000 14 1.00000
172.0 40.50000 14 1.00000
172.1 40.50000 14 1.00000
172.2 40.50000 14 1.00000
172.3 40.50000 14 1.00000
172.4 40.50000 14 1.00000
172.5 40.50000 14 1.00000
172.6 40.50000 14 1.00000
172.7 40.50000 14 1.00000
172.8 40.50000 14 1.00000
172.9 40.50000 14 1.00000
173.0 40.50000 14 1.00000
173.1 40.50000 14 1.00000
173.2 40.50000 14 1.00000
173.3 40.50000 14 1.00000
173.4 40.50000 14 1.00000
173.5 40.50000 14 1.00000
173.6 40.50000 14 1.00000
173.7 40.50000 14 1.00000
173.8 40.50000 14 1.00000
173.9 40.50000 14 1.00000
174.0 40.50000 14 1.00000
174.1 40.50000 14 1.00000
174.2 40.50000 14 1.00000
174.3 40.50000 14 1.00000
174.4 40.50000 14 1.00000
174.5 40.50000 14 1.00000
174.6 40.50000 14 1.00000
174.7 40.50000 14 1.00000
174.8 40.50000 14 1.00000
174.9 40.50000 14 1.00000
175.0 40.50000 14 1.00000
175.1 40.50000 14 1.00000
175.2 40.50000 14 1.00000
175.3 40.50000 14 1.00000
175.4 40.50000 14 1.00000
175.5 40.50000 14 1.00000
175.6 40.50000 14 1.00000
175.7 40.50000 14 1.00000
175.8 40.50000 14 1.00000
175.9 40.50000 14 1.00000
176.0 40.50000 14 1.00000
176.1 40.50000 14 1.00000
176.2 40.50000 14 1.00000
176.3 40.50000 14 1.00000
176.4 40.50000 14 1.00000
176.5 40.50000 14 1.00000
176.6 40.50000 14 1.00000
176.7 40.50000 14 1.00000
176.8 40.50000 14 1.00000
176.9 40.50000 14 1.00000
177.0 40.50000 14 1.00000
177.1 40.50000 14 1.00000
177.2 40.50000 14 1.00000
177.3 40.50000 14 1.00000
177.4 40.50000 14 1.00000
177.5 40.50000 14 1.00000
177.6 40.50000 14 1.00000
177.7 40.50000 14 1.00000
177.8 40.50000 14 1.00000
177.9 40.50000 14 1.00000
178.0 40.50000 14 1.00000
178.1 40.50000 14 1.00000
178.2 40.50000 14 1.00000
178.3 40.50000 14 1.00000
178.4 40.50000 14 1.00000
178.5 40.50000 14 1.00000
178.6 40.50000 14 1.00000
178.7 40.50000 14 1.00000
178.8 40.50000 14 1.00000
178.9 40.50000 14 1.00000
179.0 40.50000 14 1.00000
179.1 40.50000 14 1.00000
179.2 40.50000 14 1.00000
179.3 40.50000 14 1.00000
179.4 40.50000 14 1.00000
179.5 40.50000 14 1.00000
179.6 40.50000 14 1.00000
179.7 40.50000 14 1.00000
179.8 40.50000 14 1.00000
179.9 40.50000 14 1.00000
180.0 40.50000 14 1.00000
180.1 40.50000 14 1.00000
180.2 40.50000 14 1.00000
180.3 40.50000 14 1.00000
180.4 40.50000 14 1.00000
180.5 40.50000 14 1.00000
180.6 40.50000 14 1.00000
180.7 40.50000 14 1.00000
180.8 40.50000 14 1.00000
180.9 40.50000 14 1.00000
181.0 40.50000 14 1.00000
181.1 40.50000 14 1.00000
181.2 40.50000 14 1.00000
181.3 40.50000 14 1.00000
181.4 40.50000 14 1.00000
181.5 40.50000 14 1.00000
181.6 40.50000 14 1.00000
181.7 40.50000 14 1.00000
181.8 40.50000 14 1.00000
181.9 40.50000 14 1.00000
182.0 40.50000 14 1.00000
182.1 40.50000 14 1.00000
182.2 40.50000 14 1.00000
182.3 40.50000 14 1.00000
182.4 40.50000 14 1.00000
182.5 40.50000 14 1.00000
182.6 40.50000 14 1.00000
182.7 40.50000 14 1.00000
182.8 40.50000 14 1.00000
182.9 40.50000 14 1.00000
183.0 40.50000 14 1.00000
183.1 40.50000 14 1.00000
183.2 40.50000 14 1.00000
183.3 40.50000 14 1.00000
183.4 40.50000 14 1.00000
183.5 40.50000 14 1.00000
183.6 40.50000 14 1.00000
183.7 40.50000 14 1.00000
183.8 40.50000 14 1.00000
183.9 40.50000 14 1.00000
184.0 40.50000 14 1.00000
184.1 40.50000 14 1.00000
184.2 40.50000 14 1.00000
184.3 40.50000 14 1.00000
184.4 40.50000 14 1.00000
184.5 40.50000 14 1.00000
184.6 40.50000 14 1.00000
184.7 40.50000 14 1.00000
184.8 40.50000 14 1.00000
184.9 40.50000 14 1.00000
185.0 40.50000 14 1.00000
185.1 40.50000 14 1.00000
185.2 40.50000 14 1.00000
185.3 40.50000 14 1.00000
185.4 40.50000 14 1.00000
185.5 40.50000 14 1.00000
185.6 40.50000 14 1.00000
185.7 40.50000 14 1.00000
185.8 40.50000 14 1.00000
185.9 40.50000 14 1.00000
186.0 40.50000 14 1.00000
186.1 40.50000 14 1.00000
186.2 40.50000 14 1.00000
186.3 40.50000 14 1.00000
186.4 40.50000 14 1.00000
186.5 40.50000 14 1.00000
186.6 40.50000 14 1.00000
186.7 40.50000 14 1.00000
186.8 40.50000 14 1.00000
186.9 40.50000 14 1.00000
187.0 40.50000 14 1.00000
187.1 40.50000 14 1.00000
187.2 40.50000 14 1.00000
187.3 40.50000 14 1.00000
187.4 40.50000 14 1.00000
187.5 40.50000 14 1.00000
187.6 40.50000 14 1.00000
187.7 40.50000 14 1.00000
187.8 40.50000 14 1.00000
187.9 40.50000 14 1.00000
188.0 40.50000 14 1.00000
188.1 40.50000 14 1.00000
188.2 40.50000 14 1.00000
188.3 40.50000 14 1.00000
188.4 40.50000 14 1.00000
188.5 40.50000 14 1.00000
188.6 40.50000 14 1.00000
188.7 40.50000 14 1.00000
188.8 40.50000 14 1.00000
188.9 40.50000 14 1.00000
189.0 40.50000 14 1.00000
189.1 40.50000 14 1.00000
189.2 40.50000 14 1.00000
189.3 40.50000 14 1.00000
189.4 40.50000 14 1.00000
189.5 40.50000 14 1.00000
189.6 40.50000 14 1.00000
189.7 40.50000 14 1.00000
189.8 40.50000 14 1.00000
189.9 40.50000 14 1.00000
190.0 40.50000 14 1.00000
190.1 40.50000 14 1.00000
190.2 40.50000 14 1.00000
190.3 40.50000 14 1.00000
190.4 40.50000 14 1.00000
190.5 40.50000 14 1.00000
190.6 40.50000 14 1.00000
190.7 40.50000 14 1.00000
190.8 40.50000 14 1.00000
190.9 40.50000 14 1.00000
191.0 40.50000 14 1.00000
191.1 40.50000 14 1.00000
191.2 40.50000 14 1.00000
191.3 40.50000 14 1.00000
191.4 40.50000 14 1.00000
191.5 40.50000 14 1.00000
191.6 40.50000 14 1.00000
191.7 40.50000 14 1.00000
191.8 40.50000 14 1.00000
191.9 40.50000 14 1.00000
192.0 40.50000 14 1.00000
192.1 40.50000 14 1.00000
192.2 40.50000 14 1.00000
192.3 40.50000 14 1.00000
192.4 40.50000 14 1.00000
192.5 40.50000 14 1.00000
192.6 40.50000 14 1.00000
192.7 40.50000 14 1.00000
192.8 40.50000 14 1.00000
192.9 40.50000 14 1.00000
193.0 40.50000 14 1.00000
193.1 40.50000 14 1.00000
193.2 40.50000 14 1.00000
193.3 40.50000 14 1.00000
193.4 40.50000 14 1.00000
193.5 40.50000 14 1.00000
193.6 40.50000 14 1.00000
193.7 40.50000 14 1.00000
193.8 40.50000 14 1.00000
193.9 40.50000 14 1.00000
194.0 40.50000 14 1.00000
194.1 40.50000 14 1.00000
194.2 40.50000 14 1.00000
194.3 40.50000 14 1.00000
194.4 40.50000 14 1.00000
194.5 40.50000 14 1.00000
194.6 40.50000 14 1.00000
194.7 40.50000 14 1.00000
194.8 40.50000 14 1.00000
194.9 40.50000 14 1.00000
195.0 40.50000 14 1.00000
195.1 40.50000 14 1.00000
195.2 40.50000 14 1.00000
195.3 40.50000 14 1.00000
195.4 40.50000 14 1.00000
195.5 40.50000 14 1.00000
195.6 40.50000 14 1.00000
195.7 40.50000 14 1.00000
195.8 40.50000 14 1.00000
195.9 40.50000 14 1.00000
196.0 40.50000 14 1.00000
196.1 40.50000 14 1.00000
196.2 40.50000 14 1.00000
196.3 40.50000 14 1.00000
196.4 40.50000 14 1.00000
196.5 40.50000 14 1.00000
196.6 40.50000 14 1.00000
196.7 40.50000 14 1.00000
196.8 40.50000 14 1.00000
196.9 40.50000 14 1.00000
197.0 40.50000 14 1.00000
197.1 40.50000 14 1.00000
197.2 40.50000 14 1.00000
197.3 40.50000 14 1.00000
197.4 40.50000 14 1.00000
197.5 40.50000 14 1.00000
197.6 40.50000 14 1.00000
197.7 40.50000 14 1.00000
197.8 40.50000 14 1.00000
197.9 40.50000 14 1.00000
198.0 40.50000 14 1.00000
198.1 40.50000 14 1.00000
198.2 40.50000 14 1.00000
198.3 40.50000 14 1.00000
198.4 40.50000 14 1.00000
198.5 40.50000 14 1.00000
198.6 40.50000 14 1.00000
198.7 40.50000 14 1.00000
198.8 40.50000 14 1.00000
198.9 40.50000 14 1.00000
199.0 40.50000 14 1.00000
199.1 40.50000 14 1.00000
199.2 40.50000 14 1.00000
199.3 40.50000 14 1.00000
199.4 40.50000 14 1.00000
199.5 40.50000 14 1.00000
199.6 40.50000 14 1.00000
199.7 40.50000 14 1.00000
199.8 40.50000 14 1.00000
199.9 40.50000 14 1.00000
200.0 40.50000 14 1.00000
200.1 40.50000 14 1.00000
200.2 40.50000 14 1.00000
200.3 40.50000 14 1.00000
200.4 40.50000 14 1.00000
200.5 40.50000 14 1.00000
200.6 40.50000 14 1.00000
200.7 40.50000 14 1.00000
200.8 40.50000 14 1.00000
200.9 40.50000 14 1.00000
201.0 40.50000 14 1.00000
201.1 40.50000 14 1.00000
201.2 40.50000 14 1.00000
201.3 40.50000 14 1.00000
201.4 40.50000 14 1.00000
201.5 40.50000 14 1.00000
201.6 40.50000 14 1.00000
201.7 40.50000 14 1.00000
201.8 40.50000 14 1.00000
201.9 40.50000 14 1.00000
202.0 40.50000 14 1.00000
202.1 40.50000 14 1.00000
202.2 40.50000 14 1.00000
202.3 40.50000 14 1.00000
202.4 40.50000 14 1.00000
202.5 40.50000 14 1.00000
202.6 40.50000 14 1.00000
202.7 40.50000 14 1.00000
202.8 40.50000 14 1.00000
202.9 40.50000 14 1.00000
203.0 40.50000 14 1.00000
203.1 40.50000 14 1.00000
203.2 40.50000 14 1.00000
203.3 40.50000 14 1.00000
203.4 40.50000 14 1.00000
203.5 40.50000 14 1.00000
203.6 40.50000 14 1.00000
203.7 40.50000 14 1.00000
203.8 40.50000 14 1.00000
203.9 40.50000 14 1.00000
204.0 40.50000 14 1.00000
204.1 40.50000 14 1.00000
204.2 40.50000 14 1.00000
204.3 40.50000 14 1.00000
204.4 40.50000 14 1.00000
204.5 40.50000 14 1.00000
204.6 40.50000 14 1.00000
204.7 40.50000 14 1.00000
204.8 40.50000 14 1.00000
204.9 40.50000 14 1.00000
205.0 40.50000 14 1.00000
205.1 40.50000 14 1.00000
205.2 0.00000 15 0.00000
205.3 40.50000 14 1.00000
205.4 40.50000 14 1.00000
205.5 40.50000 14 1.00000
205.6 40.50000 14 1.00000
205.7 0.00000 15 0.00000
205.8 0.00000 15 0.00000
205.9 0.00000 15 0.00000
206.0 40.50000 14 1.00000
206.1 40.50000 14 1.00000
206.2 0.00000 15 0.00000
206.3 0.00000 15 0.00000
206.4 0.00000 15 0.00000
206.5 0.00000 15 0.00000
206.6 0.00000 15 0.00000
206.7 0.00000 15 0.00000
206.8 0.00000 15 0.00000
206.9 0.00000 15 0.00000
207.0 0.00000 15 0.00000
207.1 0.00000 15 0.00000
207.2 0.00000 15 0.00000
207.3 0.00000 15 0.00000
207.4 0.00000 15 0.00000
207.5 0.00000 15 0.00000
207.6 0.00000 15 0.00000
207.7 0.00000 15 0.00000
207.8 0.00000 15 0.00000
207.9 0.00000 15 0.00000
208.0 0.00000 15 0.00000
208.1 0.00000 15 0.00000
208.2 0.00000 15 0.00000
208.3 0.00000 15 0.00000
208.4 0.00000 15 0.00000
208.5 0.00000 15 0.00000
208.6 0.00000 15 0.00000
208.7 0.00000 15 0.00000
208.8 0.00000 15 0.00000
208.9 0.00000 15 0.00000
209.0 0.00000 15 0.00000
209.1 0.00000 15 0.00000
209.2 0.00000 15 0.00000
209.3 0.00000 15 0.00000
209.4 0.00000 15 0.00000
209.5 0.00000 15 0.00000
209.6 0.00000 15 0.00000
209.7 0.00000 15 0.00000
209.8 0.00000 15 0.00000
209.9 0.00000 15 0.00000
210.0 0.00000 15 0.00000
210.1 0.00000 15 0.00000
210.2 0.00000 15 0.00000
210.3 0.00000 15 0.00000
210.4 0.00000 15 0.00000
210.5 0.00000 15 0.00000
210.6 0.00000 15 0.00000
210.7 0.00000 15 0.00000
210.8 0.00000 15 0.00000
210.9 0.00000 15 0.00000
211.0 0.00000 15 0.00000
211.1 0.00000 15 0.00000
211.2 0.00000 15 0.00000
211.3 0.00000 15 0.00000
211.4 0.00000 15 0.00000
211.5 0.00000 15 0.00000
211.6 0.00000 15 0.00000
211.7 0.00000 15 0.00000
211.8 0.00000 15 0.00000
211.9 0.00000 15 0.00000
212.0 0.00000 15 0.00000
212.1 0.00000 15 0.00000
212.2 0.00000 15 0.00000
212.3 0.00000 15 0.00000
212.4 0.00000 15 0.00000
212.5 0.00000 15 0.00000
212.6 0.00000 15 0.00000
212.7 0.00000 15 0.00000
212.8 0.00000 15 0.00000
212.9 0.00000 15 0.00000
213.0 0.00000 15 0.00000
213.1 0.00000 15 0.00000
213.2 0.00000 15 0.00000
213.3 0.00000 15 0.00000
213.4 0.00000 15 0.00000
213.5 0.00000 15 0.00000
213.6 0.00000 15 0.00000
213.7 0.00000 15 0.00000
213.8 0.00000 15 0.00000
213.9 0.00000 15 0.00000
214.0 0.00000 15 0.00000
214.1 0.00000 15 0.00000
214.2 0.00000 15 0.00000
214.3 0.00000 15 0.00000
214.4 0.00000 15 0.00000
214.5 0.00000 15 0.00000
214.6 0.00000 15 0.00000
214.7 0.00000 15 0.00000
214.8 0.00000 15 0.00000
214.9 0.00000 15 0.00000
215.0 0.00000 15 0.00000
215.1 0.00000 15 0.00000
215.2 0.00000 15 0.00000
215.3 0.00000 15 0.00000
215.4 0.00000 15 0.00000
215.5 0.00000 15 0.00000
215.6 0.00000 15 0.00000
215.7 0.00000 15 0.00000
215.8 0.00000 15 0.00000
215.9 0.00000 15 0.00000
216.0 0.00000 15 0.00000
216.1 0.00000 15 0.00000
216.2 0.00000 15 0.00000
216.3 0.00000 15 0.00000
216.4 0.00000 15 0.00000
216.5 0.00000 15 0.00000
216.6 0.00000 15 0.00000
216.7 0.00000 15 0.00000
216.8 0.00000 15 0.00000
216.9 0.00000 15 0.00000
217.0 0.00000 15 0.00000
217.1 0.00000 15 0.00000
217.2 0.00000 15 0.00000
217.3 0.00000 15 0.00000
217.4 0.00000 15 0.00000
217.5 0.00000 15 0.00000
217.6 0.00000 15 0.00000
217.7 0.00000 15 0.00000
217.8 0.00000 15 0.00000
217.9 0.00000 15 0.00000
218.0 0.00000 15 0.00000
218.1 0.00000 15 0.00000
218.2 0.00000 15 0.00000
218.3 0.00000 15 0.00000
218.4 0.00000 15 0.00000
218.5 0.00000 15 0.00000
218.6 0.00000 15 0.00000
218.7 0.00000 15 0.00000
218.8 0.00000 15 0.00000
218.9 0.00000 15 0.00000
219.0 0.00000 15 0.00000
219.1 0.00000 15 0.00000
219.2 0.00000 15 0.00000
219.3 0.00000 15 0.00000
219.4 0.00000 15 0.00000
219.5 0.00000 15 0.00000
219.6 0.00000 15 0.00000
219.7 0.00000 15 0.00000
219.8 0.00000 15 0.00000
219.9 0.00000 15 0.00000
220.0 0.00000 15 0.00000
220.1 0.00000 15 0.00000
220.2 0.00000 15 0.00000
220.3 0.00000 15 0.00000
220.4 0.00000 15 0.00000
220.5 0.00000 15 0.00000
220.6 0.00000 15 0.00000
220.7 0.00000 15 0.00000
220.8 0.00000 15 0.00000
220.9 0.00000 15 0.00000
221.0 0.00000 15 0.00000
221.1 0.00000 15 0.00000
221.2 0.00000 15 0.00000
221.3 0.00000 15 0.00000
221.4 0.00000 15 0.00000
221.5 0.00000 15 0.00000
221.6 0.00000 15 0.00000
221.7 0.00000 15 0.00000
221.8 0.00000 15 0.00000
221.9 0.00000 15 0.00000
222.0 0.00000 15 0.00000
222.1 0.00000 15 0.00000
222.2 0.00000 15 0.00000
222.3 0.00000 15 0.00000
222.4 0.00000 15 0.00000
222.5 0.00000 15 0.00000
222.6 0.00000 15 0.00000
222.7 0.00000 15 0.00000
222.8 0.00000 15 0.00000
222.9 0.00000 15 0.00000
223.0 0.00000 15 0.00000
223.1 0.00000 15 0.00000
223.2 0.00000 15 0.00000
223.3 0.00000 15 0.00000
223.4 0.00000 15 0.00000
223.5 0.00000 15 0.00000
223.6 0.00000 15 0.00000
223.7 0.00000 15 0.00000
223.8 0.00000 15 0.00000
223.9 0.00000 15 0.00000
224.0 0.00000 15 0.00000
224.1 0.00000 15 0.00000
224.2 0.00000 15 0.00000
224.3 0.00000 15 0.00000
224.4 0.00000 15 0.00000
224.5 0.00000 15 0.00000
224.6 0.00000 15 0.00000
224.7 0.00000 15 0.00000
224.8 0.00000 15 0.00000
224.9 0.00000 15 0.00000
225.0 0.00000 15 0.00000
225.1 0.00000 15 0.00000
225.2 0.00000 15 0.00000
225.3 0.00000 15 0.00000
225.4 0.00000 15 0.00000
225.5 0.00000 15 0.00000
225.6 0.00000 15 0.00000
225.7 0.00000 15 0.00000
225.8 0.00000 15 0.00000
225.9 0.00000 15 0.00000
226.0 0.00000 15 0.00000
226.1 0.00000 15 0.00000
226.2 0.00000 15 0.00000
226.3 0.00000 15 0.00000
226.4 0.00000 15 0.00000
226.5 0.00000 15 0.00000
226.6 0.00000 15 0.00000
226.7 0.00000 15 0.00000
226.8 0.00000 15 0.00000
226.9 0.00000 15 0.00000
227.0 0.00000 15 0.00000
227.1 0.00000 15 0.00000
227.2 0.00000 15 0.00000
227.3 0.00000 15 0.00000
227.4 0.00000 15 0.00000
227.5 0.00000 15 0.00000
227.6 0.00000 15 0.00000
227.7 0.00000 15 0.00000
227.8 0.00000 15 0.00000
227.9 0.00000 15 0.00000
228.0 0.00000 15 0.00000
228.1 0.00000 15 0.00000
228.2 0.00000 15 0.00000
228.3 0.00000 15 0.00000
228.4 0.00000 15 0.00000
228.5 0.00000 15 0.00000
228.6 0.00000 15 0.00000
228.7 0.00000 15 0.00000
228.8 0.00000 15 0.00000
228.9 0.00000 15 0.00000
229.0 0.00000 15 0.00000
229.1 0.00000 15 0.00000
229.2 0.00000 15 0.00000
229.3 0.00000 15 0.00000
229.4 0.00000 15 0.00000
229.5 0.00000 15 0.00000
229.6 0.00000 15 0.00000
229.7 0.00000 15 0.00000
229.8 0.00000 15 0.00000
229.9 0.00000 15 0.00000
230.0 0.00000 15 0.00000
230.1 0.00000 15 0.00000
230.2 0.00000 15 0.00000
230.3 0.00000 15 0.00000
230.4 0.00000 15 0.00000
230.5 0.00000 15 0.00000
230.6 0.00000 15 0.00000
230.7 0.00000 15 0.00000
230.8 0.00000 15 0.00000
230.9 0.00000 15 0.00000
231.0 0.00000 15 0.00000
231.1 0.00000 15 0.00000
231.2 0.00000 15 0.00000
231.3 0.00000 15 0.00000
231.4 0.00000 15 0.00000
231.5 0.00000 15 0.00000
231.6 0.00000 15 0.00000
231.7 0.00000 15 0.00000
231.8 0.00000 15 0.00000
231.9 0.00000 15 0.00000
232.0 0.00000 15 0.00000
232.1 0.00000 15 0.00000
232.2 0.00000 15 0.00000
232.3 0.00000 15 0.00000
232.4 0.00000 15 0.00000
232.5 0.00000 15 0.00000
232.6 0.00000 15 0.00000
232.7 0.00000 15 0.00000
232.8 0.00000 15 0.00000
232.9 0.00000 15 0.00000
233.0 0.00000 15 0.00000
233.1 0.00000 15 0.00000
233.2 0.00000 15 0.00000
233.3 0.00000 15 0.00000
233.4 0.00000 15 0.00000
233.5 0.00000 15 0.00000
233.6 0.00000 15 0.00000
233.7 0.00000 15 0.00000
233.8 0.00000 15 0.00000
233.9 0.00000 15 0.00000
234.0 0.00000 15 0.00000
234.1 0.00000 15 0.00000
234.2 0.00000 15 0.00000
234.3 0.00000 15 0.00000
234.4 0.00000 15 0.00000
234.5 0.00000 15 0.00000
234.6 0.00000 15 0.00000
234.7 0.00000 15 0.00000
234.8 0.00000 15 0.00000
234.9 0.00000 15 0.00000
235.0 0.00000 15 0.00000
235.1 0.00000 15 0.00000
235.2 0.00000 15 0.00000
235.3 0.00000 15 0.00000
235.4 0.00000 15 0.00000
235.5 0.00000 15 0.00000
235.6 0.00000 15 0.00000
235.7 0.00000 15 0.00000
235.8 0.00000 15 0.00000
235.9 0.00000 15 0.00000
236.0 0.00000 15 0.00000
236.1 0.00000 15 0.00000
236.2 0.00000 15 0.00000
236.3 0.00000 15 0.00000
236.4 0.00000 15 0.00000
236.5 0.00000 15 0.00000
236.6 0.00000 15 0.00000
236.7 0.00000 15 0.00000
236.8 0.00000 15 0.00000
236.9 0.00000 15 0.00000
237.0 0.00000 15 0.00000
237.1 0.00000 15 0.00000
237.2 0.00000 15 0.00000
237.3 0.00000 15 0.00000
237.4 0.00000 15 0.00000
237.5 0.00000 15 0.00000
237.6 0.00000 15 0.00000
237.7 0.00000 15 0.00000
237.8 0.00000 15 0.00000
237.9 0.00000 15 0.00000
238.0 0.00000 15 0.00000
238.1 0.00000 15 0.00000
238.2 0.00000 15 0.00000
238.3 0.00000 15 0.00000
238.4 0.00000 15 0.00000
238.5 0.00000 15 0.00000
238.6 0.00000 15 0.00000
238.7 0.00000 15 0.00000
238.8 0.00000 15 0.00000
238.9 0.00000 15 0.00000
239.0 0.00000 15 0.00000
239.1 0.00000 15 0.00000
239.2 0.00000 15 0.00000
239.3 0.00000 15 0.00000
239.4 0.00000 15 0.00000
239.5 0.00000 15 0.00000
239.6 0.00000 15 0.00000
239.7 0.00000 15 0.00000
239.8 0.00000 15 0.00000
239.9 0.00000 15 0.00000
240.0 0.00000 15 0.00000
240.1 0.00000 15 0.00000
240.2 0.00000 15 0.00000
240.3 0.00000 15 0.00000
240.4 0.00000 15 0.00000
240.5 0.00000 15 0.00000
240.6 0.00000 15 0.00000
240.7 0.00000 15 0.00000
240.8 0.00000 15 0.00000
240.9 0.00000 15 0.00000
241.0 0.00000 15 0.00000
241.1 0.00000 15 0.00000
241.2 0.00000 15 0.00000
241.3 0.00000 15 0.00000
241.4 0.00000 15 0.00000
241.5 0.00000 15 0.00000
241.6 0.00000 15 0.00000
241.7 0.00000 15 0.00000
241.8 0.00000 15 0.00000
241.9 0.00000 15 0.00000
242.0 0.00000 15 0.00000
242.1 0.00000 15 0.00000
242.2 0.00000 15 0.00000
242.3 0.00000 15 0.00000
242.4 0.00000 15 0.00000
242.5 0.00000 15 0.00000
242.6 0.00000 15 0.00000
242.7 0.00000 15 0.00000
242.8 0.00000 15 0.00000
242.9 0.00000 15 0.00000
243.0 0.00000 15 0.00000
243.1 0.00000 15 0.00000
243.2 0.00000 15 0.00000
243.3 0.00000 15 0.00000
243.4 0.00000 15 0.00000
243.5 0.00000 15 0.00000
243.6 0.00000 15 0.00000
243.7 0.00000 15 0.00000
243.8 0.00000 15 0.00000
243.9 0.00000 15 0.00000
244.0 0.00000 15 0.00000
244.1 0.00000 15 0.00000
244.2 0.00000 15 0.00000
244.3 0.00000 15 0.00000
244.4 0.00000 15 0.00000
244.5 0.00000 15 0.00000
244.6 0.00000 15 0.00000
244.7 0.00000 15 0.00000
244.8 0.00000 15 0.00000
244.9 0.00000 15 0.00000
245.0 0.00000 15 0.00000
245.1 0.00000 15 0.00000
245.2 0.00000 15 0.00000
245.3 0.00000 15 0.00000
245.4 0.00000 15 0.00000
245.5 0.00000 15 0.00000
245.6 0.00000 15 0.00000
245.7 0.00000 15 0.00000
245.8 0.00000 15 0.00000
245.9 0.00000 15 0.00000
246.0 0.00000 15 0.00000
246.1 0.00000 15 0.00000
246.2 0.00000 15 0.00000
246.3 0.00000 15 0.00000
246.4 0.00000 15 0.00000
246.5 0.00000 15 0.00000
246.6 0.00000 15 0.00000
246.7 0.00000 15 0.00000
246.8 0.00000 15 0.00000
246.9 0.00000 15 0.00000
247.0 0.00000 15 0.00000
247.1 0.00000 15 0.00000
247.2 0.00000 15 0.00000
247.3 0.00000 15 0.00000
247.4 0.00000 15 0.00000
247.5 0.00000 15 0.00000
247.6 0.00000 15 0.00000
247.7 0.00000 15 0.00000
247.8 0.00000 15 0.00000
247.9 0.00000 15 0.00000
248.0 0.00000 15 0.00000
248.1 0.00000 15 0.00000
248.2 0.00000 15 0.00000
248.3 0.00000 15 0.00000
248.4 0.00000 15 0.00000
248.5 0.00000 15 0.00000
248.6 0.00000 15 0.00000
248.7 0.00000 15 0.00000
248.8 0.00000 15 0.00000
248.9 0.00000 15 0.00000
249.0 0.00000 15 0.00000
249.1 0.00000 15 0.00000
249.2 0.00000 15 0.00000
249.3 0.00000 15 0.00000
249.4 0.00000 15 0.00000
249.5 0.00000 15 0.00000
249.6 0.00000 15 0.00000
249.7 0.00000 15 0.00000
249.8 0.00000 15 0.00000
249.9 0.00000 15 0.00000
250.0 0.00000 15 0.00000
