15.0 2.32947 13 0.10724
15.1 2.37363 13 0.11090
15.2 2.41819 13 0.11457
15.3 2.46317 13 0.11826
15.4 2.51137 14 0.12195
15.5 2.57266 14 0.12566
15.6 2.63508 14 0.12937
15.7 2.69865 14 0.13310
15.8 2.76337 14 0.13683
15.9 2.82927 14 0.14058
16.0 2.89634 14 0.14433
16.1 2.96460 14 0.14810
16.2 3.03407 14 0.15187
16.3 3.10475 14 0.15565
16.4 3.17666 14 0.15945
16.5 3.24981 14 0.16325
16.6 3.32420 14 0.16706
16.7 3.39985 14 0.17088
16.8 3.47678 14 0.17471
16.9 3.55499 14 0.17854
17.0 3.63449 14 0.18239
17.1 3.71531 14 0.18624
17.2 3.79744 14 0.19010
17.3 3.88090 14 0.19397
17.4 3.96571 14 0.19785
17.5 4.03995 14 0.20173
17.6 4.11324 14 0.20562
17.7 4.18731 14 0.20952
17.8 4.26639 14 0.21373
17.9 4.37844 14 0.22017
18.0 4.49648 14 0.22663
18.1 4.61288 14 0.23321
18.2 4.73141 14 0.23986
18.3 4.85208 14 0.24657
18.4 4.97492 14 0.25336
18.5 5.09995 14 0.26021
18.6 5.22720 14 0.26714
18.7 5.35670 14 0.27413
18.8 5.48846 14 0.28120
18.9 5.62253 14 0.28834
19.0 5.75891 14 0.29555
19.1 5.89764 14 0.30283
19.2 6.03874 14 0.31018
19.3 6.18225 14 0.31762
19.4 6.32819 14 0.32512
19.5 6.47658 14 0.33270
19.6 6.62746 14 0.34036
19.7 6.78085 14 0.34809
19.8 6.93678 14 0.35590
19.9 7.15484 14 0.36393
20.0 7.31518 14 0.37189
20.1 7.47815 14 0.37993
20.2 7.64376 14 0.38806
20.3 7.74364 14 0.39212
20.4 7.83985 14 0.39592
20.5 7.93688 14 0.39973
20.6 8.03473 14 0.40356
20.7 8.13340 14 0.40739
20.8 8.23290 14 0.41124
20.9 8.33323 14 0.41510
21.0 8.43440 14 0.41897
21.1 8.53640 14 0.42285
21.2 8.63924 14 0.42675
21.3 8.74292 14 0.43065
21.4 8.84744 14 0.43457
21.5 8.95282 14 0.43850
21.6 9.05904 14 0.44244
21.7 9.16612 14 0.44639
21.8 9.27405 14 0.45036
21.9 9.38285 14 0.45434
22.0 9.49251 14 0.45833
22.1 9.60303 14 0.46233
22.2 9.71442 14 0.46634
22.3 9.82668 14 0.47037
22.4 9.93982 14 0.47440
22.5 10.05383 14 0.47845
22.6 10.16873 14 0.48252
22.7 10.28451 14 0.48659
22.8 10.40117 14 0.49068
22.9 10.51873 14 0.49477
23.0 10.63718 14 0.49888
23.1 10.75653 14 0.50301
23.2 10.87677 14 0.50714
23.3 10.99792 14 0.51129
23.4 11.11998 14 0.51545
23.5 11.24294 14 0.51962
23.6 11.36682 14 0.52381
23.7 11.49161 14 0.52801
23.8 11.61732 14 0.53222
23.9 11.74395 14 0.53644
24.0 11.87151 14 0.54068
24.1 12.00000 14 0.54492
24.2 12.12941 14 0.54918
24.3 12.25977 14 0.55346
24.4 12.39106 14 0.55774
24.5 12.52329 14 0.56204
24.6 12.65647 14 0.56636
24.7 12.79060 14 0.57068
24.8 12.92568 14 0.57502
24.9 13.06171 14 0.57937
25.0 13.19870 14 0.58373
25.1 13.33665 14 0.58811
25.2 13.47557 14 0.59250
25.3 13.61546 14 0.59690
25.4 13.75632 14 0.60132
25.5 13.89816 14 0.60575
25.6 14.04097 14 0.61019
25.7 14.18477 14 0.61465
25.8 14.32955 14 0.61911
25.9 14.47532 14 0.62360
26.0 14.62209 14 0.62809
26.1 14.76985 14 0.63260
26.2 14.91861 14 0.63712
26.3 15.06838 14 0.64166
26.4 15.21915 14 0.64621
26.5 15.37093 14 0.65077
26.6 15.52373 14 0.65535
26.7 15.67755 14 0.65994
26.8 15.83238 14 0.66454
26.9 15.98824 14 0.66916
27.0 16.14513 14 0.67379
27.1 16.30306 14 0.67844
27.2 16.46202 14 0.68310
27.3 16.62201 14 0.68777
27.4 16.78305 14 0.69246
27.5 16.94514 14 0.69716
27.6 17.10828 14 0.70188
27.7 17.27247 14 0.70661
27.8 17.43773 14 0.71135
27.9 17.60404 14 0.71611
28.0 17.77142 14 0.72088
28.1 17.93987 14 0.72567
28.2 18.10939 14 0.73047
28.3 18.27999 14 0.73528
28.4 18.45167 14 0.74011
28.5 18.62443 14 0.74496
28.6 18.79828 14 0.74981
28.7 18.97322 14 0.75469
28.8 19.14927 14 0.75958
28.9 19.32641 14 0.76448
29.0 19.50465 14 0.76939
29.1 19.68400 14 0.77433
29.2 19.86446 14 0.77927
29.3 20.04604 14 0.78423
29.4 20.22874 14 0.78921
29.5 20.41256 14 0.79420
29.6 20.59751 14 0.79921
29.7 20.78359 14 0.80423
29.8 20.97080 14 0.80926
29.9 21.15915 14 0.81431
30.0 21.34865 14 0.81938
30.1 21.53930 14 0.82446
30.2 21.73109 14 0.82956
30.3 21.92404 14 0.83467
30.4 22.11815 14 0.83980
30.5 22.31342 14 0.84494
30.6 22.50986 14 0.85010
30.7 22.70748 14 0.85527
30.8 22.83792 14 0.86047
30.9 23.03684 14 0.86568
31.0 23.23693 14 0.87090
31.1 23.43819 14 0.87613
31.2 23.64064 14 0.88138
31.3 23.84426 14 0.88665
31.4 24.04910 14 0.89193
31.5 24.25514 14 0.89723
31.6 24.46239 14 0.90254
31.7 24.67084 14 0.90787
31.8 24.88050 14 0.91322
31.9 25.09138 14 0.91858
32.0 25.30348 14 0.92396
32.1 25.51578 14 0.92936
32.2 25.72970 14 0.93477
32.3 25.86084 14 0.94020
32.4 26.07672 14 0.94564
32.5 26.29369 14 0.95110
32.6 26.51190 14 0.95658
32.7 26.73135 14 0.96207
32.8 26.95204 14 0.96758
32.9 27.17389 14 0.97311
33.0 27.39582 14 0.97865
33.1 27.61954 14 0.98421
33.2 27.84450 14 0.98978
33.3 27.97576 14 0.99538
33.4 28.17608 14 1.00000
33.5 28.25221 14 1.00000
33.6 28.32829 14 1.00000
33.7 28.40417 14 1.00000
33.8 28.48001 14 1.00000
33.9 28.55474 14 1.00000
34.0 28.62985 14 1.00000
34.1 28.70487 14 1.00000
34.2 28.77985 14 1.00000
34.3 28.75271 14 1.00000
34.4 28.82750 14 1.00000
34.5 28.90204 14 1.00000
34.6 28.84328 14 1.00000
34.7 28.91808 14 1.00000
34.8 28.99272 14 1.00000
34.9 29.06607 14 1.00000
35.0 28.99342 14 1.00000
35.1 29.06777 14 1.00000
35.2 29.14198 14 1.00000
35.3 29.10703 14 1.00000
35.4 29.18084 14 1.00000
35.5 29.10661 14 1.00000
35.6 29.18067 14 1.00000
35.7 29.25466 14 1.00000
35.8 29.32850 14 1.00000
35.9 29.25073 14 1.00000
36.0 27.38320 14 1.00000
36.1 24.79711 14 1.00000
36.2 23.50984 14 1.00000
36.3 20.95057 14 1.00000
36.4 18.83311 14 1.00000
36.5 16.68655 14 1.00000
36.6 15.18095 14 1.00000
36.7 13.55604 14 1.00000
36.8 13.52930 14 1.00000
36.9 13.49924 14 1.00000
37.0 13.47532 14 1.00000
37.1 13.41324 14 1.00000
37.2 13.44443 14 1.00000
37.3 13.36674 14 1.00000
37.4 13.37282 14 1.00000
37.5 13.40895 14 1.00000
37.6 13.45296 14 1.00000
37.7 13.49700 14 1.00000
37.8 13.54105 14 1.00000
37.9 13.58606 14 1.00000
38.0 13.58348 14 1.00000
38.1 13.62757 14 1.00000
38.2 13.67169 14 1.00000
38.3 13.71583 14 1.00000
38.4 13.75998 14 1.00000
38.5 13.81729 14 1.00000
38.6 13.80266 14 1.00000
38.7 13.84686 14 1.00000
38.8 13.89109 14 1.00000
38.9 13.93534 14 1.00000
39.0 13.99288 14 1.00000
39.1 14.11494 14 1.00000
39.2 14.15189 14 1.00000
39.3 14.06686 14 1.00000
39.4 14.11179 14 1.00000
39.5 14.16964 14 1.00000
39.6 14.29143 14 1.00000
39.7 14.32838 14 1.00000
39.8 14.36551 14 1.00000
39.9 14.29008 14 1.00000
40.0 14.34755 14 1.00000
40.1 14.46826 14 1.00000
40.2 14.50539 14 1.00000
40.3 14.54192 14 1.00000
40.4 14.57760 14 1.00000
40.5 14.60791 14 1.00000
40.6 14.64443 14 1.00000
40.7 14.68224 14 1.00000
40.8 14.71820 14 1.00000
40.9 14.75397 14 1.00000
41.0 14.78982 14 1.00000
41.1 14.82163 14 1.00000
41.2 14.85892 14 1.00000
41.3 14.89428 14 1.00000
41.4 14.93016 14 1.00000
41.5 14.96606 14 1.00000
41.6 14.99813 14 1.00000
41.7 15.03474 14 1.00000
41.8 15.07033 14 1.00000
41.9 15.10626 14 1.00000
42.0 15.14208 14 1.00000
42.1 15.17783 14 1.00000
42.2 15.21058 14 1.00000
42.3 15.24633 14 1.00000
42.4 15.28211 14 1.00000
42.5 15.31796 14 1.00000
42.6 15.35366 14 1.00000
42.7 15.38628 14 1.00000
42.8 15.42215 14 1.00000
42.9 15.45797 14 1.00000
43.0 15.49370 14 1.00000
43.1 15.52932 14 1.00000
43.2 15.56199 14 1.00000
43.3 15.59783 14 1.00000
43.4 15.63357 14 1.00000
43.5 15.66926 14 1.00000
43.6 15.70485 14 1.00000
43.7 15.73747 14 1.00000
43.8 15.77326 14 1.00000
43.9 15.80893 14 1.00000
44.0 15.84464 14 1.00000
44.1 15.88008 14 1.00000
44.2 15.91296 14 1.00000
44.3 15.94867 14 1.00000
44.4 15.98426 14 1.00000
44.5 16.01978 14 1.00000
44.6 16.05246 14 1.00000
44.7 16.08818 14 1.00000
44.8 16.12371 14 1.00000
44.9 16.15925 14 1.00000
45.0 16.19182 14 1.00000
45.1 16.22746 14 1.00000
45.2 16.26317 14 1.00000
45.3 16.29866 14 1.00000
45.4 16.33105 14 1.00000
45.5 16.36685 14 1.00000
45.6 16.40239 14 1.00000
45.7 16.43451 14 1.00000
45.8 16.47022 14 1.00000
45.9 16.50600 14 1.00000
46.0 16.53801 14 1.00000
46.1 16.57370 14 1.00000
46.2 16.60556 14 1.00000
46.3 16.64159 14 1.00000
46.4 16.66994 14 1.00000
46.5 16.70783 14 1.00000
46.6 16.59649 14 1.00000
46.7 16.60070 14 1.00000
46.8 16.63400 14 1.00000
46.9 16.66251 14 1.00000
47.0 16.67165 14 1.00000
47.1 16.70967 14 1.00000
47.2 16.74466 14 1.00000
47.3 16.78170 14 1.00000
47.4 16.81879 14 1.00000
47.5 16.85533 14 1.00000
47.6 16.89146 14 1.00000
47.7 16.92748 14 1.00000
47.8 16.96112 14 1.00000
47.9 16.99540 14 1.00000
48.0 17.02989 14 1.00000
48.1 17.06431 14 1.00000
48.2 17.09842 14 1.00000
48.3 17.13284 14 1.00000
48.4 17.16674 14 1.00000
48.5 17.20061 14 1.00000
48.6 17.23396 14 1.00000
48.7 17.26768 14 1.00000
48.8 17.31207 14 1.00000
48.9 17.50823 14 1.00000
49.0 17.54550 14 1.00000
49.1 17.58226 14 1.00000
49.2 17.62103 14 1.00000
49.3 17.65489 14 1.00000
49.4 17.68924 14 1.00000
49.5 17.72399 14 1.00000
49.6 17.75878 14 1.00000
49.7 17.79373 14 1.00000
49.8 17.82820 14 1.00000
49.9 17.86282 14 1.00000
50.0 17.89719 14 1.00000
50.1 17.93126 14 1.00000
50.2 17.96495 14 1.00000
50.3 18.00062 14 1.00000
50.4 18.04699 14 1.00000
50.5 18.09337 14 1.00000
50.6 18.13976 14 1.00000
50.7 18.32277 14 1.00000
50.8 18.35992 14 1.00000
50.9 18.39863 14 1.00000
51.0 18.43281 14 1.00000
51.1 18.46782 14 1.00000
51.2 18.50322 14 1.00000
51.3 18.53841 14 1.00000
51.4 18.57362 14 1.00000
51.5 18.60865 14 1.00000
51.6 18.64347 14 1.00000
51.7 18.67790 14 1.00000
51.8 18.71232 14 1.00000
51.9 18.74643 14 1.00000
52.0 18.78489 14 1.00000
52.1 18.83145 14 1.00000
52.2 18.87802 14 1.00000
52.3 18.92460 14 1.00000
52.4 18.97118 14 1.00000
52.5 19.15276 14 1.00000
52.6 19.18975 14 1.00000
52.7 19.22865 14 1.00000
52.8 19.26325 14 1.00000
52.9 19.29877 14 1.00000
53.0 19.33433 14 1.00000
53.1 19.37027 14 1.00000
53.2 19.40575 14 1.00000
53.3 19.44097 14 1.00000
53.4 19.47643 14 1.00000
53.5 19.51112 14 1.00000
53.6 19.54571 14 1.00000
53.7 19.58002 14 1.00000
53.8 19.61882 14 1.00000
53.9 19.66555 14 1.00000
54.0 19.71230 14 1.00000
54.1 19.75904 14 1.00000
54.2 19.80579 14 1.00000
54.3 19.85256 14 1.00000
54.4 19.90476 14 1.00000
54.5 20.07189 14 1.00000
54.6 20.11291 14 1.00000
54.7 20.14783 14 1.00000
54.8 20.18330 14 1.00000
54.9 20.21975 14 1.00000
55.0 20.25554 14 1.00000
55.1 20.29164 14 1.00000
55.2 20.32744 14 1.00000
55.3 20.36302 14 1.00000
55.4 20.39798 14 1.00000
55.5 20.43324 14 1.00000
55.6 20.46759 14 1.00000
55.7 20.50307 14 1.00000
55.8 20.54930 14 1.00000
55.9 20.59619 14 1.00000
56.0 20.64309 14 1.00000
56.1 20.68998 14 1.00000
56.2 20.74706 14 1.00000
56.3 20.80750 14 1.00000
56.4 20.86308 14 1.00000
56.5 20.91464 14 1.00000
56.6 21.05072 14 1.00000
56.7 21.08784 14 1.00000
56.8 21.12332 14 1.00000
56.9 21.16019 14 1.00000
57.0 21.19662 14 1.00000
57.1 21.23307 14 1.00000
57.2 21.26929 14 1.00000
57.3 21.30533 14 1.00000
57.4 21.34098 14 1.00000
57.5 21.37658 14 1.00000
57.6 21.41179 14 1.00000
57.7 21.44642 14 1.00000
57.8 21.48258 14 1.00000
57.9 21.52959 14 1.00000
58.0 21.57660 14 1.00000
58.1 21.62362 14 1.00000
58.2 21.67064 14 1.00000
58.3 21.71766 14 1.00000
58.4 21.77396 14 1.00000
58.5 21.83337 14 1.00000
58.6 21.88826 14 1.00000
58.7 21.93916 14 1.00000
58.8 22.08324 14 1.00000
58.9 22.12170 14 1.00000
59.0 22.15780 14 1.00000
59.1 22.19475 14 1.00000
59.2 22.23186 14 1.00000
59.3 22.26893 14 1.00000
59.4 22.30556 14 1.00000
59.5 22.34194 14 1.00000
59.6 22.37818 14 1.00000
59.7 22.41393 14 1.00000
59.8 22.44965 14 1.00000
59.9 22.48461 14 1.00000
60.0 22.51919 14 1.00000
60.1 22.55934 14 1.00000
60.2 22.60644 14 1.00000
60.3 22.65355 14 1.00000
60.4 22.70065 14 1.00000
60.5 22.74777 14 1.00000
60.6 22.79488 14 1.00000
60.7 22.84199 14 1.00000
60.8 22.89151 14 1.00000
60.9 22.95012 14 1.00000
61.0 23.00497 14 1.00000
61.1 23.05592 14 1.00000
61.2 23.21769 14 1.00000
61.3 23.25374 14 1.00000
61.4 23.28977 14 1.00000
61.5 23.32816 14 1.00000
61.6 23.36576 14 1.00000
61.7 23.40335 14 1.00000
61.8 23.44054 14 1.00000
61.9 23.47696 14 1.00000
62.0 23.51437 14 1.00000
62.1 23.55449 14 1.00000
62.2 23.59550 14 1.00000
62.3 23.63137 14 1.00000
62.4 23.67078 14 1.00000
62.5 23.70796 14 1.00000
62.6 23.75020 14 1.00000
62.7 23.79686 14 1.00000
62.8 23.82824 14 1.00000
62.9 23.87439 14 1.00000
63.0 23.92216 14 1.00000
63.1 23.97682 14 1.00000
63.2 24.00216 14 1.00000
63.3 24.05381 14 1.00000
63.4 24.10661 14 1.00000
63.5 24.13206 14 1.00000
63.6 24.18060 14 1.00000
63.7 24.24002 14 1.00000
63.8 24.25961 14 1.00000
63.9 24.31465 14 1.00000
64.0 24.37162 14 1.00000
64.1 24.43090 14 1.00000
64.2 24.44631 14 1.00000
64.3 24.50409 14 1.00000
64.4 24.56421 14 1.00000
64.5 24.62350 14 1.00000
64.6 24.63762 14 1.00000
64.7 24.69291 14 1.00000
64.8 24.75670 14 1.00000
64.9 24.81837 14 1.00000
65.0 24.82624 14 1.00000
65.1 24.88599 14 1.00000
65.2 24.94847 14 1.00000
65.3 25.01217 14 1.00000
65.4 25.01707 14 1.00000
65.5 25.07541 14 1.00000
65.6 25.14232 14 1.00000
65.7 25.20539 14 1.00000
65.8 25.20529 14 1.00000
65.9 25.26745 14 1.00000
66.0 25.33126 14 1.00000
66.1 25.28249 14 1.00000
66.2 25.32184 14 1.00000
66.3 25.45594 14 1.00000
66.4 25.51882 14 1.00000
66.5 25.46124 14 1.00000
66.6 25.49655 14 1.00000
66.7 25.50407 14 1.00000
66.8 25.70801 14 1.00000
66.9 25.64069 14 1.00000
67.0 25.67061 14 1.00000
67.1 25.68237 14 1.00000
67.2 25.72649 14 1.00000
67.3 25.81937 14 1.00000
67.4 25.85217 14 1.00000
67.5 25.86098 14 1.00000
67.6 25.90515 14 1.00000
67.7 25.94932 14 1.00000
67.8 26.03404 14 1.00000
67.9 26.04003 14 1.00000
68.0 26.08426 14 1.00000
68.1 26.12848 14 1.00000
68.2 26.17279 14 1.00000
68.3 26.24602 14 1.00000
68.4 26.26370 14 1.00000
68.5 26.30804 14 1.00000
68.6 26.35231 14 1.00000
68.7 26.41283 14 1.00000
68.8 26.48655 14 1.00000
68.9 26.55939 14 1.00000
69.0 26.53232 14 1.00000
69.1 26.57674 14 1.00000
69.2 26.65102 14 1.00000
69.3 26.72213 14 1.00000
69.4 26.79341 14 1.00000
69.5 26.86249 14 1.00000
69.6 26.80317 14 1.00000
69.7 26.87444 14 1.00000
69.8 26.94933 14 1.00000
69.9 27.01987 14 1.00000
70.0 27.08876 14 1.00000
70.1 27.15600 14 1.00000
70.2 27.10172 14 1.00000
70.3 27.16668 14 1.00000
70.4 27.23736 14 1.00000
70.5 27.30670 14 1.00000
70.6 27.37571 14 1.00000
70.7 27.44689 14 1.00000
70.8 27.40966 14 1.00000
70.9 27.45111 14 1.00000
71.0 27.52045 14 1.00000
71.1 27.58832 14 1.00000
71.2 27.66008 14 1.00000
71.3 27.72873 14 1.00000
71.4 27.68500 14 1.00000
71.5 27.72371 14 1.00000
71.6 27.75246 14 1.00000
71.7 27.86404 14 1.00000
71.8 27.93130 14 1.00000
71.9 28.00198 14 1.00000
72.0 27.95986 14 1.00000
72.1 28.00234 14 1.00000
72.2 28.02981 14 1.00000
72.3 28.03062 14 1.00000
72.4 28.08644 14 1.00000
72.5 28.26508 14 1.00000
72.6 28.33565 14 1.00000
72.7 28.27957 14 1.00000
72.8 28.31548 14 1.00000
72.9 28.32071 14 1.00000
73.0 28.34396 14 1.00000
73.1 28.38889 14 1.00000
73.2 28.43388 14 1.00000
73.3 28.55403 14 1.00000
73.4 28.60046 14 1.00000
73.5 28.63774 14 1.00000
73.6 28.64248 14 1.00000
73.7 28.66426 14 1.00000
73.8 28.70860 14 1.00000
73.9 28.75370 14 1.00000
74.0 28.81267 14 1.00000
74.1 28.88789 14 1.00000
74.2 28.96707 14 1.00000
74.3 29.00201 14 1.00000
74.4 29.00515 14 1.00000
74.5 29.02948 14 1.00000
74.6 29.07466 14 1.00000
74.7 29.11992 14 1.00000
74.8 29.18878 14 1.00000
74.9 29.26205 14 1.00000
75.0 29.33336 14 1.00000
75.1 29.32004 14 1.00000
75.2 29.37991 14 1.00000
75.3 29.39935 14 1.00000
75.4 29.44217 14 1.00000
75.5 29.48755 14 1.00000
75.6 29.54700 14 1.00000
75.7 29.62146 14 1.00000
75.8 29.69270 14 1.00000
75.9 29.76171 14 1.00000
76.0 29.82829 14 1.00000
76.1 29.80086 14 1.00000
76.2 29.81476 14 1.00000
76.3 29.85665 14 1.00000
76.4 29.90219 14 1.00000
76.5 29.96318 14 1.00000
76.6 30.03604 14 1.00000
76.7 30.10541 14 1.00000
76.8 30.17501 14 1.00000
76.9 30.24065 14 1.00000
77.0 30.30591 14 1.00000
77.1 30.37503 14 1.00000
77.2 30.28197 14 1.00000
77.3 30.31859 14 1.00000
77.4 30.36431 14 1.00000
77.5 30.42919 14 1.00000
77.6 30.50304 14 1.00000
77.7 30.57247 14 1.00000
77.8 30.63979 14 1.00000
77.9 30.70602 14 1.00000
78.0 30.77209 14 1.00000
78.1 30.83581 14 1.00000
78.2 30.90088 14 1.00000
78.3 30.97006 14 1.00000
78.4 30.82865 14 1.00000
78.5 30.87595 14 1.00000
78.6 30.94346 14 1.00000
78.7 31.01599 14 1.00000
78.8 31.08584 14 1.00000
78.9 31.15345 14 1.00000
79.0 31.21889 14 1.00000
79.1 31.28435 14 1.00000
79.2 31.34733 14 1.00000
79.3 31.41294 14 1.00000
79.4 31.47827 14 1.00000
79.5 31.44105 14 1.00000
79.6 31.57512 14 1.00000
79.7 31.43672 14 1.00000
79.8 31.50411 14 1.00000
79.9 31.57433 14 1.00000
80.0 31.64346 14 1.00000
80.1 31.70814 14 1.00000
80.2 31.77589 14 1.00000
80.3 31.84042 14 1.00000
80.4 31.90485 14 1.00000
80.5 31.96576 14 1.00000
80.6 32.03080 14 1.00000
80.7 32.09769 14 1.00000
80.8 32.05463 14 1.00000
80.9 32.10510 14 1.00000
81.0 32.19236 14 1.00000
81.1 32.10308 14 1.00000
81.2 32.17299 14 1.00000
81.3 32.24030 14 1.00000
81.4 32.30642 14 1.00000
81.5 32.37396 14 1.00000
81.6 32.43846 14 1.00000
81.7 32.50113 14 1.00000
81.8 32.56587 14 1.00000
81.9 32.62681 14 1.00000
82.0 32.69151 14 1.00000
82.1 32.75565 14 1.00000
82.2 32.71687 14 1.00000
82.3 32.76599 14 1.00000
82.4 32.81330 14 1.00000
82.5 32.87250 14 1.00000
82.6 32.80461 14 1.00000
82.7 32.87323 14 1.00000
82.8 32.94277 14 1.00000
82.9 33.00849 14 1.00000
83.0 33.07374 14 1.00000
83.1 33.13827 14 1.00000
83.2 33.19874 14 1.00000
83.3 33.26385 14 1.00000
83.4 33.32497 14 1.00000
83.5 33.38641 14 1.00000
83.6 33.44855 14 1.00000
83.7 33.51250 14 1.00000
83.8 33.47815 14 1.00000
83.9 33.52931 14 1.00000
84.0 33.57957 14 1.00000
84.1 33.62605 14 1.00000
84.2 33.55108 14 1.00000
84.3 33.60366 14 1.00000
84.4 33.66689 14 1.00000
84.5 33.73301 14 1.00000
84.6 33.79975 14 1.00000
84.7 33.86435 14 1.00000
84.8 33.92849 14 1.00000
84.9 33.98998 14 1.00000
85.0 34.05227 14 1.00000
85.1 34.11664 14 1.00000
85.2 34.17941 14 1.00000
85.3 34.23851 14 1.00000
85.4 34.29875 14 1.00000
85.5 34.36184 14 1.00000
85.6 34.33233 14 1.00000
85.7 34.38614 14 1.00000
85.8 34.43922 14 1.00000
85.9 34.48646 14 1.00000
86.0 34.51117 14 1.00000
86.1 34.46557 14 1.00000
86.2 34.50281 14 1.00000
86.3 34.55241 14 1.00000
86.4 34.61085 14 1.00000
86.5 34.67480 14 1.00000
86.6 34.73822 14 1.00000
86.7 34.80073 14 1.00000
86.8 34.86186 14 1.00000
86.9 34.92681 14 1.00000
87.0 34.98994 14 1.00000
87.1 35.04900 14 1.00000
87.2 35.11092 14 1.00000
87.3 35.17293 14 1.00000
87.4 35.23667 14 1.00000
87.5 35.29431 14 1.00000
87.6 35.35608 14 1.00000
87.7 35.41743 14 1.00000
87.8 35.47622 14 1.00000
87.9 35.52076 14 1.00000
88.0 35.43585 14 1.00000
88.1 35.51020 14 1.00000
88.2 35.54709 14 1.00000
88.3 35.57942 14 1.00000
88.4 35.61605 14 1.00000
88.5 35.64400 14 1.00000
88.6 35.66858 14 1.00000
88.7 35.70153 14 1.00000
88.8 35.75245 14 1.00000
88.9 35.80964 14 1.00000
89.0 35.87241 14 1.00000
89.1 35.93567 14 1.00000
89.2 35.99706 14 1.00000
89.3 36.05756 14 1.00000
89.4 36.11694 14 1.00000
89.5 36.17606 14 1.00000
89.6 36.23784 14 1.00000
89.7 36.29656 14 1.00000
89.8 36.36803 14 1.00000
89.9 36.41266 14 1.00000
90.0 36.46849 14 1.00000
90.1 36.47164 14 1.00000
90.2 36.47804 14 1.00000
90.3 36.60916 14 1.00000
90.4 36.65751 14 1.00000
90.5 36.70495 14 1.00000
90.6 36.75133 14 1.00000
90.7 36.79743 14 1.00000
90.8 36.82898 14 1.00000
90.9 36.87517 14 1.00000
91.0 36.91991 14 1.00000
91.1 36.96472 14 1.00000
91.2 37.00770 14 1.00000
91.3 37.04941 14 1.00000
91.4 37.09024 14 1.00000
91.5 37.13018 14 1.00000
91.6 37.17209 14 1.00000
91.7 37.20726 14 1.00000
91.8 37.23806 14 1.00000
91.9 37.26535 14 1.00000
92.0 37.30154 14 1.00000
92.1 37.35800 14 1.00000
92.2 37.41581 14 1.00000
92.3 37.47625 14 1.00000
92.4 37.53089 14 1.00000
92.5 37.54921 14 1.00000
92.6 37.68693 14 1.00000
92.7 37.75513 14 1.00000
92.8 37.80933 14 1.00000
92.9 37.86375 14 1.00000
93.0 37.91805 14 1.00000
93.1 37.97239 14 1.00000
93.2 38.04489 14 1.00000
93.3 38.07228 14 1.00000
93.4 38.10084 14 1.00000
93.5 38.13115 14 1.00000
93.6 38.23161 14 1.00000
93.7 38.26914 14 1.00000
93.8 38.37037 14 1.00000
93.9 38.47141 14 1.00000
94.0 38.57231 14 1.00000
94.1 38.67347 14 1.00000
94.2 38.77440 14 1.00000
94.3 38.87542 14 1.00000
94.4 38.97627 14 1.00000
94.5 39.07697 14 1.00000
94.6 39.17793 14 1.00000
94.7 39.27861 14 1.00000
94.8 39.37925 14 1.00000
94.9 39.48015 14 1.00000
95.0 39.58066 14 1.00000
95.1 39.68118 14 1.00000
95.2 39.78191 14 1.00000
95.3 39.88235 14 1.00000
95.4 39.98301 14 1.00000
95.5 40.08343 14 1.00000
95.6 40.18371 14 1.00000
95.7 40.28424 14 1.00000
95.8 40.38456 14 1.00000
95.9 40.48502 14 1.00000
96.0 40.58520 14 1.00000
96.1 40.68535 14 1.00000
96.2 40.78564 14 1.00000
96.3 40.88577 14 1.00000
96.4 40.98604 14 1.00000
96.5 41.08604 14 1.00000
96.6 41.18183 14 1.00000
96.7 41.27162 14 1.00000
96.8 41.36126 14 1.00000
96.9 41.45113 14 1.00000
97.0 41.54079 14 1.00000
97.1 41.63049 14 1.00000
97.2 41.72046 14 1.00000
97.3 41.81018 14 1.00000
97.4 41.90028 14 1.00000
97.5 41.99007 14 1.00000
97.6 42.07995 14 1.00000
97.7 42.17014 14 1.00000
97.8 42.26009 14 1.00000
97.9 42.35030 14 1.00000
98.0 42.44026 14 1.00000
98.1 42.53036 14 1.00000
98.2 42.62061 14 1.00000
98.3 42.71078 14 1.00000
98.4 42.80115 14 1.00000
98.5 42.89127 14 1.00000
98.6 42.98175 14 1.00000
98.7 43.07193 14 1.00000
98.8 43.16225 14 1.00000
98.9 43.25272 14 1.00000
99.0 43.34304 14 1.00000
99.1 40.50000 14 1.00000
99.2 40.50000 14 1.00000
99.3 40.50000 14 1.00000
99.4 40.50000 14 1.00000
99.5 40.50000 14 1.00000
99.6 40.50000 14 1.00000
99.7 40.50000 14 1.00000
99.8 40.50000 14 1.00000
99.9 40.50000 14 1.00000
100.0 40.50000 14 1.00000
100.1 40.50000 14 1.00000
100.2 40.50000 14 1.00000
100.3 40.50000 14 1.00000
100.4 40.50000 14 1.00000
100.5 40.50000 14 1.00000
100.6 40.50000 14 1.00000
100.7 40.50000 14 1.00000
100.8 40.50000 14 1.00000
100.9 40.50000 14 1.00000
101.0 40.50000 14 1.00000
101.1 40.50000 14 1.00000
101.2 40.50000 14 1.00000
101.3 40.50000 14 1.00000
101.4 40.50000 14 1.00000
101.5 40.50000 14 1.00000
101.6 40.50000 14 1.00000
101.7 40.50000 14 1.00000
101.8 40.50000 14 1.00000
101.9 40.50000 14 1.00000
102.0 40.50000 14 1.00000
102.1 40.50000 14 1.00000
102.2 40.50000 14 1.00000
102.3 40.50000 14 1.00000
102.4 40.50000 14 1.00000
102.5 40.50000 14 1.00000
102.6 40.50000 14 1.00000
102.7 40.50000 14 1.00000
102.8 40.50000 14 1.00000
102.9 40.50000 14 1.00000
103.0 40.50000 14 1.00000
103.1 40.50000 14 1.00000
103.2 40.50000 14 1.00000
103.3 40.50000 14 1.00000
103.4 40.50000 14 1.00000
103.5 40.50000 14 1.00000
103.6 40.50000 14 1.00000
103.7 40.50000 14 1.00000
103.8 40.50000 14 1.00000
103.9 40.50000 14 1.00000
104.0 40.50000 14 1.00000
104.1 40.50000 14 1.00000
104.2 40.50000 14 1.00000
104.3 40.50000 14 1.00000
104.4 40.50000 14 1.00000
104.5 40.50000 14 1.00000
104.6 40.50000 14 1.00000
104.7 40.50000 14 1.00000
104.8 40.50000 14 1.00000
104.9 40.50000 14 1.00000
105.0 40.50000 14 1.00000
105.1 40.50000 14 1.00000
105.2 40.50000 14 1.00000
105.3 40.50000 14 1.00000
105.4 40.50000 14 1.00000
105.5 40.50000 14 1.00000
105.6 40.50000 14 1.00000
105.7 40.50000 14 1.00000
105.8 40.50000 14 1.00000
105.9 40.50000 14 1.00000
106.0 40.50000 14 1.00000
106.1 40.50000 14 1.00000
106.2 40.50000 14 1.00000
106.3 40.50000 14 1.00000
106.4 40.50000 14 1.00000
106.5 40.50000 14 1.00000
106.6 40.50000 14 1.00000
106.7 40.50000 14 1.00000
106.8 40.50000 14 1.00000
106.9 40.50000 14 1.00000
107.0 40.50000 14 1.00000
107.1 40.50000 14 1.00000
107.2 40.50000 14 1.00000
107.3 40.50000 14 1.00000
107.4 40.50000 14 1.00000
107.5 40.50000 14 1.00000
107.6 40.50000 14 1.00000
107.7 40.50000 14 1.00000
107.8 40.50000 14 1.00000
107.9 40.50000 14 1.00000
108.0 40.50000 14 1.00000
108.1 40.50000 14 1.00000
108.2 40.50000 14 1.00000
108.3 40.50000 14 1.00000
108.4 40.50000 14 1.00000
108.5 40.50000 14 1.00000
108.6 40.50000 14 1.00000
108.7 40.50000 14 1.00000
108.8 40.50000 14 1.00000
108.9 40.50000 14 1.00000
109.0 40.50000 14 1.00000
109.1 40.50000 14 1.00000
109.2 40.50000 14 1.00000
109.3 40.50000 14 1.00000
109.4 40.50000 14 1.00000
109.5 40.50000 14 1.00000
109.6 40.50000 14 1.00000
109.7 40.50000 14 1.00000
109.8 40.50000 14 1.00000
109.9 40.50000 14 1.00000
110.0 40.50000 14 1.00000
110.1 40.50000 14 1.00000
110.2 40.50000 14 1.00000
110.3 40.50000 14 1.00000
110.4 40.50000 14 1.00000
110.5 40.50000 14 1.00000
110.6 40.50000 14 1.00000
110.7 40.50000 14 1.00000
110.8 40.50000 14 1.00000
110.9 40.50000 14 1.00000
111.0 40.50000 14 1.00000
111.1 40.50000 14 1.00000
111.2 40.50000 14 1.00000
111.3 40.50000 14 1.00000
111.4 40.50000 14 1.00000
111.5 40.50000 14 1.00000
111.6 40.50000 14 1.00000
111.7 40.50000 14 1.00000
111.8 40.50000 14 1.00000
111.9 40.50000 14 1.00000
112.0 40.50000 14 1.00000
112.1 40.50000 14 1.00000
112.2 40.50000 14 1.00000
112.3 40.50000 14 1.00000
112.4 40.50000 14 1.00000
112.5 40.50000 14 1.00000
112.6 40.50000 14 1.00000
112.7 40.50000 14 1.00000
112.8 40.50000 14 1.00000
112.9 40.50000 14 1.00000
113.0 40.50000 14 1.00000
113.1 40.50000 14 1.00000
113.2 40.50000 14 1.00000
113.3 40.50000 14 1.00000
113.4 40.50000 14 1.00000
113.5 40.50000 14 1.00000
113.6 40.50000 14 1.00000
113.7 40.50000 14 1.00000
113.8 40.50000 14 1.00000
113.9 40.50000 14 1.00000
114.0 40.50000 14 1.00000
114.1 40.50000 14 1.00000
114.2 40.50000 14 1.00000
114.3 40.50000 14 1.00000
114.4 40.50000 14 1.00000
114.5 40.50000 14 1.00000
114.6 40.50000 14 1.00000
114.7 40.50000 14 1.00000
114.8 40.50000 14 1.00000
114.9 40.50000 14 1.00000
115.0 40.50000 14 1.00000
115.1 40.50000 14 1.00000
115.2 40.50000 14 1.00000
115.3 40.50000 14 1.00000
115.4 40.50000 14 1.00000
115.5 40.50000 14 1.00000
115.6 40.50000 14 1.00000
115.7 40.50000 14 1.00000
115.8 40.50000 14 1.00000
115.9 40.50000 14 1.00000
116.0 40.50000 14 1.00000
116.1 40.50000 14 1.00000
116.2 40.50000 14 1.00000
116.3 40.50000 14 1.00000
116.4 40.50000 14 1.00000
116.5 40.50000 14 1.00000
116.6 40.50000 14 1.00000
116.7 40.50000 14 1.00000
116.8 40.50000 14 1.00000
116.9 40.50000 14 1.00000
117.0 40.50000 14 1.00000
117.1 40.50000 14 1.00000
117.2 40.50000 14 1.00000
117.3 40.50000 14 1.00000
117.4 40.50000 14 1.00000
117.5 40.50000 14 1.00000
117.6 40.50000 14 1.00000
117.7 40.50000 14 1.00000
117.8 40.50000 14 1.00000
117.9 40.50000 14 1.00000
118.0 40.50000 14 1.00000
118.1 40.50000 14 1.00000
118.2 40.50000 14 1.00000
118.3 40.50000 14 1.00000
118.4 40.50000 14 1.00000
118.5 40.50000 14 1.00000
118.6 40.50000 14 1.00000
118.7 40.50000 14 1.00000
118.8 40.50000 14 1.00000
118.9 40.50000 14 1.00000
119.0 40.50000 14 1.00000
119.1 40.50000 14 1.00000
119.2 40.50000 14 1.00000
119.3 40.50000 14 1.00000
119.4 40.50000 14 1.00000
119.5 40.50000 14 1.00000
119.6 40.50000 14 1.00000
119.7 40.50000 14 1.00000
119.8 40.50000 14 1.00000
119.9 40.50000 14 1.00000
120.0 40.50000 14 1.00000
120.1 40.50000 14 1.00000
120.2 40.50000 14 1.00000
120.3 40.50000 14 1.00000
120.4 40.50000 14 1.00000
120.5 40.50000 14 1.00000
120.6 40.50000 14 1.00000
120.7 40.50000 14 1.00000
120.8 40.50000 14 1.00000
120.9 40.50000 14 1.00000
121.0 40.50000 14 1.00000
121.1 40.50000 14 1.00000
121.2 40.50000 14 1.00000
121.3 40.50000 14 1.00000
121.4 40.50000 14 1.00000
121.5 40.50000 14 1.00000
121.6 40.50000 14 1.00000
121.7 40.50000 14 1.00000
121.8 40.50000 14 1.00000
121.9 40.50000 14 1.00000
122.0 40.50000 14 1.00000
122.1 40.50000 14 1.00000
122.2 40.50000 14 1.00000
122.3 40.50000 14 1.00000
122.4 40.50000 14 1.00000
122.5 40.50000 14 1.00000
122.6 40.50000 14 1.00000
122.7 40.50000 14 1.00000
122.8 40.50000 14 1.00000
122.9 40.50000 14 1.00000
123.0 40.50000 14 1.00000
123.1 40.50000 14 1.00000
123.2 40.50000 14 1.00000
123.3 40.50000 14 1.00000
123.4 40.50000 14 1.00000
123.5 40.50000 14 1.00000
123.6 40.50000 14 1.00000
123.7 40.50000 14 1.00000
123.8 40.50000 14 1.00000
123.9 40.50000 14 1.00000
124.0 40.50000 14 1.00000
124.1 40.50000 14 1.00000
124.2 40.50000 14 1.00000
124.3 40.50000 14 1.00000
124.4 40.50000 14 1.00000
124.5 40.50000 14 1.00000
124.6 40.50000 14 1.00000
124.7 40.50000 14 1.00000
124.8 40.50000 14 1.00000
124.9 40.50000 14 1.00000
125.0 40.50000 14 1.00000
125.1 40.50000 14 1.00000
125.2 40.50000 14 1.00000
125.3 40.50000 14 1.00000
125.4 40.50000 14 1.00000
125.5 40.50000 14 1.00000
125.6 40.50000 14 1.00000
125.7 40.50000 14 1.00000
125.8 40.50000 14 1.00000
125.9 40.50000 14 1.00000
126.0 40.50000 14 1.00000
126.1 40.50000 14 1.00000
126.2 40.50000 14 1.00000
126.3 40.50000 14 1.00000
126.4 40.50000 14 1.00000
126.5 40.50000 14 1.00000
126.6 40.50000 14 1.00000
126.7 40.50000 14 1.00000
126.8 40.50000 14 1.00000
126.9 40.50000 14 1.00000
127.0 40.50000 14 1.00000
127.1 40.50000 14 1.00000
127.2 40.50000 14 1.00000
127.3 40.50000 14 1.00000
127.4 40.50000 14 1.00000
127.5 40.50000 14 1.00000
127.6 40.50000 14 1.00000
127.7 40.50000 14 1.00000
127.8 40.50000 14 1.00000
127.9 40.50000 14 1.00000
128.0 40.50000 14 1.00000
128.1 40.50000 14 1.00000
128.2 40.50000 14 1.00000
128.3 40.50000 14 1.00000
128.4 40.50000 14 1.00000
128.5 40.50000 14 1.00000
128.6 40.50000 14 1.00000
128.7 40.50000 14 1.00000
128.8 40.50000 14 1.00000
128.9 40.50000 14 1.00000
129.0 40.50000 14 1.00000
129.1 40.50000 14 1.00000
129.2 40.50000 14 1.00000
129.3 40.50000 14 1.00000
129.4 40.50000 14 1.00000
129.5 40.50000 14 1.00000
129.6 40.50000 14 1.00000
129.7 40.50000 14 1.00000
129.8 40.50000 14 1.00000
129.9 40.50000 14 1.00000
130.0 40.50000 14 1.00000
130.1 40.50000 14 1.00000
130.2 40.50000 14 1.00000
130.3 40.50000 14 1.00000
130.4 40.50000 14 1.00000
130.5 40.50000 14 1.00000
130.6 40.50000 14 1.00000
130.7 40.50000 14 1.00000
130.8 40.50000 14 1.00000
130.9 40.50000 14 1.00000
131.0 40.50000 14 1.00000
131.1 40.50000 14 1.00000
131.2 40.50000 14 1.00000
131.3 40.50000 14 1.00000
131.4 40.50000 14 1.00000
131.5 40.50000 14 1.00000
131.6 40.50000 14 1.00000
131.7 40.50000 14 1.00000
131.8 40.50000 14 1.00000
131.9 40.50000 14 1.00000
132.0 40.50000 14 1.00000
132.1 40.50000 14 1.00000
132.2 40.50000 14 1.00000
132.3 40.50000 14 1.00000
132.4 40.50000 14 1.00000
132.5 40.50000 14 1.00000
132.6 40.50000 14 1.00000
132.7 40.50000 14 1.00000
132.8 40.50000 14 1.00000
132.9 40.50000 14 1.00000
133.0 40.50000 14 1.00000
133.1 40.50000 14 1.00000
133.2 40.50000 14 1.00000
133.3 40.50000 14 1.00000
133.4 40.50000 14 1.00000
133.5 40.50000 14 1.00000
133.6 40.50000 14 1.00000
133.7 40.50000 14 1.00000
133.8 40.50000 14 1.00000
133.9 40.50000 14 1.00000
134.0 40.50000 14 1.00000
134.1 40.50000 14 1.00000
134.2 40.50000 14 1.00000
134.3 40.50000 14 1.00000
134.4 40.50000 14 1.00000
134.5 40.50000 14 1.00000
134.6 40.50000 14 1.00000
134.7 40.50000 14 1.00000
134.8 40.50000 14 1.00000
134.9 40.50000 14 1.00000
135.0 40.50000 14 1.00000
135.1 40.50000 14 1.00000
135.2 40.50000 14 1.00000
135.3 40.50000 14 1.00000
135.4 40.50000 14 1.00000
135.5 40.50000 14 1.00000
135.6 40.50000 14 1.00000
135.7 40.50000 14 1.00000
135.8 40.50000 14 1.00000
135.9 40.50000 14 1.00000
136.0 40.50000 14 1.00000
136.1 40.50000 14 1.00000
136.2 40.50000 14 1.00000
136.3 40.50000 14 1.00000
136.4 40.50000 14 1.00000
136.5 40.50000 14 1.00000
136.6 40.50000 14 1.00000
136.7 40.50000 14 1.00000
136.8 40.50000 14 1.00000
136.9 40.50000 14 1.00000
137.0 40.50000 14 1.00000
137.1 40.50000 14 1.00000
137.2 40.50000 14 1.00000
137.3 40.50000 14 1.00000
137.4 40.50000 14 1.00000
137.5 40.50000 14 1.00000
137.6 40.50000 14 1.00000
137.7 40.50000 14 1.00000
137.8 40.50000 14 1.00000
137.9 40.50000 14 1.00000
138.0 40.50000 14 1.00000
138.1 40.50000 14 1.00000
138.2 40.50000 14 1.00000
138.3 40.50000 14 1.00000
138.4 40.50000 14 1.00000
138.5 40.50000 14 1.00000
138.6 40.50000 14 1.00000
138.7 40.50000 14 1.00000
138.8 40.50000 14 1.00000
138.9 40.50000 14 1.00000
139.0 40.50000 14 1.00000
139.1 40.50000 14 1.00000
139.2 40.50000 14 1.00000
139.3 40.50000 14 1.00000
139.4 40.50000 14 1.00000
139.5 40.50000 14 1.00000
139.6 40.50000 14 1.00000
139.7 40.50000 14 1.00000
139.8 40.50000 14 1.00000
139.9 40.50000 14 1.00000
140.0 40.50000 14 1.00000
140.1 40.50000 14 1.00000
140.2 40.50000 14 1.00000
140.3 40.50000 14 1.00000
140.4 40.50000 14 1.00000
140.5 40.50000 14 1.00000
140.6 40.50000 14 1.00000
140.7 40.50000 14 1.00000
140.8 40.50000 14 1.00000
140.9 40.50000 14 1.00000
141.0 40.50000 14 1.00000
141.1 40.50000 14 1.00000
141.2 40.50000 14 1.00000
141.3 40.50000 14 1.00000
141.4 40.50000 14 1.00000
141.5 40.50000 14 1.00000
141.6 40.50000 14 1.00000
141.7 40.50000 14 1.00000
141.8 40.50000 14 1.00000
141.9 40.50000 14 1.00000
142.0 40.50000 14 1.00000
142.1 40.50000 14 1.00000
142.2 40.50000 14 1.00000
142.3 40.50000 14 1.00000
142.4 40.50000 14 1.00000
142.5 40.50000 14 1.00000
142.6 40.50000 14 1.00000
142.7 40.50000 14 1.00000
142.8 40.50000 14 1.00000
142.9 40.50000 14 1.00000
143.0 40.50000 14 1.00000
143.1 40.50000 14 1.00000
143.2 40.50000 14 1.00000
143.3 40.50000 14 1.00000
143.4 40.50000 14 1.00000
143.5 40.50000 14 1.00000
143.6 40.50000 14 1.00000
143.7 40.50000 14 1.00000
143.8 40.50000 14 1.00000
143.9 40.50000 14 1.00000
144.0 40.50000 14 1.00000
144.1 40.50000 14 1.00000
144.2 40.50000 14 1.00000
144.3 40.50000 14 1.00000
144.4 40.50000 14 1.00000
144.5 40.50000 14 1.00000
144.6 40.50000 14 1.00000
144.7 40.50000 14 1.00000
144.8 40.50000 14 1.00000
144.9 40.50000 14 1.00000
145.0 40.50000 14 1.00000
145.1 40.50000 14 1.00000
145.2 40.50000 14 1.00000
145.3 40.50000 14 1.00000
145.4 40.50000 14 1.00000
145.5 40.50000 14 1.00000
145.6 40.50000 14 1.00000
145.7 40.50000 14 1.00000
145.8 40.50000 14 1.00000
145.9 40.50000 14 1.00000
146.0 40.50000 14 1.00000
146.1 40.50000 14 1.00000
146.2 40.50000 14 1.00000
146.3 40.50000 14 1.00000
146.4 40.50000 14 1.00000
146.5 40.50000 14 1.00000
146.6 40.50000 14 1.00000
146.7 40.50000 14 1.00000
146.8 40.50000 14 1.00000
146.9 40.50000 14 1.00000
147.0 40.50000 14 1.00000
147.1 40.50000 14 1.00000
147.2 40.50000 14 1.00000
147.3 40.50000 14 1.00000
147.4 40.50000 14 1.00000
147.5 40.50000 14 1.00000
147.6 40.50000 14 1.00000
147.7 40.50000 14 1.00000
147.8 40.50000 14 1.00000
147.9 40.50000 14 1.00000
148.0 40.50000 14 1.00000
148.1 40.50000 14 1.00000
148.2 40.50000 14 1.00000
148.3 40.50000 14 1.00000
148.4 40.50000 14 1.00000
148.5 40.50000 14 1.00000
148.6 40.50000 14 1.00000
148.7 40.50000 14 1.00000
148.8 40.50000 14 1.00000
148.9 40.50000 14 1.00000
149.0 40.50000 14 1.00000
149.1 40.50000 14 1.00000
149.2 40.50000 14 1.00000
149.3 40.50000 14 1.00000
149.4 40.50000 14 1.00000
149.5 40.50000 14 1.00000
149.6 40.50000 14 1.00000
149.7 40.50000 14 1.00000
149.8 40.50000 14 1.00000
149.9 40.50000 14 1.00000
150.0 40.50000 14 1.00000
150.1 40.50000 14 1.00000
150.2 40.50000 14 1.00000
150.3 40.50000 14 1.00000
150.4 40.50000 14 1.00000
150.5 40.50000 14 1.00000
150.6 40.50000 14 1.00000
150.7 40.50000 14 1.00000
150.8 40.50000 14 1.00000
150.9 40.50000 14 1.00000
151.0 40.50000 14 1.00000
151.1 40.50000 14 1.00000
151.2 40.50000 14 1.00000
151.3 40.50000 14 1.00000
151.4 40.50000 14 1.00000
151.5 40.50000 14 1.00000
151.6 40.50000 14 1.00000
151.7 40.50000 14 1.00000
151.8 40.50000 14 1.00000
151.9 40.50000 14 1.00000
152.0 40.50000 14 1.00000
152.1 40.50000 14 1.00000
152.2 40.50000 14 1.00000
152.3 40.50000 14 1.00000
152.4 40.50000 14 1.00000
152.5 40.50000 14 1.00000
152.6 0.00000 15 0.00000
152.7 40.50000 14 1.00000
152.8 40.50000 14 1.00000
152.9 40.50000 14 1.00000
153.0 40.50000 14 1.00000
153.1 0.00000 15 0.00000
153.2 0.00000 15 0.00000
153.3 40.50000 14 1.00000
153.4 40.50000 14 1.00000
153.5 40.50000 14 1.00000
153.6 0.00000 15 0.00000
153.7 0.00000 15 0.00000
153.8 0.00000 15 0.00000
153.9 0.00000 15 0.00000
154.0 40.50000 14 1.00000
154.1 0.00000 15 0.00000
154.2 0.00000 15 0.00000
154.3 0.00000 15 0.00000
154.4 0.00000 15 0.00000
154.5 0.00000 15 0.00000
154.6 0.00000 15 0.00000
154.7 0.00000 15 0.00000
154.8 0.00000 15 0.00000
154.9 0.00000 15 0.00000
155.0 0.00000 15 0.00000
155.1 0.00000 15 0.00000
155.2 0.00000 15 0.00000
155.3 0.00000 15 0.00000
155.4 0.00000 15 0.00000
155.5 0.00000 15 0.00000
155.6 0.00000 15 0.00000
155.7 0.00000 15 0.00000
155.8 0.00000 15 0.00000
155.9 0.00000 15 0.00000
156.0 0.00000 15 0.00000
156.1 0.00000 15 0.00000
156.2 0.00000 15 0.00000
156.3 0.00000 15 0.00000
156.4 0.00000 15 0.00000
156.5 0.00000 15 0.00000
156.6 0.00000 15 0.00000
156.7 0.00000 15 0.00000
156.8 0.00000 15 0.00000
156.9 0.00000 15 0.00000
157.0 0.00000 15 0.00000
157.1 0.00000 15 0.00000
157.2 0.00000 15 0.00000
157.3 0.00000 15 0.00000
157.4 0.00000 15 0.00000
157.5 0.00000 15 0.00000
157.6 0.00000 15 0.00000
157.7 0.00000 15 0.00000
157.8 0.00000 15 0.00000
157.9 0.00000 15 0.00000
158.0 0.00000 15 0.00000
158.1 0.00000 15 0.00000
158.2 0.00000 15 0.00000
158.3 0.00000 15 0.00000
158.4 0.00000 15 0.00000
158.5 0.00000 15 0.00000
158.6 0.00000 15 0.00000
158.7 0.00000 15 0.00000
158.8 0.00000 15 0.00000
158.9 0.00000 15 0.00000
159.0 0.00000 15 0.00000
159.1 0.00000 15 0.00000
159.2 0.00000 15 0.00000
159.3 0.00000 15 0.00000
159.4 0.00000 15 0.00000
159.5 0.00000 15 0.00000
159.6 0.00000 15 0.00000
159.7 0.00000 15 0.00000
159.8 0.00000 15 0.00000
159.9 0.00000 15 0.00000
160.0 0.00000 15 0.00000
160.1 0.00000 15 0.00000
160.2 0.00000 15 0.00000
160.3 0.00000 15 0.00000
160.4 0.00000 15 0.00000
160.5 0.00000 15 0.00000
160.6 0.00000 15 0.00000
160.7 0.00000 15 0.00000
160.8 0.00000 15 0.00000
160.9 0.00000 15 0.00000
161.0 0.00000 15 0.00000
161.1 0.00000 15 0.00000
161.2 0.00000 15 0.00000
161.3 0.00000 15 0.00000
161.4 0.00000 15 0.00000
161.5 0.00000 15 0.00000
161.6 0.00000 15 0.00000
161.7 0.00000 15 0.00000
161.8 0.00000 15 0.00000
161.9 0.00000 15 0.00000
162.0 0.00000 15 0.00000
162.1 0.00000 15 0.00000
162.2 0.00000 15 0.00000
162.3 0.00000 15 0.00000
162.4 0.00000 15 0.00000
162.5 0.00000 15 0.00000
162.6 0.00000 15 0.00000
162.7 0.00000 15 0.00000
162.8 0.00000 15 0.00000
162.9 0.00000 15 0.00000
163.0 0.00000 15 0.00000
163.1 0.00000 15 0.00000
163.2 0.00000 15 0.00000
163.3 0.00000 15 0.00000
163.4 0.00000 15 0.00000
163.5 0.00000 15 0.00000
163.6 0.00000 15 0.00000
163.7 0.00000 15 0.00000
163.8 0.00000 15 0.00000
163.9 0.00000 15 0.00000
164.0 0.00000 15 0.00000
164.1 0.00000 15 0.00000
164.2 0.00000 15 0.00000
164.3 0.00000 15 0.00000
164.4 0.00000 15 0.00000
164.5 0.00000 15 0.00000
164.6 0.00000 15 0.00000
164.7 0.00000 15 0.00000
164.8 0.00000 15 0.00000
164.9 0.00000 15 0.00000
165.0 0.00000 15 0.00000
165.1 0.00000 15 0.00000
165.2 0.00000 15 0.00000
165.3 0.00000 15 0.00000
165.4 0.00000 15 0.00000
165.5 0.00000 15 0.00000
165.6 0.00000 15 0.00000
165.7 0.00000 15 0.00000
165.8 0.00000 15 0.00000
165.9 0.00000 15 0.00000
166.0 0.00000 15 0.00000
166.1 0.00000 15 0.00000
166.2 0.00000 15 0.00000
166.3 0.00000 15 0.00000
166.4 0.00000 15 0.00000
166.5 0.00000 15 0.00000
166.6 0.00000 15 0.00000
166.7 0.00000 15 0.00000
166.8 0.00000 15 0.00000
166.9 0.00000 15 0.00000
167.0 0.00000 15 0.00000
167.1 0.00000 15 0.00000
167.2 0.00000 15 0.00000
167.3 0.00000 15 0.00000
167.4 0.00000 15 0.00000
167.5 0.00000 15 0.00000
167.6 0.00000 15 0.00000
167.7 0.00000 15 0.00000
167.8 0.00000 15 0.00000
167.9 0.00000 15 0.00000
168.0 0.00000 15 0.00000
168.1 0.00000 15 0.00000
168.2 0.00000 15 0.00000
168.3 0.00000 15 0.00000
168.4 0.00000 15 0.00000
168.5 0.00000 15 0.00000
168.6 0.00000 15 0.00000
168.7 0.00000 15 0.00000
168.8 0.00000 15 0.00000
168.9 0.00000 15 0.00000
169.0 0.00000 15 0.00000
169.1 0.00000 15 0.00000
169.2 0.00000 15 0.00000
169.3 0.00000 15 0.00000
169.4 0.00000 15 0.00000
169.5 0.00000 15 0.00000
169.6 0.00000 15 0.00000
169.7 0.00000 15 0.00000
169.8 0.00000 15 0.00000
169.9 0.00000 15 0.00000
170.0 0.00000 15 0.00000
170.1 0.00000 15 0.00000
170.2 0.00000 15 0.00000
170.3 0.00000 15 0.00000
170.4 0.00000 15 0.00000
170.5 0.00000 15 0.00000
170.6 0.00000 15 0.00000
170.7 0.00000 15 0.00000
170.8 0.00000 15 0.00000
170.9 0.00000 15 0.00000
171.0 0.00000 15 0.00000
171.1 0.00000 15 0.00000
171.2 0.00000 15 0.00000
171.3 0.00000 15 0.00000
171.4 0.00000 15 0.00000
171.5 0.00000 15 0.00000
171.6 0.00000 15 0.00000
171.7 0.00000 15 0.00000
171.8 0.00000 15 0.00000
171.9 0.00000 15 0.00000
172.0 0.00000 15 0.00000
172.1 0.00000 15 0.00000
172.2 0.00000 15 0.00000
172.3 0.00000 15 0.00000
172.4 0.00000 15 0.00000
172.5 0.00000 15 0.00000
172.6 0.00000 15 0.00000
172.7 0.00000 15 0.00000
172.8 0.00000 15 0.00000
172.9 0.00000 15 0.00000
173.0 0.00000 15 0.00000
173.1 0.00000 15 0.00000
173.2 0.00000 15 0.00000
173.3 0.00000 15 0.00000
173.4 0.00000 15 0.00000
173.5 0.00000 15 0.00000
173.6 0.00000 15 0.00000
173.7 0.00000 15 0.00000
173.8 0.00000 15 0.00000
173.9 0.00000 15 0.00000
174.0 0.00000 15 0.00000
174.1 0.00000 15 0.00000
174.2 0.00000 15 0.00000
174.3 0.00000 15 0.00000
174.4 0.00000 15 0.00000
174.5 0.00000 15 0.00000
174.6 0.00000 15 0.00000
174.7 0.00000 15 0.00000
174.8 0.00000 15 0.00000
174.9 0.00000 15 0.00000
175.0 0.00000 15 0.00000
175.1 0.00000 15 0.00000
175.2 0.00000 15 0.00000
175.3 0.00000 15 0.00000
175.4 0.00000 15 0.00000
175.5 0.00000 15 0.00000
175.6 0.00000 15 0.00000
175.7 0.00000 15 0.00000
175.8 0.00000 15 0.00000
175.9 0.00000 15 0.00000
176.0 0.00000 15 0.00000
176.1 0.00000 15 0.00000
176.2 0.00000 15 0.00000
176.3 0.00000 15 0.00000
176.4 0.00000 15 0.00000
176.5 0.00000 15 0.00000
176.6 0.00000 15 0.00000
176.7 0.00000 15 0.00000
176.8 0.00000 15 0.00000
176.9 0.00000 15 0.00000
177.0 0.00000 15 0.00000
177.1 0.00000 15 0.00000
177.2 0.00000 15 0.00000
177.3 0.00000 15 0.00000
177.4 0.00000 15 0.00000
177.5 0.00000 15 0.00000
177.6 0.00000 15 0.00000
177.7 0.00000 15 0.00000
177.8 0.00000 15 0.00000
177.9 0.00000 15 0.00000
178.0 0.00000 15 0.00000
178.1 0.00000 15 0.00000
178.2 0.00000 15 0.00000
178.3 0.00000 15 0.00000
178.4 0.00000 15 0.00000
178.5 0.00000 15 0.00000
178.6 0.00000 15 0.00000
178.7 0.00000 15 0.00000
178.8 0.00000 15 0.00000
178.9 0.00000 15 0.00000
179.0 0.00000 15 0.00000
179.1 0.00000 15 0.00000
179.2 0.00000 15 0.00000
179.3 0.00000 15 0.00000
179.4 0.00000 15 0.00000
179.5 0.00000 15 0.00000
179.6 0.00000 15 0.00000
179.7 0.00000 15 0.00000
179.8 0.00000 15 0.00000
179.9 0.00000 15 0.00000
180.0 0.00000 15 0.00000
180.1 0.00000 15 0.00000
180.2 0.00000 15 0.00000
180.3 0.00000 15 0.00000
180.4 0.00000 15 0.00000
180.5 0.00000 15 0.00000
180.6 0.00000 15 0.00000
180.7 0.00000 15 0.00000
180.8 0.00000 15 0.00000
180.9 0.00000 15 0.00000
181.0 0.00000 15 0.00000
181.1 0.00000 15 0.00000
181.2 0.00000 15 0.00000
181.3 0.00000 15 0.00000
181.4 0.00000 15 0.00000
181.5 0.00000 15 0.00000
181.6 0.00000 15 0.00000
181.7 0.00000 15 0.00000
181.8 0.00000 15 0.00000
181.9 0.00000 15 0.00000
182.0 0.00000 15 0.00000
182.1 0.00000 15 0.00000
182.2 0.00000 15 0.00000
182.3 0.00000 15 0.00000
182.4 0.00000 15 0.00000
182.5 0.00000 15 0.00000
182.6 0.00000 15 0.00000
182.7 0.00000 15 0.00000
182.8 0.00000 15 0.00000
182.9 0.00000 15 0.00000
183.0 0.00000 15 0.00000
183.1 0.00000 15 0.00000
183.2 0.00000 15 0.00000
183.3 0.00000 15 0.00000
183.4 0.00000 15 0.00000
183.5 0.00000 15 0.00000
183.6 0.00000 15 0.00000
183.7 0.00000 15 0.00000
183.8 0.00000 15 0.00000
183.9 0.00000 15 0.00000
184.0 0.00000 15 0.00000
184.1 0.00000 15 0.00000
184.2 0.00000 15 0.00000
184.3 0.00000 15 0.00000
184.4 0.00000 15 0.00000
184.5 0.00000 15 0.00000
184.6 0.00000 15 0.00000
184.7 0.00000 15 0.00000
184.8 0.00000 15 0.00000
184.9 0.00000 15 0.00000
185.0 0.00000 15 0.00000
185.1 0.00000 15 0.00000
185.2 0.00000 15 0.00000
185.3 0.00000 15 0.00000
185.4 0.00000 15 0.00000
185.5 0.00000 15 0.00000
185.6 0.00000 15 0.00000
185.7 0.00000 15 0.00000
185.8 0.00000 15 0.00000
185.9 0.00000 15 0.00000
186.0 0.00000 15 0.00000
186.1 0.00000 15 0.00000
186.2 0.00000 15 0.00000
186.3 0.00000 15 0.00000
186.4 0.00000 15 0.00000
186.5 0.00000 15 0.00000
186.6 0.00000 15 0.00000
186.7 0.00000 15 0.00000
186.8 0.00000 15 0.00000
186.9 0.00000 15 0.00000
187.0 0.00000 15 0.00000
187.1 0.00000 15 0.00000
187.2 0.00000 15 0.00000
187.3 0.00000 15 0.00000
187.4 0.00000 15 0.00000
187.5 0.00000 15 0.00000
187.6 0.00000 15 0.00000
187.7 0.00000 15 0.00000
187.8 0.00000 15 0.00000
187.9 0.00000 15 0.00000
188.0 0.00000 15 0.00000
188.1 0.00000 15 0.00000
188.2 0.00000 15 0.00000
188.3 0.00000 15 0.00000
188.4 0.00000 15 0.00000
188.5 0.00000 15 0.00000
188.6 0.00000 15 0.00000
188.7 0.00000 15 0.00000
188.8 0.00000 15 0.00000
188.9 0.00000 15 0.00000
189.0 0.00000 15 0.00000
189.1 0.00000 15 0.00000
189.2 0.00000 15 0.00000
189.3 0.00000 15 0.00000
189.4 0.00000 15 0.00000
189.5 0.00000 15 0.00000
189.6 0.00000 15 0.00000
189.7 0.00000 15 0.00000
189.8 0.00000 15 0.00000
189.9 0.00000 15 0.00000
190.0 0.00000 15 0.00000
190.1 0.00000 15 0.00000
190.2 0.00000 15 0.00000
190.3 0.00000 15 0.00000
190.4 0.00000 15 0.00000
190.5 0.00000 15 0.00000
190.6 0.00000 15 0.00000
190.7 0.00000 15 0.00000
190.8 0.00000 15 0.00000
190.9 0.00000 15 0.00000
191.0 0.00000 15 0.00000
191.1 0.00000 15 0.00000
191.2 0.00000 15 0.00000
191.3 0.00000 15 0.00000
191.4 0.00000 15 0.00000
191.5 0.00000 15 0.00000
191.6 0.00000 15 0.00000
191.7 0.00000 15 0.00000
191.8 0.00000 15 0.00000
191.9 0.00000 15 0.00000
192.0 0.00000 15 0.00000
192.1 0.00000 15 0.00000
192.2 0.00000 15 0.00000
192.3 0.00000 15 0.00000
192.4 0.00000 15 0.00000
192.5 0.00000 15 0.00000
192.6 0.00000 15 0.00000
192.7 0.00000 15 0.00000
192.8 0.00000 15 0.00000
192.9 0.00000 15 0.00000
193.0 0.00000 15 0.00000
193.1 0.00000 15 0.00000
193.2 0.00000 15 0.00000
193.3 0.00000 15 0.00000
193.4 0.00000 15 0.00000
193.5 0.00000 15 0.00000
193.6 0.00000 15 0.00000
193.7 0.00000 15 0.00000
193.8 0.00000 15 0.00000
193.9 0.00000 15 0.00000
194.0 0.00000 15 0.00000
194.1 0.00000 15 0.00000
194.2 0.00000 15 0.00000
194.3 0.00000 15 0.00000
194.4 0.00000 15 0.00000
194.5 0.00000 15 0.00000
194.6 0.00000 15 0.00000
194.7 0.00000 15 0.00000
194.8 0.00000 15 0.00000
194.9 0.00000 15 0.00000
195.0 0.00000 15 0.00000
195.1 0.00000 15 0.00000
195.2 0.00000 15 0.00000
195.3 0.00000 15 0.00000
195.4 0.00000 15 0.00000
195.5 0.00000 15 0.00000
195.6 0.00000 15 0.00000
195.7 0.00000 15 0.00000
195.8 0.00000 15 0.00000
195.9 0.00000 15 0.00000
196.0 0.00000 15 0.00000
196.1 0.00000 15 0.00000
196.2 0.00000 15 0.00000
196.3 0.00000 15 0.00000
196.4 0.00000 15 0.00000
196.5 0.00000 15 0.00000
196.6 0.00000 15 0.00000
196.7 0.00000 15 0.00000
196.8 0.00000 15 0.00000
196.9 0.00000 15 0.00000
197.0 0.00000 15 0.00000
197.1 0.00000 15 0.00000
197.2 0.00000 15 0.00000
197.3 0.00000 15 0.00000
197.4 0.00000 15 0.00000
197.5 0.00000 15 0.00000
197.6 0.00000 15 0.00000
197.7 0.00000 15 0.00000
197.8 0.00000 15 0.00000
197.9 0.00000 15 0.00000
198.0 0.00000 15 0.00000
198.1 0.00000 15 0.00000
198.2 0.00000 15 0.00000
198.3 0.00000 15 0.00000
198.4 0.00000 15 0.00000
198.5 0.00000 15 0.00000
198.6 0.00000 15 0.00000
198.7 0.00000 15 0.00000
198.8 0.00000 15 0.00000
198.9 0.00000 15 0.00000
199.0 0.00000 15 0.00000
199.1 0.00000 15 0.00000
199.2 0.00000 15 0.00000
199.3 0.00000 15 0.00000
199.4 0.00000 15 0.00000
199.5 0.00000 15 0.00000
199.6 0.00000 15 0.00000
199.7 0.00000 15 0.00000
199.8 0.00000 15 0.00000
199.9 0.00000 15 0.00000
200.0 0.00000 15 0.00000
200.1 0.00000 15 0.00000
200.2 0.00000 15 0.00000
200.3 0.00000 15 0.00000
200.4 0.00000 15 0.00000
200.5 0.00000 15 0.00000
200.6 0.00000 15 0.00000
200.7 0.00000 15 0.00000
200.8 0.00000 15 0.00000
200.9 0.00000 15 0.00000
201.0 0.00000 15 0.00000
201.1 0.00000 15 0.00000
201.2 0.00000 15 0.00000
201.3 0.00000 15 0.00000
201.4 0.00000 15 0.00000
201.5 0.00000 15 0.00000
201.6 0.00000 15 0.00000
201.7 0.00000 15 0.00000
201.8 0.00000 15 0.00000
201.9 0.00000 15 0.00000
202.0 0.00000 15 0.00000
202.1 0.00000 15 0.00000
202.2 0.00000 15 0.00000
202.3 0.00000 15 0.00000
202.4 0.00000 15 0.00000
202.5 0.00000 15 0.00000
202.6 0.00000 15 0.00000
202.7 0.00000 15 0.00000
202.8 0.00000 15 0.00000
202.9 0.00000 15 0.00000
203.0 0.00000 15 0.00000
203.1 0.00000 15 0.00000
203.2 0.00000 15 0.00000
203.3 0.00000 15 0.00000
203.4 0.00000 15 0.00000
203.5 0.00000 15 0.00000
203.6 0.00000 15 0.00000
203.7 0.00000 15 0.00000
203.8 0.00000 15 0.00000
203.9 0.00000 15 0.00000
204.0 0.00000 15 0.00000
204.1 0.00000 15 0.00000
204.2 0.00000 15 0.00000
204.3 0.00000 15 0.00000
204.4 0.00000 15 0.00000
204.5 0.00000 15 0.00000
204.6 0.00000 15 0.00000
204.7 0.00000 15 0.00000
204.8 0.00000 15 0.00000
204.9 0.00000 15 0.00000
205.0 0.00000 15 0.00000
205.1 0.00000 15 0.00000
205.2 0.00000 15 0.00000
205.3 0.00000 15 0.00000
205.4 0.00000 15 0.00000
205.5 0.00000 15 0.00000
205.6 0.00000 15 0.00000
205.7 0.00000 15 0.00000
205.8 0.00000 15 0.00000
205.9 0.00000 15 0.00000
206.0 0.00000 15 0.00000
206.1 0.00000 15 0.00000
206.2 0.00000 15 0.00000
206.3 0.00000 15 0.00000
206.4 0.00000 15 0.00000
206.5 0.00000 15 0.00000
206.6 0.00000 15 0.00000
206.7 0.00000 15 0.00000
206.8 0.00000 15 0.00000
206.9 0.00000 15 0.00000
207.0 0.00000 15 0.00000
207.1 0.00000 15 0.00000
207.2 0.00000 15 0.00000
207.3 0.00000 15 0.00000
207.4 0.00000 15 0.00000
207.5 0.00000 15 0.00000
207.6 0.00000 15 0.00000
207.7 0.00000 15 0.00000
207.8 0.00000 15 0.00000
207.9 0.00000 15 0.00000
208.0 0.00000 15 0.00000
208.1 0.00000 15 0.00000
208.2 0.00000 15 0.00000
208.3 0.00000 15 0.00000
208.4 0.00000 15 0.00000
208.5 0.00000 15 0.00000
208.6 0.00000 15 0.00000
208.7 0.00000 15 0.00000
208.8 0.00000 15 0.00000
208.9 0.00000 15 0.00000
209.0 0.00000 15 0.00000
209.1 0.00000 15 0.00000
209.2 0.00000 15 0.00000
209.3 0.00000 15 0.00000
209.4 0.00000 15 0.00000
209.5 0.00000 15 0.00000
209.6 0.00000 15 0.00000
209.7 0.00000 15 0.00000
209.8 0.00000 15 0.00000
209.9 0.00000 15 0.00000
210.0 0.00000 15 0.00000
210.1 0.00000 15 0.00000
210.2 0.00000 15 0.00000
210.3 0.00000 15 0.00000
210.4 0.00000 15 0.00000
210.5 0.00000 15 0.00000
210.6 0.00000 15 0.00000
210.7 0.00000 15 0.00000
210.8 0.00000 15 0.00000
210.9 0.00000 15 0.00000
211.0 0.00000 15 0.00000
211.1 0.00000 15 0.00000
211.2 0.00000 15 0.00000
211.3 0.00000 15 0.00000
211.4 0.00000 15 0.00000
211.5 0.00000 15 0.00000
211.6 0.00000 15 0.00000
211.7 0.00000 15 0.00000
211.8 0.00000 15 0.00000
211.9 0.00000 15 0.00000
212.0 0.00000 15 0.00000
212.1 0.00000 15 0.00000
212.2 0.00000 15 0.00000
212.3 0.00000 15 0.00000
212.4 0.00000 15 0.00000
212.5 0.00000 15 0.00000
212.6 0.00000 15 0.00000
212.7 0.00000 15 0.00000
212.8 0.00000 15 0.00000
212.9 0.00000 15 0.00000
213.0 0.00000 15 0.00000
213.1 0.00000 15 0.00000
213.2 0.00000 15 0.00000
213.3 0.00000 15 0.00000
213.4 0.00000 15 0.00000
213.5 0.00000 15 0.00000
213.6 0.00000 15 0.00000
213.7 0.00000 15 0.00000
213.8 0.00000 15 0.00000
213.9 0.00000 15 0.00000
214.0 0.00000 15 0.00000
214.1 0.00000 15 0.00000
214.2 0.00000 15 0.00000
214.3 0.00000 15 0.00000
214.4 0.00000 15 0.00000
214.5 0.00000 15 0.00000
214.6 0.00000 15 0.00000
214.7 0.00000 15 0.00000
214.8 0.00000 15 0.00000
214.9 0.00000 15 0.00000
215.0 0.00000 15 0.00000
215.1 0.00000 15 0.00000
215.2 0.00000 15 0.00000
215.3 0.00000 15 0.00000
215.4 0.00000 15 0.00000
215.5 0.00000 15 0.00000
215.6 0.00000 15 0.00000
215.7 0.00000 15 0.00000
215.8 0.00000 15 0.00000
215.9 0.00000 15 0.00000
216.0 0.00000 15 0.00000
216.1 0.00000 15 0.00000
216.2 0.00000 15 0.00000
216.3 0.00000 15 0.00000
216.4 0.00000 15 0.00000
216.5 0.00000 15 0.00000
216.6 0.00000 15 0.00000
216.7 0.00000 15 0.00000
216.8 0.00000 15 0.00000
216.9 0.00000 15 0.00000
217.0 0.00000 15 0.00000
217.1 0.00000 15 0.00000
217.2 0.00000 15 0.00000
217.3 0.00000 15 0.00000
217.4 0.00000 15 0.00000
217.5 0.00000 15 0.00000
217.6 0.00000 15 0.00000
217.7 0.00000 15 0.00000
217.8 0.00000 15 0.00000
217.9 0.00000 15 0.00000
218.0 0.00000 15 0.00000
218.1 0.00000 15 0.00000
218.2 0.00000 15 0.00000
218.3 0.00000 15 0.00000
218.4 0.00000 15 0.00000
218.5 0.00000 15 0.00000
218.6 0.00000 15 0.00000
218.7 0.00000 15 0.00000
218.8 0.00000 15 0.00000
218.9 0.00000 15 0.00000
219.0 0.00000 15 0.00000
219.1 0.00000 15 0.00000
219.2 0.00000 15 0.00000
219.3 0.00000 15 0.00000
219.4 0.00000 15 0.00000
219.5 0.00000 15 0.00000
219.6 0.00000 15 0.00000
219.7 0.00000 15 0.00000
219.8 0.00000 15 0.00000
219.9 0.00000 15 0.00000
220.0 0.00000 15 0.00000
220.1 0.00000 15 0.00000
220.2 0.00000 15 0.00000
220.3 0.00000 15 0.00000
220.4 0.00000 15 0.00000
220.5 0.00000 15 0.00000
220.6 0.00000 15 0.00000
220.7 0.00000 15 0.00000
220.8 0.00000 15 0.00000
220.9 0.00000 15 0.00000
221.0 0.00000 15 0.00000
221.1 0.00000 15 0.00000
221.2 0.00000 15 0.00000
221.3 0.00000 15 0.00000
221.4 0.00000 15 0.00000
221.5 0.00000 15 0.00000
221.6 0.00000 15 0.00000
221.7 0.00000 15 0.00000
221.8 0.00000 15 0.00000
221.9 0.00000 15 0.00000
222.0 0.00000 15 0.00000
222.1 0.00000 15 0.00000
222.2 0.00000 15 0.00000
222.3 0.00000 15 0.00000
222.4 0.00000 15 0.00000
222.5 0.00000 15 0.00000
222.6 0.00000 15 0.00000
222.7 0.00000 15 0.00000
222.8 0.00000 15 0.00000
222.9 0.00000 15 0.00000
223.0 0.00000 15 0.00000
223.1 0.00000 15 0.00000
223.2 0.00000 15 0.00000
223.3 0.00000 15 0.00000
223.4 0.00000 15 0.00000
223.5 0.00000 15 0.00000
223.6 0.00000 15 0.00000
223.7 0.00000 15 0.00000
223.8 0.00000 15 0.00000
223.9 0.00000 15 0.00000
224.0 0.00000 15 0.00000
224.1 0.00000 15 0.00000
224.2 0.00000 15 0.00000
224.3 0.00000 15 0.00000
224.4 0.00000 15 0.00000
224.5 0.00000 15 0.00000
224.6 0.00000 15 0.00000
224.7 0.00000 15 0.00000
224.8 0.00000 15 0.00000
224.9 0.00000 15 0.00000
225.0 0.00000 15 0.00000
225.1 0.00000 15 0.00000
225.2 0.00000 15 0.00000
225.3 0.00000 15 0.00000
225.4 0.00000 15 0.00000
225.5 0.00000 15 0.00000
225.6 0.00000 15 0.00000
225.7 0.00000 15 0.00000
225.8 0.00000 15 0.00000
225.9 0.00000 15 0.00000
226.0 0.00000 15 0.00000
226.1 0.00000 15 0.00000
226.2 0.00000 15 0.00000
226.3 0.00000 15 0.00000
226.4 0.00000 15 0.00000
226.5 0.00000 15 0.00000
226.6 0.00000 15 0.00000
226.7 0.00000 15 0.00000
226.8 0.00000 15 0.00000
226.9 0.00000 15 0.00000
227.0 0.00000 15 0.00000
227.1 0.00000 15 0.00000
227.2 0.00000 15 0.00000
227.3 0.00000 15 0.00000
227.4 0.00000 15 0.00000
227.5 0.00000 15 0.00000
227.6 0.00000 15 0.00000
227.7 0.00000 15 0.00000
227.8 0.00000 15 0.00000
227.9 0.00000 15 0.00000
228.0 0.00000 15 0.00000
228.1 0.00000 15 0.00000
228.2 0.00000 15 0.00000
228.3 0.00000 15 0.00000
228.4 0.00000 15 0.00000
228.5 0.00000 15 0.00000
228.6 0.00000 15 0.00000
228.7 0.00000 15 0.00000
228.8 0.00000 15 0.00000
228.9 0.00000 15 0.00000
229.0 0.00000 15 0.00000
229.1 0.00000 15 0.00000
229.2 0.00000 15 0.00000
229.3 0.00000 15 0.00000
229.4 0.00000 15 0.00000
229.5 0.00000 15 0.00000
229.6 0.00000 15 0.00000
229.7 0.00000 15 0.00000
229.8 0.00000 15 0.00000
229.9 0.00000 15 0.00000
230.0 0.00000 15 0.00000
230.1 0.00000 15 0.00000
230.2 0.00000 15 0.00000
230.3 0.00000 15 0.00000
230.4 0.00000 15 0.00000
230.5 0.00000 15 0.00000
230.6 0.00000 15 0.00000
230.7 0.00000 15 0.00000
230.8 0.00000 15 0.00000
230.9 0.00000 15 0.00000
231.0 0.00000 15 0.00000
231.1 0.00000 15 0.00000
231.2 0.00000 15 0.00000
231.3 0.00000 15 0.00000
231.4 0.00000 15 0.00000
231.5 0.00000 15 0.00000
231.6 0.00000 15 0.00000
231.7 0.00000 15 0.00000
231.8 0.00000 15 0.00000
231.9 0.00000 15 0.00000
232.0 0.00000 15 0.00000
232.1 0.00000 15 0.00000
232.2 0.00000 15 0.00000
232.3 0.00000 15 0.00000
232.4 0.00000 15 0.00000
232.5 0.00000 15 0.00000
232.6 0.00000 15 0.00000
232.7 0.00000 15 0.00000
232.8 0.00000 15 0.00000
232.9 0.00000 15 0.00000
233.0 0.00000 15 0.00000
233.1 0.00000 15 0.00000
233.2 0.00000 15 0.00000
233.3 0.00000 15 0.00000
233.4 0.00000 15 0.00000
233.5 0.00000 15 0.00000
233.6 0.00000 15 0.00000
233.7 0.00000 15 0.00000
233.8 0.00000 15 0.00000
233.9 0.00000 15 0.00000
234.0 0.00000 15 0.00000
234.1 0.00000 15 0.00000
234.2 0.00000 15 0.00000
234.3 0.00000 15 0.00000
234.4 0.00000 15 0.00000
234.5 0.00000 15 0.00000
234.6 0.00000 15 0.00000
234.7 0.00000 15 0.00000
234.8 0.00000 15 0.00000
234.9 0.00000 15 0.00000
235.0 0.00000 15 0.00000
235.1 0.00000 15 0.00000
235.2 0.00000 15 0.00000
235.3 0.00000 15 0.00000
235.4 0.00000 15 0.00000
235.5 0.00000 15 0.00000
235.6 0.00000 15 0.00000
235.7 0.00000 15 0.00000
235.8 0.00000 15 0.00000
235.9 0.00000 15 0.00000
236.0 0.00000 15 0.00000
236.1 0.00000 15 0.00000
236.2 0.00000 15 0.00000
236.3 0.00000 15 0.00000
236.4 0.00000 15 0.00000
236.5 0.00000 15 0.00000
236.6 0.00000 15 0.00000
236.7 0.00000 15 0.00000
236.8 0.00000 15 0.00000
236.9 0.00000 15 0.00000
237.0 0.00000 15 0.00000
237.1 0.00000 15 0.00000
237.2 0.00000 15 0.00000
237.3 0.00000 15 0.00000
237.4 0.00000 15 0.00000
237.5 0.00000 15 0.00000
237.6 0.00000 15 0.00000
237.7 0.00000 15 0.00000
237.8 0.00000 15 0.00000
237.9 0.00000 15 0.00000
238.0 0.00000 15 0.00000
238.1 0.00000 15 0.00000
238.2 0.00000 15 0.00000
238.3 0.00000 15 0.00000
238.4 0.00000 15 0.00000
238.5 0.00000 15 0.00000
238.6 0.00000 15 0.00000
238.7 0.00000 15 0.00000
238.8 0.00000 15 0.00000
238.9 0.00000 15 0.00000
239.0 0.00000 15 0.00000
239.1 0.00000 15 0.00000
239.2 0.00000 15 0.00000
239.3 0.00000 15 0.00000
239.4 0.00000 15 0.00000
239.5 0.00000 15 0.00000
239.6 0.00000 15 0.00000
239.7 0.00000 15 0.00000
239.8 0.00000 15 0.00000
239.9 0.00000 15 0.00000
240.0 0.00000 15 0.00000
240.1 0.00000 15 0.00000
240.2 0.00000 15 0.00000
240.3 0.00000 15 0.00000
240.4 0.00000 15 0.00000
240.5 0.00000 15 0.00000
240.6 0.00000 15 0.00000
240.7 0.00000 15 0.00000
240.8 0.00000 15 0.00000
240.9 0.00000 15 0.00000
241.0 0.00000 15 0.00000
241.1 0.00000 15 0.00000
241.2 0.00000 15 0.00000
241.3 0.00000 15 0.00000
241.4 0.00000 15 0.00000
241.5 0.00000 15 0.00000
241.6 0.00000 15 0.00000
241.7 0.00000 15 0.00000
241.8 0.00000 15 0.00000
241.9 0.00000 15 0.00000
242.0 0.00000 15 0.00000
242.1 0.00000 15 0.00000
242.2 0.00000 15 0.00000
242.3 0.00000 15 0.00000
242.4 0.00000 15 0.00000
242.5 0.00000 15 0.00000
242.6 0.00000 15 0.00000
242.7 0.00000 15 0.00000
242.8 0.00000 15 0.00000
242.9 0.00000 15 0.00000
243.0 0.00000 15 0.00000
243.1 0.00000 15 0.00000
243.2 0.00000 15 0.00000
243.3 0.00000 15 0.00000
243.4 0.00000 15 0.00000
243.5 0.00000 15 0.00000
243.6 0.00000 15 0.00000
243.7 0.00000 15 0.00000
243.8 0.00000 15 0.00000
243.9 0.00000 15 0.00000
244.0 0.00000 15 0.00000
244.1 0.00000 15 0.00000
244.2 0.00000 15 0.00000
244.3 0.00000 15 0.00000
244.4 0.00000 15 0.00000
244.5 0.00000 15 0.00000
244.6 0.00000 15 0.00000
244.7 0.00000 15 0.00000
244.8 0.00000 15 0.00000
244.9 0.00000 15 0.00000
245.0 0.00000 15 0.00000
245.1 0.00000 15 0.00000
245.2 0.00000 15 0.00000
245.3 0.00000 15 0.00000
245.4 0.00000 15 0.00000
245.5 0.00000 15 0.00000
245.6 0.00000 15 0.00000
245.7 0.00000 15 0.00000
245.8 0.00000 15 0.00000
245.9 0.00000 15 0.00000
246.0 0.00000 15 0.00000
246.1 0.00000 15 0.00000
246.2 0.00000 15 0.00000
246.3 0.00000 15 0.00000
246.4 0.00000 15 0.00000
246.5 0.00000 15 0.00000
246.6 0.00000 15 0.00000
246.7 0.00000 15 0.00000
246.8 0.00000 15 0.00000
246.9 0.00000 15 0.00000
247.0 0.00000 15 0.00000
247.1 0.00000 15 0.00000
247.2 0.00000 15 0.00000
247.3 0.00000 15 0.00000
247.4 0.00000 15 0.00000
247.5 0.00000 15 0.00000
247.6 0.00000 15 0.00000
247.7 0.00000 15 0.00000
247.8 0.00000 15 0.00000
247.9 0.00000 15 0.00000
248.0 0.00000 15 0.00000
248.1 0.00000 15 0.00000
248.2 0.00000 15 0.00000
248.3 0.00000 15 0.00000
248.4 0.00000 15 0.00000
248.5 0.00000 15 0.00000
248.6 0.00000 15 0.00000
248.7 0.00000 15 0.00000
248.8 0.00000 15 0.00000
248.9 0.00000 15 0.00000
249.0 0.00000 15 0.00000
249.1 0.00000 15 0.00000
249.2 0.00000 15 0.00000
249.3 0.00000 15 0.00000
249.4 0.00000 15 0.00000
249.5 0.00000 15 0.00000
249.6 0.00000 15 0.00000
249.7 0.00000 15 0.00000
249.8 0.00000 15 0.00000
249.9 0.00000 15 0.00000
250.0 0.00000 15 0.00000
