15.0 2.32993 13 0.10806
15.1 2.37418 13 0.11176
15.2 2.41885 13 0.11547
15.3 2.46392 13 0.11919
15.4 2.51251 14 0.12292
15.5 2.57394 14 0.12667
15.6 2.63651 14 0.13042
15.7 2.70023 14 0.13419
15.8 2.76510 14 0.13796
15.9 2.83115 14 0.14175
16.0 2.89837 14 0.14554
16.1 2.96679 14 0.14935
16.2 3.03640 14 0.15316
16.3 3.10723 14 0.15699
16.4 3.17928 14 0.16082
16.5 3.25255 14 0.16466
16.6 3.32707 14 0.16852
16.7 3.40542 14 0.17233
16.8 3.48259 14 0.17620
16.9 3.56104 14 0.18008
17.0 3.64077 14 0.18397
17.1 3.72181 14 0.18786
17.2 3.80415 14 0.19177
17.3 3.88782 14 0.19568
17.4 3.97283 14 0.19960
17.5 4.04610 14 0.20353
17.6 4.11953 14 0.20747
17.7 4.19374 14 0.21142
17.8 4.26874 14 0.21537
17.9 4.34454 14 0.21933
18.0 4.42112 14 0.22330
18.1 4.49849 14 0.22728
18.2 4.57666 14 0.23126
18.3 4.65562 14 0.23525
18.4 4.73538 14 0.23925
18.5 4.85442 14 0.24586
18.6 4.97591 14 0.25256
18.7 5.09953 14 0.25933
18.8 5.22531 14 0.26617
18.9 5.35327 14 0.27308
19.0 5.48343 14 0.28006
19.1 5.61582 14 0.28711
19.2 5.75046 14 0.29423
19.3 5.88737 14 0.30142
19.4 6.02660 14 0.30868
19.5 6.16815 14 0.31601
19.6 6.31205 14 0.32342
19.7 6.45834 14 0.33090
19.8 6.60703 14 0.33845
19.9 6.75816 14 0.34608
20.0 6.91174 14 0.35378
20.1 7.12758 14 0.36170
20.2 7.28543 14 0.36955
20.3 7.44581 14 0.37748
20.4 7.60875 14 0.38549
20.5 7.74237 14 0.39097
20.6 7.83671 14 0.39469
20.7 7.93183 14 0.39842
20.8 8.02774 14 0.40217
20.9 8.12443 14 0.40592
21.0 8.22192 14 0.40969
21.1 8.32020 14 0.41347
21.2 8.41927 14 0.41726
21.3 8.51914 14 0.42106
21.4 8.61981 14 0.42487
21.5 8.72129 14 0.42869
21.6 8.82357 14 0.43253
21.7 8.92666 14 0.43637
21.8 9.03056 14 0.44023
21.9 9.13528 14 0.44410
22.0 9.24081 14 0.44798
22.1 9.34716 14 0.45187
22.2 9.45434 14 0.45577
22.3 9.56234 14 0.45969
22.4 9.67116 14 0.46361
22.5 9.78082 14 0.46755
22.6 9.89127 14 0.47150
22.7 10.00246 14 0.47546
22.8 10.09775 14 0.47947
22.9 10.21046 14 0.48346
23.0 10.32401 14 0.48745
23.1 10.43813 14 0.49146
23.2 10.55317 14 0.49548
23.3 10.66906 14 0.49951
23.4 10.78581 14 0.50355
23.5 10.90341 14 0.50761
23.6 11.00293 14 0.51171
23.7 11.12170 14 0.51579
23.8 11.24144 14 0.51988
23.9 11.36204 14 0.52398
24.0 11.48359 14 0.52810
24.1 11.60595 14 0.53222
24.2 11.72917 14 0.53636
24.3 11.85287 14 0.54052
24.4 11.97757 14 0.54468
24.5 12.08156 14 0.54889
24.6 12.20780 14 0.55307
24.7 12.33493 14 0.55727
24.8 12.46267 14 0.56149
24.9 12.59137 14 0.56571
25.0 12.72081 14 0.56995
25.1 12.85113 14 0.57420
25.2 12.98227 14 0.57846
25.3 13.11429 14 0.58274
25.4 13.22286 14 0.58705
25.5 13.35625 14 0.59135
25.6 13.49002 14 0.59566
25.7 13.62470 14 0.59999
25.8 13.76107 14 0.60433
25.9 13.89786 14 0.60868
26.0 14.03554 14 0.61304
26.1 14.17411 14 0.61742
26.2 14.31338 14 0.62180
26.3 14.45288 14 0.62621
26.4 14.56586 14 0.63065
26.5 14.70694 14 0.63507
26.6 14.84890 14 0.63951
26.7 14.99229 14 0.64397
26.8 15.13746 14 0.64843
26.9 15.28246 14 0.65291
27.0 15.42798 14 0.65741
27.1 15.57382 14 0.66191
27.2 15.72079 14 0.66643
27.3 15.83769 14 0.67099
27.4 15.98617 14 0.67553
27.5 16.13556 14 0.68009
27.6 16.28585 14 0.68466
27.7 16.43922 14 0.68925
27.8 16.59091 14 0.69385
27.9 16.74355 14 0.69846
28.0 16.89708 14 0.70309
28.1 17.05147 14 0.70773
28.2 17.17192 14 0.71240
28.3 17.32785 14 0.71707
28.4 17.48459 14 0.72175
28.5 17.64206 14 0.72644
28.6 17.80152 14 0.73115
28.7 17.96188 14 0.73587
28.8 18.12189 14 0.74061
28.9 18.28279 14 0.74536
29.0 18.44459 14 0.75012
29.1 18.56813 14 0.75491
29.2 18.73134 14 0.75970
29.3 18.89531 14 0.76451
29.4 19.06008 14 0.76933
29.5 19.22539 14 0.77416
29.6 19.39496 14 0.77901
29.7 19.56236 14 0.78387
29.8 19.73057 14 0.78875
29.9 19.89968 14 0.79364
30.0 20.06971 14 0.79855
30.1 20.19632 14 0.80348
30.2 20.36761 14 0.80841
30.3 20.53977 14 0.81336
30.4 20.71292 14 0.81832
30.5 20.88610 14 0.82330
30.6 21.06432 14 0.82829
30.7 21.23993 14 0.83330
30.8 21.41645 14 0.83832
30.9 21.59372 14 0.84335
31.0 21.72222 14 0.84842
31.1 21.90085 14 0.85348
31.2 22.08037 14 0.85856
31.3 22.26083 14 0.86366
31.4 22.44158 14 0.86877
31.5 22.62378 14 0.87389
31.6 22.81022 14 0.87903
31.7 22.99399 14 0.88419
31.8 23.17850 14 0.88936
31.9 23.36393 14 0.89454
32.0 23.49404 14 0.89975
32.1 23.68088 14 0.90497
32.2 23.86855 14 0.91020
32.3 24.05722 14 0.91544
32.4 24.24595 14 0.92071
32.5 24.43734 14 0.92598
32.6 24.63128 14 0.93128
32.7 24.82299 14 0.93659
32.8 25.01561 14 0.94191
32.9 25.20917 14 0.94725
33.0 25.33995 14 0.95261
33.1 25.53477 14 0.95798
33.2 25.73038 14 0.96337
33.3 25.92694 14 0.96877
33.4 26.12430 14 0.97419
33.5 26.32377 14 0.97962
33.6 26.52591 14 0.98507
33.7 26.72560 14 0.99054
33.8 26.92619 14 0.99602
33.9 27.08828 14 1.00000
34.0 27.07611 14 1.00000
34.1 27.13522 14 1.00000
34.2 27.19413 14 1.00000
34.3 27.25275 14 1.00000
34.4 27.31096 14 1.00000
34.5 27.37152 14 1.00000
34.6 27.43310 14 1.00000
34.7 27.49066 14 1.00000
34.8 27.54767 14 1.00000
34.9 27.39691 14 1.00000
35.0 27.45396 14 1.00000
35.1 27.51093 14 1.00000
35.2 27.56745 14 1.00000
35.3 27.62362 14 1.00000
35.4 27.53575 14 1.00000
35.5 27.59214 14 1.00000
35.6 27.65532 14 1.00000
35.7 27.71143 14 1.00000
35.8 27.76652 14 1.00000
35.9 27.59348 14 1.00000
36.0 27.64874 14 1.00000
36.1 27.70348 14 1.00000
36.2 27.75808 14 1.00000
36.3 27.81220 14 1.00000
36.4 26.89313 14 1.00000
36.5 24.25211 14 1.00000
36.6 22.50401 14 1.00000
36.7 19.88524 14 1.00000
36.8 18.57677 14 1.00000
36.9 15.89433 14 1.00000
37.0 13.71755 14 1.00000
37.1 13.71922 14 1.00000
37.2 13.68414 14 1.00000
37.3 13.69632 14 1.00000
37.4 13.58522 14 1.00000
37.5 13.58677 14 1.00000
37.6 13.54746 14 1.00000
37.7 13.50955 14 1.00000
37.8 13.47735 14 1.00000
37.9 13.45247 14 1.00000
38.0 13.37686 14 1.00000
38.1 13.34826 14 1.00000
38.2 13.35261 14 1.00000
38.3 13.36455 14 1.00000
38.4 13.25282 14 1.00000
38.5 13.28219 14 1.00000
38.6 13.31606 14 1.00000
38.7 13.34983 14 1.00000
38.8 13.38343 14 1.00000
38.9 13.41220 14 1.00000
39.0 13.44620 14 1.00000
39.1 13.48004 14 1.00000
39.2 13.51368 14 1.00000
39.3 13.54702 14 1.00000
39.4 13.58001 14 1.00000
39.5 13.61002 14 1.00000
39.6 13.64373 14 1.00000
39.7 13.67717 14 1.00000
39.8 13.71027 14 1.00000
39.9 13.74310 14 1.00000
40.0 13.77351 14 1.00000
40.1 13.80698 14 1.00000
40.2 13.84019 14 1.00000
40.3 13.87302 14 1.00000
40.4 13.90842 14 1.00000
40.5 13.93664 14 1.00000
40.6 13.96989 14 1.00000
40.7 14.00280 14 1.00000
40.8 14.03572 14 1.00000
40.9 14.07785 14 1.00000
41.0 14.09921 14 1.00000
41.1 14.13229 14 1.00000
41.2 14.16485 14 1.00000
41.3 14.20319 14 1.00000
41.4 14.22838 14 1.00000
41.5 14.26146 14 1.00000
41.6 14.29411 14 1.00000
41.7 14.32388 14 1.00000
41.8 14.35731 14 1.00000
41.9 14.39032 14 1.00000
42.0 14.41888 14 1.00000
42.1 14.45249 14 1.00000
42.2 14.48070 14 1.00000
42.3 14.51347 14 1.00000
42.4 14.45625 14 1.00000
42.5 14.43028 14 1.00000
42.6 14.44895 14 1.00000
42.7 14.31958 14 1.00000
42.8 14.48643 14 1.00000
42.9 14.52046 14 1.00000
43.0 14.55621 14 1.00000
43.1 14.59170 14 1.00000
43.2 14.62421 14 1.00000
43.3 14.65644 14 1.00000
43.4 14.68877 14 1.00000
43.5 14.72085 14 1.00000
43.6 14.75286 14 1.00000
43.7 14.78391 14 1.00000
43.8 14.81480 14 1.00000
43.9 14.84842 14 1.00000
44.0 14.89305 14 1.00000
44.1 14.93771 14 1.00000
44.2 15.08935 14 1.00000
44.3 15.12661 14 1.00000
44.4 15.16164 14 1.00000
44.5 15.19326 14 1.00000
44.6 15.22593 14 1.00000
44.7 15.25884 14 1.00000
44.8 15.29138 14 1.00000
44.9 15.32327 14 1.00000
45.0 15.35479 14 1.00000
45.1 15.38558 14 1.00000
45.2 15.42521 14 1.00000
45.3 15.47014 14 1.00000
45.4 15.51507 14 1.00000
45.5 15.57393 14 1.00000
45.6 15.70481 14 1.00000
45.7 15.74160 14 1.00000
45.8 15.77499 14 1.00000
45.9 15.80821 14 1.00000
46.0 15.84102 14 1.00000
46.1 15.87413 14 1.00000
46.2 15.90649 14 1.00000
46.3 15.93830 14 1.00000
46.4 15.96976 14 1.00000
46.5 16.00540 14 1.00000
46.6 16.05058 14 1.00000
46.7 16.09580 14 1.00000
46.8 16.14960 14 1.00000
46.9 16.21572 14 1.00000
47.0 16.33197 14 1.00000
47.1 16.36867 14 1.00000
47.2 16.40240 14 1.00000
47.3 16.43566 14 1.00000
47.4 16.46908 14 1.00000
47.5 16.50238 14 1.00000
47.6 16.53531 14 1.00000
47.7 16.56736 14 1.00000
47.8 16.59904 14 1.00000
47.9 16.63421 14 1.00000
48.0 16.67968 14 1.00000
48.1 16.75284 14 1.00000
48.2 16.81223 14 1.00000
48.3 16.86521 14 1.00000
48.4 16.91297 14 1.00000
48.5 17.00488 14 1.00000
48.6 17.04315 14 1.00000
48.7 17.07573 14 1.00000
48.8 17.10957 14 1.00000
48.9 17.14314 14 1.00000
49.0 17.17652 14 1.00000
49.1 17.20946 14 1.00000
49.2 17.24185 14 1.00000
49.3 17.27349 14 1.00000
49.4 17.31058 14 1.00000
49.5 17.35616 14 1.00000
49.6 17.43099 14 1.00000
49.7 17.49065 14 1.00000
49.8 17.54425 14 1.00000
49.9 17.59297 14 1.00000
50.0 17.63792 14 1.00000
50.1 17.72785 14 1.00000
50.2 17.76217 14 1.00000
50.3 17.79610 14 1.00000
50.4 17.83045 14 1.00000
50.5 17.86417 14 1.00000
50.6 17.89774 14 1.00000
50.7 17.93060 14 1.00000
50.8 17.96335 14 1.00000
50.9 17.99526 14 1.00000
51.0 18.03582 14 1.00000
51.1 18.08255 14 1.00000
51.2 18.15970 14 1.00000
51.3 18.21915 14 1.00000
51.4 18.27299 14 1.00000
51.5 18.32244 14 1.00000
51.6 18.36807 14 1.00000
51.7 18.46125 14 1.00000
51.8 18.49784 14 1.00000
51.9 18.53190 14 1.00000
52.0 18.56637 14 1.00000
52.1 18.60085 14 1.00000
52.2 18.63484 14 1.00000
52.3 18.67063 14 1.00000
52.4 18.70496 14 1.00000
52.5 18.74477 14 1.00000
52.6 18.77780 14 1.00000
52.7 18.82174 14 1.00000
52.8 18.85654 14 1.00000
52.9 18.90223 14 1.00000
53.0 18.94844 14 1.00000
53.1 18.99407 14 1.00000
53.2 19.04616 14 1.00000
53.3 19.08620 14 1.00000
53.4 19.16985 14 1.00000
53.5 19.18497 14 1.00000
53.6 19.22403 14 1.00000
53.7 19.30822 14 1.00000
53.8 19.32076 14 1.00000
53.9 19.41052 14 1.00000
54.0 19.44010 14 1.00000
54.1 19.45382 14 1.00000
54.2 19.54437 14 1.00000
54.3 19.55093 14 1.00000
54.4 19.59062 14 1.00000
54.5 19.67619 14 1.00000
54.6 19.68346 14 1.00000
54.7 19.72840 14 1.00000
54.8 19.78563 14 1.00000
54.9 19.82078 14 1.00000
55.0 19.87096 14 1.00000
55.1 19.91914 14 1.00000
55.2 19.95878 14 1.00000
55.3 20.01770 14 1.00000
55.4 20.05278 14 1.00000
55.5 20.09696 14 1.00000
55.6 20.16350 14 1.00000
55.7 20.18980 14 1.00000
55.8 20.23662 14 1.00000
55.9 20.30769 14 1.00000
56.0 20.32835 14 1.00000
56.1 20.37703 14 1.00000
56.2 20.44709 14 1.00000
56.3 20.51914 14 1.00000
56.4 20.51266 14 1.00000
56.5 20.58458 14 1.00000
56.6 20.65679 14 1.00000
56.7 20.72024 14 1.00000
56.8 20.71703 14 1.00000
56.9 20.78956 14 1.00000
57.0 20.86030 14 1.00000
57.1 20.85483 14 1.00000
57.2 20.92086 14 1.00000
57.3 20.99253 14 1.00000
57.4 21.06221 14 1.00000
57.5 21.11251 14 1.00000
57.6 21.11855 14 1.00000
57.7 21.18942 14 1.00000
57.8 21.26019 14 1.00000
57.9 21.33155 14 1.00000
58.0 21.31025 14 1.00000
58.1 21.38289 14 1.00000
58.2 21.45187 14 1.00000
58.3 21.52236 14 1.00000
58.4 21.49800 14 1.00000
58.5 21.57126 14 1.00000
58.6 21.64027 14 1.00000
58.7 21.71201 14 1.00000
58.8 21.69760 14 1.00000
58.9 21.75123 14 1.00000
59.0 21.82515 14 1.00000
59.1 21.89838 14 1.00000
59.2 21.88433 14 1.00000
59.3 21.92583 14 1.00000
59.4 22.00180 14 1.00000
59.5 22.07321 14 1.00000
59.6 22.06774 14 1.00000
59.7 22.11595 14 1.00000
59.8 22.14950 14 1.00000
59.9 22.24433 14 1.00000
60.0 22.31743 14 1.00000
60.1 22.30362 14 1.00000
60.2 22.34918 14 1.00000
60.3 22.37785 14 1.00000
60.4 22.37354 14 1.00000
60.5 22.55213 14 1.00000
60.6 22.53863 14 1.00000
60.7 22.58296 14 1.00000
60.8 22.61189 14 1.00000
60.9 22.60746 14 1.00000
61.0 22.70149 14 1.00000
61.1 22.77040 14 1.00000
61.2 22.81975 14 1.00000
61.3 22.85476 14 1.00000
61.4 22.84859 14 1.00000
61.5 22.88803 14 1.00000
61.6 22.93443 14 1.00000
61.7 23.05380 14 1.00000
61.8 23.09772 14 1.00000
61.9 23.12993 14 1.00000
62.0 23.12491 14 1.00000
62.1 23.16923 14 1.00000
62.2 23.21746 14 1.00000
62.3 23.33235 14 1.00000
62.4 23.38218 14 1.00000
62.5 23.41503 14 1.00000
62.6 23.40940 14 1.00000
62.7 23.45106 14 1.00000
62.8 23.49747 14 1.00000
62.9 23.56829 14 1.00000
63.0 23.66582 14 1.00000
63.1 23.70557 14 1.00000
63.2 23.73476 14 1.00000
63.3 23.73345 14 1.00000
63.4 23.77996 14 1.00000
63.5 23.82645 14 1.00000
63.6 23.90237 14 1.00000
63.7 23.92112 14 1.00000
63.8 24.03556 14 1.00000
63.9 24.06746 14 1.00000
64.0 24.06304 14 1.00000
64.1 24.10962 14 1.00000
64.2 24.15618 14 1.00000
64.3 24.22137 14 1.00000
64.4 24.29712 14 1.00000
64.5 24.35679 14 1.00000
64.6 24.41035 14 1.00000
64.7 24.43969 14 1.00000
64.8 24.44003 14 1.00000
64.9 24.48669 14 1.00000
65.0 24.53334 14 1.00000
65.1 24.59812 14 1.00000
65.2 24.67375 14 1.00000
65.3 24.72564 14 1.00000
65.4 24.79179 14 1.00000
65.5 24.82313 14 1.00000
65.6 24.81841 14 1.00000
65.7 24.86466 14 1.00000
65.8 24.91146 14 1.00000
65.9 24.95822 14 1.00000
66.0 25.02993 14 1.00000
66.1 25.10402 14 1.00000
66.2 25.10016 14 1.00000
66.3 25.21551 14 1.00000
66.4 25.25093 14 1.00000
66.5 25.27681 14 1.00000
66.6 25.29036 14 1.00000
66.7 25.33726 14 1.00000
66.8 25.38414 14 1.00000
66.9 25.43725 14 1.00000
67.0 25.51455 14 1.00000
67.1 25.58865 14 1.00000
67.2 25.63870 14 1.00000
67.3 25.68194 14 1.00000
67.4 25.71089 14 1.00000
67.5 25.70508 14 1.00000
67.6 25.74939 14 1.00000
67.7 25.79367 14 1.00000
67.8 25.83857 14 1.00000
67.9 25.91175 14 1.00000
68.0 25.98291 14 1.00000
68.1 26.05583 14 1.00000
68.2 26.01757 14 1.00000
68.3 26.13173 14 1.00000
68.4 26.15815 14 1.00000
68.5 26.15354 14 1.00000
68.6 26.19806 14 1.00000
68.7 26.24260 14 1.00000
68.8 26.28712 14 1.00000
68.9 26.35555 14 1.00000
69.0 26.43081 14 1.00000
69.1 26.50097 14 1.00000
69.2 26.56660 14 1.00000
69.3 26.51407 14 1.00000
69.4 26.62892 14 1.00000
69.5 26.65573 14 1.00000
69.6 26.64915 14 1.00000
69.7 26.69388 14 1.00000
69.8 26.73867 14 1.00000
69.9 26.78349 14 1.00000
70.0 26.84240 14 1.00000
70.1 26.91813 14 1.00000
70.2 26.98699 14 1.00000
70.3 27.05639 14 1.00000
70.4 27.12176 14 1.00000
70.5 27.06651 14 1.00000
70.6 27.17808 14 1.00000
70.7 27.20839 14 1.00000
70.8 27.20278 14 1.00000
70.9 27.23771 14 1.00000
71.0 27.28274 14 1.00000
71.1 27.32781 14 1.00000
71.2 27.37418 14 1.00000
71.3 27.44061 14 1.00000
71.4 27.51289 14 1.00000
71.5 27.57985 14 1.00000
71.6 27.64370 14 1.00000
71.7 27.71234 14 1.00000
71.8 27.64687 14 1.00000
71.9 27.78258 14 1.00000
72.0 27.82462 14 1.00000
72.1 27.85598 14 1.00000
72.2 27.85260 14 1.00000
72.3 27.87562 14 1.00000
72.4 27.92096 14 1.00000
72.5 27.96632 14 1.00000
72.6 28.01168 14 1.00000
72.7 28.06537 14 1.00000
72.8 28.13715 14 1.00000
72.9 28.20558 14 1.00000
73.0 28.27029 14 1.00000
73.1 28.31908 14 1.00000
73.2 28.38656 14 1.00000
73.3 28.42844 14 1.00000
73.4 28.47874 14 1.00000
73.5 28.52492 14 1.00000
73.6 28.56552 14 1.00000
73.7 28.60357 14 1.00000
73.8 28.60766 14 1.00000
73.9 28.63525 14 1.00000
74.0 28.65735 14 1.00000
74.1 28.70098 14 1.00000
74.2 28.74668 14 1.00000
74.3 28.79241 14 1.00000
74.4 28.84545 14 1.00000
74.5 28.91296 14 1.00000
74.6 28.98166 14 1.00000
74.7 29.03200 14 1.00000
74.8 29.05083 14 1.00000
74.9 29.23932 14 1.00000
75.0 29.30014 14 1.00000
75.1 29.26065 14 1.00000
75.2 29.31192 14 1.00000
75.3 29.36365 14 1.00000
75.4 29.41209 14 1.00000
75.5 29.45429 14 1.00000
75.6 29.49966 14 1.00000
75.7 29.53561 14 1.00000
75.8 29.54621 14 1.00000
75.9 29.57861 14 1.00000
76.0 29.60350 14 1.00000
76.1 29.62746 14 1.00000
76.2 29.67237 14 1.00000
76.3 29.71853 14 1.00000
76.4 29.76470 14 1.00000
76.5 29.86801 14 1.00000
76.6 29.97224 14 1.00000
76.7 30.02969 14 1.00000
76.8 30.08667 14 1.00000
76.9 30.14539 14 1.00000
77.0 30.20529 14 1.00000
77.1 30.26294 14 1.00000
77.2 30.31999 14 1.00000
77.3 30.37968 14 1.00000
77.4 30.34162 14 1.00000
77.5 30.39137 14 1.00000
77.6 30.44370 14 1.00000
77.7 30.48809 14 1.00000
77.8 30.53623 14 1.00000
77.9 30.58103 14 1.00000
78.0 30.63243 14 1.00000
78.1 30.67046 14 1.00000
78.2 30.72508 14 1.00000
78.3 30.77189 14 1.00000
78.4 30.69943 14 1.00000
78.5 30.74610 14 1.00000
78.6 30.79635 14 1.00000
78.7 30.85546 14 1.00000
78.8 30.91976 14 1.00000
78.9 30.98354 14 1.00000
79.0 31.04626 14 1.00000
79.1 31.09551 14 1.00000
79.2 31.16497 14 1.00000
79.3 31.22101 14 1.00000
79.4 31.28061 14 1.00000
79.5 31.33914 14 1.00000
79.6 31.39703 14 1.00000
79.7 31.44688 14 1.00000
79.8 31.50950 14 1.00000
79.9 31.56334 14 1.00000
80.0 31.62213 14 1.00000
80.1 31.67643 14 1.00000
80.2 31.73491 14 1.00000
80.3 31.78889 14 1.00000
80.4 31.85071 14 1.00000
80.5 31.80252 14 1.00000
80.6 31.89565 14 1.00000
80.7 31.78438 14 1.00000
80.8 31.95774 14 1.00000
80.9 32.00700 14 1.00000
81.0 32.04375 14 1.00000
81.1 32.06706 14 1.00000
81.2 32.11392 14 1.00000
81.3 32.15424 14 1.00000
81.4 32.18978 14 1.00000
81.5 32.23618 14 1.00000
81.6 32.27660 14 1.00000
81.7 32.31288 14 1.00000
81.8 32.34655 14 1.00000
81.9 32.37991 14 1.00000
82.0 32.41135 14 1.00000
82.1 32.45076 14 1.00000
82.2 32.49720 14 1.00000
82.3 32.54473 14 1.00000
82.4 32.59232 14 1.00000
82.5 32.64520 14 1.00000
82.6 32.74305 14 1.00000
82.7 32.83255 14 1.00000
82.8 32.93000 14 1.00000
82.9 33.04033 14 1.00000
83.0 32.98970 14 1.00000
83.1 33.05062 14 1.00000
83.2 33.10954 14 1.00000
83.3 33.16223 14 1.00000
83.4 33.21310 14 1.00000
83.5 33.26635 14 1.00000
83.6 33.32368 14 1.00000
83.7 33.38000 14 1.00000
83.8 33.43602 14 1.00000
83.9 33.49200 14 1.00000
84.0 33.54510 14 1.00000
84.1 33.59949 14 1.00000
84.2 33.65049 14 1.00000
84.3 33.69809 14 1.00000
84.4 33.75135 14 1.00000
84.5 33.81259 14 1.00000
84.6 33.87003 14 1.00000
84.7 33.92495 14 1.00000
84.8 33.88283 14 1.00000
84.9 33.92886 14 1.00000
85.0 33.98748 14 1.00000
85.1 34.03666 14 1.00000
85.2 34.08095 14 1.00000
85.3 34.13885 14 1.00000
85.4 34.19221 14 1.00000
85.5 34.23930 14 1.00000
85.6 34.27845 14 1.00000
85.7 34.33299 14 1.00000
85.8 34.38683 14 1.00000
85.9 34.43844 14 1.00000
86.0 34.48883 14 1.00000
86.1 34.53508 14 1.00000
86.2 34.57396 14 1.00000
86.3 34.63400 14 1.00000
86.4 34.57681 14 1.00000
86.5 34.69518 14 1.00000
86.6 34.74195 14 1.00000
86.7 34.78830 14 1.00000
86.8 34.83256 14 1.00000
86.9 34.87575 14 1.00000
87.0 34.93179 14 1.00000
87.1 34.98137 14 1.00000
87.2 35.03102 14 1.00000
87.3 35.08006 14 1.00000
87.4 35.12672 14 1.00000
87.5 35.17239 14 1.00000
87.6 35.21781 14 1.00000
87.7 35.26188 14 1.00000
87.8 35.30607 14 1.00000
87.9 35.35540 14 1.00000
88.0 35.39950 14 1.00000
88.1 35.45602 14 1.00000
88.2 35.50519 14 1.00000
88.3 35.57098 14 1.00000
88.4 35.66719 14 1.00000
88.5 35.66674 14 1.00000
88.6 35.63015 14 1.00000
88.7 35.67780 14 1.00000
88.8 35.72498 14 1.00000
88.9 35.77186 14 1.00000
89.0 35.81815 14 1.00000
89.1 35.86478 14 1.00000
89.2 35.91430 14 1.00000
89.3 35.96315 14 1.00000
89.4 36.01305 14 1.00000
89.5 36.06298 14 1.00000
89.6 36.11310 14 1.00000
89.7 36.16372 14 1.00000
89.8 36.20835 14 1.00000
89.9 36.24941 14 1.00000
90.0 36.29256 14 1.00000
90.1 36.33841 14 1.00000
90.2 36.38442 14 1.00000
90.3 36.43586 14 1.00000
90.4 36.48693 14 1.00000
90.5 36.53822 14 1.00000
90.6 36.58930 14 1.00000
90.7 36.64031 14 1.00000
90.8 36.69308 14 1.00000
90.9 36.74520 14 1.00000
91.0 36.79815 14 1.00000
91.1 36.85049 14 1.00000
91.2 36.90294 14 1.00000
91.3 36.95496 14 1.00000
91.4 37.00681 14 1.00000
91.5 37.05880 14 1.00000
91.6 37.10971 14 1.00000
91.7 37.16143 14 1.00000
91.8 37.21272 14 1.00000
91.9 37.26414 14 1.00000
92.0 37.31515 14 1.00000
92.1 37.36630 14 1.00000
92.2 37.41704 14 1.00000
92.3 37.46792 14 1.00000
92.4 37.51839 14 1.00000
92.5 37.56873 14 1.00000
92.6 37.61946 14 1.00000
92.7 37.66927 14 1.00000
92.8 37.71923 14 1.00000
92.9 37.76878 14 1.00000
93.0 37.81848 14 1.00000
93.1 37.86803 14 1.00000
93.2 37.91749 14 1.00000
93.3 37.96698 14 1.00000
93.4 38.01619 14 1.00000
93.5 38.06522 14 1.00000
93.6 38.11419 14 1.00000
93.7 38.16275 14 1.00000
93.8 38.21166 14 1.00000
93.9 38.26015 14 1.00000
94.0 38.30863 14 1.00000
94.1 38.35685 14 1.00000
94.2 38.40494 14 1.00000
94.3 38.45316 14 1.00000
94.4 38.50108 14 1.00000
94.5 38.54950 14 1.00000
94.6 38.58998 14 1.00000
94.7 38.66939 14 1.00000
94.8 38.77013 14 1.00000
94.9 38.85284 14 1.00000
95.0 38.94600 14 1.00000
95.1 39.03006 14 1.00000
95.2 39.09702 14 1.00000
95.3 39.14191 14 1.00000
95.4 39.01987 14 1.00000
95.5 39.06645 14 1.00000
95.6 39.11263 14 1.00000
95.7 39.15907 14 1.00000
95.8 39.20440 14 1.00000
95.9 39.24988 14 1.00000
96.0 39.29991 14 1.00000
96.1 39.36172 14 1.00000
96.2 39.42408 14 1.00000
96.3 39.48396 14 1.00000
96.4 39.54501 14 1.00000
96.5 39.60543 14 1.00000
96.6 39.66594 14 1.00000
96.7 39.72540 14 1.00000
96.8 39.78470 14 1.00000
96.9 39.86052 14 1.00000
97.0 39.90546 14 1.00000
97.1 39.95039 14 1.00000
97.2 39.99533 14 1.00000
97.3 40.04027 14 1.00000
97.4 40.09089 14 1.00000
97.5 40.14191 14 1.00000
97.6 40.19329 14 1.00000
97.7 40.24437 14 1.00000
97.8 40.29522 14 1.00000
97.9 40.34597 14 1.00000
98.0 40.40468 14 1.00000
98.1 40.46741 14 1.00000
98.2 40.48626 14 1.00000
98.3 40.53690 14 1.00000
98.4 40.50000 14 1.00000
98.5 40.50000 14 1.00000
98.6 40.50000 14 1.00000
98.7 40.50000 14 1.00000
98.8 40.50000 14 1.00000
98.9 40.50000 14 1.00000
99.0 40.50000 14 1.00000
99.1 40.50000 14 1.00000
99.2 40.50000 14 1.00000
99.3 40.50000 14 1.00000
99.4 40.50000 14 1.00000
99.5 40.50000 14 1.00000
99.6 40.50000 14 1.00000
99.7 40.50000 14 1.00000
99.8 40.50000 14 1.00000
99.9 40.50000 14 1.00000
100.0 40.50000 14 1.00000
100.1 40.50000 14 1.00000
100.2 40.50000 14 1.00000
100.3 40.50000 14 1.00000
100.4 40.50000 14 1.00000
100.5 40.50000 14 1.00000
100.6 40.50000 14 1.00000
100.7 40.50000 14 1.00000
100.8 40.50000 14 1.00000
100.9 40.50000 14 1.00000
101.0 40.50000 14 1.00000
101.1 40.50000 14 1.00000
101.2 40.50000 14 1.00000
101.3 40.50000 14 1.00000
101.4 40.50000 14 1.00000
101.5 40.50000 14 1.00000
101.6 40.50000 14 1.00000
101.7 40.50000 14 1.00000
101.8 40.50000 14 1.00000
101.9 40.50000 14 1.00000
102.0 40.50000 14 1.00000
102.1 40.50000 14 1.00000
102.2 40.50000 14 1.00000
102.3 40.50000 14 1.00000
102.4 40.50000 14 1.00000
102.5 40.50000 14 1.00000
102.6 40.50000 14 1.00000
102.7 40.50000 14 1.00000
102.8 40.50000 14 1.00000
102.9 40.50000 14 1.00000
103.0 40.50000 14 1.00000
103.1 40.50000 14 1.00000
103.2 40.50000 14 1.00000
103.3 40.50000 14 1.00000
103.4 40.50000 14 1.00000
103.5 40.50000 14 1.00000
103.6 40.50000 14 1.00000
103.7 40.50000 14 1.00000
103.8 40.50000 14 1.00000
103.9 40.50000 14 1.00000
104.0 40.50000 14 1.00000
104.1 40.50000 14 1.00000
104.2 40.50000 14 1.00000
104.3 40.50000 14 1.00000
104.4 40.50000 14 1.00000
104.5 40.50000 14 1.00000
104.6 40.50000 14 1.00000
104.7 40.50000 14 1.00000
104.8 40.50000 14 1.00000
104.9 40.50000 14 1.00000
105.0 40.50000 14 1.00000
105.1 40.50000 14 1.00000
105.2 40.50000 14 1.00000
105.3 40.50000 14 1.00000
105.4 40.50000 14 1.00000
105.5 40.50000 14 1.00000
105.6 40.50000 14 1.00000
105.7 40.50000 14 1.00000
105.8 40.50000 14 1.00000
105.9 40.50000 14 1.00000
106.0 40.50000 14 1.00000
106.1 40.50000 14 1.00000
106.2 40.50000 14 1.00000
106.3 40.50000 14 1.00000
106.4 40.50000 14 1.00000
106.5 40.50000 14 1.00000
106.6 40.50000 14 1.00000
106.7 40.50000 14 1.00000
106.8 40.50000 14 1.00000
106.9 40.50000 14 1.00000
107.0 40.50000 14 1.00000
107.1 40.50000 14 1.00000
107.2 40.50000 14 1.00000
107.3 40.50000 14 1.00000
107.4 40.50000 14 1.00000
107.5 40.50000 14 1.00000
107.6 40.50000 14 1.00000
107.7 40.50000 14 1.00000
107.8 40.50000 14 1.00000
107.9 40.50000 14 1.00000
108.0 40.50000 14 1.00000
108.1 40.50000 14 1.00000
108.2 40.50000 14 1.00000
108.3 40.50000 14 1.00000
108.4 40.50000 14 1.00000
108.5 40.50000 14 1.00000
108.6 40.50000 14 1.00000
108.7 40.50000 14 1.00000
108.8 40.50000 14 1.00000
108.9 40.50000 14 1.00000
109.0 40.50000 14 1.00000
109.1 40.50000 14 1.00000
109.2 40.50000 14 1.00000
109.3 40.50000 14 1.00000
109.4 40.50000 14 1.00000
109.5 40.50000 14 1.00000
109.6 40.50000 14 1.00000
109.7 40.50000 14 1.00000
109.8 40.50000 14 1.00000
109.9 40.50000 14 1.00000
110.0 40.50000 14 1.00000
110.1 40.50000 14 1.00000
110.2 40.50000 14 1.00000
110.3 40.50000 14 1.00000
110.4 40.50000 14 1.00000
110.5 40.50000 14 1.00000
110.6 40.50000 14 1.00000
110.7 40.50000 14 1.00000
110.8 40.50000 14 1.00000
110.9 40.50000 14 1.00000
111.0 40.50000 14 1.00000
111.1 40.50000 14 1.00000
111.2 40.50000 14 1.00000
111.3 40.50000 14 1.00000
111.4 40.50000 14 1.00000
111.5 40.50000 14 1.00000
111.6 40.50000 14 1.00000
111.7 40.50000 14 1.00000
111.8 40.50000 14 1.00000
111.9 40.50000 14 1.00000
112.0 40.50000 14 1.00000
112.1 40.50000 14 1.00000
112.2 40.50000 14 1.00000
112.3 40.50000 14 1.00000
112.4 40.50000 14 1.00000
112.5 40.50000 14 1.00000
112.6 40.50000 14 1.00000
112.7 40.50000 14 1.00000
112.8 40.50000 14 1.00000
112.9 40.50000 14 1.00000
113.0 40.50000 14 1.00000
113.1 40.50000 14 1.00000
113.2 40.50000 14 1.00000
113.3 40.50000 14 1.00000
113.4 40.50000 14 1.00000
113.5 40.50000 14 1.00000
113.6 40.50000 14 1.00000
113.7 40.50000 14 1.00000
113.8 40.50000 14 1.00000
113.9 40.50000 14 1.00000
114.0 40.50000 14 1.00000
114.1 40.50000 14 1.00000
114.2 40.50000 14 1.00000
114.3 40.50000 14 1.00000
114.4 40.50000 14 1.00000
114.5 40.50000 14 1.00000
114.6 40.50000 14 1.00000
114.7 40.50000 14 1.00000
114.8 40.50000 14 1.00000
114.9 40.50000 14 1.00000
115.0 40.50000 14 1.00000
115.1 40.50000 14 1.00000
115.2 40.50000 14 1.00000
115.3 40.50000 14 1.00000
115.4 40.50000 14 1.00000
115.5 40.50000 14 1.00000
115.6 40.50000 14 1.00000
115.7 40.50000 14 1.00000
115.8 40.50000 14 1.00000
115.9 40.50000 14 1.00000
116.0 40.50000 14 1.00000
116.1 40.50000 14 1.00000
116.2 40.50000 14 1.00000
116.3 40.50000 14 1.00000
116.4 40.50000 14 1.00000
116.5 40.50000 14 1.00000
116.6 40.50000 14 1.00000
116.7 40.50000 14 1.00000
116.8 40.50000 14 1.00000
116.9 40.50000 14 1.00000
117.0 40.50000 14 1.00000
117.1 40.50000 14 1.00000
117.2 40.50000 14 1.00000
117.3 40.50000 14 1.00000
117.4 40.50000 14 1.00000
117.5 40.50000 14 1.00000
117.6 40.50000 14 1.00000
117.7 40.50000 14 1.00000
117.8 40.50000 14 1.00000
117.9 40.50000 14 1.00000
118.0 40.50000 14 1.00000
118.1 40.50000 14 1.00000
118.2 40.50000 14 1.00000
118.3 40.50000 14 1.00000
118.4 40.50000 14 1.00000
118.5 40.50000 14 1.00000
118.6 40.50000 14 1.00000
118.7 40.50000 14 1.00000
118.8 40.50000 14 1.00000
118.9 40.50000 14 1.00000
119.0 40.50000 14 1.00000
119.1 40.50000 14 1.00000
119.2 40.50000 14 1.00000
119.3 40.50000 14 1.00000
119.4 40.50000 14 1.00000
119.5 40.50000 14 1.00000
119.6 40.50000 14 1.00000
119.7 40.50000 14 1.00000
119.8 40.50000 14 1.00000
119.9 40.50000 14 1.00000
120.0 40.50000 14 1.00000
120.1 40.50000 14 1.00000
120.2 40.50000 14 1.00000
120.3 40.50000 14 1.00000
120.4 40.50000 14 1.00000
120.5 40.50000 14 1.00000
120.6 40.50000 14 1.00000
120.7 40.50000 14 1.00000
120.8 40.50000 14 1.00000
120.9 40.50000 14 1.00000
121.0 40.50000 14 1.00000
121.1 40.50000 14 1.00000
121.2 40.50000 14 1.00000
121.3 40.50000 14 1.00000
121.4 40.50000 14 1.00000
121.5 40.50000 14 1.00000
121.6 40.50000 14 1.00000
121.7 40.50000 14 1.00000
121.8 40.50000 14 1.00000
121.9 40.50000 14 1.00000
122.0 40.50000 14 1.00000
122.1 40.50000 14 1.00000
122.2 40.50000 14 1.00000
122.3 40.50000 14 1.00000
122.4 40.50000 14 1.00000
122.5 40.50000 14 1.00000
122.6 40.50000 14 1.00000
122.7 40.50000 14 1.00000
122.8 40.50000 14 1.00000
122.9 40.50000 14 1.00000
123.0 40.50000 14 1.00000
123.1 40.50000 14 1.00000
123.2 40.50000 14 1.00000
123.3 40.50000 14 1.00000
123.4 40.50000 14 1.00000
123.5 40.50000 14 1.00000
123.6 40.50000 14 1.00000
123.7 40.50000 14 1.00000
123.8 40.50000 14 1.00000
123.9 40.50000 14 1.00000
124.0 40.50000 14 1.00000
124.1 40.50000 14 1.00000
124.2 40.50000 14 1.00000
124.3 40.50000 14 1.00000
124.4 40.50000 14 1.00000
124.5 40.50000 14 1.00000
124.6 40.50000 14 1.00000
124.7 40.50000 14 1.00000
124.8 40.50000 14 1.00000
124.9 40.50000 14 1.00000
125.0 40.50000 14 1.00000
125.1 40.50000 14 1.00000
125.2 40.50000 14 1.00000
125.3 40.50000 14 1.00000
125.4 40.50000 14 1.00000
125.5 40.50000 14 1.00000
125.6 40.50000 14 1.00000
125.7 40.50000 14 1.00000
125.8 40.50000 14 1.00000
125.9 40.50000 14 1.00000
126.0 40.50000 14 1.00000
126.1 40.50000 14 1.00000
126.2 40.50000 14 1.00000
126.3 40.50000 14 1.00000
126.4 40.50000 14 1.00000
126.5 40.50000 14 1.00000
126.6 40.50000 14 1.00000
126.7 40.50000 14 1.00000
126.8 40.50000 14 1.00000
126.9 40.50000 14 1.00000
127.0 40.50000 14 1.00000
127.1 40.50000 14 1.00000
127.2 40.50000 14 1.00000
127.3 40.50000 14 1.00000
127.4 40.50000 14 1.00000
127.5 40.50000 14 1.00000
127.6 40.50000 14 1.00000
127.7 40.50000 14 1.00000
127.8 40.50000 14 1.00000
127.9 40.50000 14 1.00000
128.0 40.50000 14 1.00000
128.1 40.50000 14 1.00000
128.2 40.50000 14 1.00000
128.3 40.50000 14 1.00000
128.4 40.50000 14 1.00000
128.5 40.50000 14 1.00000
128.6 40.50000 14 1.00000
128.7 40.50000 14 1.00000
128.8 40.50000 14 1.00000
128.9 40.50000 14 1.00000
129.0 40.50000 14 1.00000
129.1 40.50000 14 1.00000
129.2 40.50000 14 1.00000
129.3 40.50000 14 1.00000
129.4 40.50000 14 1.00000
129.5 40.50000 14 1.00000
129.6 40.50000 14 1.00000
129.7 40.50000 14 1.00000
129.8 40.50000 14 1.00000
129.9 40.50000 14 1.00000
130.0 40.50000 14 1.00000
130.1 40.50000 14 1.00000
130.2 40.50000 14 1.00000
130.3 40.50000 14 1.00000
130.4 40.50000 14 1.00000
130.5 40.50000 14 1.00000
130.6 40.50000 14 1.00000
130.7 40.50000 14 1.00000
130.8 40.50000 14 1.00000
130.9 40.50000 14 1.00000
131.0 40.50000 14 1.00000
131.1 40.50000 14 1.00000
131.2 40.50000 14 1.00000
131.3 40.50000 14 1.00000
131.4 40.50000 14 1.00000
131.5 40.50000 14 1.00000
131.6 40.50000 14 1.00000
131.7 40.50000 14 1.00000
131.8 40.50000 14 1.00000
131.9 40.50000 14 1.00000
132.0 40.50000 14 1.00000
132.1 40.50000 14 1.00000
132.2 40.50000 14 1.00000
132.3 40.50000 14 1.00000
132.4 40.50000 14 1.00000
132.5 40.50000 14 1.00000
132.6 40.50000 14 1.00000
132.7 40.50000 14 1.00000
132.8 40.50000 14 1.00000
132.9 40.50000 14 1.00000
133.0 40.50000 14 1.00000
133.1 40.50000 14 1.00000
133.2 40.50000 14 1.00000
133.3 40.50000 14 1.00000
133.4 40.50000 14 1.00000
133.5 40.50000 14 1.00000
133.6 40.50000 14 1.00000
133.7 40.50000 14 1.00000
133.8 40.50000 14 1.00000
133.9 40.50000 14 1.00000
134.0 40.50000 14 1.00000
134.1 40.50000 14 1.00000
134.2 40.50000 14 1.00000
134.3 40.50000 14 1.00000
134.4 40.50000 14 1.00000
134.5 40.50000 14 1.00000
134.6 40.50000 14 1.00000
134.7 40.50000 14 1.00000
134.8 40.50000 14 1.00000
134.9 40.50000 14 1.00000
135.0 40.50000 14 1.00000
135.1 40.50000 14 1.00000
135.2 40.50000 14 1.00000
135.3 40.50000 14 1.00000
135.4 40.50000 14 1.00000
135.5 40.50000 14 1.00000
135.6 40.50000 14 1.00000
135.7 40.50000 14 1.00000
135.8 40.50000 14 1.00000
135.9 40.50000 14 1.00000
136.0 40.50000 14 1.00000
136.1 40.50000 14 1.00000
136.2 40.50000 14 1.00000
136.3 40.50000 14 1.00000
136.4 40.50000 14 1.00000
136.5 40.50000 14 1.00000
136.6 40.50000 14 1.00000
136.7 40.50000 14 1.00000
136.8 40.50000 14 1.00000
136.9 40.50000 14 1.00000
137.0 40.50000 14 1.00000
137.1 40.50000 14 1.00000
137.2 40.50000 14 1.00000
137.3 40.50000 14 1.00000
137.4 40.50000 14 1.00000
137.5 40.50000 14 1.00000
137.6 40.50000 14 1.00000
137.7 40.50000 14 1.00000
137.8 40.50000 14 1.00000
137.9 40.50000 14 1.00000
138.0 40.50000 14 1.00000
138.1 40.50000 14 1.00000
138.2 40.50000 14 1.00000
138.3 40.50000 14 1.00000
138.4 40.50000 14 1.00000
138.5 40.50000 14 1.00000
138.6 40.50000 14 1.00000
138.7 40.50000 14 1.00000
138.8 40.50000 14 1.00000
138.9 40.50000 14 1.00000
139.0 40.50000 14 1.00000
139.1 40.50000 14 1.00000
139.2 40.50000 14 1.00000
139.3 40.50000 14 1.00000
139.4 40.50000 14 1.00000
139.5 40.50000 14 1.00000
139.6 40.50000 14 1.00000
139.7 40.50000 14 1.00000
139.8 40.50000 14 1.00000
139.9 40.50000 14 1.00000
140.0 40.50000 14 1.00000
140.1 40.50000 14 1.00000
140.2 40.50000 14 1.00000
140.3 40.50000 14 1.00000
140.4 40.50000 14 1.00000
140.5 40.50000 14 1.00000
140.6 40.50000 14 1.00000
140.7 40.50000 14 1.00000
140.8 40.50000 14 1.00000
140.9 40.50000 14 1.00000
141.0 40.50000 14 1.00000
141.1 40.50000 14 1.00000
141.2 40.50000 14 1.00000
141.3 40.50000 14 1.00000
141.4 40.50000 14 1.00000
141.5 40.50000 14 1.00000
141.6 40.50000 14 1.00000
141.7 40.50000 14 1.00000
141.8 40.50000 14 1.00000
141.9 40.50000 14 1.00000
142.0 40.50000 14 1.00000
142.1 40.50000 14 1.00000
142.2 40.50000 14 1.00000
142.3 40.50000 14 1.00000
142.4 40.50000 14 1.00000
142.5 40.50000 14 1.00000
142.6 40.50000 14 1.00000
142.7 40.50000 14 1.00000
142.8 40.50000 14 1.00000
142.9 40.50000 14 1.00000
143.0 40.50000 14 1.00000
143.1 40.50000 14 1.00000
143.2 40.50000 14 1.00000
143.3 40.50000 14 1.00000
143.4 40.50000 14 1.00000
143.5 40.50000 14 1.00000
143.6 40.50000 14 1.00000
143.7 40.50000 14 1.00000
143.8 40.50000 14 1.00000
143.9 40.50000 14 1.00000
144.0 40.50000 14 1.00000
144.1 40.50000 14 1.00000
144.2 40.50000 14 1.00000
144.3 40.50000 14 1.00000
144.4 40.50000 14 1.00000
144.5 40.50000 14 1.00000
144.6 40.50000 14 1.00000
144.7 40.50000 14 1.00000
144.8 40.50000 14 1.00000
144.9 40.50000 14 1.00000
145.0 40.50000 14 1.00000
145.1 40.50000 14 1.00000
145.2 40.50000 14 1.00000
145.3 40.50000 14 1.00000
145.4 40.50000 14 1.00000
145.5 40.50000 14 1.00000
145.6 40.50000 14 1.00000
145.7 40.50000 14 1.00000
145.8 40.50000 14 1.00000
145.9 40.50000 14 1.00000
146.0 40.50000 14 1.00000
146.1 40.50000 14 1.00000
146.2 40.50000 14 1.00000
146.3 40.50000 14 1.00000
146.4 40.50000 14 1.00000
146.5 40.50000 14 1.00000
146.6 40.50000 14 1.00000
146.7 40.50000 14 1.00000
146.8 40.50000 14 1.00000
146.9 40.50000 14 1.00000
147.0 40.50000 14 1.00000
147.1 40.50000 14 1.00000
147.2 40.50000 14 1.00000
147.3 40.50000 14 1.00000
147.4 40.50000 14 1.00000
147.5 40.50000 14 1.00000
147.6 40.50000 14 1.00000
147.7 40.50000 14 1.00000
147.8 40.50000 14 1.00000
147.9 40.50000 14 1.00000
148.0 40.50000 14 1.00000
148.1 40.50000 14 1.00000
148.2 40.50000 14 1.00000
148.3 40.50000 14 1.00000
148.4 40.50000 14 1.00000
148.5 40.50000 14 1.00000
148.6 40.50000 14 1.00000
148.7 40.50000 14 1.00000
148.8 40.50000 14 1.00000
148.9 40.50000 14 1.00000
149.0 40.50000 14 1.00000
149.1 40.50000 14 1.00000
149.2 40.50000 14 1.00000
149.3 40.50000 14 1.00000
149.4 40.50000 14 1.00000
149.5 40.50000 14 1.00000
149.6 40.50000 14 1.00000
149.7 40.50000 14 1.00000
149.8 40.50000 14 1.00000
149.9 40.50000 14 1.00000
150.0 40.50000 14 1.00000
150.1 40.50000 14 1.00000
150.2 40.50000 14 1.00000
150.3 40.50000 14 1.00000
150.4 40.50000 14 1.00000
150.5 40.50000 14 1.00000
150.6 40.50000 14 1.00000
150.7 40.50000 14 1.00000
150.8 40.50000 14 1.00000
150.9 40.50000 14 1.00000
151.0 40.50000 14 1.00000
151.1 40.50000 14 1.00000
151.2 40.50000 14 1.00000
151.3 40.50000 14 1.00000
151.4 40.50000 14 1.00000
151.5 40.50000 14 1.00000
151.6 40.50000 14 1.00000
151.7 40.50000 14 1.00000
151.8 40.50000 14 1.00000
151.9 40.50000 14 1.00000
152.0 40.50000 14 1.00000
152.1 40.50000 14 1.00000
152.2 40.50000 14 1.00000
152.3 40.50000 14 1.00000
152.4 40.50000 14 1.00000
152.5 40.50000 14 1.00000
152.6 40.50000 14 1.00000
152.7 40.50000 14 1.00000
152.8 40.50000 14 1.00000
152.9 40.50000 14 1.00000
153.0 40.50000 14 1.00000
153.1 40.50000 14 1.00000
153.2 40.50000 14 1.00000
153.3 40.50000 14 1.00000
153.4 40.50000 14 1.00000
153.5 40.50000 14 1.00000
153.6 40.50000 14 1.00000
153.7 40.50000 14 1.00000
153.8 40.50000 14 1.00000
153.9 40.50000 14 1.00000
154.0 40.50000 14 1.00000
154.1 40.50000 14 1.00000
154.2 40.50000 14 1.00000
154.3 40.50000 14 1.00000
154.4 40.50000 14 1.00000
154.5 40.50000 14 1.00000
154.6 40.50000 14 1.00000
154.7 40.50000 14 1.00000
154.8 40.50000 14 1.00000
154.9 40.50000 14 1.00000
155.0 40.50000 14 1.00000
155.1 40.50000 14 1.00000
155.2 40.50000 14 1.00000
155.3 40.50000 14 1.00000
155.4 40.50000 14 1.00000
155.5 40.50000 14 1.00000
155.6 40.50000 14 1.00000
155.7 40.50000 14 1.00000
155.8 40.50000 14 1.00000
155.9 40.50000 14 1.00000
156.0 40.50000 14 1.00000
156.1 40.50000 14 1.00000
156.2 40.50000 14 1.00000
156.3 40.50000 14 1.00000
156.4 40.50000 14 1.00000
156.5 40.50000 14 1.00000
156.6 40.50000 14 1.00000
156.7 40.50000 14 1.00000
156.8 40.50000 14 1.00000
156.9 40.50000 14 1.00000
157.0 40.50000 14 1.00000
157.1 40.50000 14 1.00000
157.2 40.50000 14 1.00000
157.3 40.50000 14 1.00000
157.4 40.50000 14 1.00000
157.5 40.50000 14 1.00000
157.6 40.50000 14 1.00000
157.7 40.50000 14 1.00000
157.8 40.50000 14 1.00000
157.9 40.50000 14 1.00000
158.0 40.50000 14 1.00000
158.1 40.50000 14 1.00000
158.2 40.50000 14 1.00000
158.3 40.50000 14 1.00000
158.4 40.50000 14 1.00000
158.5 40.50000 14 1.00000
158.6 40.50000 14 1.00000
158.7 40.50000 14 1.00000
158.8 40.50000 14 1.00000
158.9 40.50000 14 1.00000
159.0 40.50000 14 1.00000
159.1 40.50000 14 1.00000
159.2 40.50000 14 1.00000
159.3 40.50000 14 1.00000
159.4 40.50000 14 1.00000
159.5 40.50000 14 1.00000
159.6 40.50000 14 1.00000
159.7 40.50000 14 1.00000
159.8 40.50000 14 1.00000
159.9 40.50000 14 1.00000
160.0 40.50000 14 1.00000
160.1 40.50000 14 1.00000
160.2 40.50000 14 1.00000
160.3 40.50000 14 1.00000
160.4 40.50000 14 1.00000
160.5 40.50000 14 1.00000
160.6 40.50000 14 1.00000
160.7 40.50000 14 1.00000
160.8 40.50000 14 1.00000
160.9 40.50000 14 1.00000
161.0 40.50000 14 1.00000
161.1 40.50000 14 1.00000
161.2 40.50000 14 1.00000
161.3 40.50000 14 1.00000
161.4 40.50000 14 1.00000
161.5 40.50000 14 1.00000
161.6 40.50000 14 1.00000
161.7 40.50000 14 1.00000
161.8 40.50000 14 1.00000
161.9 40.50000 14 1.00000
162.0 40.50000 14 1.00000
162.1 40.50000 14 1.00000
162.2 40.50000 14 1.00000
162.3 40.50000 14 1.00000
162.4 40.50000 14 1.00000
162.5 40.50000 14 1.00000
162.6 40.50000 14 1.00000
162.7 40.50000 14 1.00000
162.8 40.50000 14 1.00000
162.9 40.50000 14 1.00000
163.0 40.50000 14 1.00000
163.1 40.50000 14 1.00000
163.2 40.50000 14 1.00000
163.3 40.50000 14 1.00000
163.4 40.50000 14 1.00000
163.5 40.50000 14 1.00000
163.6 40.50000 14 1.00000
163.7 40.50000 14 1.00000
163.8 40.50000 14 1.00000
163.9 40.50000 14 1.00000
164.0 40.50000 14 1.00000
164.1 40.50000 14 1.00000
164.2 40.50000 14 1.00000
164.3 40.50000 14 1.00000
164.4 40.50000 14 1.00000
164.5 40.50000 14 1.00000
164.6 40.50000 14 1.00000
164.7 40.50000 14 1.00000
164.8 40.50000 14 1.00000
164.9 40.50000 14 1.00000
165.0 40.50000 14 1.00000
165.1 40.50000 14 1.00000
165.2 40.50000 14 1.00000
165.3 40.50000 14 1.00000
165.4 40.50000 14 1.00000
165.5 40.50000 14 1.00000
165.6 40.50000 14 1.00000
165.7 40.50000 14 1.00000
165.8 40.50000 14 1.00000
165.9 40.50000 14 1.00000
166.0 40.50000 14 1.00000
166.1 0.00000 15 0.00000
166.2 40.50000 14 1.00000
166.3 40.50000 14 1.00000
166.4 40.50000 14 1.00000
166.5 40.50000 14 1.00000
166.6 0.00000 15 0.00000
166.7 0.00000 15 0.00000
166.8 0.00000 15 0.00000
166.9 40.50000 14 1.00000
167.0 40.50000 14 1.00000
167.1 0.00000 15 0.00000
167.2 0.00000 15 0.00000
167.3 0.00000 15 0.00000
167.4 0.00000 15 0.00000
167.5 0.00000 15 0.00000
167.6 0.00000 15 0.00000
167.7 0.00000 15 0.00000
167.8 0.00000 15 0.00000
167.9 0.00000 15 0.00000
168.0 0.00000 15 0.00000
168.1 0.00000 15 0.00000
168.2 0.00000 15 0.00000
168.3 0.00000 15 0.00000
168.4 0.00000 15 0.00000
168.5 0.00000 15 0.00000
168.6 0.00000 15 0.00000
168.7 0.00000 15 0.00000
168.8 0.00000 15 0.00000
168.9 0.00000 15 0.00000
169.0 0.00000 15 0.00000
169.1 0.00000 15 0.00000
169.2 0.00000 15 0.00000
169.3 0.00000 15 0.00000
169.4 0.00000 15 0.00000
169.5 0.00000 15 0.00000
169.6 0.00000 15 0.00000
169.7 0.00000 15 0.00000
169.8 0.00000 15 0.00000
169.9 0.00000 15 0.00000
170.0 0.00000 15 0.00000
170.1 0.00000 15 0.00000
170.2 0.00000 15 0.00000
170.3 0.00000 15 0.00000
170.4 0.00000 15 0.00000
170.5 0.00000 15 0.00000
170.6 0.00000 15 0.00000
170.7 0.00000 15 0.00000
170.8 0.00000 15 0.00000
170.9 0.00000 15 0.00000
171.0 0.00000 15 0.00000
171.1 0.00000 15 0.00000
171.2 0.00000 15 0.00000
171.3 0.00000 15 0.00000
171.4 0.00000 15 0.00000
171.5 0.00000 15 0.00000
171.6 0.00000 15 0.00000
171.7 0.00000 15 0.00000
171.8 0.00000 15 0.00000
171.9 0.00000 15 0.00000
172.0 0.00000 15 0.00000
172.1 0.00000 15 0.00000
172.2 0.00000 15 0.00000
172.3 0.00000 15 0.00000
172.4 0.00000 15 0.00000
172.5 0.00000 15 0.00000
172.6 0.00000 15 0.00000
172.7 0.00000 15 0.00000
172.8 0.00000 15 0.00000
172.9 0.00000 15 0.00000
173.0 0.00000 15 0.00000
173.1 0.00000 15 0.00000
173.2 0.00000 15 0.00000
173.3 0.00000 15 0.00000
173.4 0.00000 15 0.00000
173.5 0.00000 15 0.00000
173.6 0.00000 15 0.00000
173.7 0.00000 15 0.00000
173.8 0.00000 15 0.00000
173.9 0.00000 15 0.00000
174.0 0.00000 15 0.00000
174.1 0.00000 15 0.00000
174.2 0.00000 15 0.00000
174.3 0.00000 15 0.00000
174.4 0.00000 15 0.00000
174.5 0.00000 15 0.00000
174.6 0.00000 15 0.00000
174.7 0.00000 15 0.00000
174.8 0.00000 15 0.00000
174.9 0.00000 15 0.00000
175.0 0.00000 15 0.00000
175.1 0.00000 15 0.00000
175.2 0.00000 15 0.00000
175.3 0.00000 15 0.00000
175.4 0.00000 15 0.00000
175.5 0.00000 15 0.00000
175.6 0.00000 15 0.00000
175.7 0.00000 15 0.00000
175.8 0.00000 15 0.00000
175.9 0.00000 15 0.00000
176.0 0.00000 15 0.00000
176.1 0.00000 15 0.00000
176.2 0.00000 15 0.00000
176.3 0.00000 15 0.00000
176.4 0.00000 15 0.00000
176.5 0.00000 15 0.00000
176.6 0.00000 15 0.00000
176.7 0.00000 15 0.00000
176.8 0.00000 15 0.00000
176.9 0.00000 15 0.00000
177.0 0.00000 15 0.00000
177.1 0.00000 15 0.00000
177.2 0.00000 15 0.00000
177.3 0.00000 15 0.00000
177.4 0.00000 15 0.00000
177.5 0.00000 15 0.00000
177.6 0.00000 15 0.00000
177.7 0.00000 15 0.00000
177.8 0.00000 15 0.00000
177.9 0.00000 15 0.00000
178.0 0.00000 15 0.00000
178.1 0.00000 15 0.00000
178.2 0.00000 15 0.00000
178.3 0.00000 15 0.00000
178.4 0.00000 15 0.00000
178.5 0.00000 15 0.00000
178.6 0.00000 15 0.00000
178.7 0.00000 15 0.00000
178.8 0.00000 15 0.00000
178.9 0.00000 15 0.00000
179.0 0.00000 15 0.00000
179.1 0.00000 15 0.00000
179.2 0.00000 15 0.00000
179.3 0.00000 15 0.00000
179.4 0.00000 15 0.00000
179.5 0.00000 15 0.00000
179.6 0.00000 15 0.00000
179.7 0.00000 15 0.00000
179.8 0.00000 15 0.00000
179.9 0.00000 15 0.00000
180.0 0.00000 15 0.00000
180.1 0.00000 15 0.00000
180.2 0.00000 15 0.00000
180.3 0.00000 15 0.00000
180.4 0.00000 15 0.00000
180.5 0.00000 15 0.00000
180.6 0.00000 15 0.00000
180.7 0.00000 15 0.00000
180.8 0.00000 15 0.00000
180.9 0.00000 15 0.00000
181.0 0.00000 15 0.00000
181.1 0.00000 15 0.00000
181.2 0.00000 15 0.00000
181.3 0.00000 15 0.00000
181.4 0.00000 15 0.00000
181.5 0.00000 15 0.00000
181.6 0.00000 15 0.00000
181.7 0.00000 15 0.00000
181.8 0.00000 15 0.00000
181.9 0.00000 15 0.00000
182.0 0.00000 15 0.00000
182.1 0.00000 15 0.00000
182.2 0.00000 15 0.00000
182.3 0.00000 15 0.00000
182.4 0.00000 15 0.00000
182.5 0.00000 15 0.00000
182.6 0.00000 15 0.00000
182.7 0.00000 15 0.00000
182.8 0.00000 15 0.00000
182.9 0.00000 15 0.00000
183.0 0.00000 15 0.00000
183.1 0.00000 15 0.00000
183.2 0.00000 15 0.00000
183.3 0.00000 15 0.00000
183.4 0.00000 15 0.00000
183.5 0.00000 15 0.00000
183.6 0.00000 15 0.00000
183.7 0.00000 15 0.00000
183.8 0.00000 15 0.00000
183.9 0.00000 15 0.00000
184.0 0.00000 15 0.00000
184.1 0.00000 15 0.00000
184.2 0.00000 15 0.00000
184.3 0.00000 15 0.00000
184.4 0.00000 15 0.00000
184.5 0.00000 15 0.00000
184.6 0.00000 15 0.00000
184.7 0.00000 15 0.00000
184.8 0.00000 15 0.00000
184.9 0.00000 15 0.00000
185.0 0.00000 15 0.00000
185.1 0.00000 15 0.00000
185.2 0.00000 15 0.00000
185.3 0.00000 15 0.00000
185.4 0.00000 15 0.00000
185.5 0.00000 15 0.00000
185.6 0.00000 15 0.00000
185.7 0.00000 15 0.00000
185.8 0.00000 15 0.00000
185.9 0.00000 15 0.00000
186.0 0.00000 15 0.00000
186.1 0.00000 15 0.00000
186.2 0.00000 15 0.00000
186.3 0.00000 15 0.00000
186.4 0.00000 15 0.00000
186.5 0.00000 15 0.00000
186.6 0.00000 15 0.00000
186.7 0.00000 15 0.00000
186.8 0.00000 15 0.00000
186.9 0.00000 15 0.00000
187.0 0.00000 15 0.00000
187.1 0.00000 15 0.00000
187.2 0.00000 15 0.00000
187.3 0.00000 15 0.00000
187.4 0.00000 15 0.00000
187.5 0.00000 15 0.00000
187.6 0.00000 15 0.00000
187.7 0.00000 15 0.00000
187.8 0.00000 15 0.00000
187.9 0.00000 15 0.00000
188.0 0.00000 15 0.00000
188.1 0.00000 15 0.00000
188.2 0.00000 15 0.00000
188.3 0.00000 15 0.00000
188.4 0.00000 15 0.00000
188.5 0.00000 15 0.00000
188.6 0.00000 15 0.00000
188.7 0.00000 15 0.00000
188.8 0.00000 15 0.00000
188.9 0.00000 15 0.00000
189.0 0.00000 15 0.00000
189.1 0.00000 15 0.00000
189.2 0.00000 15 0.00000
189.3 0.00000 15 0.00000
189.4 0.00000 15 0.00000
189.5 0.00000 15 0.00000
189.6 0.00000 15 0.00000
189.7 0.00000 15 0.00000
189.8 0.00000 15 0.00000
189.9 0.00000 15 0.00000
190.0 0.00000 15 0.00000
190.1 0.00000 15 0.00000
190.2 0.00000 15 0.00000
190.3 0.00000 15 0.00000
190.4 0.00000 15 0.00000
190.5 0.00000 15 0.00000
190.6 0.00000 15 0.00000
190.7 0.00000 15 0.00000
190.8 0.00000 15 0.00000
190.9 0.00000 15 0.00000
191.0 0.00000 15 0.00000
191.1 0.00000 15 0.00000
191.2 0.00000 15 0.00000
191.3 0.00000 15 0.00000
191.4 0.00000 15 0.00000
191.5 0.00000 15 0.00000
191.6 0.00000 15 0.00000
191.7 0.00000 15 0.00000
191.8 0.00000 15 0.00000
191.9 0.00000 15 0.00000
192.0 0.00000 15 0.00000
192.1 0.00000 15 0.00000
192.2 0.00000 15 0.00000
192.3 0.00000 15 0.00000
192.4 0.00000 15 0.00000
192.5 0.00000 15 0.00000
192.6 0.00000 15 0.00000
192.7 0.00000 15 0.00000
192.8 0.00000 15 0.00000
192.9 0.00000 15 0.00000
193.0 0.00000 15 0.00000
193.1 0.00000 15 0.00000
193.2 0.00000 15 0.00000
193.3 0.00000 15 0.00000
193.4 0.00000 15 0.00000
193.5 0.00000 15 0.00000
193.6 0.00000 15 0.00000
193.7 0.00000 15 0.00000
193.8 0.00000 15 0.00000
193.9 0.00000 15 0.00000
194.0 0.00000 15 0.00000
194.1 0.00000 15 0.00000
194.2 0.00000 15 0.00000
194.3 0.00000 15 0.00000
194.4 0.00000 15 0.00000
194.5 0.00000 15 0.00000
194.6 0.00000 15 0.00000
194.7 0.00000 15 0.00000
194.8 0.00000 15 0.00000
194.9 0.00000 15 0.00000
195.0 0.00000 15 0.00000
195.1 0.00000 15 0.00000
195.2 0.00000 15 0.00000
195.3 0.00000 15 0.00000
195.4 0.00000 15 0.00000
195.5 0.00000 15 0.00000
195.6 0.00000 15 0.00000
195.7 0.00000 15 0.00000
195.8 0.00000 15 0.00000
195.9 0.00000 15 0.00000
196.0 0.00000 15 0.00000
196.1 0.00000 15 0.00000
196.2 0.00000 15 0.00000
196.3 0.00000 15 0.00000
196.4 0.00000 15 0.00000
196.5 0.00000 15 0.00000
196.6 0.00000 15 0.00000
196.7 0.00000 15 0.00000
196.8 0.00000 15 0.00000
196.9 0.00000 15 0.00000
197.0 0.00000 15 0.00000
197.1 0.00000 15 0.00000
197.2 0.00000 15 0.00000
197.3 0.00000 15 0.00000
197.4 0.00000 15 0.00000
197.5 0.00000 15 0.00000
197.6 0.00000 15 0.00000
197.7 0.00000 15 0.00000
197.8 0.00000 15 0.00000
197.9 0.00000 15 0.00000
198.0 0.00000 15 0.00000
198.1 0.00000 15 0.00000
198.2 0.00000 15 0.00000
198.3 0.00000 15 0.00000
198.4 0.00000 15 0.00000
198.5 0.00000 15 0.00000
198.6 0.00000 15 0.00000
198.7 0.00000 15 0.00000
198.8 0.00000 15 0.00000
198.9 0.00000 15 0.00000
199.0 0.00000 15 0.00000
199.1 0.00000 15 0.00000
199.2 0.00000 15 0.00000
199.3 0.00000 15 0.00000
199.4 0.00000 15 0.00000
199.5 0.00000 15 0.00000
199.6 0.00000 15 0.00000
199.7 0.00000 15 0.00000
199.8 0.00000 15 0.00000
199.9 0.00000 15 0.00000
200.0 0.00000 15 0.00000
200.1 0.00000 15 0.00000
200.2 0.00000 15 0.00000
200.3 0.00000 15 0.00000
200.4 0.00000 15 0.00000
200.5 0.00000 15 0.00000
200.6 0.00000 15 0.00000
200.7 0.00000 15 0.00000
200.8 0.00000 15 0.00000
200.9 0.00000 15 0.00000
201.0 0.00000 15 0.00000
201.1 0.00000 15 0.00000
201.2 0.00000 15 0.00000
201.3 0.00000 15 0.00000
201.4 0.00000 15 0.00000
201.5 0.00000 15 0.00000
201.6 0.00000 15 0.00000
201.7 0.00000 15 0.00000
201.8 0.00000 15 0.00000
201.9 0.00000 15 0.00000
202.0 0.00000 15 0.00000
202.1 0.00000 15 0.00000
202.2 0.00000 15 0.00000
202.3 0.00000 15 0.00000
202.4 0.00000 15 0.00000
202.5 0.00000 15 0.00000
202.6 0.00000 15 0.00000
202.7 0.00000 15 0.00000
202.8 0.00000 15 0.00000
202.9 0.00000 15 0.00000
203.0 0.00000 15 0.00000
203.1 0.00000 15 0.00000
203.2 0.00000 15 0.00000
203.3 0.00000 15 0.00000
203.4 0.00000 15 0.00000
203.5 0.00000 15 0.00000
203.6 0.00000 15 0.00000
203.7 0.00000 15 0.00000
203.8 0.00000 15 0.00000
203.9 0.00000 15 0.00000
204.0 0.00000 15 0.00000
204.1 0.00000 15 0.00000
204.2 0.00000 15 0.00000
204.3 0.00000 15 0.00000
204.4 0.00000 15 0.00000
204.5 0.00000 15 0.00000
204.6 0.00000 15 0.00000
204.7 0.00000 15 0.00000
204.8 0.00000 15 0.00000
204.9 0.00000 15 0.00000
205.0 0.00000 15 0.00000
205.1 0.00000 15 0.00000
205.2 0.00000 15 0.00000
205.3 0.00000 15 0.00000
205.4 0.00000 15 0.00000
205.5 0.00000 15 0.00000
205.6 0.00000 15 0.00000
205.7 0.00000 15 0.00000
205.8 0.00000 15 0.00000
205.9 0.00000 15 0.00000
206.0 0.00000 15 0.00000
206.1 0.00000 15 0.00000
206.2 0.00000 15 0.00000
206.3 0.00000 15 0.00000
206.4 0.00000 15 0.00000
206.5 0.00000 15 0.00000
206.6 0.00000 15 0.00000
206.7 0.00000 15 0.00000
206.8 0.00000 15 0.00000
206.9 0.00000 15 0.00000
207.0 0.00000 15 0.00000
207.1 0.00000 15 0.00000
207.2 0.00000 15 0.00000
207.3 0.00000 15 0.00000
207.4 0.00000 15 0.00000
207.5 0.00000 15 0.00000
207.6 0.00000 15 0.00000
207.7 0.00000 15 0.00000
207.8 0.00000 15 0.00000
207.9 0.00000 15 0.00000
208.0 0.00000 15 0.00000
208.1 0.00000 15 0.00000
208.2 0.00000 15 0.00000
208.3 0.00000 15 0.00000
208.4 0.00000 15 0.00000
208.5 0.00000 15 0.00000
208.6 0.00000 15 0.00000
208.7 0.00000 15 0.00000
208.8 0.00000 15 0.00000
208.9 0.00000 15 0.00000
209.0 0.00000 15 0.00000
209.1 0.00000 15 0.00000
209.2 0.00000 15 0.00000
209.3 0.00000 15 0.00000
209.4 0.00000 15 0.00000
209.5 0.00000 15 0.00000
209.6 0.00000 15 0.00000
209.7 0.00000 15 0.00000
209.8 0.00000 15 0.00000
209.9 0.00000 15 0.00000
210.0 0.00000 15 0.00000
210.1 0.00000 15 0.00000
210.2 0.00000 15 0.00000
210.3 0.00000 15 0.00000
210.4 0.00000 15 0.00000
210.5 0.00000 15 0.00000
210.6 0.00000 15 0.00000
210.7 0.00000 15 0.00000
210.8 0.00000 15 0.00000
210.9 0.00000 15 0.00000
211.0 0.00000 15 0.00000
211.1 0.00000 15 0.00000
211.2 0.00000 15 0.00000
211.3 0.00000 15 0.00000
211.4 0.00000 15 0.00000
211.5 0.00000 15 0.00000
211.6 0.00000 15 0.00000
211.7 0.00000 15 0.00000
211.8 0.00000 15 0.00000
211.9 0.00000 15 0.00000
212.0 0.00000 15 0.00000
212.1 0.00000 15 0.00000
212.2 0.00000 15 0.00000
212.3 0.00000 15 0.00000
212.4 0.00000 15 0.00000
212.5 0.00000 15 0.00000
212.6 0.00000 15 0.00000
212.7 0.00000 15 0.00000
212.8 0.00000 15 0.00000
212.9 0.00000 15 0.00000
213.0 0.00000 15 0.00000
213.1 0.00000 15 0.00000
213.2 0.00000 15 0.00000
213.3 0.00000 15 0.00000
213.4 0.00000 15 0.00000
213.5 0.00000 15 0.00000
213.6 0.00000 15 0.00000
213.7 0.00000 15 0.00000
213.8 0.00000 15 0.00000
213.9 0.00000 15 0.00000
214.0 0.00000 15 0.00000
214.1 0.00000 15 0.00000
214.2 0.00000 15 0.00000
214.3 0.00000 15 0.00000
214.4 0.00000 15 0.00000
214.5 0.00000 15 0.00000
214.6 0.00000 15 0.00000
214.7 0.00000 15 0.00000
214.8 0.00000 15 0.00000
214.9 0.00000 15 0.00000
215.0 0.00000 15 0.00000
215.1 0.00000 15 0.00000
215.2 0.00000 15 0.00000
215.3 0.00000 15 0.00000
215.4 0.00000 15 0.00000
215.5 0.00000 15 0.00000
215.6 0.00000 15 0.00000
215.7 0.00000 15 0.00000
215.8 0.00000 15 0.00000
215.9 0.00000 15 0.00000
216.0 0.00000 15 0.00000
216.1 0.00000 15 0.00000
216.2 0.00000 15 0.00000
216.3 0.00000 15 0.00000
216.4 0.00000 15 0.00000
216.5 0.00000 15 0.00000
216.6 0.00000 15 0.00000
216.7 0.00000 15 0.00000
216.8 0.00000 15 0.00000
216.9 0.00000 15 0.00000
217.0 0.00000 15 0.00000
217.1 0.00000 15 0.00000
217.2 0.00000 15 0.00000
217.3 0.00000 15 0.00000
217.4 0.00000 15 0.00000
217.5 0.00000 15 0.00000
217.6 0.00000 15 0.00000
217.7 0.00000 15 0.00000
217.8 0.00000 15 0.00000
217.9 0.00000 15 0.00000
218.0 0.00000 15 0.00000
218.1 0.00000 15 0.00000
218.2 0.00000 15 0.00000
218.3 0.00000 15 0.00000
218.4 0.00000 15 0.00000
218.5 0.00000 15 0.00000
218.6 0.00000 15 0.00000
218.7 0.00000 15 0.00000
218.8 0.00000 15 0.00000
218.9 0.00000 15 0.00000
219.0 0.00000 15 0.00000
219.1 0.00000 15 0.00000
219.2 0.00000 15 0.00000
219.3 0.00000 15 0.00000
219.4 0.00000 15 0.00000
219.5 0.00000 15 0.00000
219.6 0.00000 15 0.00000
219.7 0.00000 15 0.00000
219.8 0.00000 15 0.00000
219.9 0.00000 15 0.00000
220.0 0.00000 15 0.00000
220.1 0.00000 15 0.00000
220.2 0.00000 15 0.00000
220.3 0.00000 15 0.00000
220.4 0.00000 15 0.00000
220.5 0.00000 15 0.00000
220.6 0.00000 15 0.00000
220.7 0.00000 15 0.00000
220.8 0.00000 15 0.00000
220.9 0.00000 15 0.00000
221.0 0.00000 15 0.00000
221.1 0.00000 15 0.00000
221.2 0.00000 15 0.00000
221.3 0.00000 15 0.00000
221.4 0.00000 15 0.00000
221.5 0.00000 15 0.00000
221.6 0.00000 15 0.00000
221.7 0.00000 15 0.00000
221.8 0.00000 15 0.00000
221.9 0.00000 15 0.00000
222.0 0.00000 15 0.00000
222.1 0.00000 15 0.00000
222.2 0.00000 15 0.00000
222.3 0.00000 15 0.00000
222.4 0.00000 15 0.00000
222.5 0.00000 15 0.00000
222.6 0.00000 15 0.00000
222.7 0.00000 15 0.00000
222.8 0.00000 15 0.00000
222.9 0.00000 15 0.00000
223.0 0.00000 15 0.00000
223.1 0.00000 15 0.00000
223.2 0.00000 15 0.00000
223.3 0.00000 15 0.00000
223.4 0.00000 15 0.00000
223.5 0.00000 15 0.00000
223.6 0.00000 15 0.00000
223.7 0.00000 15 0.00000
223.8 0.00000 15 0.00000
223.9 0.00000 15 0.00000
224.0 0.00000 15 0.00000
224.1 0.00000 15 0.00000
224.2 0.00000 15 0.00000
224.3 0.00000 15 0.00000
224.4 0.00000 15 0.00000
224.5 0.00000 15 0.00000
224.6 0.00000 15 0.00000
224.7 0.00000 15 0.00000
224.8 0.00000 15 0.00000
224.9 0.00000 15 0.00000
225.0 0.00000 15 0.00000
225.1 0.00000 15 0.00000
225.2 0.00000 15 0.00000
225.3 0.00000 15 0.00000
225.4 0.00000 15 0.00000
225.5 0.00000 15 0.00000
225.6 0.00000 15 0.00000
225.7 0.00000 15 0.00000
225.8 0.00000 15 0.00000
225.9 0.00000 15 0.00000
226.0 0.00000 15 0.00000
226.1 0.00000 15 0.00000
226.2 0.00000 15 0.00000
226.3 0.00000 15 0.00000
226.4 0.00000 15 0.00000
226.5 0.00000 15 0.00000
226.6 0.00000 15 0.00000
226.7 0.00000 15 0.00000
226.8 0.00000 15 0.00000
226.9 0.00000 15 0.00000
227.0 0.00000 15 0.00000
227.1 0.00000 15 0.00000
227.2 0.00000 15 0.00000
227.3 0.00000 15 0.00000
227.4 0.00000 15 0.00000
227.5 0.00000 15 0.00000
227.6 0.00000 15 0.00000
227.7 0.00000 15 0.00000
227.8 0.00000 15 0.00000
227.9 0.00000 15 0.00000
228.0 0.00000 15 0.00000
228.1 0.00000 15 0.00000
228.2 0.00000 15 0.00000
228.3 0.00000 15 0.00000
228.4 0.00000 15 0.00000
228.5 0.00000 15 0.00000
228.6 0.00000 15 0.00000
228.7 0.00000 15 0.00000
228.8 0.00000 15 0.00000
228.9 0.00000 15 0.00000
229.0 0.00000 15 0.00000
229.1 0.00000 15 0.00000
229.2 0.00000 15 0.00000
229.3 0.00000 15 0.00000
229.4 0.00000 15 0.00000
229.5 0.00000 15 0.00000
229.6 0.00000 15 0.00000
229.7 0.00000 15 0.00000
229.8 0.00000 15 0.00000
229.9 0.00000 15 0.00000
230.0 0.00000 15 0.00000
230.1 0.00000 15 0.00000
230.2 0.00000 15 0.00000
230.3 0.00000 15 0.00000
230.4 0.00000 15 0.00000
230.5 0.00000 15 0.00000
230.6 0.00000 15 0.00000
230.7 0.00000 15 0.00000
230.8 0.00000 15 0.00000
230.9 0.00000 15 0.00000
231.0 0.00000 15 0.00000
231.1 0.00000 15 0.00000
231.2 0.00000 15 0.00000
231.3 0.00000 15 0.00000
231.4 0.00000 15 0.00000
231.5 0.00000 15 0.00000
231.6 0.00000 15 0.00000
231.7 0.00000 15 0.00000
231.8 0.00000 15 0.00000
231.9 0.00000 15 0.00000
232.0 0.00000 15 0.00000
232.1 0.00000 15 0.00000
232.2 0.00000 15 0.00000
232.3 0.00000 15 0.00000
232.4 0.00000 15 0.00000
232.5 0.00000 15 0.00000
232.6 0.00000 15 0.00000
232.7 0.00000 15 0.00000
232.8 0.00000 15 0.00000
232.9 0.00000 15 0.00000
233.0 0.00000 15 0.00000
233.1 0.00000 15 0.00000
233.2 0.00000 15 0.00000
233.3 0.00000 15 0.00000
233.4 0.00000 15 0.00000
233.5 0.00000 15 0.00000
233.6 0.00000 15 0.00000
233.7 0.00000 15 0.00000
233.8 0.00000 15 0.00000
233.9 0.00000 15 0.00000
234.0 0.00000 15 0.00000
234.1 0.00000 15 0.00000
234.2 0.00000 15 0.00000
234.3 0.00000 15 0.00000
234.4 0.00000 15 0.00000
234.5 0.00000 15 0.00000
234.6 0.00000 15 0.00000
234.7 0.00000 15 0.00000
234.8 0.00000 15 0.00000
234.9 0.00000 15 0.00000
235.0 0.00000 15 0.00000
235.1 0.00000 15 0.00000
235.2 0.00000 15 0.00000
235.3 0.00000 15 0.00000
235.4 0.00000 15 0.00000
235.5 0.00000 15 0.00000
235.6 0.00000 15 0.00000
235.7 0.00000 15 0.00000
235.8 0.00000 15 0.00000
235.9 0.00000 15 0.00000
236.0 0.00000 15 0.00000
236.1 0.00000 15 0.00000
236.2 0.00000 15 0.00000
236.3 0.00000 15 0.00000
236.4 0.00000 15 0.00000
236.5 0.00000 15 0.00000
236.6 0.00000 15 0.00000
236.7 0.00000 15 0.00000
236.8 0.00000 15 0.00000
236.9 0.00000 15 0.00000
237.0 0.00000 15 0.00000
237.1 0.00000 15 0.00000
237.2 0.00000 15 0.00000
237.3 0.00000 15 0.00000
237.4 0.00000 15 0.00000
237.5 0.00000 15 0.00000
237.6 0.00000 15 0.00000
237.7 0.00000 15 0.00000
237.8 0.00000 15 0.00000
237.9 0.00000 15 0.00000
238.0 0.00000 15 0.00000
238.1 0.00000 15 0.00000
238.2 0.00000 15 0.00000
238.3 0.00000 15 0.00000
238.4 0.00000 15 0.00000
238.5 0.00000 15 0.00000
238.6 0.00000 15 0.00000
238.7 0.00000 15 0.00000
238.8 0.00000 15 0.00000
238.9 0.00000 15 0.00000
239.0 0.00000 15 0.00000
239.1 0.00000 15 0.00000
239.2 0.00000 15 0.00000
239.3 0.00000 15 0.00000
239.4 0.00000 15 0.00000
239.5 0.00000 15 0.00000
239.6 0.00000 15 0.00000
239.7 0.00000 15 0.00000
239.8 0.00000 15 0.00000
239.9 0.00000 15 0.00000
240.0 0.00000 15 0.00000
240.1 0.00000 15 0.00000
240.2 0.00000 15 0.00000
240.3 0.00000 15 0.00000
240.4 0.00000 15 0.00000
240.5 0.00000 15 0.00000
240.6 0.00000 15 0.00000
240.7 0.00000 15 0.00000
240.8 0.00000 15 0.00000
240.9 0.00000 15 0.00000
241.0 0.00000 15 0.00000
241.1 0.00000 15 0.00000
241.2 0.00000 15 0.00000
241.3 0.00000 15 0.00000
241.4 0.00000 15 0.00000
241.5 0.00000 15 0.00000
241.6 0.00000 15 0.00000
241.7 0.00000 15 0.00000
241.8 0.00000 15 0.00000
241.9 0.00000 15 0.00000
242.0 0.00000 15 0.00000
242.1 0.00000 15 0.00000
242.2 0.00000 15 0.00000
242.3 0.00000 15 0.00000
242.4 0.00000 15 0.00000
242.5 0.00000 15 0.00000
242.6 0.00000 15 0.00000
242.7 0.00000 15 0.00000
242.8 0.00000 15 0.00000
242.9 0.00000 15 0.00000
243.0 0.00000 15 0.00000
243.1 0.00000 15 0.00000
243.2 0.00000 15 0.00000
243.3 0.00000 15 0.00000
243.4 0.00000 15 0.00000
243.5 0.00000 15 0.00000
243.6 0.00000 15 0.00000
243.7 0.00000 15 0.00000
243.8 0.00000 15 0.00000
243.9 0.00000 15 0.00000
244.0 0.00000 15 0.00000
244.1 0.00000 15 0.00000
244.2 0.00000 15 0.00000
244.3 0.00000 15 0.00000
244.4 0.00000 15 0.00000
244.5 0.00000 15 0.00000
244.6 0.00000 15 0.00000
244.7 0.00000 15 0.00000
244.8 0.00000 15 0.00000
244.9 0.00000 15 0.00000
245.0 0.00000 15 0.00000
245.1 0.00000 15 0.00000
245.2 0.00000 15 0.00000
245.3 0.00000 15 0.00000
245.4 0.00000 15 0.00000
245.5 0.00000 15 0.00000
245.6 0.00000 15 0.00000
245.7 0.00000 15 0.00000
245.8 0.00000 15 0.00000
245.9 0.00000 15 0.00000
246.0 0.00000 15 0.00000
246.1 0.00000 15 0.00000
246.2 0.00000 15 0.00000
246.3 0.00000 15 0.00000
246.4 0.00000 15 0.00000
246.5 0.00000 15 0.00000
246.6 0.00000 15 0.00000
246.7 0.00000 15 0.00000
246.8 0.00000 15 0.00000
246.9 0.00000 15 0.00000
247.0 0.00000 15 0.00000
247.1 0.00000 15 0.00000
247.2 0.00000 15 0.00000
247.3 0.00000 15 0.00000
247.4 0.00000 15 0.00000
247.5 0.00000 15 0.00000
247.6 0.00000 15 0.00000
247.7 0.00000 15 0.00000
247.8 0.00000 15 0.00000
247.9 0.00000 15 0.00000
248.0 0.00000 15 0.00000
248.1 0.00000 15 0.00000
248.2 0.00000 15 0.00000
248.3 0.00000 15 0.00000
248.4 0.00000 15 0.00000
248.5 0.00000 15 0.00000
248.6 0.00000 15 0.00000
248.7 0.00000 15 0.00000
248.8 0.00000 15 0.00000
248.9 0.00000 15 0.00000
249.0 0.00000 15 0.00000
249.1 0.00000 15 0.00000
249.2 0.00000 15 0.00000
249.3 0.00000 15 0.00000
249.4 0.00000 15 0.00000
249.5 0.00000 15 0.00000
249.6 0.00000 15 0.00000
249.7 0.00000 15 0.00000
249.8 0.00000 15 0.00000
249.9 0.00000 15 0.00000
250.0 0.00000 15 0.00000
