15.0 2.28406 13 0.10374
15.1 2.32822 13 0.10746
15.2 2.37279 13 0.11119
15.3 2.41778 13 0.11494
15.4 2.46317 13 0.11869
15.5 2.51192 14 0.12246
15.6 2.57376 14 0.12624
15.7 2.63673 14 0.13002
15.8 2.70086 14 0.13382
15.9 2.76615 14 0.13763
16.0 2.83261 14 0.14145
16.1 2.90190 14 0.14523
16.2 2.97085 14 0.14907
16.3 3.04100 14 0.15292
16.4 3.11238 14 0.15678
16.5 3.18499 14 0.16065
16.6 3.25884 14 0.16452
16.7 3.33395 14 0.16841
16.8 3.41032 14 0.17231
16.9 3.48798 14 0.17621
17.0 3.56692 14 0.18012
17.1 3.64717 14 0.18405
17.2 3.72873 14 0.18798
17.3 3.81161 14 0.19192
17.4 3.89584 14 0.19586
17.5 3.98070 14 0.19982
17.6 4.05376 14 0.20379
17.7 4.12762 14 0.20776
17.8 4.20227 14 0.21174
17.9 4.27771 14 0.21573
18.0 4.35393 14 0.21972
18.1 4.43096 14 0.22373
18.2 4.51274 14 0.22769
18.3 4.59149 14 0.23171
18.4 4.67104 14 0.23573
18.5 4.75139 14 0.23977
18.6 4.83253 14 0.24381
18.7 4.91448 14 0.24785
18.8 5.02652 14 0.25387
18.9 5.15041 14 0.26062
19.0 5.27642 14 0.26743
19.1 5.40459 14 0.27431
19.2 5.53492 14 0.28126
19.3 5.66745 14 0.28827
19.4 5.80221 14 0.29536
19.5 5.93920 14 0.30251
19.6 6.07847 14 0.30974
19.7 6.22003 14 0.31703
19.8 6.36391 14 0.32440
19.9 6.51011 14 0.33184
20.0 6.65843 14 0.33935
20.1 6.80909 14 0.34694
20.2 6.96210 14 0.35460
20.3 7.16801 14 0.36252
20.4 7.32523 14 0.37032
20.5 7.48438 14 0.37820
20.6 7.64601 14 0.38616
20.7 7.74686 14 0.39038
20.8 7.83926 14 0.39407
20.9 7.93228 14 0.39776
21.0 8.02603 14 0.40146
21.1 8.11005 14 0.40521
21.2 8.20510 14 0.40894
21.3 8.30086 14 0.41267
21.4 8.39732 14 0.41642
21.5 8.49443 14 0.42018
21.6 8.59226 14 0.42395
21.7 8.69080 14 0.42772
21.8 8.79007 14 0.43151
21.9 8.87791 14 0.43535
22.0 8.97846 14 0.43916
22.1 9.07966 14 0.44298
22.2 9.18157 14 0.44682
22.3 9.28419 14 0.45066
22.4 9.38755 14 0.45452
22.5 9.49146 14 0.45838
22.6 9.59707 14 0.46226
22.7 9.68783 14 0.46618
22.8 9.79382 14 0.47008
22.9 9.90052 14 0.47399
23.0 10.00793 14 0.47792
23.1 10.11581 14 0.48185
23.2 10.22447 14 0.48579
23.3 10.33376 14 0.48975
23.4 10.42883 14 0.49375
23.5 10.53959 14 0.49773
23.6 10.65091 14 0.50172
23.7 10.76293 14 0.50572
23.8 10.87566 14 0.50973
23.9 10.98899 14 0.51375
24.0 11.10304 14 0.51779
24.1 11.21920 14 0.52184
24.2 11.31654 14 0.52592
24.3 11.43260 14 0.53000
24.4 11.54937 14 0.53408
24.5 11.66674 14 0.53817
24.6 11.78482 14 0.54228
24.7 11.90359 14 0.54639
24.8 12.02288 14 0.55052
24.9 12.12455 14 0.55469
25.0 12.24535 14 0.55884
25.1 12.36673 14 0.56300
25.2 12.48877 14 0.56718
25.3 12.61154 14 0.57137
25.4 12.73502 14 0.57557
25.5 12.85884 14 0.57978
25.6 12.98516 14 0.58400
25.7 13.08863 14 0.58826
25.8 13.21463 14 0.59251
25.9 13.34136 14 0.59677
26.0 13.46879 14 0.60104
26.1 13.59668 14 0.60532
26.2 13.72527 14 0.60962
26.3 13.85451 14 0.61393
26.4 13.96200 14 0.61827
26.5 14.09264 14 0.62260
26.6 14.22398 14 0.62695
26.7 14.35603 14 0.63131
26.8 14.48847 14 0.63568
26.9 14.62162 14 0.64006
27.0 14.75531 14 0.64445
27.1 14.89097 14 0.64886
27.2 15.00014 14 0.65330
27.3 15.13604 14 0.65773
27.4 15.27264 14 0.66218
27.5 15.40964 14 0.66664
27.6 15.54715 14 0.67111
27.7 15.68529 14 0.67559
27.8 15.82413 14 0.68008
27.9 15.93646 14 0.68461
28.0 16.07683 14 0.68913
28.1 16.21789 14 0.69367
28.2 16.35955 14 0.69821
28.3 16.50126 14 0.70277
28.4 16.64378 14 0.70735
28.5 16.78696 14 0.71193
28.6 16.93172 14 0.71653
28.7 17.04551 14 0.72116
28.8 17.19090 14 0.72578
28.9 17.33683 14 0.73042
29.0 17.48334 14 0.73507
29.1 17.62993 14 0.73974
29.2 17.77741 14 0.74442
29.3 17.92560 14 0.74911
29.4 18.04115 14 0.75383
29.5 18.19080 14 0.75854
29.6 18.34089 14 0.76327
29.7 18.49162 14 0.76802
29.8 18.64304 14 0.77278
29.9 18.79449 14 0.77755
30.0 18.94680 14 0.78233
30.1 19.10020 14 0.78713
30.2 19.21646 14 0.79196
30.3 19.37065 14 0.79678
30.4 19.52547 14 0.80162
30.5 19.68093 14 0.80648
30.6 19.83706 14 0.81134
30.7 19.99389 14 0.81622
30.8 20.15040 14 0.82112
30.9 20.26667 14 0.82604
31.0 20.42491 14 0.83096
31.1 20.58368 14 0.83590
31.2 20.74307 14 0.84085
31.3 20.90311 14 0.84581
31.4 21.06373 14 0.85079
31.5 21.22501 14 0.85579
31.6 21.38609 14 0.86079
31.7 21.50235 14 0.86582
31.8 21.66488 14 0.87086
31.9 21.82807 14 0.87591
32.0 21.99181 14 0.88097
32.1 22.15620 14 0.88605
32.2 22.32112 14 0.89115
32.3 22.48627 14 0.89625
32.4 22.59579 14 0.90138
32.5 22.76809 14 0.90652
32.6 22.93442 14 0.91167
32.7 23.10169 14 0.91684
32.8 23.26964 14 0.92202
32.9 23.43797 14 0.92721
33.0 23.60666 14 0.93242
33.1 23.77585 14 0.93765
33.2 23.88340 14 0.94289
33.3 24.05959 14 0.94815
33.4 24.23098 14 0.95342
33.5 24.40291 14 0.95870
33.6 24.57401 14 0.96400
33.7 24.74588 14 0.96931
33.8 24.91836 14 0.97464
33.9 25.09134 14 0.97999
34.0 25.19505 14 0.98535
34.1 25.37535 14 0.99073
34.2 25.55045 14 0.99612
34.3 25.68886 14 1.00000
34.4 25.73197 14 1.00000
34.5 25.77456 14 1.00000
34.6 25.81574 14 1.00000
34.7 25.85684 14 1.00000
34.8 25.82188 14 1.00000
34.9 25.86878 14 1.00000
35.0 25.90993 14 1.00000
35.1 25.95057 14 1.00000
35.2 25.99072 14 1.00000
35.3 25.90383 14 1.00000
35.4 25.94351 14 1.00000
35.5 25.98300 14 1.00000
35.6 25.93918 14 1.00000
35.7 25.84414 14 1.00000
35.8 25.88315 14 1.00000
35.9 25.92126 14 1.00000
36.0 25.95928 14 1.00000
36.1 25.99665 14 1.00000
36.2 25.89261 14 1.00000
36.3 25.92981 14 1.00000
36.4 25.87667 14 1.00000
36.5 25.92178 14 1.00000
36.6 25.95775 14 1.00000
36.7 25.71066 14 1.00000
36.8 23.06356 14 1.00000
36.9 21.71806 14 1.00000
37.0 19.10143 14 1.00000
37.1 17.77163 14 1.00000
37.2 15.08035 14 1.00000
37.3 13.90466 14 1.00000
37.4 13.85276 14 1.00000
37.5 13.81037 14 1.00000
37.6 13.80299 14 1.00000
37.7 13.76748 14 1.00000
37.8 13.66601 14 1.00000
37.9 13.61906 14 1.00000
38.0 13.62358 14 1.00000
38.1 13.58889 14 1.00000
38.2 13.57752 14 1.00000
38.3 13.47425 14 1.00000
38.4 13.43624 14 1.00000
38.5 13.36890 14 1.00000
38.6 13.38801 14 1.00000
38.7 13.34019 14 1.00000
38.8 13.29429 14 1.00000
38.9 13.24246 14 1.00000
39.0 13.15123 14 0.99776
39.1 13.04023 14 0.99250
39.2 12.91770 14 0.98667
39.3 12.78566 14 0.98036
39.4 12.79637 14 0.98087
39.5 12.64783 14 0.97374
39.6 12.58771 14 0.97083
39.7 12.45882 14 0.96459
39.8 12.39083 14 0.96128
39.9 12.42603 14 0.96299
40.0 12.47031 14 0.96514
40.1 12.54679 14 0.96885
40.2 12.64120 14 0.97342
40.3 12.93941 14 0.98771
40.4 13.01571 14 0.99134
40.5 13.09290 14 0.99500
40.6 13.16026 14 0.99818
40.7 13.21225 14 1.00000
40.8 13.24245 14 1.00000
40.9 13.27221 14 1.00000
41.0 13.30111 14 1.00000
41.1 13.33027 14 1.00000
41.2 13.37293 14 1.00000
41.3 13.41561 14 1.00000
41.4 13.47876 14 1.00000
41.5 13.58292 14 1.00000
41.6 13.61765 14 1.00000
41.7 13.64879 14 1.00000
41.8 13.67978 14 1.00000
41.9 13.71033 14 1.00000
42.0 13.74040 14 1.00000
42.1 13.76966 14 1.00000
42.2 13.79856 14 1.00000
42.3 13.84269 14 1.00000
42.4 13.90723 14 1.00000
42.5 13.96218 14 1.00000
42.6 14.00989 14 1.00000
42.7 14.09110 14 1.00000
42.8 14.12618 14 1.00000
42.9 14.15660 14 1.00000
43.0 14.18773 14 1.00000
43.1 14.21859 14 1.00000
43.2 14.24870 14 1.00000
43.3 14.27817 14 1.00000
43.4 14.30843 14 1.00000
43.5 14.36248 14 1.00000
43.6 14.42540 14 1.00000
43.7 14.47899 14 1.00000
43.8 14.52626 14 1.00000
43.9 14.60859 14 1.00000
44.0 14.64404 14 1.00000
44.1 14.67481 14 1.00000
44.2 14.70666 14 1.00000
44.3 14.73766 14 1.00000
44.4 14.76842 14 1.00000
44.5 14.79845 14 1.00000
44.6 14.82784 14 1.00000
44.7 14.86756 14 1.00000
44.8 14.93739 14 1.00000
44.9 14.99472 14 1.00000
45.0 15.04505 14 1.00000
45.1 15.09008 14 1.00000
45.2 15.17099 14 1.00000
45.3 15.20402 14 1.00000
45.4 15.23596 14 1.00000
45.5 15.26790 14 1.00000
45.6 15.29937 14 1.00000
45.7 15.33038 14 1.00000
45.8 15.36044 14 1.00000
45.9 15.39017 14 1.00000
46.0 15.43062 14 1.00000
46.1 15.50291 14 1.00000
46.2 15.56073 14 1.00000
46.3 15.61184 14 1.00000
46.4 15.65760 14 1.00000
46.5 15.70115 14 1.00000
46.6 15.78548 14 1.00000
46.7 15.82555 14 1.00000
46.8 15.85968 14 1.00000
46.9 15.90482 14 1.00000
47.0 15.93846 14 1.00000
47.1 15.98713 14 1.00000
47.2 16.01898 14 1.00000
47.3 16.07213 14 1.00000
47.4 16.10383 14 1.00000
47.5 16.13404 14 1.00000
47.6 16.18846 14 1.00000
47.7 16.22321 14 1.00000
47.8 16.27271 14 1.00000
47.9 16.33160 14 1.00000
48.0 16.35685 14 1.00000
48.1 16.41625 14 1.00000
48.2 16.44121 14 1.00000
48.3 16.50205 14 1.00000
48.4 16.52393 14 1.00000
48.5 16.58571 14 1.00000
48.6 16.62817 14 1.00000
48.7 16.66720 14 1.00000
48.8 16.73107 14 1.00000
48.9 16.74814 14 1.00000
49.0 16.81228 14 1.00000
49.1 16.87753 14 1.00000
49.2 16.89013 14 1.00000
49.3 16.95442 14 1.00000
49.4 16.96653 14 1.00000
49.5 17.02983 14 1.00000
49.6 17.09679 14 1.00000
49.7 17.10261 14 1.00000
49.8 17.17026 14 1.00000
49.9 17.23765 14 1.00000
50.0 17.23995 14 1.00000
50.1 17.30509 14 1.00000
50.2 17.37178 14 1.00000
50.3 17.37264 14 1.00000
50.4 17.43788 14 1.00000
50.5 17.50474 14 1.00000
50.6 17.51449 14 1.00000
50.7 17.56819 14 1.00000
50.8 17.63683 14 1.00000
50.9 17.64759 14 1.00000
51.0 17.69423 14 1.00000
51.1 17.76085 14 1.00000
51.2 17.77914 14 1.00000
51.3 17.82396 14 1.00000
51.4 17.88269 14 1.00000
51.5 17.95058 14 1.00000
51.6 17.95985 14 1.00000
51.7 18.00006 14 1.00000
51.8 18.06587 14 1.00000
51.9 18.13176 14 1.00000
52.0 18.13919 14 1.00000
52.1 18.17666 14 1.00000
52.2 18.24239 14 1.00000
52.3 18.30979 14 1.00000
52.4 18.31828 14 1.00000
52.5 18.35828 14 1.00000
52.6 18.41578 14 1.00000
52.7 18.48236 14 1.00000
52.8 18.49607 14 1.00000
52.9 18.54006 14 1.00000
53.0 18.57027 14 1.00000
53.1 18.64910 14 1.00000
53.2 18.71664 14 1.00000
53.3 18.72215 14 1.00000
53.4 18.76429 14 1.00000
53.5 18.78990 14 1.00000
53.6 18.87391 14 1.00000
53.7 18.94094 14 1.00000
53.8 18.94684 14 1.00000
53.9 18.99071 14 1.00000
54.0 19.01936 14 1.00000
54.1 19.08987 14 1.00000
54.2 19.15442 14 1.00000
54.3 19.21936 14 1.00000
54.4 19.21865 14 1.00000
54.5 19.25524 14 1.00000
54.6 19.28024 14 1.00000
54.7 19.36246 14 1.00000
54.8 19.42657 14 1.00000
54.9 19.48897 14 1.00000
55.0 19.49032 14 1.00000
55.1 19.53031 14 1.00000
55.2 19.55780 14 1.00000
55.3 19.62343 14 1.00000
55.4 19.68614 14 1.00000
55.5 19.75439 14 1.00000
55.6 19.76001 14 1.00000
55.7 19.80750 14 1.00000
55.8 19.84494 14 1.00000
55.9 19.87439 14 1.00000
56.0 19.93332 14 1.00000
56.1 19.99945 14 1.00000
56.2 20.06419 14 1.00000
56.3 20.12662 14 1.00000
56.4 20.12479 14 1.00000
56.5 20.17031 14 1.00000
56.6 20.20661 14 1.00000
56.7 20.23108 14 1.00000
56.8 20.29414 14 1.00000
56.9 20.35906 14 1.00000
57.0 20.42119 14 1.00000
57.1 20.48606 14 1.00000
57.2 20.48812 14 1.00000
57.3 20.53484 14 1.00000
57.4 20.57869 14 1.00000
57.5 20.57105 14 1.00000
57.6 20.63247 14 1.00000
57.7 20.69898 14 1.00000
57.8 20.76146 14 1.00000
57.9 20.82361 14 1.00000
58.0 20.88495 14 1.00000
58.1 20.94992 14 1.00000
58.2 20.94495 14 1.00000
58.3 20.99529 14 1.00000
58.4 20.96120 14 1.00000
58.5 21.00860 14 1.00000
58.6 21.07322 14 1.00000
58.7 21.13566 14 1.00000
58.8 21.19895 14 1.00000
58.9 21.26233 14 1.00000
59.0 21.32293 14 1.00000
59.1 21.38350 14 1.00000
59.2 21.44215 14 1.00000
59.3 21.49960 14 1.00000
59.4 21.48157 14 1.00000
59.5 21.49674 14 1.00000
59.6 21.52902 14 1.00000
59.7 21.55674 14 1.00000
59.8 21.60043 14 1.00000
59.9 21.66252 14 1.00000
60.0 21.72690 14 1.00000
60.1 21.78930 14 1.00000
60.2 21.84915 14 1.00000
60.3 21.90844 14 1.00000
60.4 21.96662 14 1.00000
60.5 21.91788 14 1.00000
60.6 22.05408 14 1.00000
60.7 22.10037 14 1.00000
60.8 22.14049 14 1.00000
60.9 22.18367 14 1.00000
61.0 22.22076 14 1.00000
61.1 22.23766 14 1.00000
61.2 22.27503 14 1.00000
61.3 22.30816 14 1.00000
61.4 22.33644 14 1.00000
61.5 22.38159 14 1.00000
61.6 22.44017 14 1.00000
61.7 22.47957 14 1.00000
61.8 22.61036 14 1.00000
61.9 22.67033 14 1.00000
62.0 22.72590 14 1.00000
62.1 22.77856 14 1.00000
62.2 22.83768 14 1.00000
62.3 22.89481 14 1.00000
62.4 22.94393 14 1.00000
62.5 22.93312 14 1.00000
62.6 22.98077 14 1.00000
62.7 23.02931 14 1.00000
62.8 23.07632 14 1.00000
62.9 23.12160 14 1.00000
63.0 23.16754 14 1.00000
63.1 23.21321 14 1.00000
63.2 23.24925 14 1.00000
63.3 23.22404 14 1.00000
63.4 23.26006 14 1.00000
63.5 23.30457 14 1.00000
63.6 23.35510 14 1.00000
63.7 23.40951 14 1.00000
63.8 23.46588 14 1.00000
63.9 23.52287 14 1.00000
64.0 23.57854 14 1.00000
64.1 23.63395 14 1.00000
64.2 23.68655 14 1.00000
64.3 23.74310 14 1.00000
64.4 23.79611 14 1.00000
64.5 23.84894 14 1.00000
64.6 23.90017 14 1.00000
64.7 23.94947 14 1.00000
64.8 24.00695 14 1.00000
64.9 24.05843 14 1.00000
65.0 24.10947 14 1.00000
65.1 24.12277 14 1.00000
65.2 24.13460 14 1.00000
65.3 24.30035 14 1.00000
65.4 24.35155 14 1.00000
65.5 24.40205 14 1.00000
65.6 24.45308 14 1.00000
65.7 24.49398 14 1.00000
65.8 24.47208 14 1.00000
65.9 24.52159 14 1.00000
66.0 24.57054 14 1.00000
66.1 24.61887 14 1.00000
66.2 24.66691 14 1.00000
66.3 24.71488 14 1.00000
66.4 24.76121 14 1.00000
66.5 24.87176 14 1.00000
66.6 24.91847 14 1.00000
66.7 24.96555 14 1.00000
66.8 24.94654 14 1.00000
66.9 25.06135 14 1.00000
67.0 25.09862 14 1.00000
67.1 25.12677 14 1.00000
67.2 25.14681 14 1.00000
67.3 25.14543 14 1.00000
67.4 25.12840 14 1.00000
67.5 25.26024 14 1.00000
67.6 25.31041 14 1.00000
67.7 25.35611 14 1.00000
67.8 25.40181 14 1.00000
67.9 25.44751 14 1.00000
68.0 25.49324 14 1.00000
68.1 25.53854 14 1.00000
68.2 25.56408 14 1.00000
68.3 25.61094 14 1.00000
68.4 25.65812 14 1.00000
68.5 25.70544 14 1.00000
68.6 25.75278 14 1.00000
68.7 25.80062 14 1.00000
68.8 25.87004 14 1.00000
68.9 25.91838 14 1.00000
69.0 25.96680 14 1.00000
69.1 26.01570 14 1.00000
69.2 26.06459 14 1.00000
69.3 26.11364 14 1.00000
69.4 26.16254 14 1.00000
69.5 26.21181 14 1.00000
69.6 26.26089 14 1.00000
69.7 26.31015 14 1.00000
69.8 26.36242 14 1.00000
69.9 26.41910 14 1.00000
70.0 26.45428 14 1.00000
70.1 26.46048 14 1.00000
70.2 26.51174 14 1.00000
70.3 26.58426 14 1.00000
70.4 26.63962 14 1.00000
70.5 26.69205 14 1.00000
70.6 26.73434 14 1.00000
70.7 26.78758 14 1.00000
70.8 26.83956 14 1.00000
70.9 26.89049 14 1.00000
71.0 26.94043 14 1.00000
71.1 26.99265 14 1.00000
71.2 26.99678 14 1.00000
71.3 27.07067 14 1.00000
71.4 27.12634 14 1.00000
71.5 27.17784 14 1.00000
71.6 27.22910 14 1.00000
71.7 27.27937 14 1.00000
71.8 27.32640 14 1.00000
71.9 27.36368 14 1.00000
72.0 27.41470 14 1.00000
72.1 27.46225 14 1.00000
72.2 27.51914 14 1.00000
72.3 27.58832 14 1.00000
72.4 27.49890 14 1.00000
72.5 27.54659 14 1.00000
72.6 27.59459 14 1.00000
72.7 27.66485 14 1.00000
72.8 27.78804 14 1.00000
72.9 27.85455 14 1.00000
73.0 27.89140 14 1.00000
73.1 27.92924 14 1.00000
73.2 28.08481 14 1.00000
73.3 28.13291 14 1.00000
73.4 28.17743 14 1.00000
73.5 28.21885 14 1.00000
73.6 28.26126 14 1.00000
73.7 28.30294 14 1.00000
73.8 28.34477 14 1.00000
73.9 28.38613 14 1.00000
74.0 28.42598 14 1.00000
74.1 28.45748 14 1.00000
74.2 28.50579 14 1.00000
74.3 28.55201 14 1.00000
74.4 28.55137 14 1.00000
74.5 28.71760 14 1.00000
74.6 28.69271 14 1.00000
74.7 28.72213 14 1.00000
74.8 28.77600 14 1.00000
74.9 28.80382 14 1.00000
75.0 28.85969 14 1.00000
75.1 28.87077 14 1.00000
75.2 28.94094 14 1.00000
75.3 28.97750 14 1.00000
75.4 28.91829 14 1.00000
75.5 29.06250 14 1.00000
75.6 29.11260 14 1.00000
75.7 29.15496 14 1.00000
75.8 29.19281 14 1.00000
75.9 29.22705 14 1.00000
76.0 29.27711 14 1.00000
76.1 29.32198 14 1.00000
76.2 29.36462 14 1.00000
76.3 29.40356 14 1.00000
76.4 29.44152 14 1.00000
76.5 29.47892 14 1.00000
76.6 29.51585 14 1.00000
76.7 29.55282 14 1.00000
76.8 29.58911 14 1.00000
76.9 29.62521 14 1.00000
77.0 29.66668 14 1.00000
77.1 29.70969 14 1.00000
77.2 29.75498 14 1.00000
77.3 29.80182 14 1.00000
77.4 29.84872 14 1.00000
77.5 29.89561 14 1.00000
77.6 29.94254 14 1.00000
77.7 29.98950 14 1.00000
77.8 30.03651 14 1.00000
77.9 30.08689 14 1.00000
78.0 30.26773 14 1.00000
78.1 30.19681 14 1.00000
78.2 30.26262 14 1.00000
78.3 30.32614 14 1.00000
78.4 30.38659 14 1.00000
78.5 30.44383 14 1.00000
78.6 30.49591 14 1.00000
78.7 30.54492 14 1.00000
78.8 30.62950 14 1.00000
78.9 30.67965 14 1.00000
79.0 30.72907 14 1.00000
79.1 30.78831 14 1.00000
79.2 30.83430 14 1.00000
79.3 30.87953 14 1.00000
79.4 30.92953 14 1.00000
79.5 31.06152 14 1.00000
79.6 31.02416 14 1.00000
79.7 31.07207 14 1.00000
79.8 31.11151 14 1.00000
79.9 31.16793 14 1.00000
80.0 31.31206 14 1.00000
80.1 31.29725 14 1.00000
80.2 31.33947 14 1.00000
80.3 31.42763 14 1.00000
80.4 31.47928 14 1.00000
80.5 31.52332 14 1.00000
80.6 31.55879 14 1.00000
80.7 31.61034 14 1.00000
80.8 31.65441 14 1.00000
80.9 31.65777 14 1.00000
81.0 31.54827 14 1.00000
81.1 31.62442 14 1.00000
81.2 31.71611 14 1.00000
81.3 31.77760 14 1.00000
81.4 31.76229 14 1.00000
81.5 31.93342 14 1.00000
81.6 31.95404 14 1.00000
81.7 32.01443 14 1.00000
81.8 32.03764 14 1.00000
81.9 32.09409 14 1.00000
82.0 32.12061 14 1.00000
82.1 32.16645 14 1.00000
82.2 32.20905 14 1.00000
82.3 32.24239 14 1.00000
82.4 32.35544 14 1.00000
82.5 32.30751 14 1.00000
82.6 32.33720 14 1.00000
82.7 32.36976 14 1.00000
82.8 32.41213 14 1.00000
82.9 32.45731 14 1.00000
83.0 32.50585 14 1.00000
83.1 32.55402 14 1.00000
83.2 32.60816 14 1.00000
83.3 32.67914 14 1.00000
83.4 32.75450 14 1.00000
83.5 32.82579 14 1.00000
83.6 32.88947 14 1.00000
83.7 32.92205 14 1.00000
83.8 33.00032 14 1.00000
83.9 33.06403 14 1.00000
84.0 33.11296 14 1.00000
84.1 33.19275 14 1.00000
84.2 33.24289 14 1.00000
84.3 33.30462 14 1.00000
84.4 33.35002 14 1.00000
84.5 33.38991 14 1.00000
84.6 33.44877 14 1.00000
84.7 33.50018 14 1.00000
84.8 33.54719 14 1.00000
84.9 33.58278 14 1.00000
85.0 33.62292 14 1.00000
85.1 33.68222 14 1.00000
85.2 33.80431 14 1.00000
85.3 33.77819 14 1.00000
85.4 33.88973 14 1.00000
85.5 33.96593 14 1.00000
85.6 34.00580 14 1.00000
85.7 34.04559 14 1.00000
85.8 34.05259 14 1.00000
85.9 34.12511 14 1.00000
86.0 34.16487 14 1.00000
86.1 34.19004 14 1.00000
86.2 34.21582 14 1.00000
86.3 34.28354 14 1.00000
86.4 34.33074 14 1.00000
86.5 34.37074 14 1.00000
86.6 34.34964 14 1.00000
86.7 34.45015 14 1.00000
86.8 34.48509 14 1.00000
86.9 34.46994 14 1.00000
87.0 34.54382 14 1.00000
87.1 34.60378 14 1.00000
87.2 34.62605 14 1.00000
87.3 34.67466 14 1.00000
87.4 34.70394 14 1.00000
87.5 34.73374 14 1.00000
87.6 34.75688 14 1.00000
87.7 34.90158 14 1.00000
87.8 34.84518 14 1.00000
87.9 34.89802 14 1.00000
88.0 34.96804 14 1.00000
88.1 35.14847 14 1.00000
88.2 35.13165 14 1.00000
88.3 35.19893 14 1.00000
88.4 35.25010 14 1.00000
88.5 35.32689 14 1.00000
88.6 35.37095 14 1.00000
88.7 35.50030 14 1.00000
88.8 35.49811 14 1.00000
88.9 35.52224 14 1.00000
89.0 35.62036 14 1.00000
89.1 35.68230 14 1.00000
89.2 35.73730 14 1.00000
89.3 35.76852 14 1.00000
89.4 35.82442 14 1.00000
89.5 35.88103 14 1.00000
89.6 35.93015 14 1.00000
89.7 35.94706 14 1.00000
89.8 36.04135 14 1.00000
89.9 36.08987 14 1.00000
90.0 36.13196 14 1.00000
90.1 36.15794 14 1.00000
90.2 36.22985 14 1.00000
90.3 36.24743 14 1.00000
90.4 36.40920 14 1.00000
90.5 36.44560 14 1.00000
90.6 36.48940 14 1.00000
90.7 36.53374 14 1.00000
90.8 36.57534 14 1.00000
90.9 36.61508 14 1.00000
91.0 36.65376 14 1.00000
91.1 36.68897 14 1.00000
91.2 36.71972 14 1.00000
91.3 36.73819 14 1.00000
91.4 36.78428 14 1.00000
91.5 36.80370 14 1.00000
91.6 36.78424 14 1.00000
91.7 36.88622 14 1.00000
91.8 37.02356 14 1.00000
91.9 37.07800 14 1.00000
92.0 37.05755 14 1.00000
92.1 37.10466 14 1.00000
92.2 37.13653 14 1.00000
92.3 37.16646 14 1.00000
92.4 37.19581 14 1.00000
92.5 37.22432 14 1.00000
92.6 37.25577 14 1.00000
92.7 37.29987 14 1.00000
92.8 37.37503 14 1.00000
92.9 37.46628 14 1.00000
93.0 37.55107 14 1.00000
93.1 37.61647 14 1.00000
93.2 37.67940 14 1.00000
93.3 37.75215 14 1.00000
93.4 37.80175 14 1.00000
93.5 37.87426 14 1.00000
93.6 37.91277 14 1.00000
93.7 37.99268 14 1.00000
93.8 38.04374 14 1.00000
93.9 38.07883 14 1.00000
94.0 38.14857 14 1.00000
94.1 38.23098 14 1.00000
94.2 38.28924 14 1.00000
94.3 38.33837 14 1.00000
94.4 38.36941 14 1.00000
94.5 38.41061 14 1.00000
94.6 38.47350 14 1.00000
94.7 38.54482 14 1.00000
94.8 38.59856 14 1.00000
94.9 38.64495 14 1.00000
95.0 38.67229 14 1.00000
95.1 38.74181 14 1.00000
95.2 38.78430 14 1.00000
95.3 38.82882 14 1.00000
95.4 38.87847 14 1.00000
95.5 39.01346 14 1.00000
95.6 39.04467 14 1.00000
95.7 39.07496 14 1.00000
95.8 39.13754 14 1.00000
95.9 39.18727 14 1.00000
96.0 39.23046 14 1.00000
96.1 39.26995 14 1.00000
96.2 39.28300 14 1.00000
96.3 39.35026 14 1.00000
96.4 39.40087 14 1.00000
96.5 39.43744 14 1.00000
96.6 39.47625 14 1.00000
96.7 39.52646 14 1.00000
96.8 39.55403 14 1.00000
96.9 39.60872 14 1.00000
97.0 39.64750 14 1.00000
97.1 39.65937 14 1.00000
97.2 39.72929 14 1.00000
97.3 39.76966 14 1.00000
97.4 39.80327 14 1.00000
97.5 39.83327 14 1.00000
97.6 39.86201 14 1.00000
97.7 39.89081 14 1.00000
97.8 39.93600 14 1.00000
97.9 40.03481 14 1.00000
98.0 40.12646 14 1.00000
98.1 40.19977 14 1.00000
98.2 40.26106 14 1.00000
98.3 40.33864 14 1.00000
98.4 40.39477 14 1.00000
98.5 40.46720 14 1.00000
98.6 40.50000 14 1.00000
98.7 40.50000 14 1.00000
98.8 40.50000 14 1.00000
98.9 40.50000 14 1.00000
99.0 40.50000 14 1.00000
99.1 40.50000 14 1.00000
99.2 40.50000 14 1.00000
99.3 40.50000 14 1.00000
99.4 40.50000 14 1.00000
99.5 40.50000 14 1.00000
99.6 40.50000 14 1.00000
99.7 40.50000 14 1.00000
99.8 40.50000 14 1.00000
99.9 40.50000 14 1.00000
100.0 40.50000 14 1.00000
100.1 40.50000 14 1.00000
100.2 40.50000 14 1.00000
100.3 40.50000 14 1.00000
100.4 40.50000 14 1.00000
100.5 40.50000 14 1.00000
100.6 40.50000 14 1.00000
100.7 40.50000 14 1.00000
100.8 40.50000 14 1.00000
100.9 40.50000 14 1.00000
101.0 40.50000 14 1.00000
101.1 40.50000 14 1.00000
101.2 40.50000 14 1.00000
101.3 40.50000 14 1.00000
101.4 40.50000 14 1.00000
101.5 40.50000 14 1.00000
101.6 40.50000 14 1.00000
101.7 40.50000 14 1.00000
101.8 40.50000 14 1.00000
101.9 40.50000 14 1.00000
102.0 40.50000 14 1.00000
102.1 40.50000 14 1.00000
102.2 40.50000 14 1.00000
102.3 40.50000 14 1.00000
102.4 40.50000 14 1.00000
102.5 40.50000 14 1.00000
102.6 40.50000 14 1.00000
102.7 40.50000 14 1.00000
102.8 40.50000 14 1.00000
102.9 40.50000 14 1.00000
103.0 40.50000 14 1.00000
103.1 40.50000 14 1.00000
103.2 40.50000 14 1.00000
103.3 40.50000 14 1.00000
103.4 40.50000 14 1.00000
103.5 40.50000 14 1.00000
103.6 40.50000 14 1.00000
103.7 40.50000 14 1.00000
103.8 40.50000 14 1.00000
103.9 40.50000 14 1.00000
104.0 40.50000 14 1.00000
104.1 40.50000 14 1.00000
104.2 40.50000 14 1.00000
104.3 40.50000 14 1.00000
104.4 40.50000 14 1.00000
104.5 40.50000 14 1.00000
104.6 40.50000 14 1.00000
104.7 40.50000 14 1.00000
104.8 40.50000 14 1.00000
104.9 40.50000 14 1.00000
105.0 40.50000 14 1.00000
105.1 40.50000 14 1.00000
105.2 40.50000 14 1.00000
105.3 40.50000 14 1.00000
105.4 40.50000 14 1.00000
105.5 40.50000 14 1.00000
105.6 40.50000 14 1.00000
105.7 40.50000 14 1.00000
105.8 40.50000 14 1.00000
105.9 40.50000 14 1.00000
106.0 40.50000 14 1.00000
106.1 40.50000 14 1.00000
106.2 40.50000 14 1.00000
106.3 40.50000 14 1.00000
106.4 40.50000 14 1.00000
106.5 40.50000 14 1.00000
106.6 40.50000 14 1.00000
106.7 40.50000 14 1.00000
106.8 40.50000 14 1.00000
106.9 40.50000 14 1.00000
107.0 40.50000 14 1.00000
107.1 40.50000 14 1.00000
107.2 40.50000 14 1.00000
107.3 40.50000 14 1.00000
107.4 40.50000 14 1.00000
107.5 40.50000 14 1.00000
107.6 40.50000 14 1.00000
107.7 40.50000 14 1.00000
107.8 40.50000 14 1.00000
107.9 40.50000 14 1.00000
108.0 40.50000 14 1.00000
108.1 40.50000 14 1.00000
108.2 40.50000 14 1.00000
108.3 40.50000 14 1.00000
108.4 40.50000 14 1.00000
108.5 40.50000 14 1.00000
108.6 40.50000 14 1.00000
108.7 40.50000 14 1.00000
108.8 40.50000 14 1.00000
108.9 40.50000 14 1.00000
109.0 40.50000 14 1.00000
109.1 40.50000 14 1.00000
109.2 40.50000 14 1.00000
109.3 40.50000 14 1.00000
109.4 40.50000 14 1.00000
109.5 40.50000 14 1.00000
109.6 40.50000 14 1.00000
109.7 40.50000 14 1.00000
109.8 40.50000 14 1.00000
109.9 40.50000 14 1.00000
110.0 40.50000 14 1.00000
110.1 40.50000 14 1.00000
110.2 40.50000 14 1.00000
110.3 40.50000 14 1.00000
110.4 40.50000 14 1.00000
110.5 40.50000 14 1.00000
110.6 40.50000 14 1.00000
110.7 40.50000 14 1.00000
110.8 40.50000 14 1.00000
110.9 40.50000 14 1.00000
111.0 40.50000 14 1.00000
111.1 40.50000 14 1.00000
111.2 40.50000 14 1.00000
111.3 40.50000 14 1.00000
111.4 40.50000 14 1.00000
111.5 40.50000 14 1.00000
111.6 40.50000 14 1.00000
111.7 40.50000 14 1.00000
111.8 40.50000 14 1.00000
111.9 40.50000 14 1.00000
112.0 40.50000 14 1.00000
112.1 40.50000 14 1.00000
112.2 40.50000 14 1.00000
112.3 40.50000 14 1.00000
112.4 40.50000 14 1.00000
112.5 40.50000 14 1.00000
112.6 40.50000 14 1.00000
112.7 40.50000 14 1.00000
112.8 40.50000 14 1.00000
112.9 40.50000 14 1.00000
113.0 40.50000 14 1.00000
113.1 40.50000 14 1.00000
113.2 40.50000 14 1.00000
113.3 40.50000 14 1.00000
113.4 40.50000 14 1.00000
113.5 40.50000 14 1.00000
113.6 40.50000 14 1.00000
113.7 40.50000 14 1.00000
113.8 40.50000 14 1.00000
113.9 40.50000 14 1.00000
114.0 40.50000 14 1.00000
114.1 40.50000 14 1.00000
114.2 40.50000 14 1.00000
114.3 40.50000 14 1.00000
114.4 40.50000 14 1.00000
114.5 40.50000 14 1.00000
114.6 40.50000 14 1.00000
114.7 40.50000 14 1.00000
114.8 40.50000 14 1.00000
114.9 40.50000 14 1.00000
115.0 40.50000 14 1.00000
115.1 40.50000 14 1.00000
115.2 40.50000 14 1.00000
115.3 40.50000 14 1.00000
115.4 40.50000 14 1.00000
115.5 40.50000 14 1.00000
115.6 40.50000 14 1.00000
115.7 40.50000 14 1.00000
115.8 40.50000 14 1.00000
115.9 40.50000 14 1.00000
116.0 40.50000 14 1.00000
116.1 40.50000 14 1.00000
116.2 40.50000 14 1.00000
116.3 40.50000 14 1.00000
116.4 40.50000 14 1.00000
116.5 40.50000 14 1.00000
116.6 40.50000 14 1.00000
116.7 40.50000 14 1.00000
116.8 40.50000 14 1.00000
116.9 40.50000 14 1.00000
117.0 40.50000 14 1.00000
117.1 40.50000 14 1.00000
117.2 40.50000 14 1.00000
117.3 40.50000 14 1.00000
117.4 40.50000 14 1.00000
117.5 40.50000 14 1.00000
117.6 40.50000 14 1.00000
117.7 40.50000 14 1.00000
117.8 40.50000 14 1.00000
117.9 40.50000 14 1.00000
118.0 40.50000 14 1.00000
118.1 40.50000 14 1.00000
118.2 40.50000 14 1.00000
118.3 40.50000 14 1.00000
118.4 40.50000 14 1.00000
118.5 40.50000 14 1.00000
118.6 40.50000 14 1.00000
118.7 40.50000 14 1.00000
118.8 40.50000 14 1.00000
118.9 40.50000 14 1.00000
119.0 40.50000 14 1.00000
119.1 40.50000 14 1.00000
119.2 40.50000 14 1.00000
119.3 40.50000 14 1.00000
119.4 40.50000 14 1.00000
119.5 40.50000 14 1.00000
119.6 40.50000 14 1.00000
119.7 40.50000 14 1.00000
119.8 40.50000 14 1.00000
119.9 40.50000 14 1.00000
120.0 40.50000 14 1.00000
120.1 40.50000 14 1.00000
120.2 40.50000 14 1.00000
120.3 40.50000 14 1.00000
120.4 40.50000 14 1.00000
120.5 40.50000 14 1.00000
120.6 40.50000 14 1.00000
120.7 40.50000 14 1.00000
120.8 40.50000 14 1.00000
120.9 40.50000 14 1.00000
121.0 40.50000 14 1.00000
121.1 40.50000 14 1.00000
121.2 40.50000 14 1.00000
121.3 40.50000 14 1.00000
121.4 40.50000 14 1.00000
121.5 40.50000 14 1.00000
121.6 40.50000 14 1.00000
121.7 40.50000 14 1.00000
121.8 40.50000 14 1.00000
121.9 40.50000 14 1.00000
122.0 40.50000 14 1.00000
122.1 40.50000 14 1.00000
122.2 40.50000 14 1.00000
122.3 40.50000 14 1.00000
122.4 40.50000 14 1.00000
122.5 40.50000 14 1.00000
122.6 40.50000 14 1.00000
122.7 40.50000 14 1.00000
122.8 40.50000 14 1.00000
122.9 40.50000 14 1.00000
123.0 40.50000 14 1.00000
123.1 40.50000 14 1.00000
123.2 40.50000 14 1.00000
123.3 40.50000 14 1.00000
123.4 40.50000 14 1.00000
123.5 40.50000 14 1.00000
123.6 40.50000 14 1.00000
123.7 40.50000 14 1.00000
123.8 40.50000 14 1.00000
123.9 40.50000 14 1.00000
124.0 40.50000 14 1.00000
124.1 40.50000 14 1.00000
124.2 40.50000 14 1.00000
124.3 40.50000 14 1.00000
124.4 40.50000 14 1.00000
124.5 40.50000 14 1.00000
124.6 40.50000 14 1.00000
124.7 40.50000 14 1.00000
124.8 40.50000 14 1.00000
124.9 40.50000 14 1.00000
125.0 40.50000 14 1.00000
125.1 40.50000 14 1.00000
125.2 40.50000 14 1.00000
125.3 40.50000 14 1.00000
125.4 40.50000 14 1.00000
125.5 40.50000 14 1.00000
125.6 40.50000 14 1.00000
125.7 40.50000 14 1.00000
125.8 40.50000 14 1.00000
125.9 40.50000 14 1.00000
126.0 40.50000 14 1.00000
126.1 40.50000 14 1.00000
126.2 40.50000 14 1.00000
126.3 40.50000 14 1.00000
126.4 40.50000 14 1.00000
126.5 40.50000 14 1.00000
126.6 40.50000 14 1.00000
126.7 40.50000 14 1.00000
126.8 40.50000 14 1.00000
126.9 40.50000 14 1.00000
127.0 40.50000 14 1.00000
127.1 40.50000 14 1.00000
127.2 40.50000 14 1.00000
127.3 40.50000 14 1.00000
127.4 40.50000 14 1.00000
127.5 40.50000 14 1.00000
127.6 40.50000 14 1.00000
127.7 40.50000 14 1.00000
127.8 40.50000 14 1.00000
127.9 40.50000 14 1.00000
128.0 40.50000 14 1.00000
128.1 40.50000 14 1.00000
128.2 40.50000 14 1.00000
128.3 40.50000 14 1.00000
128.4 40.50000 14 1.00000
128.5 40.50000 14 1.00000
128.6 40.50000 14 1.00000
128.7 40.50000 14 1.00000
128.8 40.50000 14 1.00000
128.9 40.50000 14 1.00000
129.0 40.50000 14 1.00000
129.1 40.50000 14 1.00000
129.2 40.50000 14 1.00000
129.3 40.50000 14 1.00000
129.4 40.50000 14 1.00000
129.5 40.50000 14 1.00000
129.6 40.50000 14 1.00000
129.7 40.50000 14 1.00000
129.8 40.50000 14 1.00000
129.9 40.50000 14 1.00000
130.0 40.50000 14 1.00000
130.1 40.50000 14 1.00000
130.2 40.50000 14 1.00000
130.3 40.50000 14 1.00000
130.4 40.50000 14 1.00000
130.5 40.50000 14 1.00000
130.6 40.50000 14 1.00000
130.7 40.50000 14 1.00000
130.8 40.50000 14 1.00000
130.9 40.50000 14 1.00000
131.0 40.50000 14 1.00000
131.1 40.50000 14 1.00000
131.2 40.50000 14 1.00000
131.3 40.50000 14 1.00000
131.4 40.50000 14 1.00000
131.5 40.50000 14 1.00000
131.6 40.50000 14 1.00000
131.7 40.50000 14 1.00000
131.8 40.50000 14 1.00000
131.9 40.50000 14 1.00000
132.0 40.50000 14 1.00000
132.1 40.50000 14 1.00000
132.2 40.50000 14 1.00000
132.3 40.50000 14 1.00000
132.4 40.50000 14 1.00000
132.5 40.50000 14 1.00000
132.6 40.50000 14 1.00000
132.7 40.50000 14 1.00000
132.8 40.50000 14 1.00000
132.9 40.50000 14 1.00000
133.0 40.50000 14 1.00000
133.1 40.50000 14 1.00000
133.2 40.50000 14 1.00000
133.3 40.50000 14 1.00000
133.4 40.50000 14 1.00000
133.5 40.50000 14 1.00000
133.6 40.50000 14 1.00000
133.7 40.50000 14 1.00000
133.8 40.50000 14 1.00000
133.9 40.50000 14 1.00000
134.0 40.50000 14 1.00000
134.1 40.50000 14 1.00000
134.2 40.50000 14 1.00000
134.3 40.50000 14 1.00000
134.4 40.50000 14 1.00000
134.5 40.50000 14 1.00000
134.6 40.50000 14 1.00000
134.7 40.50000 14 1.00000
134.8 40.50000 14 1.00000
134.9 40.50000 14 1.00000
135.0 40.50000 14 1.00000
135.1 40.50000 14 1.00000
135.2 40.50000 14 1.00000
135.3 40.50000 14 1.00000
135.4 40.50000 14 1.00000
135.5 40.50000 14 1.00000
135.6 40.50000 14 1.00000
135.7 40.50000 14 1.00000
135.8 40.50000 14 1.00000
135.9 40.50000 14 1.00000
136.0 40.50000 14 1.00000
136.1 40.50000 14 1.00000
136.2 40.50000 14 1.00000
136.3 40.50000 14 1.00000
136.4 40.50000 14 1.00000
136.5 40.50000 14 1.00000
136.6 40.50000 14 1.00000
136.7 40.50000 14 1.00000
136.8 40.50000 14 1.00000
136.9 40.50000 14 1.00000
137.0 40.50000 14 1.00000
137.1 40.50000 14 1.00000
137.2 40.50000 14 1.00000
137.3 40.50000 14 1.00000
137.4 40.50000 14 1.00000
137.5 40.50000 14 1.00000
137.6 40.50000 14 1.00000
137.7 40.50000 14 1.00000
137.8 40.50000 14 1.00000
137.9 40.50000 14 1.00000
138.0 40.50000 14 1.00000
138.1 40.50000 14 1.00000
138.2 40.50000 14 1.00000
138.3 40.50000 14 1.00000
138.4 40.50000 14 1.00000
138.5 40.50000 14 1.00000
138.6 40.50000 14 1.00000
138.7 40.50000 14 1.00000
138.8 40.50000 14 1.00000
138.9 40.50000 14 1.00000
139.0 40.50000 14 1.00000
139.1 40.50000 14 1.00000
139.2 40.50000 14 1.00000
139.3 40.50000 14 1.00000
139.4 40.50000 14 1.00000
139.5 40.50000 14 1.00000
139.6 40.50000 14 1.00000
139.7 40.50000 14 1.00000
139.8 40.50000 14 1.00000
139.9 40.50000 14 1.00000
140.0 40.50000 14 1.00000
140.1 40.50000 14 1.00000
140.2 40.50000 14 1.00000
140.3 40.50000 14 1.00000
140.4 40.50000 14 1.00000
140.5 40.50000 14 1.00000
140.6 40.50000 14 1.00000
140.7 40.50000 14 1.00000
140.8 40.50000 14 1.00000
140.9 40.50000 14 1.00000
141.0 40.50000 14 1.00000
141.1 40.50000 14 1.00000
141.2 40.50000 14 1.00000
141.3 40.50000 14 1.00000
141.4 40.50000 14 1.00000
141.5 40.50000 14 1.00000
141.6 40.50000 14 1.00000
141.7 40.50000 14 1.00000
141.8 40.50000 14 1.00000
141.9 40.50000 14 1.00000
142.0 40.50000 14 1.00000
142.1 40.50000 14 1.00000
142.2 40.50000 14 1.00000
142.3 40.50000 14 1.00000
142.4 40.50000 14 1.00000
142.5 40.50000 14 1.00000
142.6 40.50000 14 1.00000
142.7 40.50000 14 1.00000
142.8 40.50000 14 1.00000
142.9 40.50000 14 1.00000
143.0 40.50000 14 1.00000
143.1 40.50000 14 1.00000
143.2 40.50000 14 1.00000
143.3 40.50000 14 1.00000
143.4 40.50000 14 1.00000
143.5 40.50000 14 1.00000
143.6 40.50000 14 1.00000
143.7 40.50000 14 1.00000
143.8 40.50000 14 1.00000
143.9 40.50000 14 1.00000
144.0 40.50000 14 1.00000
144.1 40.50000 14 1.00000
144.2 40.50000 14 1.00000
144.3 40.50000 14 1.00000
144.4 40.50000 14 1.00000
144.5 40.50000 14 1.00000
144.6 40.50000 14 1.00000
144.7 40.50000 14 1.00000
144.8 40.50000 14 1.00000
144.9 40.50000 14 1.00000
145.0 40.50000 14 1.00000
145.1 40.50000 14 1.00000
145.2 40.50000 14 1.00000
145.3 40.50000 14 1.00000
145.4 40.50000 14 1.00000
145.5 40.50000 14 1.00000
145.6 40.50000 14 1.00000
145.7 40.50000 14 1.00000
145.8 40.50000 14 1.00000
145.9 40.50000 14 1.00000
146.0 40.50000 14 1.00000
146.1 40.50000 14 1.00000
146.2 40.50000 14 1.00000
146.3 40.50000 14 1.00000
146.4 40.50000 14 1.00000
146.5 40.50000 14 1.00000
146.6 40.50000 14 1.00000
146.7 40.50000 14 1.00000
146.8 40.50000 14 1.00000
146.9 40.50000 14 1.00000
147.0 40.50000 14 1.00000
147.1 40.50000 14 1.00000
147.2 40.50000 14 1.00000
147.3 40.50000 14 1.00000
147.4 40.50000 14 1.00000
147.5 40.50000 14 1.00000
147.6 40.50000 14 1.00000
147.7 40.50000 14 1.00000
147.8 40.50000 14 1.00000
147.9 40.50000 14 1.00000
148.0 40.50000 14 1.00000
148.1 40.50000 14 1.00000
148.2 40.50000 14 1.00000
148.3 40.50000 14 1.00000
148.4 40.50000 14 1.00000
148.5 40.50000 14 1.00000
148.6 40.50000 14 1.00000
148.7 40.50000 14 1.00000
148.8 40.50000 14 1.00000
148.9 40.50000 14 1.00000
149.0 40.50000 14 1.00000
149.1 40.50000 14 1.00000
149.2 40.50000 14 1.00000
149.3 40.50000 14 1.00000
149.4 40.50000 14 1.00000
149.5 40.50000 14 1.00000
149.6 40.50000 14 1.00000
149.7 40.50000 14 1.00000
149.8 40.50000 14 1.00000
149.9 40.50000 14 1.00000
150.0 40.50000 14 1.00000
150.1 40.50000 14 1.00000
150.2 40.50000 14 1.00000
150.3 40.50000 14 1.00000
150.4 40.50000 14 1.00000
150.5 40.50000 14 1.00000
150.6 40.50000 14 1.00000
150.7 40.50000 14 1.00000
150.8 40.50000 14 1.00000
150.9 40.50000 14 1.00000
151.0 40.50000 14 1.00000
151.1 40.50000 14 1.00000
151.2 40.50000 14 1.00000
151.3 40.50000 14 1.00000
151.4 40.50000 14 1.00000
151.5 40.50000 14 1.00000
151.6 40.50000 14 1.00000
151.7 40.50000 14 1.00000
151.8 40.50000 14 1.00000
151.9 40.50000 14 1.00000
152.0 40.50000 14 1.00000
152.1 40.50000 14 1.00000
152.2 40.50000 14 1.00000
152.3 40.50000 14 1.00000
152.4 40.50000 14 1.00000
152.5 40.50000 14 1.00000
152.6 40.50000 14 1.00000
152.7 40.50000 14 1.00000
152.8 40.50000 14 1.00000
152.9 40.50000 14 1.00000
153.0 40.50000 14 1.00000
153.1 40.50000 14 1.00000
153.2 40.50000 14 1.00000
153.3 40.50000 14 1.00000
153.4 40.50000 14 1.00000
153.5 40.50000 14 1.00000
153.6 40.50000 14 1.00000
153.7 40.50000 14 1.00000
153.8 40.50000 14 1.00000
153.9 40.50000 14 1.00000
154.0 40.50000 14 1.00000
154.1 40.50000 14 1.00000
154.2 40.50000 14 1.00000
154.3 40.50000 14 1.00000
154.4 40.50000 14 1.00000
154.5 40.50000 14 1.00000
154.6 40.50000 14 1.00000
154.7 40.50000 14 1.00000
154.8 40.50000 14 1.00000
154.9 40.50000 14 1.00000
155.0 40.50000 14 1.00000
155.1 40.50000 14 1.00000
155.2 40.50000 14 1.00000
155.3 40.50000 14 1.00000
155.4 40.50000 14 1.00000
155.5 40.50000 14 1.00000
155.6 40.50000 14 1.00000
155.7 40.50000 14 1.00000
155.8 40.50000 14 1.00000
155.9 40.50000 14 1.00000
156.0 40.50000 14 1.00000
156.1 40.50000 14 1.00000
156.2 40.50000 14 1.00000
156.3 40.50000 14 1.00000
156.4 40.50000 14 1.00000
156.5 40.50000 14 1.00000
156.6 40.50000 14 1.00000
156.7 40.50000 14 1.00000
156.8 40.50000 14 1.00000
156.9 40.50000 14 1.00000
157.0 40.50000 14 1.00000
157.1 40.50000 14 1.00000
157.2 40.50000 14 1.00000
157.3 40.50000 14 1.00000
157.4 40.50000 14 1.00000
157.5 40.50000 14 1.00000
157.6 40.50000 14 1.00000
157.7 40.50000 14 1.00000
157.8 40.50000 14 1.00000
157.9 40.50000 14 1.00000
158.0 40.50000 14 1.00000
158.1 40.50000 14 1.00000
158.2 40.50000 14 1.00000
158.3 40.50000 14 1.00000
158.4 40.50000 14 1.00000
158.5 40.50000 14 1.00000
158.6 40.50000 14 1.00000
158.7 40.50000 14 1.00000
158.8 40.50000 14 1.00000
158.9 40.50000 14 1.00000
159.0 40.50000 14 1.00000
159.1 40.50000 14 1.00000
159.2 40.50000 14 1.00000
159.3 40.50000 14 1.00000
159.4 40.50000 14 1.00000
159.5 40.50000 14 1.00000
159.6 40.50000 14 1.00000
159.7 40.50000 14 1.00000
159.8 40.50000 14 1.00000
159.9 40.50000 14 1.00000
160.0 40.50000 14 1.00000
160.1 40.50000 14 1.00000
160.2 40.50000 14 1.00000
160.3 40.50000 14 1.00000
160.4 40.50000 14 1.00000
160.5 40.50000 14 1.00000
160.6 40.50000 14 1.00000
160.7 40.50000 14 1.00000
160.8 40.50000 14 1.00000
160.9 40.50000 14 1.00000
161.0 40.50000 14 1.00000
161.1 40.50000 14 1.00000
161.2 40.50000 14 1.00000
161.3 40.50000 14 1.00000
161.4 40.50000 14 1.00000
161.5 40.50000 14 1.00000
161.6 40.50000 14 1.00000
161.7 40.50000 14 1.00000
161.8 40.50000 14 1.00000
161.9 40.50000 14 1.00000
162.0 40.50000 14 1.00000
162.1 40.50000 14 1.00000
162.2 40.50000 14 1.00000
162.3 40.50000 14 1.00000
162.4 40.50000 14 1.00000
162.5 40.50000 14 1.00000
162.6 40.50000 14 1.00000
162.7 40.50000 14 1.00000
162.8 40.50000 14 1.00000
162.9 40.50000 14 1.00000
163.0 40.50000 14 1.00000
163.1 40.50000 14 1.00000
163.2 40.50000 14 1.00000
163.3 40.50000 14 1.00000
163.4 40.50000 14 1.00000
163.5 40.50000 14 1.00000
163.6 40.50000 14 1.00000
163.7 40.50000 14 1.00000
163.8 40.50000 14 1.00000
163.9 40.50000 14 1.00000
164.0 40.50000 14 1.00000
164.1 40.50000 14 1.00000
164.2 40.50000 14 1.00000
164.3 40.50000 14 1.00000
164.4 40.50000 14 1.00000
164.5 40.50000 14 1.00000
164.6 40.50000 14 1.00000
164.7 40.50000 14 1.00000
164.8 40.50000 14 1.00000
164.9 40.50000 14 1.00000
165.0 40.50000 14 1.00000
165.1 40.50000 14 1.00000
165.2 40.50000 14 1.00000
165.3 40.50000 14 1.00000
165.4 40.50000 14 1.00000
165.5 40.50000 14 1.00000
165.6 40.50000 14 1.00000
165.7 40.50000 14 1.00000
165.8 40.50000 14 1.00000
165.9 40.50000 14 1.00000
166.0 40.50000 14 1.00000
166.1 40.50000 14 1.00000
166.2 40.50000 14 1.00000
166.3 40.50000 14 1.00000
166.4 40.50000 14 1.00000
166.5 40.50000 14 1.00000
166.6 40.50000 14 1.00000
166.7 40.50000 14 1.00000
166.8 40.50000 14 1.00000
166.9 40.50000 14 1.00000
167.0 40.50000 14 1.00000
167.1 40.50000 14 1.00000
167.2 40.50000 14 1.00000
167.3 40.50000 14 1.00000
167.4 40.50000 14 1.00000
167.5 40.50000 14 1.00000
167.6 40.50000 14 1.00000
167.7 40.50000 14 1.00000
167.8 40.50000 14 1.00000
167.9 40.50000 14 1.00000
168.0 40.50000 14 1.00000
168.1 40.50000 14 1.00000
168.2 40.50000 14 1.00000
168.3 40.50000 14 1.00000
168.4 40.50000 14 1.00000
168.5 40.50000 14 1.00000
168.6 40.50000 14 1.00000
168.7 40.50000 14 1.00000
168.8 40.50000 14 1.00000
168.9 40.50000 14 1.00000
169.0 40.50000 14 1.00000
169.1 40.50000 14 1.00000
169.2 40.50000 14 1.00000
169.3 40.50000 14 1.00000
169.4 40.50000 14 1.00000
169.5 40.50000 14 1.00000
169.6 40.50000 14 1.00000
169.7 40.50000 14 1.00000
169.8 40.50000 14 1.00000
169.9 40.50000 14 1.00000
170.0 40.50000 14 1.00000
170.1 40.50000 14 1.00000
170.2 40.50000 14 1.00000
170.3 40.50000 14 1.00000
170.4 40.50000 14 1.00000
170.5 40.50000 14 1.00000
170.6 40.50000 14 1.00000
170.7 40.50000 14 1.00000
170.8 40.50000 14 1.00000
170.9 40.50000 14 1.00000
171.0 40.50000 14 1.00000
171.1 40.50000 14 1.00000
171.2 40.50000 14 1.00000
171.3 40.50000 14 1.00000
171.4 40.50000 14 1.00000
171.5 40.50000 14 1.00000
171.6 40.50000 14 1.00000
171.7 40.50000 14 1.00000
171.8 40.50000 14 1.00000
171.9 40.50000 14 1.00000
172.0 40.50000 14 1.00000
172.1 40.50000 14 1.00000
172.2 40.50000 14 1.00000
172.3 40.50000 14 1.00000
172.4 40.50000 14 1.00000
172.5 40.50000 14 1.00000
172.6 40.50000 14 1.00000
172.7 40.50000 14 1.00000
172.8 40.50000 14 1.00000
172.9 40.50000 14 1.00000
173.0 40.50000 14 1.00000
173.1 40.50000 14 1.00000
173.2 40.50000 14 1.00000
173.3 40.50000 14 1.00000
173.4 40.50000 14 1.00000
173.5 40.50000 14 1.00000
173.6 40.50000 14 1.00000
173.7 40.50000 14 1.00000
173.8 40.50000 14 1.00000
173.9 40.50000 14 1.00000
174.0 40.50000 14 1.00000
174.1 40.50000 14 1.00000
174.2 40.50000 14 1.00000
174.3 40.50000 14 1.00000
174.4 40.50000 14 1.00000
174.5 40.50000 14 1.00000
174.6 40.50000 14 1.00000
174.7 40.50000 14 1.00000
174.8 40.50000 14 1.00000
174.9 40.50000 14 1.00000
175.0 40.50000 14 1.00000
175.1 40.50000 14 1.00000
175.2 40.50000 14 1.00000
175.3 40.50000 14 1.00000
175.4 40.50000 14 1.00000
175.5 40.50000 14 1.00000
175.6 40.50000 14 1.00000
175.7 40.50000 14 1.00000
175.8 40.50000 14 1.00000
175.9 40.50000 14 1.00000
176.0 40.50000 14 1.00000
176.1 40.50000 14 1.00000
176.2 40.50000 14 1.00000
176.3 40.50000 14 1.00000
176.4 40.50000 14 1.00000
176.5 40.50000 14 1.00000
176.6 40.50000 14 1.00000
176.7 40.50000 14 1.00000
176.8 40.50000 14 1.00000
176.9 40.50000 14 1.00000
177.0 40.50000 14 1.00000
177.1 40.50000 14 1.00000
177.2 40.50000 14 1.00000
177.3 40.50000 14 1.00000
177.4 40.50000 14 1.00000
177.5 40.50000 14 1.00000
177.6 40.50000 14 1.00000
177.7 40.50000 14 1.00000
177.8 40.50000 14 1.00000
177.9 40.50000 14 1.00000
178.0 40.50000 14 1.00000
178.1 40.50000 14 1.00000
178.2 40.50000 14 1.00000
178.3 40.50000 14 1.00000
178.4 40.50000 14 1.00000
178.5 40.50000 14 1.00000
178.6 40.50000 14 1.00000
178.7 40.50000 14 1.00000
178.8 40.50000 14 1.00000
178.9 40.50000 14 1.00000
179.0 40.50000 14 1.00000
179.1 40.50000 14 1.00000
179.2 40.50000 14 1.00000
179.3 40.50000 14 1.00000
179.4 40.50000 14 1.00000
179.5 40.50000 14 1.00000
179.6 40.50000 14 1.00000
179.7 40.50000 14 1.00000
179.8 40.50000 14 1.00000
179.9 40.50000 14 1.00000
180.0 40.50000 14 1.00000
180.1 40.50000 14 1.00000
180.2 40.50000 14 1.00000
180.3 40.50000 14 1.00000
180.4 40.50000 14 1.00000
180.5 40.50000 14 1.00000
180.6 40.50000 14 1.00000
180.7 40.50000 14 1.00000
180.8 40.50000 14 1.00000
180.9 40.50000 14 1.00000
181.0 40.50000 14 1.00000
181.1 40.50000 14 1.00000
181.2 40.50000 14 1.00000
181.3 40.50000 14 1.00000
181.4 40.50000 14 1.00000
181.5 40.50000 14 1.00000
181.6 40.50000 14 1.00000
181.7 40.50000 14 1.00000
181.8 40.50000 14 1.00000
181.9 40.50000 14 1.00000
182.0 40.50000 14 1.00000
182.1 40.50000 14 1.00000
182.2 40.50000 14 1.00000
182.3 40.50000 14 1.00000
182.4 40.50000 14 1.00000
182.5 40.50000 14 1.00000
182.6 40.50000 14 1.00000
182.7 40.50000 14 1.00000
182.8 40.50000 14 1.00000
182.9 40.50000 14 1.00000
183.0 40.50000 14 1.00000
183.1 40.50000 14 1.00000
183.2 40.50000 14 1.00000
183.3 40.50000 14 1.00000
183.4 40.50000 14 1.00000
183.5 40.50000 14 1.00000
183.6 40.50000 14 1.00000
183.7 40.50000 14 1.00000
183.8 40.50000 14 1.00000
183.9 40.50000 14 1.00000
184.0 40.50000 14 1.00000
184.1 40.50000 14 1.00000
184.2 40.50000 14 1.00000
184.3 40.50000 14 1.00000
184.4 40.50000 14 1.00000
184.5 40.50000 14 1.00000
184.6 40.50000 14 1.00000
184.7 40.50000 14 1.00000
184.8 40.50000 14 1.00000
184.9 40.50000 14 1.00000
185.0 40.50000 14 1.00000
185.1 40.50000 14 1.00000
185.2 40.50000 14 1.00000
185.3 40.50000 14 1.00000
185.4 40.50000 14 1.00000
185.5 40.50000 14 1.00000
185.6 40.50000 14 1.00000
185.7 40.50000 14 1.00000
185.8 40.50000 14 1.00000
185.9 40.50000 14 1.00000
186.0 40.50000 14 1.00000
186.1 40.50000 14 1.00000
186.2 40.50000 14 1.00000
186.3 40.50000 14 1.00000
186.4 40.50000 14 1.00000
186.5 40.50000 14 1.00000
186.6 40.50000 14 1.00000
186.7 40.50000 14 1.00000
186.8 40.50000 14 1.00000
186.9 40.50000 14 1.00000
187.0 40.50000 14 1.00000
187.1 40.50000 14 1.00000
187.2 40.50000 14 1.00000
187.3 40.50000 14 1.00000
187.4 40.50000 14 1.00000
187.5 40.50000 14 1.00000
187.6 40.50000 14 1.00000
187.7 40.50000 14 1.00000
187.8 40.50000 14 1.00000
187.9 40.50000 14 1.00000
188.0 40.50000 14 1.00000
188.1 40.50000 14 1.00000
188.2 40.50000 14 1.00000
188.3 40.50000 14 1.00000
188.4 40.50000 14 1.00000
188.5 40.50000 14 1.00000
188.6 40.50000 14 1.00000
188.7 40.50000 14 1.00000
188.8 40.50000 14 1.00000
188.9 40.50000 14 1.00000
189.0 40.50000 14 1.00000
189.1 40.50000 14 1.00000
189.2 40.50000 14 1.00000
189.3 40.50000 14 1.00000
189.4 40.50000 14 1.00000
189.5 40.50000 14 1.00000
189.6 40.50000 14 1.00000
189.7 40.50000 14 1.00000
189.8 40.50000 14 1.00000
189.9 40.50000 14 1.00000
190.0 40.50000 14 1.00000
190.1 40.50000 14 1.00000
190.2 40.50000 14 1.00000
190.3 40.50000 14 1.00000
190.4 40.50000 14 1.00000
190.5 40.50000 14 1.00000
190.6 40.50000 14 1.00000
190.7 40.50000 14 1.00000
190.8 40.50000 14 1.00000
190.9 40.50000 14 1.00000
191.0 40.50000 14 1.00000
191.1 40.50000 14 1.00000
191.2 40.50000 14 1.00000
191.3 40.50000 14 1.00000
191.4 40.50000 14 1.00000
191.5 40.50000 14 1.00000
191.6 40.50000 14 1.00000
191.7 40.50000 14 1.00000
191.8 40.50000 14 1.00000
191.9 40.50000 14 1.00000
192.0 40.50000 14 1.00000
192.1 40.50000 14 1.00000
192.2 40.50000 14 1.00000
192.3 40.50000 14 1.00000
192.4 40.50000 14 1.00000
192.5 40.50000 14 1.00000
192.6 40.50000 14 1.00000
192.7 40.50000 14 1.00000
192.8 40.50000 14 1.00000
192.9 40.50000 14 1.00000
193.0 40.50000 14 1.00000
193.1 40.50000 14 1.00000
193.2 40.50000 14 1.00000
193.3 40.50000 14 1.00000
193.4 40.50000 14 1.00000
193.5 40.50000 14 1.00000
193.6 40.50000 14 1.00000
193.7 40.50000 14 1.00000
193.8 40.50000 14 1.00000
193.9 40.50000 14 1.00000
194.0 40.50000 14 1.00000
194.1 40.50000 14 1.00000
194.2 40.50000 14 1.00000
194.3 40.50000 14 1.00000
194.4 40.50000 14 1.00000
194.5 40.50000 14 1.00000
194.6 40.50000 14 1.00000
194.7 40.50000 14 1.00000
194.8 40.50000 14 1.00000
194.9 40.50000 14 1.00000
195.0 40.50000 14 1.00000
195.1 40.50000 14 1.00000
195.2 40.50000 14 1.00000
195.3 40.50000 14 1.00000
195.4 40.50000 14 1.00000
195.5 40.50000 14 1.00000
195.6 40.50000 14 1.00000
195.7 40.50000 14 1.00000
195.8 40.50000 14 1.00000
195.9 40.50000 14 1.00000
196.0 40.50000 14 1.00000
196.1 40.50000 14 1.00000
196.2 40.50000 14 1.00000
196.3 40.50000 14 1.00000
196.4 40.50000 14 1.00000
196.5 40.50000 14 1.00000
196.6 40.50000 14 1.00000
196.7 40.50000 14 1.00000
196.8 40.50000 14 1.00000
196.9 40.50000 14 1.00000
197.0 40.50000 14 1.00000
197.1 40.50000 14 1.00000
197.2 40.50000 14 1.00000
197.3 40.50000 14 1.00000
197.4 40.50000 14 1.00000
197.5 40.50000 14 1.00000
197.6 40.50000 14 1.00000
197.7 40.50000 14 1.00000
197.8 40.50000 14 1.00000
197.9 40.50000 14 1.00000
198.0 40.50000 14 1.00000
198.1 40.50000 14 1.00000
198.2 40.50000 14 1.00000
198.3 40.50000 14 1.00000
198.4 40.50000 14 1.00000
198.5 40.50000 14 1.00000
198.6 40.50000 14 1.00000
198.7 40.50000 14 1.00000
198.8 40.50000 14 1.00000
198.9 40.50000 14 1.00000
199.0 40.50000 14 1.00000
199.1 40.50000 14 1.00000
199.2 40.50000 14 1.00000
199.3 40.50000 14 1.00000
199.4 40.50000 14 1.00000
199.5 40.50000 14 1.00000
199.6 40.50000 14 1.00000
199.7 40.50000 14 1.00000
199.8 40.50000 14 1.00000
199.9 40.50000 14 1.00000
200.0 40.50000 14 1.00000
200.1 40.50000 14 1.00000
200.2 40.50000 14 1.00000
200.3 40.50000 14 1.00000
200.4 40.50000 14 1.00000
200.5 40.50000 14 1.00000
200.6 40.50000 14 1.00000
200.7 40.50000 14 1.00000
200.8 40.50000 14 1.00000
200.9 40.50000 14 1.00000
201.0 40.50000 14 1.00000
201.1 40.50000 14 1.00000
201.2 40.50000 14 1.00000
201.3 40.50000 14 1.00000
201.4 40.50000 14 1.00000
201.5 40.50000 14 1.00000
201.6 40.50000 14 1.00000
201.7 40.50000 14 1.00000
201.8 40.50000 14 1.00000
201.9 40.50000 14 1.00000
202.0 40.50000 14 1.00000
202.1 40.50000 14 1.00000
202.2 40.50000 14 1.00000
202.3 40.50000 14 1.00000
202.4 40.50000 14 1.00000
202.5 40.50000 14 1.00000
202.6 40.50000 14 1.00000
202.7 40.50000 14 1.00000
202.8 40.50000 14 1.00000
202.9 40.50000 14 1.00000
203.0 40.50000 14 1.00000
203.1 40.50000 14 1.00000
203.2 40.50000 14 1.00000
203.3 40.50000 14 1.00000
203.4 40.50000 14 1.00000
203.5 40.50000 14 1.00000
203.6 40.50000 14 1.00000
203.7 40.50000 14 1.00000
203.8 40.50000 14 1.00000
203.9 40.50000 14 1.00000
204.0 40.50000 14 1.00000
204.1 40.50000 14 1.00000
204.2 40.50000 14 1.00000
204.3 40.50000 14 1.00000
204.4 40.50000 14 1.00000
204.5 40.50000 14 1.00000
204.6 40.50000 14 1.00000
204.7 40.50000 14 1.00000
204.8 40.50000 14 1.00000
204.9 40.50000 14 1.00000
205.0 40.50000 14 1.00000
205.1 40.50000 14 1.00000
205.2 40.50000 14 1.00000
205.3 40.50000 14 1.00000
205.4 40.50000 14 1.00000
205.5 40.50000 14 1.00000
205.6 40.50000 14 1.00000
205.7 40.50000 14 1.00000
205.8 40.50000 14 1.00000
205.9 40.50000 14 1.00000
206.0 40.50000 14 1.00000
206.1 40.50000 14 1.00000
206.2 40.50000 14 1.00000
206.3 40.50000 14 1.00000
206.4 40.50000 14 1.00000
206.5 40.50000 14 1.00000
206.6 40.50000 14 1.00000
206.7 40.50000 14 1.00000
206.8 40.50000 14 1.00000
206.9 40.50000 14 1.00000
207.0 40.50000 14 1.00000
207.1 40.50000 14 1.00000
207.2 40.50000 14 1.00000
207.3 40.50000 14 1.00000
207.4 40.50000 14 1.00000
207.5 40.50000 14 1.00000
207.6 40.50000 14 1.00000
207.7 40.50000 14 1.00000
207.8 40.50000 14 1.00000
207.9 40.50000 14 1.00000
208.0 40.50000 14 1.00000
208.1 40.50000 14 1.00000
208.2 40.50000 14 1.00000
208.3 40.50000 14 1.00000
208.4 40.50000 14 1.00000
208.5 40.50000 14 1.00000
208.6 40.50000 14 1.00000
208.7 40.50000 14 1.00000
208.8 40.50000 14 1.00000
208.9 40.50000 14 1.00000
209.0 40.50000 14 1.00000
209.1 40.50000 14 1.00000
209.2 40.50000 14 1.00000
209.3 40.50000 14 1.00000
209.4 40.50000 14 1.00000
209.5 40.50000 14 1.00000
209.6 40.50000 14 1.00000
209.7 40.50000 14 1.00000
209.8 40.50000 14 1.00000
209.9 40.50000 14 1.00000
210.0 40.50000 14 1.00000
210.1 40.50000 14 1.00000
210.2 40.50000 14 1.00000
210.3 40.50000 14 1.00000
210.4 40.50000 14 1.00000
210.5 40.50000 14 1.00000
210.6 40.50000 14 1.00000
210.7 40.50000 14 1.00000
210.8 40.50000 14 1.00000
210.9 40.50000 14 1.00000
211.0 40.50000 14 1.00000
211.1 40.50000 14 1.00000
211.2 40.50000 14 1.00000
211.3 40.50000 14 1.00000
211.4 40.50000 14 1.00000
211.5 40.50000 14 1.00000
211.6 40.50000 14 1.00000
211.7 40.50000 14 1.00000
211.8 40.50000 14 1.00000
211.9 40.50000 14 1.00000
212.0 40.50000 14 1.00000
212.1 40.50000 14 1.00000
212.2 40.50000 14 1.00000
212.3 40.50000 14 1.00000
212.4 40.50000 14 1.00000
212.5 40.50000 14 1.00000
212.6 40.50000 14 1.00000
212.7 40.50000 14 1.00000
212.8 40.50000 14 1.00000
212.9 40.50000 14 1.00000
213.0 40.50000 14 1.00000
213.1 40.50000 14 1.00000
213.2 40.50000 14 1.00000
213.3 40.50000 14 1.00000
213.4 40.50000 14 1.00000
213.5 40.50000 14 1.00000
213.6 40.50000 14 1.00000
213.7 40.50000 14 1.00000
213.8 40.50000 14 1.00000
213.9 40.50000 14 1.00000
214.0 40.50000 14 1.00000
214.1 40.50000 14 1.00000
214.2 40.50000 14 1.00000
214.3 40.50000 14 1.00000
214.4 40.50000 14 1.00000
214.5 40.50000 14 1.00000
214.6 40.50000 14 1.00000
214.7 40.50000 14 1.00000
214.8 40.50000 14 1.00000
214.9 40.50000 14 1.00000
215.0 40.50000 14 1.00000
215.1 40.50000 14 1.00000
215.2 40.50000 14 1.00000
215.3 40.50000 14 1.00000
215.4 40.50000 14 1.00000
215.5 40.50000 14 1.00000
215.6 40.50000 14 1.00000
215.7 40.50000 14 1.00000
215.8 40.50000 14 1.00000
215.9 40.50000 14 1.00000
216.0 40.50000 14 1.00000
216.1 40.50000 14 1.00000
216.2 40.50000 14 1.00000
216.3 40.50000 14 1.00000
216.4 40.50000 14 1.00000
216.5 40.50000 14 1.00000
216.6 40.50000 14 1.00000
216.7 40.50000 14 1.00000
216.8 40.50000 14 1.00000
216.9 40.50000 14 1.00000
217.0 40.50000 14 1.00000
217.1 40.50000 14 1.00000
217.2 40.50000 14 1.00000
217.3 40.50000 14 1.00000
217.4 40.50000 14 1.00000
217.5 40.50000 14 1.00000
217.6 40.50000 14 1.00000
217.7 40.50000 14 1.00000
217.8 40.50000 14 1.00000
217.9 40.50000 14 1.00000
218.0 40.50000 14 1.00000
218.1 40.50000 14 1.00000
218.2 40.50000 14 1.00000
218.3 40.50000 14 1.00000
218.4 40.50000 14 1.00000
218.5 40.50000 14 1.00000
218.6 40.50000 14 1.00000
218.7 40.50000 14 1.00000
218.8 40.50000 14 1.00000
218.9 40.50000 14 1.00000
219.0 40.50000 14 1.00000
219.1 40.50000 14 1.00000
219.2 40.50000 14 1.00000
219.3 40.50000 14 1.00000
219.4 40.50000 14 1.00000
219.5 40.50000 14 1.00000
219.6 40.50000 14 1.00000
219.7 40.50000 14 1.00000
219.8 40.50000 14 1.00000
219.9 40.50000 14 1.00000
220.0 40.50000 14 1.00000
220.1 40.50000 14 1.00000
220.2 40.50000 14 1.00000
220.3 40.50000 14 1.00000
220.4 40.50000 14 1.00000
220.5 40.50000 14 1.00000
220.6 40.50000 14 1.00000
220.7 40.50000 14 1.00000
220.8 40.50000 14 1.00000
220.9 40.50000 14 1.00000
221.0 40.50000 14 1.00000
221.1 40.50000 14 1.00000
221.2 40.50000 14 1.00000
221.3 40.50000 14 1.00000
221.4 40.50000 14 1.00000
221.5 40.50000 14 1.00000
221.6 40.50000 14 1.00000
221.7 40.50000 14 1.00000
221.8 40.50000 14 1.00000
221.9 40.50000 14 1.00000
222.0 40.50000 14 1.00000
222.1 40.50000 14 1.00000
222.2 40.50000 14 1.00000
222.3 40.50000 14 1.00000
222.4 40.50000 14 1.00000
222.5 40.50000 14 1.00000
222.6 40.50000 14 1.00000
222.7 40.50000 14 1.00000
222.8 40.50000 14 1.00000
222.9 40.50000 14 1.00000
223.0 40.50000 14 1.00000
223.1 40.50000 14 1.00000
223.2 40.50000 14 1.00000
223.3 40.50000 14 1.00000
223.4 40.50000 14 1.00000
223.5 40.50000 14 1.00000
223.6 40.50000 14 1.00000
223.7 40.50000 14 1.00000
223.8 40.50000 14 1.00000
223.9 40.50000 14 1.00000
224.0 40.50000 14 1.00000
224.1 40.50000 14 1.00000
224.2 40.50000 14 1.00000
224.3 40.50000 14 1.00000
224.4 40.50000 14 1.00000
224.5 40.50000 14 1.00000
224.6 40.50000 14 1.00000
224.7 40.50000 14 1.00000
224.8 40.50000 14 1.00000
224.9 40.50000 14 1.00000
225.0 40.50000 14 1.00000
225.1 40.50000 14 1.00000
225.2 40.50000 14 1.00000
225.3 40.50000 14 1.00000
225.4 40.50000 14 1.00000
225.5 40.50000 14 1.00000
225.6 40.50000 14 1.00000
225.7 40.50000 14 1.00000
225.8 40.50000 14 1.00000
225.9 40.50000 14 1.00000
226.0 40.50000 14 1.00000
226.1 40.50000 14 1.00000
226.2 40.50000 14 1.00000
226.3 40.50000 14 1.00000
226.4 40.50000 14 1.00000
226.5 40.50000 14 1.00000
226.6 40.50000 14 1.00000
226.7 40.50000 14 1.00000
226.8 40.50000 14 1.00000
226.9 40.50000 14 1.00000
227.0 40.50000 14 1.00000
227.1 40.50000 14 1.00000
227.2 40.50000 14 1.00000
227.3 40.50000 14 1.00000
227.4 40.50000 14 1.00000
227.5 40.50000 14 1.00000
227.6 40.50000 14 1.00000
227.7 40.50000 14 1.00000
227.8 40.50000 14 1.00000
227.9 40.50000 14 1.00000
228.0 40.50000 14 1.00000
228.1 40.50000 14 1.00000
228.2 40.50000 14 1.00000
228.3 40.50000 14 1.00000
228.4 40.50000 14 1.00000
228.5 40.50000 14 1.00000
228.6 40.50000 14 1.00000
228.7 40.50000 14 1.00000
228.8 40.50000 14 1.00000
228.9 40.50000 14 1.00000
229.0 40.50000 14 1.00000
229.1 40.50000 14 1.00000
229.2 40.50000 14 1.00000
229.3 40.50000 14 1.00000
229.4 40.50000 14 1.00000
229.5 40.50000 14 1.00000
229.6 40.50000 14 1.00000
229.7 40.50000 14 1.00000
229.8 40.50000 14 1.00000
229.9 40.50000 14 1.00000
230.0 40.50000 14 1.00000
230.1 40.50000 14 1.00000
230.2 40.50000 14 1.00000
230.3 40.50000 14 1.00000
230.4 40.50000 14 1.00000
230.5 40.50000 14 1.00000
230.6 40.50000 14 1.00000
230.7 40.50000 14 1.00000
230.8 40.50000 14 1.00000
230.9 40.50000 14 1.00000
231.0 40.50000 14 1.00000
231.1 40.50000 14 1.00000
231.2 40.50000 14 1.00000
231.3 40.50000 14 1.00000
231.4 40.50000 14 1.00000
231.5 40.50000 14 1.00000
231.6 40.50000 14 1.00000
231.7 40.50000 14 1.00000
231.8 40.50000 14 1.00000
231.9 40.50000 14 1.00000
232.0 40.50000 14 1.00000
232.1 40.50000 14 1.00000
232.2 40.50000 14 1.00000
232.3 40.50000 14 1.00000
232.4 40.50000 14 1.00000
232.5 40.50000 14 1.00000
232.6 40.50000 14 1.00000
232.7 40.50000 14 1.00000
232.8 40.50000 14 1.00000
232.9 40.50000 14 1.00000
233.0 40.50000 14 1.00000
233.1 40.50000 14 1.00000
233.2 40.50000 14 1.00000
233.3 40.50000 14 1.00000
233.4 40.50000 14 1.00000
233.5 40.50000 14 1.00000
233.6 40.50000 14 1.00000
233.7 40.50000 14 1.00000
233.8 40.50000 14 1.00000
233.9 40.50000 14 1.00000
234.0 40.50000 14 1.00000
234.1 40.50000 14 1.00000
234.2 40.50000 14 1.00000
234.3 40.50000 14 1.00000
234.4 40.50000 14 1.00000
234.5 40.50000 14 1.00000
234.6 40.50000 14 1.00000
234.7 40.50000 14 1.00000
234.8 40.50000 14 1.00000
234.9 40.50000 14 1.00000
235.0 40.50000 14 1.00000
235.1 40.50000 14 1.00000
235.2 40.50000 14 1.00000
235.3 40.50000 14 1.00000
235.4 40.50000 14 1.00000
235.5 40.50000 14 1.00000
235.6 40.50000 14 1.00000
235.7 40.50000 14 1.00000
235.8 40.50000 14 1.00000
235.9 40.50000 14 1.00000
236.0 40.50000 14 1.00000
236.1 40.50000 14 1.00000
236.2 40.50000 14 1.00000
236.3 40.50000 14 1.00000
236.4 40.50000 14 1.00000
236.5 40.50000 14 1.00000
236.6 40.50000 14 1.00000
236.7 40.50000 14 1.00000
236.8 40.50000 14 1.00000
236.9 40.50000 14 1.00000
237.0 40.50000 14 1.00000
237.1 40.50000 14 1.00000
237.2 40.50000 14 1.00000
237.3 40.50000 14 1.00000
237.4 40.50000 14 1.00000
237.5 40.50000 14 1.00000
237.6 40.50000 14 1.00000
237.7 40.50000 14 1.00000
237.8 40.50000 14 1.00000
237.9 40.50000 14 1.00000
238.0 40.50000 14 1.00000
238.1 40.50000 14 1.00000
238.2 40.50000 14 1.00000
238.3 40.50000 14 1.00000
238.4 40.50000 14 1.00000
238.5 40.50000 14 1.00000
238.6 40.50000 14 1.00000
238.7 40.50000 14 1.00000
238.8 40.50000 14 1.00000
238.9 40.50000 14 1.00000
239.0 40.50000 14 1.00000
239.1 40.50000 14 1.00000
239.2 40.50000 14 1.00000
239.3 40.50000 14 1.00000
239.4 40.50000 14 1.00000
239.5 40.50000 14 1.00000
239.6 40.50000 14 1.00000
239.7 40.50000 14 1.00000
239.8 0.00000 15 0.00000
239.9 0.00000 15 0.00000
240.0 40.50000 14 1.00000
240.1 40.50000 14 1.00000
240.2 40.50000 14 1.00000
240.3 0.00000 15 0.00000
240.4 0.00000 15 0.00000
240.5 0.00000 15 0.00000
240.6 0.00000 15 0.00000
240.7 0.00000 15 0.00000
240.8 0.00000 15 0.00000
240.9 0.00000 15 0.00000
241.0 0.00000 15 0.00000
241.1 0.00000 15 0.00000
241.2 0.00000 15 0.00000
241.3 0.00000 15 0.00000
241.4 0.00000 15 0.00000
241.5 0.00000 15 0.00000
241.6 0.00000 15 0.00000
241.7 0.00000 15 0.00000
241.8 0.00000 15 0.00000
241.9 0.00000 15 0.00000
242.0 0.00000 15 0.00000
242.1 0.00000 15 0.00000
242.2 0.00000 15 0.00000
242.3 0.00000 15 0.00000
242.4 0.00000 15 0.00000
242.5 0.00000 15 0.00000
242.6 0.00000 15 0.00000
242.7 0.00000 15 0.00000
242.8 0.00000 15 0.00000
242.9 0.00000 15 0.00000
243.0 0.00000 15 0.00000
243.1 0.00000 15 0.00000
243.2 0.00000 15 0.00000
243.3 0.00000 15 0.00000
243.4 0.00000 15 0.00000
243.5 0.00000 15 0.00000
243.6 0.00000 15 0.00000
243.7 0.00000 15 0.00000
243.8 0.00000 15 0.00000
243.9 0.00000 15 0.00000
244.0 0.00000 15 0.00000
244.1 0.00000 15 0.00000
244.2 0.00000 15 0.00000
244.3 0.00000 15 0.00000
244.4 0.00000 15 0.00000
244.5 0.00000 15 0.00000
244.6 0.00000 15 0.00000
244.7 0.00000 15 0.00000
244.8 0.00000 15 0.00000
244.9 0.00000 15 0.00000
245.0 0.00000 15 0.00000
245.1 0.00000 15 0.00000
245.2 0.00000 15 0.00000
245.3 0.00000 15 0.00000
245.4 0.00000 15 0.00000
245.5 0.00000 15 0.00000
245.6 0.00000 15 0.00000
245.7 0.00000 15 0.00000
245.8 0.00000 15 0.00000
245.9 0.00000 15 0.00000
246.0 0.00000 15 0.00000
246.1 0.00000 15 0.00000
246.2 0.00000 15 0.00000
246.3 0.00000 15 0.00000
246.4 0.00000 15 0.00000
246.5 0.00000 15 0.00000
246.6 0.00000 15 0.00000
246.7 0.00000 15 0.00000
246.8 0.00000 15 0.00000
246.9 0.00000 15 0.00000
247.0 0.00000 15 0.00000
247.1 0.00000 15 0.00000
247.2 0.00000 15 0.00000
247.3 0.00000 15 0.00000
247.4 0.00000 15 0.00000
247.5 0.00000 15 0.00000
247.6 0.00000 15 0.00000
247.7 0.00000 15 0.00000
247.8 0.00000 15 0.00000
247.9 0.00000 15 0.00000
248.0 0.00000 15 0.00000
248.1 0.00000 15 0.00000
248.2 0.00000 15 0.00000
248.3 0.00000 15 0.00000
248.4 0.00000 15 0.00000
248.5 0.00000 15 0.00000
248.6 0.00000 15 0.00000
248.7 0.00000 15 0.00000
248.8 0.00000 15 0.00000
248.9 0.00000 15 0.00000
249.0 0.00000 15 0.00000
249.1 0.00000 15 0.00000
249.2 0.00000 15 0.00000
249.3 0.00000 15 0.00000
249.4 0.00000 15 0.00000
249.5 0.00000 15 0.00000
249.6 0.00000 15 0.00000
249.7 0.00000 15 0.00000
249.8 0.00000 15 0.00000
249.9 0.00000 15 0.00000
250.0 0.00000 15 0.00000
