15.0 2.31355 13 0.10661
15.1 2.35776 13 0.11032
15.2 2.40239 13 0.11404
15.3 2.44743 13 0.11777
15.4 2.49288 13 0.12151
15.5 2.55170 14 0.12527
15.6 2.61399 14 0.12903
15.7 2.67876 14 0.13275
15.8 2.74343 14 0.13654
15.9 2.80926 14 0.14034
16.0 2.87626 14 0.14415
16.1 2.94445 14 0.14796
16.2 3.01383 14 0.15179
16.3 3.08443 14 0.15563
16.4 3.15626 14 0.15947
16.5 3.22931 14 0.16333
16.6 3.30362 14 0.16719
16.7 3.37918 14 0.17107
16.8 3.45601 14 0.17495
16.9 3.53412 14 0.17884
17.0 3.61352 14 0.18274
17.1 3.69422 14 0.18665
17.2 3.77624 14 0.19057
17.3 3.85958 14 0.19449
17.4 3.94426 14 0.19843
17.5 4.02184 14 0.20237
17.6 4.09509 14 0.20632
17.7 4.16914 14 0.21028
17.8 4.24398 14 0.21424
17.9 4.32328 14 0.21817
18.0 4.39984 14 0.22215
18.1 4.47719 14 0.22614
18.2 4.55533 14 0.23013
18.3 4.63427 14 0.23414
18.4 4.71400 14 0.23815
18.5 4.79453 14 0.24217
18.6 4.89405 14 0.24742
18.7 5.01598 14 0.25412
18.8 5.14003 14 0.26089
18.9 5.26623 14 0.26773
19.0 5.39460 14 0.27463
19.1 5.52517 14 0.28161
19.2 5.65795 14 0.28865
19.3 5.79298 14 0.29576
19.4 5.93027 14 0.30295
19.5 6.06986 14 0.31020
19.6 6.21177 14 0.31753
19.7 6.35602 14 0.32493
19.8 6.50263 14 0.33240
19.9 6.65165 14 0.33995
20.0 6.80308 14 0.34757
20.1 6.95697 14 0.35526
20.2 7.17295 14 0.36317
20.3 7.33106 14 0.37102
20.4 7.49170 14 0.37894
20.5 7.65489 14 0.38693
20.6 7.75950 14 0.39132
20.7 7.85338 14 0.39503
20.8 7.94802 14 0.39874
20.9 8.04338 14 0.40247
21.0 8.13945 14 0.40621
21.1 8.23625 14 0.40995
21.2 8.33378 14 0.41371
21.3 8.43195 14 0.41749
21.4 8.51826 14 0.42131
21.5 8.61758 14 0.42510
21.6 8.71765 14 0.42891
21.7 8.81928 14 0.43272
21.8 8.92097 14 0.43655
21.9 9.02341 14 0.44039
22.0 9.12640 14 0.44424
22.1 9.23017 14 0.44810
22.2 9.33466 14 0.45197
22.3 9.42571 14 0.45589
22.4 9.53159 14 0.45979
22.5 9.63805 14 0.46369
22.6 9.74633 14 0.46761
22.7 9.85446 14 0.47154
22.8 9.96327 14 0.47548
22.9 10.07283 14 0.47943
23.0 10.18315 14 0.48340
23.1 10.27803 14 0.48741
23.2 10.38958 14 0.49139
23.3 10.50189 14 0.49539
23.4 10.61555 14 0.49940
23.5 10.72997 14 0.50342
23.6 10.84461 14 0.50746
23.7 10.95977 14 0.51150
23.8 11.07579 14 0.51556
23.9 11.19257 14 0.51963
24.0 11.29204 14 0.52374
24.1 11.41013 14 0.52783
24.2 11.52895 14 0.53194
24.3 11.64971 14 0.53605
24.4 11.77005 14 0.54018
24.5 11.89115 14 0.54432
24.6 12.01303 14 0.54847
24.7 12.13569 14 0.55264
24.8 12.23875 14 0.55684
24.9 12.36266 14 0.56103
25.0 12.48695 14 0.56523
25.1 12.61217 14 0.56944
25.2 12.73994 14 0.57366
25.3 12.86689 14 0.57790
25.4 12.99462 14 0.58215
25.5 13.12302 14 0.58641
25.6 13.25216 14 0.59069
25.7 13.35887 14 0.59500
25.8 13.48915 14 0.59930
25.9 13.62021 14 0.60361
26.0 13.75205 14 0.60793
26.1 13.88673 14 0.61227
26.2 14.02022 14 0.61662
26.3 14.15445 14 0.62098
26.4 14.28902 14 0.62535
26.5 14.42455 14 0.62974
26.6 14.53521 14 0.63416
26.7 14.67207 14 0.63857
26.8 14.80970 14 0.64300
26.9 14.94809 14 0.64744
27.0 15.08956 14 0.65188
27.1 15.22928 14 0.65635
27.2 15.36984 14 0.66082
27.3 15.51116 14 0.66531
27.4 15.65323 14 0.66982
27.5 15.76724 14 0.67435
27.6 15.91066 14 0.67888
27.7 16.05469 14 0.68342
27.8 16.19950 14 0.68798
27.9 16.34756 14 0.69254
28.0 16.49384 14 0.69712
28.1 16.64090 14 0.70172
28.2 16.78873 14 0.70632
28.3 16.93732 14 0.71095
28.4 17.05425 14 0.71560
28.5 17.20397 14 0.72024
28.6 17.35449 14 0.72491
28.7 17.50576 14 0.72958
28.8 17.66042 14 0.73427
28.9 17.81317 14 0.73897
29.0 17.96669 14 0.74368
29.1 18.12092 14 0.74841
29.2 18.27580 14 0.75316
29.3 18.39514 14 0.75793
29.4 18.55127 14 0.76270
29.5 18.70817 14 0.76748
29.6 18.86542 14 0.77228
29.7 19.02717 14 0.77709
29.8 19.18629 14 0.78191
29.9 19.34607 14 0.78675
30.0 19.50654 14 0.79161
30.1 19.62723 14 0.79649
30.2 19.78891 14 0.80137
30.3 19.95125 14 0.80626
30.4 20.11443 14 0.81117
30.5 20.27833 14 0.81610
30.6 20.44651 14 0.82104
30.7 20.61179 14 0.82599
30.8 20.77768 14 0.83096
30.9 20.94430 14 0.83594
31.0 21.06619 14 0.84094
31.1 21.23401 14 0.84595
31.2 21.40255 14 0.85098
31.3 21.57185 14 0.85602
31.4 21.74187 14 0.86107
31.5 21.91511 14 0.86614
31.6 22.08816 14 0.87122
31.7 22.26005 14 0.87632
31.8 22.43268 14 0.88143
31.9 22.60606 14 0.88656
32.0 22.72882 14 0.89171
32.1 22.90335 14 0.89687
32.2 23.07859 14 0.90204
32.3 23.25440 14 0.90723
32.4 23.43081 14 0.91243
32.5 23.61388 14 0.91765
32.6 23.79139 14 0.92288
32.7 23.96986 14 0.92813
32.8 24.14903 14 0.93339
32.9 24.27128 14 0.93867
33.0 24.45162 14 0.94396
33.1 24.63251 14 0.94927
33.2 24.81395 14 0.95460
33.3 24.99606 14 0.95994
33.4 25.18535 14 0.96529
33.5 25.36932 14 0.97066
33.6 25.55401 14 0.97605
33.7 25.73851 14 0.98145
33.8 25.85906 14 0.98687
33.9 26.04487 14 0.99230
34.0 26.23111 14 0.99775
34.1 26.33755 14 1.00000
34.2 26.38727 14 1.00000
34.3 26.43707 14 1.00000
34.4 26.49327 14 1.00000
34.5 26.54262 14 1.00000
34.6 26.59170 14 1.00000
34.7 26.56990 14 1.00000
34.8 26.61837 14 1.00000
34.9 26.66518 14 1.00000
35.0 26.71220 14 1.00000
35.1 26.63094 14 1.00000
35.2 26.67793 14 1.00000
35.3 26.72951 14 1.00000
35.4 26.77905 14 1.00000
35.5 26.68438 14 1.00000
35.6 26.73077 14 1.00000
35.7 26.70122 14 1.00000
35.8 26.74709 14 1.00000
35.9 26.79261 14 1.00000
36.0 26.69493 14 1.00000
36.1 26.73935 14 1.00000
36.2 26.78335 14 1.00000
36.3 26.83632 14 1.00000
36.4 26.88066 14 1.00000
36.5 25.91517 14 1.00000
36.6 24.49480 14 1.00000
36.7 21.87462 14 1.00000
36.8 20.55792 14 1.00000
36.9 17.96767 14 1.00000
37.0 16.66977 14 1.00000
37.1 14.10597 14 1.00000
37.2 13.78083 14 1.00000
37.3 13.78612 14 1.00000
37.4 13.74942 14 1.00000
37.5 13.64496 14 1.00000
37.6 13.64169 14 1.00000
37.7 13.60423 14 1.00000
37.8 13.51985 14 1.00000
37.9 13.53962 14 1.00000
38.0 13.48579 14 1.00000
38.1 13.43806 14 1.00000
38.2 13.39585 14 1.00000
38.3 13.36189 14 1.00000
38.4 13.31687 14 1.00000
38.5 13.30278 14 1.00000
38.6 13.30451 14 1.00000
38.7 13.25937 14 1.00000
38.8 13.06497 14 0.99348
38.9 13.13067 14 0.99659
39.0 13.18550 14 0.99918
39.1 13.23083 14 1.00000
39.2 13.26367 14 1.00000
39.3 13.29677 14 1.00000
39.4 13.32962 14 1.00000
39.5 13.35555 14 1.00000
39.6 13.38883 14 1.00000
39.7 13.42199 14 1.00000
39.8 13.45490 14 1.00000
39.9 13.47981 14 1.00000
40.0 13.51380 14 1.00000
40.1 13.54683 14 1.00000
40.2 13.56806 14 1.00000
40.3 13.60357 14 1.00000
40.4 13.51913 14 1.00000
40.5 13.58060 14 1.00000
40.6 13.55287 14 1.00000
40.7 13.59657 14 1.00000
40.8 13.61121 14 1.00000
40.9 13.62518 14 1.00000
41.0 13.51379 14 1.00000
41.1 13.54464 14 1.00000
41.2 13.57450 14 1.00000
41.3 13.60402 14 1.00000
41.4 13.64007 14 1.00000
41.5 13.68363 14 1.00000
41.6 13.82847 14 1.00000
41.7 13.86257 14 1.00000
41.8 13.89824 14 1.00000
41.9 13.92863 14 1.00000
42.0 13.96021 14 1.00000
42.1 13.99143 14 1.00000
42.2 14.02245 14 1.00000
42.3 14.05307 14 1.00000
42.4 14.08283 14 1.00000
42.5 14.11589 14 1.00000
42.6 14.15973 14 1.00000
42.7 14.20359 14 1.00000
42.8 14.34551 14 1.00000
42.9 14.38090 14 1.00000
43.0 14.41647 14 1.00000
43.1 14.44737 14 1.00000
43.2 14.47923 14 1.00000
43.3 14.51098 14 1.00000
43.4 14.54220 14 1.00000
43.5 14.57311 14 1.00000
43.6 14.60312 14 1.00000
43.7 14.63866 14 1.00000
43.8 14.68280 14 1.00000
43.9 14.72695 14 1.00000
44.0 14.79138 14 1.00000
44.1 14.90830 14 1.00000
44.2 14.94328 14 1.00000
44.3 14.97715 14 1.00000
44.4 15.00944 14 1.00000
44.5 15.04164 14 1.00000
44.6 15.07341 14 1.00000
44.7 15.10497 14 1.00000
44.8 15.13551 14 1.00000
44.9 15.16620 14 1.00000
45.0 15.20910 14 1.00000
45.1 15.25354 14 1.00000
45.2 15.31101 14 1.00000
45.3 15.37648 14 1.00000
45.4 15.43447 14 1.00000
45.5 15.51549 14 1.00000
45.6 15.55089 14 1.00000
45.7 15.58315 14 1.00000
45.8 15.61588 14 1.00000
45.9 15.64816 14 1.00000
46.0 15.67979 14 1.00000
46.1 15.71089 14 1.00000
46.2 15.74180 14 1.00000
46.3 15.78315 14 1.00000
46.4 15.85327 14 1.00000
46.5 15.91270 14 1.00000
46.6 15.96555 14 1.00000
46.7 16.01291 14 1.00000
46.8 16.10004 14 1.00000
46.9 16.13732 14 1.00000
47.0 16.16912 14 1.00000
47.1 16.20230 14 1.00000
47.2 16.23527 14 1.00000
47.3 16.26775 14 1.00000
47.4 16.29951 14 1.00000
47.5 16.33079 14 1.00000
47.6 16.36214 14 1.00000
47.7 16.40561 14 1.00000
47.8 16.47930 14 1.00000
47.9 16.53861 14 1.00000
48.0 16.59175 14 1.00000
48.1 16.63971 14 1.00000
48.2 16.68368 14 1.00000
48.3 16.76742 14 1.00000
48.4 16.80098 14 1.00000
48.5 16.83418 14 1.00000
48.6 16.86744 14 1.00000
48.7 16.90024 14 1.00000
48.8 16.93251 14 1.00000
48.9 16.96455 14 1.00000
49.0 16.99535 14 1.00000
49.1 17.03095 14 1.00000
49.2 17.07907 14 1.00000
49.3 17.15646 14 1.00000
49.4 17.21416 14 1.00000
49.5 17.26624 14 1.00000
49.6 17.31340 14 1.00000
49.7 17.35862 14 1.00000
49.8 17.40335 14 1.00000
49.9 17.49125 14 1.00000
50.0 17.53500 14 1.00000
50.1 17.57248 14 1.00000
50.2 17.62013 14 1.00000
50.3 17.65309 14 1.00000
50.4 17.70268 14 1.00000
50.5 17.73694 14 1.00000
50.6 17.78883 14 1.00000
50.7 17.82119 14 1.00000
50.8 17.87506 14 1.00000
50.9 17.90511 14 1.00000
51.0 17.96151 14 1.00000
51.1 17.98691 14 1.00000
51.2 18.04592 14 1.00000
51.3 18.10536 14 1.00000
51.4 18.13239 14 1.00000
51.5 18.19059 14 1.00000
51.6 18.21258 14 1.00000
51.7 18.27588 14 1.00000
51.8 18.33810 14 1.00000
51.9 18.36013 14 1.00000
52.0 18.42141 14 1.00000
52.1 18.48419 14 1.00000
52.2 18.50384 14 1.00000
52.3 18.56810 14 1.00000
52.4 18.57867 14 1.00000
52.5 18.64816 14 1.00000
52.6 18.71386 14 1.00000
52.7 18.71785 14 1.00000
52.8 18.79032 14 1.00000
52.9 18.85488 14 1.00000
53.0 18.85505 14 1.00000
53.1 18.93220 14 1.00000
53.2 18.94356 14 1.00000
53.3 18.99152 14 1.00000
53.4 19.07097 14 1.00000
53.5 19.08089 14 1.00000
53.6 19.12816 14 1.00000
53.7 19.16024 14 1.00000
53.8 19.21800 14 1.00000
53.9 19.26558 14 1.00000
54.0 19.30014 14 1.00000
54.1 19.40569 14 1.00000
54.2 19.40367 14 1.00000
54.3 19.44122 14 1.00000
54.4 19.44083 14 1.00000
54.5 19.54088 14 1.00000
54.6 19.58363 14 1.00000
54.7 19.60835 14 1.00000
54.8 19.60889 14 1.00000
54.9 19.72458 14 1.00000
55.0 19.76090 14 1.00000
55.1 19.76163 14 1.00000
55.2 19.79078 14 1.00000
55.3 19.90654 14 1.00000
55.4 19.93956 14 1.00000
55.5 19.94135 14 1.00000
55.6 19.97751 14 1.00000
55.7 20.02828 14 1.00000
55.8 20.12322 14 1.00000
55.9 20.12432 14 1.00000
56.0 20.15969 14 1.00000
56.1 20.23526 14 1.00000
56.2 20.31297 14 1.00000
56.3 20.31485 14 1.00000
56.4 20.34105 14 1.00000
56.5 20.40931 14 1.00000
56.6 20.48255 14 1.00000
56.7 20.53364 14 1.00000
56.8 20.53343 14 1.00000
56.9 20.57589 14 1.00000
57.0 20.65064 14 1.00000
57.1 20.72308 14 1.00000
57.2 20.75839 14 1.00000
57.3 20.75875 14 1.00000
57.4 20.80777 14 1.00000
57.5 20.88268 14 1.00000
57.6 20.95578 14 1.00000
57.7 20.93944 14 1.00000
57.8 20.99281 14 1.00000
57.9 21.03301 14 1.00000
58.0 21.10607 14 1.00000
58.1 21.18074 14 1.00000
58.2 21.25207 14 1.00000
58.3 21.23948 14 1.00000
58.4 21.26297 14 1.00000
58.5 21.32043 14 1.00000
58.6 21.39614 14 1.00000
58.7 21.46727 14 1.00000
58.8 21.53727 14 1.00000
58.9 21.51633 14 1.00000
59.0 21.54066 14 1.00000
59.1 21.59619 14 1.00000
59.2 21.67324 14 1.00000
59.3 21.74368 14 1.00000
59.4 21.81220 14 1.00000
59.5 21.86894 14 1.00000
59.6 21.82567 14 1.00000
59.7 21.86487 14 1.00000
59.8 21.93629 14 1.00000
59.9 22.00724 14 1.00000
60.0 22.07685 14 1.00000
60.1 22.14480 14 1.00000
60.2 22.14961 14 1.00000
60.3 22.14992 14 1.00000
60.4 22.19013 14 1.00000
60.5 22.25830 14 1.00000
60.6 22.32744 14 1.00000
60.7 22.39821 14 1.00000
60.8 22.46638 14 1.00000
60.9 22.53292 14 1.00000
61.0 22.49366 14 1.00000
61.1 22.51646 14 1.00000
61.2 22.56417 14 1.00000
61.3 22.63585 14 1.00000
61.4 22.70587 14 1.00000
61.5 22.77397 14 1.00000
61.6 22.84019 14 1.00000
61.7 22.89777 14 1.00000
61.8 22.89747 14 1.00000
61.9 22.89712 14 1.00000
62.0 22.93609 14 1.00000
62.1 22.99126 14 1.00000
62.2 23.06378 14 1.00000
62.3 23.13206 14 1.00000
62.4 23.20068 14 1.00000
62.5 23.26618 14 1.00000
62.6 23.28604 14 1.00000
62.7 23.32397 14 1.00000
62.8 23.32574 14 1.00000
62.9 23.35724 14 1.00000
63.0 23.40361 14 1.00000
63.1 23.46878 14 1.00000
63.2 23.53932 14 1.00000
63.3 23.60493 14 1.00000
63.4 23.67313 14 1.00000
63.5 23.72089 14 1.00000
63.6 23.76767 14 1.00000
63.7 23.80323 14 1.00000
63.8 23.80369 14 1.00000
63.9 23.82802 14 1.00000
64.0 23.87295 14 1.00000
64.1 23.92069 14 1.00000
64.2 23.98815 14 1.00000
64.3 24.05875 14 1.00000
64.4 24.12485 14 1.00000
64.5 24.19334 14 1.00000
64.6 24.24296 14 1.00000
64.7 24.28978 14 1.00000
64.8 24.33047 14 1.00000
64.9 24.36265 14 1.00000
65.0 24.36646 14 1.00000
65.1 24.39219 14 1.00000
65.2 24.43742 14 1.00000
65.3 24.48413 14 1.00000
65.4 24.54118 14 1.00000
65.5 24.61317 14 1.00000
65.6 24.75969 14 1.00000
65.7 24.82201 14 1.00000
65.8 24.88743 14 1.00000
65.9 24.85319 14 1.00000
66.0 24.90348 14 1.00000
66.1 24.94241 14 1.00000
66.2 24.98820 14 1.00000
66.3 25.01897 14 1.00000
66.4 25.01894 14 1.00000
66.5 25.05111 14 1.00000
66.6 25.09800 14 1.00000
66.7 25.14532 14 1.00000
66.8 25.28576 14 1.00000
66.9 25.34715 14 1.00000
67.0 25.40677 14 1.00000
67.1 25.46300 14 1.00000
67.2 25.52711 14 1.00000
67.3 25.58873 14 1.00000
67.4 25.64543 14 1.00000
67.5 25.61328 14 1.00000
67.6 25.66185 14 1.00000
67.7 25.70403 14 1.00000
67.8 25.74629 14 1.00000
67.9 25.78087 14 1.00000
68.0 25.83340 14 1.00000
68.1 25.84570 14 1.00000
68.2 25.89100 14 1.00000
68.3 25.95610 14 1.00000
68.4 26.01756 14 1.00000
68.5 26.07904 14 1.00000
68.6 26.14003 14 1.00000
68.7 26.19875 14 1.00000
68.8 26.25753 14 1.00000
68.9 26.31743 14 1.00000
69.0 26.37807 14 1.00000
69.1 26.43682 14 1.00000
69.2 26.49408 14 1.00000
69.3 26.56083 14 1.00000
69.4 26.54980 14 1.00000
69.5 26.48570 14 1.00000
69.6 26.52125 14 1.00000
69.7 26.56857 14 1.00000
69.8 26.61592 14 1.00000
69.9 26.66209 14 1.00000
70.0 26.70701 14 1.00000
70.1 26.75196 14 1.00000
70.2 26.81278 14 1.00000
70.3 26.88019 14 1.00000
70.4 26.94666 14 1.00000
70.5 27.00661 14 1.00000
70.6 27.06731 14 1.00000
70.7 27.12570 14 1.00000
70.8 27.18653 14 1.00000
70.9 27.24426 14 1.00000
71.0 27.21469 14 1.00000
71.1 27.29841 14 1.00000
71.2 27.33830 14 1.00000
71.3 27.39020 14 1.00000
71.4 27.43392 14 1.00000
71.5 27.46921 14 1.00000
71.6 27.50158 14 1.00000
71.7 27.50062 14 1.00000
71.8 27.52883 14 1.00000
71.9 27.57092 14 1.00000
72.0 27.61630 14 1.00000
72.1 27.66170 14 1.00000
72.2 27.70711 14 1.00000
72.3 27.75256 14 1.00000
72.4 27.80537 14 1.00000
72.5 27.87046 14 1.00000
72.6 27.93508 14 1.00000
72.7 27.99803 14 1.00000
72.8 28.04993 14 1.00000
72.9 28.02736 14 1.00000
73.0 28.17116 14 1.00000
73.1 28.27399 14 1.00000
73.2 28.33759 14 1.00000
73.3 28.39257 14 1.00000
73.4 28.45240 14 1.00000
73.5 28.40154 14 1.00000
73.6 28.45059 14 1.00000
73.7 28.50414 14 1.00000
73.8 28.55136 14 1.00000
73.9 28.59744 14 1.00000
74.0 28.64424 14 1.00000
74.1 28.68605 14 1.00000
74.2 28.72241 14 1.00000
74.3 28.77251 14 1.00000
74.4 28.80525 14 1.00000
74.5 28.85145 14 1.00000
74.6 28.91861 14 1.00000
74.7 28.97176 14 1.00000
74.8 28.97104 14 1.00000
74.9 28.94842 14 1.00000
75.0 28.99723 14 1.00000
75.1 29.05168 14 1.00000
75.2 29.11295 14 1.00000
75.3 29.17359 14 1.00000
75.4 29.23310 14 1.00000
75.5 29.29247 14 1.00000
75.6 29.34446 14 1.00000
75.7 29.40342 14 1.00000
75.8 29.45623 14 1.00000
75.9 29.51622 14 1.00000
76.0 29.56708 14 1.00000
76.1 29.61666 14 1.00000
76.2 29.67622 14 1.00000
76.3 29.73205 14 1.00000
76.4 29.78707 14 1.00000
76.5 29.84019 14 1.00000
76.6 29.89388 14 1.00000
76.7 29.94666 14 1.00000
76.8 30.00006 14 1.00000
76.9 30.05311 14 1.00000
77.0 30.10804 14 1.00000
77.1 30.15995 14 1.00000
77.2 30.21044 14 1.00000
77.3 30.26239 14 1.00000
77.4 30.31550 14 1.00000
77.5 30.32016 14 1.00000
77.6 30.28309 14 1.00000
77.7 30.31998 14 1.00000
77.8 30.42976 14 1.00000
77.9 30.47758 14 1.00000
78.0 30.52437 14 1.00000
78.1 30.56920 14 1.00000
78.2 30.61266 14 1.00000
78.3 30.65325 14 1.00000
78.4 30.70211 14 1.00000
78.5 30.75092 14 1.00000
78.6 30.79853 14 1.00000
78.7 30.84103 14 1.00000
78.8 30.88194 14 1.00000
78.9 30.92080 14 1.00000
79.0 30.94937 14 1.00000
79.1 30.99379 14 1.00000
79.2 31.03775 14 1.00000
79.3 31.08109 14 1.00000
79.4 31.18843 14 1.00000
79.5 31.24428 14 1.00000
79.6 31.16180 14 1.00000
79.7 31.20355 14 1.00000
79.8 31.24920 14 1.00000
79.9 31.29501 14 1.00000
80.0 31.33973 14 1.00000
80.1 31.38575 14 1.00000
80.2 31.43197 14 1.00000
80.3 31.47931 14 1.00000
80.4 31.52669 14 1.00000
80.5 31.57407 14 1.00000
80.6 31.62147 14 1.00000
80.7 31.66893 14 1.00000
80.8 31.71639 14 1.00000
80.9 31.76387 14 1.00000
81.0 31.81363 14 1.00000
81.1 31.86378 14 1.00000
81.2 31.91369 14 1.00000
81.3 31.96354 14 1.00000
81.4 32.01572 14 1.00000
81.5 32.06832 14 1.00000
81.6 32.12073 14 1.00000
81.7 32.17295 14 1.00000
81.8 32.22532 14 1.00000
81.9 32.27716 14 1.00000
82.0 32.32928 14 1.00000
82.1 32.38108 14 1.00000
82.2 32.43218 14 1.00000
82.3 32.48292 14 1.00000
82.4 32.53379 14 1.00000
82.5 32.58416 14 1.00000
82.6 32.63433 14 1.00000
82.7 32.68465 14 1.00000
82.8 32.73483 14 1.00000
82.9 32.78450 14 1.00000
83.0 32.83432 14 1.00000
83.1 32.88348 14 1.00000
83.2 32.93348 14 1.00000
83.3 32.98285 14 1.00000
83.4 33.03176 14 1.00000
83.5 33.08074 14 1.00000
83.6 33.12967 14 1.00000
83.7 33.17833 14 1.00000
83.8 33.22666 14 1.00000
83.9 33.27531 14 1.00000
84.0 33.32350 14 1.00000
84.1 33.37182 14 1.00000
84.2 33.41978 14 1.00000
84.3 33.46798 14 1.00000
84.4 33.51444 14 1.00000
84.5 33.53437 14 1.00000
84.6 33.54406 14 1.00000
84.7 33.67467 14 1.00000
84.8 33.78716 14 1.00000
84.9 33.77378 14 1.00000
85.0 33.81719 14 1.00000
85.1 33.86200 14 1.00000
85.2 33.91607 14 1.00000
85.3 33.96836 14 1.00000
85.4 34.01640 14 1.00000
85.5 34.06459 14 1.00000
85.6 34.11264 14 1.00000
85.7 34.16073 14 1.00000
85.8 34.20814 14 1.00000
85.9 34.25401 14 1.00000
86.0 34.30017 14 1.00000
86.1 34.34570 14 1.00000
86.2 34.39102 14 1.00000
86.3 34.43661 14 1.00000
86.4 34.48153 14 1.00000
86.5 34.52645 14 1.00000
86.6 34.57022 14 1.00000
86.7 34.61393 14 1.00000
86.8 34.65754 14 1.00000
86.9 34.66145 14 1.00000
87.0 34.86708 14 1.00000
87.1 34.82224 14 1.00000
87.2 34.86458 14 1.00000
87.3 34.90691 14 1.00000
87.4 34.94881 14 1.00000
87.5 34.99305 14 1.00000
87.6 35.03672 14 1.00000
87.7 35.08067 14 1.00000
87.8 35.12400 14 1.00000
87.9 35.16715 14 1.00000
88.0 35.21123 14 1.00000
88.1 35.25803 14 1.00000
88.2 35.30486 14 1.00000
88.3 35.35130 14 1.00000
88.4 35.39780 14 1.00000
88.5 35.45222 14 1.00000
88.6 35.51715 14 1.00000
88.7 35.63725 14 1.00000
88.8 35.73208 14 1.00000
88.9 35.82798 14 1.00000
89.0 35.69988 14 1.00000
89.1 35.76900 14 1.00000
89.2 35.83467 14 1.00000
89.3 35.89917 14 1.00000
89.4 35.96327 14 1.00000
89.5 36.02763 14 1.00000
89.6 36.08564 14 1.00000
89.7 36.12955 14 1.00000
89.8 36.19964 14 1.00000
89.9 36.26027 14 1.00000
90.0 36.31215 14 1.00000
90.1 36.35281 14 1.00000
90.2 36.41653 14 1.00000
90.3 36.47800 14 1.00000
90.4 36.53073 14 1.00000
90.5 36.58012 14 1.00000
90.6 36.63190 14 1.00000
90.7 36.69229 14 1.00000
90.8 36.74598 14 1.00000
90.9 36.79338 14 1.00000
91.0 36.83597 14 1.00000
91.1 36.90079 14 1.00000
91.2 36.95984 14 1.00000
91.3 37.03936 14 1.00000
91.4 37.08612 14 1.00000
91.5 37.19946 14 1.00000
91.6 37.08643 14 1.00000
91.7 37.22347 14 1.00000
91.8 37.28673 14 1.00000
91.9 37.34266 14 1.00000
92.0 37.38951 14 1.00000
92.1 37.43947 14 1.00000
92.2 37.47783 14 1.00000
92.3 37.53457 14 1.00000
92.4 37.58744 14 1.00000
92.5 37.63797 14 1.00000
92.6 37.68575 14 1.00000
92.7 37.72948 14 1.00000
92.8 37.79424 14 1.00000
92.9 37.84663 14 1.00000
93.0 37.87600 14 1.00000
93.1 37.86639 14 1.00000
93.2 37.99995 14 1.00000
93.3 38.04160 14 1.00000
93.4 38.07755 14 1.00000
93.5 38.14327 14 1.00000
93.6 38.18607 14 1.00000
93.7 38.23217 14 1.00000
93.8 38.28484 14 1.00000
93.9 38.39774 14 1.00000
94.0 38.37511 14 1.00000
94.1 38.50862 14 1.00000
94.2 38.54741 14 1.00000
94.3 38.60642 14 1.00000
94.4 38.63088 14 1.00000
94.5 38.69493 14 1.00000
94.6 38.73781 14 1.00000
94.7 38.78024 14 1.00000
94.8 38.83611 14 1.00000
94.9 38.86757 14 1.00000
95.0 38.92028 14 1.00000
95.1 38.96969 14 1.00000
95.2 38.99434 14 1.00000
95.3 39.06029 14 1.00000
95.4 39.10057 14 1.00000
95.5 39.14440 14 1.00000
95.6 39.19425 14 1.00000
95.7 39.22956 14 1.00000
95.8 39.28459 14 1.00000
95.9 39.31940 14 1.00000
96.0 39.37077 14 1.00000
96.1 39.41381 14 1.00000
96.2 39.44293 14 1.00000
96.3 39.50581 14 1.00000
96.4 39.54460 14 1.00000
96.5 39.57336 14 1.00000
96.6 39.63026 14 1.00000
96.7 39.67881 14 1.00000
96.8 39.71835 14 1.00000
96.9 39.75649 14 1.00000
97.0 39.79425 14 1.00000
97.1 39.83154 14 1.00000
97.2 39.86795 14 1.00000
97.3 39.90448 14 1.00000
97.4 39.97234 14 1.00000
97.5 40.05325 14 1.00000
97.6 40.13131 14 1.00000
97.7 40.19767 14 1.00000
97.8 40.26197 14 1.00000
97.9 40.33136 14 1.00000
98.0 40.41885 14 1.00000
98.1 40.50000 14 1.00000
98.2 40.47667 14 1.00000
98.3 40.50000 14 1.00000
98.4 40.50000 14 1.00000
98.5 40.50000 14 1.00000
98.6 40.50000 14 1.00000
98.7 40.50000 14 1.00000
98.8 40.50000 14 1.00000
98.9 40.50000 14 1.00000
99.0 40.50000 14 1.00000
99.1 40.50000 14 1.00000
99.2 40.50000 14 1.00000
99.3 40.50000 14 1.00000
99.4 40.50000 14 1.00000
99.5 40.50000 14 1.00000
99.6 40.50000 14 1.00000
99.7 40.50000 14 1.00000
99.8 40.50000 14 1.00000
99.9 40.50000 14 1.00000
100.0 40.50000 14 1.00000
100.1 40.50000 14 1.00000
100.2 40.50000 14 1.00000
100.3 40.50000 14 1.00000
100.4 40.50000 14 1.00000
100.5 40.50000 14 1.00000
100.6 40.50000 14 1.00000
100.7 40.50000 14 1.00000
100.8 40.50000 14 1.00000
100.9 40.50000 14 1.00000
101.0 40.50000 14 1.00000
101.1 40.50000 14 1.00000
101.2 40.50000 14 1.00000
101.3 40.50000 14 1.00000
101.4 40.50000 14 1.00000
101.5 40.50000 14 1.00000
101.6 40.50000 14 1.00000
101.7 40.50000 14 1.00000
101.8 40.50000 14 1.00000
101.9 40.50000 14 1.00000
102.0 40.50000 14 1.00000
102.1 40.50000 14 1.00000
102.2 40.50000 14 1.00000
102.3 40.50000 14 1.00000
102.4 40.50000 14 1.00000
102.5 40.50000 14 1.00000
102.6 40.50000 14 1.00000
102.7 40.50000 14 1.00000
102.8 40.50000 14 1.00000
102.9 40.50000 14 1.00000
103.0 40.50000 14 1.00000
103.1 40.50000 14 1.00000
103.2 40.50000 14 1.00000
103.3 40.50000 14 1.00000
103.4 40.50000 14 1.00000
103.5 40.50000 14 1.00000
103.6 40.50000 14 1.00000
103.7 40.50000 14 1.00000
103.8 40.50000 14 1.00000
103.9 40.50000 14 1.00000
104.0 40.50000 14 1.00000
104.1 40.50000 14 1.00000
104.2 40.50000 14 1.00000
104.3 40.50000 14 1.00000
104.4 40.50000 14 1.00000
104.5 40.50000 14 1.00000
104.6 40.50000 14 1.00000
104.7 40.50000 14 1.00000
104.8 40.50000 14 1.00000
104.9 40.50000 14 1.00000
105.0 40.50000 14 1.00000
105.1 40.50000 14 1.00000
105.2 40.50000 14 1.00000
105.3 40.50000 14 1.00000
105.4 40.50000 14 1.00000
105.5 40.50000 14 1.00000
105.6 40.50000 14 1.00000
105.7 40.50000 14 1.00000
105.8 40.50000 14 1.00000
105.9 40.50000 14 1.00000
106.0 40.50000 14 1.00000
106.1 40.50000 14 1.00000
106.2 40.50000 14 1.00000
106.3 40.50000 14 1.00000
106.4 40.50000 14 1.00000
106.5 40.50000 14 1.00000
106.6 40.50000 14 1.00000
106.7 40.50000 14 1.00000
106.8 40.50000 14 1.00000
106.9 40.50000 14 1.00000
107.0 40.50000 14 1.00000
107.1 40.50000 14 1.00000
107.2 40.50000 14 1.00000
107.3 40.50000 14 1.00000
107.4 40.50000 14 1.00000
107.5 40.50000 14 1.00000
107.6 40.50000 14 1.00000
107.7 40.50000 14 1.00000
107.8 40.50000 14 1.00000
107.9 40.50000 14 1.00000
108.0 40.50000 14 1.00000
108.1 40.50000 14 1.00000
108.2 40.50000 14 1.00000
108.3 40.50000 14 1.00000
108.4 40.50000 14 1.00000
108.5 40.50000 14 1.00000
108.6 40.50000 14 1.00000
108.7 40.50000 14 1.00000
108.8 40.50000 14 1.00000
108.9 40.50000 14 1.00000
109.0 40.50000 14 1.00000
109.1 40.50000 14 1.00000
109.2 40.50000 14 1.00000
109.3 40.50000 14 1.00000
109.4 40.50000 14 1.00000
109.5 40.50000 14 1.00000
109.6 40.50000 14 1.00000
109.7 40.50000 14 1.00000
109.8 40.50000 14 1.00000
109.9 40.50000 14 1.00000
110.0 40.50000 14 1.00000
110.1 40.50000 14 1.00000
110.2 40.50000 14 1.00000
110.3 40.50000 14 1.00000
110.4 40.50000 14 1.00000
110.5 40.50000 14 1.00000
110.6 40.50000 14 1.00000
110.7 40.50000 14 1.00000
110.8 40.50000 14 1.00000
110.9 40.50000 14 1.00000
111.0 40.50000 14 1.00000
111.1 40.50000 14 1.00000
111.2 40.50000 14 1.00000
111.3 40.50000 14 1.00000
111.4 40.50000 14 1.00000
111.5 40.50000 14 1.00000
111.6 40.50000 14 1.00000
111.7 40.50000 14 1.00000
111.8 40.50000 14 1.00000
111.9 40.50000 14 1.00000
112.0 40.50000 14 1.00000
112.1 40.50000 14 1.00000
112.2 40.50000 14 1.00000
112.3 40.50000 14 1.00000
112.4 40.50000 14 1.00000
112.5 40.50000 14 1.00000
112.6 40.50000 14 1.00000
112.7 40.50000 14 1.00000
112.8 40.50000 14 1.00000
112.9 40.50000 14 1.00000
113.0 40.50000 14 1.00000
113.1 40.50000 14 1.00000
113.2 40.50000 14 1.00000
113.3 40.50000 14 1.00000
113.4 40.50000 14 1.00000
113.5 40.50000 14 1.00000
113.6 40.50000 14 1.00000
113.7 40.50000 14 1.00000
113.8 40.50000 14 1.00000
113.9 40.50000 14 1.00000
114.0 40.50000 14 1.00000
114.1 40.50000 14 1.00000
114.2 40.50000 14 1.00000
114.3 40.50000 14 1.00000
114.4 40.50000 14 1.00000
114.5 40.50000 14 1.00000
114.6 40.50000 14 1.00000
114.7 40.50000 14 1.00000
114.8 40.50000 14 1.00000
114.9 40.50000 14 1.00000
115.0 40.50000 14 1.00000
115.1 40.50000 14 1.00000
115.2 40.50000 14 1.00000
115.3 40.50000 14 1.00000
115.4 40.50000 14 1.00000
115.5 40.50000 14 1.00000
115.6 40.50000 14 1.00000
115.7 40.50000 14 1.00000
115.8 40.50000 14 1.00000
115.9 40.50000 14 1.00000
116.0 40.50000 14 1.00000
116.1 40.50000 14 1.00000
116.2 40.50000 14 1.00000
116.3 40.50000 14 1.00000
116.4 40.50000 14 1.00000
116.5 40.50000 14 1.00000
116.6 40.50000 14 1.00000
116.7 40.50000 14 1.00000
116.8 40.50000 14 1.00000
116.9 40.50000 14 1.00000
117.0 40.50000 14 1.00000
117.1 40.50000 14 1.00000
117.2 40.50000 14 1.00000
117.3 40.50000 14 1.00000
117.4 40.50000 14 1.00000
117.5 40.50000 14 1.00000
117.6 40.50000 14 1.00000
117.7 40.50000 14 1.00000
117.8 40.50000 14 1.00000
117.9 40.50000 14 1.00000
118.0 40.50000 14 1.00000
118.1 40.50000 14 1.00000
118.2 40.50000 14 1.00000
118.3 40.50000 14 1.00000
118.4 40.50000 14 1.00000
118.5 40.50000 14 1.00000
118.6 40.50000 14 1.00000
118.7 40.50000 14 1.00000
118.8 40.50000 14 1.00000
118.9 40.50000 14 1.00000
119.0 40.50000 14 1.00000
119.1 40.50000 14 1.00000
119.2 40.50000 14 1.00000
119.3 40.50000 14 1.00000
119.4 40.50000 14 1.00000
119.5 40.50000 14 1.00000
119.6 40.50000 14 1.00000
119.7 40.50000 14 1.00000
119.8 40.50000 14 1.00000
119.9 40.50000 14 1.00000
120.0 40.50000 14 1.00000
120.1 40.50000 14 1.00000
120.2 40.50000 14 1.00000
120.3 40.50000 14 1.00000
120.4 40.50000 14 1.00000
120.5 40.50000 14 1.00000
120.6 40.50000 14 1.00000
120.7 40.50000 14 1.00000
120.8 40.50000 14 1.00000
120.9 40.50000 14 1.00000
121.0 40.50000 14 1.00000
121.1 40.50000 14 1.00000
121.2 40.50000 14 1.00000
121.3 40.50000 14 1.00000
121.4 40.50000 14 1.00000
121.5 40.50000 14 1.00000
121.6 40.50000 14 1.00000
121.7 40.50000 14 1.00000
121.8 40.50000 14 1.00000
121.9 40.50000 14 1.00000
122.0 40.50000 14 1.00000
122.1 40.50000 14 1.00000
122.2 40.50000 14 1.00000
122.3 40.50000 14 1.00000
122.4 40.50000 14 1.00000
122.5 40.50000 14 1.00000
122.6 40.50000 14 1.00000
122.7 40.50000 14 1.00000
122.8 40.50000 14 1.00000
122.9 40.50000 14 1.00000
123.0 40.50000 14 1.00000
123.1 40.50000 14 1.00000
123.2 40.50000 14 1.00000
123.3 40.50000 14 1.00000
123.4 40.50000 14 1.00000
123.5 40.50000 14 1.00000
123.6 40.50000 14 1.00000
123.7 40.50000 14 1.00000
123.8 40.50000 14 1.00000
123.9 40.50000 14 1.00000
124.0 40.50000 14 1.00000
124.1 40.50000 14 1.00000
124.2 40.50000 14 1.00000
124.3 40.50000 14 1.00000
124.4 40.50000 14 1.00000
124.5 40.50000 14 1.00000
124.6 40.50000 14 1.00000
124.7 40.50000 14 1.00000
124.8 40.50000 14 1.00000
124.9 40.50000 14 1.00000
125.0 40.50000 14 1.00000
125.1 40.50000 14 1.00000
125.2 40.50000 14 1.00000
125.3 40.50000 14 1.00000
125.4 40.50000 14 1.00000
125.5 40.50000 14 1.00000
125.6 40.50000 14 1.00000
125.7 40.50000 14 1.00000
125.8 40.50000 14 1.00000
125.9 40.50000 14 1.00000
126.0 40.50000 14 1.00000
126.1 40.50000 14 1.00000
126.2 40.50000 14 1.00000
126.3 40.50000 14 1.00000
126.4 40.50000 14 1.00000
126.5 40.50000 14 1.00000
126.6 40.50000 14 1.00000
126.7 40.50000 14 1.00000
126.8 40.50000 14 1.00000
126.9 40.50000 14 1.00000
127.0 40.50000 14 1.00000
127.1 40.50000 14 1.00000
127.2 40.50000 14 1.00000
127.3 40.50000 14 1.00000
127.4 40.50000 14 1.00000
127.5 40.50000 14 1.00000
127.6 40.50000 14 1.00000
127.7 40.50000 14 1.00000
127.8 40.50000 14 1.00000
127.9 40.50000 14 1.00000
128.0 40.50000 14 1.00000
128.1 40.50000 14 1.00000
128.2 40.50000 14 1.00000
128.3 40.50000 14 1.00000
128.4 40.50000 14 1.00000
128.5 40.50000 14 1.00000
128.6 40.50000 14 1.00000
128.7 40.50000 14 1.00000
128.8 40.50000 14 1.00000
128.9 40.50000 14 1.00000
129.0 40.50000 14 1.00000
129.1 40.50000 14 1.00000
129.2 40.50000 14 1.00000
129.3 40.50000 14 1.00000
129.4 40.50000 14 1.00000
129.5 40.50000 14 1.00000
129.6 40.50000 14 1.00000
129.7 40.50000 14 1.00000
129.8 40.50000 14 1.00000
129.9 40.50000 14 1.00000
130.0 40.50000 14 1.00000
130.1 40.50000 14 1.00000
130.2 40.50000 14 1.00000
130.3 40.50000 14 1.00000
130.4 40.50000 14 1.00000
130.5 40.50000 14 1.00000
130.6 40.50000 14 1.00000
130.7 40.50000 14 1.00000
130.8 40.50000 14 1.00000
130.9 40.50000 14 1.00000
131.0 40.50000 14 1.00000
131.1 40.50000 14 1.00000
131.2 40.50000 14 1.00000
131.3 40.50000 14 1.00000
131.4 40.50000 14 1.00000
131.5 40.50000 14 1.00000
131.6 40.50000 14 1.00000
131.7 40.50000 14 1.00000
131.8 40.50000 14 1.00000
131.9 40.50000 14 1.00000
132.0 40.50000 14 1.00000
132.1 40.50000 14 1.00000
132.2 40.50000 14 1.00000
132.3 40.50000 14 1.00000
132.4 40.50000 14 1.00000
132.5 40.50000 14 1.00000
132.6 40.50000 14 1.00000
132.7 40.50000 14 1.00000
132.8 40.50000 14 1.00000
132.9 40.50000 14 1.00000
133.0 40.50000 14 1.00000
133.1 40.50000 14 1.00000
133.2 40.50000 14 1.00000
133.3 40.50000 14 1.00000
133.4 40.50000 14 1.00000
133.5 40.50000 14 1.00000
133.6 40.50000 14 1.00000
133.7 40.50000 14 1.00000
133.8 40.50000 14 1.00000
133.9 40.50000 14 1.00000
134.0 40.50000 14 1.00000
134.1 40.50000 14 1.00000
134.2 40.50000 14 1.00000
134.3 40.50000 14 1.00000
134.4 40.50000 14 1.00000
134.5 40.50000 14 1.00000
134.6 40.50000 14 1.00000
134.7 40.50000 14 1.00000
134.8 40.50000 14 1.00000
134.9 40.50000 14 1.00000
135.0 40.50000 14 1.00000
135.1 40.50000 14 1.00000
135.2 40.50000 14 1.00000
135.3 40.50000 14 1.00000
135.4 40.50000 14 1.00000
135.5 40.50000 14 1.00000
135.6 40.50000 14 1.00000
135.7 40.50000 14 1.00000
135.8 40.50000 14 1.00000
135.9 40.50000 14 1.00000
136.0 40.50000 14 1.00000
136.1 40.50000 14 1.00000
136.2 40.50000 14 1.00000
136.3 40.50000 14 1.00000
136.4 40.50000 14 1.00000
136.5 40.50000 14 1.00000
136.6 40.50000 14 1.00000
136.7 40.50000 14 1.00000
136.8 40.50000 14 1.00000
136.9 40.50000 14 1.00000
137.0 40.50000 14 1.00000
137.1 40.50000 14 1.00000
137.2 40.50000 14 1.00000
137.3 40.50000 14 1.00000
137.4 40.50000 14 1.00000
137.5 40.50000 14 1.00000
137.6 40.50000 14 1.00000
137.7 40.50000 14 1.00000
137.8 40.50000 14 1.00000
137.9 40.50000 14 1.00000
138.0 40.50000 14 1.00000
138.1 40.50000 14 1.00000
138.2 40.50000 14 1.00000
138.3 40.50000 14 1.00000
138.4 40.50000 14 1.00000
138.5 40.50000 14 1.00000
138.6 40.50000 14 1.00000
138.7 40.50000 14 1.00000
138.8 40.50000 14 1.00000
138.9 40.50000 14 1.00000
139.0 40.50000 14 1.00000
139.1 40.50000 14 1.00000
139.2 40.50000 14 1.00000
139.3 40.50000 14 1.00000
139.4 40.50000 14 1.00000
139.5 40.50000 14 1.00000
139.6 40.50000 14 1.00000
139.7 40.50000 14 1.00000
139.8 40.50000 14 1.00000
139.9 40.50000 14 1.00000
140.0 40.50000 14 1.00000
140.1 40.50000 14 1.00000
140.2 40.50000 14 1.00000
140.3 40.50000 14 1.00000
140.4 40.50000 14 1.00000
140.5 40.50000 14 1.00000
140.6 40.50000 14 1.00000
140.7 40.50000 14 1.00000
140.8 40.50000 14 1.00000
140.9 40.50000 14 1.00000
141.0 40.50000 14 1.00000
141.1 40.50000 14 1.00000
141.2 40.50000 14 1.00000
141.3 40.50000 14 1.00000
141.4 40.50000 14 1.00000
141.5 40.50000 14 1.00000
141.6 40.50000 14 1.00000
141.7 40.50000 14 1.00000
141.8 40.50000 14 1.00000
141.9 40.50000 14 1.00000
142.0 40.50000 14 1.00000
142.1 40.50000 14 1.00000
142.2 40.50000 14 1.00000
142.3 40.50000 14 1.00000
142.4 40.50000 14 1.00000
142.5 40.50000 14 1.00000
142.6 40.50000 14 1.00000
142.7 40.50000 14 1.00000
142.8 40.50000 14 1.00000
142.9 40.50000 14 1.00000
143.0 40.50000 14 1.00000
143.1 40.50000 14 1.00000
143.2 40.50000 14 1.00000
143.3 40.50000 14 1.00000
143.4 40.50000 14 1.00000
143.5 40.50000 14 1.00000
143.6 40.50000 14 1.00000
143.7 40.50000 14 1.00000
143.8 40.50000 14 1.00000
143.9 40.50000 14 1.00000
144.0 40.50000 14 1.00000
144.1 40.50000 14 1.00000
144.2 40.50000 14 1.00000
144.3 40.50000 14 1.00000
144.4 40.50000 14 1.00000
144.5 40.50000 14 1.00000
144.6 40.50000 14 1.00000
144.7 40.50000 14 1.00000
144.8 40.50000 14 1.00000
144.9 40.50000 14 1.00000
145.0 40.50000 14 1.00000
145.1 40.50000 14 1.00000
145.2 40.50000 14 1.00000
145.3 40.50000 14 1.00000
145.4 40.50000 14 1.00000
145.5 40.50000 14 1.00000
145.6 40.50000 14 1.00000
145.7 40.50000 14 1.00000
145.8 40.50000 14 1.00000
145.9 40.50000 14 1.00000
146.0 40.50000 14 1.00000
146.1 40.50000 14 1.00000
146.2 40.50000 14 1.00000
146.3 40.50000 14 1.00000
146.4 40.50000 14 1.00000
146.5 40.50000 14 1.00000
146.6 40.50000 14 1.00000
146.7 40.50000 14 1.00000
146.8 40.50000 14 1.00000
146.9 40.50000 14 1.00000
147.0 40.50000 14 1.00000
147.1 40.50000 14 1.00000
147.2 40.50000 14 1.00000
147.3 40.50000 14 1.00000
147.4 40.50000 14 1.00000
147.5 40.50000 14 1.00000
147.6 40.50000 14 1.00000
147.7 40.50000 14 1.00000
147.8 40.50000 14 1.00000
147.9 40.50000 14 1.00000
148.0 40.50000 14 1.00000
148.1 40.50000 14 1.00000
148.2 40.50000 14 1.00000
148.3 40.50000 14 1.00000
148.4 40.50000 14 1.00000
148.5 40.50000 14 1.00000
148.6 40.50000 14 1.00000
148.7 40.50000 14 1.00000
148.8 40.50000 14 1.00000
148.9 40.50000 14 1.00000
149.0 40.50000 14 1.00000
149.1 40.50000 14 1.00000
149.2 40.50000 14 1.00000
149.3 40.50000 14 1.00000
149.4 40.50000 14 1.00000
149.5 40.50000 14 1.00000
149.6 40.50000 14 1.00000
149.7 40.50000 14 1.00000
149.8 40.50000 14 1.00000
149.9 40.50000 14 1.00000
150.0 40.50000 14 1.00000
150.1 40.50000 14 1.00000
150.2 40.50000 14 1.00000
150.3 40.50000 14 1.00000
150.4 40.50000 14 1.00000
150.5 40.50000 14 1.00000
150.6 40.50000 14 1.00000
150.7 40.50000 14 1.00000
150.8 40.50000 14 1.00000
150.9 40.50000 14 1.00000
151.0 40.50000 14 1.00000
151.1 40.50000 14 1.00000
151.2 40.50000 14 1.00000
151.3 40.50000 14 1.00000
151.4 40.50000 14 1.00000
151.5 40.50000 14 1.00000
151.6 40.50000 14 1.00000
151.7 40.50000 14 1.00000
151.8 40.50000 14 1.00000
151.9 40.50000 14 1.00000
152.0 40.50000 14 1.00000
152.1 40.50000 14 1.00000
152.2 40.50000 14 1.00000
152.3 40.50000 14 1.00000
152.4 40.50000 14 1.00000
152.5 40.50000 14 1.00000
152.6 40.50000 14 1.00000
152.7 40.50000 14 1.00000
152.8 40.50000 14 1.00000
152.9 40.50000 14 1.00000
153.0 40.50000 14 1.00000
153.1 40.50000 14 1.00000
153.2 40.50000 14 1.00000
153.3 40.50000 14 1.00000
153.4 40.50000 14 1.00000
153.5 40.50000 14 1.00000
153.6 40.50000 14 1.00000
153.7 40.50000 14 1.00000
153.8 40.50000 14 1.00000
153.9 40.50000 14 1.00000
154.0 40.50000 14 1.00000
154.1 40.50000 14 1.00000
154.2 40.50000 14 1.00000
154.3 40.50000 14 1.00000
154.4 40.50000 14 1.00000
154.5 40.50000 14 1.00000
154.6 40.50000 14 1.00000
154.7 40.50000 14 1.00000
154.8 40.50000 14 1.00000
154.9 40.50000 14 1.00000
155.0 40.50000 14 1.00000
155.1 40.50000 14 1.00000
155.2 40.50000 14 1.00000
155.3 40.50000 14 1.00000
155.4 40.50000 14 1.00000
155.5 40.50000 14 1.00000
155.6 40.50000 14 1.00000
155.7 40.50000 14 1.00000
155.8 40.50000 14 1.00000
155.9 40.50000 14 1.00000
156.0 40.50000 14 1.00000
156.1 40.50000 14 1.00000
156.2 40.50000 14 1.00000
156.3 40.50000 14 1.00000
156.4 40.50000 14 1.00000
156.5 40.50000 14 1.00000
156.6 40.50000 14 1.00000
156.7 40.50000 14 1.00000
156.8 40.50000 14 1.00000
156.9 40.50000 14 1.00000
157.0 40.50000 14 1.00000
157.1 40.50000 14 1.00000
157.2 40.50000 14 1.00000
157.3 40.50000 14 1.00000
157.4 40.50000 14 1.00000
157.5 40.50000 14 1.00000
157.6 40.50000 14 1.00000
157.7 40.50000 14 1.00000
157.8 40.50000 14 1.00000
157.9 40.50000 14 1.00000
158.0 40.50000 14 1.00000
158.1 40.50000 14 1.00000
158.2 40.50000 14 1.00000
158.3 40.50000 14 1.00000
158.4 40.50000 14 1.00000
158.5 40.50000 14 1.00000
158.6 40.50000 14 1.00000
158.7 40.50000 14 1.00000
158.8 40.50000 14 1.00000
158.9 40.50000 14 1.00000
159.0 40.50000 14 1.00000
159.1 40.50000 14 1.00000
159.2 40.50000 14 1.00000
159.3 40.50000 14 1.00000
159.4 40.50000 14 1.00000
159.5 40.50000 14 1.00000
159.6 40.50000 14 1.00000
159.7 40.50000 14 1.00000
159.8 40.50000 14 1.00000
159.9 40.50000 14 1.00000
160.0 40.50000 14 1.00000
160.1 40.50000 14 1.00000
160.2 40.50000 14 1.00000
160.3 40.50000 14 1.00000
160.4 40.50000 14 1.00000
160.5 40.50000 14 1.00000
160.6 40.50000 14 1.00000
160.7 40.50000 14 1.00000
160.8 40.50000 14 1.00000
160.9 40.50000 14 1.00000
161.0 40.50000 14 1.00000
161.1 40.50000 14 1.00000
161.2 40.50000 14 1.00000
161.3 40.50000 14 1.00000
161.4 40.50000 14 1.00000
161.5 40.50000 14 1.00000
161.6 40.50000 14 1.00000
161.7 40.50000 14 1.00000
161.8 40.50000 14 1.00000
161.9 40.50000 14 1.00000
162.0 40.50000 14 1.00000
162.1 40.50000 14 1.00000
162.2 40.50000 14 1.00000
162.3 40.50000 14 1.00000
162.4 40.50000 14 1.00000
162.5 40.50000 14 1.00000
162.6 40.50000 14 1.00000
162.7 40.50000 14 1.00000
162.8 40.50000 14 1.00000
162.9 40.50000 14 1.00000
163.0 40.50000 14 1.00000
163.1 40.50000 14 1.00000
163.2 40.50000 14 1.00000
163.3 40.50000 14 1.00000
163.4 40.50000 14 1.00000
163.5 40.50000 14 1.00000
163.6 40.50000 14 1.00000
163.7 40.50000 14 1.00000
163.8 40.50000 14 1.00000
163.9 40.50000 14 1.00000
164.0 40.50000 14 1.00000
164.1 40.50000 14 1.00000
164.2 40.50000 14 1.00000
164.3 40.50000 14 1.00000
164.4 40.50000 14 1.00000
164.5 40.50000 14 1.00000
164.6 40.50000 14 1.00000
164.7 40.50000 14 1.00000
164.8 40.50000 14 1.00000
164.9 40.50000 14 1.00000
165.0 40.50000 14 1.00000
165.1 40.50000 14 1.00000
165.2 40.50000 14 1.00000
165.3 40.50000 14 1.00000
165.4 40.50000 14 1.00000
165.5 40.50000 14 1.00000
165.6 40.50000 14 1.00000
165.7 40.50000 14 1.00000
165.8 40.50000 14 1.00000
165.9 40.50000 14 1.00000
166.0 40.50000 14 1.00000
166.1 40.50000 14 1.00000
166.2 40.50000 14 1.00000
166.3 40.50000 14 1.00000
166.4 40.50000 14 1.00000
166.5 40.50000 14 1.00000
166.6 40.50000 14 1.00000
166.7 40.50000 14 1.00000
166.8 40.50000 14 1.00000
166.9 40.50000 14 1.00000
167.0 40.50000 14 1.00000
167.1 40.50000 14 1.00000
167.2 40.50000 14 1.00000
167.3 40.50000 14 1.00000
167.4 40.50000 14 1.00000
167.5 40.50000 14 1.00000
167.6 40.50000 14 1.00000
167.7 40.50000 14 1.00000
167.8 40.50000 14 1.00000
167.9 40.50000 14 1.00000
168.0 40.50000 14 1.00000
168.1 40.50000 14 1.00000
168.2 40.50000 14 1.00000
168.3 40.50000 14 1.00000
168.4 40.50000 14 1.00000
168.5 40.50000 14 1.00000
168.6 40.50000 14 1.00000
168.7 40.50000 14 1.00000
168.8 40.50000 14 1.00000
168.9 40.50000 14 1.00000
169.0 40.50000 14 1.00000
169.1 40.50000 14 1.00000
169.2 40.50000 14 1.00000
169.3 40.50000 14 1.00000
169.4 40.50000 14 1.00000
169.5 40.50000 14 1.00000
169.6 40.50000 14 1.00000
169.7 40.50000 14 1.00000
169.8 40.50000 14 1.00000
169.9 40.50000 14 1.00000
170.0 40.50000 14 1.00000
170.1 40.50000 14 1.00000
170.2 40.50000 14 1.00000
170.3 40.50000 14 1.00000
170.4 40.50000 14 1.00000
170.5 40.50000 14 1.00000
170.6 40.50000 14 1.00000
170.7 40.50000 14 1.00000
170.8 40.50000 14 1.00000
170.9 40.50000 14 1.00000
171.0 40.50000 14 1.00000
171.1 40.50000 14 1.00000
171.2 40.50000 14 1.00000
171.3 40.50000 14 1.00000
171.4 40.50000 14 1.00000
171.5 40.50000 14 1.00000
171.6 40.50000 14 1.00000
171.7 40.50000 14 1.00000
171.8 40.50000 14 1.00000
171.9 40.50000 14 1.00000
172.0 40.50000 14 1.00000
172.1 40.50000 14 1.00000
172.2 40.50000 14 1.00000
172.3 40.50000 14 1.00000
172.4 40.50000 14 1.00000
172.5 40.50000 14 1.00000
172.6 40.50000 14 1.00000
172.7 40.50000 14 1.00000
172.8 40.50000 14 1.00000
172.9 40.50000 14 1.00000
173.0 40.50000 14 1.00000
173.1 40.50000 14 1.00000
173.2 40.50000 14 1.00000
173.3 40.50000 14 1.00000
173.4 40.50000 14 1.00000
173.5 40.50000 14 1.00000
173.6 40.50000 14 1.00000
173.7 40.50000 14 1.00000
173.8 40.50000 14 1.00000
173.9 40.50000 14 1.00000
174.0 40.50000 14 1.00000
174.1 40.50000 14 1.00000
174.2 40.50000 14 1.00000
174.3 40.50000 14 1.00000
174.4 40.50000 14 1.00000
174.5 40.50000 14 1.00000
174.6 40.50000 14 1.00000
174.7 40.50000 14 1.00000
174.8 40.50000 14 1.00000
174.9 40.50000 14 1.00000
175.0 40.50000 14 1.00000
175.1 40.50000 14 1.00000
175.2 40.50000 14 1.00000
175.3 40.50000 14 1.00000
175.4 40.50000 14 1.00000
175.5 40.50000 14 1.00000
175.6 40.50000 14 1.00000
175.7 40.50000 14 1.00000
175.8 40.50000 14 1.00000
175.9 40.50000 14 1.00000
176.0 40.50000 14 1.00000
176.1 40.50000 14 1.00000
176.2 40.50000 14 1.00000
176.3 40.50000 14 1.00000
176.4 40.50000 14 1.00000
176.5 40.50000 14 1.00000
176.6 40.50000 14 1.00000
176.7 40.50000 14 1.00000
176.8 40.50000 14 1.00000
176.9 40.50000 14 1.00000
177.0 40.50000 14 1.00000
177.1 40.50000 14 1.00000
177.2 40.50000 14 1.00000
177.3 40.50000 14 1.00000
177.4 40.50000 14 1.00000
177.5 40.50000 14 1.00000
177.6 40.50000 14 1.00000
177.7 40.50000 14 1.00000
177.8 40.50000 14 1.00000
177.9 40.50000 14 1.00000
178.0 40.50000 14 1.00000
178.1 40.50000 14 1.00000
178.2 40.50000 14 1.00000
178.3 40.50000 14 1.00000
178.4 40.50000 14 1.00000
178.5 40.50000 14 1.00000
178.6 40.50000 14 1.00000
178.7 40.50000 14 1.00000
178.8 40.50000 14 1.00000
178.9 40.50000 14 1.00000
179.0 40.50000 14 1.00000
179.1 40.50000 14 1.00000
179.2 40.50000 14 1.00000
179.3 40.50000 14 1.00000
179.4 40.50000 14 1.00000
179.5 40.50000 14 1.00000
179.6 40.50000 14 1.00000
179.7 40.50000 14 1.00000
179.8 40.50000 14 1.00000
179.9 40.50000 14 1.00000
180.0 40.50000 14 1.00000
180.1 40.50000 14 1.00000
180.2 40.50000 14 1.00000
180.3 40.50000 14 1.00000
180.4 40.50000 14 1.00000
180.5 40.50000 14 1.00000
180.6 40.50000 14 1.00000
180.7 40.50000 14 1.00000
180.8 40.50000 14 1.00000
180.9 40.50000 14 1.00000
181.0 40.50000 14 1.00000
181.1 40.50000 14 1.00000
181.2 40.50000 14 1.00000
181.3 40.50000 14 1.00000
181.4 40.50000 14 1.00000
181.5 40.50000 14 1.00000
181.6 40.50000 14 1.00000
181.7 40.50000 14 1.00000
181.8 40.50000 14 1.00000
181.9 40.50000 14 1.00000
182.0 40.50000 14 1.00000
182.1 40.50000 14 1.00000
182.2 40.50000 14 1.00000
182.3 40.50000 14 1.00000
182.4 40.50000 14 1.00000
182.5 40.50000 14 1.00000
182.6 40.50000 14 1.00000
182.7 40.50000 14 1.00000
182.8 40.50000 14 1.00000
182.9 40.50000 14 1.00000
183.0 40.50000 14 1.00000
183.1 40.50000 14 1.00000
183.2 40.50000 14 1.00000
183.3 40.50000 14 1.00000
183.4 40.50000 14 1.00000
183.5 40.50000 14 1.00000
183.6 40.50000 14 1.00000
183.7 40.50000 14 1.00000
183.8 40.50000 14 1.00000
183.9 40.50000 14 1.00000
184.0 40.50000 14 1.00000
184.1 40.50000 14 1.00000
184.2 40.50000 14 1.00000
184.3 40.50000 14 1.00000
184.4 40.50000 14 1.00000
184.5 40.50000 14 1.00000
184.6 40.50000 14 1.00000
184.7 40.50000 14 1.00000
184.8 40.50000 14 1.00000
184.9 40.50000 14 1.00000
185.0 40.50000 14 1.00000
185.1 40.50000 14 1.00000
185.2 40.50000 14 1.00000
185.3 40.50000 14 1.00000
185.4 40.50000 14 1.00000
185.5 40.50000 14 1.00000
185.6 40.50000 14 1.00000
185.7 40.50000 14 1.00000
185.8 40.50000 14 1.00000
185.9 40.50000 14 1.00000
186.0 40.50000 14 1.00000
186.1 40.50000 14 1.00000
186.2 40.50000 14 1.00000
186.3 40.50000 14 1.00000
186.4 40.50000 14 1.00000
186.5 40.50000 14 1.00000
186.6 40.50000 14 1.00000
186.7 40.50000 14 1.00000
186.8 40.50000 14 1.00000
186.9 40.50000 14 1.00000
187.0 40.50000 14 1.00000
187.1 40.50000 14 1.00000
187.2 40.50000 14 1.00000
187.3 40.50000 14 1.00000
187.4 40.50000 14 1.00000
187.5 40.50000 14 1.00000
187.6 40.50000 14 1.00000
187.7 40.50000 14 1.00000
187.8 40.50000 14 1.00000
187.9 40.50000 14 1.00000
188.0 40.50000 14 1.00000
188.1 40.50000 14 1.00000
188.2 40.50000 14 1.00000
188.3 40.50000 14 1.00000
188.4 40.50000 14 1.00000
188.5 40.50000 14 1.00000
188.6 40.50000 14 1.00000
188.7 40.50000 14 1.00000
188.8 40.50000 14 1.00000
188.9 40.50000 14 1.00000
189.0 40.50000 14 1.00000
189.1 40.50000 14 1.00000
189.2 40.50000 14 1.00000
189.3 40.50000 14 1.00000
189.4 40.50000 14 1.00000
189.5 0.00000 15 0.00000
189.6 40.50000 14 1.00000
189.7 40.50000 14 1.00000
189.8 40.50000 14 1.00000
189.9 40.50000 14 1.00000
190.0 0.00000 15 0.00000
190.1 0.00000 15 0.00000
190.2 0.00000 15 0.00000
190.3 40.50000 14 1.00000
190.4 40.50000 14 1.00000
190.5 0.00000 15 0.00000
190.6 0.00000 15 0.00000
190.7 0.00000 15 0.00000
190.8 0.00000 15 0.00000
190.9 0.00000 15 0.00000
191.0 0.00000 15 0.00000
191.1 0.00000 15 0.00000
191.2 0.00000 15 0.00000
191.3 0.00000 15 0.00000
191.4 0.00000 15 0.00000
191.5 0.00000 15 0.00000
191.6 0.00000 15 0.00000
191.7 0.00000 15 0.00000
191.8 0.00000 15 0.00000
191.9 0.00000 15 0.00000
192.0 0.00000 15 0.00000
192.1 0.00000 15 0.00000
192.2 0.00000 15 0.00000
192.3 0.00000 15 0.00000
192.4 0.00000 15 0.00000
192.5 0.00000 15 0.00000
192.6 0.00000 15 0.00000
192.7 0.00000 15 0.00000
192.8 0.00000 15 0.00000
192.9 0.00000 15 0.00000
193.0 0.00000 15 0.00000
193.1 0.00000 15 0.00000
193.2 0.00000 15 0.00000
193.3 0.00000 15 0.00000
193.4 0.00000 15 0.00000
193.5 0.00000 15 0.00000
193.6 0.00000 15 0.00000
193.7 0.00000 15 0.00000
193.8 0.00000 15 0.00000
193.9 0.00000 15 0.00000
194.0 0.00000 15 0.00000
194.1 0.00000 15 0.00000
194.2 0.00000 15 0.00000
194.3 0.00000 15 0.00000
194.4 0.00000 15 0.00000
194.5 0.00000 15 0.00000
194.6 0.00000 15 0.00000
194.7 0.00000 15 0.00000
194.8 0.00000 15 0.00000
194.9 0.00000 15 0.00000
195.0 0.00000 15 0.00000
195.1 0.00000 15 0.00000
195.2 0.00000 15 0.00000
195.3 0.00000 15 0.00000
195.4 0.00000 15 0.00000
195.5 0.00000 15 0.00000
195.6 0.00000 15 0.00000
195.7 0.00000 15 0.00000
195.8 0.00000 15 0.00000
195.9 0.00000 15 0.00000
196.0 0.00000 15 0.00000
196.1 0.00000 15 0.00000
196.2 0.00000 15 0.00000
196.3 0.00000 15 0.00000
196.4 0.00000 15 0.00000
196.5 0.00000 15 0.00000
196.6 0.00000 15 0.00000
196.7 0.00000 15 0.00000
196.8 0.00000 15 0.00000
196.9 0.00000 15 0.00000
197.0 0.00000 15 0.00000
197.1 0.00000 15 0.00000
197.2 0.00000 15 0.00000
197.3 0.00000 15 0.00000
197.4 0.00000 15 0.00000
197.5 0.00000 15 0.00000
197.6 0.00000 15 0.00000
197.7 0.00000 15 0.00000
197.8 0.00000 15 0.00000
197.9 0.00000 15 0.00000
198.0 0.00000 15 0.00000
198.1 0.00000 15 0.00000
198.2 0.00000 15 0.00000
198.3 0.00000 15 0.00000
198.4 0.00000 15 0.00000
198.5 0.00000 15 0.00000
198.6 0.00000 15 0.00000
198.7 0.00000 15 0.00000
198.8 0.00000 15 0.00000
198.9 0.00000 15 0.00000
199.0 0.00000 15 0.00000
199.1 0.00000 15 0.00000
199.2 0.00000 15 0.00000
199.3 0.00000 15 0.00000
199.4 0.00000 15 0.00000
199.5 0.00000 15 0.00000
199.6 0.00000 15 0.00000
199.7 0.00000 15 0.00000
199.8 0.00000 15 0.00000
199.9 0.00000 15 0.00000
200.0 0.00000 15 0.00000
200.1 0.00000 15 0.00000
200.2 0.00000 15 0.00000
200.3 0.00000 15 0.00000
200.4 0.00000 15 0.00000
200.5 0.00000 15 0.00000
200.6 0.00000 15 0.00000
200.7 0.00000 15 0.00000
200.8 0.00000 15 0.00000
200.9 0.00000 15 0.00000
201.0 0.00000 15 0.00000
201.1 0.00000 15 0.00000
201.2 0.00000 15 0.00000
201.3 0.00000 15 0.00000
201.4 0.00000 15 0.00000
201.5 0.00000 15 0.00000
201.6 0.00000 15 0.00000
201.7 0.00000 15 0.00000
201.8 0.00000 15 0.00000
201.9 0.00000 15 0.00000
202.0 0.00000 15 0.00000
202.1 0.00000 15 0.00000
202.2 0.00000 15 0.00000
202.3 0.00000 15 0.00000
202.4 0.00000 15 0.00000
202.5 0.00000 15 0.00000
202.6 0.00000 15 0.00000
202.7 0.00000 15 0.00000
202.8 0.00000 15 0.00000
202.9 0.00000 15 0.00000
203.0 0.00000 15 0.00000
203.1 0.00000 15 0.00000
203.2 0.00000 15 0.00000
203.3 0.00000 15 0.00000
203.4 0.00000 15 0.00000
203.5 0.00000 15 0.00000
203.6 0.00000 15 0.00000
203.7 0.00000 15 0.00000
203.8 0.00000 15 0.00000
203.9 0.00000 15 0.00000
204.0 0.00000 15 0.00000
204.1 0.00000 15 0.00000
204.2 0.00000 15 0.00000
204.3 0.00000 15 0.00000
204.4 0.00000 15 0.00000
204.5 0.00000 15 0.00000
204.6 0.00000 15 0.00000
204.7 0.00000 15 0.00000
204.8 0.00000 15 0.00000
204.9 0.00000 15 0.00000
205.0 0.00000 15 0.00000
205.1 0.00000 15 0.00000
205.2 0.00000 15 0.00000
205.3 0.00000 15 0.00000
205.4 0.00000 15 0.00000
205.5 0.00000 15 0.00000
205.6 0.00000 15 0.00000
205.7 0.00000 15 0.00000
205.8 0.00000 15 0.00000
205.9 0.00000 15 0.00000
206.0 0.00000 15 0.00000
206.1 0.00000 15 0.00000
206.2 0.00000 15 0.00000
206.3 0.00000 15 0.00000
206.4 0.00000 15 0.00000
206.5 0.00000 15 0.00000
206.6 0.00000 15 0.00000
206.7 0.00000 15 0.00000
206.8 0.00000 15 0.00000
206.9 0.00000 15 0.00000
207.0 0.00000 15 0.00000
207.1 0.00000 15 0.00000
207.2 0.00000 15 0.00000
207.3 0.00000 15 0.00000
207.4 0.00000 15 0.00000
207.5 0.00000 15 0.00000
207.6 0.00000 15 0.00000
207.7 0.00000 15 0.00000
207.8 0.00000 15 0.00000
207.9 0.00000 15 0.00000
208.0 0.00000 15 0.00000
208.1 0.00000 15 0.00000
208.2 0.00000 15 0.00000
208.3 0.00000 15 0.00000
208.4 0.00000 15 0.00000
208.5 0.00000 15 0.00000
208.6 0.00000 15 0.00000
208.7 0.00000 15 0.00000
208.8 0.00000 15 0.00000
208.9 0.00000 15 0.00000
209.0 0.00000 15 0.00000
209.1 0.00000 15 0.00000
209.2 0.00000 15 0.00000
209.3 0.00000 15 0.00000
209.4 0.00000 15 0.00000
209.5 0.00000 15 0.00000
209.6 0.00000 15 0.00000
209.7 0.00000 15 0.00000
209.8 0.00000 15 0.00000
209.9 0.00000 15 0.00000
210.0 0.00000 15 0.00000
210.1 0.00000 15 0.00000
210.2 0.00000 15 0.00000
210.3 0.00000 15 0.00000
210.4 0.00000 15 0.00000
210.5 0.00000 15 0.00000
210.6 0.00000 15 0.00000
210.7 0.00000 15 0.00000
210.8 0.00000 15 0.00000
210.9 0.00000 15 0.00000
211.0 0.00000 15 0.00000
211.1 0.00000 15 0.00000
211.2 0.00000 15 0.00000
211.3 0.00000 15 0.00000
211.4 0.00000 15 0.00000
211.5 0.00000 15 0.00000
211.6 0.00000 15 0.00000
211.7 0.00000 15 0.00000
211.8 0.00000 15 0.00000
211.9 0.00000 15 0.00000
212.0 0.00000 15 0.00000
212.1 0.00000 15 0.00000
212.2 0.00000 15 0.00000
212.3 0.00000 15 0.00000
212.4 0.00000 15 0.00000
212.5 0.00000 15 0.00000
212.6 0.00000 15 0.00000
212.7 0.00000 15 0.00000
212.8 0.00000 15 0.00000
212.9 0.00000 15 0.00000
213.0 0.00000 15 0.00000
213.1 0.00000 15 0.00000
213.2 0.00000 15 0.00000
213.3 0.00000 15 0.00000
213.4 0.00000 15 0.00000
213.5 0.00000 15 0.00000
213.6 0.00000 15 0.00000
213.7 0.00000 15 0.00000
213.8 0.00000 15 0.00000
213.9 0.00000 15 0.00000
214.0 0.00000 15 0.00000
214.1 0.00000 15 0.00000
214.2 0.00000 15 0.00000
214.3 0.00000 15 0.00000
214.4 0.00000 15 0.00000
214.5 0.00000 15 0.00000
214.6 0.00000 15 0.00000
214.7 0.00000 15 0.00000
214.8 0.00000 15 0.00000
214.9 0.00000 15 0.00000
215.0 0.00000 15 0.00000
215.1 0.00000 15 0.00000
215.2 0.00000 15 0.00000
215.3 0.00000 15 0.00000
215.4 0.00000 15 0.00000
215.5 0.00000 15 0.00000
215.6 0.00000 15 0.00000
215.7 0.00000 15 0.00000
215.8 0.00000 15 0.00000
215.9 0.00000 15 0.00000
216.0 0.00000 15 0.00000
216.1 0.00000 15 0.00000
216.2 0.00000 15 0.00000
216.3 0.00000 15 0.00000
216.4 0.00000 15 0.00000
216.5 0.00000 15 0.00000
216.6 0.00000 15 0.00000
216.7 0.00000 15 0.00000
216.8 0.00000 15 0.00000
216.9 0.00000 15 0.00000
217.0 0.00000 15 0.00000
217.1 0.00000 15 0.00000
217.2 0.00000 15 0.00000
217.3 0.00000 15 0.00000
217.4 0.00000 15 0.00000
217.5 0.00000 15 0.00000
217.6 0.00000 15 0.00000
217.7 0.00000 15 0.00000
217.8 0.00000 15 0.00000
217.9 0.00000 15 0.00000
218.0 0.00000 15 0.00000
218.1 0.00000 15 0.00000
218.2 0.00000 15 0.00000
218.3 0.00000 15 0.00000
218.4 0.00000 15 0.00000
218.5 0.00000 15 0.00000
218.6 0.00000 15 0.00000
218.7 0.00000 15 0.00000
218.8 0.00000 15 0.00000
218.9 0.00000 15 0.00000
219.0 0.00000 15 0.00000
219.1 0.00000 15 0.00000
219.2 0.00000 15 0.00000
219.3 0.00000 15 0.00000
219.4 0.00000 15 0.00000
219.5 0.00000 15 0.00000
219.6 0.00000 15 0.00000
219.7 0.00000 15 0.00000
219.8 0.00000 15 0.00000
219.9 0.00000 15 0.00000
220.0 0.00000 15 0.00000
220.1 0.00000 15 0.00000
220.2 0.00000 15 0.00000
220.3 0.00000 15 0.00000
220.4 0.00000 15 0.00000
220.5 0.00000 15 0.00000
220.6 0.00000 15 0.00000
220.7 0.00000 15 0.00000
220.8 0.00000 15 0.00000
220.9 0.00000 15 0.00000
221.0 0.00000 15 0.00000
221.1 0.00000 15 0.00000
221.2 0.00000 15 0.00000
221.3 0.00000 15 0.00000
221.4 0.00000 15 0.00000
221.5 0.00000 15 0.00000
221.6 0.00000 15 0.00000
221.7 0.00000 15 0.00000
221.8 0.00000 15 0.00000
221.9 0.00000 15 0.00000
222.0 0.00000 15 0.00000
222.1 0.00000 15 0.00000
222.2 0.00000 15 0.00000
222.3 0.00000 15 0.00000
222.4 0.00000 15 0.00000
222.5 0.00000 15 0.00000
222.6 0.00000 15 0.00000
222.7 0.00000 15 0.00000
222.8 0.00000 15 0.00000
222.9 0.00000 15 0.00000
223.0 0.00000 15 0.00000
223.1 0.00000 15 0.00000
223.2 0.00000 15 0.00000
223.3 0.00000 15 0.00000
223.4 0.00000 15 0.00000
223.5 0.00000 15 0.00000
223.6 0.00000 15 0.00000
223.7 0.00000 15 0.00000
223.8 0.00000 15 0.00000
223.9 0.00000 15 0.00000
224.0 0.00000 15 0.00000
224.1 0.00000 15 0.00000
224.2 0.00000 15 0.00000
224.3 0.00000 15 0.00000
224.4 0.00000 15 0.00000
224.5 0.00000 15 0.00000
224.6 0.00000 15 0.00000
224.7 0.00000 15 0.00000
224.8 0.00000 15 0.00000
224.9 0.00000 15 0.00000
225.0 0.00000 15 0.00000
225.1 0.00000 15 0.00000
225.2 0.00000 15 0.00000
225.3 0.00000 15 0.00000
225.4 0.00000 15 0.00000
225.5 0.00000 15 0.00000
225.6 0.00000 15 0.00000
225.7 0.00000 15 0.00000
225.8 0.00000 15 0.00000
225.9 0.00000 15 0.00000
226.0 0.00000 15 0.00000
226.1 0.00000 15 0.00000
226.2 0.00000 15 0.00000
226.3 0.00000 15 0.00000
226.4 0.00000 15 0.00000
226.5 0.00000 15 0.00000
226.6 0.00000 15 0.00000
226.7 0.00000 15 0.00000
226.8 0.00000 15 0.00000
226.9 0.00000 15 0.00000
227.0 0.00000 15 0.00000
227.1 0.00000 15 0.00000
227.2 0.00000 15 0.00000
227.3 0.00000 15 0.00000
227.4 0.00000 15 0.00000
227.5 0.00000 15 0.00000
227.6 0.00000 15 0.00000
227.7 0.00000 15 0.00000
227.8 0.00000 15 0.00000
227.9 0.00000 15 0.00000
228.0 0.00000 15 0.00000
228.1 0.00000 15 0.00000
228.2 0.00000 15 0.00000
228.3 0.00000 15 0.00000
228.4 0.00000 15 0.00000
228.5 0.00000 15 0.00000
228.6 0.00000 15 0.00000
228.7 0.00000 15 0.00000
228.8 0.00000 15 0.00000
228.9 0.00000 15 0.00000
229.0 0.00000 15 0.00000
229.1 0.00000 15 0.00000
229.2 0.00000 15 0.00000
229.3 0.00000 15 0.00000
229.4 0.00000 15 0.00000
229.5 0.00000 15 0.00000
229.6 0.00000 15 0.00000
229.7 0.00000 15 0.00000
229.8 0.00000 15 0.00000
229.9 0.00000 15 0.00000
230.0 0.00000 15 0.00000
230.1 0.00000 15 0.00000
230.2 0.00000 15 0.00000
230.3 0.00000 15 0.00000
230.4 0.00000 15 0.00000
230.5 0.00000 15 0.00000
230.6 0.00000 15 0.00000
230.7 0.00000 15 0.00000
230.8 0.00000 15 0.00000
230.9 0.00000 15 0.00000
231.0 0.00000 15 0.00000
231.1 0.00000 15 0.00000
231.2 0.00000 15 0.00000
231.3 0.00000 15 0.00000
231.4 0.00000 15 0.00000
231.5 0.00000 15 0.00000
231.6 0.00000 15 0.00000
231.7 0.00000 15 0.00000
231.8 0.00000 15 0.00000
231.9 0.00000 15 0.00000
232.0 0.00000 15 0.00000
232.1 0.00000 15 0.00000
232.2 0.00000 15 0.00000
232.3 0.00000 15 0.00000
232.4 0.00000 15 0.00000
232.5 0.00000 15 0.00000
232.6 0.00000 15 0.00000
232.7 0.00000 15 0.00000
232.8 0.00000 15 0.00000
232.9 0.00000 15 0.00000
233.0 0.00000 15 0.00000
233.1 0.00000 15 0.00000
233.2 0.00000 15 0.00000
233.3 0.00000 15 0.00000
233.4 0.00000 15 0.00000
233.5 0.00000 15 0.00000
233.6 0.00000 15 0.00000
233.7 0.00000 15 0.00000
233.8 0.00000 15 0.00000
233.9 0.00000 15 0.00000
234.0 0.00000 15 0.00000
234.1 0.00000 15 0.00000
234.2 0.00000 15 0.00000
234.3 0.00000 15 0.00000
234.4 0.00000 15 0.00000
234.5 0.00000 15 0.00000
234.6 0.00000 15 0.00000
234.7 0.00000 15 0.00000
234.8 0.00000 15 0.00000
234.9 0.00000 15 0.00000
235.0 0.00000 15 0.00000
235.1 0.00000 15 0.00000
235.2 0.00000 15 0.00000
235.3 0.00000 15 0.00000
235.4 0.00000 15 0.00000
235.5 0.00000 15 0.00000
235.6 0.00000 15 0.00000
235.7 0.00000 15 0.00000
235.8 0.00000 15 0.00000
235.9 0.00000 15 0.00000
236.0 0.00000 15 0.00000
236.1 0.00000 15 0.00000
236.2 0.00000 15 0.00000
236.3 0.00000 15 0.00000
236.4 0.00000 15 0.00000
236.5 0.00000 15 0.00000
236.6 0.00000 15 0.00000
236.7 0.00000 15 0.00000
236.8 0.00000 15 0.00000
236.9 0.00000 15 0.00000
237.0 0.00000 15 0.00000
237.1 0.00000 15 0.00000
237.2 0.00000 15 0.00000
237.3 0.00000 15 0.00000
237.4 0.00000 15 0.00000
237.5 0.00000 15 0.00000
237.6 0.00000 15 0.00000
237.7 0.00000 15 0.00000
237.8 0.00000 15 0.00000
237.9 0.00000 15 0.00000
238.0 0.00000 15 0.00000
238.1 0.00000 15 0.00000
238.2 0.00000 15 0.00000
238.3 0.00000 15 0.00000
238.4 0.00000 15 0.00000
238.5 0.00000 15 0.00000
238.6 0.00000 15 0.00000
238.7 0.00000 15 0.00000
238.8 0.00000 15 0.00000
238.9 0.00000 15 0.00000
239.0 0.00000 15 0.00000
239.1 0.00000 15 0.00000
239.2 0.00000 15 0.00000
239.3 0.00000 15 0.00000
239.4 0.00000 15 0.00000
239.5 0.00000 15 0.00000
239.6 0.00000 15 0.00000
239.7 0.00000 15 0.00000
239.8 0.00000 15 0.00000
239.9 0.00000 15 0.00000
240.0 0.00000 15 0.00000
240.1 0.00000 15 0.00000
240.2 0.00000 15 0.00000
240.3 0.00000 15 0.00000
240.4 0.00000 15 0.00000
240.5 0.00000 15 0.00000
240.6 0.00000 15 0.00000
240.7 0.00000 15 0.00000
240.8 0.00000 15 0.00000
240.9 0.00000 15 0.00000
241.0 0.00000 15 0.00000
241.1 0.00000 15 0.00000
241.2 0.00000 15 0.00000
241.3 0.00000 15 0.00000
241.4 0.00000 15 0.00000
241.5 0.00000 15 0.00000
241.6 0.00000 15 0.00000
241.7 0.00000 15 0.00000
241.8 0.00000 15 0.00000
241.9 0.00000 15 0.00000
242.0 0.00000 15 0.00000
242.1 0.00000 15 0.00000
242.2 0.00000 15 0.00000
242.3 0.00000 15 0.00000
242.4 0.00000 15 0.00000
242.5 0.00000 15 0.00000
242.6 0.00000 15 0.00000
242.7 0.00000 15 0.00000
242.8 0.00000 15 0.00000
242.9 0.00000 15 0.00000
243.0 0.00000 15 0.00000
243.1 0.00000 15 0.00000
243.2 0.00000 15 0.00000
243.3 0.00000 15 0.00000
243.4 0.00000 15 0.00000
243.5 0.00000 15 0.00000
243.6 0.00000 15 0.00000
243.7 0.00000 15 0.00000
243.8 0.00000 15 0.00000
243.9 0.00000 15 0.00000
244.0 0.00000 15 0.00000
244.1 0.00000 15 0.00000
244.2 0.00000 15 0.00000
244.3 0.00000 15 0.00000
244.4 0.00000 15 0.00000
244.5 0.00000 15 0.00000
244.6 0.00000 15 0.00000
244.7 0.00000 15 0.00000
244.8 0.00000 15 0.00000
244.9 0.00000 15 0.00000
245.0 0.00000 15 0.00000
245.1 0.00000 15 0.00000
245.2 0.00000 15 0.00000
245.3 0.00000 15 0.00000
245.4 0.00000 15 0.00000
245.5 0.00000 15 0.00000
245.6 0.00000 15 0.00000
245.7 0.00000 15 0.00000
245.8 0.00000 15 0.00000
245.9 0.00000 15 0.00000
246.0 0.00000 15 0.00000
246.1 0.00000 15 0.00000
246.2 0.00000 15 0.00000
246.3 0.00000 15 0.00000
246.4 0.00000 15 0.00000
246.5 0.00000 15 0.00000
246.6 0.00000 15 0.00000
246.7 0.00000 15 0.00000
246.8 0.00000 15 0.00000
246.9 0.00000 15 0.00000
247.0 0.00000 15 0.00000
247.1 0.00000 15 0.00000
247.2 0.00000 15 0.00000
247.3 0.00000 15 0.00000
247.4 0.00000 15 0.00000
247.5 0.00000 15 0.00000
247.6 0.00000 15 0.00000
247.7 0.00000 15 0.00000
247.8 0.00000 15 0.00000
247.9 0.00000 15 0.00000
248.0 0.00000 15 0.00000
248.1 0.00000 15 0.00000
248.2 0.00000 15 0.00000
248.3 0.00000 15 0.00000
248.4 0.00000 15 0.00000
248.5 0.00000 15 0.00000
248.6 0.00000 15 0.00000
248.7 0.00000 15 0.00000
248.8 0.00000 15 0.00000
248.9 0.00000 15 0.00000
249.0 0.00000 15 0.00000
249.1 0.00000 15 0.00000
249.2 0.00000 15 0.00000
249.3 0.00000 15 0.00000
249.4 0.00000 15 0.00000
249.5 0.00000 15 0.00000
249.6 0.00000 15 0.00000
249.7 0.00000 15 0.00000
249.8 0.00000 15 0.00000
249.9 0.00000 15 0.00000
250.0 0.00000 15 0.00000
