15.0 2.19848 13 0.09799
15.1 2.24275 13 0.10155
15.2 2.28782 13 0.10512
15.3 2.33217 13 0.10882
15.4 2.37627 13 0.11259
15.5 2.42072 13 0.11637
15.6 2.46546 13 0.12017
15.7 2.51402 14 0.12399
15.8 2.57500 14 0.12780
15.9 2.63690 14 0.13163
16.0 2.69983 14 0.13548
16.1 2.76382 14 0.13933
16.2 2.82886 14 0.14319
16.3 2.89497 14 0.14707
16.4 2.96063 14 0.15099
16.5 3.02879 14 0.15489
16.6 3.09805 14 0.15879
16.7 3.16838 14 0.16270
16.8 3.23982 14 0.16662
16.9 3.31236 14 0.17055
17.0 3.38599 14 0.17449
17.1 3.46075 14 0.17844
17.2 3.53710 14 0.18239
17.3 3.61416 14 0.18636
17.4 3.69233 14 0.19033
17.5 3.77165 14 0.19431
17.6 3.85212 14 0.19830
17.7 3.93374 14 0.20230
17.8 4.00762 14 0.20635
17.9 4.07795 14 0.21037
18.0 4.14890 14 0.21439
18.1 4.22049 14 0.21842
18.2 4.29270 14 0.22246
18.3 4.36556 14 0.22651
18.4 4.43943 14 0.23056
18.5 4.51385 14 0.23461
18.6 4.58863 14 0.23868
18.7 4.66404 14 0.24276
18.8 4.74006 14 0.24684
18.9 4.81663 14 0.25093
19.0 4.90304 14 0.25601
19.1 5.01738 14 0.26273
19.2 5.13341 14 0.26951
19.3 5.25113 14 0.27636
19.4 5.37056 14 0.28328
19.5 5.49252 14 0.29026
19.6 5.61563 14 0.29731
19.7 5.74033 14 0.30442
19.8 5.86674 14 0.31161
19.9 5.99490 14 0.31887
20.0 6.11918 14 0.32623
20.1 6.25072 14 0.33362
20.2 6.38400 14 0.34109
20.3 6.51907 14 0.34862
20.4 6.65596 14 0.35623
20.5 6.85517 14 0.36406
20.6 6.99575 14 0.37181
20.7 7.13747 14 0.37963
20.8 7.27163 14 0.38692
20.9 7.34210 14 0.39059
21.0 7.42036 14 0.39424
21.1 7.49897 14 0.39791
21.2 7.57793 14 0.40158
21.3 7.65728 14 0.40526
21.4 7.73692 14 0.40896
21.5 7.81906 14 0.41265
21.6 7.89961 14 0.41636
21.7 7.98036 14 0.42009
21.8 8.05261 14 0.42385
21.9 8.13399 14 0.42759
22.0 8.21573 14 0.43135
22.1 8.29772 14 0.43511
22.2 8.38004 14 0.43888
22.3 8.46254 14 0.44267
22.4 8.54814 14 0.44645
22.5 8.63146 14 0.45026
22.6 8.70476 14 0.45410
22.7 8.78858 14 0.45792
22.8 8.87274 14 0.46176
22.9 8.95708 14 0.46560
23.0 9.04174 14 0.46946
23.1 9.12664 14 0.47332
23.2 9.21333 14 0.47720
23.3 9.30034 14 0.48108
23.4 9.38611 14 0.48497
23.5 9.45997 14 0.48891
23.6 9.54615 14 0.49283
23.7 9.63255 14 0.49676
23.8 9.71910 14 0.50069
23.9 9.80590 14 0.50464
24.0 9.89280 14 0.50860
24.1 9.98380 14 0.51257
24.2 10.07148 14 0.51655
24.3 10.14505 14 0.52057
24.4 10.23288 14 0.52457
24.5 10.32080 14 0.52858
24.6 10.40896 14 0.53260
24.7 10.49725 14 0.53664
24.8 10.58571 14 0.54068
24.9 10.67854 14 0.54473
25.0 10.75132 14 0.54883
25.1 10.84033 14 0.55290
25.2 10.92947 14 0.55699
25.3 11.01849 14 0.56109
25.4 11.10772 14 0.56520
25.5 11.19705 14 0.56932
25.6 11.28648 14 0.57345
25.7 11.38092 14 0.57759
25.8 11.45186 14 0.58177
25.9 11.54169 14 0.58593
26.0 11.63160 14 0.59011
26.1 11.72153 14 0.59430
26.2 11.81154 14 0.59849
26.3 11.90132 14 0.60270
26.4 11.99133 14 0.60692
26.5 12.08678 14 0.61115
26.6 12.15495 14 0.61542
26.7 12.24502 14 0.61967
26.8 12.33519 14 0.62394
26.9 12.42527 14 0.62821
27.0 12.51523 14 0.63250
27.1 12.60522 14 0.63680
27.2 12.69706 14 0.64111
27.3 12.76585 14 0.64545
27.4 12.85570 14 0.64979
27.5 12.94563 14 0.65413
27.6 13.03539 14 0.65849
27.7 13.12492 14 0.66286
27.8 13.21434 14 0.66724
27.9 13.30360 14 0.67163
28.0 13.36738 14 0.67605
28.1 13.46063 14 0.68046
28.2 13.54951 14 0.68489
28.3 13.63832 14 0.68933
28.4 13.72678 14 0.69378
28.5 13.81511 14 0.69824
28.6 13.90337 14 0.70271
28.7 13.95971 14 0.70722
28.8 14.05530 14 0.71171
28.9 14.14301 14 0.71622
29.0 14.23043 14 0.72074
29.1 14.31746 14 0.72527
29.2 14.40415 14 0.72981
29.3 14.49065 14 0.73437
29.4 14.54195 14 0.73896
29.5 14.62719 14 0.74354
29.6 14.72185 14 0.74812
29.7 14.80721 14 0.75273
29.8 14.89202 14 0.75734
29.9 14.97663 14 0.76197
30.0 15.02302 14 0.76663
30.1 15.10629 14 0.77128
30.2 15.18914 14 0.77595
30.3 15.27172 14 0.78062
30.4 15.36465 14 0.78531
30.5 15.44673 14 0.79001
30.6 15.48745 14 0.79474
30.7 15.56811 14 0.79947
30.8 15.64814 14 0.80420
30.9 15.72772 14 0.80895
31.0 15.80690 14 0.81371
31.1 15.88887 14 0.81849
31.2 15.93155 14 0.82329
31.3 16.00908 14 0.82809
31.4 16.08610 14 0.83290
31.5 16.16252 14 0.83772
31.6 16.23855 14 0.84256
31.7 16.26628 14 0.84742
31.8 16.34015 14 0.85228
31.9 16.41384 14 0.85716
32.0 16.49965 14 0.86204
32.1 16.52247 14 0.86695
32.2 16.59363 14 0.87186
32.3 16.66401 14 0.87679
32.4 16.68227 14 0.88174
32.5 16.75029 14 0.88668
32.6 16.76573 14 0.89166
32.7 16.83143 14 0.89663
32.8 16.85887 14 0.90162
32.9 16.71350 14 0.90667
33.0 16.77372 14 0.91168
33.1 16.83285 14 0.91670
33.2 16.89071 14 0.92173
33.3 16.94794 14 0.92678
33.4 17.00448 14 0.93184
33.5 17.05985 14 0.93691
33.6 17.12558 14 0.94199
33.7 17.18548 14 0.94708
33.8 17.23849 14 0.95219
33.9 17.29035 14 0.95732
34.0 17.34138 14 0.96245
34.1 17.39147 14 0.96760
34.2 17.44097 14 0.97276
34.3 17.48916 14 0.97793
34.4 17.54375 14 0.98312
34.5 17.60081 14 0.98831
34.6 17.64641 14 0.99352
34.7 17.69065 14 0.99875
34.8 17.66831 14 1.00000
34.9 17.62467 14 1.00000
35.0 17.58023 14 1.00000
35.1 17.53486 14 1.00000
35.2 17.48892 14 1.00000
35.3 17.46009 14 1.00000
35.4 17.41237 14 1.00000
35.5 17.36352 14 1.00000
35.6 17.21667 14 1.00000
35.7 17.16754 14 1.00000
35.8 17.11706 14 1.00000
35.9 17.06577 14 1.00000
36.0 17.01324 14 1.00000
36.1 16.87238 14 1.00000
36.2 16.81937 14 1.00000
36.3 16.76565 14 1.00000
36.4 16.71089 14 1.00000
36.5 16.65506 14 1.00000
36.6 16.49027 14 1.00000
36.7 16.43357 14 1.00000
36.8 16.37551 14 1.00000
36.9 16.31838 14 1.00000
37.0 16.27739 14 1.00000
37.1 15.57511 14 1.00000
37.2 14.27523 14 1.00000
37.3 13.80390 14 1.00000
37.4 13.80579 14 1.00000
37.5 13.80730 14 1.00000
37.6 13.72181 14 1.00000
37.7 13.66445 14 1.00000
37.8 13.62312 14 1.00000
37.9 13.57187 14 1.00000
38.0 13.57701 14 1.00000
38.1 13.58405 14 1.00000
38.2 13.50323 14 1.00000
38.3 13.44631 14 1.00000
38.4 13.45361 14 1.00000
38.5 13.41897 14 1.00000
38.6 13.38460 14 1.00000
38.7 13.35861 14 1.00000
38.8 13.30808 14 1.00000
38.9 13.23773 14 1.00000
39.0 13.24981 14 1.00000
39.1 13.25577 14 1.00000
39.2 13.17834 14 0.99952
39.3 13.13007 14 0.99724
39.4 12.99426 14 0.99081
39.5 13.03677 14 0.99283
39.6 12.88005 14 0.98537
39.7 12.84686 14 0.98379
39.8 12.70222 14 0.97686
39.9 12.59490 14 0.97169
40.0 12.50590 14 0.96738
40.1 12.52241 14 0.96818
40.2 12.39179 14 0.96184
40.3 12.22801 14 0.95384
40.4 12.11016 14 0.94804
40.5 12.09239 14 0.94717
40.6 12.24330 14 0.95459
40.7 12.29683 14 0.95721
40.8 12.34274 14 0.95945
40.9 12.38504 14 0.96151
41.0 12.42906 14 0.96365
41.1 12.59055 14 0.97148
41.2 12.70171 14 0.97683
41.3 12.84680 14 0.98379
41.4 12.90614 14 0.98662
41.5 12.97291 14 0.98980
41.6 13.03770 14 0.99287
41.7 13.10089 14 0.99586
41.8 13.16181 14 0.99874
41.9 13.21437 14 1.00000
42.0 13.27740 14 1.00000
42.1 13.33020 14 1.00000
42.2 13.37612 14 1.00000
42.3 13.41689 14 1.00000
42.4 13.48274 14 1.00000
42.5 13.51667 14 1.00000
42.6 13.54579 14 1.00000
42.7 13.57526 14 1.00000
42.8 13.60401 14 1.00000
42.9 13.63183 14 1.00000
43.0 13.65815 14 1.00000
43.1 13.70974 14 1.00000
43.2 13.76968 14 1.00000
43.3 13.82096 14 1.00000
43.4 13.86632 14 1.00000
43.5 13.90695 14 1.00000
43.6 13.97457 14 1.00000
43.7 14.00728 14 1.00000
43.8 14.03705 14 1.00000
43.9 14.07123 14 1.00000
44.0 14.10231 14 1.00000
44.1 14.13313 14 1.00000
44.2 14.16451 14 1.00000
44.3 14.20538 14 1.00000
44.4 14.23515 14 1.00000
44.5 14.28193 14 1.00000
44.6 14.31010 14 1.00000
44.7 14.36670 14 1.00000
44.8 14.38820 14 1.00000
44.9 14.45455 14 1.00000
45.0 14.47060 14 1.00000
45.1 14.54268 14 1.00000
45.2 14.55287 14 1.00000
45.3 14.62507 14 1.00000
45.4 14.63615 14 1.00000
45.5 14.71057 14 1.00000
45.6 14.71830 14 1.00000
45.7 14.79513 14 1.00000
45.8 14.80128 14 1.00000
45.9 14.88277 14 1.00000
46.0 14.88573 14 1.00000
46.1 14.96824 14 1.00000
46.2 14.97099 14 1.00000
46.3 15.05604 14 1.00000
46.4 15.05634 14 1.00000
46.5 15.10432 14 1.00000
46.6 15.16734 14 1.00000
46.7 15.17816 14 1.00000
46.8 15.25960 14 1.00000
46.9 15.26253 14 1.00000
47.0 15.32144 14 1.00000
47.1 15.37354 14 1.00000
47.2 15.39108 14 1.00000
47.3 15.43255 14 1.00000
47.4 15.47312 14 1.00000
47.5 15.52681 14 1.00000
47.6 15.59160 14 1.00000
47.7 15.59442 14 1.00000
47.8 15.65780 14 1.00000
47.9 15.71447 14 1.00000
48.0 15.71938 14 1.00000
48.1 15.78891 14 1.00000
48.2 15.80861 14 1.00000
48.3 15.84501 14 1.00000
48.4 15.91395 14 1.00000
48.5 15.98094 14 1.00000
48.6 15.97687 14 1.00000
48.7 16.03467 14 1.00000
48.8 16.10182 14 1.00000
48.9 16.11032 14 1.00000
49.0 16.15164 14 1.00000
49.1 16.21706 14 1.00000
49.2 16.28583 14 1.00000
49.3 16.27330 14 1.00000
49.4 16.32914 14 1.00000
49.5 16.39624 14 1.00000
49.6 16.45951 14 1.00000
49.7 16.44049 14 1.00000
49.8 16.50217 14 1.00000
49.9 16.57015 14 1.00000
50.0 16.60122 14 1.00000
50.1 16.61248 14 1.00000
50.2 16.67075 14 1.00000
50.3 16.73648 14 1.00000
50.4 16.80197 14 1.00000
50.5 16.79115 14 1.00000
50.6 16.83000 14 1.00000
50.7 16.89495 14 1.00000
50.8 16.96243 14 1.00000
50.9 16.98724 14 1.00000
51.0 16.99687 14 1.00000
51.1 17.04720 14 1.00000
51.2 17.11448 14 1.00000
51.3 17.17739 14 1.00000
51.4 17.20147 14 1.00000
51.5 17.21156 14 1.00000
51.6 17.25653 14 1.00000
51.7 17.32197 14 1.00000
51.8 17.38737 14 1.00000
51.9 17.42401 14 1.00000
52.0 17.43337 14 1.00000
52.1 17.45681 14 1.00000
52.2 17.52346 14 1.00000
52.3 17.58793 14 1.00000
52.4 17.64009 14 1.00000
52.5 17.68077 14 1.00000
52.6 17.69022 14 1.00000
52.7 17.71567 14 1.00000
52.8 17.77634 14 1.00000
52.9 17.83969 14 1.00000
53.0 17.84389 14 1.00000
53.1 17.94502 14 1.00000
53.2 17.97457 14 1.00000
53.3 17.98714 14 1.00000
53.4 18.01454 14 1.00000
53.5 18.07942 14 1.00000
53.6 18.14143 14 1.00000
53.7 18.20759 14 1.00000
53.8 18.24873 14 1.00000
53.9 18.28268 14 1.00000
54.0 18.29365 14 1.00000
54.1 18.32180 14 1.00000
54.2 18.36690 14 1.00000
54.3 18.39830 14 1.00000
54.4 18.50480 14 1.00000
54.5 18.55227 14 1.00000
54.6 18.59468 14 1.00000
54.7 18.63148 14 1.00000
54.8 18.65877 14 1.00000
54.9 18.67641 14 1.00000
55.0 18.70033 14 1.00000
55.1 18.81884 14 1.00000
55.2 18.87659 14 1.00000
55.3 18.89184 14 1.00000
55.4 18.94167 14 1.00000
55.5 18.98650 14 1.00000
55.6 19.02676 14 1.00000
55.7 19.06055 14 1.00000
55.8 19.07657 14 1.00000
55.9 19.13270 14 1.00000
56.0 19.18937 14 1.00000
56.1 19.24589 14 1.00000
56.2 19.30250 14 1.00000
56.3 19.35583 14 1.00000
56.4 19.37090 14 1.00000
56.5 19.42015 14 1.00000
56.6 19.46572 14 1.00000
56.7 19.50598 14 1.00000
56.8 19.53265 14 1.00000
56.9 19.53185 14 1.00000
57.0 19.58917 14 1.00000
57.1 19.64401 14 1.00000
57.2 19.70330 14 1.00000
57.3 19.75291 14 1.00000
57.4 19.81208 14 1.00000
57.5 19.86615 14 1.00000
57.6 19.92450 14 1.00000
57.7 19.93119 14 1.00000
57.8 19.92031 14 1.00000
57.9 20.02277 14 1.00000
58.0 20.05739 14 1.00000
58.1 20.08098 14 1.00000
58.2 20.11752 14 1.00000
58.3 20.14961 14 1.00000
58.4 20.17623 14 1.00000
58.5 20.23355 14 1.00000
58.6 20.28762 14 1.00000
58.7 20.34256 14 1.00000
58.8 20.39684 14 1.00000
58.9 20.47083 14 1.00000
59.0 20.54398 14 1.00000
59.1 20.55526 14 1.00000
59.2 20.60331 14 1.00000
59.3 20.65084 14 1.00000
59.4 20.69259 14 1.00000
59.5 20.73997 14 1.00000
59.6 20.78602 14 1.00000
59.7 20.82640 14 1.00000
59.8 20.86730 14 1.00000
59.9 20.90909 14 1.00000
60.0 20.94218 14 1.00000
60.1 20.97062 14 1.00000
60.2 21.05051 14 1.00000
60.3 21.06469 14 1.00000
60.4 21.08064 14 1.00000
60.5 21.13153 14 1.00000
60.6 21.18138 14 1.00000
60.7 21.23172 14 1.00000
60.8 21.27991 14 1.00000
60.9 21.33422 14 1.00000
61.0 21.38225 14 1.00000
61.1 21.43697 14 1.00000
61.2 21.48653 14 1.00000
61.3 21.53447 14 1.00000
61.4 21.58768 14 1.00000
61.5 21.63269 14 1.00000
61.6 21.68754 14 1.00000
61.7 21.73969 14 1.00000
61.8 21.75772 14 1.00000
61.9 21.72982 14 1.00000
62.0 21.85436 14 1.00000
62.1 21.90022 14 1.00000
62.2 21.94501 14 1.00000
62.3 21.98989 14 1.00000
62.4 22.03461 14 1.00000
62.5 22.07822 14 1.00000
62.6 22.12030 14 1.00000
62.7 22.16980 14 1.00000
62.8 22.21397 14 1.00000
62.9 22.25759 14 1.00000
63.0 22.30120 14 1.00000
63.1 22.34427 14 1.00000
63.2 22.39213 14 1.00000
63.3 22.45396 14 1.00000
63.4 22.44460 14 1.00000
63.5 22.48880 14 1.00000
63.6 22.53310 14 1.00000
63.7 22.57638 14 1.00000
63.8 22.61502 14 1.00000
63.9 22.66377 14 1.00000
64.0 22.70526 14 1.00000
64.1 22.74648 14 1.00000
64.2 22.78471 14 1.00000
64.3 22.83608 14 1.00000
64.4 22.87906 14 1.00000
64.5 22.92159 14 1.00000
64.6 22.96450 14 1.00000
64.7 23.00823 14 1.00000
64.8 23.05111 14 1.00000
64.9 23.09397 14 1.00000
65.0 23.13778 14 1.00000
65.1 23.18148 14 1.00000
65.2 23.22648 14 1.00000
65.3 23.27169 14 1.00000
65.4 23.31777 14 1.00000
65.5 23.36358 14 1.00000
65.6 23.41109 14 1.00000
65.7 23.45784 14 1.00000
65.8 23.51058 14 1.00000
65.9 23.61124 14 1.00000
66.0 23.60255 14 1.00000
66.1 23.60854 14 1.00000
66.2 23.65528 14 1.00000
66.3 23.70545 14 1.00000
66.4 23.75637 14 1.00000
66.5 23.80637 14 1.00000
66.6 23.85658 14 1.00000
66.7 23.90704 14 1.00000
66.8 23.95741 14 1.00000
66.9 23.99803 14 1.00000
67.0 24.05350 14 1.00000
67.1 24.10521 14 1.00000
67.2 24.15686 14 1.00000
67.3 24.20341 14 1.00000
67.4 24.27205 14 1.00000
67.5 24.28091 14 1.00000
67.6 24.33650 14 1.00000
67.7 24.38348 14 1.00000
67.8 24.43742 14 1.00000
67.9 24.48821 14 1.00000
68.0 24.53345 14 1.00000
68.1 24.58517 14 1.00000
68.2 24.62364 14 1.00000
68.3 24.67963 14 1.00000
68.4 24.73092 14 1.00000
68.5 24.76924 14 1.00000
68.6 24.84931 14 1.00000
68.7 24.90803 14 1.00000
68.8 24.91016 14 1.00000
68.9 24.97844 14 1.00000
69.0 25.03438 14 1.00000
69.1 25.08203 14 1.00000
69.2 25.12869 14 1.00000
69.3 25.18233 14 1.00000
69.4 25.22275 14 1.00000
69.5 25.27380 14 1.00000
69.6 25.32153 14 1.00000
69.7 25.36725 14 1.00000
69.8 25.41442 14 1.00000
69.9 25.45889 14 1.00000
70.0 25.50324 14 1.00000
70.1 25.55676 14 1.00000
70.2 25.59981 14 1.00000
70.3 25.63815 14 1.00000
70.4 25.68543 14 1.00000
70.5 25.73709 14 1.00000
70.6 25.69774 14 1.00000
70.7 25.81678 14 1.00000
70.8 25.86693 14 1.00000
70.9 25.91171 14 1.00000
71.0 25.95397 14 1.00000
71.1 26.05327 14 1.00000
71.2 26.09126 14 1.00000
71.3 26.12162 14 1.00000
71.4 26.16886 14 1.00000
71.5 26.20456 14 1.00000
71.6 26.19445 14 1.00000
71.7 26.29446 14 1.00000
71.8 26.33684 14 1.00000
71.9 26.37117 14 1.00000
72.0 26.40730 14 1.00000
72.1 26.44300 14 1.00000
72.2 26.47078 14 1.00000
72.3 26.52460 14 1.00000
72.4 26.56914 14 1.00000
72.5 26.60353 14 1.00000
72.6 26.62893 14 1.00000
72.7 26.68398 14 1.00000
72.8 26.71841 14 1.00000
72.9 26.75131 14 1.00000
73.0 26.78359 14 1.00000
73.1 26.84286 14 1.00000
73.2 26.91228 14 1.00000
73.3 26.95779 14 1.00000
73.4 27.03262 14 1.00000
73.5 27.08371 14 1.00000
73.6 27.12702 14 1.00000
73.7 27.19918 14 1.00000
73.8 27.24097 14 1.00000
73.9 27.30169 14 1.00000
74.0 27.37509 14 1.00000
74.1 27.42434 14 1.00000
74.2 27.46358 14 1.00000
74.3 27.52618 14 1.00000
74.4 27.57786 14 1.00000
74.5 27.62715 14 1.00000
74.6 27.67377 14 1.00000
74.7 27.71826 14 1.00000
74.8 27.75386 14 1.00000
74.9 27.80761 14 1.00000
75.0 27.86768 14 1.00000
75.1 27.86197 14 1.00000
75.2 27.93749 14 1.00000
75.3 27.97953 14 1.00000
75.4 28.07532 14 1.00000
75.5 28.11630 14 1.00000
75.6 28.16053 14 1.00000
75.7 28.19251 14 1.00000
75.8 28.21744 14 1.00000
75.9 28.27213 14 1.00000
76.0 28.30349 14 1.00000
76.1 28.33568 14 1.00000
76.2 28.38081 14 1.00000
76.3 28.41137 14 1.00000
76.4 28.42718 14 1.00000
76.5 28.52574 14 1.00000
76.6 28.53090 14 1.00000
76.7 28.55548 14 1.00000
76.8 28.57615 14 1.00000
76.9 28.66062 14 1.00000
77.0 28.72303 14 1.00000
77.1 28.77353 14 1.00000
77.2 28.82713 14 1.00000
77.3 28.86970 14 1.00000
77.4 28.95277 14 1.00000
77.5 29.00943 14 1.00000
77.6 29.07536 14 1.00000
77.7 29.12465 14 1.00000
77.8 29.18907 14 1.00000
77.9 29.23434 14 1.00000
78.0 29.29475 14 1.00000
78.1 29.34750 14 1.00000
78.2 29.35957 14 1.00000
78.3 29.44072 14 1.00000
78.4 29.47364 14 1.00000
78.5 29.53534 14 1.00000
78.6 29.56521 14 1.00000
78.7 29.62160 14 1.00000
78.8 29.66385 14 1.00000
78.9 29.70336 14 1.00000
79.0 29.81489 14 1.00000
79.1 29.82503 14 1.00000
79.2 29.88885 14 1.00000
79.3 29.91410 14 1.00000
79.4 29.96328 14 1.00000
79.5 30.00123 14 1.00000
79.6 30.04787 14 1.00000
79.7 30.07438 14 1.00000
79.8 30.11126 14 1.00000
79.9 30.14696 14 1.00000
80.0 30.17152 14 1.00000
80.1 30.21649 14 1.00000
80.2 30.24942 14 1.00000
80.3 30.27244 14 1.00000
80.4 30.29330 14 1.00000
80.5 30.32593 14 1.00000
80.6 30.41994 14 1.00000
80.7 30.50138 14 1.00000
80.8 30.55404 14 1.00000
80.9 30.66089 14 1.00000
81.0 30.73530 14 1.00000
81.1 30.72745 14 1.00000
81.2 30.79834 14 1.00000
81.3 30.87832 14 1.00000
81.4 30.85195 14 1.00000
81.5 30.97854 14 1.00000
81.6 31.03387 14 1.00000
81.7 31.08030 14 1.00000
81.8 31.12768 14 1.00000
81.9 31.16605 14 1.00000
82.0 31.23049 14 1.00000
82.1 31.26967 14 1.00000
82.2 31.31873 14 1.00000
82.3 31.35708 14 1.00000
82.4 31.39189 14 1.00000
82.5 31.52247 14 1.00000
82.6 31.55024 14 1.00000
82.7 31.51636 14 1.00000
82.8 31.63322 14 1.00000
82.9 31.67177 14 1.00000
83.0 31.70087 14 1.00000
83.1 31.71957 14 1.00000
83.2 31.78304 14 1.00000
83.3 31.77992 14 1.00000
83.4 31.83489 14 1.00000
83.5 31.88667 14 1.00000
83.6 31.89665 14 1.00000
83.7 32.03509 14 1.00000
83.8 31.98874 14 1.00000
83.9 32.01185 14 1.00000
84.0 32.02852 14 1.00000
84.1 32.15762 14 1.00000
84.2 32.14396 14 1.00000
84.3 32.24047 14 1.00000
84.4 32.31073 14 1.00000
84.5 32.41077 14 1.00000
84.6 32.44033 14 1.00000
84.7 32.51967 14 1.00000
84.8 32.55733 14 1.00000
84.9 32.61202 14 1.00000
85.0 32.67573 14 1.00000
85.1 32.74535 14 1.00000
85.2 32.80016 14 1.00000
85.3 32.84990 14 1.00000
85.4 32.88552 14 1.00000
85.5 32.95028 14 1.00000
85.6 32.99885 14 1.00000
85.7 33.04376 14 1.00000
85.8 33.05511 14 1.00000
85.9 33.12625 14 1.00000
86.0 33.15360 14 1.00000
86.1 33.21601 14 1.00000
86.2 33.34854 14 1.00000
86.3 33.38200 14 1.00000
86.4 33.42355 14 1.00000
86.5 33.46535 14 1.00000
86.6 33.50396 14 1.00000
86.7 33.54185 14 1.00000
86.8 33.55203 14 1.00000
86.9 33.61182 14 1.00000
87.0 33.65702 14 1.00000
87.1 33.69408 14 1.00000
87.2 33.70845 14 1.00000
87.3 33.76252 14 1.00000
87.4 33.79015 14 1.00000
87.5 33.81195 14 1.00000
87.6 33.80030 14 1.00000
87.7 33.89076 14 1.00000
87.8 34.02640 14 1.00000
87.9 34.12976 14 1.00000
88.0 34.15604 14 1.00000
88.1 34.03041 14 1.00000
88.2 34.07314 14 1.00000
88.3 34.14466 14 1.00000
88.4 34.23503 14 1.00000
88.5 34.31378 14 1.00000
88.6 34.36858 14 1.00000
88.7 34.44254 14 1.00000
88.8 34.50714 14 1.00000
88.9 34.55629 14 1.00000
89.0 34.62500 14 1.00000
89.1 34.66612 14 1.00000
89.2 34.72641 14 1.00000
89.3 34.79683 14 1.00000
89.4 34.86771 14 1.00000
89.5 34.92022 14 1.00000
89.6 34.94593 14 1.00000
89.7 35.01200 14 1.00000
89.8 35.06590 14 1.00000
89.9 35.11303 14 1.00000
90.0 35.15049 14 1.00000
90.1 35.21883 14 1.00000
90.2 35.26727 14 1.00000
90.3 35.31027 14 1.00000
90.4 35.33417 14 1.00000
90.5 35.40268 14 1.00000
90.6 35.42733 14 1.00000
90.7 35.48821 14 1.00000
90.8 35.61761 14 1.00000
90.9 35.64939 14 1.00000
91.0 35.67783 14 1.00000
91.1 35.73595 14 1.00000
91.2 35.77956 14 1.00000
91.3 35.81897 14 1.00000
91.4 35.83461 14 1.00000
91.5 35.89749 14 1.00000
91.6 35.93993 14 1.00000
91.7 35.95793 14 1.00000
91.8 36.01962 14 1.00000
91.9 36.03002 14 1.00000
92.0 36.09752 14 1.00000
92.1 36.12812 14 1.00000
92.2 36.15873 14 1.00000
92.3 36.21063 14 1.00000
92.4 36.24609 14 1.00000
92.5 36.27665 14 1.00000
92.6 36.30436 14 1.00000
92.7 36.33007 14 1.00000
92.8 36.36599 14 1.00000
92.9 36.46338 14 1.00000
93.0 36.55030 14 1.00000
93.1 36.62179 14 1.00000
93.2 36.68467 14 1.00000
93.3 36.75705 14 1.00000
93.4 36.81027 14 1.00000
93.5 36.88165 14 1.00000
93.6 36.92345 14 1.00000
93.7 36.99923 14 1.00000
93.8 37.05434 14 1.00000
93.9 37.09212 14 1.00000
94.0 37.16063 14 1.00000
94.1 37.23264 14 1.00000
94.2 37.29737 14 1.00000
94.3 37.35137 14 1.00000
94.4 37.40357 14 1.00000
94.5 37.45498 14 1.00000
94.6 37.50611 14 1.00000
94.7 37.55650 14 1.00000
94.8 37.60577 14 1.00000
94.9 37.64879 14 1.00000
95.0 37.67111 14 1.00000
95.1 37.74865 14 1.00000
95.2 37.79081 14 1.00000
95.3 37.83248 14 1.00000
95.4 37.88463 14 1.00000
95.5 37.90281 14 1.00000
95.6 38.06091 14 1.00000
95.7 38.09877 14 1.00000
95.8 38.11092 14 1.00000
95.9 38.18062 14 1.00000
96.0 38.22577 14 1.00000
96.1 38.25815 14 1.00000
96.2 38.30033 14 1.00000
96.3 38.35127 14 1.00000
96.4 38.37920 14 1.00000
96.5 38.43058 14 1.00000
96.6 38.47379 14 1.00000
96.7 38.51098 14 1.00000
96.8 38.55398 14 1.00000
96.9 38.59570 14 1.00000
97.0 38.62122 14 1.00000
97.1 38.67236 14 1.00000
97.2 38.71285 14 1.00000
97.3 38.74924 14 1.00000
97.4 38.78135 14 1.00000
97.5 38.80985 14 1.00000
97.6 38.84184 14 1.00000
97.7 38.93997 14 1.00000
97.8 39.02393 14 1.00000
97.9 39.06641 14 1.00000
98.0 39.16770 14 1.00000
98.1 39.20834 14 1.00000
98.2 39.30107 14 1.00000
98.3 39.33262 14 1.00000
98.4 39.42638 14 1.00000
98.5 39.47141 14 1.00000
98.6 39.54148 14 1.00000
98.7 39.60344 14 1.00000
98.8 39.65763 14 1.00000
98.9 39.69291 14 1.00000
99.0 39.76016 14 1.00000
99.1 39.82861 14 1.00000
99.2 39.88585 14 1.00000
99.3 39.94822 14 1.00000
99.4 40.00409 14 1.00000
99.5 40.05611 14 1.00000
99.6 40.10371 14 1.00000
99.7 40.14321 14 1.00000
99.8 40.21331 14 1.00000
99.9 40.26735 14 1.00000
100.0 40.31535 14 1.00000
100.1 40.34310 14 1.00000
100.2 40.41202 14 1.00000
100.3 40.45698 14 1.00000
100.4 40.49231 14 1.00000
100.5 40.50000 14 1.00000
100.6 40.50000 14 1.00000
100.7 40.50000 14 1.00000
100.8 40.50000 14 1.00000
100.9 40.50000 14 1.00000
101.0 40.50000 14 1.00000
101.1 40.50000 14 1.00000
101.2 40.50000 14 1.00000
101.3 40.50000 14 1.00000
101.4 40.50000 14 1.00000
101.5 40.50000 14 1.00000
101.6 40.50000 14 1.00000
101.7 40.50000 14 1.00000
101.8 40.50000 14 1.00000
101.9 40.50000 14 1.00000
102.0 40.50000 14 1.00000
102.1 40.50000 14 1.00000
102.2 40.50000 14 1.00000
102.3 40.50000 14 1.00000
102.4 40.50000 14 1.00000
102.5 40.50000 14 1.00000
102.6 40.50000 14 1.00000
102.7 40.50000 14 1.00000
102.8 40.50000 14 1.00000
102.9 40.50000 14 1.00000
103.0 40.50000 14 1.00000
103.1 40.50000 14 1.00000
103.2 40.50000 14 1.00000
103.3 40.50000 14 1.00000
103.4 40.50000 14 1.00000
103.5 40.50000 14 1.00000
103.6 40.50000 14 1.00000
103.7 40.50000 14 1.00000
103.8 40.50000 14 1.00000
103.9 40.50000 14 1.00000
104.0 40.50000 14 1.00000
104.1 40.50000 14 1.00000
104.2 40.50000 14 1.00000
104.3 40.50000 14 1.00000
104.4 40.50000 14 1.00000
104.5 40.50000 14 1.00000
104.6 40.50000 14 1.00000
104.7 40.50000 14 1.00000
104.8 40.50000 14 1.00000
104.9 40.50000 14 1.00000
105.0 40.50000 14 1.00000
105.1 40.50000 14 1.00000
105.2 40.50000 14 1.00000
105.3 40.50000 14 1.00000
105.4 40.50000 14 1.00000
105.5 40.50000 14 1.00000
105.6 40.50000 14 1.00000
105.7 40.50000 14 1.00000
105.8 40.50000 14 1.00000
105.9 40.50000 14 1.00000
106.0 40.50000 14 1.00000
106.1 40.50000 14 1.00000
106.2 40.50000 14 1.00000
106.3 40.50000 14 1.00000
106.4 40.50000 14 1.00000
106.5 40.50000 14 1.00000
106.6 40.50000 14 1.00000
106.7 40.50000 14 1.00000
106.8 40.50000 14 1.00000
106.9 40.50000 14 1.00000
107.0 40.50000 14 1.00000
107.1 40.50000 14 1.00000
107.2 40.50000 14 1.00000
107.3 40.50000 14 1.00000
107.4 40.50000 14 1.00000
107.5 40.50000 14 1.00000
107.6 40.50000 14 1.00000
107.7 40.50000 14 1.00000
107.8 40.50000 14 1.00000
107.9 40.50000 14 1.00000
108.0 40.50000 14 1.00000
108.1 40.50000 14 1.00000
108.2 40.50000 14 1.00000
108.3 40.50000 14 1.00000
108.4 40.50000 14 1.00000
108.5 40.50000 14 1.00000
108.6 40.50000 14 1.00000
108.7 40.50000 14 1.00000
108.8 40.50000 14 1.00000
108.9 40.50000 14 1.00000
109.0 40.50000 14 1.00000
109.1 40.50000 14 1.00000
109.2 40.50000 14 1.00000
109.3 40.50000 14 1.00000
109.4 40.50000 14 1.00000
109.5 40.50000 14 1.00000
109.6 40.50000 14 1.00000
109.7 40.50000 14 1.00000
109.8 40.50000 14 1.00000
109.9 40.50000 14 1.00000
110.0 40.50000 14 1.00000
110.1 40.50000 14 1.00000
110.2 40.50000 14 1.00000
110.3 40.50000 14 1.00000
110.4 40.50000 14 1.00000
110.5 40.50000 14 1.00000
110.6 40.50000 14 1.00000
110.7 40.50000 14 1.00000
110.8 40.50000 14 1.00000
110.9 40.50000 14 1.00000
111.0 40.50000 14 1.00000
111.1 40.50000 14 1.00000
111.2 40.50000 14 1.00000
111.3 40.50000 14 1.00000
111.4 40.50000 14 1.00000
111.5 40.50000 14 1.00000
111.6 40.50000 14 1.00000
111.7 40.50000 14 1.00000
111.8 40.50000 14 1.00000
111.9 40.50000 14 1.00000
112.0 40.50000 14 1.00000
112.1 40.50000 14 1.00000
112.2 40.50000 14 1.00000
112.3 40.50000 14 1.00000
112.4 40.50000 14 1.00000
112.5 40.50000 14 1.00000
112.6 40.50000 14 1.00000
112.7 40.50000 14 1.00000
112.8 40.50000 14 1.00000
112.9 40.50000 14 1.00000
113.0 40.50000 14 1.00000
113.1 40.50000 14 1.00000
113.2 40.50000 14 1.00000
113.3 40.50000 14 1.00000
113.4 40.50000 14 1.00000
113.5 40.50000 14 1.00000
113.6 40.50000 14 1.00000
113.7 40.50000 14 1.00000
113.8 40.50000 14 1.00000
113.9 40.50000 14 1.00000
114.0 40.50000 14 1.00000
114.1 40.50000 14 1.00000
114.2 40.50000 14 1.00000
114.3 40.50000 14 1.00000
114.4 40.50000 14 1.00000
114.5 40.50000 14 1.00000
114.6 40.50000 14 1.00000
114.7 40.50000 14 1.00000
114.8 40.50000 14 1.00000
114.9 40.50000 14 1.00000
115.0 40.50000 14 1.00000
115.1 40.50000 14 1.00000
115.2 40.50000 14 1.00000
115.3 40.50000 14 1.00000
115.4 40.50000 14 1.00000
115.5 40.50000 14 1.00000
115.6 40.50000 14 1.00000
115.7 40.50000 14 1.00000
115.8 40.50000 14 1.00000
115.9 40.50000 14 1.00000
116.0 40.50000 14 1.00000
116.1 40.50000 14 1.00000
116.2 40.50000 14 1.00000
116.3 40.50000 14 1.00000
116.4 40.50000 14 1.00000
116.5 40.50000 14 1.00000
116.6 40.50000 14 1.00000
116.7 40.50000 14 1.00000
116.8 40.50000 14 1.00000
116.9 40.50000 14 1.00000
117.0 40.50000 14 1.00000
117.1 40.50000 14 1.00000
117.2 40.50000 14 1.00000
117.3 40.50000 14 1.00000
117.4 40.50000 14 1.00000
117.5 40.50000 14 1.00000
117.6 40.50000 14 1.00000
117.7 40.50000 14 1.00000
117.8 40.50000 14 1.00000
117.9 40.50000 14 1.00000
118.0 40.50000 14 1.00000
118.1 40.50000 14 1.00000
118.2 40.50000 14 1.00000
118.3 40.50000 14 1.00000
118.4 40.50000 14 1.00000
118.5 40.50000 14 1.00000
118.6 40.50000 14 1.00000
118.7 40.50000 14 1.00000
118.8 40.50000 14 1.00000
118.9 40.50000 14 1.00000
119.0 40.50000 14 1.00000
119.1 40.50000 14 1.00000
119.2 40.50000 14 1.00000
119.3 40.50000 14 1.00000
119.4 40.50000 14 1.00000
119.5 40.50000 14 1.00000
119.6 40.50000 14 1.00000
119.7 40.50000 14 1.00000
119.8 40.50000 14 1.00000
119.9 40.50000 14 1.00000
120.0 40.50000 14 1.00000
120.1 40.50000 14 1.00000
120.2 40.50000 14 1.00000
120.3 40.50000 14 1.00000
120.4 40.50000 14 1.00000
120.5 40.50000 14 1.00000
120.6 40.50000 14 1.00000
120.7 40.50000 14 1.00000
120.8 40.50000 14 1.00000
120.9 40.50000 14 1.00000
121.0 40.50000 14 1.00000
121.1 40.50000 14 1.00000
121.2 40.50000 14 1.00000
121.3 40.50000 14 1.00000
121.4 40.50000 14 1.00000
121.5 40.50000 14 1.00000
121.6 40.50000 14 1.00000
121.7 40.50000 14 1.00000
121.8 40.50000 14 1.00000
121.9 40.50000 14 1.00000
122.0 40.50000 14 1.00000
122.1 40.50000 14 1.00000
122.2 40.50000 14 1.00000
122.3 40.50000 14 1.00000
122.4 40.50000 14 1.00000
122.5 40.50000 14 1.00000
122.6 40.50000 14 1.00000
122.7 40.50000 14 1.00000
122.8 40.50000 14 1.00000
122.9 40.50000 14 1.00000
123.0 40.50000 14 1.00000
123.1 40.50000 14 1.00000
123.2 40.50000 14 1.00000
123.3 40.50000 14 1.00000
123.4 40.50000 14 1.00000
123.5 40.50000 14 1.00000
123.6 40.50000 14 1.00000
123.7 40.50000 14 1.00000
123.8 40.50000 14 1.00000
123.9 40.50000 14 1.00000
124.0 40.50000 14 1.00000
124.1 40.50000 14 1.00000
124.2 40.50000 14 1.00000
124.3 40.50000 14 1.00000
124.4 40.50000 14 1.00000
124.5 40.50000 14 1.00000
124.6 40.50000 14 1.00000
124.7 40.50000 14 1.00000
124.8 40.50000 14 1.00000
124.9 40.50000 14 1.00000
125.0 40.50000 14 1.00000
125.1 40.50000 14 1.00000
125.2 40.50000 14 1.00000
125.3 40.50000 14 1.00000
125.4 40.50000 14 1.00000
125.5 40.50000 14 1.00000
125.6 40.50000 14 1.00000
125.7 40.50000 14 1.00000
125.8 40.50000 14 1.00000
125.9 40.50000 14 1.00000
126.0 40.50000 14 1.00000
126.1 40.50000 14 1.00000
126.2 40.50000 14 1.00000
126.3 40.50000 14 1.00000
126.4 40.50000 14 1.00000
126.5 40.50000 14 1.00000
126.6 40.50000 14 1.00000
126.7 40.50000 14 1.00000
126.8 40.50000 14 1.00000
126.9 40.50000 14 1.00000
127.0 40.50000 14 1.00000
127.1 40.50000 14 1.00000
127.2 40.50000 14 1.00000
127.3 40.50000 14 1.00000
127.4 40.50000 14 1.00000
127.5 40.50000 14 1.00000
127.6 40.50000 14 1.00000
127.7 40.50000 14 1.00000
127.8 40.50000 14 1.00000
127.9 40.50000 14 1.00000
128.0 40.50000 14 1.00000
128.1 40.50000 14 1.00000
128.2 40.50000 14 1.00000
128.3 40.50000 14 1.00000
128.4 40.50000 14 1.00000
128.5 40.50000 14 1.00000
128.6 40.50000 14 1.00000
128.7 40.50000 14 1.00000
128.8 40.50000 14 1.00000
128.9 40.50000 14 1.00000
129.0 40.50000 14 1.00000
129.1 40.50000 14 1.00000
129.2 40.50000 14 1.00000
129.3 40.50000 14 1.00000
129.4 40.50000 14 1.00000
129.5 40.50000 14 1.00000
129.6 40.50000 14 1.00000
129.7 40.50000 14 1.00000
129.8 40.50000 14 1.00000
129.9 40.50000 14 1.00000
130.0 40.50000 14 1.00000
130.1 40.50000 14 1.00000
130.2 40.50000 14 1.00000
130.3 40.50000 14 1.00000
130.4 40.50000 14 1.00000
130.5 40.50000 14 1.00000
130.6 40.50000 14 1.00000
130.7 40.50000 14 1.00000
130.8 40.50000 14 1.00000
130.9 40.50000 14 1.00000
131.0 40.50000 14 1.00000
131.1 40.50000 14 1.00000
131.2 40.50000 14 1.00000
131.3 40.50000 14 1.00000
131.4 40.50000 14 1.00000
131.5 40.50000 14 1.00000
131.6 40.50000 14 1.00000
131.7 40.50000 14 1.00000
131.8 40.50000 14 1.00000
131.9 40.50000 14 1.00000
132.0 40.50000 14 1.00000
132.1 40.50000 14 1.00000
132.2 40.50000 14 1.00000
132.3 40.50000 14 1.00000
132.4 40.50000 14 1.00000
132.5 40.50000 14 1.00000
132.6 40.50000 14 1.00000
132.7 40.50000 14 1.00000
132.8 40.50000 14 1.00000
132.9 40.50000 14 1.00000
133.0 40.50000 14 1.00000
133.1 40.50000 14 1.00000
133.2 40.50000 14 1.00000
133.3 40.50000 14 1.00000
133.4 40.50000 14 1.00000
133.5 40.50000 14 1.00000
133.6 40.50000 14 1.00000
133.7 40.50000 14 1.00000
133.8 40.50000 14 1.00000
133.9 40.50000 14 1.00000
134.0 40.50000 14 1.00000
134.1 40.50000 14 1.00000
134.2 40.50000 14 1.00000
134.3 40.50000 14 1.00000
134.4 40.50000 14 1.00000
134.5 40.50000 14 1.00000
134.6 40.50000 14 1.00000
134.7 40.50000 14 1.00000
134.8 40.50000 14 1.00000
134.9 40.50000 14 1.00000
135.0 40.50000 14 1.00000
135.1 40.50000 14 1.00000
135.2 40.50000 14 1.00000
135.3 40.50000 14 1.00000
135.4 40.50000 14 1.00000
135.5 40.50000 14 1.00000
135.6 40.50000 14 1.00000
135.7 40.50000 14 1.00000
135.8 40.50000 14 1.00000
135.9 40.50000 14 1.00000
136.0 40.50000 14 1.00000
136.1 40.50000 14 1.00000
136.2 40.50000 14 1.00000
136.3 40.50000 14 1.00000
136.4 40.50000 14 1.00000
136.5 40.50000 14 1.00000
136.6 40.50000 14 1.00000
136.7 40.50000 14 1.00000
136.8 40.50000 14 1.00000
136.9 40.50000 14 1.00000
137.0 40.50000 14 1.00000
137.1 40.50000 14 1.00000
137.2 40.50000 14 1.00000
137.3 40.50000 14 1.00000
137.4 40.50000 14 1.00000
137.5 40.50000 14 1.00000
137.6 40.50000 14 1.00000
137.7 40.50000 14 1.00000
137.8 40.50000 14 1.00000
137.9 40.50000 14 1.00000
138.0 40.50000 14 1.00000
138.1 40.50000 14 1.00000
138.2 40.50000 14 1.00000
138.3 40.50000 14 1.00000
138.4 40.50000 14 1.00000
138.5 40.50000 14 1.00000
138.6 40.50000 14 1.00000
138.7 40.50000 14 1.00000
138.8 40.50000 14 1.00000
138.9 40.50000 14 1.00000
139.0 40.50000 14 1.00000
139.1 40.50000 14 1.00000
139.2 40.50000 14 1.00000
139.3 40.50000 14 1.00000
139.4 40.50000 14 1.00000
139.5 40.50000 14 1.00000
139.6 40.50000 14 1.00000
139.7 40.50000 14 1.00000
139.8 40.50000 14 1.00000
139.9 40.50000 14 1.00000
140.0 40.50000 14 1.00000
140.1 40.50000 14 1.00000
140.2 40.50000 14 1.00000
140.3 40.50000 14 1.00000
140.4 40.50000 14 1.00000
140.5 40.50000 14 1.00000
140.6 40.50000 14 1.00000
140.7 40.50000 14 1.00000
140.8 40.50000 14 1.00000
140.9 40.50000 14 1.00000
141.0 40.50000 14 1.00000
141.1 40.50000 14 1.00000
141.2 40.50000 14 1.00000
141.3 40.50000 14 1.00000
141.4 40.50000 14 1.00000
141.5 40.50000 14 1.00000
141.6 40.50000 14 1.00000
141.7 40.50000 14 1.00000
141.8 40.50000 14 1.00000
141.9 40.50000 14 1.00000
142.0 40.50000 14 1.00000
142.1 40.50000 14 1.00000
142.2 40.50000 14 1.00000
142.3 40.50000 14 1.00000
142.4 40.50000 14 1.00000
142.5 40.50000 14 1.00000
142.6 40.50000 14 1.00000
142.7 40.50000 14 1.00000
142.8 40.50000 14 1.00000
142.9 40.50000 14 1.00000
143.0 40.50000 14 1.00000
143.1 40.50000 14 1.00000
143.2 40.50000 14 1.00000
143.3 40.50000 14 1.00000
143.4 40.50000 14 1.00000
143.5 40.50000 14 1.00000
143.6 40.50000 14 1.00000
143.7 40.50000 14 1.00000
143.8 40.50000 14 1.00000
143.9 40.50000 14 1.00000
144.0 40.50000 14 1.00000
144.1 40.50000 14 1.00000
144.2 40.50000 14 1.00000
144.3 40.50000 14 1.00000
144.4 40.50000 14 1.00000
144.5 40.50000 14 1.00000
144.6 40.50000 14 1.00000
144.7 40.50000 14 1.00000
144.8 40.50000 14 1.00000
144.9 40.50000 14 1.00000
145.0 40.50000 14 1.00000
145.1 40.50000 14 1.00000
145.2 40.50000 14 1.00000
145.3 40.50000 14 1.00000
145.4 40.50000 14 1.00000
145.5 40.50000 14 1.00000
145.6 40.50000 14 1.00000
145.7 40.50000 14 1.00000
145.8 40.50000 14 1.00000
145.9 40.50000 14 1.00000
146.0 40.50000 14 1.00000
146.1 40.50000 14 1.00000
146.2 40.50000 14 1.00000
146.3 40.50000 14 1.00000
146.4 40.50000 14 1.00000
146.5 40.50000 14 1.00000
146.6 40.50000 14 1.00000
146.7 40.50000 14 1.00000
146.8 40.50000 14 1.00000
146.9 40.50000 14 1.00000
147.0 40.50000 14 1.00000
147.1 40.50000 14 1.00000
147.2 40.50000 14 1.00000
147.3 40.50000 14 1.00000
147.4 40.50000 14 1.00000
147.5 40.50000 14 1.00000
147.6 40.50000 14 1.00000
147.7 40.50000 14 1.00000
147.8 40.50000 14 1.00000
147.9 40.50000 14 1.00000
148.0 40.50000 14 1.00000
148.1 40.50000 14 1.00000
148.2 40.50000 14 1.00000
148.3 40.50000 14 1.00000
148.4 40.50000 14 1.00000
148.5 40.50000 14 1.00000
148.6 40.50000 14 1.00000
148.7 40.50000 14 1.00000
148.8 40.50000 14 1.00000
148.9 40.50000 14 1.00000
149.0 40.50000 14 1.00000
149.1 40.50000 14 1.00000
149.2 40.50000 14 1.00000
149.3 40.50000 14 1.00000
149.4 40.50000 14 1.00000
149.5 40.50000 14 1.00000
149.6 40.50000 14 1.00000
149.7 40.50000 14 1.00000
149.8 40.50000 14 1.00000
149.9 40.50000 14 1.00000
150.0 40.50000 14 1.00000
150.1 40.50000 14 1.00000
150.2 40.50000 14 1.00000
150.3 40.50000 14 1.00000
150.4 40.50000 14 1.00000
150.5 40.50000 14 1.00000
150.6 40.50000 14 1.00000
150.7 40.50000 14 1.00000
150.8 40.50000 14 1.00000
150.9 40.50000 14 1.00000
151.0 40.50000 14 1.00000
151.1 40.50000 14 1.00000
151.2 40.50000 14 1.00000
151.3 40.50000 14 1.00000
151.4 40.50000 14 1.00000
151.5 40.50000 14 1.00000
151.6 40.50000 14 1.00000
151.7 40.50000 14 1.00000
151.8 40.50000 14 1.00000
151.9 40.50000 14 1.00000
152.0 40.50000 14 1.00000
152.1 40.50000 14 1.00000
152.2 40.50000 14 1.00000
152.3 40.50000 14 1.00000
152.4 40.50000 14 1.00000
152.5 40.50000 14 1.00000
152.6 40.50000 14 1.00000
152.7 40.50000 14 1.00000
152.8 40.50000 14 1.00000
152.9 40.50000 14 1.00000
153.0 40.50000 14 1.00000
153.1 40.50000 14 1.00000
153.2 40.50000 14 1.00000
153.3 40.50000 14 1.00000
153.4 40.50000 14 1.00000
153.5 40.50000 14 1.00000
153.6 40.50000 14 1.00000
153.7 40.50000 14 1.00000
153.8 40.50000 14 1.00000
153.9 40.50000 14 1.00000
154.0 40.50000 14 1.00000
154.1 40.50000 14 1.00000
154.2 40.50000 14 1.00000
154.3 40.50000 14 1.00000
154.4 40.50000 14 1.00000
154.5 40.50000 14 1.00000
154.6 40.50000 14 1.00000
154.7 40.50000 14 1.00000
154.8 40.50000 14 1.00000
154.9 40.50000 14 1.00000
155.0 40.50000 14 1.00000
155.1 40.50000 14 1.00000
155.2 40.50000 14 1.00000
155.3 40.50000 14 1.00000
155.4 40.50000 14 1.00000
155.5 40.50000 14 1.00000
155.6 40.50000 14 1.00000
155.7 40.50000 14 1.00000
155.8 40.50000 14 1.00000
155.9 40.50000 14 1.00000
156.0 40.50000 14 1.00000
156.1 40.50000 14 1.00000
156.2 40.50000 14 1.00000
156.3 40.50000 14 1.00000
156.4 40.50000 14 1.00000
156.5 40.50000 14 1.00000
156.6 40.50000 14 1.00000
156.7 40.50000 14 1.00000
156.8 40.50000 14 1.00000
156.9 40.50000 14 1.00000
157.0 40.50000 14 1.00000
157.1 40.50000 14 1.00000
157.2 40.50000 14 1.00000
157.3 40.50000 14 1.00000
157.4 40.50000 14 1.00000
157.5 40.50000 14 1.00000
157.6 40.50000 14 1.00000
157.7 40.50000 14 1.00000
157.8 40.50000 14 1.00000
157.9 40.50000 14 1.00000
158.0 40.50000 14 1.00000
158.1 40.50000 14 1.00000
158.2 40.50000 14 1.00000
158.3 40.50000 14 1.00000
158.4 40.50000 14 1.00000
158.5 40.50000 14 1.00000
158.6 40.50000 14 1.00000
158.7 40.50000 14 1.00000
158.8 40.50000 14 1.00000
158.9 40.50000 14 1.00000
159.0 40.50000 14 1.00000
159.1 40.50000 14 1.00000
159.2 40.50000 14 1.00000
159.3 40.50000 14 1.00000
159.4 40.50000 14 1.00000
159.5 40.50000 14 1.00000
159.6 40.50000 14 1.00000
159.7 40.50000 14 1.00000
159.8 40.50000 14 1.00000
159.9 40.50000 14 1.00000
160.0 40.50000 14 1.00000
160.1 40.50000 14 1.00000
160.2 40.50000 14 1.00000
160.3 40.50000 14 1.00000
160.4 40.50000 14 1.00000
160.5 40.50000 14 1.00000
160.6 40.50000 14 1.00000
160.7 40.50000 14 1.00000
160.8 40.50000 14 1.00000
160.9 40.50000 14 1.00000
161.0 40.50000 14 1.00000
161.1 40.50000 14 1.00000
161.2 40.50000 14 1.00000
161.3 40.50000 14 1.00000
161.4 40.50000 14 1.00000
161.5 40.50000 14 1.00000
161.6 40.50000 14 1.00000
161.7 40.50000 14 1.00000
161.8 40.50000 14 1.00000
161.9 40.50000 14 1.00000
162.0 40.50000 14 1.00000
162.1 40.50000 14 1.00000
162.2 40.50000 14 1.00000
162.3 40.50000 14 1.00000
162.4 40.50000 14 1.00000
162.5 40.50000 14 1.00000
162.6 40.50000 14 1.00000
162.7 40.50000 14 1.00000
162.8 40.50000 14 1.00000
162.9 40.50000 14 1.00000
163.0 40.50000 14 1.00000
163.1 40.50000 14 1.00000
163.2 40.50000 14 1.00000
163.3 40.50000 14 1.00000
163.4 40.50000 14 1.00000
163.5 40.50000 14 1.00000
163.6 40.50000 14 1.00000
163.7 40.50000 14 1.00000
163.8 40.50000 14 1.00000
163.9 40.50000 14 1.00000
164.0 40.50000 14 1.00000
164.1 40.50000 14 1.00000
164.2 40.50000 14 1.00000
164.3 40.50000 14 1.00000
164.4 40.50000 14 1.00000
164.5 40.50000 14 1.00000
164.6 40.50000 14 1.00000
164.7 40.50000 14 1.00000
164.8 40.50000 14 1.00000
164.9 40.50000 14 1.00000
165.0 40.50000 14 1.00000
165.1 40.50000 14 1.00000
165.2 40.50000 14 1.00000
165.3 40.50000 14 1.00000
165.4 40.50000 14 1.00000
165.5 40.50000 14 1.00000
165.6 40.50000 14 1.00000
165.7 40.50000 14 1.00000
165.8 40.50000 14 1.00000
165.9 40.50000 14 1.00000
166.0 40.50000 14 1.00000
166.1 40.50000 14 1.00000
166.2 40.50000 14 1.00000
166.3 40.50000 14 1.00000
166.4 40.50000 14 1.00000
166.5 40.50000 14 1.00000
166.6 40.50000 14 1.00000
166.7 40.50000 14 1.00000
166.8 40.50000 14 1.00000
166.9 40.50000 14 1.00000
167.0 40.50000 14 1.00000
167.1 40.50000 14 1.00000
167.2 40.50000 14 1.00000
167.3 40.50000 14 1.00000
167.4 40.50000 14 1.00000
167.5 40.50000 14 1.00000
167.6 40.50000 14 1.00000
167.7 40.50000 14 1.00000
167.8 40.50000 14 1.00000
167.9 40.50000 14 1.00000
168.0 40.50000 14 1.00000
168.1 40.50000 14 1.00000
168.2 40.50000 14 1.00000
168.3 40.50000 14 1.00000
168.4 40.50000 14 1.00000
168.5 40.50000 14 1.00000
168.6 40.50000 14 1.00000
168.7 40.50000 14 1.00000
168.8 40.50000 14 1.00000
168.9 40.50000 14 1.00000
169.0 40.50000 14 1.00000
169.1 40.50000 14 1.00000
169.2 40.50000 14 1.00000
169.3 40.50000 14 1.00000
169.4 40.50000 14 1.00000
169.5 40.50000 14 1.00000
169.6 40.50000 14 1.00000
169.7 40.50000 14 1.00000
169.8 40.50000 14 1.00000
169.9 40.50000 14 1.00000
170.0 40.50000 14 1.00000
170.1 40.50000 14 1.00000
170.2 40.50000 14 1.00000
170.3 40.50000 14 1.00000
170.4 40.50000 14 1.00000
170.5 40.50000 14 1.00000
170.6 40.50000 14 1.00000
170.7 40.50000 14 1.00000
170.8 40.50000 14 1.00000
170.9 40.50000 14 1.00000
171.0 40.50000 14 1.00000
171.1 40.50000 14 1.00000
171.2 40.50000 14 1.00000
171.3 40.50000 14 1.00000
171.4 40.50000 14 1.00000
171.5 40.50000 14 1.00000
171.6 40.50000 14 1.00000
171.7 40.50000 14 1.00000
171.8 40.50000 14 1.00000
171.9 40.50000 14 1.00000
172.0 40.50000 14 1.00000
172.1 40.50000 14 1.00000
172.2 40.50000 14 1.00000
172.3 40.50000 14 1.00000
172.4 40.50000 14 1.00000
172.5 40.50000 14 1.00000
172.6 40.50000 14 1.00000
172.7 40.50000 14 1.00000
172.8 40.50000 14 1.00000
172.9 40.50000 14 1.00000
173.0 40.50000 14 1.00000
173.1 40.50000 14 1.00000
173.2 40.50000 14 1.00000
173.3 40.50000 14 1.00000
173.4 40.50000 14 1.00000
173.5 40.50000 14 1.00000
173.6 40.50000 14 1.00000
173.7 40.50000 14 1.00000
173.8 40.50000 14 1.00000
173.9 40.50000 14 1.00000
174.0 40.50000 14 1.00000
174.1 40.50000 14 1.00000
174.2 40.50000 14 1.00000
174.3 40.50000 14 1.00000
174.4 40.50000 14 1.00000
174.5 40.50000 14 1.00000
174.6 40.50000 14 1.00000
174.7 40.50000 14 1.00000
174.8 40.50000 14 1.00000
174.9 40.50000 14 1.00000
175.0 40.50000 14 1.00000
175.1 40.50000 14 1.00000
175.2 40.50000 14 1.00000
175.3 40.50000 14 1.00000
175.4 40.50000 14 1.00000
175.5 40.50000 14 1.00000
175.6 40.50000 14 1.00000
175.7 40.50000 14 1.00000
175.8 40.50000 14 1.00000
175.9 40.50000 14 1.00000
176.0 40.50000 14 1.00000
176.1 40.50000 14 1.00000
176.2 40.50000 14 1.00000
176.3 40.50000 14 1.00000
176.4 40.50000 14 1.00000
176.5 40.50000 14 1.00000
176.6 40.50000 14 1.00000
176.7 40.50000 14 1.00000
176.8 40.50000 14 1.00000
176.9 40.50000 14 1.00000
177.0 40.50000 14 1.00000
177.1 40.50000 14 1.00000
177.2 40.50000 14 1.00000
177.3 40.50000 14 1.00000
177.4 40.50000 14 1.00000
177.5 40.50000 14 1.00000
177.6 40.50000 14 1.00000
177.7 40.50000 14 1.00000
177.8 40.50000 14 1.00000
177.9 40.50000 14 1.00000
178.0 40.50000 14 1.00000
178.1 40.50000 14 1.00000
178.2 40.50000 14 1.00000
178.3 40.50000 14 1.00000
178.4 40.50000 14 1.00000
178.5 40.50000 14 1.00000
178.6 40.50000 14 1.00000
178.7 40.50000 14 1.00000
178.8 40.50000 14 1.00000
178.9 40.50000 14 1.00000
179.0 40.50000 14 1.00000
179.1 40.50000 14 1.00000
179.2 40.50000 14 1.00000
179.3 40.50000 14 1.00000
179.4 40.50000 14 1.00000
179.5 40.50000 14 1.00000
179.6 40.50000 14 1.00000
179.7 40.50000 14 1.00000
179.8 40.50000 14 1.00000
179.9 40.50000 14 1.00000
180.0 40.50000 14 1.00000
180.1 40.50000 14 1.00000
180.2 40.50000 14 1.00000
180.3 40.50000 14 1.00000
180.4 40.50000 14 1.00000
180.5 40.50000 14 1.00000
180.6 40.50000 14 1.00000
180.7 40.50000 14 1.00000
180.8 40.50000 14 1.00000
180.9 40.50000 14 1.00000
181.0 40.50000 14 1.00000
181.1 40.50000 14 1.00000
181.2 40.50000 14 1.00000
181.3 40.50000 14 1.00000
181.4 40.50000 14 1.00000
181.5 40.50000 14 1.00000
181.6 40.50000 14 1.00000
181.7 40.50000 14 1.00000
181.8 40.50000 14 1.00000
181.9 40.50000 14 1.00000
182.0 40.50000 14 1.00000
182.1 40.50000 14 1.00000
182.2 40.50000 14 1.00000
182.3 40.50000 14 1.00000
182.4 40.50000 14 1.00000
182.5 40.50000 14 1.00000
182.6 40.50000 14 1.00000
182.7 40.50000 14 1.00000
182.8 40.50000 14 1.00000
182.9 40.50000 14 1.00000
183.0 40.50000 14 1.00000
183.1 40.50000 14 1.00000
183.2 40.50000 14 1.00000
183.3 40.50000 14 1.00000
183.4 40.50000 14 1.00000
183.5 40.50000 14 1.00000
183.6 40.50000 14 1.00000
183.7 40.50000 14 1.00000
183.8 40.50000 14 1.00000
183.9 40.50000 14 1.00000
184.0 40.50000 14 1.00000
184.1 40.50000 14 1.00000
184.2 40.50000 14 1.00000
184.3 40.50000 14 1.00000
184.4 40.50000 14 1.00000
184.5 40.50000 14 1.00000
184.6 40.50000 14 1.00000
184.7 40.50000 14 1.00000
184.8 40.50000 14 1.00000
184.9 40.50000 14 1.00000
185.0 40.50000 14 1.00000
185.1 40.50000 14 1.00000
185.2 40.50000 14 1.00000
185.3 40.50000 14 1.00000
185.4 40.50000 14 1.00000
185.5 40.50000 14 1.00000
185.6 40.50000 14 1.00000
185.7 40.50000 14 1.00000
185.8 40.50000 14 1.00000
185.9 40.50000 14 1.00000
186.0 40.50000 14 1.00000
186.1 40.50000 14 1.00000
186.2 40.50000 14 1.00000
186.3 40.50000 14 1.00000
186.4 40.50000 14 1.00000
186.5 40.50000 14 1.00000
186.6 40.50000 14 1.00000
186.7 40.50000 14 1.00000
186.8 40.50000 14 1.00000
186.9 40.50000 14 1.00000
187.0 40.50000 14 1.00000
187.1 40.50000 14 1.00000
187.2 40.50000 14 1.00000
187.3 40.50000 14 1.00000
187.4 40.50000 14 1.00000
187.5 40.50000 14 1.00000
187.6 40.50000 14 1.00000
187.7 40.50000 14 1.00000
187.8 40.50000 14 1.00000
187.9 40.50000 14 1.00000
188.0 40.50000 14 1.00000
188.1 40.50000 14 1.00000
188.2 40.50000 14 1.00000
188.3 40.50000 14 1.00000
188.4 40.50000 14 1.00000
188.5 40.50000 14 1.00000
188.6 40.50000 14 1.00000
188.7 40.50000 14 1.00000
188.8 40.50000 14 1.00000
188.9 40.50000 14 1.00000
189.0 40.50000 14 1.00000
189.1 40.50000 14 1.00000
189.2 40.50000 14 1.00000
189.3 40.50000 14 1.00000
189.4 40.50000 14 1.00000
189.5 40.50000 14 1.00000
189.6 40.50000 14 1.00000
189.7 40.50000 14 1.00000
189.8 40.50000 14 1.00000
189.9 40.50000 14 1.00000
190.0 40.50000 14 1.00000
190.1 40.50000 14 1.00000
190.2 40.50000 14 1.00000
190.3 40.50000 14 1.00000
190.4 40.50000 14 1.00000
190.5 40.50000 14 1.00000
190.6 40.50000 14 1.00000
190.7 40.50000 14 1.00000
190.8 40.50000 14 1.00000
190.9 40.50000 14 1.00000
191.0 40.50000 14 1.00000
191.1 40.50000 14 1.00000
191.2 40.50000 14 1.00000
191.3 40.50000 14 1.00000
191.4 40.50000 14 1.00000
191.5 40.50000 14 1.00000
191.6 40.50000 14 1.00000
191.7 40.50000 14 1.00000
191.8 40.50000 14 1.00000
191.9 40.50000 14 1.00000
192.0 40.50000 14 1.00000
192.1 40.50000 14 1.00000
192.2 40.50000 14 1.00000
192.3 40.50000 14 1.00000
192.4 40.50000 14 1.00000
192.5 40.50000 14 1.00000
192.6 40.50000 14 1.00000
192.7 40.50000 14 1.00000
192.8 40.50000 14 1.00000
192.9 40.50000 14 1.00000
193.0 40.50000 14 1.00000
193.1 40.50000 14 1.00000
193.2 40.50000 14 1.00000
193.3 40.50000 14 1.00000
193.4 40.50000 14 1.00000
193.5 40.50000 14 1.00000
193.6 40.50000 14 1.00000
193.7 40.50000 14 1.00000
193.8 40.50000 14 1.00000
193.9 40.50000 14 1.00000
194.0 40.50000 14 1.00000
194.1 40.50000 14 1.00000
194.2 40.50000 14 1.00000
194.3 40.50000 14 1.00000
194.4 40.50000 14 1.00000
194.5 40.50000 14 1.00000
194.6 40.50000 14 1.00000
194.7 40.50000 14 1.00000
194.8 40.50000 14 1.00000
194.9 40.50000 14 1.00000
195.0 40.50000 14 1.00000
195.1 40.50000 14 1.00000
195.2 40.50000 14 1.00000
195.3 40.50000 14 1.00000
195.4 40.50000 14 1.00000
195.5 40.50000 14 1.00000
195.6 40.50000 14 1.00000
195.7 40.50000 14 1.00000
195.8 40.50000 14 1.00000
195.9 40.50000 14 1.00000
196.0 40.50000 14 1.00000
196.1 40.50000 14 1.00000
196.2 40.50000 14 1.00000
196.3 40.50000 14 1.00000
196.4 40.50000 14 1.00000
196.5 40.50000 14 1.00000
196.6 40.50000 14 1.00000
196.7 40.50000 14 1.00000
196.8 40.50000 14 1.00000
196.9 40.50000 14 1.00000
197.0 40.50000 14 1.00000
197.1 40.50000 14 1.00000
197.2 40.50000 14 1.00000
197.3 40.50000 14 1.00000
197.4 40.50000 14 1.00000
197.5 40.50000 14 1.00000
197.6 40.50000 14 1.00000
197.7 40.50000 14 1.00000
197.8 40.50000 14 1.00000
197.9 40.50000 14 1.00000
198.0 40.50000 14 1.00000
198.1 40.50000 14 1.00000
198.2 40.50000 14 1.00000
198.3 40.50000 14 1.00000
198.4 40.50000 14 1.00000
198.5 40.50000 14 1.00000
198.6 40.50000 14 1.00000
198.7 40.50000 14 1.00000
198.8 40.50000 14 1.00000
198.9 40.50000 14 1.00000
199.0 40.50000 14 1.00000
199.1 40.50000 14 1.00000
199.2 40.50000 14 1.00000
199.3 40.50000 14 1.00000
199.4 40.50000 14 1.00000
199.5 40.50000 14 1.00000
199.6 40.50000 14 1.00000
199.7 40.50000 14 1.00000
199.8 40.50000 14 1.00000
199.9 40.50000 14 1.00000
200.0 40.50000 14 1.00000
200.1 40.50000 14 1.00000
200.2 40.50000 14 1.00000
200.3 40.50000 14 1.00000
200.4 40.50000 14 1.00000
200.5 40.50000 14 1.00000
200.6 40.50000 14 1.00000
200.7 40.50000 14 1.00000
200.8 40.50000 14 1.00000
200.9 40.50000 14 1.00000
201.0 40.50000 14 1.00000
201.1 40.50000 14 1.00000
201.2 40.50000 14 1.00000
201.3 40.50000 14 1.00000
201.4 40.50000 14 1.00000
201.5 40.50000 14 1.00000
201.6 40.50000 14 1.00000
201.7 40.50000 14 1.00000
201.8 40.50000 14 1.00000
201.9 40.50000 14 1.00000
202.0 40.50000 14 1.00000
202.1 40.50000 14 1.00000
202.2 40.50000 14 1.00000
202.3 40.50000 14 1.00000
202.4 40.50000 14 1.00000
202.5 40.50000 14 1.00000
202.6 40.50000 14 1.00000
202.7 40.50000 14 1.00000
202.8 40.50000 14 1.00000
202.9 40.50000 14 1.00000
203.0 40.50000 14 1.00000
203.1 40.50000 14 1.00000
203.2 40.50000 14 1.00000
203.3 40.50000 14 1.00000
203.4 40.50000 14 1.00000
203.5 40.50000 14 1.00000
203.6 40.50000 14 1.00000
203.7 40.50000 14 1.00000
203.8 40.50000 14 1.00000
203.9 40.50000 14 1.00000
204.0 40.50000 14 1.00000
204.1 40.50000 14 1.00000
204.2 40.50000 14 1.00000
204.3 40.50000 14 1.00000
204.4 40.50000 14 1.00000
204.5 40.50000 14 1.00000
204.6 40.50000 14 1.00000
204.7 40.50000 14 1.00000
204.8 40.50000 14 1.00000
204.9 40.50000 14 1.00000
205.0 40.50000 14 1.00000
205.1 40.50000 14 1.00000
205.2 40.50000 14 1.00000
205.3 40.50000 14 1.00000
205.4 40.50000 14 1.00000
205.5 40.50000 14 1.00000
205.6 40.50000 14 1.00000
205.7 40.50000 14 1.00000
205.8 40.50000 14 1.00000
205.9 40.50000 14 1.00000
206.0 40.50000 14 1.00000
206.1 40.50000 14 1.00000
206.2 40.50000 14 1.00000
206.3 40.50000 14 1.00000
206.4 40.50000 14 1.00000
206.5 40.50000 14 1.00000
206.6 40.50000 14 1.00000
206.7 40.50000 14 1.00000
206.8 40.50000 14 1.00000
206.9 40.50000 14 1.00000
207.0 40.50000 14 1.00000
207.1 40.50000 14 1.00000
207.2 40.50000 14 1.00000
207.3 40.50000 14 1.00000
207.4 40.50000 14 1.00000
207.5 40.50000 14 1.00000
207.6 40.50000 14 1.00000
207.7 40.50000 14 1.00000
207.8 40.50000 14 1.00000
207.9 40.50000 14 1.00000
208.0 40.50000 14 1.00000
208.1 40.50000 14 1.00000
208.2 40.50000 14 1.00000
208.3 40.50000 14 1.00000
208.4 40.50000 14 1.00000
208.5 40.50000 14 1.00000
208.6 40.50000 14 1.00000
208.7 40.50000 14 1.00000
208.8 40.50000 14 1.00000
208.9 40.50000 14 1.00000
209.0 40.50000 14 1.00000
209.1 40.50000 14 1.00000
209.2 40.50000 14 1.00000
209.3 40.50000 14 1.00000
209.4 40.50000 14 1.00000
209.5 40.50000 14 1.00000
209.6 40.50000 14 1.00000
209.7 40.50000 14 1.00000
209.8 40.50000 14 1.00000
209.9 40.50000 14 1.00000
210.0 40.50000 14 1.00000
210.1 40.50000 14 1.00000
210.2 40.50000 14 1.00000
210.3 40.50000 14 1.00000
210.4 40.50000 14 1.00000
210.5 40.50000 14 1.00000
210.6 40.50000 14 1.00000
210.7 40.50000 14 1.00000
210.8 40.50000 14 1.00000
210.9 40.50000 14 1.00000
211.0 40.50000 14 1.00000
211.1 40.50000 14 1.00000
211.2 40.50000 14 1.00000
211.3 40.50000 14 1.00000
211.4 40.50000 14 1.00000
211.5 40.50000 14 1.00000
211.6 40.50000 14 1.00000
211.7 40.50000 14 1.00000
211.8 40.50000 14 1.00000
211.9 40.50000 14 1.00000
212.0 40.50000 14 1.00000
212.1 40.50000 14 1.00000
212.2 40.50000 14 1.00000
212.3 40.50000 14 1.00000
212.4 40.50000 14 1.00000
212.5 40.50000 14 1.00000
212.6 40.50000 14 1.00000
212.7 40.50000 14 1.00000
212.8 40.50000 14 1.00000
212.9 40.50000 14 1.00000
213.0 40.50000 14 1.00000
213.1 40.50000 14 1.00000
213.2 40.50000 14 1.00000
213.3 40.50000 14 1.00000
213.4 40.50000 14 1.00000
213.5 40.50000 14 1.00000
213.6 40.50000 14 1.00000
213.7 40.50000 14 1.00000
213.8 40.50000 14 1.00000
213.9 40.50000 14 1.00000
214.0 40.50000 14 1.00000
214.1 40.50000 14 1.00000
214.2 40.50000 14 1.00000
214.3 40.50000 14 1.00000
214.4 40.50000 14 1.00000
214.5 40.50000 14 1.00000
214.6 40.50000 14 1.00000
214.7 40.50000 14 1.00000
214.8 40.50000 14 1.00000
214.9 40.50000 14 1.00000
215.0 40.50000 14 1.00000
215.1 40.50000 14 1.00000
215.2 40.50000 14 1.00000
215.3 40.50000 14 1.00000
215.4 40.50000 14 1.00000
215.5 40.50000 14 1.00000
215.6 40.50000 14 1.00000
215.7 40.50000 14 1.00000
215.8 40.50000 14 1.00000
215.9 40.50000 14 1.00000
216.0 40.50000 14 1.00000
216.1 40.50000 14 1.00000
216.2 40.50000 14 1.00000
216.3 40.50000 14 1.00000
216.4 40.50000 14 1.00000
216.5 40.50000 14 1.00000
216.6 40.50000 14 1.00000
216.7 40.50000 14 1.00000
216.8 40.50000 14 1.00000
216.9 40.50000 14 1.00000
217.0 40.50000 14 1.00000
217.1 40.50000 14 1.00000
217.2 40.50000 14 1.00000
217.3 40.50000 14 1.00000
217.4 40.50000 14 1.00000
217.5 40.50000 14 1.00000
217.6 40.50000 14 1.00000
217.7 40.50000 14 1.00000
217.8 40.50000 14 1.00000
217.9 40.50000 14 1.00000
218.0 40.50000 14 1.00000
218.1 40.50000 14 1.00000
218.2 40.50000 14 1.00000
218.3 40.50000 14 1.00000
218.4 40.50000 14 1.00000
218.5 40.50000 14 1.00000
218.6 40.50000 14 1.00000
218.7 40.50000 14 1.00000
218.8 40.50000 14 1.00000
218.9 40.50000 14 1.00000
219.0 40.50000 14 1.00000
219.1 40.50000 14 1.00000
219.2 40.50000 14 1.00000
219.3 40.50000 14 1.00000
219.4 40.50000 14 1.00000
219.5 40.50000 14 1.00000
219.6 40.50000 14 1.00000
219.7 40.50000 14 1.00000
219.8 40.50000 14 1.00000
219.9 40.50000 14 1.00000
220.0 40.50000 14 1.00000
220.1 40.50000 14 1.00000
220.2 40.50000 14 1.00000
220.3 40.50000 14 1.00000
220.4 40.50000 14 1.00000
220.5 40.50000 14 1.00000
220.6 40.50000 14 1.00000
220.7 40.50000 14 1.00000
220.8 40.50000 14 1.00000
220.9 40.50000 14 1.00000
221.0 40.50000 14 1.00000
221.1 40.50000 14 1.00000
221.2 40.50000 14 1.00000
221.3 40.50000 14 1.00000
221.4 40.50000 14 1.00000
221.5 40.50000 14 1.00000
221.6 40.50000 14 1.00000
221.7 40.50000 14 1.00000
221.8 40.50000 14 1.00000
221.9 40.50000 14 1.00000
222.0 40.50000 14 1.00000
222.1 40.50000 14 1.00000
222.2 40.50000 14 1.00000
222.3 40.50000 14 1.00000
222.4 40.50000 14 1.00000
222.5 40.50000 14 1.00000
222.6 40.50000 14 1.00000
222.7 40.50000 14 1.00000
222.8 40.50000 14 1.00000
222.9 40.50000 14 1.00000
223.0 40.50000 14 1.00000
223.1 40.50000 14 1.00000
223.2 40.50000 14 1.00000
223.3 40.50000 14 1.00000
223.4 40.50000 14 1.00000
223.5 40.50000 14 1.00000
223.6 40.50000 14 1.00000
223.7 40.50000 14 1.00000
223.8 40.50000 14 1.00000
223.9 40.50000 14 1.00000
224.0 40.50000 14 1.00000
224.1 40.50000 14 1.00000
224.2 40.50000 14 1.00000
224.3 40.50000 14 1.00000
224.4 40.50000 14 1.00000
224.5 40.50000 14 1.00000
224.6 40.50000 14 1.00000
224.7 40.50000 14 1.00000
224.8 40.50000 14 1.00000
224.9 40.50000 14 1.00000
225.0 40.50000 14 1.00000
225.1 40.50000 14 1.00000
225.2 40.50000 14 1.00000
225.3 40.50000 14 1.00000
225.4 40.50000 14 1.00000
225.5 40.50000 14 1.00000
225.6 40.50000 14 1.00000
225.7 40.50000 14 1.00000
225.8 40.50000 14 1.00000
225.9 40.50000 14 1.00000
226.0 40.50000 14 1.00000
226.1 40.50000 14 1.00000
226.2 40.50000 14 1.00000
226.3 40.50000 14 1.00000
226.4 40.50000 14 1.00000
226.5 40.50000 14 1.00000
226.6 40.50000 14 1.00000
226.7 40.50000 14 1.00000
226.8 40.50000 14 1.00000
226.9 40.50000 14 1.00000
227.0 40.50000 14 1.00000
227.1 40.50000 14 1.00000
227.2 40.50000 14 1.00000
227.3 40.50000 14 1.00000
227.4 40.50000 14 1.00000
227.5 40.50000 14 1.00000
227.6 40.50000 14 1.00000
227.7 40.50000 14 1.00000
227.8 40.50000 14 1.00000
227.9 40.50000 14 1.00000
228.0 40.50000 14 1.00000
228.1 40.50000 14 1.00000
228.2 40.50000 14 1.00000
228.3 40.50000 14 1.00000
228.4 40.50000 14 1.00000
228.5 40.50000 14 1.00000
228.6 40.50000 14 1.00000
228.7 40.50000 14 1.00000
228.8 40.50000 14 1.00000
228.9 40.50000 14 1.00000
229.0 40.50000 14 1.00000
229.1 40.50000 14 1.00000
229.2 40.50000 14 1.00000
229.3 40.50000 14 1.00000
229.4 40.50000 14 1.00000
229.5 40.50000 14 1.00000
229.6 40.50000 14 1.00000
229.7 40.50000 14 1.00000
229.8 40.50000 14 1.00000
229.9 40.50000 14 1.00000
230.0 40.50000 14 1.00000
230.1 40.50000 14 1.00000
230.2 40.50000 14 1.00000
230.3 40.50000 14 1.00000
230.4 40.50000 14 1.00000
230.5 40.50000 14 1.00000
230.6 40.50000 14 1.00000
230.7 40.50000 14 1.00000
230.8 40.50000 14 1.00000
230.9 40.50000 14 1.00000
231.0 40.50000 14 1.00000
231.1 40.50000 14 1.00000
231.2 40.50000 14 1.00000
231.3 40.50000 14 1.00000
231.4 40.50000 14 1.00000
231.5 40.50000 14 1.00000
231.6 40.50000 14 1.00000
231.7 40.50000 14 1.00000
231.8 40.50000 14 1.00000
231.9 40.50000 14 1.00000
232.0 40.50000 14 1.00000
232.1 40.50000 14 1.00000
232.2 40.50000 14 1.00000
232.3 40.50000 14 1.00000
232.4 40.50000 14 1.00000
232.5 40.50000 14 1.00000
232.6 40.50000 14 1.00000
232.7 40.50000 14 1.00000
232.8 40.50000 14 1.00000
232.9 40.50000 14 1.00000
233.0 40.50000 14 1.00000
233.1 40.50000 14 1.00000
233.2 40.50000 14 1.00000
233.3 40.50000 14 1.00000
233.4 40.50000 14 1.00000
233.5 40.50000 14 1.00000
233.6 40.50000 14 1.00000
233.7 40.50000 14 1.00000
233.8 40.50000 14 1.00000
233.9 40.50000 14 1.00000
234.0 40.50000 14 1.00000
234.1 40.50000 14 1.00000
234.2 40.50000 14 1.00000
234.3 40.50000 14 1.00000
234.4 40.50000 14 1.00000
234.5 40.50000 14 1.00000
234.6 40.50000 14 1.00000
234.7 40.50000 14 1.00000
234.8 40.50000 14 1.00000
234.9 40.50000 14 1.00000
235.0 40.50000 14 1.00000
235.1 40.50000 14 1.00000
235.2 40.50000 14 1.00000
235.3 40.50000 14 1.00000
235.4 40.50000 14 1.00000
235.5 40.50000 14 1.00000
235.6 40.50000 14 1.00000
235.7 40.50000 14 1.00000
235.8 40.50000 14 1.00000
235.9 40.50000 14 1.00000
236.0 40.50000 14 1.00000
236.1 40.50000 14 1.00000
236.2 40.50000 14 1.00000
236.3 40.50000 14 1.00000
236.4 40.50000 14 1.00000
236.5 40.50000 14 1.00000
236.6 40.50000 14 1.00000
236.7 40.50000 14 1.00000
236.8 40.50000 14 1.00000
236.9 40.50000 14 1.00000
237.0 40.50000 14 1.00000
237.1 40.50000 14 1.00000
237.2 40.50000 14 1.00000
237.3 40.50000 14 1.00000
237.4 40.50000 14 1.00000
237.5 40.50000 14 1.00000
237.6 40.50000 14 1.00000
237.7 40.50000 14 1.00000
237.8 40.50000 14 1.00000
237.9 40.50000 14 1.00000
238.0 40.50000 14 1.00000
238.1 40.50000 14 1.00000
238.2 40.50000 14 1.00000
238.3 40.50000 14 1.00000
238.4 40.50000 14 1.00000
238.5 40.50000 14 1.00000
238.6 40.50000 14 1.00000
238.7 40.50000 14 1.00000
238.8 40.50000 14 1.00000
238.9 40.50000 14 1.00000
239.0 40.50000 14 1.00000
239.1 40.50000 14 1.00000
239.2 40.50000 14 1.00000
239.3 40.50000 14 1.00000
239.4 40.50000 14 1.00000
239.5 40.50000 14 1.00000
239.6 40.50000 14 1.00000
239.7 40.50000 14 1.00000
239.8 40.50000 14 1.00000
239.9 40.50000 14 1.00000
240.0 40.50000 14 1.00000
240.1 40.50000 14 1.00000
240.2 40.50000 14 1.00000
240.3 40.50000 14 1.00000
240.4 40.50000 14 1.00000
240.5 40.50000 14 1.00000
240.6 40.50000 14 1.00000
240.7 40.50000 14 1.00000
240.8 40.50000 14 1.00000
240.9 40.50000 14 1.00000
241.0 40.50000 14 1.00000
241.1 40.50000 14 1.00000
241.2 40.50000 14 1.00000
241.3 40.50000 14 1.00000
241.4 40.50000 14 1.00000
241.5 40.50000 14 1.00000
241.6 40.50000 14 1.00000
241.7 40.50000 14 1.00000
241.8 40.50000 14 1.00000
241.9 40.50000 14 1.00000
242.0 40.50000 14 1.00000
242.1 40.50000 14 1.00000
242.2 40.50000 14 1.00000
242.3 40.50000 14 1.00000
242.4 40.50000 14 1.00000
242.5 40.50000 14 1.00000
242.6 40.50000 14 1.00000
242.7 40.50000 14 1.00000
242.8 40.50000 14 1.00000
242.9 40.50000 14 1.00000
243.0 40.50000 14 1.00000
243.1 40.50000 14 1.00000
243.2 40.50000 14 1.00000
243.3 40.50000 14 1.00000
243.4 40.50000 14 1.00000
243.5 40.50000 14 1.00000
243.6 40.50000 14 1.00000
243.7 40.50000 14 1.00000
243.8 40.50000 14 1.00000
243.9 40.50000 14 1.00000
244.0 40.50000 14 1.00000
244.1 40.50000 14 1.00000
244.2 40.50000 14 1.00000
244.3 40.50000 14 1.00000
244.4 40.50000 14 1.00000
244.5 40.50000 14 1.00000
244.6 40.50000 14 1.00000
244.7 40.50000 14 1.00000
244.8 40.50000 14 1.00000
244.9 40.50000 14 1.00000
245.0 40.50000 14 1.00000
245.1 40.50000 14 1.00000
245.2 40.50000 14 1.00000
245.3 40.50000 14 1.00000
245.4 40.50000 14 1.00000
245.5 40.50000 14 1.00000
245.6 40.50000 14 1.00000
245.7 40.50000 14 1.00000
245.8 40.50000 14 1.00000
245.9 40.50000 14 1.00000
246.0 40.50000 14 1.00000
246.1 40.50000 14 1.00000
246.2 40.50000 14 1.00000
246.3 40.50000 14 1.00000
246.4 40.50000 14 1.00000
246.5 40.50000 14 1.00000
246.6 40.50000 14 1.00000
246.7 40.50000 14 1.00000
246.8 40.50000 14 1.00000
246.9 40.50000 14 1.00000
247.0 40.50000 14 1.00000
247.1 40.50000 14 1.00000
247.2 40.50000 14 1.00000
247.3 40.50000 14 1.00000
247.4 40.50000 14 1.00000
247.5 40.50000 14 1.00000
247.6 40.50000 14 1.00000
247.7 40.50000 14 1.00000
247.8 40.50000 14 1.00000
247.9 40.50000 14 1.00000
248.0 40.50000 14 1.00000
248.1 40.50000 14 1.00000
248.2 40.50000 14 1.00000
248.3 40.50000 14 1.00000
248.4 40.50000 14 1.00000
248.5 40.50000 14 1.00000
248.6 40.50000 14 1.00000
248.7 40.50000 14 1.00000
248.8 40.50000 14 1.00000
248.9 40.50000 14 1.00000
249.0 40.50000 14 1.00000
249.1 40.50000 14 1.00000
249.2 40.50000 14 1.00000
249.3 40.50000 14 1.00000
249.4 40.50000 14 1.00000
249.5 40.50000 14 1.00000
249.6 40.50000 14 1.00000
249.7 40.50000 14 1.00000
249.8 40.50000 14 1.00000
249.9 40.50000 14 1.00000
250.0 40.50000 14 1.00000
