15.0 1.355953 13 0.028340989450266307
15.1 1.364234 13 0.028851733808118896
15.2 1.372507 13 0.029354938020403898
15.3 1.380771 13 0.029847340910976516
15.4 1.389027 13 0.030338999634376695
15.5 1.397274 13 0.030821395836334697
15.6 1.405513 13 0.0312952290159032
15.7 1.413744 13 0.03176509220150414
15.8 1.421966 13 0.03222802450151996
15.9 1.43018 13 0.032686472819216106
16.0 1.438385 13 0.03313169303738839
16.1 1.446662 13 0.03358539128811622
16.2 1.454931 13 0.03402902517606132
16.3 1.463192 13 0.03446912418219983
16.4 1.471444 13 0.03490394429966859
16.5 1.479687 13 0.03532947280896315
16.6 1.487923 13 0.035753149575382226
16.7 1.49615 13 0.03616886829356358
16.8 1.504368 13 0.036579030048893846
16.9 1.512579 13 0.03698441831711685
17.0 1.520781 13 0.03738428290343743
17.1 1.528975 13 0.037780749896232146
17.2 1.537161 13 0.03817385413476615
17.3 1.545338 13 0.03855961861316537
17.4 1.553508 13 0.038944407818287896
17.5 1.561669 13 0.039318501844073706
17.6 1.569823 13 0.039692517805631544
17.7 1.577968 13 0.0400589379301195
17.8 1.586105 13 0.040421699745905704
17.9 1.594234 13 0.040782940066977136
18.0 1.602356 13 0.0411353871911776
18.1 1.611584 13 0.04156788706407355
18.2 1.620802 13 0.04199661616668848
18.3 1.63001 13 0.04241982675872269
18.4 1.639207 13 0.04283550752073806
18.5 1.648394 13 0.043247381014833275
18.6 1.657572 13 0.04365432036951267
18.7 1.666739 13 0.04405614534125735
18.8 1.675896 13 0.04445677940423831
18.9 1.685043 13 0.044850989440399
19.0 1.69418 13 0.04524163787738711
19.1 1.703307 13 0.04562538843236097
19.2 1.712424 13 0.04600739902359918
19.3 1.721531 13 0.04638657347568842
19.4 1.730628 13 0.0467590728705356
19.5 1.739715 13 0.04712623846148756
19.6 1.748793 13 0.047491151190604874
19.7 1.757861 13 0.04785836953227596
19.8 1.766919 13 0.04820900657525862
19.9 1.775967 13 0.04856505990526594
20.0 1.785006 13 0.04891170629132935
20.1 1.794532 13 0.049291984713979664
20.2 1.804047 13 0.04966644600615622
20.3 1.813551 13 0.05003823995795087
20.4 1.823045 13 0.05040681184501483
20.5 1.832528 13 0.05077383442195704
20.6 1.842 13 0.05112840947869346
20.7 1.851462 13 0.05148896623778443
20.8 1.860914 13 0.05183883157134972
20.9 1.870355 13 0.052186970341364325
21.0 1.879785 13 0.05253363627885688
21.1 1.889205 13 0.05287653001552706
21.2 1.898615 13 0.053214178518655286
21.3 1.908015 13 0.05355026546691666
21.4 1.917404 13 0.05388154026733205
21.5 1.926783 13 0.054209089800364096
21.6 1.936151 13 0.05453506408686437
21.7 1.94551 13 0.054858880791336384
21.8 1.954858 13 0.05517640470412555
21.9 1.964197 13 0.055494894173960474
22.0 1.973525 13 0.05580813764473458
22.1 1.98346 13 0.05615656049772488
22.2 1.993384 13 0.05650120551557236
22.3 21.78576 14 1.0
22.4 21.88554 14 1.0
22.5 21.98532 14 1.0
22.6 22.08511 14 1.0
22.7 22.18489 14 1.0
22.8 22.28467 14 1.0
22.9 22.38445 14 1.0
23.0 22.48423 14 1.0
23.1 22.58401 14 1.0
23.2 22.6838 14 1.0
23.3 22.78358 14 1.0
23.4 22.88336 14 1.0
23.5 22.98314 14 1.0
23.6 23.08292 14 1.0
23.7 23.1827 14 1.0
23.8 23.28249 14 1.0
23.9 23.38227 14 1.0
24.0 23.48205 14 1.0
24.1 23.58182 14 1.0
24.2 23.68159 14 1.0
24.3 23.78137 14 1.0
24.4 23.88114 14 1.0
24.5 5.770307 14 0.22113327351784107
24.6 5.992759 14 0.22966652816295763
24.7 6.217622 14 0.23823192545354288
24.8 6.444896 14 0.2468272733852872
24.9 6.674581 14 0.2554483191864759
25.0 6.906676 14 0.2640991369665008
25.1 7.141183 14 0.2727830841935437
25.2 7.3781 14 0.2814899759855375
25.3 7.617428 14 0.29022775710725
25.4 7.859167 14 0.29899216125419936
25.5 8.103316 14 0.30778131284775145
25.6 8.349877 14 0.3166003200813491
25.7 8.598848 14 0.3254469571553327
25.8 8.85023 14 0.3343166208556988
25.9 9.104023 14 0.3432128217393148
26.0 9.360227 14 0.35213403235320995
26.1 9.620845 14 0.3611629996149953
26.2 9.883892 14 0.3702136721800242
26.3 10.14937 14 0.3792967206637693
26.4 10.41728 14 0.38839596036484636
26.5 10.68762 14 0.3975238985883339
26.6 10.96038 14 0.4066753388745018
26.7 11.23558 14 0.4158495841527854
26.8 11.51321 14 0.42504749133981445
26.9 11.79327 14 0.43426804445513845
27.0 12.07575 14 0.44351279344493033
27.1 12.36067 14 0.4527769760859549
27.2 12.64802 14 0.4620629437974293
27.3 12.9378 14 0.47137677916032583
27.4 13.23 14 0.4807086154564557
27.5 13.52464 14 0.4900614944297843
27.6 13.82171 14 0.49943685981962027
27.7 14.12121 14 0.5088327824005472
27.8 14.42314 14 0.5182506164679062
27.9 14.72749 14 0.5276878176884845
28.0 15.03428 14 0.5371466587399323
28.1 15.34884 14 0.5468231154958697
28.2 15.66588 14 0.556521815304293
28.3 15.9854 14 0.5662373151157392
28.4 16.30739 14 0.575976901617277
28.5 16.63186 14 0.5857310360838224
28.6 16.95882 14 0.595506714341782
28.7 17.28825 14 0.6053018805865076
28.8 17.62016 14 0.6151148986075663
28.9 17.95454 14 0.6249484650393883
29.0 18.29141 14 0.6347990234845098
29.1 18.63075 14 0.6446702719282806
29.2 18.97257 14 0.6545575600994505
29.3 19.31687 14 0.6644632611939151
29.4 19.66365 14 0.6743872896425533
29.5 20.01291 14 0.684328381628912
29.6 20.36465 14 0.6942880716688431
29.7 20.71886 14 0.7042642503546305
29.8 21.07555 14 0.714255644552724
29.9 21.43472 14 0.7242658914349929
30.0 21.79637 14 0.7342916542424544
30.1 22.16747 14 0.7445773893209324
30.2 22.54111 14 0.7548781638549089
30.3 22.91728 14 0.7651967727382414
30.4 23.29598 14 0.7755323138464103
30.5 23.67723 14 0.7858816816754021
30.6 24.061 14 0.7962482982708174
30.7 24.44732 14 0.8066311531575341
30.8 24.83617 14 0.8170298926181523
30.9 25.22755 14 0.8274438635485437
31.0 25.62148 14 0.8378730317533281
31.1 26.01793 14 0.8483175643795475
31.2 26.41692 14 0.8587772775338867
31.3 26.81845 14 0.869251810257877
31.4 27.22252 14 0.8797410766568895
31.5 27.62912 14 0.8902453614518909
31.6 28.03825 14 0.9007635807789021
31.7 28.44992 14 0.9112967396433566
31.8 28.86413 14 0.921843755692612
31.9 29.28087 14 0.9324050094374343
32.0 29.70015 14 0.9429802643640042
32.1 30.12197 14 0.9535691766125484
32.2 30.54632 14 0.9641718107413145
32.3 30.9732 14 0.9747881109812447
32.4 31.40262 14 0.9854177040911518
32.5 31.83458 14 0.9960606289086881
32.6 32.05778 14 1.0
32.7 32.15745 14 1.0
32.8 32.25712 14 1.0
32.9 32.35679 14 1.0
33.0 32.45645 14 1.0
33.1 32.55612 14 1.0
33.2 32.65579 14 1.0
33.3 32.75546 14 1.0
33.4 32.85513 14 1.0
33.5 32.9548 14 1.0
33.6 33.05447 14 1.0
33.7 33.15413 14 1.0
33.8 33.2538 14 1.0
33.9 33.35347 14 1.0
34.0 33.45314 14 1.0
34.1 33.55281 14 1.0
34.2 33.65248 14 1.0
34.3 33.75214 14 1.0
34.4 33.85181 14 1.0
34.5 33.95148 14 1.0
34.6 34.05115 14 1.0
34.7 34.15082 14 1.0
34.8 34.25049 14 1.0
34.9 34.35016 14 1.0
35.0 34.44982 14 1.0
35.1 34.54946 14 1.0
35.2 34.64909 14 1.0
35.3 34.74872 14 1.0
35.4 34.84835 14 1.0
35.5 34.94798 14 1.0
35.6 35.04761 14 1.0
35.7 35.14724 14 1.0
35.8 35.24688 14 1.0
35.9 35.34651 14 1.0
36.0 35.44614 14 1.0
36.1 35.54577 14 1.0
36.2 35.6454 14 1.0
36.3 35.74503 14 1.0
36.4 35.84466 14 1.0
36.5 35.9443 14 1.0
36.6 36.04393 14 1.0
36.7 36.14356 14 1.0
36.8 36.24319 14 1.0
36.9 36.34282 14 1.0
37.0 36.44245 14 1.0
37.1 36.54208 14 1.0
37.2 36.64172 14 1.0
37.3 36.74135 14 1.0
37.4 36.84098 14 1.0
37.5 36.94061 14 1.0
37.6 37.04024 14 1.0
37.7 37.13987 14 1.0
37.8 37.2395 14 1.0
37.9 37.33914 14 1.0
38.0 37.43877 14 1.0
38.1 37.5384 14 1.0
38.2 37.63803 14 1.0
38.3 37.73766 14 1.0
38.4 37.83729 14 1.0
38.5 37.93692 14 1.0
38.6 38.03656 14 1.0
38.7 38.13619 14 1.0
38.8 38.23582 14 1.0
38.9 38.33545 14 1.0
39.0 38.43508 14 1.0
39.1 38.53471 14 1.0
39.2 38.63434 14 1.0
39.3 38.73398 14 1.0
39.4 38.83361 14 1.0
39.5 38.93324 14 1.0
39.6 39.03287 14 1.0
39.7 39.1325 14 1.0
39.8 39.23213 14 1.0
39.9 39.33176 14 1.0
40.0 39.4314 14 1.0
40.1 39.53093 14 1.0
40.2 39.63046 14 1.0
40.3 39.72999 14 1.0
40.4 39.82952 14 1.0
40.5 39.92906 14 1.0
40.6 40.02859 14 1.0
40.7 40.12812 14 1.0
40.8 40.22765 14 1.0
40.9 40.32718 14 1.0
41.0 40.42672 14 1.0
41.1 40.52625 14 1.0
41.2 40.62578 14 1.0
41.3 40.72531 14 1.0
41.4 40.82485 14 1.0
41.5 40.92438 14 1.0
41.6 41.02391 14 1.0
41.7 41.12344 14 1.0
41.8 41.22297 14 1.0
41.9 41.32251 14 1.0
42.0 41.42204 14 1.0
42.1 41.52157 14 1.0
42.2 41.6211 14 1.0
42.3 41.72063 14 1.0
42.4 41.82017 14 1.0
42.5 41.9197 14 1.0
42.6 42.01923 14 1.0
42.7 42.11876 14 1.0
42.8 42.21829 14 1.0
42.9 42.31783 14 1.0
43.0 42.41736 14 1.0
43.1 42.51689 14 1.0
43.2 42.61642 14 1.0
43.3 42.71596 14 1.0
43.4 42.81549 14 1.0
43.5 42.91502 14 1.0
43.6 43.01455 14 1.0
43.7 43.11408 14 1.0
43.8 43.21362 14 1.0
43.9 43.31315 14 1.0
44.0 43.41268 14 1.0
44.1 43.51221 14 1.0
44.2 43.61174 14 1.0
44.3 43.71128 14 1.0
44.4 43.81081 14 1.0
44.5 43.91034 14 1.0
44.6 44.00987 14 1.0
44.7 44.1094 14 1.0
44.8 44.20894 14 1.0
44.9 44.30847 14 1.0
45.0 44.408 14 1.0
45.1 44.50753 14 1.0
45.2 44.60706 14 1.0
45.3 44.7066 14 1.0
45.4 44.80613 14 1.0
45.5 44.90566 14 1.0
45.6 45.00519 14 1.0
45.7 45.10473 14 1.0
45.8 45.20426 14 1.0
45.9 45.30379 14 1.0
46.0 45.40332 14 1.0
46.1 45.50285 14 1.0
46.2 45.60239 14 1.0
46.3 45.70192 14 1.0
46.4 45.80145 14 1.0
46.5 45.90098 14 1.0
46.6 46.00051 14 1.0
46.7 46.10005 14 1.0
46.8 46.19958 14 1.0
46.9 46.29911 14 1.0
47.0 46.39864 14 1.0
47.1 46.49817 14 1.0
47.2 46.59771 14 1.0
47.3 46.69724 14 1.0
47.4 46.79677 14 1.0
47.5 46.8963 14 1.0
47.6 46.99584 14 1.0
47.7 47.09537 14 1.0
47.8 47.1949 14 1.0
47.9 47.29443 14 1.0
48.0 47.39396 14 1.0
48.1 47.4935 14 1.0
48.2 47.59303 14 1.0
48.3 47.69256 14 1.0
48.4 47.79209 14 1.0
48.5 47.89162 14 1.0
48.6 47.99116 14 1.0
48.7 48.09069 14 1.0
48.8 48.19022 14 1.0
48.9 48.28975 14 1.0
49.0 48.38928 14 1.0
49.1 48.48882 14 1.0
49.2 48.58835 14 1.0
49.3 48.68788 14 1.0
49.4 48.78741 14 1.0
49.5 48.88695 14 1.0
49.6 48.98648 14 1.0
49.7 49.08601 14 1.0
49.8 49.18554 14 1.0
49.9 49.28507 14 1.0
50.0 49.38461 14 1.0
50.1 49.48345 14 1.0
50.2 49.5823 14 1.0
50.3 49.68114 14 1.0
50.4 49.77998 14 1.0
50.5 49.87883 14 1.0
50.6 49.97767 14 1.0
50.7 50.07652 14 1.0
50.8 50.17536 14 1.0
50.9 50.27421 14 1.0
51.0 50.37305 14 1.0
51.1 50.4719 14 1.0
51.2 50.57074 14 1.0
51.3 50.66959 14 1.0
51.4 50.76843 14 1.0
51.5 50.86728 14 1.0
51.6 50.96612 14 1.0
51.7 51.06497 14 1.0
51.8 51.16381 14 1.0
51.9 51.26266 14 1.0
52.0 51.3615 14 1.0
52.1 51.46035 14 1.0
52.2 51.55919 14 1.0
52.3 51.65804 14 1.0
52.4 51.75688 14 1.0
52.5 51.85573 14 1.0
52.6 51.95457 14 1.0
52.7 52.05342 14 1.0
52.8 52.15226 14 1.0
52.9 52.25111 14 1.0
53.0 52.34995 14 1.0
53.1 52.4488 14 1.0
53.2 52.54764 14 1.0
53.3 52.64649 14 1.0
53.4 52.74533 14 1.0
53.5 52.84418 14 1.0
53.6 52.94302 14 1.0
53.7 53.04187 14 1.0
53.8 53.14071 14 1.0
53.9 53.23955 14 1.0
54.0 53.3384 14 1.0
54.1 53.43724 14 1.0
54.2 53.53609 14 1.0
54.3 53.63493 14 1.0
54.4 53.73378 14 1.0
54.5 53.83262 14 1.0
54.6 53.93147 14 1.0
54.7 54.03031 14 1.0
54.8 54.12916 14 1.0
54.9 54.228 14 1.0
55.0 54.32685 14 1.0
55.1 54.42569 14 1.0
55.2 54.52454 14 1.0
55.3 54.62338 14 1.0
55.4 54.72223 14 1.0
55.5 54.82107 14 1.0
55.6 54.91992 14 1.0
55.7 55.01876 14 1.0
55.8 55.11761 14 1.0
55.9 55.21645 14 1.0
56.0 55.3153 14 1.0
56.1 55.41414 14 1.0
56.2 55.51299 14 1.0
56.3 55.61183 14 1.0
56.4 55.71068 14 1.0
56.5 55.80952 14 1.0
56.6 55.90837 14 1.0
56.7 56.00721 14 1.0
56.8 56.10606 14 1.0
56.9 56.2049 14 1.0
57.0 56.30375 14 1.0
57.1 56.40259 14 1.0
57.2 56.50143 14 1.0
57.3 56.60028 14 1.0
57.4 56.69912 14 1.0
57.5 56.79797 14 1.0
57.6 56.89681 14 1.0
57.7 56.99566 14 1.0
57.8 57.0945 14 1.0
57.9 57.19335 14 1.0
58.0 57.29219 14 1.0
58.1 57.39104 14 1.0
58.2 57.48988 14 1.0
58.3 57.58873 14 1.0
58.4 57.68757 14 1.0
58.5 57.78642 14 1.0
58.6 57.88526 14 1.0
58.7 57.98411 14 1.0
58.8 58.08295 14 1.0
58.9 58.1818 14 1.0
59.0 58.28064 14 1.0
59.1 58.37949 14 1.0
59.2 58.47833 14 1.0
59.3 58.57718 14 1.0
59.4 58.67602 14 1.0
59.5 58.77487 14 1.0
59.6 58.87371 14 1.0
59.7 58.97256 14 1.0
59.8 59.0714 14 1.0
59.9 59.17025 14 1.0
60.0 59.26909 14 1.0
60.1 59.36815 14 1.0
60.2 59.46721 14 1.0
60.3 59.56627 14 1.0
60.4 59.66533 14 1.0
60.5 59.76439 14 1.0
60.6 59.86345 14 1.0
60.7 59.9625 14 1.0
60.8 60.06156 14 1.0
60.9 60.16062 14 1.0
61.0 60.25968 14 1.0
61.1 60.35874 14 1.0
61.2 60.4578 14 1.0
61.3 60.55686 14 1.0
61.4 60.65592 14 1.0
61.5 60.75498 14 1.0
61.6 60.85404 14 1.0
61.7 60.95309 14 1.0
61.8 61.05215 14 1.0
61.9 61.15121 14 1.0
62.0 61.25027 14 1.0
62.1 61.34933 14 1.0
62.2 61.44839 14 1.0
62.3 61.54745 14 1.0
62.4 61.64651 14 1.0
62.5 61.74557 14 1.0
62.6 61.84463 14 1.0
62.7 61.94369 14 1.0
62.8 62.04274 14 1.0
62.9 62.1418 14 1.0
63.0 62.24086 14 1.0
63.1 62.33992 14 1.0
63.2 62.43898 14 1.0
63.3 62.53804 14 1.0
63.4 62.6371 14 1.0
63.5 62.73616 14 1.0
63.6 62.83522 14 1.0
63.7 62.93428 14 1.0
63.8 63.03334 14 1.0
63.9 63.13239 14 1.0
64.0 63.23145 14 1.0
64.1 63.33051 14 1.0
64.2 63.42957 14 1.0
64.3 63.52863 14 1.0
64.4 63.62769 14 1.0
64.5 63.72675 14 1.0
64.6 63.82581 14 1.0
64.7 63.92487 14 1.0
64.8 64.02393 14 1.0
64.9 64.12298 14 1.0
65.0 64.22204 14 1.0
65.1 64.3211 14 1.0
65.2 64.42016 14 1.0
65.3 64.51922 14 1.0
65.4 64.61828 14 1.0
65.5 64.71734 14 1.0
65.6 64.8164 14 1.0
65.7 64.7058 14 1.0
65.8 64.44829 14 1.0
65.9 64.1897 14 1.0
66.0 63.93002 14 1.0
66.1 63.66925 14 1.0
66.2 63.40739 14 1.0
66.3 63.14444 14 1.0
66.4 62.8804 14 1.0
66.5 62.61527 14 1.0
66.6 62.34905 14 1.0
66.7 62.08175 14 1.0
66.8 61.81335 14 1.0
66.9 61.54386 14 1.0
67.0 61.27328 14 1.0
67.1 61.00162 14 1.0
67.2 60.72886 14 1.0
67.3 60.45502 14 1.0
67.4 60.18008 14 1.0
67.5 59.90406 14 1.0
67.6 59.62694 14 1.0
67.7 59.34874 14 1.0
67.8 59.06944 14 1.0
67.9 58.78906 14 1.0
68.0 58.50759 14 1.0
68.1 58.22503 14 1.0
68.2 57.94138 14 1.0
68.3 57.65663 14 1.0
68.4 57.3708 14 1.0
68.5 57.08388 14 1.0
68.6 56.79587 14 1.0
68.7 56.50677 14 1.0
68.8 56.21658 14 1.0
68.9 55.9253 14 1.0
69.0 55.63294 14 1.0
69.1 55.33948 14 1.0
69.2 55.04493 14 1.0
69.3 54.74929 14 1.0
69.4 54.45257 14 1.0
69.5 54.15475 14 1.0
69.6 53.85584 14 1.0
69.7 53.55585 14 1.0
69.8 53.25476 14 1.0
69.9 52.95259 14 1.0
70.0 52.64932 14 1.0
70.1 52.32852 14 1.0
70.2 52.00662 14 1.0
70.3 51.6836 14 1.0
70.4 51.35949 14 1.0
70.5 51.03426 14 1.0
70.6 50.70794 14 1.0
70.7 50.38051 14 1.0
70.8 50.05197 14 1.0
70.9 49.72233 14 1.0
71.0 49.39158 14 1.0
71.1 49.05973 14 1.0
71.2 48.72677 14 1.0
71.3 48.39271 14 1.0
71.4 48.05755 14 1.0
71.5 47.72128 14 1.0
71.6 47.3839 14 1.0
71.7 47.04542 14 1.0
71.8 46.70584 14 1.0
71.9 46.36515 14 1.0
72.0 46.02335 14 1.0
72.1 45.68045 14 1.0
72.2 45.33645 14 1.0
72.3 44.99134 14 1.0
72.4 44.64513 14 1.0
72.5 44.29781 14 1.0
72.6 43.94938 14 1.0
72.7 43.59985 14 1.0
72.8 43.24922 14 1.0
72.9 42.89748 14 1.0
73.0 42.54464 14 1.0
73.1 42.19069 14 1.0
73.2 41.83564 14 1.0
73.3 41.47948 14 1.0
73.4 41.12222 14 1.0
73.5 40.76385 14 1.0
73.6 40.40438 14 1.0
73.7 40.0438 14 1.0
73.8 39.68212 14 1.0
73.9 39.31933 14 1.0
74.0 38.95544 14 1.0
74.1 38.59044 14 1.0
74.2 38.22434 14 1.0
74.3 37.85713 14 1.0
74.4 37.48882 14 1.0
74.5 37.11941 14 1.0
74.6 36.74888 14 1.0
74.7 36.37726 14 1.0
74.8 36.00453 14 1.0
74.9 35.63069 14 1.0
75.0 35.25575 14 1.0
75.1 34.87971 14 1.0
75.2 34.50256 14 1.0
75.3 34.1243 14 1.0
75.4 33.74494 14 1.0
75.5 33.36448 14 1.0
75.6 32.98291 14 1.0
75.7 32.60023 14 1.0
75.8 32.21645 14 1.0
75.9 31.84102 14 1.0
76.0 31.88416 14 1.0
76.1 31.9273 14 1.0
76.2 31.97044 14 1.0
76.3 32.01358 14 1.0
76.4 32.05672 14 1.0
76.5 32.09986 14 1.0
76.6 32.143 14 1.0
76.7 32.18614 14 1.0
76.8 32.22929 14 1.0
76.9 32.27243 14 1.0
77.0 32.31557 14 1.0
77.1 32.35871 14 1.0
77.2 32.40185 14 1.0
77.3 32.44499 14 1.0
77.4 32.48813 14 1.0
77.5 32.53127 14 1.0
77.6 32.57441 14 1.0
77.7 32.61755 14 1.0
77.8 32.66069 14 1.0
77.9 32.70383 14 1.0
78.0 32.74697 14 1.0
78.1 32.79011 14 1.0
78.2 32.83326 14 1.0
78.3 32.8764 14 1.0
78.4 32.91954 14 1.0
78.5 32.96268 14 1.0
78.6 33.00582 14 1.0
78.7 33.04896 14 1.0
78.8 33.0921 14 1.0
78.9 33.13524 14 1.0
79.0 33.17838 14 1.0
79.1 33.22152 14 1.0
79.2 33.26466 14 1.0
79.3 33.3078 14 1.0
79.4 33.35094 14 1.0
79.5 33.39409 14 1.0
79.6 33.43723 14 1.0
79.7 33.48037 14 1.0
79.8 33.52351 14 1.0
79.9 33.56665 14 1.0
80.0 33.60979 14 1.0
80.1 33.6596 14 1.0
80.2 33.70941 14 1.0
80.3 33.75922 14 1.0
80.4 33.80903 14 1.0
80.5 33.85883 14 1.0
80.6 33.90864 14 1.0
80.7 33.95845 14 1.0
80.8 34.00826 14 1.0
80.9 34.05807 14 1.0
81.0 34.10788 14 1.0
81.1 34.15769 14 1.0
81.2 34.2075 14 1.0
81.3 34.25731 14 1.0
81.4 34.30712 14 1.0
81.5 34.35692 14 1.0
81.6 34.40673 14 1.0
81.7 34.45654 14 1.0
81.8 34.50635 14 1.0
81.9 34.55616 14 1.0
82.0 34.60597 14 1.0
82.1 34.65578 14 1.0
82.2 34.70559 14 1.0
82.3 34.7554 14 1.0
82.4 34.80521 14 1.0
82.5 34.85501 14 1.0
82.6 34.90482 14 1.0
82.7 34.95463 14 1.0
82.8 35.00444 14 1.0
82.9 35.05425 14 1.0
83.0 35.10406 14 1.0
83.1 35.15387 14 1.0
83.2 35.20368 14 1.0
83.3 35.25349 14 1.0
83.4 35.3033 14 1.0
83.5 35.3531 14 1.0
83.6 35.40291 14 1.0
83.7 35.45272 14 1.0
83.8 35.50253 14 1.0
83.9 35.55234 14 1.0
84.0 35.60215 14 1.0
84.1 35.65196 14 1.0
84.2 35.70177 14 1.0
84.3 35.75158 14 1.0
84.4 35.80139 14 1.0
84.5 35.85119 14 1.0
84.6 35.901 14 1.0
84.7 35.95081 14 1.0
84.8 36.00062 14 1.0
84.9 36.05043 14 1.0
85.0 36.10024 14 1.0
85.1 36.15005 14 1.0
85.2 36.19986 14 1.0
85.3 36.24967 14 1.0
85.4 36.29948 14 1.0
85.5 36.34928 14 1.0
85.6 36.39909 14 1.0
85.7 36.4489 14 1.0
85.8 36.49871 14 1.0
85.9 36.54852 14 1.0
86.0 36.59833 14 1.0
86.1 36.64814 14 1.0
86.2 36.69795 14 1.0
86.3 36.74776 14 1.0
86.4 36.79757 14 1.0
86.5 36.84738 14 1.0
86.6 36.89718 14 1.0
86.7 36.94699 14 1.0
86.8 36.9968 14 1.0
86.9 37.04661 14 1.0
87.0 37.09642 14 1.0
87.1 37.14623 14 1.0
87.2 37.19604 14 1.0
87.3 37.24585 14 1.0
87.4 37.29566 14 1.0
87.5 37.34547 14 1.0
87.6 37.39527 14 1.0
87.7 37.44508 14 1.0
87.8 37.49489 14 1.0
87.9 37.5447 14 1.0
88.0 37.59451 14 1.0
88.1 37.64432 14 1.0
88.2 37.69413 14 1.0
88.3 37.74394 14 1.0
88.4 37.79375 14 1.0
88.5 37.84356 14 1.0
88.6 37.89336 14 1.0
88.7 37.94317 14 1.0
88.8 37.99298 14 1.0
88.9 38.04279 14 1.0
89.0 38.0926 14 1.0
89.1 38.14241 14 1.0
89.2 38.19222 14 1.0
89.3 38.24203 14 1.0
89.4 38.29184 14 1.0
89.5 38.34165 14 1.0
89.6 38.39145 14 1.0
89.7 38.44126 14 1.0
89.8 38.49107 14 1.0
89.9 38.54088 14 1.0
90.0 38.59069 14 1.0
90.1 38.54757 14 1.0
90.2 38.50446 14 1.0
90.3 38.46134 14 1.0
90.4 38.41822 14 1.0
90.5 38.37511 14 1.0
90.6 38.33199 14 1.0
90.7 38.28887 14 1.0
90.8 38.24575 14 1.0
90.9 38.20264 14 1.0
91.0 38.15952 14 1.0
91.1 38.1164 14 1.0
91.2 38.07329 14 1.0
91.3 38.03017 14 1.0
91.4 37.98705 14 1.0
91.5 37.94394 14 1.0
91.6 37.90082 14 1.0
91.7 37.8577 14 1.0
91.8 37.81459 14 1.0
91.9 37.77147 14 1.0
92.0 37.72835 14 1.0
92.1 37.68523 14 1.0
92.2 37.64212 14 1.0
92.3 37.599 14 1.0
92.4 37.55588 14 1.0
92.5 37.51277 14 1.0
92.6 37.46965 14 1.0
92.7 37.42653 14 1.0
92.8 37.38342 14 1.0
92.9 37.3403 14 1.0
93.0 37.29718 14 1.0
93.1 37.25406 14 1.0
93.2 37.21095 14 1.0
93.3 37.16783 14 1.0
93.4 37.12471 14 1.0
93.5 37.0816 14 1.0
93.6 37.03848 14 1.0
93.7 36.99536 14 1.0
93.8 36.95225 14 1.0
93.9 36.90913 14 1.0
94.0 36.86601 14 1.0
94.1 36.82289 14 1.0
94.2 36.77978 14 1.0
94.3 36.73666 14 1.0
94.4 36.69354 14 1.0
94.5 36.65043 14 1.0
94.6 36.60731 14 1.0
94.7 36.56419 14 1.0
94.8 36.52108 14 1.0
94.9 36.47796 14 1.0
95.0 36.43484 14 1.0
95.1 36.39172 14 1.0
95.2 36.34861 14 1.0
95.3 36.30549 14 1.0
95.4 36.26237 14 1.0
95.5 36.21926 14 1.0
95.6 36.17614 14 1.0
95.7 36.13302 14 1.0
95.8 36.08991 14 1.0
95.9 36.04679 14 1.0
96.0 36.00367 14 1.0
96.1 35.96055 14 1.0
96.2 35.91744 14 1.0
96.3 35.87432 14 1.0
96.4 35.8312 14 1.0
96.5 35.78809 14 1.0
96.6 35.74497 14 1.0
96.7 35.70185 14 1.0
96.8 35.65874 14 1.0
96.9 35.61562 14 1.0
97.0 35.5725 14 1.0
97.1 35.52939 14 1.0
97.2 35.48627 14 1.0
97.3 35.44315 14 1.0
97.4 35.40003 14 1.0
97.5 35.35692 14 1.0
97.6 35.3138 14 1.0
97.7 35.27068 14 1.0
97.8 35.22757 14 1.0
97.9 35.18445 14 1.0
98.0 35.14133 14 1.0
98.1 35.09822 14 1.0
98.2 35.0551 14 1.0
98.3 35.01198 14 1.0
98.4 34.96886 14 1.0
98.5 34.92575 14 1.0
98.6 34.88263 14 1.0
98.7 34.83951 14 1.0
98.8 34.7964 14 1.0
98.9 34.75328 14 1.0
99.0 34.71016 14 1.0
99.1 34.66705 14 1.0
99.2 34.62393 14 1.0
99.3 34.58081 14 1.0
99.4 34.53769 14 1.0
99.5 34.49458 14 1.0
99.6 34.45146 14 1.0
99.7 34.40834 14 1.0
99.8 34.36523 14 1.0
99.9 34.32211 14 1.0
100.0 34.27899 14 1.0
100.1 34.4243 14 1.0
100.2 34.5696 14 1.0
100.3 34.71491 14 1.0
100.4 34.86021 14 1.0
100.5 35.00552 14 1.0
100.6 35.15082 14 1.0
100.7 35.29613 14 1.0
100.8 35.44143 14 1.0
100.9 35.58674 14 1.0
101.0 35.73204 14 1.0
101.1 35.87735 14 1.0
101.2 36.02266 14 1.0
101.3 36.16796 14 1.0
101.4 36.31327 14 1.0
101.5 36.45857 14 1.0
101.6 36.60388 14 1.0
101.7 36.74918 14 1.0
101.8 36.89449 14 1.0
101.9 37.03979 14 1.0
102.0 37.1851 14 1.0
102.1 37.3304 14 1.0
102.2 37.47571 14 1.0
102.3 37.62101 14 1.0
102.4 37.76632 14 1.0
102.5 37.91162 14 1.0
102.6 38.05693 14 1.0
102.7 38.20223 14 1.0
102.8 38.34754 14 1.0
102.9 38.49284 14 1.0
103.0 38.63815 14 1.0
103.1 38.78346 14 1.0
103.2 38.92876 14 1.0
103.3 39.07407 14 1.0
103.4 39.21937 14 1.0
103.5 39.36468 14 1.0
103.6 39.50998 14 1.0
103.7 39.65529 14 1.0
103.8 39.80059 14 1.0
103.9 39.9459 14 1.0
104.0 40.0912 14 1.0
104.1 40.23651 14 1.0
104.2 40.38181 14 1.0
104.3 40.52712 14 1.0
104.4 40.67242 14 1.0
104.5 40.81773 14 1.0
104.6 40.96303 14 1.0
104.7 41.10834 14 1.0
104.8 41.25364 14 1.0
104.9 41.39895 14 1.0
105.0 41.54425 14 1.0
105.1 41.68956 14 1.0
105.2 41.83487 14 1.0
105.3 41.98017 14 1.0
105.4 42.12548 14 1.0
105.5 42.27078 14 1.0
105.6 42.41609 14 1.0
105.7 42.56139 14 1.0
105.8 42.7067 14 1.0
105.9 42.852 14 1.0
106.0 42.99731 14 1.0
106.1 43.14261 14 1.0
106.2 43.28792 14 1.0
106.3 43.43322 14 1.0
106.4 43.57853 14 1.0
106.5 43.72383 14 1.0
106.6 43.86914 14 1.0
106.7 44.01444 14 1.0
106.8 44.15975 14 1.0
106.9 44.30505 14 1.0
107.0 44.45036 14 1.0
107.1 44.59566 14 1.0
107.2 44.74097 14 1.0
107.3 44.88628 14 1.0
107.4 45.03158 14 1.0
107.5 45.17689 14 1.0
107.6 45.32219 14 1.0
107.7 45.4675 14 1.0
107.8 45.6128 14 1.0
107.9 45.75811 14 1.0
108.0 45.90341 14 1.0
108.1 46.04872 14 1.0
108.2 46.19402 14 1.0
108.3 46.33933 14 1.0
108.4 46.48463 14 1.0
108.5 46.62994 14 1.0
108.6 46.77524 14 1.0
108.7 46.92055 14 1.0
108.8 47.06585 14 1.0
108.9 47.21116 14 1.0
109.0 47.35646 14 1.0
109.1 47.50177 14 1.0
109.2 47.64708 14 1.0
109.3 47.79238 14 1.0
109.4 47.93769 14 1.0
109.5 48.08299 14 1.0
109.6 48.2283 14 1.0
109.7 48.3736 14 1.0
109.8 48.51891 14 1.0
109.9 48.66421 14 1.0
110.0 48.80952 14 1.0
110.1 48.85727 14 1.0
110.2 48.90502 14 1.0
110.3 48.95277 14 1.0
110.4 49.00053 14 1.0
110.5 49.04828 14 1.0
110.6 49.09603 14 1.0
110.7 49.14378 14 1.0
110.8 49.19153 14 1.0
110.9 49.23929 14 1.0
111.0 49.28704 14 1.0
111.1 49.33479 14 1.0
111.2 49.38254 14 1.0
111.3 49.43029 14 1.0
111.4 49.47805 14 1.0
111.5 49.5258 14 1.0
111.6 49.57355 14 1.0
111.7 49.6213 14 1.0
111.8 49.66905 14 1.0
111.9 49.71681 14 1.0
112.0 49.76456 14 1.0
112.1 49.81231 14 1.0
112.2 49.86006 14 1.0
112.3 49.90781 14 1.0
112.4 49.95557 14 1.0
112.5 50.00332 14 1.0
112.6 50.05107 14 1.0
112.7 50.09882 14 1.0
112.8 50.14658 14 1.0
112.9 50.19433 14 1.0
113.0 50.24208 14 1.0
113.1 50.28983 14 1.0
113.2 50.33758 14 1.0
113.3 50.38534 14 1.0
113.4 50.43309 14 1.0
113.5 50.48084 14 1.0
113.6 50.52859 14 1.0
113.7 50.57634 14 1.0
113.8 50.6241 14 1.0
113.9 50.67185 14 1.0
114.0 50.7196 14 1.0
114.1 50.76735 14 1.0
114.2 50.8151 14 1.0
114.3 50.86286 14 1.0
114.4 50.91061 14 1.0
114.5 50.95836 14 1.0
114.6 51.00611 14 1.0
114.7 50.81581 14 1.0
114.8 50.1338 14 1.0
114.9 49.45045 14 1.0
115.0 48.76574 14 1.0
115.1 48.07968 14 1.0
115.2 47.39227 14 1.0
115.3 46.70351 14 1.0
115.4 46.01341 14 1.0
115.5 45.32195 14 1.0
115.6 44.62914 14 1.0
115.7 43.93498 14 1.0
115.8 43.23947 14 1.0
115.9 42.54261 14 1.0
116.0 41.8444 14 1.0
116.1 41.14484 14 1.0
116.2 40.44393 14 1.0
116.3 39.74167 14 1.0
116.4 39.03806 14 1.0
116.5 38.3331 14 1.0
116.6 37.62679 14 1.0
116.7 36.91913 14 1.0
116.8 36.21012 14 1.0
116.9 35.49976 14 1.0
117.0 34.78804 14 1.0
117.1 34.07498 14 1.0
117.2 33.36057 14 1.0
117.3 32.64481 14 1.0
117.4 31.92769 14 1.0
117.5 31.20923 14 1.0
117.6 30.48942 14 1.0
117.7 29.76825 14 1.0
117.8 29.04574 14 1.0
117.9 28.32188 14 1.0
118.0 27.59666 14 1.0
118.1 26.8701 14 1.0
118.2 26.14218 14 1.0
118.3 25.41292 14 1.0
118.4 24.6823 14 1.0
118.5 23.95034 14 1.0
118.6 23.21702 14 1.0
118.7 22.48236 14 1.0
118.8 21.74634 14 1.0
118.9 21.00897 14 1.0
119.0 20.27026 14 1.0
119.1 19.53019 14 1.0
119.2 18.78877 14 1.0
119.3 18.04601 14 1.0
119.4 17.30189 14 1.0
119.5 16.55642 14 1.0
119.6 15.8096 14 1.0
119.7 15.06144 14 1.0
119.8 14.31192 14 1.0
119.9 13.56105 14 1.0
120.0 12.80883 14 1.0
120.1 11.89175 14 1.0
120.2 10.97274 14 1.0
120.3 10.0518 14 1.0
120.4 9.128937 14 1.0
120.5 8.204143 14 1.0
120.6 7.27742 14 1.0
120.7 6.348769 14 1.0
120.8 5.418189 14 1.0
120.9 4.485681 14 1.0
121.0 0.0 15 0.0
121.1 0.0 15 0.0
121.2 0.0 15 0.0
121.3 0.0 15 0.0
121.4 0.0 15 0.0
121.5 0.0 15 0.0
121.6 0.0 15 0.0
121.7 0.0 15 0.0
121.8 0.0 15 0.0
121.9 0.0 15 0.0
122.0 0.0 15 0.0
122.1 0.0 15 0.0
122.2 0.0 15 0.0
122.3 0.0 15 0.0
122.4 0.0 15 0.0
122.5 0.0 15 0.0
122.6 0.0 15 0.0
122.7 0.0 15 0.0
122.8 0.0 15 0.0
122.9 0.0 15 0.0
123.0 0.0 15 0.0
123.1 0.0 15 0.0
123.2 0.0 15 0.0
123.3 0.0 15 0.0
123.4 0.0 15 0.0
123.5 0.0 15 0.0
123.6 0.0 15 0.0
123.7 0.0 15 0.0
123.8 0.0 15 0.0
123.9 0.0 15 0.0
124.0 0.0 15 0.0
124.1 0.0 15 0.0
124.2 0.0 15 0.0
124.3 0.0 15 0.0
124.4 0.0 15 0.0
124.5 0.0 15 0.0
124.6 0.0 15 0.0
124.7 0.0 15 0.0
124.8 0.0 15 0.0
124.9 0.0 15 0.0
125.0 0.0 15 0.0
125.1 0.0 15 0.0
125.2 0.0 15 0.0
125.3 0.0 15 0.0
125.4 0.0 15 0.0
125.5 0.0 15 0.0
125.6 0.0 15 0.0
125.7 0.0 15 0.0
125.8 0.0 15 0.0
125.9 0.0 15 0.0
126.0 0.0 15 0.0
126.1 0.0 15 0.0
126.2 0.0 15 0.0
126.3 0.0 15 0.0
126.4 0.0 15 0.0
126.5 0.0 15 0.0
126.6 0.0 15 0.0
126.7 0.0 15 0.0
126.8 0.0 15 0.0
126.9 0.0 15 0.0
127.0 0.0 15 0.0
127.1 0.0 15 0.0
127.2 0.0 15 0.0
127.3 0.0 15 0.0
127.4 0.0 15 0.0
127.5 0.0 15 0.0
127.6 0.0 15 0.0
127.7 0.0 15 0.0
127.8 0.0 15 0.0
127.9 0.0 15 0.0
128.0 0.0 15 0.0
128.1 0.0 15 0.0
128.2 0.0 15 0.0
128.3 0.0 15 0.0
128.4 0.0 15 0.0
128.5 0.0 15 0.0
128.6 0.0 15 0.0
128.7 0.0 15 0.0
128.8 0.0 15 0.0
128.9 0.0 15 0.0
129.0 0.0 15 0.0
129.1 0.0 15 0.0
129.2 0.0 15 0.0
129.3 0.0 15 0.0
129.4 0.0 15 0.0
129.5 0.0 15 0.0
129.6 0.0 15 0.0
129.7 0.0 15 0.0
129.8 0.0 15 0.0
129.9 0.0 15 0.0
130.0 0.0 15 0.0
130.1 0.0 15 0.0
130.2 0.0 15 0.0
130.3 0.0 15 0.0
130.4 0.0 15 0.0
130.5 0.0 15 0.0
130.6 0.0 15 0.0
130.7 0.0 15 0.0
130.8 0.0 15 0.0
130.9 0.0 15 0.0
131.0 0.0 15 0.0
131.1 0.0 15 0.0
131.2 0.0 15 0.0
131.3 0.0 15 0.0
131.4 0.0 15 0.0
131.5 0.0 15 0.0
131.6 0.0 15 0.0
131.7 0.0 15 0.0
131.8 0.0 15 0.0
131.9 0.0 15 0.0
132.0 0.0 15 0.0
132.1 0.0 15 0.0
132.2 0.0 15 0.0
132.3 0.0 15 0.0
132.4 0.0 15 0.0
132.5 0.0 15 0.0
132.6 0.0 15 0.0
132.7 0.0 15 0.0
132.8 0.0 15 0.0
132.9 0.0 15 0.0
133.0 0.0 15 0.0
133.1 0.0 15 0.0
133.2 0.0 15 0.0
133.3 0.0 15 0.0
133.4 0.0 15 0.0
133.5 0.0 15 0.0
133.6 0.0 15 0.0
133.7 0.0 15 0.0
133.8 0.0 15 0.0
133.9 0.0 15 0.0
134.0 0.0 15 0.0
134.1 0.0 15 0.0
134.2 0.0 15 0.0
134.3 0.0 15 0.0
134.4 0.0 15 0.0
134.5 0.0 15 0.0
134.6 0.0 15 0.0
134.7 0.0 15 0.0
134.8 0.0 15 0.0
134.9 0.0 15 0.0
135.0 0.0 15 0.0
135.1 0.0 15 0.0
135.2 0.0 15 0.0
135.3 0.0 15 0.0
135.4 0.0 15 0.0
135.5 0.0 15 0.0
135.6 0.0 15 0.0
135.7 0.0 15 0.0
135.8 0.0 15 0.0
135.9 0.0 15 0.0
136.0 0.0 15 0.0
136.1 0.0 15 0.0
136.2 0.0 15 0.0
136.3 0.0 15 0.0
136.4 0.0 15 0.0
136.5 0.0 15 0.0
136.6 0.0 15 0.0
136.7 0.0 15 0.0
136.8 0.0 15 0.0
136.9 0.0 15 0.0
137.0 0.0 15 0.0
137.1 0.0 15 0.0
137.2 0.0 15 0.0
137.3 0.0 15 0.0
137.4 0.0 15 0.0
137.5 0.0 15 0.0
137.6 0.0 15 0.0
137.7 0.0 15 0.0
137.8 0.0 15 0.0
137.9 0.0 15 0.0
138.0 0.0 15 0.0
138.1 0.0 15 0.0
138.2 0.0 15 0.0
138.3 0.0 15 0.0
138.4 0.0 15 0.0
138.5 0.0 15 0.0
138.6 0.0 15 0.0
138.7 0.0 15 0.0
138.8 0.0 15 0.0
138.9 0.0 15 0.0
139.0 0.0 15 0.0
139.1 0.0 15 0.0
139.2 0.0 15 0.0
139.3 0.0 15 0.0
139.4 0.0 15 0.0
139.5 0.0 15 0.0
139.6 0.0 15 0.0
139.7 0.0 15 0.0
139.8 0.0 15 0.0
139.9 0.0 15 0.0
140.0 0.0 15 0.0
140.1 0.0 15 0.0
140.2 0.0 15 0.0
140.3 0.0 15 0.0
140.4 0.0 15 0.0
140.5 0.0 15 0.0
140.6 0.0 15 0.0
140.7 0.0 15 0.0
140.8 0.0 15 0.0
140.9 0.0 15 0.0
141.0 0.0 15 0.0
141.1 0.0 15 0.0
141.2 0.0 15 0.0
141.3 0.0 15 0.0
141.4 0.0 15 0.0
141.5 0.0 15 0.0
141.6 0.0 15 0.0
141.7 0.0 15 0.0
141.8 0.0 15 0.0
141.9 0.0 15 0.0
142.0 0.0 15 0.0
142.1 0.0 15 0.0
142.2 0.0 15 0.0
142.3 0.0 15 0.0
142.4 0.0 15 0.0
142.5 0.0 15 0.0
142.6 0.0 15 0.0
142.7 0.0 15 0.0
142.8 0.0 15 0.0
142.9 0.0 15 0.0
143.0 0.0 15 0.0
143.1 0.0 15 0.0
143.2 0.0 15 0.0
143.3 0.0 15 0.0
143.4 0.0 15 0.0
143.5 0.0 15 0.0
143.6 0.0 15 0.0
143.7 0.0 15 0.0
143.8 0.0 15 0.0
143.9 0.0 15 0.0
144.0 0.0 15 0.0
144.1 0.0 15 0.0
144.2 0.0 15 0.0
144.3 0.0 15 0.0
144.4 0.0 15 0.0
144.5 0.0 15 0.0
144.6 0.0 15 0.0
144.7 0.0 15 0.0
144.8 0.0 15 0.0
144.9 0.0 15 0.0
145.0 0.0 15 0.0
145.1 0.0 15 0.0
145.2 0.0 15 0.0
145.3 0.0 15 0.0
145.4 0.0 15 0.0
145.5 0.0 15 0.0
145.6 0.0 15 0.0
145.7 0.0 15 0.0
145.8 0.0 15 0.0
145.9 0.0 15 0.0
146.0 0.0 15 0.0
146.1 0.0 15 0.0
146.2 0.0 15 0.0
146.3 0.0 15 0.0
146.4 0.0 15 0.0
146.5 0.0 15 0.0
146.6 0.0 15 0.0
146.7 0.0 15 0.0
146.8 0.0 15 0.0
146.9 0.0 15 0.0
147.0 0.0 15 0.0
147.1 0.0 15 0.0
147.2 0.0 15 0.0
147.3 0.0 15 0.0
147.4 0.0 15 0.0
147.5 0.0 15 0.0
147.6 4.322607 14 1.0
147.7 6.549116 14 1.0
147.8 8.768072 14 1.0
147.9 10.97947 14 1.0
148.0 13.18332 14 1.0
148.1 15.37962 14 1.0
148.2 17.56836 14 1.0
148.3 19.74955 14 1.0
148.4 21.92318 14 1.0
148.5 24.08926 14 1.0
148.6 26.24779 14 1.0
148.7 28.39876 14 1.0
148.8 30.54218 14 1.0
148.9 32.67805 14 1.0
149.0 34.80636 14 1.0
149.1 36.92712 14 1.0
149.2 39.04032 14 1.0
149.3 41.14597 14 1.0
149.4 43.24407 14 1.0
149.5 45.33462 14 1.0
149.6 47.41761 14 1.0
149.7 49.49304 14 1.0
149.8 51.56093 14 1.0
149.9 53.62126 14 1.0
150.0 54.34017 14 1.0
150.1 54.30585 14 1.0
150.2 52.93339 14 1.0
150.3 51.55666 14 1.0
150.4 50.17565 14 1.0
150.5 48.79037 14 1.0
150.6 47.40082 14 1.0
150.7 46.007 14 1.0
150.8 44.6089 14 1.0
150.9 43.20653 14 1.0
151.0 41.79988 14 1.0
151.1 40.38896 14 1.0
151.2 38.97377 14 1.0
151.3 37.55431 14 1.0
151.4 36.13057 14 1.0
151.5 34.70256 14 1.0
151.6 33.27028 14 1.0
151.7 31.83372 14 1.0
151.8 30.3929 14 1.0
151.9 28.94779 14 1.0
152.0 27.49842 14 1.0
152.1 26.04477 14 1.0
152.2 24.58685 14 1.0
152.3 23.12465 14 1.0
152.4 21.65818 14 1.0
152.5 20.18744 14 1.0
152.6 18.71243 14 1.0
152.7 17.23314 14 1.0
152.8 15.74958 14 1.0
152.9 14.26175 14 1.0
153.0 12.76964 14 1.0
153.1 11.27326 14 1.0
153.2 9.772606 14 1.0
153.3 8.26768 14 1.0
153.4 6.75848 14 1.0
153.5 5.245008 14 1.0
153.6 0.0 15 0.0
153.7 0.0 15 0.0
153.8 0.0 15 0.0
153.9 0.0 15 0.0
154.0 0.0 15 0.0
154.1 0.0 15 0.0
154.2 0.0 15 0.0
154.3 0.0 15 0.0
154.4 0.0 15 0.0
154.5 0.0 15 0.0
154.6 0.0 15 0.0
154.7 0.0 15 0.0
154.8 0.0 15 0.0
154.9 0.0 15 0.0
155.0 0.0 15 0.0
155.1 0.0 15 0.0
155.2 0.0 15 0.0
155.3 0.0 15 0.0
155.4 0.0 15 0.0
155.5 0.0 15 0.0
155.6 0.0 15 0.0
155.7 0.0 15 0.0
155.8 0.0 15 0.0
155.9 0.0 15 0.0
156.0 0.0 15 0.0
156.1 0.0 15 0.0
156.2 0.0 15 0.0
156.3 0.0 15 0.0
156.4 0.0 15 0.0
156.5 0.0 15 0.0
156.6 0.0 15 0.0
156.7 0.0 15 0.0
156.8 0.0 15 0.0
156.9 0.0 15 0.0
157.0 0.0 15 0.0
157.1 0.0 15 0.0
157.2 0.0 15 0.0
157.3 0.0 15 0.0
157.4 0.0 15 0.0
157.5 0.0 15 0.0
157.6 0.0 15 0.0
157.7 0.0 15 0.0
157.8 0.0 15 0.0
157.9 0.0 15 0.0
158.0 0.0 15 0.0
158.1 0.0 15 0.0
158.2 0.0 15 0.0
158.3 0.0 15 0.0
158.4 0.0 15 0.0
158.5 0.0 15 0.0
158.6 0.0 15 0.0
158.7 0.0 15 0.0
158.8 0.0 15 0.0
158.9 0.0 15 0.0
159.0 0.0 15 0.0
159.1 0.0 15 0.0
159.2 0.0 15 0.0
159.3 0.0 15 0.0
159.4 0.0 15 0.0
159.5 0.0 15 0.0
159.6 0.0 15 0.0
159.7 0.0 15 0.0
159.8 0.0 15 0.0
159.9 0.0 15 0.0
160.0 0.0 15 0.0
160.1 0.0 15 0.0
160.2 0.0 15 0.0
160.3 0.0 15 0.0
160.4 0.0 15 0.0
160.5 0.0 15 0.0
160.6 0.0 15 0.0
160.7 0.0 15 0.0
160.8 0.0 15 0.0
160.9 0.0 15 0.0
161.0 0.0 15 0.0
161.1 0.0 15 0.0
161.2 0.0 15 0.0
161.3 0.0 15 0.0
161.4 0.0 15 0.0
161.5 0.0 15 0.0
161.6 0.0 15 0.0
161.7 0.0 15 0.0
161.8 0.0 15 0.0
161.9 0.0 15 0.0
162.0 0.0 15 0.0
162.1 0.0 15 0.0
162.2 0.0 15 0.0
162.3 0.0 15 0.0
162.4 0.0 15 0.0
162.5 0.0 15 0.0
162.6 0.0 15 0.0
162.7 0.0 15 0.0
162.8 0.0 15 0.0
162.9 0.0 15 0.0
163.0 0.0 15 0.0
163.1 0.0 15 0.0
163.2 0.0 15 0.0
163.3 0.0 15 0.0
163.4 0.0 15 0.0
163.5 0.0 15 0.0
163.6 0.0 15 0.0
163.7 0.0 15 0.0
163.8 0.0 15 0.0
163.9 0.0 15 0.0
164.0 0.0 15 0.0
164.1 0.0 15 0.0
164.2 0.0 15 0.0
164.3 0.0 15 0.0
164.4 0.0 15 0.0
164.5 0.0 15 0.0
164.6 0.0 15 0.0
164.7 0.0 15 0.0
164.8 0.0 15 0.0
164.9 0.0 15 0.0
165.0 0.0 15 0.0
165.1 0.0 15 0.0
165.2 0.0 15 0.0
165.3 0.0 15 0.0
165.4 0.0 15 0.0
165.5 0.0 15 0.0
165.6 0.0 15 0.0
165.7 0.0 15 0.0
165.8 0.0 15 0.0
165.9 0.0 15 0.0
166.0 0.0 15 0.0
166.1 0.0 15 0.0
166.2 0.0 15 0.0
166.3 0.0 15 0.0
166.4 0.0 15 0.0
166.5 0.0 15 0.0
166.6 0.0 15 0.0
166.7 0.0 15 0.0
166.8 0.0 15 0.0
166.9 0.0 15 0.0
167.0 0.0 15 0.0
167.1 0.0 15 0.0
167.2 0.0 15 0.0
167.3 0.0 15 0.0
167.4 0.0 15 0.0
167.5 0.0 15 0.0
167.6 0.0 15 0.0
167.7 0.0 15 0.0
167.8 0.0 15 0.0
167.9 0.0 15 0.0
168.0 0.0 15 0.0
168.1 0.0 15 0.0
168.2 0.0 15 0.0
168.3 0.0 15 0.0
168.4 0.0 15 0.0
168.5 0.0 15 0.0
168.6 0.0 15 0.0
168.7 0.0 15 0.0
168.8 0.0 15 0.0
168.9 0.0 15 0.0
169.0 0.0 15 0.0
169.1 0.0 15 0.0
169.2 0.0 15 0.0
169.3 0.0 15 0.0
169.4 0.0 15 0.0
169.5 0.0 15 0.0
169.6 0.0 15 0.0
169.7 0.0 15 0.0
169.8 0.0 15 0.0
169.9 0.0 15 0.0
170.0 0.0 15 0.0
170.1 0.0 15 0.0
170.2 0.0 15 0.0
170.3 0.0 15 0.0
170.4 0.0 15 0.0
170.5 0.0 15 0.0
170.6 0.0 15 0.0
170.7 0.0 15 0.0
170.8 0.0 15 0.0
170.9 0.0 15 0.0
171.0 0.0 15 0.0
171.1 0.0 15 0.0
171.2 0.0 15 0.0
171.3 0.0 15 0.0
171.4 0.0 15 0.0
171.5 0.0 15 0.0
171.6 0.0 15 0.0
171.7 0.0 15 0.0
171.8 0.0 15 0.0
171.9 0.0 15 0.0
172.0 0.0 15 0.0
172.1 0.0 15 0.0
172.2 0.0 15 0.0
172.3 0.0 15 0.0
172.4 0.0 15 0.0
172.5 0.0 15 0.0
172.6 0.0 15 0.0
172.7 0.0 15 0.0
172.8 0.0 15 0.0
172.9 0.0 15 0.0
173.0 0.0 15 0.0
173.1 0.0 15 0.0
173.2 0.0 15 0.0
173.3 0.0 15 0.0
173.4 0.0 15 0.0
173.5 0.0 15 0.0
173.6 0.0 15 0.0
173.7 0.0 15 0.0
173.8 0.0 15 0.0
173.9 0.0 15 0.0
174.0 0.0 15 0.0
174.1 0.0 15 0.0
174.2 0.0 15 0.0
174.3 0.0 15 0.0
174.4 0.0 15 0.0
174.5 0.0 15 0.0
174.6 0.0 15 0.0
174.7 0.0 15 0.0
174.8 0.0 15 0.0
174.9 0.0 15 0.0
175.0 0.0 15 0.0
175.1 0.0 15 0.0
175.2 0.0 15 0.0
175.3 0.0 15 0.0
175.4 0.0 15 0.0
175.5 0.0 15 0.0
175.6 0.0 15 0.0
175.7 0.0 15 0.0
175.8 0.0 15 0.0
175.9 0.0 15 0.0
176.0 0.0 15 0.0
176.1 0.0 15 0.0
176.2 0.0 15 0.0
176.3 0.0 15 0.0
176.4 0.0 15 0.0
176.5 0.0 15 0.0
176.6 0.0 15 0.0
176.7 0.0 15 0.0
176.8 0.0 15 0.0
176.9 0.0 15 0.0
177.0 0.0 15 0.0
177.1 0.0 15 0.0
177.2 0.0 15 0.0
177.3 0.0 15 0.0
177.4 0.0 15 0.0
177.5 0.0 15 0.0
177.6 0.0 15 0.0
177.7 0.0 15 0.0
177.8 0.0 15 0.0
177.9 0.0 15 0.0
178.0 0.0 15 0.0
178.1 0.0 15 0.0
178.2 0.0 15 0.0
178.3 0.0 15 0.0
178.4 0.0 15 0.0
178.5 0.0 15 0.0
178.6 0.0 15 0.0
178.7 0.0 15 0.0
178.8 0.0 15 0.0
178.9 0.0 15 0.0
179.0 0.0 15 0.0
179.1 0.0 15 0.0
179.2 0.0 15 0.0
179.3 0.0 15 0.0
179.4 0.0 15 0.0
179.5 0.0 15 0.0
179.6 0.0 15 0.0
179.7 0.0 15 0.0
179.8 0.0 15 0.0
179.9 0.0 15 0.0
180.0 0.0 15 0.0
180.1 0.0 15 0.0
180.2 0.0 15 0.0
180.3 0.0 15 0.0
180.4 0.0 15 0.0
180.5 0.0 15 0.0
180.6 0.0 15 0.0
180.7 0.0 15 0.0
180.8 0.0 15 0.0
180.9 0.0 15 0.0
181.0 0.0 15 0.0
181.1 0.0 15 0.0
181.2 0.0 15 0.0
181.3 0.0 15 0.0
181.4 0.0 15 0.0
181.5 0.0 15 0.0
181.6 0.0 15 0.0
181.7 0.0 15 0.0
181.8 0.0 15 0.0
181.9 0.0 15 0.0
182.0 0.0 15 0.0
182.1 0.0 15 0.0
182.2 0.0 15 0.0
182.3 0.0 15 0.0
182.4 0.0 15 0.0
182.5 0.0 15 0.0
182.6 0.0 15 0.0
182.7 0.0 15 0.0
182.8 0.0 15 0.0
182.9 0.0 15 0.0
183.0 0.0 15 0.0
183.1 0.0 15 0.0
183.2 0.0 15 0.0
183.3 0.0 15 0.0
183.4 0.0 15 0.0
183.5 0.0 15 0.0
183.6 0.0 15 0.0
183.7 0.0 15 0.0
183.8 0.0 15 0.0
183.9 0.0 15 0.0
184.0 0.0 15 0.0
184.1 0.0 15 0.0
184.2 0.0 15 0.0
184.3 0.0 15 0.0
184.4 0.0 15 0.0
184.5 0.0 15 0.0
184.6 0.0 15 0.0
184.7 0.0 15 0.0
184.8 0.0 15 0.0
184.9 0.0 15 0.0
185.0 0.0 15 0.0
185.1 0.0 15 0.0
185.2 0.0 15 0.0
185.3 0.0 15 0.0
185.4 0.0 15 0.0
185.5 0.0 15 0.0
185.6 0.0 15 0.0
185.7 0.0 15 0.0
185.8 0.0 15 0.0
185.9 0.0 15 0.0
186.0 0.0 15 0.0
186.1 0.0 15 0.0
186.2 0.0 15 0.0
186.3 0.0 15 0.0
186.4 0.0 15 0.0
186.5 0.0 15 0.0
186.6 0.0 15 0.0
186.7 0.0 15 0.0
186.8 0.0 15 0.0
186.9 0.0 15 0.0
187.0 0.0 15 0.0
187.1 0.0 15 0.0
187.2 0.0 15 0.0
187.3 0.0 15 0.0
187.4 0.0 15 0.0
187.5 0.0 15 0.0
187.6 0.0 15 0.0
187.7 0.0 15 0.0
187.8 0.0 15 0.0
187.9 0.0 15 0.0
188.0 0.0 15 0.0
188.1 0.0 15 0.0
188.2 0.0 15 0.0
188.3 0.0 15 0.0
188.4 0.0 15 0.0
188.5 0.0 15 0.0
188.6 0.0 15 0.0
188.7 0.0 15 0.0
188.8 0.0 15 0.0
188.9 0.0 15 0.0
189.0 0.0 15 0.0
189.1 0.0 15 0.0
189.2 0.0 15 0.0
189.3 0.0 15 0.0
189.4 0.0 15 0.0
189.5 0.0 15 0.0
189.6 0.0 15 0.0
189.7 0.0 15 0.0
189.8 0.0 15 0.0
189.9 0.0 15 0.0
190.0 0.0 15 0.0
190.1 0.0 15 0.0
190.2 0.0 15 0.0
190.3 0.0 15 0.0
190.4 0.0 15 0.0
190.5 0.0 15 0.0
190.6 0.0 15 0.0
190.7 0.0 15 0.0
190.8 0.0 15 0.0
190.9 0.0 15 0.0
191.0 0.0 15 0.0
191.1 0.0 15 0.0
191.2 0.0 15 0.0
191.3 0.0 15 0.0
191.4 0.0 15 0.0
191.5 0.0 15 0.0
191.6 0.0 15 0.0
191.7 0.0 15 0.0
191.8 0.0 15 0.0
191.9 0.0 15 0.0
192.0 0.0 15 0.0
192.1 0.0 15 0.0
192.2 0.0 15 0.0
192.3 0.0 15 0.0
192.4 0.0 15 0.0
192.5 0.0 15 0.0
192.6 0.0 15 0.0
192.7 0.0 15 0.0
192.8 0.0 15 0.0
192.9 0.0 15 0.0
193.0 0.0 15 0.0
193.1 0.0 15 0.0
193.2 0.0 15 0.0
193.3 0.0 15 0.0
193.4 0.0 15 0.0
193.5 0.0 15 0.0
193.6 0.0 15 0.0
193.7 0.0 15 0.0
193.8 0.0 15 0.0
193.9 0.0 15 0.0
194.0 0.0 15 0.0
194.1 0.0 15 0.0
194.2 0.0 15 0.0
194.3 0.0 15 0.0
194.4 0.0 15 0.0
194.5 0.0 15 0.0
194.6 0.0 15 0.0
194.7 0.0 15 0.0
194.8 0.0 15 0.0
194.9 0.0 15 0.0
195.0 0.0 15 0.0
195.1 0.0 15 0.0
195.2 0.0 15 0.0
195.3 0.0 15 0.0
195.4 0.0 15 0.0
195.5 0.0 15 0.0
195.6 0.0 15 0.0
195.7 0.0 15 0.0
195.8 0.0 15 0.0
195.9 0.0 15 0.0
196.0 0.0 15 0.0
196.1 0.0 15 0.0
196.2 0.0 15 0.0
196.3 0.0 15 0.0
196.4 0.0 15 0.0
196.5 0.0 15 0.0
196.6 0.0 15 0.0
196.7 0.0 15 0.0
196.8 0.0 15 0.0
196.9 0.0 15 0.0
197.0 0.0 15 0.0
197.1 0.0 15 0.0
197.2 0.0 15 0.0
197.3 0.0 15 0.0
197.4 0.0 15 0.0
197.5 0.0 15 0.0
197.6 0.0 15 0.0
197.7 0.0 15 0.0
197.8 0.0 15 0.0
197.9 0.0 15 0.0
198.0 0.0 15 0.0
198.1 0.0 15 0.0
198.2 0.0 15 0.0
198.3 0.0 15 0.0
198.4 0.0 15 0.0
198.5 0.0 15 0.0
198.6 0.0 15 0.0
198.7 0.0 15 0.0
198.8 0.0 15 0.0
198.9 0.0 15 0.0
199.0 0.0 15 0.0
199.1 0.0 15 0.0
199.2 0.0 15 0.0
199.3 0.0 15 0.0
199.4 0.0 15 0.0
199.5 0.0 15 0.0
199.6 0.0 15 0.0
199.7 0.0 15 0.0
199.8 0.0 15 0.0
199.9 0.0 15 0.0
200.0 0.0 15 0.0
200.1 0.0 15 0.0
200.2 0.0 15 0.0
200.3 0.0 15 0.0
200.4 0.0 15 0.0
200.5 0.0 15 0.0
200.6 0.0 15 0.0
200.7 0.0 15 0.0
200.8 0.0 15 0.0
200.9 0.0 15 0.0
201.0 0.0 15 0.0
201.1 0.0 15 0.0
201.2 0.0 15 0.0
201.3 0.0 15 0.0
201.4 0.0 15 0.0
201.5 0.0 15 0.0
201.6 0.0 15 0.0
201.7 0.0 15 0.0
201.8 0.0 15 0.0
201.9 0.0 15 0.0
202.0 0.0 15 0.0
202.1 0.0 15 0.0
202.2 0.0 15 0.0
202.3 0.0 15 0.0
202.4 0.0 15 0.0
202.5 0.0 15 0.0
202.6 0.0 15 0.0
202.7 0.0 15 0.0
202.8 0.0 15 0.0
202.9 0.0 15 0.0
203.0 0.0 15 0.0
203.1 0.0 15 0.0
203.2 0.0 15 0.0
203.3 0.0 15 0.0
203.4 0.0 15 0.0
203.5 0.0 15 0.0
203.6 0.0 15 0.0
203.7 0.0 15 0.0
203.8 0.0 15 0.0
203.9 0.0 15 0.0
204.0 0.0 15 0.0
204.1 0.0 15 0.0
204.2 0.0 15 0.0
204.3 0.0 15 0.0
204.4 0.0 15 0.0
204.5 0.0 15 0.0
204.6 0.0 15 0.0
204.7 0.0 15 0.0
204.8 0.0 15 0.0
204.9 0.0 15 0.0
205.0 0.0 15 0.0
205.1 0.0 15 0.0
205.2 0.0 15 0.0
205.3 0.0 15 0.0
205.4 0.0 15 0.0
205.5 0.0 15 0.0
205.6 0.0 15 0.0
205.7 0.0 15 0.0
205.8 0.0 15 0.0
205.9 0.0 15 0.0
206.0 0.0 15 0.0
206.1 0.0 15 0.0
206.2 0.0 15 0.0
206.3 0.0 15 0.0
206.4 0.0 15 0.0
206.5 0.0 15 0.0
206.6 0.0 15 0.0
206.7 0.0 15 0.0
206.8 0.0 15 0.0
206.9 0.0 15 0.0
207.0 0.0 15 0.0
207.1 0.0 15 0.0
207.2 0.0 15 0.0
207.3 0.0 15 0.0
207.4 0.0 15 0.0
207.5 0.0 15 0.0
207.6 0.0 15 0.0
207.7 0.0 15 0.0
207.8 0.0 15 0.0
207.9 0.0 15 0.0
208.0 0.0 15 0.0
208.1 0.0 15 0.0
208.2 0.0 15 0.0
208.3 0.0 15 0.0
208.4 0.0 15 0.0
208.5 0.0 15 0.0
208.6 0.0 15 0.0
208.7 0.0 15 0.0
208.8 0.0 15 0.0
208.9 0.0 15 0.0
209.0 0.0 15 0.0
209.1 0.0 15 0.0
209.2 0.0 15 0.0
209.3 0.0 15 0.0
209.4 0.0 15 0.0
209.5 0.0 15 0.0
209.6 0.0 15 0.0
209.7 0.0 15 0.0
209.8 0.0 15 0.0
209.9 0.0 15 0.0
210.0 0.0 15 0.0
210.1 0.0 15 0.0
210.2 0.0 15 0.0
210.3 0.0 15 0.0
210.4 0.0 15 0.0
210.5 0.0 15 0.0
210.6 0.0 15 0.0
210.7 0.0 15 0.0
210.8 0.0 15 0.0
210.9 0.0 15 0.0
211.0 0.0 15 0.0
211.1 0.0 15 0.0
211.2 0.0 15 0.0
211.3 0.0 15 0.0
211.4 0.0 15 0.0
211.5 0.0 15 0.0
211.6 0.0 15 0.0
211.7 0.0 15 0.0
211.8 0.0 15 0.0
211.9 0.0 15 0.0
212.0 0.0 15 0.0
212.1 0.0 15 0.0
212.2 0.0 15 0.0
212.3 0.0 15 0.0
212.4 0.0 15 0.0
212.5 0.0 15 0.0
212.6 0.0 15 0.0
212.7 0.0 15 0.0
212.8 0.0 15 0.0
212.9 0.0 15 0.0
213.0 0.0 15 0.0
213.1 0.0 15 0.0
213.2 0.0 15 0.0
213.3 0.0 15 0.0
213.4 0.0 15 0.0
213.5 0.0 15 0.0
213.6 0.0 15 0.0
213.7 0.0 15 0.0
213.8 0.0 15 0.0
213.9 0.0 15 0.0
214.0 0.0 15 0.0
214.1 0.0 15 0.0
214.2 0.0 15 0.0
214.3 0.0 15 0.0
214.4 0.0 15 0.0
214.5 0.0 15 0.0
214.6 0.0 15 0.0
214.7 0.0 15 0.0
214.8 0.0 15 0.0
214.9 0.0 15 0.0
215.0 0.0 15 0.0
215.1 0.0 15 0.0
215.2 0.0 15 0.0
215.3 0.0 15 0.0
215.4 0.0 15 0.0
215.5 0.0 15 0.0
215.6 0.0 15 0.0
215.7 0.0 15 0.0
215.8 0.0 15 0.0
215.9 0.0 15 0.0
216.0 0.0 15 0.0
216.1 0.0 15 0.0
216.2 0.0 15 0.0
216.3 0.0 15 0.0
216.4 0.0 15 0.0
216.5 0.0 15 0.0
216.6 0.0 15 0.0
216.7 0.0 15 0.0
216.8 0.0 15 0.0
216.9 0.0 15 0.0
217.0 0.0 15 0.0
217.1 0.0 15 0.0
217.2 0.0 15 0.0
217.3 0.0 15 0.0
217.4 0.0 15 0.0
217.5 0.0 15 0.0
217.6 0.0 15 0.0
217.7 0.0 15 0.0
217.8 0.0 15 0.0
217.9 0.0 15 0.0
218.0 0.0 15 0.0
218.1 0.0 15 0.0
218.2 0.0 15 0.0
218.3 0.0 15 0.0
218.4 0.0 15 0.0
218.5 0.0 15 0.0
218.6 0.0 15 0.0
218.7 0.0 15 0.0
218.8 0.0 15 0.0
218.9 0.0 15 0.0
219.0 0.0 15 0.0
219.1 0.0 15 0.0
219.2 0.0 15 0.0
219.3 0.0 15 0.0
219.4 0.0 15 0.0
219.5 0.0 15 0.0
219.6 0.0 15 0.0
219.7 0.0 15 0.0
219.8 0.0 15 0.0
219.9 0.0 15 0.0
220.0 0.0 15 0.0
220.1 0.0 15 0.0
220.2 0.0 15 0.0
220.3 0.0 15 0.0
220.4 0.0 15 0.0
220.5 0.0 15 0.0
220.6 0.0 15 0.0
220.7 0.0 15 0.0
220.8 0.0 15 0.0
220.9 0.0 15 0.0
221.0 0.0 15 0.0
221.1 0.0 15 0.0
221.2 0.0 15 0.0
221.3 0.0 15 0.0
221.4 0.0 15 0.0
221.5 0.0 15 0.0
221.6 0.0 15 0.0
221.7 0.0 15 0.0
221.8 0.0 15 0.0
221.9 0.0 15 0.0
222.0 0.0 15 0.0
222.1 0.0 15 0.0
222.2 0.0 15 0.0
222.3 0.0 15 0.0
222.4 0.0 15 0.0
222.5 0.0 15 0.0
222.6 0.0 15 0.0
222.7 0.0 15 0.0
222.8 0.0 15 0.0
222.9 0.0 15 0.0
223.0 0.0 15 0.0
223.1 0.0 15 0.0
223.2 0.0 15 0.0
223.3 0.0 15 0.0
223.4 0.0 15 0.0
223.5 0.0 15 0.0
223.6 0.0 15 0.0
223.7 0.0 15 0.0
223.8 0.0 15 0.0
223.9 0.0 15 0.0
224.0 0.0 15 0.0
224.1 0.0 15 0.0
224.2 0.0 15 0.0
224.3 0.0 15 0.0
224.4 0.0 15 0.0
224.5 0.0 15 0.0
224.6 0.0 15 0.0
224.7 0.0 15 0.0
224.8 0.0 15 0.0
224.9 0.0 15 0.0
225.0 0.0 15 0.0
225.1 0.0 15 0.0
225.2 0.0 15 0.0
225.3 0.0 15 0.0
225.4 0.0 15 0.0
225.5 0.0 15 0.0
225.6 0.0 15 0.0
225.7 0.0 15 0.0
225.8 0.0 15 0.0
225.9 0.0 15 0.0
226.0 0.0 15 0.0
226.1 0.0 15 0.0
226.2 0.0 15 0.0
226.3 0.0 15 0.0
226.4 0.0 15 0.0
226.5 0.0 15 0.0
226.6 0.0 15 0.0
226.7 0.0 15 0.0
226.8 0.0 15 0.0
226.9 0.0 15 0.0
227.0 0.0 15 0.0
227.1 0.0 15 0.0
227.2 0.0 15 0.0
227.3 0.0 15 0.0
227.4 0.0 15 0.0
227.5 0.0 15 0.0
227.6 0.0 15 0.0
227.7 0.0 15 0.0
227.8 0.0 15 0.0
227.9 0.0 15 0.0
228.0 0.0 15 0.0
228.1 0.0 15 0.0
228.2 0.0 15 0.0
228.3 0.0 15 0.0
228.4 0.0 15 0.0
228.5 0.0 15 0.0
228.6 0.0 15 0.0
228.7 0.0 15 0.0
228.8 0.0 15 0.0
228.9 0.0 15 0.0
229.0 0.0 15 0.0
229.1 0.0 15 0.0
229.2 0.0 15 0.0
229.3 0.0 15 0.0
229.4 0.0 15 0.0
229.5 0.0 15 0.0
229.6 0.0 15 0.0
229.7 0.0 15 0.0
229.8 0.0 15 0.0
229.9 0.0 15 0.0
230.0 0.0 15 0.0
230.1 0.0 15 0.0
230.2 0.0 15 0.0
230.3 0.0 15 0.0
230.4 0.0 15 0.0
230.5 0.0 15 0.0
230.6 0.0 15 0.0
230.7 0.0 15 0.0
230.8 0.0 15 0.0
230.9 0.0 15 0.0
231.0 0.0 15 0.0
231.1 0.0 15 0.0
231.2 0.0 15 0.0
231.3 0.0 15 0.0
231.4 0.0 15 0.0
231.5 0.0 15 0.0
231.6 0.0 15 0.0
231.7 0.0 15 0.0
231.8 0.0 15 0.0
231.9 0.0 15 0.0
232.0 0.0 15 0.0
232.1 0.0 15 0.0
232.2 0.0 15 0.0
232.3 0.0 15 0.0
232.4 0.0 15 0.0
232.5 0.0 15 0.0
232.6 0.0 15 0.0
232.7 0.0 15 0.0
232.8 0.0 15 0.0
232.9 0.0 15 0.0
233.0 0.0 15 0.0
233.1 0.0 15 0.0
233.2 0.0 15 0.0
233.3 0.0 15 0.0
233.4 0.0 15 0.0
233.5 0.0 15 0.0
233.6 0.0 15 0.0
233.7 0.0 15 0.0
233.8 0.0 15 0.0
233.9 0.0 15 0.0
234.0 0.0 15 0.0
234.1 0.0 15 0.0
234.2 0.0 15 0.0
234.3 0.0 15 0.0
234.4 0.0 15 0.0
234.5 0.0 15 0.0
234.6 0.0 15 0.0
234.7 0.0 15 0.0
234.8 0.0 15 0.0
234.9 0.0 15 0.0
235.0 0.0 15 0.0
235.1 0.0 15 0.0
235.2 0.0 15 0.0
235.3 0.0 15 0.0
235.4 0.0 15 0.0
235.5 0.0 15 0.0
235.6 0.0 15 0.0
235.7 0.0 15 0.0
235.8 0.0 15 0.0
235.9 0.0 15 0.0
236.0 0.0 15 0.0
236.1 231.9112 14 1.0
236.2 232.0083 14 1.0
236.3 232.1054 14 1.0
236.4 232.2024 14 1.0
236.5 232.2995 14 1.0
236.6 232.3966 14 1.0
236.7 232.4937 14 1.0
236.8 232.5907 14 1.0
236.9 232.6878 14 1.0
237.0 232.7849 14 1.0
237.1 232.882 14 1.0
237.2 232.979 14 1.0
237.3 233.0761 14 1.0
237.4 233.1732 14 1.0
237.5 233.2703 14 1.0
237.6 233.3673 14 1.0
237.7 233.4644 14 1.0
237.8 233.5615 14 1.0
237.9 233.6585 14 1.0
238.0 233.7556 14 1.0
238.1 233.8527 14 1.0
238.2 233.9498 14 1.0
238.3 234.0468 14 1.0
238.4 234.1439 14 1.0
238.5 234.241 14 1.0
238.6 234.3381 14 1.0
238.7 234.4351 14 1.0
238.8 234.5322 14 1.0
238.9 234.6293 14 1.0
239.0 234.7263 14 1.0
239.1 234.8234 14 1.0
239.2 234.9205 14 1.0
239.3 235.0176 14 1.0
239.4 235.1146 14 1.0
239.5 235.2117 14 1.0
239.6 235.3088 14 1.0
239.7 235.4059 14 1.0
239.8 235.5029 14 1.0
239.9 235.6 14 1.0
240.0 235.6971 14 1.0
240.1 235.7941 14 1.0
240.2 235.8912 14 1.0
240.3 235.9883 14 1.0
240.4 236.0854 14 1.0
240.5 236.1824 14 1.0
240.6 236.2795 14 1.0
240.7 236.3766 14 1.0
240.8 236.4737 14 1.0
240.9 236.5707 14 1.0
241.0 236.6678 14 1.0
241.1 236.7649 14 1.0
241.2 236.862 14 1.0
241.3 236.959 14 1.0
241.4 237.0561 14 1.0
241.5 237.1532 14 1.0
241.6 237.2502 14 1.0
241.7 237.3473 14 1.0
241.8 237.4444 14 1.0
241.9 237.5415 14 1.0
242.0 237.6385 14 1.0
242.1 237.7356 14 1.0
242.2 237.8327 14 1.0
242.3 237.9298 14 1.0
242.4 238.0268 14 1.0
242.5 238.1239 14 1.0
242.6 238.221 14 1.0
242.7 238.318 14 1.0
242.8 238.4151 14 1.0
242.9 238.5122 14 1.0
243.0 238.6093 14 1.0
243.1 238.7063 14 1.0
243.2 238.8034 14 1.0
243.3 238.9005 14 1.0
243.4 238.9976 14 1.0
243.5 239.0946 14 1.0
243.6 239.1917 14 1.0
243.7 239.2888 14 1.0
243.8 239.3858 14 1.0
243.9 239.4829 14 1.0
244.0 239.58 14 1.0
244.1 239.6771 14 1.0
244.2 239.7741 14 1.0
244.3 239.8712 14 1.0
244.4 239.9683 14 1.0
244.5 240.0654 14 1.0
244.6 240.1624 14 1.0
244.7 240.2595 14 1.0
244.8 240.3566 14 1.0
244.9 240.4537 14 1.0
245.0 240.5507 14 1.0
245.1 240.6478 14 1.0
245.2 240.7449 14 1.0
245.3 240.8419 14 1.0
245.4 240.939 14 1.0
245.5 241.0361 14 1.0
245.6 241.1332 14 1.0
245.7 241.2302 14 1.0
245.8 241.3273 14 1.0
245.9 241.4244 14 1.0
246.0 241.5215 14 1.0
246.1 241.6185 14 1.0
246.2 241.7156 14 1.0
246.3 241.8127 14 1.0
246.4 241.9097 14 1.0
246.5 242.0068 14 1.0
246.6 242.1039 14 1.0
246.7 242.201 14 1.0
246.8 242.298 14 1.0
246.9 242.3951 14 1.0
247.0 242.4922 14 1.0
247.1 242.5893 14 1.0
247.2 242.6863 14 1.0
247.3 242.7834 14 1.0
247.4 242.8805 14 1.0
247.5 242.9775 14 1.0
247.6 243.0746 14 1.0
247.7 243.1717 14 1.0
247.8 243.2688 14 1.0
247.9 243.3658 14 1.0
248.0 243.4629 14 1.0
248.1 243.56 14 1.0
248.2 243.6571 14 1.0
248.3 243.7541 14 1.0
248.4 243.8512 14 1.0
248.5 243.9483 14 1.0
248.6 244.0454 14 1.0
248.7 244.1424 14 1.0
248.8 244.2395 14 1.0
248.9 244.3366 14 1.0
249.0 244.4336 14 1.0
249.1 244.5307 14 1.0
249.2 244.6278 14 1.0
249.3 244.7249 14 1.0
249.4 244.8219 14 1.0
249.5 244.919 14 1.0
249.6 245.0161 14 1.0
249.7 245.1132 14 1.0
249.8 245.2102 14 1.0
249.9 245.3073 14 1.0
250.0 245.4044 14 1.0
250.1 245.5005 14 1.0
250.2 245.5966 14 1.0
250.3 245.6927 14 1.0
250.4 245.7889 14 1.0
250.5 245.885 14 1.0
250.6 245.9811 14 1.0
250.7 246.0772 14 1.0
250.8 246.1733 14 1.0
250.9 246.2694 14 1.0
251.0 246.3656 14 1.0
251.1 246.4617 14 1.0
251.2 246.5578 14 1.0
251.3 246.6539 14 1.0
251.4 246.75 14 1.0
251.5 246.8462 14 1.0
251.6 246.9423 14 1.0
251.7 247.0384 14 1.0
251.8 247.1345 14 1.0
251.9 247.2306 14 1.0
252.0 247.3268 14 1.0
252.1 247.4229 14 1.0
252.2 247.519 14 1.0
252.3 247.6151 14 1.0
252.4 247.7112 14 1.0
252.5 247.8074 14 1.0
252.6 247.9035 14 1.0
252.7 247.9996 14 1.0
252.8 248.0957 14 1.0
252.9 248.1918 14 1.0
253.0 248.288 14 1.0
253.1 248.3841 14 1.0
253.2 248.4802 14 1.0
253.3 248.5763 14 1.0
253.4 248.6724 14 1.0
253.5 248.7686 14 1.0
253.6 248.8647 14 1.0
253.7 248.9608 14 1.0
253.8 249.0569 14 1.0
253.9 249.153 14 1.0
254.0 249.2492 14 1.0
254.1 249.3453 14 1.0
254.2 249.4414 14 1.0
254.3 249.5375 14 1.0
254.4 249.6336 14 1.0
254.5 249.7298 14 1.0
254.6 249.8259 14 1.0
254.7 249.922 14 1.0
254.8 250.0181 14 1.0
254.9 250.1142 14 1.0
255.0 250.2104 14 1.0
255.1 250.3065 14 1.0
255.2 250.4026 14 1.0
255.3 250.4987 14 1.0
255.4 250.5948 14 1.0
255.5 250.691 14 1.0
255.6 250.7871 14 1.0
255.7 250.8832 14 1.0
255.8 250.9793 14 1.0
255.9 251.0754 14 1.0
256.0 251.1716 14 1.0
256.1 251.2677 14 1.0
256.2 251.3638 14 1.0
256.3 251.4599 14 1.0
256.4 251.556 14 1.0
256.5 251.6522 14 1.0
256.6 251.7483 14 1.0
256.7 251.8444 14 1.0
256.8 251.9405 14 1.0
256.9 252.0366 14 1.0
257.0 252.1328 14 1.0
257.1 252.2289 14 1.0
257.2 252.325 14 1.0
257.3 252.4211 14 1.0
257.4 252.5172 14 1.0
257.5 252.6134 14 1.0
257.6 252.7095 14 1.0
257.7 252.8056 14 1.0
257.8 252.9017 14 1.0
257.9 252.9978 14 1.0
258.0 253.094 14 1.0
258.1 253.1901 14 1.0
258.2 253.2862 14 1.0
258.3 253.3823 14 1.0
258.4 253.4784 14 1.0
258.5 253.5745 14 1.0
258.6 253.6707 14 1.0
258.7 253.7668 14 1.0
258.8 253.8629 14 1.0
258.9 253.959 14 1.0
259.0 254.0551 14 1.0
259.1 254.1513 14 1.0
259.2 254.2474 14 1.0
259.3 254.3435 14 1.0
259.4 254.4396 14 1.0
259.5 254.5357 14 1.0
259.6 254.6319 14 1.0
259.7 254.728 14 1.0
259.8 254.8241 14 1.0
259.9 254.9202 14 1.0
260.0 255.0163 14 1.0
260.1 255.1125 14 1.0
260.2 255.2086 14 1.0
260.3 255.3047 14 1.0
260.4 255.4008 14 1.0
260.5 255.4969 14 1.0
260.6 255.5931 14 1.0
260.7 255.6892 14 1.0
260.8 255.7853 14 1.0
260.9 255.8814 14 1.0
261.0 255.9775 14 1.0
261.1 256.0737 14 1.0
261.2 256.1698 14 1.0
261.3 256.2659 14 1.0
261.4 256.362 14 1.0
261.5 256.4581 14 1.0
261.6 256.5543 14 1.0
261.7 256.6504 14 1.0
261.8 256.7465 14 1.0
261.9 256.8426 14 1.0
262.0 256.9387 14 1.0
262.1 257.0349 14 1.0
262.2 257.131 14 1.0
262.3 257.2271 14 1.0
262.4 257.3232 14 1.0
262.5 257.4193 14 1.0
262.6 257.5155 14 1.0
262.7 257.6116 14 1.0
262.8 257.7077 14 1.0
262.9 257.8038 14 1.0
263.0 257.8999 14 1.0
263.1 257.9961 14 1.0
263.2 258.0922 14 1.0
263.3 258.1883 14 1.0
263.4 258.2844 14 1.0
263.5 258.3805 14 1.0
263.6 258.4767 14 1.0
263.7 258.5728 14 1.0
263.8 258.6689 14 1.0
263.9 258.765 14 1.0
264.0 258.8611 14 1.0
264.1 258.9573 14 1.0
264.2 259.0534 14 1.0
264.3 259.1495 14 1.0
264.4 259.2456 14 1.0
264.5 259.3417 14 1.0
264.6 259.4379 14 1.0
264.7 259.534 14 1.0
264.8 259.6301 14 1.0
264.9 259.7262 14 1.0
265.0 259.8223 14 1.0
265.1 259.9185 14 1.0
265.2 260.0146 14 1.0
265.3 260.1107 14 1.0
265.4 260.2068 14 1.0
265.5 260.3029 14 1.0
265.6 260.3991 14 1.0
265.7 260.4952 14 1.0
265.8 260.5913 14 1.0
265.9 260.6874 14 1.0
266.0 260.7835 14 1.0
266.1 260.8796 14 1.0
266.2 260.9758 14 1.0
266.3 261.0719 14 1.0
266.4 261.168 14 1.0
266.5 261.2641 14 1.0
266.6 261.3602 14 1.0
266.7 261.4564 14 1.0
266.8 261.5525 14 1.0
266.9 261.6486 14 1.0
267.0 261.7447 14 1.0
267.1 261.8408 14 1.0
267.2 261.937 14 1.0
267.3 262.0331 14 1.0
267.4 262.1292 14 1.0
267.5 262.2253 14 1.0
267.6 262.3214 14 1.0
267.7 262.4176 14 1.0
267.8 262.5137 14 1.0
267.9 262.6098 14 1.0
268.0 262.7059 14 1.0
268.1 262.802 14 1.0
268.2 262.8982 14 1.0
268.3 262.9943 14 1.0
268.4 263.0904 14 1.0
268.5 263.1865 14 1.0
268.6 263.2826 14 1.0
268.7 263.3788 14 1.0
268.8 263.4749 14 1.0
268.9 263.571 14 1.0
269.0 263.6671 14 1.0
269.1 263.7632 14 1.0
269.2 263.8594 14 1.0
269.3 263.9555 14 1.0
269.4 264.0516 14 1.0
269.5 264.1477 14 1.0
269.6 264.2438 14 1.0
269.7 264.34 14 1.0
269.8 264.4361 14 1.0
269.9 264.5322 14 1.0
270.0 264.6283 14 1.0
270.1 264.7244 14 1.0
270.2 264.8206 14 1.0
270.3 264.9167 14 1.0
270.4 265.0128 14 1.0
270.5 265.1089 14 1.0
270.6 265.205 14 1.0
270.7 265.3012 14 1.0
270.8 265.3973 14 1.0
270.9 265.4934 14 1.0
271.0 265.5895 14 1.0
271.1 265.6856 14 1.0
271.2 265.7818 14 1.0
271.3 265.8779 14 1.0
271.4 265.974 14 1.0
271.5 266.0701 14 1.0
271.6 266.1662 14 1.0
271.7 266.2624 14 1.0
271.8 266.3585 14 1.0
271.9 266.4546 14 1.0
272.0 266.5507 14 1.0
272.1 266.6468 14 1.0
272.2 266.743 14 1.0
272.3 266.8391 14 1.0
272.4 266.9352 14 1.0
272.5 267.0313 14 1.0
272.6 267.1274 14 1.0
272.7 267.2236 14 1.0
272.8 267.3197 14 1.0
272.9 267.4158 14 1.0
273.0 267.5119 14 1.0
273.1 267.608 14 1.0
273.2 267.7042 14 1.0
273.3 267.8003 14 1.0
273.4 267.8964 14 1.0
273.5 267.9925 14 1.0
273.6 268.0886 14 1.0
273.7 268.1847 14 1.0
273.8 268.2809 14 1.0
273.9 268.377 14 1.0
274.0 268.4731 14 1.0
274.1 268.5692 14 1.0
274.2 268.6653 14 1.0
274.3 268.7615 14 1.0
274.4 268.8576 14 1.0
274.5 268.9537 14 1.0
274.6 269.0498 14 1.0
274.7 269.1459 14 1.0
274.8 269.2421 14 1.0
274.9 269.3382 14 1.0
275.0 269.4343 14 1.0
275.1 269.5304 14 1.0
275.2 269.6265 14 1.0
275.3 269.7227 14 1.0
275.4 269.8188 14 1.0
275.5 269.9149 14 1.0
275.6 270.011 14 1.0
275.7 270.1071 14 1.0
275.8 270.2033 14 1.0
275.9 270.2994 14 1.0
276.0 270.3955 14 1.0
276.1 270.4916 14 1.0
276.2 270.5877 14 1.0
276.3 270.6839 14 1.0
276.4 270.78 14 1.0
276.5 270.8761 14 1.0
276.6 270.9722 14 1.0
276.7 271.0683 14 1.0
276.8 271.1645 14 1.0
276.9 271.2606 14 1.0
277.0 271.3567 14 1.0
277.1 271.4528 14 1.0
277.2 271.5489 14 1.0
277.3 271.6451 14 1.0
277.4 271.7412 14 1.0
277.5 271.8373 14 1.0
277.6 271.9334 14 1.0
277.7 272.0295 14 1.0
277.8 272.1257 14 1.0
277.9 272.2218 14 1.0
278.0 272.3179 14 1.0
278.1 272.414 14 1.0
278.2 272.5101 14 1.0
278.3 272.6063 14 1.0
278.4 272.7024 14 1.0
278.5 272.7985 14 1.0
278.6 272.8946 14 1.0
278.7 272.9907 14 1.0
278.8 273.0869 14 1.0
278.9 273.183 14 1.0
279.0 273.2791 14 1.0
279.1 273.3752 14 1.0
279.2 273.4713 14 1.0
279.3 273.5675 14 1.0
279.4 273.6636 14 1.0
279.5 273.7597 14 1.0
279.6 273.8558 14 1.0
279.7 273.9519 14 1.0
279.8 274.0481 14 1.0
279.9 274.1442 14 1.0
280.0 274.2403 14 1.0
280.1 274.3364 14 1.0
280.2 274.4325 14 1.0
280.3 274.5287 14 1.0
280.4 274.6248 14 1.0
280.5 274.7209 14 1.0
280.6 274.817 14 1.0
280.7 274.9131 14 1.0
280.8 275.0093 14 1.0
280.9 275.1054 14 1.0
281.0 275.2015 14 1.0
281.1 275.2976 14 1.0
281.2 275.3937 14 1.0
281.3 275.4899 14 1.0
281.4 275.586 14 1.0
281.5 275.6821 14 1.0
281.6 275.7782 14 1.0
281.7 275.8743 14 1.0
281.8 275.9704 14 1.0
281.9 276.0666 14 1.0
282.0 276.1627 14 1.0
282.1 276.2588 14 1.0
282.2 276.3549 14 1.0
282.3 276.451 14 1.0
282.4 276.5472 14 1.0
282.5 276.6433 14 1.0
282.6 276.7394 14 1.0
282.7 276.8355 14 1.0
282.8 276.9316 14 1.0
282.9 277.0278 14 1.0
283.0 277.1239 14 1.0
283.1 277.22 14 1.0
283.2 277.3161 14 1.0
283.3 277.4122 14 1.0
283.4 277.5084 14 1.0
283.5 277.6045 14 1.0
283.6 277.7006 14 1.0
283.7 277.7967 14 1.0
283.8 277.8928 14 1.0
283.9 277.989 14 1.0
284.0 278.0851 14 1.0
284.1 278.1812 14 1.0
284.2 278.2773 14 1.0
284.3 278.3734 14 1.0
284.4 278.4696 14 1.0
284.5 278.5657 14 1.0
284.6 278.6618 14 1.0
284.7 278.7579 14 1.0
284.8 278.854 14 1.0
284.9 278.9502 14 1.0
285.0 279.0463 14 1.0
285.1 279.1424 14 1.0
285.2 279.2385 14 1.0
285.3 279.3346 14 1.0
285.4 279.4308 14 1.0
285.5 279.5269 14 1.0
285.6 279.623 14 1.0
285.7 279.7191 14 1.0
285.8 279.8152 14 1.0
285.9 279.9114 14 1.0
286.0 280.0075 14 1.0
286.1 280.1036 14 1.0
286.2 280.1997 14 1.0
286.3 280.2958 14 1.0
286.4 280.392 14 1.0
286.5 280.4881 14 1.0
286.6 280.5842 14 1.0
286.7 280.6803 14 1.0
286.8 280.7764 14 1.0
286.9 280.8726 14 1.0
287.0 280.9687 14 1.0
287.1 281.0648 14 1.0
287.2 281.1609 14 1.0
287.3 281.257 14 1.0
287.4 281.3532 14 1.0
287.5 281.4493 14 1.0
287.6 281.5454 14 1.0
287.7 281.6415 14 1.0
287.8 281.7376 14 1.0
287.9 281.8338 14 1.0
288.0 281.9299 14 1.0
288.1 282.026 14 1.0
288.2 282.1221 14 1.0
288.3 282.2182 14 1.0
288.4 282.3144 14 1.0
288.5 282.4105 14 1.0
288.6 282.5066 14 1.0
288.7 282.6027 14 1.0
288.8 282.6988 14 1.0
288.9 282.795 14 1.0
289.0 282.8911 14 1.0
289.1 282.9872 14 1.0
289.2 283.0833 14 1.0
289.3 283.1794 14 1.0
289.4 283.2755 14 1.0
289.5 283.3717 14 1.0
289.6 283.4678 14 1.0
289.7 283.5639 14 1.0
289.8 283.66 14 1.0
289.9 283.7561 14 1.0
290.0 283.8523 14 1.0
290.1 283.9484 14 1.0
290.2 284.0445 14 1.0
290.3 284.1406 14 1.0
290.4 284.2367 14 1.0
290.5 284.3329 14 1.0
290.6 284.429 14 1.0
290.7 284.5251 14 1.0
290.8 284.6212 14 1.0
290.9 284.7173 14 1.0
291.0 284.8135 14 1.0
291.1 284.9096 14 1.0
291.2 285.0057 14 1.0
291.3 285.1018 14 1.0
291.4 285.1979 14 1.0
291.5 285.2941 14 1.0
291.6 285.3902 14 1.0
291.7 285.4863 14 1.0
291.8 285.5824 14 1.0
291.9 285.6785 14 1.0
292.0 285.7747 14 1.0
292.1 285.8708 14 1.0
292.2 285.9669 14 1.0
292.3 286.063 14 1.0
292.4 286.1591 14 1.0
292.5 286.2553 14 1.0
292.6 286.3514 14 1.0
292.7 286.4475 14 1.0
292.8 286.5436 14 1.0
292.9 286.6397 14 1.0
293.0 286.7359 14 1.0
293.1 286.832 14 1.0
293.2 286.9281 14 1.0
293.3 287.0242 14 1.0
293.4 287.1203 14 1.0
293.5 287.2165 14 1.0
293.6 287.3126 14 1.0
293.7 287.4087 14 1.0
293.8 287.5048 14 1.0
293.9 287.6009 14 1.0
294.0 287.6971 14 1.0
294.1 287.7932 14 1.0
294.2 287.8893 14 1.0
294.3 287.9854 14 1.0
294.4 288.0815 14 1.0
294.5 288.1777 14 1.0
294.6 288.2738 14 1.0
294.7 288.3699 14 1.0
294.8 288.466 14 1.0
294.9 288.5621 14 1.0
295.0 288.6583 14 1.0
295.1 288.7544 14 1.0
295.2 288.8505 14 1.0
295.3 288.9466 14 1.0
295.4 289.0427 14 1.0
295.5 289.1389 14 1.0
295.6 289.235 14 1.0
295.7 289.3311 14 1.0
295.8 289.4272 14 1.0
295.9 289.5233 14 1.0
296.0 289.6195 14 1.0
296.1 289.7156 14 1.0
296.2 289.8117 14 1.0
296.3 289.9078 14 1.0
296.4 290.0039 14 1.0
296.5 290.1001 14 1.0
296.6 290.1962 14 1.0
296.7 290.2923 14 1.0
296.8 290.3884 14 1.0
296.9 290.4845 14 1.0
297.0 290.5806 14 1.0
297.1 290.6768 14 1.0
297.2 290.7729 14 1.0
297.3 290.869 14 1.0
297.4 290.9651 14 1.0
297.5 291.0612 14 1.0
297.6 291.1574 14 1.0
297.7 291.2535 14 1.0
297.8 291.3496 14 1.0
297.9 291.4457 14 1.0
298.0 291.5418 14 1.0
298.1 291.638 14 1.0
298.2 291.7341 14 1.0
298.3 291.8302 14 1.0
298.4 291.9263 14 1.0
298.5 292.0224 14 1.0
298.6 292.1186 14 1.0
298.7 292.2147 14 1.0
298.8 292.3108 14 1.0
298.9 292.4069 14 1.0
299.0 292.503 14 1.0
299.1 292.5992 14 1.0
299.2 292.6953 14 1.0
299.3 292.7914 14 1.0
299.4 292.8875 14 1.0
299.5 292.9836 14 1.0
299.6 293.0798 14 1.0
299.7 293.1759 14 1.0
299.8 293.272 14 1.0
299.9 293.3681 14 1.0
300.0 293.4642 14 1.0
300.1 293.5583 14 1.0
300.2 293.6523 14 1.0
300.3 293.7464 14 1.0
300.4 293.8404 14 1.0
300.5 293.9344 14 1.0
300.6 294.0285 14 1.0
300.7 294.1225 14 1.0
300.8 294.2166 14 1.0
300.9 294.3106 14 1.0
301.0 294.4046 14 1.0
301.1 294.4987 14 1.0
301.2 294.5927 14 1.0
301.3 294.6867 14 1.0
301.4 294.7808 14 1.0
301.5 294.8748 14 1.0
301.6 294.9689 14 1.0
301.7 295.0629 14 1.0
301.8 295.1569 14 1.0
301.9 295.251 14 1.0
302.0 295.345 14 1.0
302.1 295.4391 14 1.0
302.2 295.5331 14 1.0
302.3 295.6271 14 1.0
302.4 295.7212 14 1.0
302.5 295.8152 14 1.0
302.6 295.9092 14 1.0
302.7 296.0033 14 1.0
302.8 296.0973 14 1.0
302.9 296.1914 14 1.0
303.0 296.2854 14 1.0
303.1 296.3794 14 1.0
303.2 296.4735 14 1.0
303.3 296.5675 14 1.0
303.4 296.6616 14 1.0
303.5 296.7556 14 1.0
303.6 296.8496 14 1.0
303.7 296.9437 14 1.0
303.8 297.0377 14 1.0
303.9 297.1317 14 1.0
304.0 297.2258 14 1.0
304.1 297.3198 14 1.0
304.2 297.4139 14 1.0
304.3 297.5079 14 1.0
304.4 297.6019 14 1.0
304.5 297.696 14 1.0
304.6 297.79 14 1.0
304.7 297.8841 14 1.0
304.8 297.9781 14 1.0
304.9 298.0721 14 1.0
305.0 298.1662 14 1.0
305.1 298.2602 14 1.0
305.2 298.3543 14 1.0
305.3 298.4483 14 1.0
305.4 298.5423 14 1.0
305.5 298.6364 14 1.0
305.6 298.7304 14 1.0
305.7 298.8244 14 1.0
305.8 298.9185 14 1.0
305.9 299.0125 14 1.0
306.0 299.1066 14 1.0
306.1 299.2006 14 1.0
306.2 299.2946 14 1.0
306.3 299.3887 14 1.0
306.4 299.4827 14 1.0
306.5 299.5768 14 1.0
306.6 299.6708 14 1.0
306.7 299.7648 14 1.0
306.8 299.8589 14 1.0
306.9 299.9529 14 1.0
307.0 300.0469 14 1.0
307.1 300.141 14 1.0
307.2 300.235 14 1.0
307.3 300.3291 14 1.0
307.4 300.4231 14 1.0
307.5 300.5171 14 1.0
307.6 300.6112 14 1.0
307.7 300.7052 14 1.0
307.8 300.7993 14 1.0
307.9 300.8933 14 1.0
308.0 300.9873 14 1.0
308.1 301.0814 14 1.0
308.2 301.1754 14 1.0
308.3 301.2694 14 1.0
308.4 301.3635 14 1.0
308.5 301.4575 14 1.0
308.6 301.5516 14 1.0
308.7 301.6456 14 1.0
308.8 301.7396 14 1.0
308.9 301.8337 14 1.0
309.0 301.9277 14 1.0
309.1 302.0218 14 1.0
309.2 302.1158 14 1.0
309.3 302.2098 14 1.0
309.4 302.3039 14 1.0
309.5 302.3979 14 1.0
309.6 302.492 14 1.0
309.7 302.586 14 1.0
309.8 302.68 14 1.0
309.9 302.7741 14 1.0
310.0 302.8681 14 1.0
310.1 302.9621 14 1.0
310.2 303.0562 14 1.0
310.3 303.1502 14 1.0
310.4 303.2443 14 1.0
310.5 303.3383 14 1.0
310.6 303.4323 14 1.0
310.7 303.5264 14 1.0
310.8 303.6204 14 1.0
310.9 303.7145 14 1.0
311.0 303.8085 14 1.0
311.1 303.9025 14 1.0
311.2 303.9966 14 1.0
311.3 304.0906 14 1.0
311.4 304.1846 14 1.0
311.5 304.2787 14 1.0
311.6 304.3727 14 1.0
311.7 304.4668 14 1.0
311.8 304.5608 14 1.0
311.9 304.6548 14 1.0
312.0 304.7489 14 1.0
312.1 304.8429 14 1.0
312.2 304.937 14 1.0
312.3 305.031 14 1.0
312.4 305.125 14 1.0
312.5 305.2191 14 1.0
312.6 305.3131 14 1.0
312.7 305.4071 14 1.0
312.8 305.5012 14 1.0
312.9 305.5952 14 1.0
313.0 305.6893 14 1.0
313.1 305.7833 14 1.0
313.2 305.8773 14 1.0
313.3 305.9714 14 1.0
313.4 306.0654 14 1.0
313.5 306.1595 14 1.0
313.6 306.2535 14 1.0
313.7 306.3475 14 1.0
313.8 306.4416 14 1.0
313.9 306.5356 14 1.0
314.0 306.6297 14 1.0
314.1 306.7237 14 1.0
314.2 306.8177 14 1.0
314.3 306.9118 14 1.0
314.4 307.0058 14 1.0
314.5 307.0998 14 1.0
314.6 307.1939 14 1.0
314.7 307.2879 14 1.0
314.8 307.382 14 1.0
314.9 307.476 14 1.0
315.0 307.57 14 1.0
315.1 307.6641 14 1.0
315.2 307.7581 14 1.0
315.3 307.8522 14 1.0
315.4 307.9462 14 1.0
315.5 308.0402 14 1.0
315.6 308.1343 14 1.0
315.7 308.2283 14 1.0
315.8 308.3223 14 1.0
315.9 308.4164 14 1.0
316.0 308.5104 14 1.0
316.1 308.6045 14 1.0
316.2 308.6985 14 1.0
316.3 308.7925 14 1.0
316.4 308.8866 14 1.0
316.5 308.9806 14 1.0
316.6 309.0747 14 1.0
316.7 309.1687 14 1.0
316.8 309.2627 14 1.0
316.9 309.3568 14 1.0
317.0 309.4508 14 1.0
317.1 309.5448 14 1.0
317.2 309.6389 14 1.0
317.3 309.7329 14 1.0
317.4 309.827 14 1.0
317.5 309.921 14 1.0
317.6 310.015 14 1.0
317.7 310.1091 14 1.0
317.8 310.2031 14 1.0
317.9 310.2972 14 1.0
318.0 310.3912 14 1.0
318.1 310.4852 14 1.0
318.2 310.5793 14 1.0
318.3 310.6733 14 1.0
318.4 310.7674 14 1.0
318.5 310.8614 14 1.0
318.6 310.9554 14 1.0
318.7 311.0495 14 1.0
318.8 311.1435 14 1.0
318.9 311.2375 14 1.0
319.0 311.3316 14 1.0
319.1 311.4256 14 1.0
319.2 311.5197 14 1.0
319.3 311.6137 14 1.0
319.4 311.7077 14 1.0
319.5 311.8018 14 1.0
319.6 311.8958 14 1.0
319.7 311.9899 14 1.0
319.8 312.0839 14 1.0
319.9 312.1779 14 1.0
320.0 312.272 14 1.0
320.1 312.366 14 1.0
320.2 312.46 14 1.0
320.3 312.5541 14 1.0
320.4 312.6481 14 1.0
320.5 312.7422 14 1.0
320.6 312.8362 14 1.0
320.7 312.9302 14 1.0
320.8 313.0243 14 1.0
320.9 313.1183 14 1.0
321.0 313.2124 14 1.0
321.1 313.3064 14 1.0
321.2 313.4004 14 1.0
321.3 313.4945 14 1.0
321.4 313.5885 14 1.0
321.5 313.6825 14 1.0
321.6 313.7766 14 1.0
321.7 313.8706 14 1.0
321.8 313.9647 14 1.0
321.9 314.0587 14 1.0
322.0 314.1527 14 1.0
322.1 314.2468 14 1.0
322.2 314.3408 14 1.0
322.3 314.4349 14 1.0
322.4 314.5289 14 1.0
322.5 314.6229 14 1.0
322.6 314.717 14 1.0
322.7 314.811 14 1.0
322.8 314.9051 14 1.0
322.9 314.9991 14 1.0
323.0 315.0931 14 1.0
323.1 315.1872 14 1.0
323.2 315.2812 14 1.0
323.3 315.3752 14 1.0
323.4 315.4693 14 1.0
323.5 315.5633 14 1.0
323.6 315.6574 14 1.0
323.7 315.7514 14 1.0
323.8 315.8454 14 1.0
323.9 315.9395 14 1.0
324.0 316.0335 14 1.0
324.1 316.1276 14 1.0
324.2 316.2216 14 1.0
324.3 316.3156 14 1.0
324.4 316.4097 14 1.0
324.5 316.5037 14 1.0
324.6 316.5977 14 1.0
324.7 316.6918 14 1.0
324.8 316.7858 14 1.0
324.9 316.8799 14 1.0
325.0 316.9739 14 1.0
325.1 317.0679 14 1.0
325.2 317.162 14 1.0
325.3 317.256 14 1.0
325.4 317.3501 14 1.0
325.5 317.4441 14 1.0
325.6 317.5381 14 1.0
325.7 317.6322 14 1.0
325.8 317.7262 14 1.0
325.9 317.8202 14 1.0
326.0 317.9143 14 1.0
326.1 318.0083 14 1.0
326.2 318.1024 14 1.0
326.3 318.1964 14 1.0
326.4 318.2904 14 1.0
326.5 318.3845 14 1.0
326.6 318.4785 14 1.0
326.7 318.5726 14 1.0
326.8 318.6666 14 1.0
326.9 318.7606 14 1.0
327.0 318.8547 14 1.0
327.1 318.9487 14 1.0
327.2 319.0428 14 1.0
327.3 319.1368 14 1.0
327.4 319.2308 14 1.0
327.5 319.3249 14 1.0
327.6 319.4189 14 1.0
327.7 319.5129 14 1.0
327.8 319.607 14 1.0
327.9 319.701 14 1.0
328.0 319.7951 14 1.0
328.1 319.8891 14 1.0
328.2 319.9831 14 1.0
328.3 320.0772 14 1.0
328.4 320.1712 14 1.0
328.5 320.2653 14 1.0
328.6 320.3593 14 1.0
328.7 320.4533 14 1.0
328.8 320.5474 14 1.0
328.9 320.6414 14 1.0
329.0 320.7354 14 1.0
329.1 320.8295 14 1.0
329.2 320.9235 14 1.0
329.3 321.0176 14 1.0
329.4 321.1116 14 1.0
329.5 321.2056 14 1.0
329.6 321.2997 14 1.0
329.7 321.3937 14 1.0
329.8 321.4878 14 1.0
329.9 321.5818 14 1.0
330.0 321.6758 14 1.0
330.1 321.7699 14 1.0
330.2 321.8639 14 1.0
330.3 321.9579 14 1.0
330.4 322.052 14 1.0
330.5 322.146 14 1.0
330.6 322.2401 14 1.0
330.7 322.3341 14 1.0
330.8 322.4281 14 1.0
330.9 322.5222 14 1.0
331.0 322.6162 14 1.0
331.1 322.7103 14 1.0
331.2 322.8043 14 1.0
331.3 322.8983 14 1.0
331.4 322.9924 14 1.0
331.5 323.0864 14 1.0
331.6 323.1805 14 1.0
331.7 323.2745 14 1.0
331.8 323.3685 14 1.0
331.9 323.4626 14 1.0
332.0 323.5566 14 1.0
332.1 323.6506 14 1.0
332.2 323.7447 14 1.0
332.3 323.8387 14 1.0
332.4 323.9328 14 1.0
332.5 324.0268 14 1.0
332.6 324.1208 14 1.0
332.7 324.2149 14 1.0
332.8 324.3089 14 1.0
332.9 324.403 14 1.0
333.0 324.497 14 1.0
333.1 324.591 14 1.0
333.2 324.6851 14 1.0
333.3 324.7791 14 1.0
333.4 324.8731 14 1.0
333.5 324.9672 14 1.0
333.6 325.0612 14 1.0
333.7 325.1553 14 1.0
333.8 325.2493 14 1.0
333.9 325.3433 14 1.0
334.0 325.4374 14 1.0
334.1 325.5314 14 1.0
334.2 325.6255 14 1.0
334.3 325.7195 14 1.0
334.4 325.8135 14 1.0
334.5 325.9076 14 1.0
334.6 326.0016 14 1.0
334.7 326.0956 14 1.0
334.8 326.1897 14 1.0
334.9 326.2837 14 1.0
335.0 326.3778 14 1.0
335.1 326.4718 14 1.0
335.2 326.5658 14 1.0
335.3 326.6599 14 1.0
335.4 326.7539 14 1.0
335.5 326.848 14 1.0
335.6 326.942 14 1.0
335.7 327.036 14 1.0
335.8 327.1301 14 1.0
335.9 327.2241 14 1.0
336.0 327.3182 14 1.0
336.1 327.4122 14 1.0
336.2 327.5062 14 1.0
336.3 327.6003 14 1.0
336.4 327.6943 14 1.0
336.5 327.7883 14 1.0
336.6 327.8824 14 1.0
336.7 327.9764 14 1.0
336.8 328.0705 14 1.0
336.9 328.1645 14 1.0
337.0 328.2585 14 1.0
337.1 328.3526 14 1.0
337.2 328.4466 14 1.0
337.3 328.5407 14 1.0
337.4 328.6347 14 1.0
337.5 328.7287 14 1.0
337.6 328.8228 14 1.0
337.7 328.9168 14 1.0
337.8 329.0108 14 1.0
337.9 329.1049 14 1.0
338.0 329.1989 14 1.0
338.1 329.293 14 1.0
338.2 329.387 14 1.0
338.3 329.481 14 1.0
338.4 329.5751 14 1.0
338.5 329.6691 14 1.0
338.6 329.7632 14 1.0
338.7 329.8572 14 1.0
338.8 329.9512 14 1.0
338.9 330.0453 14 1.0
339.0 330.1393 14 1.0
339.1 330.2333 14 1.0
339.2 330.3274 14 1.0
339.3 330.4214 14 1.0
339.4 330.5155 14 1.0
339.5 330.6095 14 1.0
339.6 330.7035 14 1.0
339.7 330.7976 14 1.0
339.8 330.8916 14 1.0
339.9 330.9857 14 1.0
340.0 331.0797 14 1.0
340.1 331.1737 14 1.0
340.2 331.2678 14 1.0
340.3 331.3618 14 1.0
340.4 331.4559 14 1.0
340.5 331.5499 14 1.0
340.6 331.6439 14 1.0
340.7 331.738 14 1.0
340.8 331.832 14 1.0
340.9 331.926 14 1.0
341.0 332.0201 14 1.0
341.1 332.1141 14 1.0
341.2 332.2082 14 1.0
341.3 332.3022 14 1.0
341.4 332.3962 14 1.0
341.5 332.4903 14 1.0
341.6 332.5843 14 1.0
341.7 332.6784 14 1.0
341.8 332.7724 14 1.0
341.9 332.8664 14 1.0
342.0 332.9605 14 1.0
342.1 333.0545 14 1.0
342.2 333.1485 14 1.0
342.3 333.2426 14 1.0
342.4 333.3366 14 1.0
342.5 333.4307 14 1.0
342.6 333.5247 14 1.0
342.7 333.6187 14 1.0
342.8 333.7128 14 1.0
342.9 333.8068 14 1.0
343.0 333.9009 14 1.0
343.1 333.9949 14 1.0
343.2 334.0889 14 1.0
343.3 334.183 14 1.0
343.4 334.277 14 1.0
343.5 334.371 14 1.0
343.6 334.4651 14 1.0
343.7 334.5591 14 1.0
343.8 334.6532 14 1.0
343.9 334.7472 14 1.0
344.0 334.8412 14 1.0
344.1 334.9353 14 1.0
344.2 335.0293 14 1.0
344.3 335.1234 14 1.0
344.4 335.2174 14 1.0
344.5 335.3114 14 1.0
344.6 335.4055 14 1.0
344.7 335.4995 14 1.0
344.8 335.5936 14 1.0
344.9 335.6876 14 1.0
345.0 335.7816 14 1.0
345.1 335.8757 14 1.0
345.2 335.9697 14 1.0
345.3 336.0637 14 1.0
345.4 336.1578 14 1.0
345.5 336.2518 14 1.0
345.6 336.3459 14 1.0
345.7 336.4399 14 1.0
345.8 336.5339 14 1.0
345.9 336.628 14 1.0
346.0 336.722 14 1.0
346.1 336.8161 14 1.0
346.2 336.9101 14 1.0
346.3 337.0041 14 1.0
346.4 337.0982 14 1.0
346.5 337.1922 14 1.0
346.6 337.2862 14 1.0
346.7 337.3803 14 1.0
346.8 337.4743 14 1.0
346.9 337.5684 14 1.0
347.0 337.6624 14 1.0
347.1 337.7564 14 1.0
347.2 337.8505 14 1.0
347.3 337.9445 14 1.0
347.4 338.0386 14 1.0
347.5 338.1326 14 1.0
347.6 338.2266 14 1.0
347.7 338.3207 14 1.0
347.8 338.4147 14 1.0
347.9 338.5087 14 1.0
348.0 338.6028 14 1.0
348.1 338.6968 14 1.0
348.2 338.7909 14 1.0
348.3 338.8849 14 1.0
348.4 338.9789 14 1.0
348.5 339.073 14 1.0
348.6 339.167 14 1.0
348.7 339.2611 14 1.0
348.8 339.3551 14 1.0
348.9 339.4491 14 1.0
349.0 339.5432 14 1.0
349.1 339.6372 14 1.0
349.2 339.7313 14 1.0
349.3 339.8253 14 1.0
349.4 339.9193 14 1.0
349.5 340.0134 14 1.0
349.6 340.1074 14 1.0
349.7 340.2014 14 1.0
349.8 340.2955 14 1.0
349.9 340.3895 14 1.0
350.0 340.4836 14 1.0
350.1 340.5781 14 1.0
350.2 340.6727 14 1.0
350.3 340.7672 14 1.0
350.4 340.8618 14 1.0
350.5 340.9563 14 1.0
350.6 341.0509 14 1.0
350.7 341.1454 14 1.0
350.8 341.24 14 1.0
350.9 341.3345 14 1.0
351.0 341.4291 14 1.0
351.1 341.5236 14 1.0
351.2 341.6182 14 1.0
351.3 341.7127 14 1.0
351.4 341.8073 14 1.0
351.5 341.9018 14 1.0
351.6 341.9964 14 1.0
351.7 342.0909 14 1.0
351.8 342.1855 14 1.0
351.9 342.28 14 1.0
352.0 342.3746 14 1.0
352.1 342.4691 14 1.0
352.2 342.5637 14 1.0
352.3 342.6582 14 1.0
352.4 342.7528 14 1.0
352.5 342.8473 14 1.0
352.6 342.9419 14 1.0
352.7 343.0364 14 1.0
352.8 343.131 14 1.0
352.9 343.2255 14 1.0
353.0 343.3201 14 1.0
353.1 343.4146 14 1.0
353.2 343.5092 14 1.0
353.3 343.6037 14 1.0
353.4 343.6983 14 1.0
353.5 343.7928 14 1.0
353.6 343.8874 14 1.0
353.7 343.9819 14 1.0
353.8 344.0765 14 1.0
353.9 344.171 14 1.0
354.0 344.2656 14 1.0
354.1 344.3601 14 1.0
354.2 344.4547 14 1.0
354.3 344.5492 14 1.0
354.4 344.6438 14 1.0
354.5 344.7383 14 1.0
354.6 344.8329 14 1.0
354.7 344.9274 14 1.0
354.8 345.022 14 1.0
354.9 345.1165 14 1.0
355.0 345.2111 14 1.0
355.1 345.3056 14 1.0
355.2 345.4002 14 1.0
355.3 345.4947 14 1.0
355.4 345.5893 14 1.0
355.5 345.6838 14 1.0
355.6 345.7784 14 1.0
355.7 345.8729 14 1.0
355.8 345.9675 14 1.0
355.9 346.062 14 1.0
356.0 346.1566 14 1.0
356.1 346.2511 14 1.0
356.2 346.3457 14 1.0
356.3 346.4402 14 1.0
356.4 346.5348 14 1.0
356.5 346.6293 14 1.0
356.6 346.7239 14 1.0
356.7 346.8184 14 1.0
356.8 346.913 14 1.0
356.9 347.0075 14 1.0
357.0 347.1021 14 1.0
357.1 347.1966 14 1.0
357.2 347.2912 14 1.0
357.3 347.3857 14 1.0
357.4 347.4803 14 1.0
357.5 347.5748 14 1.0
357.6 347.6694 14 1.0
357.7 347.7639 14 1.0
357.8 347.8585 14 1.0
357.9 347.953 14 1.0
358.0 348.0476 14 1.0
358.1 348.1421 14 1.0
358.2 348.2367 14 1.0
358.3 348.3312 14 1.0
358.4 348.4258 14 1.0
358.5 348.5203 14 1.0
358.6 348.6149 14 1.0
358.7 348.7094 14 1.0
358.8 348.804 14 1.0
358.9 348.8985 14 1.0
359.0 348.9931 14 1.0
359.1 349.0876 14 1.0
359.2 349.1822 14 1.0
359.3 349.2767 14 1.0
359.4 349.3713 14 1.0
359.5 349.4658 14 1.0
359.6 349.5604 14 1.0
359.7 349.6549 14 1.0
359.8 349.7495 14 1.0
359.9 349.844 14 1.0
360.0 349.9386 14 1.0
360.1 350.0331 14 1.0
360.2 350.1277 14 1.0
360.3 350.2222 14 1.0
360.4 350.3168 14 1.0
360.5 350.4113 14 1.0
360.6 350.5059 14 1.0
360.7 350.6004 14 1.0
360.8 350.695 14 1.0
360.9 350.7895 14 1.0
361.0 350.8841 14 1.0
361.1 350.9786 14 1.0
361.2 351.0732 14 1.0
361.3 351.1677 14 1.0
361.4 351.2623 14 1.0
361.5 351.3568 14 1.0
361.6 351.4514 14 1.0
361.7 351.5459 14 1.0
361.8 351.6405 14 1.0
361.9 351.735 14 1.0
362.0 351.8296 14 1.0
362.1 351.9241 14 1.0
362.2 352.0187 14 1.0
362.3 352.1132 14 1.0
362.4 352.2078 14 1.0
362.5 352.3023 14 1.0
362.6 352.3969 14 1.0
362.7 352.4914 14 1.0
362.8 352.586 14 1.0
362.9 352.6805 14 1.0
363.0 352.7751 14 1.0
363.1 352.8696 14 1.0
363.2 352.9642 14 1.0
363.3 353.0587 14 1.0
363.4 353.1533 14 1.0
363.5 353.2478 14 1.0
363.6 353.3424 14 1.0
363.7 353.4369 14 1.0
363.8 353.5315 14 1.0
363.9 353.626 14 1.0
364.0 353.7206 14 1.0
364.1 353.8151 14 1.0
364.2 353.9097 14 1.0
364.3 354.0042 14 1.0
364.4 354.0988 14 1.0
364.5 354.1933 14 1.0
364.6 354.2879 14 1.0
364.7 354.3824 14 1.0
364.8 354.477 14 1.0
364.9 354.5715 14 1.0
365.0 354.6661 14 1.0
365.1 354.7606 14 1.0
365.2 354.8552 14 1.0
365.3 354.9497 14 1.0
365.4 355.0443 14 1.0
365.5 355.1388 14 1.0
365.6 355.2334 14 1.0
365.7 355.3279 14 1.0
365.8 355.4225 14 1.0
365.9 355.517 14 1.0
366.0 355.6116 14 1.0
366.1 355.7061 14 1.0
366.2 355.8007 14 1.0
366.3 355.8952 14 1.0
366.4 355.9898 14 1.0
366.5 356.0843 14 1.0
366.6 356.1789 14 1.0
366.7 356.2734 14 1.0
366.8 356.368 14 1.0
366.9 356.4625 14 1.0
367.0 356.5571 14 1.0
367.1 356.6516 14 1.0
367.2 356.7462 14 1.0
367.3 356.8407 14 1.0
367.4 356.9353 14 1.0
367.5 357.0298 14 1.0
367.6 357.1244 14 1.0
367.7 357.2189 14 1.0
367.8 357.3135 14 1.0
367.9 357.408 14 1.0
368.0 357.5026 14 1.0
368.1 357.5971 14 1.0
368.2 357.6917 14 1.0
368.3 357.7862 14 1.0
368.4 357.8808 14 1.0
368.5 357.9753 14 1.0
368.6 358.0699 14 1.0
368.7 358.1644 14 1.0
368.8 358.259 14 1.0
368.9 358.3535 14 1.0
369.0 358.4481 14 1.0
369.1 358.5426 14 1.0
369.2 358.6372 14 1.0
369.3 358.7317 14 1.0
369.4 358.8263 14 1.0
369.5 358.9208 14 1.0
369.6 359.0154 14 1.0
369.7 359.1099 14 1.0
369.8 359.2045 14 1.0
369.9 359.299 14 1.0
370.0 359.3936 14 1.0
370.1 359.4881 14 1.0
370.2 359.5827 14 1.0
370.3 359.6772 14 1.0
370.4 359.7718 14 1.0
370.5 359.8663 14 1.0
370.6 359.9609 14 1.0
370.7 360.0554 14 1.0
370.8 360.15 14 1.0
370.9 360.2445 14 1.0
371.0 360.3391 14 1.0
371.1 360.4336 14 1.0
371.2 360.5282 14 1.0
371.3 360.6227 14 1.0
371.4 360.7173 14 1.0
371.5 360.8118 14 1.0
371.6 360.9064 14 1.0
371.7 361.0009 14 1.0
371.8 361.0955 14 1.0
371.9 361.19 14 1.0
372.0 361.2846 14 1.0
372.1 361.3791 14 1.0
372.2 361.4737 14 1.0
372.3 361.5682 14 1.0
372.4 361.6628 14 1.0
372.5 361.7573 14 1.0
372.6 361.8519 14 1.0
372.7 361.9464 14 1.0
372.8 362.041 14 1.0
372.9 362.1355 14 1.0
373.0 362.2301 14 1.0
373.1 362.3246 14 1.0
373.2 362.4192 14 1.0
373.3 362.5137 14 1.0
373.4 362.6083 14 1.0
373.5 362.7028 14 1.0
373.6 362.7974 14 1.0
373.7 362.8919 14 1.0
373.8 362.9865 14 1.0
373.9 363.081 14 1.0
374.0 363.1756 14 1.0
374.1 363.2701 14 1.0
374.2 363.3647 14 1.0
374.3 363.4592 14 1.0
374.4 363.5538 14 1.0
374.5 363.6483 14 1.0
374.6 363.7429 14 1.0
374.7 363.8374 14 1.0
374.8 363.932 14 1.0
374.9 364.0265 14 1.0
375.0 364.1211 14 1.0
375.1 364.2156 14 1.0
375.2 364.3102 14 1.0
375.3 364.4047 14 1.0
375.4 364.4993 14 1.0
375.5 364.5938 14 1.0
375.6 364.6884 14 1.0
375.7 364.7829 14 1.0
375.8 364.8775 14 1.0
375.9 364.972 14 1.0
376.0 365.0666 14 1.0
376.1 365.1611 14 1.0
376.2 365.2557 14 1.0
376.3 365.3502 14 1.0
376.4 365.4448 14 1.0
376.5 365.5393 14 1.0
376.6 365.6339 14 1.0
376.7 365.7284 14 1.0
376.8 365.823 14 1.0
376.9 365.9175 14 1.0
377.0 366.0121 14 1.0
377.1 366.1066 14 1.0
377.2 366.2012 14 1.0
377.3 366.2957 14 1.0
377.4 366.3903 14 1.0
377.5 366.4848 14 1.0
377.6 366.5794 14 1.0
377.7 366.6739 14 1.0
377.8 366.7685 14 1.0
377.9 366.863 14 1.0
378.0 366.9576 14 1.0
378.1 367.0521 14 1.0
378.2 367.1467 14 1.0
378.3 367.2412 14 1.0
378.4 367.3358 14 1.0
378.5 367.4303 14 1.0
378.6 367.5249 14 1.0
378.7 367.6194 14 1.0
378.8 367.714 14 1.0
378.9 367.8085 14 1.0
379.0 367.9031 14 1.0
379.1 367.9976 14 1.0
379.2 368.0922 14 1.0
379.3 368.1867 14 1.0
379.4 368.2813 14 1.0
379.5 368.3758 14 1.0
379.6 368.4704 14 1.0
379.7 368.5649 14 1.0
379.8 368.6595 14 1.0
379.9 368.754 14 1.0
380.0 368.8486 14 1.0
380.1 368.9431 14 1.0
380.2 369.0377 14 1.0
380.3 369.1322 14 1.0
380.4 369.2268 14 1.0
380.5 369.3213 14 1.0
380.6 369.4159 14 1.0
380.7 369.5104 14 1.0
380.8 369.605 14 1.0
380.9 369.6995 14 1.0
381.0 369.7941 14 1.0
381.1 369.8886 14 1.0
381.2 369.9832 14 1.0
381.3 370.0777 14 1.0
381.4 370.1723 14 1.0
381.5 370.2668 14 1.0
381.6 370.3614 14 1.0
381.7 370.4559 14 1.0
381.8 370.5505 14 1.0
381.9 370.645 14 1.0
382.0 370.7396 14 1.0
382.1 370.8341 14 1.0
382.2 370.9287 14 1.0
382.3 371.0232 14 1.0
382.4 371.1178 14 1.0
382.5 371.2123 14 1.0
382.6 371.3069 14 1.0
382.7 371.4014 14 1.0
382.8 371.496 14 1.0
382.9 371.5905 14 1.0
383.0 371.6851 14 1.0
383.1 371.7796 14 1.0
383.2 371.8742 14 1.0
383.3 371.9687 14 1.0
383.4 372.0633 14 1.0
383.5 372.1578 14 1.0
383.6 372.2524 14 1.0
383.7 372.3469 14 1.0
383.8 372.4415 14 1.0
383.9 372.536 14 1.0
384.0 372.6306 14 1.0
384.1 372.7251 14 1.0
384.2 372.8197 14 1.0
384.3 372.9142 14 1.0
384.4 373.0088 14 1.0
384.5 373.1033 14 1.0
384.6 373.1979 14 1.0
384.7 373.2924 14 1.0
384.8 373.387 14 1.0
384.9 373.4815 14 1.0
385.0 373.5761 14 1.0
385.1 373.6706 14 1.0
385.2 373.7652 14 1.0
385.3 373.8597 14 1.0
385.4 373.9543 14 1.0
385.5 374.0488 14 1.0
385.6 374.1434 14 1.0
385.7 374.2379 14 1.0
385.8 374.3325 14 1.0
385.9 374.427 14 1.0
386.0 374.5216 14 1.0
386.1 374.6161 14 1.0
386.2 374.7107 14 1.0
386.3 374.8052 14 1.0
386.4 374.8998 14 1.0
386.5 374.9943 14 1.0
386.6 375.0889 14 1.0
386.7 375.1834 14 1.0
386.8 375.278 14 1.0
386.9 375.3725 14 1.0
387.0 375.4671 14 1.0
387.1 375.5616 14 1.0
387.2 375.6562 14 1.0
387.3 375.7507 14 1.0
387.4 375.8453 14 1.0
387.5 375.9398 14 1.0
387.6 376.0344 14 1.0
387.7 376.1289 14 1.0
387.8 376.2235 14 1.0
387.9 376.318 14 1.0
388.0 376.4126 14 1.0
388.1 376.5071 14 1.0
388.2 376.6017 14 1.0
388.3 376.6962 14 1.0
388.4 376.7908 14 1.0
388.5 376.8853 14 1.0
388.6 376.9799 14 1.0
388.7 377.0744 14 1.0
388.8 377.169 14 1.0
388.9 377.2635 14 1.0
389.0 377.3581 14 1.0
389.1 377.4526 14 1.0
389.2 377.5472 14 1.0
389.3 377.6417 14 1.0
389.4 377.7363 14 1.0
389.5 377.8308 14 1.0
389.6 377.9254 14 1.0
389.7 378.0199 14 1.0
389.8 378.1145 14 1.0
389.9 378.209 14 1.0
390.0 378.3036 14 1.0
390.1 378.3981 14 1.0
390.2 378.4927 14 1.0
390.3 378.5872 14 1.0
390.4 378.6818 14 1.0
390.5 378.7763 14 1.0
390.6 378.8709 14 1.0
390.7 378.9654 14 1.0
390.8 379.06 14 1.0
390.9 379.1545 14 1.0
391.0 379.2491 14 1.0
391.1 379.3436 14 1.0
391.2 379.4382 14 1.0
391.3 379.5327 14 1.0
391.4 379.6273 14 1.0
391.5 379.7218 14 1.0
391.6 379.8164 14 1.0
391.7 379.9109 14 1.0
391.8 380.0055 14 1.0
391.9 380.1 14 1.0
392.0 380.1946 14 1.0
392.1 380.2891 14 1.0
392.2 380.3837 14 1.0
392.3 380.4782 14 1.0
392.4 380.5728 14 1.0
392.5 380.6673 14 1.0
392.6 380.7619 14 1.0
392.7 380.8564 14 1.0
392.8 380.951 14 1.0
392.9 381.0455 14 1.0
393.0 381.1401 14 1.0
393.1 381.2346 14 1.0
393.2 381.3292 14 1.0
393.3 381.4237 14 1.0
393.4 381.5183 14 1.0
393.5 381.6128 14 1.0
393.6 381.7074 14 1.0
393.7 381.8019 14 1.0
393.8 381.8965 14 1.0
393.9 381.991 14 1.0
394.0 382.0856 14 1.0
394.1 382.1801 14 1.0
394.2 382.2747 14 1.0
394.3 382.3692 14 1.0
394.4 382.4638 14 1.0
394.5 382.5583 14 1.0
394.6 382.6529 14 1.0
394.7 382.7474 14 1.0
394.8 382.842 14 1.0
394.9 382.9365 14 1.0
395.0 383.0311 14 1.0
395.1 383.1256 14 1.0
395.2 383.2202 14 1.0
395.3 383.3147 14 1.0
395.4 383.4093 14 1.0
395.5 383.5038 14 1.0
395.6 383.5984 14 1.0
395.7 383.6929 14 1.0
395.8 383.7875 14 1.0
395.9 383.882 14 1.0
396.0 383.9766 14 1.0
396.1 384.0711 14 1.0
396.2 384.1657 14 1.0
396.3 384.2602 14 1.0
396.4 384.3548 14 1.0
396.5 384.4493 14 1.0
396.6 384.5439 14 1.0
396.7 384.6384 14 1.0
396.8 384.733 14 1.0
396.9 384.8275 14 1.0
397.0 384.9221 14 1.0
397.1 385.0166 14 1.0
397.2 385.1112 14 1.0
397.3 385.2057 14 1.0
397.4 385.3003 14 1.0
397.5 385.3948 14 1.0
397.6 385.4894 14 1.0
397.7 385.5839 14 1.0
397.8 385.6785 14 1.0
397.9 385.773 14 1.0
398.0 385.8676 14 1.0
398.1 385.9621 14 1.0
398.2 386.0567 14 1.0
398.3 386.1512 14 1.0
398.4 386.2458 14 1.0
398.5 386.3403 14 1.0
398.6 386.4349 14 1.0
398.7 386.5294 14 1.0
398.8 386.624 14 1.0
398.9 386.7185 14 1.0
399.0 386.8131 14 1.0
399.1 386.9076 14 1.0
399.2 387.0022 14 1.0
399.3 387.0967 14 1.0
399.4 387.1913 14 1.0
399.5 387.2858 14 1.0
399.6 387.3804 14 1.0
399.7 387.4749 14 1.0
399.8 387.5695 14 1.0
399.9 387.664 14 1.0
400.0 387.7586 14 1.0
400.1 387.8515 14 1.0
400.2 387.9445 14 1.0
400.3 388.0375 14 1.0
400.4 388.1305 14 1.0
400.5 388.2235 14 1.0
400.6 388.3164 14 1.0
400.7 388.4094 14 1.0
400.8 388.5024 14 1.0
400.9 388.5954 14 1.0
401.0 388.6883 14 1.0
401.1 388.7813 14 1.0
401.2 388.8743 14 1.0
401.3 388.9673 14 1.0
401.4 389.0603 14 1.0
401.5 389.1532 14 1.0
401.6 389.2462 14 1.0
401.7 389.3392 14 1.0
401.8 389.4322 14 1.0
401.9 389.5252 14 1.0
402.0 389.6181 14 1.0
402.1 389.7111 14 1.0
402.2 389.8041 14 1.0
402.3 389.8971 14 1.0
402.4 389.99 14 1.0
402.5 390.083 14 1.0
402.6 390.176 14 1.0
402.7 390.269 14 1.0
402.8 390.362 14 1.0
402.9 390.4549 14 1.0
403.0 390.5479 14 1.0
403.1 390.6409 14 1.0
403.2 390.7339 14 1.0
403.3 390.8269 14 1.0
403.4 390.9198 14 1.0
403.5 391.0128 14 1.0
403.6 391.1058 14 1.0
403.7 391.1988 14 1.0
403.8 391.2918 14 1.0
403.9 391.3847 14 1.0
404.0 391.4777 14 1.0
404.1 391.5707 14 1.0
404.2 391.6637 14 1.0
404.3 391.7566 14 1.0
404.4 391.8496 14 1.0
404.5 391.9426 14 1.0
404.6 392.0356 14 1.0
404.7 392.1286 14 1.0
404.8 392.2215 14 1.0
404.9 392.3145 14 1.0
405.0 392.4075 14 1.0
405.1 392.5005 14 1.0
405.2 392.5935 14 1.0
405.3 392.6864 14 1.0
405.4 392.7794 14 1.0
405.5 392.8724 14 1.0
405.6 392.9654 14 1.0
405.7 393.0583 14 1.0
405.8 393.1513 14 1.0
405.9 393.2443 14 1.0
406.0 393.3373 14 1.0
406.1 393.4303 14 1.0
406.2 393.5232 14 1.0
406.3 393.6162 14 1.0
406.4 393.7092 14 1.0
406.5 393.8022 14 1.0
406.6 393.8952 14 1.0
406.7 393.9881 14 1.0
406.8 394.0811 14 1.0
406.9 394.1741 14 1.0
407.0 394.2671 14 1.0
407.1 394.3601 14 1.0
407.2 394.453 14 1.0
407.3 394.546 14 1.0
407.4 394.639 14 1.0
407.5 394.732 14 1.0
407.6 394.8249 14 1.0
407.7 394.9179 14 1.0
407.8 395.0109 14 1.0
407.9 395.1039 14 1.0
408.0 395.1969 14 1.0
408.1 395.2898 14 1.0
408.2 395.3828 14 1.0
408.3 395.4758 14 1.0
408.4 395.5688 14 1.0
408.5 395.6618 14 1.0
408.6 395.7547 14 1.0
408.7 395.8477 14 1.0
408.8 395.9407 14 1.0
408.9 396.0337 14 1.0
409.0 396.1266 14 1.0
409.1 396.2196 14 1.0
409.2 396.3126 14 1.0
409.3 396.4056 14 1.0
409.4 396.4986 14 1.0
409.5 396.5915 14 1.0
409.6 396.6845 14 1.0
409.7 396.7775 14 1.0
409.8 396.8705 14 1.0
409.9 396.9635 14 1.0
410.0 397.0564 14 1.0
410.1 397.1494 14 1.0
410.2 397.2424 14 1.0
410.3 397.3354 14 1.0
410.4 397.4284 14 1.0
410.5 397.5213 14 1.0
410.6 397.6143 14 1.0
410.7 397.7073 14 1.0
410.8 397.8003 14 1.0
410.9 397.8932 14 1.0
411.0 397.9862 14 1.0
411.1 398.0792 14 1.0
411.2 398.1722 14 1.0
411.3 398.2652 14 1.0
411.4 398.3581 14 1.0
411.5 398.4511 14 1.0
411.6 398.5441 14 1.0
411.7 398.6371 14 1.0
411.8 398.7301 14 1.0
411.9 398.823 14 1.0
412.0 398.916 14 1.0
412.1 399.009 14 1.0
412.2 399.102 14 1.0
412.3 399.195 14 1.0
412.4 399.2879 14 1.0
412.5 399.3809 14 1.0
412.6 399.4739 14 1.0
412.7 399.5669 14 1.0
412.8 399.6598 14 1.0
412.9 399.7528 14 1.0
413.0 399.8458 14 1.0
413.1 399.9388 14 1.0
413.2 400.0318 14 1.0
413.3 400.1247 14 1.0
413.4 400.2177 14 1.0
413.5 400.3107 14 1.0
413.6 400.4037 14 1.0
413.7 400.4967 14 1.0
413.8 400.5896 14 1.0
413.9 400.6826 14 1.0
414.0 400.7756 14 1.0
414.1 400.8686 14 1.0
414.2 400.9615 14 1.0
414.3 401.0545 14 1.0
414.4 401.1475 14 1.0
414.5 401.2405 14 1.0
414.6 401.3335 14 1.0
414.7 401.4264 14 1.0
414.8 401.5194 14 1.0
414.9 401.6124 14 1.0
415.0 401.7054 14 1.0
415.1 401.7984 14 1.0
415.2 401.8913 14 1.0
415.3 401.9843 14 1.0
415.4 402.0773 14 1.0
415.5 402.1703 14 1.0
415.6 402.2633 14 1.0
415.7 402.3562 14 1.0
415.8 402.4492 14 1.0
415.9 402.5422 14 1.0
416.0 402.6352 14 1.0
416.1 402.7281 14 1.0
416.2 402.8211 14 1.0
416.3 402.9141 14 1.0
416.4 403.0071 14 1.0
416.5 403.1001 14 1.0
416.6 403.193 14 1.0
416.7 403.286 14 1.0
416.8 403.379 14 1.0
416.9 403.472 14 1.0
417.0 403.565 14 1.0
417.1 403.6579 14 1.0
417.2 403.7509 14 1.0
417.3 403.8439 14 1.0
417.4 403.9369 14 1.0
417.5 404.0298 14 1.0
417.6 404.1228 14 1.0
417.7 404.2158 14 1.0
417.8 404.3088 14 1.0
417.9 404.4018 14 1.0
418.0 404.4947 14 1.0
418.1 404.5877 14 1.0
418.2 404.6807 14 1.0
418.3 404.7737 14 1.0
418.4 404.8667 14 1.0
418.5 404.9596 14 1.0
418.6 405.0526 14 1.0
418.7 405.1456 14 1.0
418.8 405.2386 14 1.0
418.9 405.3316 14 1.0
419.0 405.4245 14 1.0
419.1 405.5175 14 1.0
419.2 405.6105 14 1.0
419.3 405.7035 14 1.0
419.4 405.7964 14 1.0
419.5 405.8894 14 1.0
419.6 405.9824 14 1.0
419.7 406.0754 14 1.0
419.8 406.1684 14 1.0
419.9 406.2613 14 1.0
420.0 406.3543 14 1.0
420.1 406.4473 14 1.0
420.2 406.5403 14 1.0
420.3 406.6333 14 1.0
420.4 406.7262 14 1.0
420.5 406.8192 14 1.0
420.6 406.9122 14 1.0
420.7 407.0052 14 1.0
420.8 407.0981 14 1.0
420.9 407.1911 14 1.0
421.0 407.2841 14 1.0
421.1 407.3771 14 1.0
421.2 407.4701 14 1.0
421.3 407.563 14 1.0
421.4 407.656 14 1.0
421.5 407.749 14 1.0
421.6 407.842 14 1.0
421.7 407.935 14 1.0
421.8 408.0279 14 1.0
421.9 408.1209 14 1.0
422.0 408.2139 14 1.0
422.1 408.3069 14 1.0
422.2 408.3999 14 1.0
422.3 408.4928 14 1.0
422.4 408.5858 14 1.0
422.5 408.6788 14 1.0
422.6 408.7718 14 1.0
422.7 408.8647 14 1.0
422.8 408.9577 14 1.0
422.9 409.0507 14 1.0
423.0 409.1437 14 1.0
423.1 409.2367 14 1.0
423.2 409.3296 14 1.0
423.3 409.4226 14 1.0
423.4 409.5156 14 1.0
423.5 409.6086 14 1.0
423.6 409.7016 14 1.0
423.7 409.7945 14 1.0
423.8 409.8875 14 1.0
423.9 409.9805 14 1.0
424.0 410.0735 14 1.0
424.1 410.1664 14 1.0
424.2 410.2594 14 1.0
424.3 410.3524 14 1.0
424.4 410.4454 14 1.0
424.5 410.5384 14 1.0
424.6 410.6313 14 1.0
424.7 410.7243 14 1.0
424.8 410.8173 14 1.0
424.9 410.9103 14 1.0
425.0 411.0033 14 1.0
425.1 411.0962 14 1.0
425.2 411.1892 14 1.0
425.3 411.2822 14 1.0
425.4 411.3752 14 1.0
425.5 411.4682 14 1.0
425.6 411.5611 14 1.0
425.7 411.6541 14 1.0
425.8 411.7471 14 1.0
425.9 411.8401 14 1.0
426.0 411.933 14 1.0
426.1 412.026 14 1.0
426.2 412.119 14 1.0
426.3 412.212 14 1.0
426.4 412.305 14 1.0
426.5 412.3979 14 1.0
426.6 412.4909 14 1.0
426.7 412.5839 14 1.0
426.8 412.6769 14 1.0
426.9 412.7699 14 1.0
427.0 412.8628 14 1.0
427.1 412.9558 14 1.0
427.2 413.0488 14 1.0
427.3 413.1418 14 1.0
427.4 413.2347 14 1.0
427.5 413.3277 14 1.0
427.6 413.4207 14 1.0
427.7 413.5137 14 1.0
427.8 413.6067 14 1.0
427.9 413.6996 14 1.0
428.0 413.7926 14 1.0
428.1 413.8856 14 1.0
428.2 413.9786 14 1.0
428.3 414.0716 14 1.0
428.4 414.1645 14 1.0
428.5 414.2575 14 1.0
428.6 414.3505 14 1.0
428.7 414.4435 14 1.0
428.8 414.5365 14 1.0
428.9 414.6294 14 1.0
429.0 414.7224 14 1.0
429.1 414.8154 14 1.0
429.2 414.9084 14 1.0
429.3 415.0013 14 1.0
429.4 415.0943 14 1.0
429.5 415.1873 14 1.0
429.6 415.2803 14 1.0
429.7 415.3733 14 1.0
429.8 415.4662 14 1.0
429.9 415.5592 14 1.0
430.0 415.6522 14 1.0
430.1 415.7452 14 1.0
430.2 415.8382 14 1.0
430.3 415.9311 14 1.0
430.4 416.0241 14 1.0
430.5 416.1171 14 1.0
430.6 416.2101 14 1.0
430.7 416.303 14 1.0
430.8 416.396 14 1.0
430.9 416.489 14 1.0
431.0 416.582 14 1.0
431.1 416.675 14 1.0
431.2 416.7679 14 1.0
431.3 416.8609 14 1.0
431.4 416.9539 14 1.0
431.5 417.0469 14 1.0
431.6 417.1399 14 1.0
431.7 417.2328 14 1.0
431.8 417.3258 14 1.0
431.9 417.4188 14 1.0
432.0 417.5118 14 1.0
432.1 417.6048 14 1.0
432.2 417.6977 14 1.0
432.3 417.7907 14 1.0
432.4 417.8837 14 1.0
432.5 417.9767 14 1.0
432.6 418.0696 14 1.0
432.7 418.1626 14 1.0
432.8 418.2556 14 1.0
432.9 418.3486 14 1.0
433.0 418.4416 14 1.0
433.1 418.5345 14 1.0
433.2 418.6275 14 1.0
433.3 418.7205 14 1.0
433.4 418.8135 14 1.0
433.5 418.9065 14 1.0
433.6 418.9994 14 1.0
433.7 419.0924 14 1.0
433.8 419.1854 14 1.0
433.9 419.2784 14 1.0
434.0 419.3713 14 1.0
434.1 419.4643 14 1.0
434.2 419.5573 14 1.0
434.3 419.6503 14 1.0
434.4 419.7433 14 1.0
434.5 419.8362 14 1.0
434.6 419.9292 14 1.0
434.7 420.0222 14 1.0
434.8 420.1152 14 1.0
434.9 420.2082 14 1.0
435.0 420.3011 14 1.0
435.1 420.3941 14 1.0
435.2 420.4871 14 1.0
435.3 420.5801 14 1.0
435.4 420.6731 14 1.0
435.5 420.766 14 1.0
435.6 420.859 14 1.0
435.7 420.952 14 1.0
435.8 421.045 14 1.0
435.9 421.1379 14 1.0
436.0 421.2309 14 1.0
436.1 421.3239 14 1.0
436.2 421.4169 14 1.0
436.3 421.5099 14 1.0
436.4 421.6028 14 1.0
436.5 421.6958 14 1.0
436.6 421.7888 14 1.0
436.7 421.8818 14 1.0
436.8 421.9748 14 1.0
436.9 422.0677 14 1.0
437.0 422.1607 14 1.0
437.1 422.2537 14 1.0
437.2 422.3467 14 1.0
437.3 422.4396 14 1.0
437.4 422.5326 14 1.0
437.5 422.6256 14 1.0
437.6 422.7186 14 1.0
437.7 422.8116 14 1.0
437.8 422.9045 14 1.0
437.9 422.9975 14 1.0
438.0 423.0905 14 1.0
438.1 423.1835 14 1.0
438.2 423.2765 14 1.0
438.3 423.3694 14 1.0
438.4 423.4624 14 1.0
438.5 423.5554 14 1.0
438.6 423.6484 14 1.0
438.7 423.7414 14 1.0
438.8 423.8343 14 1.0
438.9 423.9273 14 1.0
439.0 424.0203 14 1.0
439.1 424.1133 14 1.0
439.2 424.2062 14 1.0
439.3 424.2992 14 1.0
439.4 424.3922 14 1.0
439.5 424.4852 14 1.0
439.6 424.5782 14 1.0
439.7 424.6711 14 1.0
439.8 424.7641 14 1.0
439.9 424.8571 14 1.0
440.0 424.9501 14 1.0
440.1 425.0431 14 1.0
440.2 425.136 14 1.0
440.3 425.229 14 1.0
440.4 425.322 14 1.0
440.5 425.415 14 1.0
440.6 425.5079 14 1.0
440.7 425.6009 14 1.0
440.8 425.6939 14 1.0
440.9 425.7869 14 1.0
441.0 425.8799 14 1.0
441.1 425.9728 14 1.0
441.2 426.0658 14 1.0
441.3 426.1588 14 1.0
441.4 426.2518 14 1.0
441.5 426.3448 14 1.0
441.6 426.4377 14 1.0
441.7 426.5307 14 1.0
441.8 426.6237 14 1.0
441.9 426.7167 14 1.0
442.0 426.8097 14 1.0
442.1 426.9026 14 1.0
442.2 426.9956 14 1.0
442.3 427.0886 14 1.0
442.4 427.1816 14 1.0
442.5 427.2745 14 1.0
442.6 427.3675 14 1.0
442.7 427.4605 14 1.0
442.8 427.5535 14 1.0
442.9 427.6465 14 1.0
443.0 427.7394 14 1.0
443.1 427.8324 14 1.0
443.2 427.9254 14 1.0
443.3 428.0184 14 1.0
443.4 428.1114 14 1.0
443.5 428.2043 14 1.0
443.6 428.2973 14 1.0
443.7 428.3903 14 1.0
443.8 428.4833 14 1.0
443.9 428.5762 14 1.0
444.0 428.6692 14 1.0
444.1 428.7622 14 1.0
444.2 428.8552 14 1.0
444.3 428.9482 14 1.0
444.4 429.0411 14 1.0
444.5 429.1341 14 1.0
444.6 429.2271 14 1.0
444.7 429.3201 14 1.0
444.8 429.4131 14 1.0
444.9 429.506 14 1.0
445.0 429.599 14 1.0
445.1 429.692 14 1.0
445.2 429.785 14 1.0
445.3 429.878 14 1.0
445.4 429.9709 14 1.0
445.5 430.0639 14 1.0
445.6 430.1569 14 1.0
445.7 430.2499 14 1.0
445.8 430.3428 14 1.0
445.9 430.4358 14 1.0
446.0 430.5288 14 1.0
446.1 430.6218 14 1.0
446.2 430.7148 14 1.0
446.3 430.8077 14 1.0
446.4 430.9007 14 1.0
446.5 430.9937 14 1.0
446.6 431.0867 14 1.0
446.7 431.1797 14 1.0
446.8 431.2726 14 1.0
446.9 431.3656 14 1.0
447.0 431.4586 14 1.0
447.1 431.5516 14 1.0
447.2 431.6445 14 1.0
447.3 431.7375 14 1.0
447.4 431.8305 14 1.0
447.5 431.9235 14 1.0
447.6 432.0165 14 1.0
447.7 432.1094 14 1.0
447.8 432.2024 14 1.0
447.9 432.2954 14 1.0
448.0 432.3884 14 1.0
448.1 432.4814 14 1.0
448.2 432.5743 14 1.0
448.3 432.6673 14 1.0
448.4 432.7603 14 1.0
448.5 432.8533 14 1.0
448.6 432.9463 14 1.0
448.7 433.0392 14 1.0
448.8 433.1322 14 1.0
448.9 433.2252 14 1.0
449.0 433.3182 14 1.0
449.1 433.4111 14 1.0
449.2 433.5041 14 1.0
449.3 433.5971 14 1.0
449.4 433.6901 14 1.0
449.5 433.7831 14 1.0
449.6 433.876 14 1.0
449.7 433.969 14 1.0
449.8 434.062 14 1.0
449.9 434.155 14 1.0
450.0 434.248 14 1.0
