15.0 1.346221 13 0.027743667206398537
15.1 1.35416 13 0.028235839773361082
15.2 1.362092 13 0.028721664060766483
15.3 1.370017 13 0.029200557080109046
15.4 1.377933 13 0.02967203561231946
15.5 1.385841 13 0.030139362842576345
15.6 1.393742 13 0.030596620173167555
15.7 1.401635 13 0.031048777349497403
15.8 1.409521 13 0.03149717279917763
15.9 1.417398 13 0.03193882947730742
16.0 1.425268 13 0.032372027295885175
16.1 1.433555 13 0.032837537730423194
16.2 1.441834 13 0.03330146235889697
16.3 1.450104 13 0.0337525675081467
16.4 1.458366 13 0.0341996423991765
16.5 1.466619 13 0.03464224140532435
16.6 1.474864 13 0.03507634161530693
16.7 1.483101 13 0.03550906651068375
16.8 1.491329 13 0.03593539319274741
16.9 1.499549 13 0.03635652385647392
17.0 1.507761 13 0.0367733159636201
17.1 1.515964 13 0.037183220231933434
17.2 1.52416 13 0.037587220015771194
17.3 1.532347 13 0.037989178023754455
17.4 1.540526 13 0.03838411246823614
17.5 1.548696 13 0.03877543071110301
17.6 1.556859 13 0.03916067605361084
17.7 1.565014 13 0.039542321432931016
17.8 1.57316 13 0.039921867020733415
17.9 1.581299 13 0.04029263851794174
18.0 1.589429 13 0.04066010063673009
18.1 1.597955 13 0.04105714280397432
18.2 1.606472 13 0.04145567483627044
18.3 1.61498 13 0.04183912696189784
18.4 1.623479 13 0.04222339498324823
18.5 1.63197 13 0.042606711445750456
18.6 1.640452 13 0.042979021910797055
18.7 1.648925 13 0.043353110497562075
18.8 1.65739 13 0.04372286701515016
18.9 1.665846 13 0.04407922664632735
19.0 1.674294 13 0.044441793336324587
19.1 1.682733 13 0.044798172714602846
19.2 1.691163 13 0.045148348207296074
19.3 1.699585 13 0.0454971463997228
19.4 1.707999 13 0.045842308612849214
19.5 1.716404 13 0.04618382196243187
19.6 1.7248 13 0.046517574027618025
19.7 1.733189 13 0.04685506217265245
19.8 1.741569 13 0.04718337765394043
19.9 1.74994 13 0.04750843396924609
20.0 1.758303 13 0.04783277348334625
20.1 1.767057 13 0.0481787494716609
20.2 1.775802 13 0.048518858904020634
20.3 1.784538 13 0.04886131375487268
20.4 1.793265 13 0.04919964646960617
20.5 1.801982 13 0.049530828385158765
20.6 1.810691 13 0.04985731242265834
20.7 1.819391 13 0.05018500435854556
20.8 1.828082 13 0.05050797997306666
20.9 1.836764 13 0.05082817978960785
21.0 1.845437 13 0.05114253748762487
21.1 1.854101 13 0.051459488718155644
21.2 1.862757 13 0.05176760688963922
21.3 1.871404 13 0.052077869990435954
21.4 1.880042 13 0.052381060830353654
21.5 1.888671 13 0.05268265822349172
21.6 1.897292 13 0.05298080760754509
21.7 1.905904 13 0.053277895958228405
21.8 1.914507 13 0.05357096708258846
21.9 1.923102 13 0.05385684503127186
22.0 1.931688 13 0.054150306225720146
22.1 1.941605 13 0.05452146180594086
22.2 1.95151 13 0.05489726152386287
22.3 1.961404 13 0.055264039755126726
22.4 1.971287 13 0.055632121435642556
22.5 1.981158 13 0.055989864969254954
22.6 1.991018 13 0.0563493970986364
22.7 2.000867 13 0.056701327052335215
22.8 21.87568 14 1.0
22.9 21.96921 14 1.0
23.0 22.06274 14 1.0
23.1 22.15627 14 1.0
23.2 22.2498 14 1.0
23.3 22.34333 14 1.0
23.4 22.43686 14 1.0
23.5 22.53038 14 1.0
23.6 22.62391 14 1.0
23.7 22.71744 14 1.0
23.8 22.81097 14 1.0
23.9 22.9045 14 1.0
24.0 22.99803 14 1.0
24.1 23.08985 14 1.0
24.2 23.18167 14 1.0
24.3 23.2735 14 1.0
24.4 23.36532 14 1.0
24.5 23.45714 14 1.0
24.6 23.54896 14 1.0
24.7 23.64079 14 1.0
24.8 23.73261 14 1.0
24.9 23.82443 14 1.0
25.0 5.848232 14 0.22508767857254897
25.1 6.056747 14 0.2331121084797556
25.2 6.267346 14 0.24116321687145137
25.3 6.48003 14 0.24924160579694
25.4 6.694797 14 0.2573447080281771
25.5 6.911648 14 0.2654724184500311
25.6 7.130584 14 0.27362257892017794
25.7 7.351603 14 0.2817977025450943
25.8 7.574707 14 0.2899989117423005
25.9 7.799895 14 0.2982224664490175
26.0 8.027167 14 0.306471478259265
26.1 8.261085 14 0.3149142611203818
26.2 8.497162 14 0.3233768645855568
26.3 8.735397 14 0.3318660513207701
26.4 8.97579 14 0.3403783985359963
26.5 9.218341 14 0.3489126210447906
26.6 9.46305 14 0.35747195925676567
26.7 9.709917 14 0.3660515417993433
26.8 9.958942 14 0.37465356404714534
26.9 10.21012 14 0.3832785333279043
27.0 10.46347 14 0.3919266230705786
27.1 10.71896 14 0.40059634434267255
27.2 10.97662 14 0.4092846470790732
27.3 11.23644 14 0.41799799868879606
27.4 11.49841 14 0.4267275877536303
27.5 11.76254 14 0.43548174499157455
27.6 12.02883 14 0.44425649640886544
27.7 12.29728 14 0.4530480610398804
27.8 12.56788 14 0.46186150815951676
27.9 12.84064 14 0.4706945156330087
28.0 13.11556 14 0.47954706479115405
28.1 13.41159 14 0.4894373304029962
28.2 13.70959 14 0.49934620910397
28.3 14.00957 14 0.5092694995838416
28.4 14.31152 14 0.5192095224586994
28.5 14.61545 14 0.5291642592341739
28.6 14.92135 14 0.5391368452498543
28.7 15.22923 14 0.5491283791623158
28.8 15.53908 14 0.559133592625223
28.9 15.8509 14 0.5691528805475681
29.0 16.1647 14 0.5791906283967063
29.1 16.48048 14 0.5892410925750844
29.2 16.79823 14 0.5993087253514398
29.3 17.11796 14 0.6093912121682612
29.4 17.43966 14 0.6194897464879703
29.5 17.76333 14 0.6296045970361215
29.6 18.08898 14 0.6397320400496325
29.7 18.41661 14 0.6498737006405017
29.8 18.74621 14 0.660032379491652
29.9 19.07779 14 0.6702032543762002
30.0 19.41134 14 0.6803912182754548
30.1 19.74027 14 0.6902119888545823
30.2 20.07124 14 0.7000503791465078
30.3 20.40427 14 0.7099002906688985
30.4 20.73933 14 0.7197663075915852
30.5 21.07645 14 0.7296483142558713
30.6 21.4156 14 0.7395425891385629
30.7 21.7568 14 0.7494519455501432
30.8 22.10005 14 0.7593747784787694
30.9 22.44534 14 0.7693119693053541
31.0 22.79268 14 0.7792616667888533
31.1 23.14206 14 0.7892272121410533
31.2 23.49349 14 0.799205116434092
31.3 23.84696 14 0.8091966484377499
31.4 24.20248 14 0.8192014667484506
31.5 24.56004 14 0.8292196551803726
31.6 24.91964 14 0.8392508403452857
31.7 25.2813 14 0.8492949031874167
31.8 25.64499 14 0.8593520765833247
31.9 26.01073 14 0.8694219238956216
32.0 26.37852 14 0.8795041998112039
32.1 26.74835 14 0.8895991689307975
32.2 27.12023 14 0.8997068867875959
32.3 27.49415 14 0.9098266094052885
32.4 27.87012 14 0.9199586505285064
32.5 28.24813 14 0.9301027100282813
32.6 28.62818 14 0.9402588390097064
32.7 29.01028 14 0.9504269771955361
32.8 29.39443 14 0.9606069001556443
32.9 29.78062 14 0.9707984258623422
33.0 30.16886 14 0.9810018011668429
33.1 30.55914 14 0.9912166247840427
33.2 30.90773 14 1.0
33.3 30.99085 14 1.0
33.4 31.07397 14 1.0
33.5 31.15709 14 1.0
33.6 31.24022 14 1.0
33.7 31.32334 14 1.0
33.8 31.40646 14 1.0
33.9 31.48958 14 1.0
34.0 31.5727 14 1.0
34.1 31.65582 14 1.0
34.2 31.73894 14 1.0
34.3 31.82206 14 1.0
34.4 31.90518 14 1.0
34.5 31.9883 14 1.0
34.6 32.07142 14 1.0
34.7 32.15454 14 1.0
34.8 32.23766 14 1.0
34.9 32.32079 14 1.0
35.0 32.40391 14 1.0
35.1 32.46109 14 1.0
35.2 32.51828 14 1.0
35.3 32.57546 14 1.0
35.4 32.63265 14 1.0
35.5 32.68984 14 1.0
35.6 32.74702 14 1.0
35.7 32.80421 14 1.0
35.8 32.86139 14 1.0
35.9 32.91858 14 1.0
36.0 32.97577 14 1.0
36.1 33.03295 14 1.0
36.2 33.09014 14 1.0
36.3 33.14732 14 1.0
36.4 33.20451 14 1.0
36.5 33.2617 14 1.0
36.6 33.31888 14 1.0
36.7 33.37607 14 1.0
36.8 33.43325 14 1.0
36.9 33.49044 14 1.0
37.0 33.54763 14 1.0
37.1 33.60481 14 1.0
37.2 33.662 14 1.0
37.3 33.71918 14 1.0
37.4 33.77637 14 1.0
37.5 33.83356 14 1.0
37.6 33.89074 14 1.0
37.7 33.94793 14 1.0
37.8 34.00511 14 1.0
37.9 34.0623 14 1.0
38.0 34.11948 14 1.0
38.1 34.17667 14 1.0
38.2 34.23386 14 1.0
38.3 34.29104 14 1.0
38.4 34.34823 14 1.0
38.5 34.40541 14 1.0
38.6 34.4626 14 1.0
38.7 34.51979 14 1.0
38.8 34.57697 14 1.0
38.9 34.63416 14 1.0
39.0 34.69134 14 1.0
39.1 34.74853 14 1.0
39.2 34.80572 14 1.0
39.3 34.8629 14 1.0
39.4 34.92009 14 1.0
39.5 34.97727 14 1.0
39.6 35.03446 14 1.0
39.7 35.09165 14 1.0
39.8 35.14883 14 1.0
39.9 35.20602 14 1.0
40.0 35.2632 14 1.0
40.1 35.34029 14 1.0
40.2 35.41738 14 1.0
40.3 35.49447 14 1.0
40.4 35.57156 14 1.0
40.5 35.64864 14 1.0
40.6 35.72573 14 1.0
40.7 35.80282 14 1.0
40.8 35.87991 14 1.0
40.9 35.957 14 1.0
41.0 36.03408 14 1.0
41.1 36.11117 14 1.0
41.2 36.18826 14 1.0
41.3 36.26535 14 1.0
41.4 36.34244 14 1.0
41.5 36.41952 14 1.0
41.6 36.49661 14 1.0
41.7 36.5737 14 1.0
41.8 36.65079 14 1.0
41.9 36.72788 14 1.0
42.0 36.80497 14 1.0
42.1 36.88205 14 1.0
42.2 36.95914 14 1.0
42.3 37.03623 14 1.0
42.4 37.11332 14 1.0
42.5 37.19041 14 1.0
42.6 37.26749 14 1.0
42.7 37.34458 14 1.0
42.8 37.42167 14 1.0
42.9 37.49876 14 1.0
43.0 37.57585 14 1.0
43.1 37.65293 14 1.0
43.2 37.73002 14 1.0
43.3 37.80711 14 1.0
43.4 37.8842 14 1.0
43.5 37.96129 14 1.0
43.6 38.03837 14 1.0
43.7 38.11546 14 1.0
43.8 38.19255 14 1.0
43.9 38.26964 14 1.0
44.0 38.34673 14 1.0
44.1 38.42381 14 1.0
44.2 38.5009 14 1.0
44.3 38.57799 14 1.0
44.4 38.65508 14 1.0
44.5 38.73217 14 1.0
44.6 38.80925 14 1.0
44.7 38.88634 14 1.0
44.8 38.96343 14 1.0
44.9 39.04052 14 1.0
45.0 39.11761 14 1.0
45.1 39.1947 14 1.0
45.2 39.27178 14 1.0
45.3 39.34887 14 1.0
45.4 39.42596 14 1.0
45.5 39.50305 14 1.0
45.6 39.58014 14 1.0
45.7 39.65722 14 1.0
45.8 39.73431 14 1.0
45.9 39.8114 14 1.0
46.0 39.88849 14 1.0
46.1 39.96558 14 1.0
46.2 40.04266 14 1.0
46.3 40.11975 14 1.0
46.4 40.19684 14 1.0
46.5 40.27393 14 1.0
46.6 40.35102 14 1.0
46.7 40.4281 14 1.0
46.8 40.50519 14 1.0
46.9 40.58228 14 1.0
47.0 40.65937 14 1.0
47.1 40.73646 14 1.0
47.2 40.81354 14 1.0
47.3 40.89063 14 1.0
47.4 40.96772 14 1.0
47.5 41.04481 14 1.0
47.6 41.1219 14 1.0
47.7 41.19898 14 1.0
47.8 41.27607 14 1.0
47.9 41.35316 14 1.0
48.0 41.43025 14 1.0
48.1 41.50734 14 1.0
48.2 41.58443 14 1.0
48.3 41.66151 14 1.0
48.4 41.7386 14 1.0
48.5 41.81569 14 1.0
48.6 41.89278 14 1.0
48.7 41.96987 14 1.0
48.8 42.04695 14 1.0
48.9 42.12404 14 1.0
49.0 42.20113 14 1.0
49.1 42.27822 14 1.0
49.2 42.35531 14 1.0
49.3 42.43239 14 1.0
49.4 42.50948 14 1.0
49.5 42.58657 14 1.0
49.6 42.66366 14 1.0
49.7 42.74075 14 1.0
49.8 42.81783 14 1.0
49.9 42.89492 14 1.0
50.0 42.97201 14 1.0
50.1 43.04118 14 1.0
50.2 43.11035 14 1.0
50.3 43.17953 14 1.0
50.4 43.2487 14 1.0
50.5 43.31787 14 1.0
50.6 43.38704 14 1.0
50.7 43.45621 14 1.0
50.8 43.52538 14 1.0
50.9 43.59456 14 1.0
51.0 43.66373 14 1.0
51.1 43.7329 14 1.0
51.2 43.80207 14 1.0
51.3 43.87124 14 1.0
51.4 43.94042 14 1.0
51.5 44.00959 14 1.0
51.6 44.07876 14 1.0
51.7 44.14793 14 1.0
51.8 44.2171 14 1.0
51.9 44.28627 14 1.0
52.0 44.35545 14 1.0
52.1 44.42462 14 1.0
52.2 44.49379 14 1.0
52.3 44.56296 14 1.0
52.4 44.63213 14 1.0
52.5 44.70131 14 1.0
52.6 44.77048 14 1.0
52.7 44.83965 14 1.0
52.8 44.90882 14 1.0
52.9 44.97799 14 1.0
53.0 45.04716 14 1.0
53.1 45.11634 14 1.0
53.2 45.18551 14 1.0
53.3 45.25468 14 1.0
53.4 45.32385 14 1.0
53.5 45.39302 14 1.0
53.6 45.4622 14 1.0
53.7 45.53137 14 1.0
53.8 45.60054 14 1.0
53.9 45.66971 14 1.0
54.0 45.73888 14 1.0
54.1 45.80805 14 1.0
54.2 45.87723 14 1.0
54.3 45.9464 14 1.0
54.4 46.01557 14 1.0
54.5 46.08474 14 1.0
54.6 46.15391 14 1.0
54.7 46.22308 14 1.0
54.8 46.29226 14 1.0
54.9 46.36143 14 1.0
55.0 46.4306 14 1.0
55.1 46.49977 14 1.0
55.2 46.56894 14 1.0
55.3 46.63812 14 1.0
55.4 46.70729 14 1.0
55.5 46.77646 14 1.0
55.6 46.84563 14 1.0
55.7 46.9148 14 1.0
55.8 46.98397 14 1.0
55.9 47.05315 14 1.0
56.0 47.12232 14 1.0
56.1 47.19149 14 1.0
56.2 47.26066 14 1.0
56.3 47.32983 14 1.0
56.4 47.39901 14 1.0
56.5 47.46818 14 1.0
56.6 47.53735 14 1.0
56.7 47.60652 14 1.0
56.8 47.67569 14 1.0
56.9 47.74486 14 1.0
57.0 47.81404 14 1.0
57.1 47.88321 14 1.0
57.2 47.95238 14 1.0
57.3 48.02155 14 1.0
57.4 48.09072 14 1.0
57.5 48.1599 14 1.0
57.6 48.22907 14 1.0
57.7 48.29824 14 1.0
57.8 48.36741 14 1.0
57.9 48.43658 14 1.0
58.0 48.50575 14 1.0
58.1 48.57493 14 1.0
58.2 48.6441 14 1.0
58.3 48.71327 14 1.0
58.4 48.78244 14 1.0
58.5 48.85161 14 1.0
58.6 48.92078 14 1.0
58.7 48.98996 14 1.0
58.8 49.05913 14 1.0
58.9 49.1283 14 1.0
59.0 49.19747 14 1.0
59.1 49.26664 14 1.0
59.2 49.33582 14 1.0
59.3 49.40499 14 1.0
59.4 49.47416 14 1.0
59.5 49.54333 14 1.0
59.6 49.6125 14 1.0
59.7 49.68167 14 1.0
59.8 49.75085 14 1.0
59.9 49.82002 14 1.0
60.0 49.88919 14 1.0
60.1 49.93242 14 1.0
60.2 49.97564 14 1.0
60.3 50.01887 14 1.0
60.4 50.0621 14 1.0
60.5 50.10532 14 1.0
60.6 50.14855 14 1.0
60.7 50.19178 14 1.0
60.8 50.23501 14 1.0
60.9 50.27823 14 1.0
61.0 50.32146 14 1.0
61.1 50.36469 14 1.0
61.2 50.40791 14 1.0
61.3 50.45114 14 1.0
61.4 50.49437 14 1.0
61.5 50.5376 14 1.0
61.6 50.58082 14 1.0
61.7 50.62405 14 1.0
61.8 50.66728 14 1.0
61.9 50.7105 14 1.0
62.0 50.75373 14 1.0
62.1 50.79696 14 1.0
62.2 50.84018 14 1.0
62.3 50.88341 14 1.0
62.4 50.92664 14 1.0
62.5 50.96987 14 1.0
62.6 51.01309 14 1.0
62.7 51.05632 14 1.0
62.8 51.09955 14 1.0
62.9 51.14277 14 1.0
63.0 51.186 14 1.0
63.1 51.22923 14 1.0
63.2 51.27245 14 1.0
63.3 51.31568 14 1.0
63.4 51.35891 14 1.0
63.5 51.40214 14 1.0
63.6 51.44536 14 1.0
63.7 51.48859 14 1.0
63.8 51.53182 14 1.0
63.9 51.57504 14 1.0
64.0 51.61827 14 1.0
64.1 51.6615 14 1.0
64.2 51.70472 14 1.0
64.3 51.74795 14 1.0
64.4 51.79118 14 1.0
64.5 51.83441 14 1.0
64.6 51.87763 14 1.0
64.7 51.92086 14 1.0
64.8 51.96409 14 1.0
64.9 52.00731 14 1.0
65.0 52.05054 14 1.0
65.1 52.09377 14 1.0
65.2 52.137 14 1.0
65.3 52.18022 14 1.0
65.4 52.22345 14 1.0
65.5 52.26668 14 1.0
65.6 52.3099 14 1.0
65.7 52.35313 14 1.0
65.8 52.39636 14 1.0
65.9 52.43958 14 1.0
66.0 52.48281 14 1.0
66.1 52.52604 14 1.0
66.2 52.56927 14 1.0
66.3 52.53171 14 1.0
66.4 52.41123 14 1.0
66.5 52.29052 14 1.0
66.6 52.16958 14 1.0
66.7 52.04842 14 1.0
66.8 51.92704 14 1.0
66.9 51.80543 14 1.0
67.0 51.68359 14 1.0
67.1 51.56153 14 1.0
67.2 51.43925 14 1.0
67.3 51.31674 14 1.0
67.4 51.194 14 1.0
67.5 51.07104 14 1.0
67.6 50.94786 14 1.0
67.7 50.82445 14 1.0
67.8 50.70082 14 1.0
67.9 50.57696 14 1.0
68.0 50.45288 14 1.0
68.1 50.32857 14 1.0
68.2 50.20404 14 1.0
68.3 50.07928 14 1.0
68.4 49.9543 14 1.0
68.5 49.82909 14 1.0
68.6 49.70366 14 1.0
68.7 49.578 14 1.0
68.8 49.45212 14 1.0
68.9 49.32601 14 1.0
69.0 49.19968 14 1.0
69.1 49.07312 14 1.0
69.2 48.94634 14 1.0
69.3 48.81934 14 1.0
69.4 48.69211 14 1.0
69.5 48.56465 14 1.0
69.6 48.43697 14 1.0
69.7 48.30906 14 1.0
69.8 48.18093 14 1.0
69.9 48.05258 14 1.0
70.0 47.924 14 1.0
70.1 47.8103 14 1.0
70.2 47.69644 14 1.0
70.3 47.58242 14 1.0
70.4 47.46824 14 1.0
70.5 47.3539 14 1.0
70.6 47.23939 14 1.0
70.7 47.12472 14 1.0
70.8 47.00989 14 1.0
70.9 46.89489 14 1.0
71.0 46.77974 14 1.0
71.1 46.66442 14 1.0
71.2 46.54894 14 1.0
71.3 46.4333 14 1.0
71.4 46.31749 14 1.0
71.5 46.20153 14 1.0
71.6 46.0854 14 1.0
71.7 45.96911 14 1.0
71.8 45.85266 14 1.0
71.9 45.73604 14 1.0
72.0 45.61926 14 1.0
72.1 45.50232 14 1.0
72.2 45.38522 14 1.0
72.3 45.26796 14 1.0
72.4 45.15053 14 1.0
72.5 45.03295 14 1.0
72.6 44.9152 14 1.0
72.7 44.79728 14 1.0
72.8 44.67921 14 1.0
72.9 44.56097 14 1.0
73.0 44.44258 14 1.0
73.1 44.32402 14 1.0
73.2 44.20529 14 1.0
73.3 44.08641 14 1.0
73.4 43.96736 14 1.0
73.5 43.84815 14 1.0
73.6 43.72878 14 1.0
73.7 43.60925 14 1.0
73.8 43.48955 14 1.0
73.9 43.3697 14 1.0
74.0 43.24968 14 1.0
74.1 43.12949 14 1.0
74.2 43.00915 14 1.0
74.3 42.88864 14 1.0
74.4 42.76798 14 1.0
74.5 42.64715 14 1.0
74.6 42.52615 14 1.0
74.7 42.405 14 1.0
74.8 42.28368 14 1.0
74.9 42.1622 14 1.0
75.0 42.04056 14 1.0
75.1 41.91876 14 1.0
75.2 41.79679 14 1.0
75.3 41.67467 14 1.0
75.4 41.55238 14 1.0
75.5 41.42993 14 1.0
75.6 41.30731 14 1.0
75.7 41.18454 14 1.0
75.8 41.0616 14 1.0
75.9 40.9385 14 1.0
76.0 40.81524 14 1.0
76.1 40.69181 14 1.0
76.2 40.56822 14 1.0
76.3 40.44448 14 1.0
76.4 40.32057 14 1.0
76.5 40.19649 14 1.0
76.6 40.07226 14 1.0
76.7 39.94786 14 1.0
76.8 39.8233 14 1.0
76.9 39.69858 14 1.0
77.0 39.5737 14 1.0
77.1 39.44865 14 1.0
77.2 39.32344 14 1.0
77.3 39.19807 14 1.0
77.4 39.07254 14 1.0
77.5 38.94685 14 1.0
77.6 38.82099 14 1.0
77.7 38.69497 14 1.0
77.8 38.56879 14 1.0
77.9 38.44245 14 1.0
78.0 38.31594 14 1.0
78.1 38.18928 14 1.0
78.2 38.06245 14 1.0
78.3 37.93546 14 1.0
78.4 37.8083 14 1.0
78.5 37.68099 14 1.0
78.6 37.55351 14 1.0
78.7 37.42587 14 1.0
78.8 37.29807 14 1.0
78.9 37.1701 14 1.0
79.0 37.04198 14 1.0
79.1 36.91369 14 1.0
79.2 36.78524 14 1.0
79.3 36.65663 14 1.0
79.4 36.52785 14 1.0
79.5 36.39892 14 1.0
79.6 36.26982 14 1.0
79.7 36.14056 14 1.0
79.8 36.01113 14 1.0
79.9 35.88155 14 1.0
80.0 35.7518 14 1.0
80.1 35.12078 14 1.0
80.2 34.49428 14 1.0
80.3 33.87228 14 1.0
80.4 33.25479 14 1.0
80.5 32.6418 14 1.0
80.6 32.03333 14 1.0
80.7 31.42936 14 1.0
80.8 30.82991 14 1.0
80.9 30.23496 14 1.0
81.0 30.18182 14 1.0
81.1 30.26194 14 1.0
81.2 30.34206 14 1.0
81.3 30.42217 14 1.0
81.4 30.50229 14 1.0
81.5 30.5824 14 1.0
81.6 30.66252 14 1.0
81.7 30.74264 14 1.0
81.8 30.82275 14 1.0
81.9 30.90287 14 1.0
82.0 30.98298 14 1.0
82.1 31.0631 14 1.0
82.2 31.14322 14 1.0
82.3 31.22333 14 1.0
82.4 31.30345 14 1.0
82.5 31.38356 14 1.0
82.6 31.46368 14 1.0
82.7 31.5438 14 1.0
82.8 31.62391 14 1.0
82.9 31.70403 14 1.0
83.0 31.78415 14 1.0
83.1 31.86426 14 1.0
83.2 31.94438 14 1.0
83.3 32.02449 14 1.0
83.4 32.10461 14 1.0
83.5 32.18473 14 1.0
83.6 32.26484 14 1.0
83.7 32.34496 14 1.0
83.8 32.42507 14 1.0
83.9 32.50519 14 1.0
84.0 32.58531 14 1.0
84.1 32.66542 14 1.0
84.2 32.74554 14 1.0
84.3 32.82565 14 1.0
84.4 32.90577 14 1.0
84.5 32.98589 14 1.0
84.6 33.066 14 1.0
84.7 33.14612 14 1.0
84.8 33.22624 14 1.0
84.9 33.30635 14 1.0
85.0 33.38647 14 1.0
85.1 33.46658 14 1.0
85.2 33.5467 14 1.0
85.3 33.62682 14 1.0
85.4 33.70693 14 1.0
85.5 33.78705 14 1.0
85.6 33.86716 14 1.0
85.7 33.94728 14 1.0
85.8 34.0274 14 1.0
85.9 34.10751 14 1.0
86.0 34.18763 14 1.0
86.1 34.26774 14 1.0
86.2 34.34786 14 1.0
86.3 34.42798 14 1.0
86.4 34.50809 14 1.0
86.5 34.58821 14 1.0
86.6 34.66832 14 1.0
86.7 34.74844 14 1.0
86.8 34.82856 14 1.0
86.9 34.90867 14 1.0
87.0 34.98879 14 1.0
87.1 35.06891 14 1.0
87.2 35.14902 14 1.0
87.3 35.22914 14 1.0
87.4 35.30925 14 1.0
87.5 35.38937 14 1.0
87.6 35.46949 14 1.0
87.7 35.5496 14 1.0
87.8 35.62972 14 1.0
87.9 35.70983 14 1.0
88.0 35.78995 14 1.0
88.1 35.87007 14 1.0
88.2 35.95018 14 1.0
88.3 36.0303 14 1.0
88.4 36.11041 14 1.0
88.5 36.19053 14 1.0
88.6 36.27065 14 1.0
88.7 36.35076 14 1.0
88.8 36.43088 14 1.0
88.9 36.511 14 1.0
89.0 36.59111 14 1.0
89.1 36.67123 14 1.0
89.2 36.75134 14 1.0
89.3 36.83146 14 1.0
89.4 36.91158 14 1.0
89.5 36.99169 14 1.0
89.6 37.07181 14 1.0
89.7 37.15192 14 1.0
89.8 37.23204 14 1.0
89.9 37.31216 14 1.0
90.0 37.39227 14 1.0
90.1 37.44291 14 1.0
90.2 37.49356 14 1.0
90.3 37.5442 14 1.0
90.4 37.59484 14 1.0
90.5 37.64548 14 1.0
90.6 37.69612 14 1.0
90.7 37.74676 14 1.0
90.8 37.79741 14 1.0
90.9 37.84805 14 1.0
91.0 37.89869 14 1.0
91.1 37.94933 14 1.0
91.2 37.99997 14 1.0
91.3 38.05061 14 1.0
91.4 38.10126 14 1.0
91.5 38.1519 14 1.0
91.6 38.20254 14 1.0
91.7 38.25318 14 1.0
91.8 38.30382 14 1.0
91.9 38.35446 14 1.0
92.0 38.40511 14 1.0
92.1 38.45575 14 1.0
92.2 38.50639 14 1.0
92.3 38.55703 14 1.0
92.4 38.60767 14 1.0
92.5 38.65831 14 1.0
92.6 38.70896 14 1.0
92.7 38.7596 14 1.0
92.8 38.81024 14 1.0
92.9 38.86088 14 1.0
93.0 38.91152 14 1.0
93.1 38.96216 14 1.0
93.2 39.01281 14 1.0
93.3 39.06345 14 1.0
93.4 39.11409 14 1.0
93.5 39.16473 14 1.0
93.6 39.21537 14 1.0
93.7 39.26601 14 1.0
93.8 39.31666 14 1.0
93.9 39.3673 14 1.0
94.0 39.41794 14 1.0
94.1 39.46858 14 1.0
94.2 39.51922 14 1.0
94.3 39.56986 14 1.0
94.4 39.62051 14 1.0
94.5 39.67115 14 1.0
94.6 39.72179 14 1.0
94.7 39.77243 14 1.0
94.8 39.82307 14 1.0
94.9 39.87371 14 1.0
95.0 39.92436 14 1.0
95.1 39.975 14 1.0
95.2 40.02564 14 1.0
95.3 40.07628 14 1.0
95.4 40.12692 14 1.0
95.5 40.17756 14 1.0
95.6 40.22821 14 1.0
95.7 40.27885 14 1.0
95.8 40.32949 14 1.0
95.9 40.38013 14 1.0
96.0 40.43077 14 1.0
96.1 40.48141 14 1.0
96.2 40.53206 14 1.0
96.3 40.5827 14 1.0
96.4 40.63334 14 1.0
96.5 40.68398 14 1.0
96.6 40.73462 14 1.0
96.7 40.78526 14 1.0
96.7 40.83591 14 1.0
96.8 40.88655 14 1.0
96.9 40.93719 14 1.0
97.0 40.98783 14 1.0
97.1 41.03847 14 1.0
97.2 41.08911 14 1.0
97.3 41.13976 14 1.0
97.4 41.1904 14 1.0
97.5 41.24104 14 1.0
97.6 41.29168 14 1.0
97.7 41.34232 14 1.0
97.8 41.39296 14 1.0
97.9 41.44361 14 1.0
98.0 41.49425 14 1.0
98.1 41.54489 14 1.0
98.2 41.59553 14 1.0
98.3 41.64617 14 1.0
98.4 41.69681 14 1.0
98.5 41.74746 14 1.0
98.6 41.7981 14 1.0
98.7 41.84874 14 1.0
98.8 41.89938 14 1.0
98.9 41.95002 14 1.0
99.0 42.00066 14 1.0
99.1 42.0513 14 1.0
99.2 42.10195 14 1.0
99.3 42.15259 14 1.0
99.4 42.20323 14 1.0
99.5 42.25387 14 1.0
99.6 42.30451 14 1.0
99.7 42.35515 14 1.0
99.8 42.4058 14 1.0
99.9 42.45644 14 1.0
100.0 42.50261 14 1.0
100.1 42.54879 14 1.0
100.2 42.59496 14 1.0
100.3 42.64114 14 1.0
100.4 42.68731 14 1.0
100.5 42.73349 14 1.0
100.6 42.77966 14 1.0
100.7 42.82584 14 1.0
100.8 42.87201 14 1.0
100.9 42.91819 14 1.0
101.0 42.96436 14 1.0
101.1 43.01054 14 1.0
101.2 43.05671 14 1.0
101.3 43.10289 14 1.0
101.4 43.14906 14 1.0
101.5 43.19524 14 1.0
101.6 43.24141 14 1.0
101.7 43.28759 14 1.0
101.8 43.33376 14 1.0
101.9 43.37994 14 1.0
102.0 43.42611 14 1.0
102.1 43.47229 14 1.0
102.2 43.51846 14 1.0
102.3 43.56464 14 1.0
102.4 43.61081 14 1.0
102.5 43.65699 14 1.0
102.6 43.70316 14 1.0
102.7 43.74934 14 1.0
102.8 43.79551 14 1.0
102.9 43.84169 14 1.0
103.0 43.88786 14 1.0
103.1 43.93403 14 1.0
103.2 43.98021 14 1.0
103.3 44.02638 14 1.0
103.4 44.07256 14 1.0
103.5 44.11873 14 1.0
103.6 44.16491 14 1.0
103.7 44.21108 14 1.0
103.8 44.25726 14 1.0
103.9 44.30343 14 1.0
104.0 44.34961 14 1.0
104.1 44.39578 14 1.0
104.2 44.44196 14 1.0
104.3 44.48813 14 1.0
104.4 44.53431 14 1.0
104.5 44.58048 14 1.0
104.6 44.62666 14 1.0
104.7 44.67283 14 1.0
104.8 44.71901 14 1.0
104.9 44.76518 14 1.0
105.0 44.81136 14 1.0
105.1 44.85753 14 1.0
105.2 44.90371 14 1.0
105.3 44.94988 14 1.0
105.4 44.99606 14 1.0
105.5 45.04223 14 1.0
105.6 45.08841 14 1.0
105.7 45.13458 14 1.0
105.8 45.18076 14 1.0
105.9 45.22693 14 1.0
106.0 45.27311 14 1.0
106.1 45.31928 14 1.0
106.2 45.36546 14 1.0
106.3 45.41163 14 1.0
106.4 45.45781 14 1.0
106.5 45.50398 14 1.0
106.6 45.55016 14 1.0
106.7 45.59633 14 1.0
106.8 45.64251 14 1.0
106.9 45.68868 14 1.0
107.0 45.73486 14 1.0
107.1 45.78103 14 1.0
107.2 45.82721 14 1.0
107.3 45.87338 14 1.0
107.4 45.91956 14 1.0
107.5 45.96573 14 1.0
107.6 46.01191 14 1.0
107.7 46.05808 14 1.0
107.8 46.10426 14 1.0
107.9 46.15043 14 1.0
108.0 46.1966 14 1.0
108.1 46.24278 14 1.0
108.2 46.28895 14 1.0
108.3 46.33513 14 1.0
108.4 46.3813 14 1.0
108.5 46.42748 14 1.0
108.6 46.47365 14 1.0
108.7 46.51983 14 1.0
108.8 46.566 14 1.0
108.9 46.61218 14 1.0
109.0 46.65835 14 1.0
109.1 46.70453 14 1.0
109.2 46.34015 14 1.0
109.3 45.67952 14 1.0
109.4 45.0175 14 1.0
109.5 44.35411 14 1.0
109.6 43.68934 14 1.0
109.7 43.02318 14 1.0
109.8 42.35565 14 1.0
109.9 41.68674 14 1.0
110.0 40.97324 14 1.0
110.1 40.25807 14 1.0
110.2 39.54123 14 1.0
110.3 38.82272 14 1.0
110.4 38.10255 14 1.0
110.5 37.3807 14 1.0
110.6 36.65719 14 1.0
110.7 35.93201 14 1.0
110.8 35.20517 14 1.0
110.9 34.47665 14 1.0
111.0 33.74647 14 1.0
111.1 33.01462 14 1.0
111.2 32.28111 14 1.0
111.3 31.54592 14 1.0
111.4 30.80907 14 1.0
111.5 30.07055 14 1.0
111.6 29.33036 14 1.0
111.7 28.5885 14 1.0
111.8 27.84498 14 1.0
111.9 27.09978 14 1.0
112.0 26.35292 14 1.0
112.1 25.6044 14 1.0
112.2 24.8542 14 1.0
112.3 24.10234 14 1.0
112.4 23.34881 14 1.0
112.5 22.59361 14 1.0
112.6 21.83674 14 1.0
112.7 21.0782 14 1.0
112.8 20.318 14 1.0
112.9 19.55613 14 1.0
113.0 18.79259 14 1.0
113.1 18.02739 14 1.0
113.2 17.26051 14 1.0
113.3 16.49197 14 1.0
113.4 15.72176 14 1.0
113.5 14.94988 14 1.0
113.6 14.17634 14 1.0
113.7 13.40112 14 1.0
113.8 12.62424 14 1.0
113.9 11.84569 14 1.0
114.0 11.06548 14 1.0
114.1 10.28359 14 1.0
114.2 9.500038 14 1.0
114.3 8.714818 14 1.0
114.4 7.927929 14 1.0
114.5 7.139373 14 1.0
114.6 6.349149 14 1.0
114.7 5.557257 14 1.0
114.8 4.763698 14 1.0
114.9 0.0 15 0.0
115.0 0.0 15 0.0
115.1 0.0 15 0.0
115.2 0.0 15 0.0
115.3 0.0 15 0.0
115.4 0.0 15 0.0
115.5 0.0 15 0.0
115.6 0.0 15 0.0
115.7 0.0 15 0.0
115.8 0.0 15 0.0
115.9 0.0 15 0.0
116.0 0.0 15 0.0
116.1 0.0 15 0.0
116.2 0.0 15 0.0
116.3 0.0 15 0.0
116.4 0.0 15 0.0
116.5 0.0 15 0.0
116.6 0.0 15 0.0
116.7 0.0 15 0.0
116.8 0.0 15 0.0
116.9 0.0 15 0.0
117.0 0.0 15 0.0
117.1 0.0 15 0.0
117.2 0.0 15 0.0
117.3 0.0 15 0.0
117.4 0.0 15 0.0
117.5 0.0 15 0.0
117.6 0.0 15 0.0
117.7 0.0 15 0.0
117.8 0.0 15 0.0
117.9 0.0 15 0.0
118.0 0.0 15 0.0
118.1 0.0 15 0.0
118.2 0.0 15 0.0
118.3 0.0 15 0.0
118.4 0.0 15 0.0
118.5 0.0 15 0.0
118.6 0.0 15 0.0
118.7 0.0 15 0.0
118.8 0.0 15 0.0
118.9 0.0 15 0.0
119.0 0.0 15 0.0
119.1 0.0 15 0.0
119.2 0.0 15 0.0
119.3 0.0 15 0.0
119.4 0.0 15 0.0
119.5 0.0 15 0.0
119.6 0.0 15 0.0
119.7 0.0 15 0.0
119.8 0.0 15 0.0
119.9 0.0 15 0.0
120.0 0.0 15 0.0
120.1 0.0 15 0.0
120.2 0.0 15 0.0
120.3 0.0 15 0.0
120.4 0.0 15 0.0
120.5 0.0 15 0.0
120.6 0.0 15 0.0
120.7 0.0 15 0.0
120.8 0.0 15 0.0
120.9 0.0 15 0.0
121.0 0.0 15 0.0
121.1 0.0 15 0.0
121.2 0.0 15 0.0
121.3 0.0 15 0.0
121.4 0.0 15 0.0
121.5 0.0 15 0.0
121.6 0.0 15 0.0
121.7 0.0 15 0.0
121.8 0.0 15 0.0
121.9 0.0 15 0.0
122.0 0.0 15 0.0
122.1 0.0 15 0.0
122.2 0.0 15 0.0
122.3 0.0 15 0.0
122.4 0.0 15 0.0
122.5 0.0 15 0.0
122.6 0.0 15 0.0
122.7 0.0 15 0.0
122.8 0.0 15 0.0
122.9 0.0 15 0.0
123.0 0.0 15 0.0
123.1 0.0 15 0.0
123.2 0.0 15 0.0
123.3 0.0 15 0.0
123.4 0.0 15 0.0
123.5 0.0 15 0.0
123.6 0.0 15 0.0
123.7 0.0 15 0.0
123.8 0.0 15 0.0
123.9 0.0 15 0.0
124.0 0.0 15 0.0
124.1 0.0 15 0.0
124.2 0.0 15 0.0
124.3 0.0 15 0.0
124.4 0.0 15 0.0
124.5 0.0 15 0.0
124.6 0.0 15 0.0
124.7 0.0 15 0.0
124.8 0.0 15 0.0
124.9 0.0 15 0.0
125.0 0.0 15 0.0
125.1 0.0 15 0.0
125.2 0.0 15 0.0
125.3 0.0 15 0.0
125.4 0.0 15 0.0
125.5 0.0 15 0.0
125.6 0.0 15 0.0
125.7 0.0 15 0.0
125.8 0.0 15 0.0
125.9 0.0 15 0.0
126.0 0.0 15 0.0
126.1 0.0 15 0.0
126.2 0.0 15 0.0
126.3 0.0 15 0.0
126.4 0.0 15 0.0
126.5 0.0 15 0.0
126.6 0.0 15 0.0
126.7 0.0 15 0.0
126.8 0.0 15 0.0
126.9 0.0 15 0.0
127.0 0.0 15 0.0
127.1 0.0 15 0.0
127.2 0.0 15 0.0
127.3 0.0 15 0.0
127.4 0.0 15 0.0
127.5 0.0 15 0.0
127.6 0.0 15 0.0
127.7 0.0 15 0.0
127.8 0.0 15 0.0
127.9 0.0 15 0.0
128.0 0.0 15 0.0
128.1 0.0 15 0.0
128.2 0.0 15 0.0
128.3 0.0 15 0.0
128.4 0.0 15 0.0
128.5 0.0 15 0.0
128.6 0.0 15 0.0
128.7 0.0 15 0.0
128.8 0.0 15 0.0
128.9 0.0 15 0.0
129.0 0.0 15 0.0
129.1 0.0 15 0.0
129.2 0.0 15 0.0
129.3 0.0 15 0.0
129.4 0.0 15 0.0
129.5 0.0 15 0.0
129.6 0.0 15 0.0
129.7 0.0 15 0.0
129.8 0.0 15 0.0
129.9 0.0 15 0.0
130.0 0.0 15 0.0
130.1 0.0 15 0.0
130.2 0.0 15 0.0
130.3 0.0 15 0.0
130.4 0.0 15 0.0
130.5 0.0 15 0.0
130.6 0.0 15 0.0
130.7 0.0 15 0.0
130.8 0.0 15 0.0
130.9 0.0 15 0.0
131.0 0.0 15 0.0
131.1 0.0 15 0.0
131.2 0.0 15 0.0
131.3 0.0 15 0.0
131.4 0.0 15 0.0
131.5 0.0 15 0.0
131.6 0.0 15 0.0
131.7 0.0 15 0.0
131.8 0.0 15 0.0
131.9 0.0 15 0.0
132.0 0.0 15 0.0
132.1 0.0 15 0.0
132.2 0.0 15 0.0
132.3 0.0 15 0.0
132.4 0.0 15 0.0
132.5 0.0 15 0.0
132.6 0.0 15 0.0
132.7 0.0 15 0.0
132.8 0.0 15 0.0
132.9 0.0 15 0.0
133.0 0.0 15 0.0
133.1 0.0 15 0.0
133.2 0.0 15 0.0
133.3 0.0 15 0.0
133.4 0.0 15 0.0
133.5 0.0 15 0.0
133.6 0.0 15 0.0
133.7 0.0 15 0.0
133.8 0.0 15 0.0
133.9 0.0 15 0.0
134.0 0.0 15 0.0
134.1 0.0 15 0.0
134.2 0.0 15 0.0
134.3 0.0 15 0.0
134.4 0.0 15 0.0
134.5 0.0 15 0.0
134.6 0.0 15 0.0
134.7 0.0 15 0.0
134.8 0.0 15 0.0
134.9 0.0 15 0.0
135.0 0.0 15 0.0
135.1 0.0 15 0.0
135.2 0.0 15 0.0
135.3 0.0 15 0.0
135.4 0.0 15 0.0
135.5 0.0 15 0.0
135.6 0.0 15 0.0
135.7 0.0 15 0.0
135.8 0.0 15 0.0
135.9 0.0 15 0.0
136.0 0.0 15 0.0
136.1 0.0 15 0.0
136.2 0.0 15 0.0
136.3 0.0 15 0.0
136.4 0.0 15 0.0
136.5 0.0 15 0.0
136.6 0.0 15 0.0
136.7 0.0 15 0.0
136.8 0.0 15 0.0
136.9 0.0 15 0.0
137.0 0.0 15 0.0
137.1 0.0 15 0.0
137.2 0.0 15 0.0
137.3 0.0 15 0.0
137.4 0.0 15 0.0
137.5 0.0 15 0.0
137.6 0.0 15 0.0
137.7 0.0 15 0.0
137.8 0.0 15 0.0
137.9 0.0 15 0.0
138.0 0.0 15 0.0
138.1 0.0 15 0.0
138.2 0.0 15 0.0
138.3 0.0 15 0.0
138.4 0.0 15 0.0
138.5 0.0 15 0.0
138.6 0.0 15 0.0
138.7 0.0 15 0.0
138.8 0.0 15 0.0
138.9 0.0 15 0.0
139.0 0.0 15 0.0
139.1 0.0 15 0.0
139.2 0.0 15 0.0
139.3 0.0 15 0.0
139.4 0.0 15 0.0
139.5 0.0 15 0.0
139.6 0.0 15 0.0
139.7 0.0 15 0.0
139.8 0.0 15 0.0
139.9 0.0 15 0.0
140.0 0.0 15 0.0
140.1 0.0 15 0.0
140.2 0.0 15 0.0
140.3 0.0 15 0.0
140.4 0.0 15 0.0
140.5 0.0 15 0.0
140.6 0.0 15 0.0
140.7 0.0 15 0.0
140.8 0.0 15 0.0
140.9 0.0 15 0.0
141.0 0.0 15 0.0
141.1 0.0 15 0.0
141.2 0.0 15 0.0
141.3 0.0 15 0.0
141.4 0.0 15 0.0
141.5 0.0 15 0.0
141.6 0.0 15 0.0
141.7 0.0 15 0.0
141.8 0.0 15 0.0
141.9 0.0 15 0.0
142.0 0.0 15 0.0
142.1 0.0 15 0.0
142.2 0.0 15 0.0
142.3 0.0 15 0.0
142.4 0.0 15 0.0
142.5 0.0 15 0.0
142.6 0.0 15 0.0
142.7 0.0 15 0.0
142.8 0.0 15 0.0
142.9 0.0 15 0.0
143.0 0.0 15 0.0
143.1 0.0 15 0.0
143.2 0.0 15 0.0
143.3 0.0 15 0.0
143.4 0.0 15 0.0
143.5 0.0 15 0.0
143.6 0.0 15 0.0
143.7 0.0 15 0.0
143.8 0.0 15 0.0
143.9 0.0 15 0.0
144.0 0.0 15 0.0
144.1 0.0 15 0.0
144.2 0.0 15 0.0
144.3 0.0 15 0.0
144.4 0.0 15 0.0
144.5 0.0 15 0.0
144.6 0.0 15 0.0
144.7 0.0 15 0.0
144.8 0.0 15 0.0
144.9 0.0 15 0.0
145.0 0.0 15 0.0
145.1 0.0 15 0.0
145.2 0.0 15 0.0
145.3 0.0 15 0.0
145.4 0.0 15 0.0
145.5 0.0 15 0.0
145.6 0.0 15 0.0
145.7 0.0 15 0.0
145.8 0.0 15 0.0
145.9 0.0 15 0.0
146.0 0.0 15 0.0
146.1 0.0 15 0.0
146.2 0.0 15 0.0
146.3 0.0 15 0.0
146.4 0.0 15 0.0
146.5 0.0 15 0.0
146.6 0.0 15 0.0
146.7 0.0 15 0.0
146.8 0.0 15 0.0
146.9 0.0 15 0.0
147.0 0.0 15 0.0
147.1 0.0 15 0.0
147.2 0.0 15 0.0
147.3 0.0 15 0.0
147.4 0.0 15 0.0
147.5 0.0 15 0.0
147.6 0.0 15 0.0
147.7 0.0 15 0.0
147.8 0.0 15 0.0
147.9 0.0 15 0.0
148.0 0.0 15 0.0
148.1 0.0 15 0.0
148.2 0.0 15 0.0
148.3 0.0 15 0.0
148.4 0.0 15 0.0
148.5 0.0 15 0.0
148.6 0.0 15 0.0
148.7 0.0 15 0.0
148.8 0.0 15 0.0
148.9 0.0 15 0.0
149.0 0.0 15 0.0
149.1 0.0 15 0.0
149.2 0.0 15 0.0
149.3 0.0 15 0.0
149.4 0.0 15 0.0
149.5 0.0 15 0.0
149.6 0.0 15 0.0
149.7 0.0 15 0.0
149.8 0.0 15 0.0
149.9 0.0 15 0.0
150.0 0.0 15 0.0
150.1 0.0 15 0.0
150.2 0.0 15 0.0
150.3 0.0 15 0.0
150.4 0.0 15 0.0
150.5 0.0 15 0.0
150.6 0.0 15 0.0
150.7 0.0 15 0.0
150.8 0.0 15 0.0
150.9 0.0 15 0.0
151.0 0.0 15 0.0
151.1 0.0 15 0.0
151.2 0.0 15 0.0
151.3 0.0 15 0.0
151.4 0.0 15 0.0
151.5 0.0 15 0.0
151.6 0.0 15 0.0
151.7 0.0 15 0.0
151.8 0.0 15 0.0
151.9 0.0 15 0.0
152.0 0.0 15 0.0
152.1 0.0 15 0.0
152.2 0.0 15 0.0
152.3 0.0 15 0.0
152.4 0.0 15 0.0
152.5 0.0 15 0.0
152.6 0.0 15 0.0
152.7 0.0 15 0.0
152.8 0.0 15 0.0
152.9 0.0 15 0.0
153.0 0.0 15 0.0
153.1 0.0 15 0.0
153.2 0.0 15 0.0
153.3 0.0 15 0.0
153.4 0.0 15 0.0
153.5 0.0 15 0.0
153.6 0.0 15 0.0
153.7 0.0 15 0.0
153.8 0.0 15 0.0
153.9 0.0 15 0.0
154.0 0.0 15 0.0
154.1 0.0 15 0.0
154.2 0.0 15 0.0
154.3 0.0 15 0.0
154.4 0.0 15 0.0
154.5 0.0 15 0.0
154.6 0.0 15 0.0
154.7 0.0 15 0.0
154.8 0.0 15 0.0
154.9 0.0 15 0.0
155.0 0.0 15 0.0
155.1 0.0 15 0.0
155.2 0.0 15 0.0
155.3 0.0 15 0.0
155.4 0.0 15 0.0
155.5 0.0 15 0.0
155.6 0.0 15 0.0
155.7 0.0 15 0.0
155.8 0.0 15 0.0
155.9 0.0 15 0.0
156.0 0.0 15 0.0
156.1 0.0 15 0.0
156.2 0.0 15 0.0
156.3 0.0 15 0.0
156.4 0.0 15 0.0
156.5 0.0 15 0.0
156.6 0.0 15 0.0
156.7 0.0 15 0.0
156.8 0.0 15 0.0
156.9 0.0 15 0.0
157.0 0.0 15 0.0
157.1 0.0 15 0.0
157.2 0.0 15 0.0
157.3 0.0 15 0.0
157.4 0.0 15 0.0
157.5 0.0 15 0.0
157.6 0.0 15 0.0
157.7 0.0 15 0.0
157.8 0.0 15 0.0
157.9 0.0 15 0.0
158.0 0.0 15 0.0
158.1 0.0 15 0.0
158.2 0.0 15 0.0
158.3 0.0 15 0.0
158.4 0.0 15 0.0
158.5 0.0 15 0.0
158.6 0.0 15 0.0
158.7 0.0 15 0.0
158.8 0.0 15 0.0
158.9 0.0 15 0.0
159.0 0.0 15 0.0
159.1 0.0 15 0.0
159.2 0.0 15 0.0
159.3 0.0 15 0.0
159.4 0.0 15 0.0
159.5 0.0 15 0.0
159.6 0.0 15 0.0
159.7 0.0 15 0.0
159.8 0.0 15 0.0
159.9 0.0 15 0.0
160.0 0.0 15 0.0
160.1 0.0 15 0.0
160.2 0.0 15 0.0
160.3 0.0 15 0.0
160.4 0.0 15 0.0
160.5 0.0 15 0.0
160.6 0.0 15 0.0
160.7 0.0 15 0.0
160.8 0.0 15 0.0
160.9 0.0 15 0.0
161.0 0.0 15 0.0
161.1 0.0 15 0.0
161.2 0.0 15 0.0
161.3 0.0 15 0.0
161.4 0.0 15 0.0
161.5 0.0 15 0.0
161.6 0.0 15 0.0
161.7 0.0 15 0.0
161.8 0.0 15 0.0
161.9 0.0 15 0.0
162.0 0.0 15 0.0
162.1 0.0 15 0.0
162.2 0.0 15 0.0
162.3 0.0 15 0.0
162.4 0.0 15 0.0
162.5 0.0 15 0.0
162.6 0.0 15 0.0
162.7 0.0 15 0.0
162.8 0.0 15 0.0
162.9 0.0 15 0.0
163.0 0.0 15 0.0
163.1 0.0 15 0.0
163.2 0.0 15 0.0
163.3 0.0 15 0.0
163.4 0.0 15 0.0
163.5 0.0 15 0.0
163.6 0.0 15 0.0
163.7 0.0 15 0.0
163.8 0.0 15 0.0
163.9 0.0 15 0.0
164.0 0.0 15 0.0
164.1 0.0 15 0.0
164.2 0.0 15 0.0
164.3 0.0 15 0.0
164.4 0.0 15 0.0
164.5 0.0 15 0.0
164.6 0.0 15 0.0
164.7 0.0 15 0.0
164.8 0.0 15 0.0
164.9 0.0 15 0.0
165.0 0.0 15 0.0
165.1 0.0 15 0.0
165.2 0.0 15 0.0
165.3 0.0 15 0.0
165.4 0.0 15 0.0
165.5 0.0 15 0.0
165.6 0.0 15 0.0
165.7 0.0 15 0.0
165.8 0.0 15 0.0
165.9 0.0 15 0.0
166.0 0.0 15 0.0
166.1 0.0 15 0.0
166.2 0.0 15 0.0
166.3 0.0 15 0.0
166.4 0.0 15 0.0
166.5 0.0 15 0.0
166.6 0.0 15 0.0
166.7 0.0 15 0.0
166.8 0.0 15 0.0
166.9 0.0 15 0.0
167.0 0.0 15 0.0
167.1 0.0 15 0.0
167.2 0.0 15 0.0
167.3 0.0 15 0.0
167.4 0.0 15 0.0
167.5 0.0 15 0.0
167.6 0.0 15 0.0
167.7 0.0 15 0.0
167.8 0.0 15 0.0
167.9 0.0 15 0.0
168.0 0.0 15 0.0
168.1 0.0 15 0.0
168.2 0.0 15 0.0
168.3 0.0 15 0.0
168.4 0.0 15 0.0
168.5 0.0 15 0.0
168.6 0.0 15 0.0
168.7 0.0 15 0.0
168.8 0.0 15 0.0
168.9 0.0 15 0.0
169.0 0.0 15 0.0
169.1 0.0 15 0.0
169.2 0.0 15 0.0
169.3 0.0 15 0.0
169.4 0.0 15 0.0
169.5 0.0 15 0.0
169.6 0.0 15 0.0
169.7 0.0 15 0.0
169.8 0.0 15 0.0
169.9 0.0 15 0.0
170.0 0.0 15 0.0
170.1 0.0 15 0.0
170.2 0.0 15 0.0
170.3 0.0 15 0.0
170.4 0.0 15 0.0
170.5 0.0 15 0.0
170.6 0.0 15 0.0
170.7 0.0 15 0.0
170.8 0.0 15 0.0
170.9 0.0 15 0.0
171.0 0.0 15 0.0
171.1 0.0 15 0.0
171.2 0.0 15 0.0
171.3 0.0 15 0.0
171.4 0.0 15 0.0
171.5 0.0 15 0.0
171.6 0.0 15 0.0
171.7 0.0 15 0.0
171.8 0.0 15 0.0
171.9 0.0 15 0.0
172.0 0.0 15 0.0
172.1 0.0 15 0.0
172.2 0.0 15 0.0
172.3 0.0 15 0.0
172.4 0.0 15 0.0
172.5 0.0 15 0.0
172.6 0.0 15 0.0
172.7 0.0 15 0.0
172.8 0.0 15 0.0
172.9 0.0 15 0.0
173.0 0.0 15 0.0
173.1 0.0 15 0.0
173.2 0.0 15 0.0
173.3 0.0 15 0.0
173.4 0.0 15 0.0
173.5 0.0 15 0.0
173.6 0.0 15 0.0
173.7 0.0 15 0.0
173.8 0.0 15 0.0
173.9 0.0 15 0.0
174.0 0.0 15 0.0
174.1 0.0 15 0.0
174.2 0.0 15 0.0
174.3 0.0 15 0.0
174.4 0.0 15 0.0
174.5 0.0 15 0.0
174.6 0.0 15 0.0
174.7 0.0 15 0.0
174.8 0.0 15 0.0
174.9 0.0 15 0.0
175.0 0.0 15 0.0
175.1 0.0 15 0.0
175.2 0.0 15 0.0
175.3 0.0 15 0.0
175.4 0.0 15 0.0
175.5 0.0 15 0.0
175.6 0.0 15 0.0
175.7 0.0 15 0.0
175.8 0.0 15 0.0
175.9 0.0 15 0.0
176.0 0.0 15 0.0
176.1 0.0 15 0.0
176.2 0.0 15 0.0
176.3 0.0 15 0.0
176.4 0.0 15 0.0
176.5 0.0 15 0.0
176.6 0.0 15 0.0
176.7 0.0 15 0.0
176.8 0.0 15 0.0
176.9 0.0 15 0.0
177.0 0.0 15 0.0
177.1 0.0 15 0.0
177.2 0.0 15 0.0
177.3 0.0 15 0.0
177.4 0.0 15 0.0
177.5 0.0 15 0.0
177.6 0.0 15 0.0
177.7 0.0 15 0.0
177.8 0.0 15 0.0
177.9 0.0 15 0.0
178.0 0.0 15 0.0
178.1 0.0 15 0.0
178.2 0.0 15 0.0
178.3 0.0 15 0.0
178.4 0.0 15 0.0
178.5 0.0 15 0.0
178.6 0.0 15 0.0
178.7 0.0 15 0.0
178.8 0.0 15 0.0
178.9 0.0 15 0.0
179.0 0.0 15 0.0
179.1 0.0 15 0.0
179.2 0.0 15 0.0
179.3 0.0 15 0.0
179.4 0.0 15 0.0
179.5 0.0 15 0.0
179.6 0.0 15 0.0
179.7 0.0 15 0.0
179.8 0.0 15 0.0
179.9 0.0 15 0.0
180.0 0.0 15 0.0
180.1 0.0 15 0.0
180.2 0.0 15 0.0
180.3 0.0 15 0.0
180.4 0.0 15 0.0
180.5 0.0 15 0.0
180.6 0.0 15 0.0
180.7 0.0 15 0.0
180.8 0.0 15 0.0
180.9 0.0 15 0.0
181.0 0.0 15 0.0
181.1 0.0 15 0.0
181.2 0.0 15 0.0
181.3 0.0 15 0.0
181.4 0.0 15 0.0
181.5 0.0 15 0.0
181.6 0.0 15 0.0
181.7 0.0 15 0.0
181.8 0.0 15 0.0
181.9 0.0 15 0.0
182.0 0.0 15 0.0
182.1 0.0 15 0.0
182.2 0.0 15 0.0
182.3 0.0 15 0.0
182.4 0.0 15 0.0
182.5 0.0 15 0.0
182.6 0.0 15 0.0
182.7 0.0 15 0.0
182.8 0.0 15 0.0
182.9 0.0 15 0.0
183.0 0.0 15 0.0
183.1 0.0 15 0.0
183.2 0.0 15 0.0
183.3 0.0 15 0.0
183.4 0.0 15 0.0
183.5 0.0 15 0.0
183.6 0.0 15 0.0
183.7 0.0 15 0.0
183.8 0.0 15 0.0
183.9 0.0 15 0.0
184.0 0.0 15 0.0
184.1 0.0 15 0.0
184.2 0.0 15 0.0
184.3 0.0 15 0.0
184.4 0.0 15 0.0
184.5 0.0 15 0.0
184.6 0.0 15 0.0
184.7 0.0 15 0.0
184.8 0.0 15 0.0
184.9 0.0 15 0.0
185.0 0.0 15 0.0
185.1 0.0 15 0.0
185.2 0.0 15 0.0
185.3 0.0 15 0.0
185.4 0.0 15 0.0
185.5 0.0 15 0.0
185.6 0.0 15 0.0
185.7 0.0 15 0.0
185.8 0.0 15 0.0
185.9 0.0 15 0.0
186.0 0.0 15 0.0
186.1 0.0 15 0.0
186.2 0.0 15 0.0
186.3 0.0 15 0.0
186.4 0.0 15 0.0
186.5 0.0 15 0.0
186.6 0.0 15 0.0
186.7 0.0 15 0.0
186.8 0.0 15 0.0
186.9 0.0 15 0.0
187.0 0.0 15 0.0
187.1 0.0 15 0.0
187.2 0.0 15 0.0
187.3 0.0 15 0.0
187.4 0.0 15 0.0
187.5 0.0 15 0.0
187.6 0.0 15 0.0
187.7 0.0 15 0.0
187.8 0.0 15 0.0
187.9 0.0 15 0.0
188.0 0.0 15 0.0
188.1 0.0 15 0.0
188.2 0.0 15 0.0
188.3 0.0 15 0.0
188.4 0.0 15 0.0
188.5 0.0 15 0.0
188.6 0.0 15 0.0
188.7 0.0 15 0.0
188.8 0.0 15 0.0
188.9 0.0 15 0.0
189.0 0.0 15 0.0
189.1 0.0 15 0.0
189.2 0.0 15 0.0
189.3 0.0 15 0.0
189.4 0.0 15 0.0
189.5 0.0 15 0.0
189.6 0.0 15 0.0
189.7 0.0 15 0.0
189.8 0.0 15 0.0
189.9 0.0 15 0.0
190.0 0.0 15 0.0
190.1 0.0 15 0.0
190.2 0.0 15 0.0
190.3 0.0 15 0.0
190.4 0.0 15 0.0
190.5 0.0 15 0.0
190.6 0.0 15 0.0
190.7 0.0 15 0.0
190.8 0.0 15 0.0
190.9 0.0 15 0.0
191.0 0.0 15 0.0
191.1 0.0 15 0.0
191.2 0.0 15 0.0
191.3 0.0 15 0.0
191.4 0.0 15 0.0
191.5 0.0 15 0.0
191.6 0.0 15 0.0
191.7 0.0 15 0.0
191.8 0.0 15 0.0
191.9 0.0 15 0.0
192.0 0.0 15 0.0
192.1 0.0 15 0.0
192.2 0.0 15 0.0
192.3 0.0 15 0.0
192.4 0.0 15 0.0
192.5 0.0 15 0.0
192.6 0.0 15 0.0
192.7 0.0 15 0.0
192.8 0.0 15 0.0
192.9 0.0 15 0.0
193.0 0.0 15 0.0
193.1 0.0 15 0.0
193.2 0.0 15 0.0
193.3 0.0 15 0.0
193.4 0.0 15 0.0
193.5 0.0 15 0.0
193.6 0.0 15 0.0
193.7 0.0 15 0.0
193.8 0.0 15 0.0
193.9 0.0 15 0.0
194.0 0.0 15 0.0
194.1 0.0 15 0.0
194.2 0.0 15 0.0
194.3 0.0 15 0.0
194.4 0.0 15 0.0
194.5 0.0 15 0.0
194.6 0.0 15 0.0
194.7 0.0 15 0.0
194.8 0.0 15 0.0
194.9 0.0 15 0.0
195.0 0.0 15 0.0
195.1 0.0 15 0.0
195.2 0.0 15 0.0
195.3 0.0 15 0.0
195.4 0.0 15 0.0
195.5 0.0 15 0.0
195.6 0.0 15 0.0
195.7 0.0 15 0.0
195.8 0.0 15 0.0
195.9 0.0 15 0.0
196.0 0.0 15 0.0
196.1 0.0 15 0.0
196.2 0.0 15 0.0
196.3 0.0 15 0.0
196.4 0.0 15 0.0
196.5 0.0 15 0.0
196.6 0.0 15 0.0
196.7 0.0 15 0.0
196.8 0.0 15 0.0
196.9 0.0 15 0.0
197.0 0.0 15 0.0
197.1 0.0 15 0.0
197.2 0.0 15 0.0
197.3 0.0 15 0.0
197.4 0.0 15 0.0
197.5 0.0 15 0.0
197.6 0.0 15 0.0
197.7 0.0 15 0.0
197.8 0.0 15 0.0
197.9 0.0 15 0.0
198.0 0.0 15 0.0
198.1 0.0 15 0.0
198.2 0.0 15 0.0
198.3 0.0 15 0.0
198.4 0.0 15 0.0
198.5 0.0 15 0.0
198.6 0.0 15 0.0
198.7 0.0 15 0.0
198.8 0.0 15 0.0
198.9 0.0 15 0.0
199.0 0.0 15 0.0
199.1 0.0 15 0.0
199.2 0.0 15 0.0
199.3 0.0 15 0.0
199.4 0.0 15 0.0
199.5 0.0 15 0.0
199.6 0.0 15 0.0
199.7 0.0 15 0.0
199.8 0.0 15 0.0
199.9 0.0 15 0.0
200.0 0.0 15 0.0
200.1 0.0 15 0.0
200.2 0.0 15 0.0
200.3 0.0 15 0.0
200.4 0.0 15 0.0
200.5 0.0 15 0.0
200.6 0.0 15 0.0
200.7 0.0 15 0.0
200.8 0.0 15 0.0
200.9 0.0 15 0.0
201.0 0.0 15 0.0
201.1 0.0 15 0.0
201.2 0.0 15 0.0
201.3 0.0 15 0.0
201.4 0.0 15 0.0
201.5 0.0 15 0.0
201.6 0.0 15 0.0
201.7 0.0 15 0.0
201.8 0.0 15 0.0
201.9 0.0 15 0.0
202.0 0.0 15 0.0
202.1 0.0 15 0.0
202.2 0.0 15 0.0
202.3 0.0 15 0.0
202.4 0.0 15 0.0
202.5 0.0 15 0.0
202.6 0.0 15 0.0
202.7 0.0 15 0.0
202.8 0.0 15 0.0
202.9 0.0 15 0.0
203.0 0.0 15 0.0
203.1 0.0 15 0.0
203.2 0.0 15 0.0
203.3 0.0 15 0.0
203.4 0.0 15 0.0
203.5 0.0 15 0.0
203.6 0.0 15 0.0
203.7 0.0 15 0.0
203.8 0.0 15 0.0
203.9 0.0 15 0.0
204.0 0.0 15 0.0
204.1 0.0 15 0.0
204.2 0.0 15 0.0
204.3 0.0 15 0.0
204.4 0.0 15 0.0
204.5 0.0 15 0.0
204.6 0.0 15 0.0
204.7 0.0 15 0.0
204.8 0.0 15 0.0
204.9 0.0 15 0.0
205.0 0.0 15 0.0
205.1 0.0 15 0.0
205.2 0.0 15 0.0
205.2 0.0 15 0.0
205.3 0.0 15 0.0
205.4 0.0 15 0.0
205.5 0.0 15 0.0
205.6 0.0 15 0.0
205.7 0.0 15 0.0
205.8 0.0 15 0.0
205.9 0.0 15 0.0
206.0 0.0 15 0.0
206.1 0.0 15 0.0
206.2 0.0 15 0.0
206.3 0.0 15 0.0
206.4 0.0 15 0.0
206.5 0.0 15 0.0
206.6 0.0 15 0.0
206.7 0.0 15 0.0
206.8 0.0 15 0.0
206.9 0.0 15 0.0
207.0 0.0 15 0.0
207.1 0.0 15 0.0
207.2 0.0 15 0.0
207.3 0.0 15 0.0
207.4 0.0 15 0.0
207.5 0.0 15 0.0
207.6 0.0 15 0.0
207.7 0.0 15 0.0
207.8 0.0 15 0.0
207.9 0.0 15 0.0
208.0 0.0 15 0.0
208.1 0.0 15 0.0
208.2 0.0 15 0.0
208.3 0.0 15 0.0
208.4 0.0 15 0.0
208.5 0.0 15 0.0
208.6 0.0 15 0.0
208.7 0.0 15 0.0
208.8 0.0 15 0.0
208.9 0.0 15 0.0
209.0 0.0 15 0.0
209.1 0.0 15 0.0
209.2 0.0 15 0.0
209.3 0.0 15 0.0
209.4 0.0 15 0.0
209.5 0.0 15 0.0
209.6 0.0 15 0.0
209.7 0.0 15 0.0
209.8 0.0 15 0.0
209.9 0.0 15 0.0
210.0 0.0 15 0.0
210.1 0.0 15 0.0
210.2 0.0 15 0.0
210.3 0.0 15 0.0
210.4 0.0 15 0.0
210.5 0.0 15 0.0
210.6 0.0 15 0.0
210.7 0.0 15 0.0
210.8 0.0 15 0.0
210.9 0.0 15 0.0
211.0 0.0 15 0.0
211.1 0.0 15 0.0
211.2 0.0 15 0.0
211.3 0.0 15 0.0
211.4 0.0 15 0.0
211.5 0.0 15 0.0
211.6 0.0 15 0.0
211.7 0.0 15 0.0
211.8 0.0 15 0.0
211.9 0.0 15 0.0
212.0 0.0 15 0.0
212.1 0.0 15 0.0
212.2 0.0 15 0.0
212.3 0.0 15 0.0
212.4 0.0 15 0.0
212.5 0.0 15 0.0
212.6 0.0 15 0.0
212.7 0.0 15 0.0
212.8 0.0 15 0.0
212.9 0.0 15 0.0
213.0 0.0 15 0.0
213.1 0.0 15 0.0
213.2 0.0 15 0.0
213.3 0.0 15 0.0
213.4 0.0 15 0.0
213.5 0.0 15 0.0
213.6 0.0 15 0.0
213.7 0.0 15 0.0
213.8 0.0 15 0.0
213.9 0.0 15 0.0
214.0 0.0 15 0.0
214.1 0.0 15 0.0
214.2 0.0 15 0.0
214.3 0.0 15 0.0
214.4 0.0 15 0.0
214.5 0.0 15 0.0
214.6 0.0 15 0.0
214.7 0.0 15 0.0
214.8 0.0 15 0.0
214.9 0.0 15 0.0
215.0 0.0 15 0.0
215.1 0.0 15 0.0
215.2 0.0 15 0.0
215.3 0.0 15 0.0
215.4 0.0 15 0.0
215.5 0.0 15 0.0
215.6 0.0 15 0.0
215.7 0.0 15 0.0
215.8 0.0 15 0.0
215.9 0.0 15 0.0
216.0 0.0 15 0.0
216.1 0.0 15 0.0
216.2 0.0 15 0.0
216.3 0.0 15 0.0
216.4 0.0 15 0.0
216.5 0.0 15 0.0
216.6 0.0 15 0.0
216.7 0.0 15 0.0
216.8 0.0 15 0.0
216.9 0.0 15 0.0
217.0 0.0 15 0.0
217.1 0.0 15 0.0
217.2 0.0 15 0.0
217.3 0.0 15 0.0
217.4 0.0 15 0.0
217.5 0.0 15 0.0
217.6 0.0 15 0.0
217.7 0.0 15 0.0
217.8 0.0 15 0.0
217.9 0.0 15 0.0
218.0 0.0 15 0.0
218.1 0.0 15 0.0
218.2 0.0 15 0.0
218.3 0.0 15 0.0
218.4 0.0 15 0.0
218.5 0.0 15 0.0
218.6 0.0 15 0.0
218.7 0.0 15 0.0
218.8 0.0 15 0.0
218.9 0.0 15 0.0
219.0 0.0 15 0.0
219.1 0.0 15 0.0
219.2 0.0 15 0.0
219.3 0.0 15 0.0
219.4 0.0 15 0.0
219.5 0.0 15 0.0
219.6 0.0 15 0.0
219.7 0.0 15 0.0
219.8 0.0 15 0.0
219.9 0.0 15 0.0
220.0 0.0 15 0.0
220.1 0.0 15 0.0
220.2 0.0 15 0.0
220.3 0.0 15 0.0
220.4 0.0 15 0.0
220.5 0.0 15 0.0
220.6 0.0 15 0.0
220.7 0.0 15 0.0
220.8 0.0 15 0.0
220.9 0.0 15 0.0
221.0 0.0 15 0.0
221.1 0.0 15 0.0
221.2 0.0 15 0.0
221.3 0.0 15 0.0
221.4 0.0 15 0.0
221.5 0.0 15 0.0
221.6 0.0 15 0.0
221.7 0.0 15 0.0
221.8 0.0 15 0.0
221.9 0.0 15 0.0
222.0 0.0 15 0.0
222.1 0.0 15 0.0
222.2 0.0 15 0.0
222.3 0.0 15 0.0
222.4 0.0 15 0.0
222.5 0.0 15 0.0
222.6 0.0 15 0.0
222.7 0.0 15 0.0
222.8 0.0 15 0.0
222.9 0.0 15 0.0
223.0 0.0 15 0.0
223.1 0.0 15 0.0
223.2 0.0 15 0.0
223.3 0.0 15 0.0
223.4 0.0 15 0.0
223.5 0.0 15 0.0
223.6 0.0 15 0.0
223.7 0.0 15 0.0
223.8 0.0 15 0.0
223.9 0.0 15 0.0
224.0 0.0 15 0.0
224.1 0.0 15 0.0
224.2 0.0 15 0.0
224.3 0.0 15 0.0
224.4 0.0 15 0.0
224.5 0.0 15 0.0
224.6 0.0 15 0.0
224.7 0.0 15 0.0
224.8 0.0 15 0.0
224.9 0.0 15 0.0
225.0 0.0 15 0.0
225.1 0.0 15 0.0
225.2 0.0 15 0.0
225.3 0.0 15 0.0
225.4 0.0 15 0.0
225.5 0.0 15 0.0
225.6 0.0 15 0.0
225.7 0.0 15 0.0
225.8 0.0 15 0.0
225.9 0.0 15 0.0
226.0 0.0 15 0.0
226.1 0.0 15 0.0
226.2 0.0 15 0.0
226.3 0.0 15 0.0
226.4 0.0 15 0.0
226.5 0.0 15 0.0
226.6 0.0 15 0.0
226.7 0.0 15 0.0
226.8 0.0 15 0.0
226.9 0.0 15 0.0
227.0 0.0 15 0.0
227.1 0.0 15 0.0
227.2 0.0 15 0.0
227.3 0.0 15 0.0
227.4 0.0 15 0.0
227.5 0.0 15 0.0
227.6 0.0 15 0.0
227.7 0.0 15 0.0
227.8 0.0 15 0.0
227.9 0.0 15 0.0
228.0 0.0 15 0.0
228.1 0.0 15 0.0
228.2 0.0 15 0.0
228.3 0.0 15 0.0
228.4 0.0 15 0.0
228.5 0.0 15 0.0
228.6 0.0 15 0.0
228.7 0.0 15 0.0
228.8 0.0 15 0.0
228.9 0.0 15 0.0
229.0 0.0 15 0.0
229.1 0.0 15 0.0
229.2 0.0 15 0.0
229.3 0.0 15 0.0
229.4 0.0 15 0.0
229.5 0.0 15 0.0
229.6 0.0 15 0.0
229.7 0.0 15 0.0
229.8 0.0 15 0.0
229.9 0.0 15 0.0
230.0 0.0 15 0.0
230.1 0.0 15 0.0
230.2 0.0 15 0.0
230.3 0.0 15 0.0
230.4 0.0 15 0.0
230.5 0.0 15 0.0
230.6 0.0 15 0.0
230.7 0.0 15 0.0
230.8 0.0 15 0.0
230.9 0.0 15 0.0
231.0 0.0 15 0.0
231.1 0.0 15 0.0
231.2 0.0 15 0.0
231.3 159.7141 14 1.0
231.4 159.7851 14 1.0
231.5 159.856 14 1.0
231.6 159.9269 14 1.0
231.7 159.9978 14 1.0
231.8 160.0688 14 1.0
231.9 160.1397 14 1.0
232.0 160.2106 14 1.0
232.1 160.2816 14 1.0
232.2 160.3525 14 1.0
232.3 160.4234 14 1.0
232.4 160.4943 14 1.0
232.5 160.5653 14 1.0
232.6 160.6362 14 1.0
232.7 160.7071 14 1.0
232.8 160.778 14 1.0
232.9 160.849 14 1.0
233.0 160.9199 14 1.0
233.1 160.9908 14 1.0
233.2 161.0618 14 1.0
233.3 161.1327 14 1.0
233.4 161.2036 14 1.0
233.5 161.2745 14 1.0
233.6 161.3455 14 1.0
233.7 161.4164 14 1.0
233.8 161.4873 14 1.0
233.9 161.5582 14 1.0
234.0 161.6292 14 1.0
234.1 161.7001 14 1.0
234.2 161.771 14 1.0
234.3 161.842 14 1.0
234.4 161.9129 14 1.0
234.5 161.9838 14 1.0
234.6 162.0547 14 1.0
234.7 162.1257 14 1.0
234.8 162.1966 14 1.0
234.9 162.2675 14 1.0
235.0 162.3384 14 1.0
235.1 162.4094 14 1.0
235.2 162.4803 14 1.0
235.3 162.5512 14 1.0
235.4 162.6222 14 1.0
235.5 162.6931 14 1.0
235.6 162.764 14 1.0
235.7 162.8349 14 1.0
235.8 162.9059 14 1.0
235.9 162.9768 14 1.0
236.0 163.0477 14 1.0
236.1 163.1187 14 1.0
236.2 163.1896 14 1.0
236.3 163.2605 14 1.0
236.4 163.3314 14 1.0
236.5 163.4024 14 1.0
236.6 163.4733 14 1.0
236.7 163.5442 14 1.0
236.8 163.6151 14 1.0
236.9 163.6861 14 1.0
237.0 163.757 14 1.0
237.1 163.8279 14 1.0
237.2 163.8989 14 1.0
237.3 163.9698 14 1.0
237.4 164.0407 14 1.0
237.5 164.1116 14 1.0
237.6 164.1826 14 1.0
237.7 164.2535 14 1.0
237.8 164.3244 14 1.0
237.9 164.3953 14 1.0
238.0 164.4663 14 1.0
238.1 164.5372 14 1.0
238.2 164.6081 14 1.0
238.3 164.6791 14 1.0
238.4 164.75 14 1.0
238.5 164.8209 14 1.0
238.6 164.8918 14 1.0
238.7 164.9628 14 1.0
238.8 165.0337 14 1.0
238.9 165.1046 14 1.0
239.0 165.1755 14 1.0
239.1 165.2465 14 1.0
239.2 165.3174 14 1.0
239.3 165.3883 14 1.0
239.4 165.4593 14 1.0
239.5 165.5302 14 1.0
239.6 165.6011 14 1.0
239.7 165.672 14 1.0
239.8 165.743 14 1.0
239.9 165.8139 14 1.0
240.0 165.8848 14 1.0
240.1 165.9557 14 1.0
240.2 166.0267 14 1.0
240.3 166.0976 14 1.0
240.4 166.1685 14 1.0
240.5 166.2395 14 1.0
240.6 166.3104 14 1.0
240.7 166.3813 14 1.0
240.8 166.4522 14 1.0
240.9 166.5232 14 1.0
241.0 166.5941 14 1.0
241.1 166.665 14 1.0
241.2 166.7359 14 1.0
241.3 166.8069 14 1.0
241.4 166.8778 14 1.0
241.5 166.9487 14 1.0
241.6 167.0197 14 1.0
241.7 167.0906 14 1.0
241.8 167.1615 14 1.0
241.9 167.2324 14 1.0
242.0 167.3034 14 1.0
242.1 167.3743 14 1.0
242.2 167.4452 14 1.0
242.3 167.5162 14 1.0
242.4 167.5871 14 1.0
242.5 167.658 14 1.0
242.6 167.7289 14 1.0
242.7 167.7999 14 1.0
242.8 167.8708 14 1.0
242.9 167.9417 14 1.0
243.0 168.0126 14 1.0
243.1 168.0836 14 1.0
243.2 168.1545 14 1.0
243.3 168.2254 14 1.0
243.4 168.2964 14 1.0
243.5 168.3673 14 1.0
243.6 168.4382 14 1.0
243.7 168.5091 14 1.0
243.8 168.5801 14 1.0
243.9 168.651 14 1.0
244.0 168.7219 14 1.0
244.1 168.7928 14 1.0
244.2 168.8638 14 1.0
244.3 168.9347 14 1.0
244.4 169.0056 14 1.0
244.5 169.0766 14 1.0
244.6 169.1475 14 1.0
244.7 169.2184 14 1.0
244.8 169.2893 14 1.0
244.9 169.3603 14 1.0
245.0 169.4312 14 1.0
245.1 169.5021 14 1.0
245.2 169.573 14 1.0
245.3 169.644 14 1.0
245.4 169.7149 14 1.0
245.5 169.7858 14 1.0
245.6 169.8568 14 1.0
245.7 169.9277 14 1.0
245.8 169.9986 14 1.0
245.9 170.0695 14 1.0
246.0 170.1405 14 1.0
246.1 170.2114 14 1.0
246.2 170.2823 14 1.0
246.3 170.3532 14 1.0
246.4 170.4242 14 1.0
246.5 170.4951 14 1.0
246.6 170.566 14 1.0
246.7 170.637 14 1.0
246.8 170.7079 14 1.0
246.9 170.7788 14 1.0
247.0 170.8497 14 1.0
247.1 170.9207 14 1.0
247.2 170.9916 14 1.0
247.3 171.0625 14 1.0
247.4 171.1335 14 1.0
247.5 171.2044 14 1.0
247.6 171.2753 14 1.0
247.7 171.3462 14 1.0
247.8 171.4172 14 1.0
247.9 171.4881 14 1.0
248.0 171.559 14 1.0
248.1 171.6299 14 1.0
248.2 171.7009 14 1.0
248.3 171.7718 14 1.0
248.4 171.8427 14 1.0
248.5 171.9137 14 1.0
248.6 171.9846 14 1.0
248.7 172.0555 14 1.0
248.8 172.1264 14 1.0
248.9 172.1974 14 1.0
249.0 172.2683 14 1.0
249.1 172.3392 14 1.0
249.2 172.4101 14 1.0
249.3 172.4811 14 1.0
249.4 172.552 14 1.0
249.5 172.6229 14 1.0
249.6 172.6939 14 1.0
249.7 172.7648 14 1.0
249.8 172.8357 14 1.0
249.9 172.9042 14 1.0
250.0 172.9728 14 1.0
250.1 173.0413 14 1.0
250.2 173.1098 14 1.0
250.3 173.1784 14 1.0
250.4 173.2469 14 1.0
250.5 173.3154 14 1.0
250.6 173.3839 14 1.0
250.7 173.4525 14 1.0
250.8 173.521 14 1.0
250.9 173.5895 14 1.0
251.0 173.658 14 1.0
251.1 173.7266 14 1.0
251.2 173.7951 14 1.0
251.3 173.8636 14 1.0
251.4 173.9322 14 1.0
251.5 174.0007 14 1.0
251.6 174.0692 14 1.0
251.7 174.1377 14 1.0
251.8 174.2063 14 1.0
251.9 174.2748 14 1.0
252.0 174.3433 14 1.0
252.1 174.4119 14 1.0
252.2 174.4804 14 1.0
252.3 174.5489 14 1.0
252.4 174.6174 14 1.0
252.5 174.686 14 1.0
252.6 174.7545 14 1.0
252.7 174.823 14 1.0
252.8 174.8916 14 1.0
252.9 174.9601 14 1.0
253.0 175.0286 14 1.0
253.1 175.0971 14 1.0
253.2 175.1657 14 1.0
253.3 175.2342 14 1.0
253.4 175.3027 14 1.0
253.5 175.3713 14 1.0
253.6 175.4398 14 1.0
253.7 175.5083 14 1.0
253.8 175.5768 14 1.0
253.9 175.6454 14 1.0
254.0 175.7139 14 1.0
254.1 175.7824 14 1.0
254.2 175.851 14 1.0
254.3 175.9195 14 1.0
254.4 175.988 14 1.0
254.5 176.0565 14 1.0
254.6 176.1251 14 1.0
254.7 176.1936 14 1.0
254.8 176.2621 14 1.0
254.9 176.3307 14 1.0
255.0 176.3992 14 1.0
255.1 176.4677 14 1.0
255.2 176.5362 14 1.0
255.3 176.6048 14 1.0
255.4 176.6733 14 1.0
255.5 176.7418 14 1.0
255.6 176.8104 14 1.0
255.7 176.8789 14 1.0
255.8 176.9474 14 1.0
255.9 177.0159 14 1.0
256.0 177.0845 14 1.0
256.1 177.153 14 1.0
256.2 177.2215 14 1.0
256.3 177.2901 14 1.0
256.4 177.3586 14 1.0
256.5 177.4271 14 1.0
256.6 177.4956 14 1.0
256.7 177.5642 14 1.0
256.8 177.6327 14 1.0
256.9 177.7012 14 1.0
257.0 177.7697 14 1.0
257.1 177.8383 14 1.0
257.2 177.9068 14 1.0
257.3 177.9753 14 1.0
257.4 178.0439 14 1.0
257.5 178.1124 14 1.0
257.6 178.1809 14 1.0
257.7 178.2494 14 1.0
257.8 178.318 14 1.0
257.9 178.3865 14 1.0
258.0 178.455 14 1.0
258.1 178.5236 14 1.0
258.2 178.5921 14 1.0
258.3 178.6606 14 1.0
258.4 178.7291 14 1.0
258.5 178.7977 14 1.0
258.6 178.8662 14 1.0
258.7 178.9347 14 1.0
258.8 179.0033 14 1.0
258.9 179.0718 14 1.0
259.0 179.1403 14 1.0
259.1 179.2088 14 1.0
259.2 179.2774 14 1.0
259.3 179.3459 14 1.0
259.4 179.4144 14 1.0
259.5 179.483 14 1.0
259.6 179.5515 14 1.0
259.7 179.62 14 1.0
259.8 179.6885 14 1.0
259.9 179.7571 14 1.0
260.0 179.8256 14 1.0
260.1 179.8941 14 1.0
260.2 179.9627 14 1.0
260.3 180.0312 14 1.0
260.4 180.0997 14 1.0
260.5 180.1682 14 1.0
260.6 180.2368 14 1.0
260.7 180.3053 14 1.0
260.8 180.3738 14 1.0
260.9 180.4424 14 1.0
261.0 180.5109 14 1.0
261.1 180.5794 14 1.0
261.2 180.6479 14 1.0
261.3 180.7165 14 1.0
261.4 180.785 14 1.0
261.5 180.8535 14 1.0
261.6 180.9221 14 1.0
261.7 180.9906 14 1.0
261.8 181.0591 14 1.0
261.9 181.1276 14 1.0
262.0 181.1962 14 1.0
262.1 181.2647 14 1.0
262.2 181.3332 14 1.0
262.3 181.4018 14 1.0
262.4 181.4703 14 1.0
262.5 181.5388 14 1.0
262.6 181.6073 14 1.0
262.7 181.6759 14 1.0
262.8 181.7444 14 1.0
262.9 181.8129 14 1.0
263.0 181.8814 14 1.0
263.1 181.95 14 1.0
263.2 182.0185 14 1.0
263.3 182.087 14 1.0
263.4 182.1556 14 1.0
263.5 182.2241 14 1.0
263.6 182.2926 14 1.0
263.7 182.3611 14 1.0
263.8 182.4297 14 1.0
263.9 182.4982 14 1.0
264.0 182.5667 14 1.0
264.1 182.6353 14 1.0
264.2 182.7038 14 1.0
264.3 182.7723 14 1.0
264.4 182.8408 14 1.0
264.5 182.9094 14 1.0
264.6 182.9779 14 1.0
264.7 183.0464 14 1.0
264.8 183.115 14 1.0
264.9 183.1835 14 1.0
265.0 183.252 14 1.0
265.1 183.3205 14 1.0
265.2 183.3891 14 1.0
265.3 183.4576 14 1.0
265.4 183.5261 14 1.0
265.5 183.5947 14 1.0
265.6 183.6632 14 1.0
265.7 183.7317 14 1.0
265.8 183.8002 14 1.0
265.9 183.8688 14 1.0
266.0 183.9373 14 1.0
266.1 184.0058 14 1.0
266.2 184.0744 14 1.0
266.3 184.1429 14 1.0
266.4 184.2114 14 1.0
266.5 184.2799 14 1.0
266.6 184.3485 14 1.0
266.7 184.417 14 1.0
266.8 184.4855 14 1.0
266.9 184.5541 14 1.0
267.0 184.6226 14 1.0
267.1 184.6911 14 1.0
267.2 184.7596 14 1.0
267.3 184.8282 14 1.0
267.4 184.8967 14 1.0
267.5 184.9652 14 1.0
267.6 185.0338 14 1.0
267.7 185.1023 14 1.0
267.8 185.1708 14 1.0
267.9 185.2393 14 1.0
268.0 185.3079 14 1.0
268.1 185.3764 14 1.0
268.2 185.4449 14 1.0
268.3 185.5135 14 1.0
268.4 185.582 14 1.0
268.5 185.6505 14 1.0
268.6 185.719 14 1.0
268.7 185.7876 14 1.0
268.8 185.8561 14 1.0
268.9 185.9246 14 1.0
269.0 185.9931 14 1.0
269.1 186.0617 14 1.0
269.2 186.1302 14 1.0
269.3 186.1987 14 1.0
269.4 186.2673 14 1.0
269.5 186.3358 14 1.0
269.6 186.4043 14 1.0
269.7 186.4728 14 1.0
269.8 186.5414 14 1.0
269.9 186.6099 14 1.0
270.0 186.6784 14 1.0
270.1 186.747 14 1.0
270.2 186.8155 14 1.0
270.3 186.884 14 1.0
270.4 186.9525 14 1.0
270.5 187.0211 14 1.0
270.6 187.0896 14 1.0
270.7 187.1581 14 1.0
270.8 187.2267 14 1.0
270.9 187.2952 14 1.0
271.0 187.3637 14 1.0
271.1 187.4322 14 1.0
271.2 187.5008 14 1.0
271.3 187.5693 14 1.0
271.4 187.6378 14 1.0
271.5 187.7064 14 1.0
271.6 187.7749 14 1.0
271.7 187.8434 14 1.0
271.8 187.9119 14 1.0
271.9 187.9805 14 1.0
272.0 188.049 14 1.0
272.1 188.1175 14 1.0
272.2 188.1861 14 1.0
272.3 188.2546 14 1.0
272.4 188.3231 14 1.0
272.5 188.3916 14 1.0
272.6 188.4602 14 1.0
272.7 188.5287 14 1.0
272.8 188.5972 14 1.0
272.9 188.6658 14 1.0
273.0 188.7343 14 1.0
273.1 188.8028 14 1.0
273.2 188.8713 14 1.0
273.3 188.9399 14 1.0
273.4 189.0084 14 1.0
273.5 189.0769 14 1.0
273.6 189.1455 14 1.0
273.7 189.214 14 1.0
273.8 189.2825 14 1.0
273.9 189.351 14 1.0
274.0 189.4196 14 1.0
274.1 189.4881 14 1.0
274.2 189.5566 14 1.0
274.3 189.6252 14 1.0
274.4 189.6937 14 1.0
274.5 189.7622 14 1.0
274.6 189.8307 14 1.0
274.7 189.8993 14 1.0
274.8 189.9678 14 1.0
274.9 190.0363 14 1.0
275.0 190.1049 14 1.0
275.1 190.1734 14 1.0
275.2 190.2419 14 1.0
275.3 190.3104 14 1.0
275.4 190.379 14 1.0
275.5 190.4475 14 1.0
275.6 190.516 14 1.0
275.7 190.5845 14 1.0
275.8 190.6531 14 1.0
275.9 190.7216 14 1.0
276.0 190.7901 14 1.0
276.1 190.8587 14 1.0
276.2 190.9272 14 1.0
276.3 190.9957 14 1.0
276.4 191.0642 14 1.0
276.5 191.1328 14 1.0
276.6 191.2013 14 1.0
276.7 191.2698 14 1.0
276.8 191.3384 14 1.0
276.9 191.4069 14 1.0
277.0 191.4754 14 1.0
277.1 191.5439 14 1.0
277.2 191.6125 14 1.0
277.3 191.681 14 1.0
277.4 191.7495 14 1.0
277.5 191.8181 14 1.0
277.6 191.8866 14 1.0
277.7 191.9551 14 1.0
277.8 192.0236 14 1.0
277.9 192.0922 14 1.0
278.0 192.1607 14 1.0
278.1 192.2292 14 1.0
278.2 192.2978 14 1.0
278.3 192.3663 14 1.0
278.4 192.4348 14 1.0
278.5 192.5033 14 1.0
278.6 192.5719 14 1.0
278.7 192.6404 14 1.0
278.8 192.7089 14 1.0
278.9 192.7775 14 1.0
279.0 192.846 14 1.0
279.1 192.9145 14 1.0
279.2 192.983 14 1.0
279.3 193.0516 14 1.0
279.4 193.1201 14 1.0
279.5 193.1886 14 1.0
279.6 193.2572 14 1.0
279.7 193.3257 14 1.0
279.8 193.3942 14 1.0
279.9 193.4627 14 1.0
280.0 193.5313 14 1.0
280.1 193.5998 14 1.0
280.2 193.6683 14 1.0
280.3 193.7369 14 1.0
280.4 193.8054 14 1.0
280.5 193.8739 14 1.0
280.6 193.9424 14 1.0
280.7 194.011 14 1.0
280.8 194.0795 14 1.0
280.9 194.148 14 1.0
281.0 194.2166 14 1.0
281.1 194.2851 14 1.0
281.2 194.3536 14 1.0
281.3 194.4221 14 1.0
281.4 194.4907 14 1.0
281.5 194.5592 14 1.0
281.6 194.6277 14 1.0
281.7 194.6962 14 1.0
281.8 194.7648 14 1.0
281.9 194.8333 14 1.0
282.0 194.9018 14 1.0
282.1 194.9704 14 1.0
282.2 195.0389 14 1.0
282.3 195.1074 14 1.0
282.4 195.1759 14 1.0
282.5 195.2445 14 1.0
282.6 195.313 14 1.0
282.7 195.3815 14 1.0
282.8 195.4501 14 1.0
282.9 195.5186 14 1.0
283.0 195.5871 14 1.0
283.1 195.6556 14 1.0
283.2 195.7242 14 1.0
283.3 195.7927 14 1.0
283.4 195.8612 14 1.0
283.5 195.9298 14 1.0
283.6 195.9983 14 1.0
283.7 196.0668 14 1.0
283.8 196.1353 14 1.0
283.9 196.2039 14 1.0
284.0 196.2724 14 1.0
284.1 196.3409 14 1.0
284.2 196.4095 14 1.0
284.3 196.478 14 1.0
284.4 196.5465 14 1.0
284.5 196.615 14 1.0
284.6 196.6836 14 1.0
284.7 196.7521 14 1.0
284.8 196.8206 14 1.0
284.9 196.8892 14 1.0
285.0 196.9577 14 1.0
285.1 197.0262 14 1.0
285.2 197.0947 14 1.0
285.3 197.1633 14 1.0
285.4 197.2318 14 1.0
285.5 197.3003 14 1.0
285.6 197.3689 14 1.0
285.7 197.4374 14 1.0
285.8 197.5059 14 1.0
285.9 197.5744 14 1.0
286.0 197.643 14 1.0
286.1 197.7115 14 1.0
286.2 197.78 14 1.0
286.3 197.8486 14 1.0
286.4 197.9171 14 1.0
286.5 197.9856 14 1.0
286.6 198.0541 14 1.0
286.7 198.1227 14 1.0
286.8 198.1912 14 1.0
286.9 198.2597 14 1.0
287.0 198.3283 14 1.0
287.1 198.3968 14 1.0
287.2 198.4653 14 1.0
287.3 198.5338 14 1.0
287.4 198.6024 14 1.0
287.5 198.6709 14 1.0
287.6 198.7394 14 1.0
287.7 198.8079 14 1.0
287.8 198.8765 14 1.0
287.9 198.945 14 1.0
288.0 199.0135 14 1.0
288.1 199.0821 14 1.0
288.2 199.1506 14 1.0
288.3 199.2191 14 1.0
288.4 199.2876 14 1.0
288.5 199.3562 14 1.0
288.6 199.4247 14 1.0
288.7 199.4932 14 1.0
288.8 199.5618 14 1.0
288.9 199.6303 14 1.0
289.0 199.6988 14 1.0
289.1 199.7673 14 1.0
289.2 199.8359 14 1.0
289.3 199.9044 14 1.0
289.4 199.9729 14 1.0
289.5 200.0415 14 1.0
289.6 200.11 14 1.0
289.7 200.1785 14 1.0
289.8 200.247 14 1.0
289.9 200.3156 14 1.0
290.0 200.3841 14 1.0
290.1 200.4526 14 1.0
290.2 200.5212 14 1.0
290.3 200.5897 14 1.0
290.4 200.6582 14 1.0
290.5 200.7267 14 1.0
290.6 200.7953 14 1.0
290.7 200.8638 14 1.0
290.8 200.9323 14 1.0
290.9 201.0009 14 1.0
291.0 201.0694 14 1.0
291.1 201.1379 14 1.0
291.2 201.2064 14 1.0
291.3 201.275 14 1.0
291.4 201.3435 14 1.0
291.5 201.412 14 1.0
291.6 201.4806 14 1.0
291.7 201.5491 14 1.0
291.8 201.6176 14 1.0
291.9 201.6861 14 1.0
292.0 201.7547 14 1.0
292.1 201.8232 14 1.0
292.2 201.8917 14 1.0
292.3 201.9603 14 1.0
292.4 202.0288 14 1.0
292.5 202.0973 14 1.0
292.6 202.1658 14 1.0
292.7 202.2344 14 1.0
292.8 202.3029 14 1.0
292.9 202.3714 14 1.0
293.0 202.44 14 1.0
293.1 202.5085 14 1.0
293.2 202.577 14 1.0
293.3 202.6455 14 1.0
293.4 202.7141 14 1.0
293.5 202.7826 14 1.0
293.6 202.8511 14 1.0
293.7 202.9196 14 1.0
293.8 202.9882 14 1.0
293.9 203.0567 14 1.0
294.0 203.1252 14 1.0
294.1 203.1938 14 1.0
294.2 203.2623 14 1.0
294.3 203.3308 14 1.0
294.4 203.3993 14 1.0
294.5 203.4679 14 1.0
294.6 203.5364 14 1.0
294.7 203.6049 14 1.0
294.8 203.6735 14 1.0
294.9 203.742 14 1.0
295.0 203.8105 14 1.0
295.1 203.879 14 1.0
295.2 203.9476 14 1.0
295.3 204.0161 14 1.0
295.4 204.0846 14 1.0
295.5 204.1532 14 1.0
295.6 204.2217 14 1.0
295.7 204.2902 14 1.0
295.8 204.3587 14 1.0
295.9 204.4273 14 1.0
296.0 204.4958 14 1.0
296.1 204.5643 14 1.0
296.2 204.6329 14 1.0
296.3 204.7014 14 1.0
296.4 204.7699 14 1.0
296.5 204.8384 14 1.0
296.6 204.907 14 1.0
296.7 204.9755 14 1.0
296.8 205.044 14 1.0
296.9 205.1126 14 1.0
297.0 205.1811 14 1.0
297.1 205.2496 14 1.0
297.2 205.3181 14 1.0
297.3 205.3867 14 1.0
297.4 205.4552 14 1.0
297.5 205.5237 14 1.0
297.6 205.5923 14 1.0
297.7 205.6608 14 1.0
297.8 205.7293 14 1.0
297.9 205.7978 14 1.0
298.0 205.8664 14 1.0
298.1 205.9349 14 1.0
298.2 206.0034 14 1.0
298.3 206.072 14 1.0
298.4 206.1405 14 1.0
298.5 206.209 14 1.0
298.6 206.2775 14 1.0
298.7 206.3461 14 1.0
298.8 206.4146 14 1.0
298.9 206.4831 14 1.0
299.0 206.5517 14 1.0
299.1 206.6202 14 1.0
299.2 206.6887 14 1.0
299.3 206.7572 14 1.0
299.4 206.8258 14 1.0
299.5 206.8943 14 1.0
299.6 206.9628 14 1.0
299.7 207.0313 14 1.0
299.8 207.0999 14 1.0
299.9 207.1727 14 1.0
300.0 207.2456 14 1.0
300.1 207.3184 14 1.0
300.2 207.3912 14 1.0
300.3 207.4641 14 1.0
300.4 207.5369 14 1.0
300.5 207.6098 14 1.0
300.6 207.6826 14 1.0
300.7 207.7554 14 1.0
300.8 207.8283 14 1.0
300.9 207.9011 14 1.0
301.0 207.974 14 1.0
301.1 208.0468 14 1.0
301.2 208.1196 14 1.0
301.3 208.1925 14 1.0
301.4 208.2653 14 1.0
301.5 208.3382 14 1.0
301.6 208.411 14 1.0
301.7 208.4838 14 1.0
301.8 208.5567 14 1.0
301.9 208.6295 14 1.0
302.0 208.7024 14 1.0
302.1 208.7752 14 1.0
302.2 208.848 14 1.0
302.3 208.9209 14 1.0
302.4 208.9937 14 1.0
302.5 209.0665 14 1.0
302.6 209.1394 14 1.0
302.7 209.2122 14 1.0
302.8 209.2851 14 1.0
302.8 209.3579 14 1.0
302.9 209.4307 14 1.0
303.0 209.5036 14 1.0
303.1 209.5764 14 1.0
303.2 209.6493 14 1.0
303.3 209.7221 14 1.0
303.4 209.7949 14 1.0
303.5 209.8678 14 1.0
303.6 209.9406 14 1.0
303.7 210.0135 14 1.0
303.8 210.0863 14 1.0
303.9 210.1591 14 1.0
304.0 210.232 14 1.0
304.1 210.3048 14 1.0
304.2 210.3777 14 1.0
304.3 210.4505 14 1.0
304.4 210.5233 14 1.0
304.5 210.5962 14 1.0
304.6 210.669 14 1.0
304.7 210.7419 14 1.0
304.8 210.8147 14 1.0
304.9 210.8875 14 1.0
305.0 210.9604 14 1.0
305.1 211.0332 14 1.0
305.2 211.1061 14 1.0
305.3 211.1789 14 1.0
305.4 211.2517 14 1.0
305.5 211.3246 14 1.0
305.6 211.3974 14 1.0
305.7 211.4703 14 1.0
305.8 211.5431 14 1.0
305.9 211.6159 14 1.0
306.0 211.6888 14 1.0
306.1 211.7616 14 1.0
306.2 211.8345 14 1.0
306.3 211.9073 14 1.0
306.4 211.9801 14 1.0
306.5 212.053 14 1.0
306.6 212.1258 14 1.0
306.7 212.1987 14 1.0
306.8 212.2715 14 1.0
306.9 212.3443 14 1.0
307.0 212.4172 14 1.0
307.1 212.49 14 1.0
307.2 212.5629 14 1.0
307.3 212.6357 14 1.0
307.4 212.7085 14 1.0
307.5 212.7814 14 1.0
307.6 212.8542 14 1.0
307.7 212.927 14 1.0
307.8 212.9999 14 1.0
307.9 213.0727 14 1.0
308.0 213.1456 14 1.0
308.1 213.2184 14 1.0
308.2 213.2912 14 1.0
308.3 213.3641 14 1.0
308.4 213.4369 14 1.0
308.5 213.5098 14 1.0
308.6 213.5826 14 1.0
308.7 213.6554 14 1.0
308.8 213.7283 14 1.0
308.9 213.8011 14 1.0
309.0 213.874 14 1.0
309.1 213.9468 14 1.0
309.2 214.0196 14 1.0
309.3 214.0925 14 1.0
309.4 214.1653 14 1.0
309.5 214.2382 14 1.0
309.6 214.311 14 1.0
309.7 214.3838 14 1.0
309.8 214.4567 14 1.0
309.9 214.5295 14 1.0
310.0 214.6024 14 1.0
310.1 214.6752 14 1.0
310.2 214.748 14 1.0
310.3 214.8209 14 1.0
310.4 214.8937 14 1.0
310.5 214.9666 14 1.0
310.6 215.0394 14 1.0
310.7 215.1122 14 1.0
310.8 215.1851 14 1.0
310.9 215.2579 14 1.0
311.0 215.3308 14 1.0
311.1 215.4036 14 1.0
311.2 215.4764 14 1.0
311.3 215.5493 14 1.0
311.4 215.6221 14 1.0
311.5 215.695 14 1.0
311.6 215.7678 14 1.0
311.7 215.8406 14 1.0
311.8 215.9135 14 1.0
311.9 215.9863 14 1.0
312.0 216.0592 14 1.0
312.1 216.132 14 1.0
312.2 216.2048 14 1.0
312.3 216.2777 14 1.0
312.4 216.3505 14 1.0
312.5 216.4234 14 1.0
312.6 216.4962 14 1.0
312.7 216.569 14 1.0
312.8 216.6419 14 1.0
312.9 216.7147 14 1.0
313.0 216.7876 14 1.0
313.1 216.8604 14 1.0
313.2 216.9332 14 1.0
313.3 217.0061 14 1.0
313.4 217.0789 14 1.0
313.5 217.1517 14 1.0
313.6 217.2246 14 1.0
313.7 217.2974 14 1.0
313.8 217.3703 14 1.0
313.9 217.4431 14 1.0
314.0 217.5159 14 1.0
314.1 217.5888 14 1.0
314.2 217.6616 14 1.0
314.3 217.7345 14 1.0
314.4 217.8073 14 1.0
314.5 217.8801 14 1.0
314.6 217.953 14 1.0
314.7 218.0258 14 1.0
314.8 218.0987 14 1.0
314.9 218.1715 14 1.0
315.0 218.2443 14 1.0
315.1 218.3172 14 1.0
315.2 218.39 14 1.0
315.3 218.4629 14 1.0
315.4 218.5357 14 1.0
315.5 218.6085 14 1.0
315.6 218.6814 14 1.0
315.7 218.7542 14 1.0
315.8 218.8271 14 1.0
315.9 218.8999 14 1.0
316.0 218.9727 14 1.0
316.1 219.0456 14 1.0
316.2 219.1184 14 1.0
316.3 219.1913 14 1.0
316.4 219.2641 14 1.0
316.5 219.3369 14 1.0
316.6 219.4098 14 1.0
316.7 219.4826 14 1.0
316.8 219.5555 14 1.0
316.9 219.6283 14 1.0
317.0 219.7011 14 1.0
317.1 219.774 14 1.0
317.2 219.8468 14 1.0
317.3 219.9197 14 1.0
317.4 219.9925 14 1.0
317.5 220.0653 14 1.0
317.6 220.1382 14 1.0
317.7 220.211 14 1.0
317.8 220.2839 14 1.0
317.9 220.3567 14 1.0
318.0 220.4295 14 1.0
318.1 220.5024 14 1.0
318.2 220.5752 14 1.0
318.3 220.6481 14 1.0
318.4 220.7209 14 1.0
318.5 220.7937 14 1.0
318.6 220.8666 14 1.0
318.7 220.9394 14 1.0
318.8 221.0123 14 1.0
318.9 221.0851 14 1.0
319.0 221.1579 14 1.0
319.1 221.2308 14 1.0
319.2 221.3036 14 1.0
319.3 221.3764 14 1.0
319.4 221.4493 14 1.0
319.5 221.5221 14 1.0
319.6 221.595 14 1.0
319.7 221.6678 14 1.0
319.8 221.7406 14 1.0
319.9 221.8135 14 1.0
320.0 221.8863 14 1.0
320.1 221.9592 14 1.0
320.2 222.032 14 1.0
320.3 222.1048 14 1.0
320.4 222.1777 14 1.0
320.5 222.2505 14 1.0
320.6 222.3234 14 1.0
320.7 222.3962 14 1.0
320.8 222.469 14 1.0
320.9 222.5419 14 1.0
321.0 222.6147 14 1.0
321.1 222.6876 14 1.0
321.2 222.7604 14 1.0
321.3 222.8332 14 1.0
321.4 222.9061 14 1.0
321.5 222.9789 14 1.0
321.6 223.0518 14 1.0
321.7 223.1246 14 1.0
321.8 223.1974 14 1.0
321.9 223.2703 14 1.0
322.0 223.3431 14 1.0
322.1 223.416 14 1.0
322.2 223.4888 14 1.0
322.3 223.5616 14 1.0
322.4 223.6345 14 1.0
322.5 223.7073 14 1.0
322.6 223.7802 14 1.0
322.7 223.853 14 1.0
322.8 223.9258 14 1.0
322.9 223.9987 14 1.0
323.0 224.0715 14 1.0
323.1 224.1444 14 1.0
323.2 224.2172 14 1.0
323.3 224.29 14 1.0
323.4 224.3629 14 1.0
323.5 224.4357 14 1.0
323.6 224.5086 14 1.0
323.7 224.5814 14 1.0
323.8 224.6542 14 1.0
323.9 224.7271 14 1.0
324.0 224.7999 14 1.0
324.1 224.8728 14 1.0
324.2 224.9456 14 1.0
324.3 225.0184 14 1.0
324.4 225.0913 14 1.0
324.5 225.1641 14 1.0
324.6 225.237 14 1.0
324.7 225.3098 14 1.0
324.8 225.3826 14 1.0
324.9 225.4555 14 1.0
325.0 225.5283 14 1.0
325.1 225.6011 14 1.0
325.2 225.674 14 1.0
325.3 225.7468 14 1.0
325.4 225.8197 14 1.0
325.5 225.8925 14 1.0
325.6 225.9653 14 1.0
325.7 226.0382 14 1.0
325.8 226.111 14 1.0
325.9 226.1839 14 1.0
326.0 226.2567 14 1.0
326.1 226.3295 14 1.0
326.2 226.4024 14 1.0
326.3 226.4752 14 1.0
326.4 226.5481 14 1.0
326.5 226.6209 14 1.0
326.6 226.6937 14 1.0
326.7 226.7666 14 1.0
326.8 226.8394 14 1.0
326.9 226.9123 14 1.0
327.0 226.9851 14 1.0
327.1 227.0579 14 1.0
327.2 227.1308 14 1.0
327.3 227.2036 14 1.0
327.4 227.2765 14 1.0
327.5 227.3493 14 1.0
327.6 227.4221 14 1.0
327.7 227.495 14 1.0
327.8 227.5678 14 1.0
327.9 227.6407 14 1.0
328.0 227.7135 14 1.0
328.1 227.7863 14 1.0
328.2 227.8592 14 1.0
328.3 227.932 14 1.0
328.4 228.0049 14 1.0
328.5 228.0777 14 1.0
328.6 228.1505 14 1.0
328.7 228.2234 14 1.0
328.8 228.2962 14 1.0
328.9 228.3691 14 1.0
329.0 228.4419 14 1.0
329.1 228.5147 14 1.0
329.2 228.5876 14 1.0
329.3 228.6604 14 1.0
329.4 228.7333 14 1.0
329.5 228.8061 14 1.0
329.6 228.8789 14 1.0
329.7 228.9518 14 1.0
329.8 229.0246 14 1.0
329.9 229.0975 14 1.0
330.0 229.1703 14 1.0
330.1 229.2431 14 1.0
330.2 229.316 14 1.0
330.3 229.3888 14 1.0
330.4 229.4616 14 1.0
330.5 229.5345 14 1.0
330.6 229.6073 14 1.0
330.7 229.6802 14 1.0
330.8 229.753 14 1.0
330.9 229.8258 14 1.0
331.0 229.8987 14 1.0
331.1 229.9715 14 1.0
331.2 230.0444 14 1.0
331.3 230.1172 14 1.0
331.4 230.19 14 1.0
331.5 230.2629 14 1.0
331.6 230.3357 14 1.0
331.7 230.4086 14 1.0
331.8 230.4814 14 1.0
331.9 230.5542 14 1.0
332.0 230.6271 14 1.0
332.1 230.6999 14 1.0
332.2 230.7728 14 1.0
332.3 230.8456 14 1.0
332.4 230.9184 14 1.0
332.5 230.9913 14 1.0
332.6 231.0641 14 1.0
332.7 231.137 14 1.0
332.8 231.2098 14 1.0
332.9 231.2826 14 1.0
333.0 231.3555 14 1.0
333.1 231.4283 14 1.0
333.2 231.5012 14 1.0
333.3 231.574 14 1.0
333.4 231.6468 14 1.0
333.5 231.7197 14 1.0
333.6 231.7925 14 1.0
333.7 231.8654 14 1.0
333.8 231.9382 14 1.0
333.9 232.011 14 1.0
334.0 232.0839 14 1.0
334.1 232.1567 14 1.0
334.2 232.2296 14 1.0
334.3 232.3024 14 1.0
334.4 232.3752 14 1.0
334.5 232.4481 14 1.0
334.6 232.5209 14 1.0
334.7 232.5938 14 1.0
334.8 232.6666 14 1.0
334.9 232.7394 14 1.0
335.0 232.8123 14 1.0
335.1 232.8851 14 1.0
335.2 232.958 14 1.0
335.3 233.0308 14 1.0
335.4 233.1036 14 1.0
335.5 233.1765 14 1.0
335.6 233.2493 14 1.0
335.7 233.3222 14 1.0
335.8 233.395 14 1.0
335.9 233.4678 14 1.0
336.0 233.5407 14 1.0
336.1 233.6135 14 1.0
336.2 233.6863 14 1.0
336.3 233.7592 14 1.0
336.4 233.832 14 1.0
336.5 233.9049 14 1.0
336.6 233.9777 14 1.0
336.7 234.0505 14 1.0
336.8 234.1234 14 1.0
336.9 234.1962 14 1.0
337.0 234.2691 14 1.0
337.1 234.3419 14 1.0
337.2 234.4147 14 1.0
337.3 234.4876 14 1.0
337.4 234.5604 14 1.0
337.5 234.6333 14 1.0
337.6 234.7061 14 1.0
337.7 234.7789 14 1.0
337.8 234.8518 14 1.0
337.9 234.9246 14 1.0
338.0 234.9975 14 1.0
338.1 235.0703 14 1.0
338.2 235.1431 14 1.0
338.3 235.216 14 1.0
338.4 235.2888 14 1.0
338.5 235.3617 14 1.0
338.6 235.4345 14 1.0
338.7 235.5073 14 1.0
338.8 235.5802 14 1.0
338.9 235.653 14 1.0
339.0 235.7259 14 1.0
339.1 235.7987 14 1.0
339.2 235.8715 14 1.0
339.3 235.9444 14 1.0
339.4 236.0172 14 1.0
339.5 236.0901 14 1.0
339.6 236.1629 14 1.0
339.7 236.2357 14 1.0
339.8 236.3086 14 1.0
339.9 236.3814 14 1.0
340.0 236.4543 14 1.0
340.1 236.5271 14 1.0
340.2 236.5999 14 1.0
340.3 236.6728 14 1.0
340.4 236.7456 14 1.0
340.5 236.8185 14 1.0
340.6 236.8913 14 1.0
340.7 236.9641 14 1.0
340.8 237.037 14 1.0
340.9 237.1098 14 1.0
341.0 237.1827 14 1.0
341.1 237.2555 14 1.0
341.2 237.3283 14 1.0
341.3 237.4012 14 1.0
341.4 237.474 14 1.0
341.5 237.5469 14 1.0
341.6 237.6197 14 1.0
341.7 237.6925 14 1.0
341.8 237.7654 14 1.0
341.9 237.8382 14 1.0
342.0 237.911 14 1.0
342.1 237.9839 14 1.0
342.2 238.0567 14 1.0
342.3 238.1296 14 1.0
342.4 238.2024 14 1.0
342.5 238.2752 14 1.0
342.6 238.3481 14 1.0
342.7 238.4209 14 1.0
342.8 238.4938 14 1.0
342.9 238.5666 14 1.0
343.0 238.6394 14 1.0
343.1 238.7123 14 1.0
343.2 238.7851 14 1.0
343.3 238.858 14 1.0
343.4 238.9308 14 1.0
343.5 239.0036 14 1.0
343.6 239.0765 14 1.0
343.7 239.1493 14 1.0
343.8 239.2222 14 1.0
343.9 239.295 14 1.0
344.0 239.3678 14 1.0
344.1 239.4407 14 1.0
344.2 239.5135 14 1.0
344.3 239.5864 14 1.0
344.4 239.6592 14 1.0
344.5 239.732 14 1.0
344.6 239.8049 14 1.0
344.7 239.8777 14 1.0
344.8 239.9506 14 1.0
344.9 240.0234 14 1.0
345.0 240.0962 14 1.0
345.1 240.1691 14 1.0
345.2 240.2419 14 1.0
345.3 240.3148 14 1.0
345.4 240.3876 14 1.0
345.5 240.4604 14 1.0
345.6 240.5333 14 1.0
345.7 240.6061 14 1.0
345.8 240.679 14 1.0
345.9 240.7518 14 1.0
346.0 240.8246 14 1.0
346.1 240.8975 14 1.0
346.2 240.9703 14 1.0
346.3 241.0432 14 1.0
346.4 241.116 14 1.0
346.5 241.1888 14 1.0
346.6 241.2617 14 1.0
346.7 241.3345 14 1.0
346.8 241.4074 14 1.0
346.9 241.4802 14 1.0
347.0 241.553 14 1.0
347.1 241.6259 14 1.0
347.2 241.6987 14 1.0
347.3 241.7716 14 1.0
347.4 241.8444 14 1.0
347.5 241.9172 14 1.0
347.6 241.9901 14 1.0
347.7 242.0629 14 1.0
347.8 242.1357 14 1.0
347.9 242.2086 14 1.0
348.0 242.2814 14 1.0
348.1 242.3543 14 1.0
348.2 242.4271 14 1.0
348.3 242.4999 14 1.0
348.4 242.5728 14 1.0
348.5 242.6456 14 1.0
348.6 242.7185 14 1.0
348.7 242.7913 14 1.0
348.8 242.8641 14 1.0
348.9 242.937 14 1.0
349.0 243.0098 14 1.0
349.1 243.0827 14 1.0
349.2 243.1555 14 1.0
349.3 243.2283 14 1.0
349.4 243.3012 14 1.0
349.5 243.374 14 1.0
349.6 243.4469 14 1.0
349.7 243.5197 14 1.0
349.8 243.5963 14 1.0
349.9 243.6729 14 1.0
350.0 243.7494 14 1.0
350.1 243.826 14 1.0
350.2 243.9026 14 1.0
350.3 243.9792 14 1.0
350.4 244.0558 14 1.0
350.5 244.1323 14 1.0
350.6 244.2089 14 1.0
350.7 244.2855 14 1.0
350.8 244.3621 14 1.0
350.9 244.4387 14 1.0
351.0 244.5152 14 1.0
351.1 244.5918 14 1.0
351.2 244.6684 14 1.0
351.3 244.745 14 1.0
351.4 244.8216 14 1.0
351.5 244.8981 14 1.0
351.6 244.9747 14 1.0
351.7 245.0513 14 1.0
351.8 245.1279 14 1.0
351.9 245.2045 14 1.0
352.0 245.281 14 1.0
352.1 245.3576 14 1.0
352.2 245.4342 14 1.0
352.3 245.5108 14 1.0
352.4 245.5874 14 1.0
352.5 245.6639 14 1.0
352.6 245.7405 14 1.0
352.7 245.8171 14 1.0
352.8 245.8937 14 1.0
352.9 245.9703 14 1.0
353.0 246.0468 14 1.0
353.1 246.1234 14 1.0
353.2 246.2 14 1.0
353.3 246.2766 14 1.0
353.4 246.3532 14 1.0
353.5 246.4298 14 1.0
353.6 246.5063 14 1.0
353.7 246.5829 14 1.0
353.8 246.6595 14 1.0
353.9 246.7361 14 1.0
354.0 246.8127 14 1.0
354.1 246.8892 14 1.0
354.2 246.9658 14 1.0
354.3 247.0424 14 1.0
354.4 247.119 14 1.0
354.5 247.1956 14 1.0
354.6 247.2721 14 1.0
354.7 247.3487 14 1.0
354.8 247.4253 14 1.0
354.9 247.5019 14 1.0
355.0 247.5785 14 1.0
355.1 247.655 14 1.0
355.2 247.7316 14 1.0
355.3 247.8082 14 1.0
355.4 247.8848 14 1.0
355.5 247.9614 14 1.0
355.6 248.0379 14 1.0
355.7 248.1145 14 1.0
355.8 248.1911 14 1.0
355.9 248.2677 14 1.0
356.0 248.3443 14 1.0
356.1 248.4208 14 1.0
356.2 248.4974 14 1.0
356.3 248.574 14 1.0
356.4 248.6506 14 1.0
356.5 248.7272 14 1.0
356.6 248.8037 14 1.0
356.7 248.8803 14 1.0
356.8 248.9569 14 1.0
356.9 249.0335 14 1.0
357.0 249.1101 14 1.0
357.1 249.1866 14 1.0
357.2 249.2632 14 1.0
357.3 249.3398 14 1.0
357.4 249.4164 14 1.0
357.5 249.493 14 1.0
357.6 249.5695 14 1.0
357.7 249.6461 14 1.0
357.8 249.7227 14 1.0
357.9 249.7993 14 1.0
358.0 249.8759 14 1.0
358.1 249.9524 14 1.0
358.2 250.029 14 1.0
358.3 250.1056 14 1.0
358.4 250.1822 14 1.0
358.5 250.2588 14 1.0
358.6 250.3353 14 1.0
358.7 250.4119 14 1.0
358.8 250.4885 14 1.0
358.9 250.5651 14 1.0
359.0 250.6417 14 1.0
359.1 250.7182 14 1.0
359.2 250.7948 14 1.0
359.3 250.8714 14 1.0
359.4 250.948 14 1.0
359.5 251.0246 14 1.0
359.6 251.1011 14 1.0
359.7 251.1777 14 1.0
359.8 251.2543 14 1.0
359.9 251.3309 14 1.0
360.0 251.4075 14 1.0
360.1 251.484 14 1.0
360.2 251.5606 14 1.0
360.3 251.6372 14 1.0
360.4 251.7138 14 1.0
360.5 251.7904 14 1.0
360.6 251.8669 14 1.0
360.7 251.9435 14 1.0
360.8 252.0201 14 1.0
360.9 252.0967 14 1.0
361.0 252.1733 14 1.0
361.1 252.2498 14 1.0
361.2 252.3264 14 1.0
361.3 252.403 14 1.0
361.4 252.4796 14 1.0
361.5 252.5562 14 1.0
361.6 252.6327 14 1.0
361.7 252.7093 14 1.0
361.8 252.7859 14 1.0
361.9 252.8625 14 1.0
362.0 252.9391 14 1.0
362.1 253.0157 14 1.0
362.2 253.0922 14 1.0
362.3 253.1688 14 1.0
362.4 253.2454 14 1.0
362.5 253.322 14 1.0
362.6 253.3986 14 1.0
362.7 253.4751 14 1.0
362.8 253.5517 14 1.0
362.9 253.6283 14 1.0
363.0 253.7049 14 1.0
363.1 253.7815 14 1.0
363.2 253.858 14 1.0
363.3 253.9346 14 1.0
363.4 254.0112 14 1.0
363.5 254.0878 14 1.0
363.6 254.1644 14 1.0
363.7 254.2409 14 1.0
363.8 254.3175 14 1.0
363.9 254.3941 14 1.0
364.0 254.4707 14 1.0
364.1 254.5473 14 1.0
364.2 254.6238 14 1.0
364.3 254.7004 14 1.0
364.4 254.777 14 1.0
364.5 254.8536 14 1.0
364.6 254.9302 14 1.0
364.7 255.0067 14 1.0
364.8 255.0833 14 1.0
364.9 255.1599 14 1.0
365.0 255.2365 14 1.0
365.1 255.3131 14 1.0
365.2 255.3896 14 1.0
365.3 255.4662 14 1.0
365.4 255.5428 14 1.0
365.5 255.6194 14 1.0
365.6 255.696 14 1.0
365.7 255.7725 14 1.0
365.8 255.8491 14 1.0
365.9 255.9257 14 1.0
366.0 256.0023 14 1.0
366.1 256.0789 14 1.0
366.2 256.1554 14 1.0
366.3 256.232 14 1.0
366.4 256.3086 14 1.0
366.5 256.3852 14 1.0
366.6 256.4618 14 1.0
366.7 256.5383 14 1.0
366.8 256.6149 14 1.0
366.9 256.6915 14 1.0
367.0 256.7681 14 1.0
367.1 256.8447 14 1.0
367.2 256.9212 14 1.0
367.3 256.9978 14 1.0
367.4 257.0744 14 1.0
367.5 257.151 14 1.0
367.6 257.2276 14 1.0
367.7 257.3041 14 1.0
367.8 257.3807 14 1.0
367.9 257.4573 14 1.0
368.0 257.5339 14 1.0
368.1 257.6105 14 1.0
368.2 257.687 14 1.0
368.3 257.7636 14 1.0
368.4 257.8402 14 1.0
368.5 257.9168 14 1.0
368.6 257.9934 14 1.0
368.7 258.0699 14 1.0
368.8 258.1465 14 1.0
368.9 258.2231 14 1.0
369.0 258.2997 14 1.0
369.1 258.3763 14 1.0
369.2 258.4528 14 1.0
369.3 258.5294 14 1.0
369.4 258.606 14 1.0
369.5 258.6826 14 1.0
369.6 258.7592 14 1.0
369.7 258.8357 14 1.0
369.8 258.9123 14 1.0
369.9 258.9889 14 1.0
370.0 259.0655 14 1.0
370.1 259.1421 14 1.0
370.2 259.2186 14 1.0
370.3 259.2952 14 1.0
370.4 259.3718 14 1.0
370.5 259.4484 14 1.0
370.6 259.525 14 1.0
370.7 259.6016 14 1.0
370.8 259.6781 14 1.0
370.9 259.7547 14 1.0
371.0 259.8313 14 1.0
371.1 259.9079 14 1.0
371.2 259.9845 14 1.0
371.3 260.061 14 1.0
371.4 260.1376 14 1.0
371.5 260.2142 14 1.0
371.6 260.2908 14 1.0
371.7 260.3674 14 1.0
371.8 260.4439 14 1.0
371.9 260.5205 14 1.0
372.0 260.5971 14 1.0
372.1 260.6737 14 1.0
372.2 260.7503 14 1.0
372.3 260.8268 14 1.0
372.4 260.9034 14 1.0
372.5 260.98 14 1.0
372.6 261.0566 14 1.0
372.7 261.1332 14 1.0
372.8 261.2097 14 1.0
372.9 261.2863 14 1.0
373.0 261.3629 14 1.0
373.1 261.4395 14 1.0
373.2 261.5161 14 1.0
373.3 261.5926 14 1.0
373.4 261.6692 14 1.0
373.5 261.7458 14 1.0
373.6 261.8224 14 1.0
373.7 261.899 14 1.0
373.8 261.9755 14 1.0
373.9 262.0521 14 1.0
374.0 262.1287 14 1.0
374.1 262.2053 14 1.0
374.2 262.2819 14 1.0
374.3 262.3584 14 1.0
374.4 262.435 14 1.0
374.5 262.5116 14 1.0
374.6 262.5882 14 1.0
374.7 262.6648 14 1.0
374.8 262.7413 14 1.0
374.9 262.8179 14 1.0
375.0 262.8945 14 1.0
375.1 262.9711 14 1.0
375.2 263.0477 14 1.0
375.3 263.1242 14 1.0
375.4 263.2008 14 1.0
375.5 263.2774 14 1.0
375.6 263.354 14 1.0
375.7 263.4306 14 1.0
375.8 263.5071 14 1.0
375.9 263.5837 14 1.0
376.0 263.6603 14 1.0
376.1 263.7369 14 1.0
376.2 263.8135 14 1.0
376.3 263.89 14 1.0
376.4 263.9666 14 1.0
376.5 264.0432 14 1.0
376.6 264.1198 14 1.0
376.7 264.1964 14 1.0
376.8 264.2729 14 1.0
376.9 264.3495 14 1.0
377.0 264.4261 14 1.0
377.1 264.5027 14 1.0
377.2 264.5793 14 1.0
377.3 264.6558 14 1.0
377.4 264.7324 14 1.0
377.5 264.809 14 1.0
377.6 264.8856 14 1.0
377.7 264.9622 14 1.0
377.8 265.0387 14 1.0
377.9 265.1153 14 1.0
378.0 265.1919 14 1.0
378.1 265.2685 14 1.0
378.2 265.3451 14 1.0
378.3 265.4216 14 1.0
378.4 265.4982 14 1.0
378.5 265.5748 14 1.0
378.6 265.6514 14 1.0
378.7 265.728 14 1.0
378.8 265.8045 14 1.0
378.9 265.8811 14 1.0
379.0 265.9577 14 1.0
379.1 266.0343 14 1.0
379.2 266.1109 14 1.0
379.3 266.1875 14 1.0
379.4 266.264 14 1.0
379.5 266.3406 14 1.0
379.6 266.4172 14 1.0
379.7 266.4938 14 1.0
379.8 266.5704 14 1.0
379.9 266.6469 14 1.0
380.0 266.7235 14 1.0
380.1 266.8001 14 1.0
380.2 266.8767 14 1.0
380.3 266.9533 14 1.0
380.4 267.0298 14 1.0
380.5 267.1064 14 1.0
380.6 267.183 14 1.0
380.7 267.2596 14 1.0
380.8 267.3362 14 1.0
380.9 267.4127 14 1.0
381.0 267.4893 14 1.0
381.1 267.5659 14 1.0
381.2 267.6425 14 1.0
381.3 267.7191 14 1.0
381.4 267.7956 14 1.0
381.5 267.8722 14 1.0
381.6 267.9488 14 1.0
381.7 268.0254 14 1.0
381.8 268.102 14 1.0
381.9 268.1785 14 1.0
382.0 268.2551 14 1.0
382.1 268.3317 14 1.0
382.2 268.4083 14 1.0
382.3 268.4849 14 1.0
382.4 268.5614 14 1.0
382.5 268.638 14 1.0
382.6 268.7146 14 1.0
382.7 268.7912 14 1.0
382.8 268.8678 14 1.0
382.9 268.9443 14 1.0
383.0 269.0209 14 1.0
383.1 269.0975 14 1.0
383.2 269.1741 14 1.0
383.3 269.2507 14 1.0
383.4 269.3272 14 1.0
383.5 269.4038 14 1.0
383.6 269.4804 14 1.0
383.7 269.557 14 1.0
383.8 269.6336 14 1.0
383.9 269.7101 14 1.0
384.0 269.7867 14 1.0
384.1 269.8633 14 1.0
384.2 269.9399 14 1.0
384.3 270.0165 14 1.0
384.4 270.093 14 1.0
384.5 270.1696 14 1.0
384.6 270.2462 14 1.0
384.7 270.3228 14 1.0
384.8 270.3994 14 1.0
384.9 270.4759 14 1.0
385.0 270.5525 14 1.0
385.1 270.6291 14 1.0
385.2 270.7057 14 1.0
385.3 270.7823 14 1.0
385.4 270.8588 14 1.0
385.5 270.9354 14 1.0
385.6 271.012 14 1.0
385.7 271.0886 14 1.0
385.8 271.1652 14 1.0
385.9 271.2417 14 1.0
386.0 271.3183 14 1.0
386.1 271.3949 14 1.0
386.2 271.4715 14 1.0
386.3 271.5481 14 1.0
386.4 271.6246 14 1.0
386.5 271.7012 14 1.0
386.6 271.7778 14 1.0
386.7 271.8544 14 1.0
386.8 271.931 14 1.0
386.9 272.0075 14 1.0
387.0 272.0841 14 1.0
387.1 272.1607 14 1.0
387.2 272.2373 14 1.0
387.3 272.3139 14 1.0
387.4 272.3904 14 1.0
387.5 272.467 14 1.0
387.6 272.5436 14 1.0
387.7 272.6202 14 1.0
387.8 272.6968 14 1.0
387.9 272.7734 14 1.0
388.0 272.8499 14 1.0
388.1 272.9265 14 1.0
388.2 273.0031 14 1.0
388.3 273.0797 14 1.0
388.4 273.1563 14 1.0
388.5 273.2328 14 1.0
388.6 273.3094 14 1.0
388.7 273.386 14 1.0
388.8 273.4626 14 1.0
388.9 273.5392 14 1.0
389.0 273.6157 14 1.0
389.1 273.6923 14 1.0
389.2 273.7689 14 1.0
389.3 273.8455 14 1.0
389.4 273.9221 14 1.0
389.5 273.9986 14 1.0
389.6 274.0752 14 1.0
389.7 274.1518 14 1.0
389.8 274.2284 14 1.0
389.9 274.305 14 1.0
390.0 274.3815 14 1.0
390.1 274.4581 14 1.0
390.2 274.5347 14 1.0
390.3 274.6113 14 1.0
390.4 274.6879 14 1.0
390.5 274.7644 14 1.0
390.6 274.841 14 1.0
390.7 274.9176 14 1.0
390.8 274.9942 14 1.0
390.9 275.0708 14 1.0
391.0 275.1473 14 1.0
391.1 275.2239 14 1.0
391.2 275.3005 14 1.0
391.3 275.3771 14 1.0
391.4 275.4537 14 1.0
391.5 275.5302 14 1.0
391.6 275.6068 14 1.0
391.7 275.6834 14 1.0
391.8 275.76 14 1.0
391.9 275.8366 14 1.0
392.0 275.9131 14 1.0
392.1 275.9897 14 1.0
392.2 276.0663 14 1.0
392.3 276.1429 14 1.0
392.4 276.2195 14 1.0
392.5 276.296 14 1.0
392.6 276.3726 14 1.0
392.7 276.4492 14 1.0
392.8 276.5258 14 1.0
392.9 276.6024 14 1.0
393.0 276.6789 14 1.0
393.1 276.7555 14 1.0
393.2 276.8321 14 1.0
393.3 276.9087 14 1.0
393.4 276.9853 14 1.0
393.5 277.0618 14 1.0
393.6 277.1384 14 1.0
393.7 277.215 14 1.0
393.8 277.2916 14 1.0
393.9 277.3682 14 1.0
394.0 277.4447 14 1.0
394.1 277.5213 14 1.0
394.2 277.5979 14 1.0
394.3 277.6745 14 1.0
394.4 277.7511 14 1.0
394.5 277.8276 14 1.0
394.6 277.9042 14 1.0
394.7 277.9808 14 1.0
394.8 278.0574 14 1.0
394.9 278.134 14 1.0
395.0 278.2105 14 1.0
395.1 278.2871 14 1.0
395.2 278.3637 14 1.0
395.3 278.4403 14 1.0
395.4 278.5169 14 1.0
395.5 278.5934 14 1.0
395.6 278.67 14 1.0
395.7 278.7466 14 1.0
395.8 278.8232 14 1.0
395.9 278.8998 14 1.0
396.0 278.9763 14 1.0
396.1 279.0529 14 1.0
396.2 279.1295 14 1.0
396.3 279.2061 14 1.0
396.4 279.2827 14 1.0
396.5 279.3593 14 1.0
396.6 279.4358 14 1.0
396.7 279.5124 14 1.0
396.8 279.589 14 1.0
396.9 279.6656 14 1.0
397.0 279.7422 14 1.0
397.1 279.8187 14 1.0
397.2 279.8953 14 1.0
397.3 279.9719 14 1.0
397.4 280.0485 14 1.0
397.4 280.1251 14 1.0
397.5 280.2016 14 1.0
397.6 280.2782 14 1.0
397.7 280.3548 14 1.0
397.8 280.4314 14 1.0
397.9 280.508 14 1.0
398.0 280.5845 14 1.0
398.1 280.6611 14 1.0
398.2 280.7377 14 1.0
398.3 280.8143 14 1.0
398.4 280.8909 14 1.0
398.5 280.9674 14 1.0
398.6 281.044 14 1.0
398.7 281.1206 14 1.0
398.8 281.1972 14 1.0
398.9 281.2738 14 1.0
399.0 281.3503 14 1.0
399.1 281.4269 14 1.0
399.2 281.5035 14 1.0
399.3 281.5801 14 1.0
399.4 281.6567 14 1.0
399.5 281.7332 14 1.0
399.6 281.8098 14 1.0
399.7 281.884 14 1.0
399.8 281.9581 14 1.0
399.9 282.0322 14 1.0
400.0 282.1064 14 1.0
400.1 282.1805 14 1.0
400.2 282.2547 14 1.0
400.3 282.3288 14 1.0
400.4 282.4029 14 1.0
400.5 282.4771 14 1.0
400.6 282.5512 14 1.0
400.7 282.6253 14 1.0
400.8 282.6995 14 1.0
400.9 282.7736 14 1.0
401.0 282.8478 14 1.0
401.1 282.9219 14 1.0
401.2 282.996 14 1.0
401.3 283.0702 14 1.0
401.4 283.1443 14 1.0
401.5 283.2185 14 1.0
401.6 283.2926 14 1.0
401.7 283.3667 14 1.0
401.8 283.4409 14 1.0
401.9 283.515 14 1.0
402.0 283.5891 14 1.0
402.1 283.6633 14 1.0
402.2 283.7374 14 1.0
402.3 283.8116 14 1.0
402.4 283.8857 14 1.0
402.5 283.9598 14 1.0
402.6 284.034 14 1.0
402.7 284.1081 14 1.0
402.8 284.1823 14 1.0
402.9 284.2564 14 1.0
403.0 284.3305 14 1.0
403.1 284.4047 14 1.0
403.2 284.4788 14 1.0
403.3 284.553 14 1.0
403.4 284.6271 14 1.0
403.5 284.7012 14 1.0
403.6 284.7754 14 1.0
403.7 284.8495 14 1.0
403.8 284.9236 14 1.0
403.9 284.9978 14 1.0
404.0 285.0719 14 1.0
404.1 285.1461 14 1.0
404.2 285.2202 14 1.0
404.3 285.2943 14 1.0
404.4 285.3685 14 1.0
404.5 285.4426 14 1.0
404.6 285.5168 14 1.0
404.7 285.5909 14 1.0
404.8 285.665 14 1.0
404.9 285.7392 14 1.0
405.0 285.8133 14 1.0
405.1 285.8875 14 1.0
405.2 285.9616 14 1.0
405.3 286.0357 14 1.0
405.4 286.1099 14 1.0
405.5 286.184 14 1.0
405.6 286.2581 14 1.0
405.7 286.3323 14 1.0
405.8 286.4064 14 1.0
405.9 286.4806 14 1.0
406.0 286.5547 14 1.0
406.1 286.6288 14 1.0
406.2 286.703 14 1.0
406.3 286.7771 14 1.0
406.4 286.8513 14 1.0
406.5 286.9254 14 1.0
406.6 286.9995 14 1.0
406.7 287.0737 14 1.0
406.8 287.1478 14 1.0
406.9 287.2219 14 1.0
407.0 287.2961 14 1.0
407.1 287.3702 14 1.0
407.2 287.4444 14 1.0
407.3 287.5185 14 1.0
407.4 287.5926 14 1.0
407.5 287.6668 14 1.0
407.6 287.7409 14 1.0
407.7 287.8151 14 1.0
407.8 287.8892 14 1.0
407.9 287.9633 14 1.0
408.0 288.0375 14 1.0
408.1 288.1116 14 1.0
408.2 288.1858 14 1.0
408.3 288.2599 14 1.0
408.4 288.334 14 1.0
408.5 288.4082 14 1.0
408.6 288.4823 14 1.0
408.7 288.5564 14 1.0
408.8 288.6306 14 1.0
408.9 288.7047 14 1.0
409.0 288.7789 14 1.0
409.1 288.853 14 1.0
409.2 288.9271 14 1.0
409.3 289.0013 14 1.0
409.4 289.0754 14 1.0
409.5 289.1496 14 1.0
409.6 289.2237 14 1.0
409.7 289.2978 14 1.0
409.8 289.372 14 1.0
409.9 289.4461 14 1.0
410.0 289.5202 14 1.0
410.1 289.5944 14 1.0
410.2 289.6685 14 1.0
410.3 289.7427 14 1.0
410.4 289.8168 14 1.0
410.5 289.8909 14 1.0
410.6 289.9651 14 1.0
410.7 290.0392 14 1.0
410.8 290.1134 14 1.0
410.9 290.1875 14 1.0
411.0 290.2616 14 1.0
411.1 290.3358 14 1.0
411.2 290.4099 14 1.0
411.3 290.4841 14 1.0
411.4 290.5582 14 1.0
411.5 290.6323 14 1.0
411.6 290.7065 14 1.0
411.7 290.7806 14 1.0
411.8 290.8547 14 1.0
411.9 290.9289 14 1.0
412.0 291.003 14 1.0
412.1 291.0772 14 1.0
412.2 291.1513 14 1.0
412.3 291.2254 14 1.0
412.4 291.2996 14 1.0
412.5 291.3737 14 1.0
412.6 291.4479 14 1.0
412.7 291.522 14 1.0
412.8 291.5961 14 1.0
412.9 291.6703 14 1.0
413.0 291.7444 14 1.0
413.1 291.8186 14 1.0
413.2 291.8927 14 1.0
413.3 291.9668 14 1.0
413.4 292.041 14 1.0
413.5 292.1151 14 1.0
413.6 292.1892 14 1.0
413.7 292.2634 14 1.0
413.8 292.3375 14 1.0
413.9 292.4117 14 1.0
414.0 292.4858 14 1.0
414.1 292.5599 14 1.0
414.2 292.6341 14 1.0
414.3 292.7082 14 1.0
414.4 292.7824 14 1.0
414.5 292.8565 14 1.0
414.6 292.9306 14 1.0
414.7 293.0048 14 1.0
414.8 293.0789 14 1.0
414.9 293.153 14 1.0
415.0 293.2272 14 1.0
415.1 293.3013 14 1.0
415.2 293.3755 14 1.0
415.3 293.4496 14 1.0
415.4 293.5237 14 1.0
415.5 293.5979 14 1.0
415.6 293.672 14 1.0
415.7 293.7462 14 1.0
415.8 293.8203 14 1.0
415.9 293.8944 14 1.0
416.0 293.9686 14 1.0
416.1 294.0427 14 1.0
416.2 294.1169 14 1.0
416.3 294.191 14 1.0
416.4 294.2651 14 1.0
416.5 294.3393 14 1.0
416.6 294.4134 14 1.0
416.7 294.4875 14 1.0
416.8 294.5617 14 1.0
416.9 294.6358 14 1.0
417.0 294.71 14 1.0
417.1 294.7841 14 1.0
417.2 294.8582 14 1.0
417.3 294.9324 14 1.0
417.4 295.0065 14 1.0
417.5 295.0807 14 1.0
417.6 295.1548 14 1.0
417.7 295.2289 14 1.0
417.8 295.3031 14 1.0
417.9 295.3772 14 1.0
418.0 295.4514 14 1.0
418.1 295.5255 14 1.0
418.2 295.5996 14 1.0
418.3 295.6738 14 1.0
418.4 295.7479 14 1.0
418.5 295.822 14 1.0
418.6 295.8962 14 1.0
418.7 295.9703 14 1.0
418.8 296.0445 14 1.0
418.9 296.1186 14 1.0
419.0 296.1927 14 1.0
419.1 296.2669 14 1.0
419.2 296.341 14 1.0
419.3 296.4152 14 1.0
419.4 296.4893 14 1.0
419.5 296.5634 14 1.0
419.6 296.6376 14 1.0
419.7 296.7117 14 1.0
419.8 296.7858 14 1.0
419.9 296.86 14 1.0
420.0 296.9341 14 1.0
420.1 297.0083 14 1.0
420.2 297.0824 14 1.0
420.3 297.1565 14 1.0
420.4 297.2307 14 1.0
420.5 297.3048 14 1.0
420.6 297.379 14 1.0
420.7 297.4531 14 1.0
420.8 297.5272 14 1.0
420.9 297.6014 14 1.0
421.0 297.6755 14 1.0
421.1 297.7497 14 1.0
421.2 297.8238 14 1.0
421.3 297.8979 14 1.0
421.4 297.9721 14 1.0
421.5 298.0462 14 1.0
421.6 298.1203 14 1.0
421.7 298.1945 14 1.0
421.8 298.2686 14 1.0
421.9 298.3428 14 1.0
422.0 298.4169 14 1.0
422.1 298.491 14 1.0
422.2 298.5652 14 1.0
422.3 298.6393 14 1.0
422.4 298.7135 14 1.0
422.5 298.7876 14 1.0
422.6 298.8617 14 1.0
422.7 298.9359 14 1.0
422.8 299.01 14 1.0
422.9 299.0842 14 1.0
423.0 299.1583 14 1.0
423.1 299.2324 14 1.0
423.2 299.3066 14 1.0
423.3 299.3807 14 1.0
423.4 299.4548 14 1.0
423.5 299.529 14 1.0
423.6 299.6031 14 1.0
423.7 299.6773 14 1.0
423.8 299.7514 14 1.0
423.9 299.8255 14 1.0
424.0 299.8997 14 1.0
424.1 299.9738 14 1.0
424.2 300.048 14 1.0
424.3 300.1221 14 1.0
424.4 300.1962 14 1.0
424.5 300.2704 14 1.0
424.6 300.3445 14 1.0
424.7 300.4186 14 1.0
424.8 300.4928 14 1.0
424.9 300.5669 14 1.0
425.0 300.6411 14 1.0
425.1 300.7152 14 1.0
425.2 300.7893 14 1.0
425.3 300.8635 14 1.0
425.4 300.9376 14 1.0
425.5 301.0118 14 1.0
425.6 301.0859 14 1.0
425.7 301.16 14 1.0
425.8 301.2342 14 1.0
425.9 301.3083 14 1.0
426.0 301.3825 14 1.0
426.1 301.4566 14 1.0
426.2 301.5307 14 1.0
426.3 301.6049 14 1.0
426.4 301.679 14 1.0
426.5 301.7531 14 1.0
426.6 301.8273 14 1.0
426.7 301.9014 14 1.0
426.8 301.9756 14 1.0
426.9 302.0497 14 1.0
427.0 302.1238 14 1.0
427.1 302.198 14 1.0
427.2 302.2721 14 1.0
427.3 302.3463 14 1.0
427.4 302.4204 14 1.0
427.5 302.4945 14 1.0
427.6 302.5687 14 1.0
427.7 302.6428 14 1.0
427.8 302.717 14 1.0
427.9 302.7911 14 1.0
428.0 302.8652 14 1.0
428.1 302.9394 14 1.0
428.2 303.0135 14 1.0
428.3 303.0876 14 1.0
428.4 303.1618 14 1.0
428.5 303.2359 14 1.0
428.6 303.3101 14 1.0
428.7 303.3842 14 1.0
428.8 303.4583 14 1.0
428.9 303.5325 14 1.0
429.0 303.6066 14 1.0
429.1 303.6808 14 1.0
429.2 303.7549 14 1.0
429.3 303.829 14 1.0
429.4 303.9032 14 1.0
429.5 303.9773 14 1.0
429.6 304.0514 14 1.0
429.7 304.1256 14 1.0
429.8 304.1997 14 1.0
429.9 304.2739 14 1.0
430.0 304.348 14 1.0
430.1 304.4221 14 1.0
430.2 304.4963 14 1.0
430.3 304.5704 14 1.0
430.4 304.6446 14 1.0
430.5 304.7187 14 1.0
430.6 304.7928 14 1.0
430.7 304.867 14 1.0
430.8 304.9411 14 1.0
430.9 305.0153 14 1.0
431.0 305.0894 14 1.0
431.1 305.1635 14 1.0
431.2 305.2377 14 1.0
431.3 305.3118 14 1.0
431.4 305.3859 14 1.0
431.5 305.4601 14 1.0
431.6 305.5342 14 1.0
431.7 305.6084 14 1.0
431.8 305.6825 14 1.0
431.9 305.7566 14 1.0
432.0 305.8308 14 1.0
432.1 305.9049 14 1.0
432.2 305.9791 14 1.0
432.3 306.0532 14 1.0
432.4 306.1273 14 1.0
432.5 306.2015 14 1.0
432.6 306.2756 14 1.0
432.7 306.3498 14 1.0
432.8 306.4239 14 1.0
432.9 306.498 14 1.0
433.0 306.5722 14 1.0
433.1 306.6463 14 1.0
433.2 306.7204 14 1.0
433.3 306.7946 14 1.0
433.4 306.8687 14 1.0
433.5 306.9429 14 1.0
433.6 307.017 14 1.0
433.7 307.0911 14 1.0
433.8 307.1653 14 1.0
433.9 307.2394 14 1.0
434.0 307.3136 14 1.0
434.1 307.3877 14 1.0
434.2 307.4618 14 1.0
434.3 307.536 14 1.0
434.4 307.6101 14 1.0
434.5 307.6842 14 1.0
434.6 307.7584 14 1.0
434.7 307.8325 14 1.0
434.8 307.9067 14 1.0
434.9 307.9808 14 1.0
435.0 308.0549 14 1.0
435.1 308.1291 14 1.0
435.2 308.2032 14 1.0
435.3 308.2774 14 1.0
435.4 308.3515 14 1.0
435.5 308.4256 14 1.0
435.6 308.4998 14 1.0
435.7 308.5739 14 1.0
435.8 308.6481 14 1.0
435.9 308.7222 14 1.0
436.0 308.7963 14 1.0
436.1 308.8705 14 1.0
436.2 308.9446 14 1.0
436.3 309.0187 14 1.0
436.4 309.0929 14 1.0
436.5 309.167 14 1.0
436.6 309.2412 14 1.0
436.7 309.3153 14 1.0
436.8 309.3894 14 1.0
436.9 309.4636 14 1.0
437.0 309.5377 14 1.0
437.1 309.6119 14 1.0
437.2 309.686 14 1.0
437.3 309.7601 14 1.0
437.4 309.8343 14 1.0
437.5 309.9084 14 1.0
437.6 309.9825 14 1.0
437.7 310.0567 14 1.0
437.8 310.1308 14 1.0
437.9 310.205 14 1.0
438.0 310.2791 14 1.0
438.1 310.3532 14 1.0
438.2 310.4274 14 1.0
438.3 310.5015 14 1.0
438.4 310.5757 14 1.0
438.5 310.6498 14 1.0
438.6 310.7239 14 1.0
438.7 310.7981 14 1.0
438.8 310.8722 14 1.0
438.9 310.9464 14 1.0
439.0 311.0205 14 1.0
439.1 311.0946 14 1.0
439.2 311.1688 14 1.0
439.3 311.2429 14 1.0
439.4 311.317 14 1.0
439.5 311.3912 14 1.0
439.6 311.4653 14 1.0
439.7 311.5395 14 1.0
439.8 311.6136 14 1.0
439.9 311.6877 14 1.0
440.0 311.7619 14 1.0
440.1 311.836 14 1.0
440.2 311.9102 14 1.0
440.3 311.9843 14 1.0
440.4 312.0584 14 1.0
440.5 312.1326 14 1.0
440.6 312.2067 14 1.0
440.7 312.2809 14 1.0
440.8 312.355 14 1.0
440.9 312.4291 14 1.0
441.0 312.5033 14 1.0
441.1 312.5774 14 1.0
441.2 312.6515 14 1.0
441.3 312.7257 14 1.0
441.4 312.7998 14 1.0
441.5 312.874 14 1.0
441.6 312.9481 14 1.0
441.7 313.0222 14 1.0
441.8 313.0964 14 1.0
441.9 313.1705 14 1.0
442.0 313.2447 14 1.0
442.1 313.3188 14 1.0
442.2 313.3929 14 1.0
442.3 313.4671 14 1.0
442.4 313.5412 14 1.0
442.5 313.6153 14 1.0
442.6 313.6895 14 1.0
442.7 313.7636 14 1.0
442.8 313.8378 14 1.0
442.9 313.9119 14 1.0
443.0 313.986 14 1.0
443.1 314.0602 14 1.0
443.2 314.1343 14 1.0
443.3 314.2085 14 1.0
443.4 314.2826 14 1.0
443.5 314.3567 14 1.0
443.6 314.4309 14 1.0
443.7 314.505 14 1.0
443.8 314.5792 14 1.0
443.9 314.6533 14 1.0
444.0 314.7274 14 1.0
444.1 314.8016 14 1.0
444.2 314.8757 14 1.0
444.3 314.9498 14 1.0
444.4 315.024 14 1.0
444.5 315.0981 14 1.0
444.6 315.1723 14 1.0
444.7 315.2464 14 1.0
444.8 315.3205 14 1.0
444.9 315.3947 14 1.0
445.0 315.4688 14 1.0
445.1 315.543 14 1.0
445.2 315.6171 14 1.0
445.3 315.6912 14 1.0
445.4 315.7654 14 1.0
445.5 315.8395 14 1.0
445.6 315.9137 14 1.0
445.7 315.9878 14 1.0
445.8 316.0619 14 1.0
445.9 316.1361 14 1.0
446.0 316.2102 14 1.0
446.1 316.2843 14 1.0
446.2 316.3585 14 1.0
446.3 316.4326 14 1.0
446.4 316.5068 14 1.0
446.5 316.5809 14 1.0
446.6 316.655 14 1.0
446.7 316.7292 14 1.0
446.8 316.8033 14 1.0
446.9 316.8775 14 1.0
447.0 316.9516 14 1.0
447.1 317.0257 14 1.0
447.2 317.0999 14 1.0
447.3 317.174 14 1.0
447.4 317.2481 14 1.0
447.5 317.3223 14 1.0
447.6 317.3964 14 1.0
447.7 317.4706 14 1.0
447.8 317.5447 14 1.0
447.9 317.6188 14 1.0
448.0 317.693 14 1.0
448.1 317.7671 14 1.0
448.2 317.8413 14 1.0
448.3 317.9154 14 1.0
448.4 317.9895 14 1.0
448.5 318.0637 14 1.0
448.6 318.1378 14 1.0
448.7 318.212 14 1.0
448.8 318.2861 14 1.0
448.9 318.3602 14 1.0
449.0 318.4344 14 1.0
449.1 318.5085 14 1.0
449.2 318.5826 14 1.0
449.3 318.6568 14 1.0
449.4 318.7309 14 1.0
449.5 318.8051 14 1.0
449.6 318.8792 14 1.0
