15.0 1.358326 13 0.02855102190315717
15.1 1.366573 13 0.029057541579048052
15.2 1.374812 13 0.029555342827458864
15.3 1.383042 13 0.03004777817669635
15.4 1.391264 13 0.030532161397411106
15.5 1.399478 13 0.031009729196257663
15.6 1.407683 13 0.031481349658314284
15.7 1.415879 13 0.03194673297994366
15.8 1.424068 13 0.03240372567199035
15.9 1.432248 13 0.03285744424039316
16.0 1.44042 13 0.03330235386385394
16.1 1.448209 13 0.03371835353133601
16.2 1.455991 13 0.03411965409729978
16.3 1.463765 13 0.034519767173681215
16.4 1.471531 13 0.034913664038327186
16.5 1.479291 13 0.03530097921846698
16.6 1.487042 13 0.0356862473721512
16.7 1.494787 13 0.0360662202582086
16.8 1.502524 13 0.03643934295286633
16.9 1.510254 13 0.03681157703365856
17.0 1.517976 13 0.037172662292390246
17.1 1.525692 13 0.0375350843335569
17.2 1.5334 13 0.0378940186674418
17.3 1.5411 13 0.038243916860336125
17.4 1.548794 13 0.038591533568965275
17.5 1.55648 13 0.03893379243012007
17.6 1.564159 13 0.03927542302956444
17.7 1.571831 13 0.03960874690401461
17.8 1.579496 13 0.039933955581482605
17.9 1.587154 13 0.04026578827805538
18.0 1.594805 13 0.04058856595408533
18.1 1.603861 13 0.041012009998171006
18.2 1.612907 13 0.04142797166808865
18.3 1.621943 13 0.04184133414130009
18.4 1.630969 13 0.0422495785519702
18.5 1.639986 13 0.04265218831701856
18.6 1.648993 13 0.043051415797317305
18.7 1.65799 13 0.04344477956747739
18.8 1.666977 13 0.04383706682719202
18.9 1.675955 13 0.04422124190177035
19.0 1.684923 13 0.04460078640366549
19.1 1.693881 13 0.0449783985322838
19.2 1.70283 13 0.045352429431041896
19.3 1.711769 13 0.04571862640966129
19.4 1.720699 13 0.04607948636251591
19.5 1.729619 13 0.0464445484065682
19.6 1.73853 13 0.04680177327422419
19.7 1.747431 13 0.0471532022883866
19.8 1.756323 13 0.047504612983451544
19.9 1.765206 13 0.047848887355528835
20.0 1.774079 13 0.04819061919148493
20.1 1.783287 13 0.048553188125074254
20.2 1.792484 13 0.0489113090402693
20.3 1.801671 13 0.04926252544685317
20.4 1.810849 13 0.049612475907353626
20.5 1.820016 13 0.049959214021713994
20.6 1.829174 13 0.050301394109575126
20.7 1.838322 13 0.05064473528811775
20.8 1.84746 13 0.05097687425507813
20.9 1.856588 13 0.051309932175490625
21.0 1.865706 13 0.05163813940329531
21.1 1.874815 13 0.05196406455581326
21.2 1.883914 13 0.05228907948169248
21.3 1.893003 13 0.05260604089511833
21.4 1.902083 13 0.05292383248344268
21.5 1.911153 13 0.05323777987639422
21.6 1.920213 13 0.0535478543515191
21.7 1.929264 13 0.053852974890239436
21.8 1.938305 13 0.05415867485916159
21.9 1.947337 13 0.054461341864415425
22.0 1.95636 13 0.054758106021616015
22.1 1.966022 13 0.055097415996351096
22.2 1.975674 13 0.055425845091868875
22.3 1.985315 13 0.05575659061736038
22.4 1.994946 13 0.05608292318628039
22.5 21.97906 14 1.0
22.6 22.07875 14 1.0
22.7 22.17843 14 1.0
22.8 22.27812 14 1.0
22.9 22.3778 14 1.0
23.0 22.47749 14 1.0
23.1 22.57717 14 1.0
23.2 22.67686 14 1.0
23.3 22.77654 14 1.0
23.4 22.87623 14 1.0
23.5 22.97591 14 1.0
23.6 23.0756 14 1.0
23.7 23.17528 14 1.0
23.8 23.27497 14 1.0
23.9 23.37465 14 1.0
24.0 23.47433 14 1.0
24.1 23.574 14 1.0
24.2 23.67366 14 1.0
24.3 23.77332 14 1.0
24.4 23.87298 14 1.0
24.5 23.97265 14 1.0
24.6 24.07231 14 1.0
24.7 5.708316 14 0.21671126542527308
24.8 5.928711 14 0.22510967934582882
24.9 6.15147 14 0.2335360460525988
25.0 6.376594 14 0.24199132425470027
25.1 6.604084 14 0.25047602268646196
25.2 6.833938 14 0.25899033761936985
25.3 7.066157 14 0.26752771606371106
25.4 7.300741 14 0.27609551901987484
25.5 7.53769 14 0.28469028026667986
25.6 7.777004 14 0.29331042674132524
25.7 8.018683 14 0.3019567150904239
25.8 8.262727 14 0.31062984242386904
25.9 8.509136 14 0.31932940054214065
26.0 8.75791 14 0.32805494388878564
26.1 9.020195 14 0.33725053918477677
26.2 9.284957 14 0.34647206502441186
26.3 9.552194 14 0.35572040531150495
26.4 9.821907 14 0.3649917409269595
26.5 10.09409 14 0.37428959583380506
26.6 10.36876 14 0.3836120072287784
26.7 10.6459 14 0.39295814545302565
26.8 10.92551 14 0.40232682187658386
26.9 11.2076 14 0.4117191417388245
27.0 11.49217 14 0.4211370218685727
27.1 11.77921 14 0.43057756341734765
27.2 12.06873 14 0.4400390339677328
27.3 12.36072 14 0.4495253716429589
27.4 12.65519 14 0.45903121063858077
27.5 12.95214 14 0.4685623295500414
27.6 13.25156 14 0.4781142669897611
27.7 13.55345 14 0.48768840036639194
27.8 13.85782 14 0.49728160577848346
27.9 14.16467 14 0.5068981305504683
28.0 14.47399 14 0.5165347754794423
28.1 14.77389 14 0.5257517709989881
28.2 15.07616 14 0.5349851543084465
28.3 15.3808 14 0.544240390806363
28.4 15.68781 14 0.553513267034351
28.5 15.99718 14 0.5628071897937577
28.6 16.30891 14 0.5721194938397716
28.7 16.62302 14 0.5814519377971155
28.8 16.93949 14 0.5907992254790679
28.9 17.25833 14 0.6001661604090689
29.0 17.57953 14 0.6095529834461818
29.1 17.9031 14 0.6189547782889064
29.2 18.22904 14 0.6283767879465153
29.3 18.55735 14 0.6378137300387625
29.4 18.88802 14 0.6472694307809621
29.5 19.22106 14 0.6567424849350378
29.6 19.55647 14 0.6662326769238474
29.7 19.89424 14 0.6757359200892942
29.8 20.23438 14 0.6852600400731771
29.9 20.57688 14 0.6947981576808453
30.0 20.92176 14 0.7043521841756395
30.1 21.28616 14 0.714518718864957
30.2 21.65306 14 0.724700684150513
30.3 22.02248 14 0.7348986615678776
30.4 22.3944 14 0.745114808078605
30.5 22.76884 14 0.755345437490736
30.6 23.14578 14 0.7655939951204597
30.7 23.52523 14 0.7758569128134346
30.8 23.90719 14 0.786136295610402
30.9 24.29165 14 0.7964305418788018
31.0 24.67863 14 0.8067404051099027
31.1 25.06812 14 0.8170660784828261
31.2 25.46011 14 0.8274059308100556
31.3 25.85461 14 0.8377614709218048
31.4 26.25162 14 0.8481313066057592
31.5 26.65114 14 0.8585163847065074
31.6 27.05317 14 0.8689158262877321
31.7 27.4577 14 0.8793291209197018
31.8 27.86475 14 0.8897567362601035
31.9 28.2743 14 0.9001988412226476
32.0 28.68636 14 0.9106546873265349
32.1 29.10093 14 0.921124205400151
32.2 29.51801 14 0.9316077618736969
32.3 29.9376 14 0.9421045785639959
32.4 30.35969 14 0.9526150145742881
32.5 30.7843 14 0.9631387729218411
32.6 31.21141 14 0.973675470980622
32.7 31.64103 14 0.9842253809233962
32.8 32.07316 14 0.9947881740161846
32.9 32.33757 14 1.0
33.0 32.43708 14 1.0
33.1 32.53659 14 1.0
33.2 32.63611 14 1.0
33.3 32.73562 14 1.0
33.4 32.83513 14 1.0
33.5 32.93465 14 1.0
33.6 33.03416 14 1.0
33.7 33.13367 14 1.0
33.8 33.23319 14 1.0
33.9 33.3327 14 1.0
34.0 33.43222 14 1.0
34.1 33.53173 14 1.0
34.2 33.63124 14 1.0
34.3 33.73076 14 1.0
34.4 33.83027 14 1.0
34.5 33.92978 14 1.0
34.6 34.0293 14 1.0
34.7 34.12881 14 1.0
34.8 34.22832 14 1.0
34.9 34.32784 14 1.0
35.0 34.42735 14 1.0
35.1 34.52682 14 1.0
35.2 34.6263 14 1.0
35.3 34.72577 14 1.0
35.4 34.82524 14 1.0
35.5 34.92471 14 1.0
35.6 35.02419 14 1.0
35.7 35.12366 14 1.0
35.8 35.22313 14 1.0
35.9 35.3226 14 1.0
36.0 35.42208 14 1.0
36.1 35.52155 14 1.0
36.2 35.62102 14 1.0
36.3 35.72049 14 1.0
36.4 35.81997 14 1.0
36.5 35.91944 14 1.0
36.6 36.01891 14 1.0
36.7 36.11838 14 1.0
36.8 36.21786 14 1.0
36.9 36.31733 14 1.0
37.0 36.4168 14 1.0
37.1 36.51627 14 1.0
37.2 36.61575 14 1.0
37.3 36.71522 14 1.0
37.4 36.81469 14 1.0
37.5 36.91416 14 1.0
37.6 37.01364 14 1.0
37.7 37.11311 14 1.0
37.8 37.21258 14 1.0
37.9 37.31205 14 1.0
38.0 37.41153 14 1.0
38.1 37.511 14 1.0
38.2 37.61047 14 1.0
38.3 37.70994 14 1.0
38.4 37.80941 14 1.0
38.5 37.90889 14 1.0
38.6 38.00836 14 1.0
38.7 38.10783 14 1.0
38.8 38.2073 14 1.0
38.9 38.30678 14 1.0
39.0 38.40625 14 1.0
39.1 38.50572 14 1.0
39.2 38.60519 14 1.0
39.3 38.70467 14 1.0
39.4 38.80414 14 1.0
39.5 38.90361 14 1.0
39.6 39.00308 14 1.0
39.7 39.10256 14 1.0
39.8 39.20203 14 1.0
39.9 39.3015 14 1.0
40.0 39.40097 14 1.0
40.1 39.50025 14 1.0
40.2 39.59953 14 1.0
40.3 39.69881 14 1.0
40.4 39.79808 14 1.0
40.5 39.89736 14 1.0
40.6 39.99664 14 1.0
40.7 40.09592 14 1.0
40.8 40.19519 14 1.0
40.9 40.29447 14 1.0
41.0 40.39375 14 1.0
41.1 40.49303 14 1.0
41.2 40.5923 14 1.0
41.3 40.69158 14 1.0
41.4 40.79086 14 1.0
41.5 40.89014 14 1.0
41.6 40.98941 14 1.0
41.7 41.08869 14 1.0
41.8 41.18797 14 1.0
41.9 41.28725 14 1.0
42.0 41.38652 14 1.0
42.1 41.4858 14 1.0
42.2 41.58508 14 1.0
42.3 41.68436 14 1.0
42.4 41.78363 14 1.0
42.5 41.88291 14 1.0
42.6 41.98219 14 1.0
42.7 42.08146 14 1.0
42.8 42.18074 14 1.0
42.9 42.28002 14 1.0
43.0 42.3793 14 1.0
43.1 42.47857 14 1.0
43.2 42.57785 14 1.0
43.3 42.67713 14 1.0
43.4 42.77641 14 1.0
43.5 42.87568 14 1.0
43.6 42.97496 14 1.0
43.7 43.07424 14 1.0
43.8 43.17352 14 1.0
43.9 43.27279 14 1.0
44.0 43.37207 14 1.0
44.1 43.47135 14 1.0
44.2 43.57063 14 1.0
44.3 43.6699 14 1.0
44.4 43.76918 14 1.0
44.5 43.86846 14 1.0
44.6 43.96774 14 1.0
44.7 44.06701 14 1.0
44.8 44.16629 14 1.0
44.9 44.26557 14 1.0
45.0 44.36485 14 1.0
45.1 44.46412 14 1.0
45.2 44.5634 14 1.0
45.3 44.66268 14 1.0
45.4 44.76196 14 1.0
45.5 44.86123 14 1.0
45.6 44.96051 14 1.0
45.7 45.05979 14 1.0
45.8 45.15907 14 1.0
45.9 45.25834 14 1.0
46.0 45.35762 14 1.0
46.1 45.4569 14 1.0
46.2 45.55617 14 1.0
46.3 45.65545 14 1.0
46.4 45.75473 14 1.0
46.5 45.85401 14 1.0
46.6 45.95328 14 1.0
46.7 46.05256 14 1.0
46.8 46.15184 14 1.0
46.9 46.25112 14 1.0
47.0 46.35039 14 1.0
47.1 46.44967 14 1.0
47.2 46.54895 14 1.0
47.3 46.64823 14 1.0
47.4 46.7475 14 1.0
47.5 46.84678 14 1.0
47.6 46.94606 14 1.0
47.7 47.04534 14 1.0
47.8 47.14461 14 1.0
47.9 47.24389 14 1.0
48.0 47.34317 14 1.0
48.1 47.44245 14 1.0
48.2 47.54172 14 1.0
48.3 47.641 14 1.0
48.4 47.74028 14 1.0
48.5 47.83956 14 1.0
48.6 47.93883 14 1.0
48.7 48.03811 14 1.0
48.8 48.13739 14 1.0
48.9 48.23667 14 1.0
49.0 48.33594 14 1.0
49.1 48.43522 14 1.0
49.2 48.5345 14 1.0
49.3 48.63378 14 1.0
49.4 48.73305 14 1.0
49.5 48.83233 14 1.0
49.6 48.93161 14 1.0
49.7 49.03088 14 1.0
49.8 49.13016 14 1.0
49.9 49.22944 14 1.0
50.0 49.32872 14 1.0
50.1 49.42697 14 1.0
50.2 49.52523 14 1.0
50.3 49.62348 14 1.0
50.4 49.72173 14 1.0
50.5 49.81999 14 1.0
50.6 49.91824 14 1.0
50.7 50.0165 14 1.0
50.8 50.11475 14 1.0
50.9 50.21301 14 1.0
51.0 50.31126 14 1.0
51.1 50.40952 14 1.0
51.2 50.50777 14 1.0
51.3 50.60603 14 1.0
51.4 50.70428 14 1.0
51.5 50.80253 14 1.0
51.6 50.90079 14 1.0
51.7 50.99904 14 1.0
51.8 51.0973 14 1.0
51.9 51.19555 14 1.0
52.0 51.29381 14 1.0
52.1 51.39206 14 1.0
52.2 51.49032 14 1.0
52.3 51.58857 14 1.0
52.4 51.68682 14 1.0
52.5 51.78508 14 1.0
52.6 51.88333 14 1.0
52.7 51.98159 14 1.0
52.8 52.07984 14 1.0
52.9 52.1781 14 1.0
53.0 52.27635 14 1.0
53.1 52.37461 14 1.0
53.2 52.47286 14 1.0
53.3 52.57111 14 1.0
53.4 52.66937 14 1.0
53.5 52.76762 14 1.0
53.6 52.86588 14 1.0
53.7 52.96413 14 1.0
53.8 53.06239 14 1.0
53.9 53.16064 14 1.0
54.0 53.2589 14 1.0
54.1 53.35715 14 1.0
54.2 53.4554 14 1.0
54.3 53.55366 14 1.0
54.4 53.65191 14 1.0
54.5 53.75017 14 1.0
54.6 53.84842 14 1.0
54.7 53.94668 14 1.0
54.8 54.04493 14 1.0
54.9 54.14319 14 1.0
55.0 54.24144 14 1.0
55.1 54.33969 14 1.0
55.2 54.43795 14 1.0
55.3 54.5362 14 1.0
55.4 54.63446 14 1.0
55.5 54.73271 14 1.0
55.6 54.83097 14 1.0
55.7 54.92922 14 1.0
55.8 55.02748 14 1.0
55.9 55.12573 14 1.0
56.0 55.22398 14 1.0
56.1 55.32224 14 1.0
56.2 55.42049 14 1.0
56.3 55.51875 14 1.0
56.4 55.617 14 1.0
56.5 55.71526 14 1.0
56.6 55.81351 14 1.0
56.7 55.91177 14 1.0
56.8 56.01002 14 1.0
56.9 56.10827 14 1.0
57.0 56.20653 14 1.0
57.1 56.30478 14 1.0
57.2 56.40304 14 1.0
57.3 56.50129 14 1.0
57.4 56.59955 14 1.0
57.5 56.6978 14 1.0
57.6 56.79606 14 1.0
57.7 56.89431 14 1.0
57.8 56.99256 14 1.0
57.9 57.09082 14 1.0
58.0 57.18907 14 1.0
58.1 57.28733 14 1.0
58.2 57.38558 14 1.0
58.3 57.48384 14 1.0
58.4 57.58209 14 1.0
58.5 57.68035 14 1.0
58.6 57.7786 14 1.0
58.7 57.87686 14 1.0
58.8 57.97511 14 1.0
58.9 58.07336 14 1.0
59.0 58.17162 14 1.0
59.1 58.26987 14 1.0
59.2 58.36813 14 1.0
59.3 58.46638 14 1.0
59.4 58.56464 14 1.0
59.5 58.66289 14 1.0
59.6 58.76115 14 1.0
59.7 58.8594 14 1.0
59.8 58.95765 14 1.0
59.9 59.05591 14 1.0
60.0 59.15416 14 1.0
60.1 59.25276 14 1.0
60.2 59.35135 14 1.0
60.3 59.44995 14 1.0
60.4 59.54854 14 1.0
60.5 59.64713 14 1.0
60.6 59.74573 14 1.0
60.7 59.84432 14 1.0
60.8 59.94292 14 1.0
60.9 60.04151 14 1.0
61.0 60.1401 14 1.0
61.1 60.2387 14 1.0
61.2 60.33729 14 1.0
61.3 60.43589 14 1.0
61.4 60.53448 14 1.0
61.5 60.63308 14 1.0
61.6 60.73167 14 1.0
61.7 60.83026 14 1.0
61.8 60.92886 14 1.0
61.9 61.02745 14 1.0
62.0 61.12605 14 1.0
62.1 61.22464 14 1.0
62.2 61.27936 14 1.0
62.3 60.96486 14 1.0
62.4 60.6492 14 1.0
62.5 60.33236 14 1.0
62.6 60.01437 14 1.0
62.7 59.6952 14 1.0
62.8 59.37487 14 1.0
62.9 59.05338 14 1.0
63.0 58.73072 14 1.0
63.1 58.40689 14 1.0
63.2 58.0819 14 1.0
63.3 57.75574 14 1.0
63.4 57.42842 14 1.0
63.5 57.09992 14 1.0
63.6 56.77027 14 1.0
63.7 56.43945 14 1.0
63.8 56.10746 14 1.0
63.9 55.77431 14 1.0
64.0 55.43999 14 1.0
64.1 55.1045 14 1.0
64.2 54.76785 14 1.0
64.3 54.43003 14 1.0
64.4 54.09105 14 1.0
64.5 53.7509 14 1.0
64.6 53.40959 14 1.0
64.7 53.06711 14 1.0
64.8 52.72346 14 1.0
64.9 52.37865 14 1.0
65.0 52.03267 14 1.0
65.1 51.68553 14 1.0
65.2 51.33722 14 1.0
65.3 50.98774 14 1.0
65.4 50.6371 14 1.0
65.5 50.2853 14 1.0
65.6 49.93232 14 1.0
65.7 49.57819 14 1.0
65.8 49.22288 14 1.0
65.9 48.86641 14 1.0
66.0 48.50878 14 1.0
66.1 48.14997 14 1.0
66.2 47.79001 14 1.0
66.3 47.42887 14 1.0
66.4 47.06657 14 1.0
66.5 46.70311 14 1.0
66.6 46.33848 14 1.0
66.7 45.97268 14 1.0
66.8 45.60572 14 1.0
66.9 45.23759 14 1.0
67.0 44.8683 14 1.0
67.1 44.49784 14 1.0
67.2 44.12621 14 1.0
67.3 43.75342 14 1.0
67.4 43.37946 14 1.0
67.5 43.00434 14 1.0
67.6 42.62805 14 1.0
67.7 42.25059 14 1.0
67.8 41.87197 14 1.0
67.9 41.49219 14 1.0
68.0 41.11123 14 1.0
68.1 40.72912 14 1.0
68.2 40.34583 14 1.0
68.3 39.96138 14 1.0
68.4 39.57577 14 1.0
68.5 39.18898 14 1.0
68.6 38.80104 14 1.0
68.7 38.41192 14 1.0
68.8 38.02164 14 1.0
68.9 37.6302 14 1.0
69.0 37.23759 14 1.0
69.1 36.84381 14 1.0
69.2 36.44887 14 1.0
69.3 36.05276 14 1.0
69.4 35.65549 14 1.0
69.5 35.25705 14 1.0
69.6 34.85744 14 1.0
69.7 34.45667 14 1.0
69.8 34.05473 14 1.0
69.9 33.65163 14 1.0
70.0 33.24736 14 1.0
70.1 32.82839 14 1.0
70.2 32.40826 14 1.0
70.3 31.98697 14 1.0
70.4 31.56452 14 1.0
70.5 31.30472 14 1.0
70.6 31.35622 14 1.0
70.7 31.40772 14 1.0
70.8 31.45921 14 1.0
70.9 31.51071 14 1.0
71.0 31.56221 14 1.0
71.1 31.61371 14 1.0
71.2 31.66521 14 1.0
71.3 31.71671 14 1.0
71.4 31.7682 14 1.0
71.5 31.8197 14 1.0
71.6 31.8712 14 1.0
71.7 31.9227 14 1.0
71.8 31.9742 14 1.0
71.9 32.0257 14 1.0
72.0 32.07719 14 1.0
72.1 32.12869 14 1.0
72.2 32.18019 14 1.0
72.3 32.23169 14 1.0
72.4 32.28319 14 1.0
72.5 32.33468 14 1.0
72.6 32.38618 14 1.0
72.7 32.43768 14 1.0
72.8 32.48918 14 1.0
72.9 32.54068 14 1.0
73.0 32.59218 14 1.0
73.1 32.64367 14 1.0
73.2 32.69517 14 1.0
73.3 32.74667 14 1.0
73.4 32.79817 14 1.0
73.5 32.84967 14 1.0
73.6 32.90117 14 1.0
73.7 32.95266 14 1.0
73.8 33.00416 14 1.0
73.9 33.05566 14 1.0
74.0 33.10716 14 1.0
74.1 33.15866 14 1.0
74.2 33.21016 14 1.0
74.3 33.26165 14 1.0
74.4 33.31315 14 1.0
74.5 33.36465 14 1.0
74.6 33.41615 14 1.0
74.7 33.46765 14 1.0
74.8 33.51915 14 1.0
74.9 33.57064 14 1.0
75.0 33.62214 14 1.0
75.1 33.67364 14 1.0
75.2 33.72514 14 1.0
75.3 33.77664 14 1.0
75.4 33.82814 14 1.0
75.5 33.87963 14 1.0
75.6 33.93113 14 1.0
75.7 33.98263 14 1.0
75.8 34.03413 14 1.0
75.9 34.08563 14 1.0
76.0 34.13713 14 1.0
76.1 34.18862 14 1.0
76.2 34.24012 14 1.0
76.3 34.29162 14 1.0
76.4 34.34312 14 1.0
76.5 34.39462 14 1.0
76.6 34.44612 14 1.0
76.7 34.49761 14 1.0
76.8 34.54911 14 1.0
76.9 34.60061 14 1.0
77.0 34.65211 14 1.0
77.1 34.70361 14 1.0
77.2 34.75511 14 1.0
77.3 34.8066 14 1.0
77.4 34.8581 14 1.0
77.5 34.9096 14 1.0
77.6 34.9611 14 1.0
77.7 35.0126 14 1.0
77.8 35.0641 14 1.0
77.9 35.11559 14 1.0
78.0 35.16709 14 1.0
78.1 35.21859 14 1.0
78.2 35.27009 14 1.0
78.3 35.32159 14 1.0
78.4 35.37309 14 1.0
78.5 35.42458 14 1.0
78.6 35.47608 14 1.0
78.7 35.52758 14 1.0
78.8 35.57908 14 1.0
78.9 35.63058 14 1.0
79.0 35.68208 14 1.0
79.1 35.73357 14 1.0
79.2 35.78507 14 1.0
79.3 35.83657 14 1.0
79.4 35.88807 14 1.0
79.5 35.93957 14 1.0
79.6 35.99107 14 1.0
79.7 36.04256 14 1.0
79.8 36.09406 14 1.0
79.9 36.14556 14 1.0
80.0 36.19706 14 1.0
80.1 36.22387 14 1.0
80.2 36.25068 14 1.0
80.3 36.27749 14 1.0
80.4 36.3043 14 1.0
80.5 36.33111 14 1.0
80.6 36.35793 14 1.0
80.7 36.38474 14 1.0
80.8 36.41155 14 1.0
80.9 36.43836 14 1.0
81.0 36.46517 14 1.0
81.1 36.49198 14 1.0
81.2 36.51879 14 1.0
81.3 36.5456 14 1.0
81.4 36.57241 14 1.0
81.5 36.59923 14 1.0
81.6 36.62604 14 1.0
81.7 36.65285 14 1.0
81.8 36.67966 14 1.0
81.9 36.70647 14 1.0
82.0 36.73328 14 1.0
82.1 36.76009 14 1.0
82.2 36.7869 14 1.0
82.3 36.81371 14 1.0
82.4 36.84052 14 1.0
82.5 36.86734 14 1.0
82.6 36.89415 14 1.0
82.7 36.92096 14 1.0
82.8 36.94777 14 1.0
82.9 36.97458 14 1.0
83.0 37.00139 14 1.0
83.1 37.0282 14 1.0
83.2 37.05501 14 1.0
83.3 37.08182 14 1.0
83.4 37.10864 14 1.0
83.5 37.13545 14 1.0
83.6 37.16226 14 1.0
83.7 37.18907 14 1.0
83.8 37.21588 14 1.0
83.9 37.24269 14 1.0
84.0 37.2695 14 1.0
84.1 37.29631 14 1.0
84.2 37.32312 14 1.0
84.3 37.34994 14 1.0
84.4 37.37675 14 1.0
84.5 37.40356 14 1.0
84.6 37.43037 14 1.0
84.7 37.45718 14 1.0
84.8 37.48399 14 1.0
84.9 37.5108 14 1.0
85.0 37.53761 14 1.0
85.1 37.56442 14 1.0
85.2 37.59124 14 1.0
85.3 37.61805 14 1.0
85.4 37.64486 14 1.0
85.5 37.67167 14 1.0
85.6 37.69848 14 1.0
85.7 37.72529 14 1.0
85.8 37.7521 14 1.0
85.9 37.77891 14 1.0
86.0 37.80572 14 1.0
86.1 37.83253 14 1.0
86.2 37.85935 14 1.0
86.3 37.88616 14 1.0
86.4 37.91297 14 1.0
86.5 37.93978 14 1.0
86.6 37.96659 14 1.0
86.7 37.9934 14 1.0
86.8 38.02021 14 1.0
86.9 38.04702 14 1.0
87.0 38.07383 14 1.0
87.1 38.10065 14 1.0
87.2 38.12746 14 1.0
87.3 38.15427 14 1.0
87.4 38.18108 14 1.0
87.5 38.20789 14 1.0
87.6 38.2347 14 1.0
87.7 38.26151 14 1.0
87.8 38.28832 14 1.0
87.9 38.31513 14 1.0
88.0 38.34195 14 1.0
88.1 38.36876 14 1.0
88.2 38.39557 14 1.0
88.3 38.42238 14 1.0
88.4 38.44919 14 1.0
88.5 38.476 14 1.0
88.6 38.50281 14 1.0
88.7 38.52962 14 1.0
88.8 38.55643 14 1.0
88.9 38.58325 14 1.0
89.0 38.61006 14 1.0
89.1 38.63687 14 1.0
89.2 38.66368 14 1.0
89.3 38.69049 14 1.0
89.4 38.7173 14 1.0
89.5 38.74411 14 1.0
89.6 38.77092 14 1.0
89.7 38.79773 14 1.0
89.8 38.82454 14 1.0
89.9 38.85136 14 1.0
90.0 38.87817 14 1.0
90.1 38.79908 14 1.0
90.2 38.71999 14 1.0
90.3 38.6409 14 1.0
90.4 38.56182 14 1.0
90.5 38.48273 14 1.0
90.6 38.40364 14 1.0
90.7 38.32455 14 1.0
90.8 38.24547 14 1.0
90.9 38.16638 14 1.0
91.0 38.08729 14 1.0
91.1 38.0082 14 1.0
91.2 37.92912 14 1.0
91.3 37.85003 14 1.0
91.4 37.77094 14 1.0
91.5 37.69185 14 1.0
91.6 37.61277 14 1.0
91.7 37.53368 14 1.0
91.8 37.45459 14 1.0
91.9 37.3755 14 1.0
92.0 37.29641 14 1.0
92.1 37.21733 14 1.0
92.2 37.13824 14 1.0
92.3 37.05915 14 1.0
92.4 36.98006 14 1.0
92.5 36.90098 14 1.0
92.6 36.82189 14 1.0
92.7 36.7428 14 1.0
92.8 36.66371 14 1.0
92.9 36.58463 14 1.0
93.0 36.50554 14 1.0
93.1 36.42645 14 1.0
93.2 36.34736 14 1.0
93.3 36.26828 14 1.0
93.4 36.18919 14 1.0
93.5 36.1101 14 1.0
93.6 36.03101 14 1.0
93.7 35.95193 14 1.0
93.8 35.87284 14 1.0
93.9 35.79375 14 1.0
94.0 35.71466 14 1.0
94.1 35.63558 14 1.0
94.2 35.55649 14 1.0
94.3 35.4774 14 1.0
94.4 35.39831 14 1.0
94.5 35.31922 14 1.0
94.6 35.24014 14 1.0
94.7 35.16105 14 1.0
94.8 35.08196 14 1.0
94.9 35.00287 14 1.0
95.0 34.92379 14 1.0
95.1 34.8447 14 1.0
95.2 34.76561 14 1.0
95.3 34.68652 14 1.0
95.4 34.60744 14 1.0
95.5 34.52835 14 1.0
95.6 34.44926 14 1.0
95.7 34.37017 14 1.0
95.8 34.29109 14 1.0
95.9 34.212 14 1.0
96.0 34.13291 14 1.0
96.1 34.05382 14 1.0
96.2 33.97474 14 1.0
96.3 33.89565 14 1.0
96.4 33.81656 14 1.0
96.5 33.73747 14 1.0
96.6 34.69008 14 1.0
96.7 36.18957 14 1.0
96.8 37.69763 14 1.0
96.9 39.21428 14 1.0
97.0 40.73952 14 1.0
97.1 42.27333 14 1.0
97.2 43.81574 14 1.0
97.3 45.36672 14 1.0
97.4 46.92629 14 1.0
97.5 48.49444 14 1.0
97.6 50.07118 14 1.0
97.7 51.6565 14 1.0
97.8 53.25041 14 1.0
97.9 54.8529 14 1.0
98.0 56.46397 14 1.0
98.1 58.08362 14 1.0
98.2 59.71186 14 1.0
98.3 61.34869 14 1.0
98.4 62.99409 14 1.0
98.5 64.64808 14 1.0
98.6 66.31066 14 1.0
98.7 67.98182 14 1.0
98.8 69.66156 14 1.0
98.9 71.34988 14 1.0
99.0 73.04679 14 1.0
99.1 74.75229 14 1.0
99.2 76.46636 14 1.0
99.3 78.18902 14 1.0
99.4 79.92027 14 1.0
99.5 81.6601 14 1.0
99.6 83.40851 14 1.0
99.7 85.16551 14 1.0
99.8 86.93109 14 1.0
99.9 88.70525 14 1.0
100.0 90.488 14 1.0
100.1 87.3009 14 1.0
100.2 84.1208 14 1.0
100.3 80.94769 14 1.0
100.4 77.78157 14 1.0
100.5 74.62245 14 1.0
100.6 71.47031 14 1.0
100.7 68.32517 14 1.0
100.8 65.18701 14 1.0
100.9 62.05585 14 1.0
101.0 58.93168 14 1.0
101.1 55.8145 14 1.0
101.2 52.70431 14 1.0
101.3 49.60112 14 1.0
101.4 46.50491 14 1.0
101.5 43.4157 14 1.0
101.6 40.33348 14 1.0
101.7 37.25825 14 1.0
101.8 34.20436 14 1.0
101.9 34.38408 14 1.0
102.0 34.5638 14 1.0
102.1 34.74352 14 1.0
102.2 34.92324 14 1.0
102.3 35.10296 14 1.0
102.4 35.28268 14 1.0
102.5 35.4624 14 1.0
102.6 35.64212 14 1.0
102.7 35.82184 14 1.0
102.8 36.00156 14 1.0
102.9 36.18128 14 1.0
103.0 36.361 14 1.0
103.1 36.54072 14 1.0
103.2 36.72044 14 1.0
103.3 36.90016 14 1.0
103.4 37.07988 14 1.0
103.5 37.2596 14 1.0
103.6 37.43932 14 1.0
103.7 37.61904 14 1.0
103.8 37.79876 14 1.0
103.9 37.97848 14 1.0
104.0 38.1582 14 1.0
104.1 38.33792 14 1.0
104.2 38.51764 14 1.0
104.3 38.69736 14 1.0
104.4 38.87708 14 1.0
104.5 39.0568 14 1.0
104.6 39.23652 14 1.0
104.7 39.41624 14 1.0
104.8 39.59596 14 1.0
104.9 39.77568 14 1.0
105.0 39.9554 14 1.0
105.1 40.13512 14 1.0
105.2 40.31484 14 1.0
105.3 40.49456 14 1.0
105.4 40.67428 14 1.0
105.5 40.854 14 1.0
105.6 41.03372 14 1.0
105.7 41.21344 14 1.0
105.8 41.39316 14 1.0
105.9 41.57288 14 1.0
106.0 41.7526 14 1.0
106.1 41.93232 14 1.0
106.2 42.11204 14 1.0
106.3 42.29176 14 1.0
106.4 42.47148 14 1.0
106.5 42.6512 14 1.0
106.6 42.83092 14 1.0
106.7 43.01064 14 1.0
106.8 43.19036 14 1.0
106.9 43.37008 14 1.0
107.0 43.5498 14 1.0
107.1 43.72952 14 1.0
107.2 43.90924 14 1.0
107.3 44.08896 14 1.0
107.4 44.26868 14 1.0
107.5 44.4484 14 1.0
107.6 44.62812 14 1.0
107.7 44.80784 14 1.0
107.8 44.98756 14 1.0
107.9 45.16728 14 1.0
108.0 45.347 14 1.0
108.1 45.52672 14 1.0
108.2 45.70644 14 1.0
108.3 45.88616 14 1.0
108.4 46.06588 14 1.0
108.5 46.2456 14 1.0
108.6 46.42532 14 1.0
108.7 46.60504 14 1.0
108.8 46.78476 14 1.0
108.9 46.96448 14 1.0
109.0 47.1442 14 1.0
109.1 47.32392 14 1.0
109.2 47.50364 14 1.0
109.3 47.68336 14 1.0
109.4 47.86308 14 1.0
109.5 48.0428 14 1.0
109.6 48.22252 14 1.0
109.7 48.40224 14 1.0
109.8 48.58196 14 1.0
109.9 48.76168 14 1.0
110.0 48.9414 14 1.0
110.1 48.98765 14 1.0
110.2 49.0339 14 1.0
110.3 49.08015 14 1.0
110.4 49.1264 14 1.0
110.5 49.17265 14 1.0
110.6 49.21891 14 1.0
110.7 49.26516 14 1.0
110.8 49.31141 14 1.0
110.9 49.35766 14 1.0
111.0 49.40391 14 1.0
111.1 49.45016 14 1.0
111.2 49.49641 14 1.0
111.3 49.54267 14 1.0
111.4 49.58892 14 1.0
111.5 49.63517 14 1.0
111.6 49.68142 14 1.0
111.7 49.72767 14 1.0
111.8 49.77392 14 1.0
111.9 49.82017 14 1.0
112.0 49.86643 14 1.0
112.1 49.91268 14 1.0
112.2 49.95893 14 1.0
112.3 50.00518 14 1.0
112.4 50.05143 14 1.0
112.5 50.09768 14 1.0
112.6 50.14393 14 1.0
112.7 50.19019 14 1.0
112.8 50.23644 14 1.0
112.9 50.28269 14 1.0
113.0 50.32894 14 1.0
113.1 50.37519 14 1.0
113.2 50.42144 14 1.0
113.3 50.46769 14 1.0
113.4 50.51395 14 1.0
113.5 50.5602 14 1.0
113.6 50.60645 14 1.0
113.7 50.6527 14 1.0
113.8 50.69895 14 1.0
113.9 50.7452 14 1.0
114.0 50.79146 14 1.0
114.1 50.83771 14 1.0
114.2 50.88396 14 1.0
114.3 50.93021 14 1.0
114.4 50.44777 14 1.0
114.5 49.79263 14 1.0
114.6 49.13622 14 1.0
114.7 48.47856 14 1.0
114.8 47.81964 14 1.0
114.9 47.15946 14 1.0
115.0 46.49802 14 1.0
115.1 45.83533 14 1.0
115.2 45.17137 14 1.0
115.3 44.50616 14 1.0
115.4 43.83969 14 1.0
115.5 43.17196 14 1.0
115.6 42.50297 14 1.0
115.7 41.83273 14 1.0
115.8 41.16122 14 1.0
115.9 40.48846 14 1.0
116.0 39.81444 14 1.0
116.1 39.13916 14 1.0
116.2 38.46262 14 1.0
116.3 37.78482 14 1.0
116.4 37.10577 14 1.0
116.5 36.42545 14 1.0
116.6 35.74388 14 1.0
116.7 35.06105 14 1.0
116.8 34.37696 14 1.0
116.9 33.69162 14 1.0
117.0 33.00501 14 1.0
117.1 32.31715 14 1.0
117.2 31.62802 14 1.0
117.3 30.93764 14 1.0
117.4 30.246 14 1.0
117.5 29.5531 14 1.0
117.6 28.85895 14 1.0
117.7 28.16353 14 1.0
117.8 27.46686 14 1.0
117.9 26.76893 14 1.0
118.0 26.06974 14 1.0
118.1 25.36929 14 1.0
118.2 24.66758 14 1.0
118.3 23.96462 14 1.0
118.4 23.26039 14 1.0
118.5 22.55491 14 1.0
118.6 21.84817 14 1.0
118.7 21.14017 14 1.0
118.8 20.43092 14 1.0
118.9 19.7204 14 1.0
119.0 19.00863 14 1.0
119.1 18.29559 14 1.0
119.2 17.5813 14 1.0
119.3 16.86575 14 1.0
119.4 16.14894 14 1.0
119.5 15.43088 14 1.0
119.6 14.71155 14 1.0
119.7 13.99097 14 1.0
119.8 13.26913 14 1.0
119.9 12.54603 14 1.0
120.0 11.82167 14 1.0
120.1 10.91099 14 1.0
120.2 9.99841 14 1.0
120.3 9.08393 14 1.0
120.4 8.167548 14 1.0
120.5 7.249267 14 1.0
120.6 6.329086 14 1.0
120.7 5.407004 14 1.0
120.8 4.483022 14 1.0
120.9 0.0 15 0.0
121.0 0.0 15 0.0
121.1 0.0 15 0.0
121.2 0.0 15 0.0
121.3 0.0 15 0.0
121.4 0.0 15 0.0
121.5 0.0 15 0.0
121.6 0.0 15 0.0
121.7 0.0 15 0.0
121.8 0.0 15 0.0
121.9 0.0 15 0.0
122.0 0.0 15 0.0
122.1 0.0 15 0.0
122.2 0.0 15 0.0
122.3 0.0 15 0.0
122.4 0.0 15 0.0
122.5 0.0 15 0.0
122.6 0.0 15 0.0
122.7 0.0 15 0.0
122.8 0.0 15 0.0
122.9 0.0 15 0.0
123.0 0.0 15 0.0
123.1 0.0 15 0.0
123.2 0.0 15 0.0
123.3 0.0 15 0.0
123.4 0.0 15 0.0
123.5 0.0 15 0.0
123.6 0.0 15 0.0
123.7 0.0 15 0.0
123.8 0.0 15 0.0
123.9 0.0 15 0.0
124.0 0.0 15 0.0
124.1 0.0 15 0.0
124.2 0.0 15 0.0
124.3 0.0 15 0.0
124.4 0.0 15 0.0
124.5 0.0 15 0.0
124.6 0.0 15 0.0
124.7 0.0 15 0.0
124.8 0.0 15 0.0
124.9 0.0 15 0.0
125.0 0.0 15 0.0
125.1 0.0 15 0.0
125.2 0.0 15 0.0
125.3 0.0 15 0.0
125.4 0.0 15 0.0
125.5 0.0 15 0.0
125.6 0.0 15 0.0
125.7 0.0 15 0.0
125.8 0.0 15 0.0
125.9 0.0 15 0.0
126.0 0.0 15 0.0
126.1 0.0 15 0.0
126.2 0.0 15 0.0
126.3 0.0 15 0.0
126.4 0.0 15 0.0
126.5 0.0 15 0.0
126.6 0.0 15 0.0
126.7 0.0 15 0.0
126.8 0.0 15 0.0
126.9 0.0 15 0.0
127.0 0.0 15 0.0
127.1 0.0 15 0.0
127.2 0.0 15 0.0
127.3 0.0 15 0.0
127.4 0.0 15 0.0
127.5 0.0 15 0.0
127.6 0.0 15 0.0
127.7 0.0 15 0.0
127.8 0.0 15 0.0
127.9 0.0 15 0.0
128.0 0.0 15 0.0
128.1 0.0 15 0.0
128.2 0.0 15 0.0
128.3 0.0 15 0.0
128.4 0.0 15 0.0
128.5 0.0 15 0.0
128.6 0.0 15 0.0
128.7 0.0 15 0.0
128.8 0.0 15 0.0
128.9 0.0 15 0.0
129.0 0.0 15 0.0
129.1 0.0 15 0.0
129.2 0.0 15 0.0
129.3 0.0 15 0.0
129.4 0.0 15 0.0
129.5 0.0 15 0.0
129.6 0.0 15 0.0
129.7 0.0 15 0.0
129.8 0.0 15 0.0
129.9 0.0 15 0.0
130.0 0.0 15 0.0
130.1 0.0 15 0.0
130.2 0.0 15 0.0
130.3 0.0 15 0.0
130.4 0.0 15 0.0
130.5 0.0 15 0.0
130.6 0.0 15 0.0
130.7 0.0 15 0.0
130.8 0.0 15 0.0
130.9 0.0 15 0.0
131.0 0.0 15 0.0
131.1 0.0 15 0.0
131.2 0.0 15 0.0
131.3 0.0 15 0.0
131.4 0.0 15 0.0
131.5 0.0 15 0.0
131.6 0.0 15 0.0
131.7 0.0 15 0.0
131.8 0.0 15 0.0
131.9 0.0 15 0.0
132.0 0.0 15 0.0
132.1 0.0 15 0.0
132.2 0.0 15 0.0
132.3 0.0 15 0.0
132.4 0.0 15 0.0
132.5 0.0 15 0.0
132.6 0.0 15 0.0
132.7 0.0 15 0.0
132.8 0.0 15 0.0
132.9 0.0 15 0.0
133.0 0.0 15 0.0
133.1 0.0 15 0.0
133.2 0.0 15 0.0
133.3 0.0 15 0.0
133.4 0.0 15 0.0
133.5 0.0 15 0.0
133.6 0.0 15 0.0
133.7 0.0 15 0.0
133.8 0.0 15 0.0
133.9 0.0 15 0.0
134.0 0.0 15 0.0
134.1 0.0 15 0.0
134.2 0.0 15 0.0
134.3 0.0 15 0.0
134.4 0.0 15 0.0
134.5 0.0 15 0.0
134.6 0.0 15 0.0
134.7 0.0 15 0.0
134.8 0.0 15 0.0
134.9 0.0 15 0.0
135.0 0.0 15 0.0
135.1 0.0 15 0.0
135.2 0.0 15 0.0
135.3 0.0 15 0.0
135.4 0.0 15 0.0
135.5 0.0 15 0.0
135.6 0.0 15 0.0
135.7 0.0 15 0.0
135.8 0.0 15 0.0
135.9 0.0 15 0.0
136.0 0.0 15 0.0
136.1 0.0 15 0.0
136.2 0.0 15 0.0
136.3 0.0 15 0.0
136.4 0.0 15 0.0
136.5 0.0 15 0.0
136.6 0.0 15 0.0
136.7 0.0 15 0.0
136.8 0.0 15 0.0
136.9 0.0 15 0.0
137.0 0.0 15 0.0
137.1 0.0 15 0.0
137.2 0.0 15 0.0
137.3 0.0 15 0.0
137.4 0.0 15 0.0
137.5 0.0 15 0.0
137.6 0.0 15 0.0
137.7 0.0 15 0.0
137.8 0.0 15 0.0
137.9 0.0 15 0.0
138.0 0.0 15 0.0
138.1 0.0 15 0.0
138.2 0.0 15 0.0
138.3 0.0 15 0.0
138.4 0.0 15 0.0
138.5 0.0 15 0.0
138.6 0.0 15 0.0
138.7 0.0 15 0.0
138.8 0.0 15 0.0
138.9 0.0 15 0.0
139.0 0.0 15 0.0
139.1 0.0 15 0.0
139.2 0.0 15 0.0
139.3 0.0 15 0.0
139.4 0.0 15 0.0
139.5 0.0 15 0.0
139.6 0.0 15 0.0
139.7 0.0 15 0.0
139.8 0.0 15 0.0
139.9 0.0 15 0.0
140.0 0.0 15 0.0
140.1 0.0 15 0.0
140.2 0.0 15 0.0
140.3 0.0 15 0.0
140.4 0.0 15 0.0
140.5 0.0 15 0.0
140.6 0.0 15 0.0
140.7 0.0 15 0.0
140.8 0.0 15 0.0
140.9 0.0 15 0.0
141.0 0.0 15 0.0
141.1 0.0 15 0.0
141.2 0.0 15 0.0
141.3 0.0 15 0.0
141.4 0.0 15 0.0
141.5 0.0 15 0.0
141.6 0.0 15 0.0
141.7 0.0 15 0.0
141.8 0.0 15 0.0
141.9 0.0 15 0.0
142.0 0.0 15 0.0
142.1 0.0 15 0.0
142.2 0.0 15 0.0
142.3 0.0 15 0.0
142.4 0.0 15 0.0
142.5 0.0 15 0.0
142.6 0.0 15 0.0
142.7 0.0 15 0.0
142.8 0.0 15 0.0
142.9 0.0 15 0.0
143.0 0.0 15 0.0
143.1 0.0 15 0.0
143.2 0.0 15 0.0
143.3 0.0 15 0.0
143.4 0.0 15 0.0
143.5 0.0 15 0.0
143.6 0.0 15 0.0
143.7 0.0 15 0.0
143.8 0.0 15 0.0
143.9 0.0 15 0.0
144.0 0.0 15 0.0
144.1 0.0 15 0.0
144.2 0.0 15 0.0
144.3 0.0 15 0.0
144.4 0.0 15 0.0
144.5 0.0 15 0.0
144.6 0.0 15 0.0
144.7 0.0 15 0.0
144.8 0.0 15 0.0
144.9 0.0 15 0.0
145.0 6.410325 14 1.0
145.1 9.715652 14 1.0
145.2 13.00342 14 1.0
145.3 16.27364 14 1.0
145.4 19.5263 14 1.0
145.5 22.7614 14 1.0
145.6 25.97895 14 1.0
145.7 29.17894 14 1.0
145.8 32.36138 14 1.0
145.9 35.52626 14 1.0
146.0 38.67358 14 1.0
146.1 41.80335 14 1.0
146.2 44.91556 14 1.0
146.3 48.01022 14 1.0
146.4 51.08732 14 1.0
146.5 53.98916 14 1.0
146.6 53.83972 14 1.0
146.7 53.69028 14 1.0
146.8 53.54084 14 1.0
146.9 53.3914 14 1.0
147.0 53.24196 14 1.0
147.1 53.09252 14 1.0
147.2 52.94308 14 1.0
147.3 52.79364 14 1.0
147.4 52.6442 14 1.0
147.5 52.49476 14 1.0
147.6 52.34532 14 1.0
147.7 52.19588 14 1.0
147.8 52.04644 14 1.0
147.9 51.897 14 1.0
148.0 51.74756 14 1.0
148.1 51.59812 14 1.0
148.2 51.44868 14 1.0
148.3 51.29924 14 1.0
148.4 51.1498 14 1.0
148.5 51.00036 14 1.0
148.6 50.85092 14 1.0
148.7 50.70148 14 1.0
148.8 50.55204 14 1.0
148.9 50.4026 14 1.0
149.0 50.25317 14 1.0
149.1 50.10373 14 1.0
149.2 49.95429 14 1.0
149.3 49.80485 14 1.0
149.4 49.69581 14 1.0
149.5 49.59775 14 1.0
149.6 49.49969 14 1.0
149.7 49.40162 14 1.0
149.8 49.30356 14 1.0
149.9 49.2055 14 1.0
150.0 49.10743 14 1.0
150.1 49.18672 14 1.0
150.2 49.26601 14 1.0
150.3 49.3453 14 1.0
150.4 49.42458 14 1.0
150.5 49.50387 14 1.0
150.6 49.58316 14 1.0
150.7 49.66245 14 1.0
150.8 49.74173 14 1.0
150.9 49.82102 14 1.0
151.0 49.90031 14 1.0
151.1 49.9796 14 1.0
151.2 50.05889 14 1.0
151.3 50.13818 14 1.0
151.4 50.21746 14 1.0
151.5 50.29675 14 1.0
151.6 50.37604 14 1.0
151.7 50.45532 14 1.0
151.8 50.53461 14 1.0
151.9 50.6139 14 1.0
152.0 50.69319 14 1.0
152.1 50.77248 14 1.0
152.2 50.85177 14 1.0
152.3 50.93105 14 1.0
152.4 51.01034 14 1.0
152.5 51.08963 14 1.0
152.6 51.16892 14 1.0
152.7 51.2482 14 1.0
152.8 51.33468 14 1.0
152.9 51.42668 14 1.0
153.0 51.51868 14 1.0
153.1 51.61067 14 1.0
153.2 51.70267 14 1.0
153.3 51.79467 14 1.0
153.4 51.88666 14 1.0
153.5 51.97866 14 1.0
153.6 52.07066 14 1.0
153.7 52.16265 14 1.0
153.8 52.25465 14 1.0
153.9 52.34665 14 1.0
154.0 52.43864 14 1.0
154.1 52.53064 14 1.0
154.2 52.62264 14 1.0
154.3 52.71463 14 1.0
154.4 52.80663 14 1.0
154.5 52.89863 14 1.0
154.6 52.99063 14 1.0
154.7 53.08262 14 1.0
154.8 53.17462 14 1.0
154.9 53.26662 14 1.0
155.0 53.35861 14 1.0
155.1 53.45061 14 1.0
155.2 53.54261 14 1.0
155.3 53.6346 14 1.0
155.4 53.7266 14 1.0
155.5 53.8186 14 1.0
155.6 53.91059 14 1.0
155.7 54.00259 14 1.0
155.8 54.09459 14 1.0
155.9 54.18659 14 1.0
156.0 54.27858 14 1.0
156.1 54.37058 14 1.0
156.2 54.46258 14 1.0
156.3 54.55457 14 1.0
156.4 54.64657 14 1.0
156.5 54.73857 14 1.0
156.6 54.83056 14 1.0
156.7 54.92256 14 1.0
156.8 53.92224 14 1.0
156.9 52.3128 14 1.0
157.0 50.69774 14 1.0
157.1 49.07705 14 1.0
157.2 47.45074 14 1.0
157.3 45.8188 14 1.0
157.4 44.18124 14 1.0
157.5 42.53806 14 1.0
157.6 40.88925 14 1.0
157.7 39.23482 14 1.0
157.8 37.57477 14 1.0
157.9 35.90909 14 1.0
158.0 34.23779 14 1.0
158.1 32.56086 14 1.0
158.2 30.87831 14 1.0
158.3 29.19014 14 1.0
158.4 27.49634 14 1.0
158.5 25.79692 14 1.0
158.6 24.09187 14 1.0
158.7 22.3812 14 1.0
158.8 20.66491 14 1.0
158.9 18.94299 14 1.0
159.0 17.21545 14 1.0
159.1 15.48229 14 1.0
159.2 13.7435 14 1.0
159.3 11.99909 14 1.0
159.4 10.24905 14 1.0
159.5 8.49339 14 1.0
159.6 6.732106 14 1.0
159.7 4.965199 14 1.0
159.8 0.0 15 0.0
159.9 0.0 15 0.0
160.0 0.0 15 0.0
160.1 0.0 15 0.0
160.2 0.0 15 0.0
160.3 0.0 15 0.0
160.4 0.0 15 0.0
160.5 0.0 15 0.0
160.6 0.0 15 0.0
160.7 0.0 15 0.0
160.8 0.0 15 0.0
160.9 0.0 15 0.0
161.0 0.0 15 0.0
161.1 0.0 15 0.0
161.2 0.0 15 0.0
161.3 0.0 15 0.0
161.4 0.0 15 0.0
161.5 0.0 15 0.0
161.6 0.0 15 0.0
161.7 0.0 15 0.0
161.8 0.0 15 0.0
161.9 0.0 15 0.0
162.0 0.0 15 0.0
162.1 0.0 15 0.0
162.2 0.0 15 0.0
162.3 0.0 15 0.0
162.4 0.0 15 0.0
162.5 0.0 15 0.0
162.6 0.0 15 0.0
162.7 0.0 15 0.0
162.8 0.0 15 0.0
162.9 0.0 15 0.0
163.0 0.0 15 0.0
163.1 0.0 15 0.0
163.2 0.0 15 0.0
163.3 0.0 15 0.0
163.4 0.0 15 0.0
163.5 0.0 15 0.0
163.6 0.0 15 0.0
163.7 0.0 15 0.0
163.8 0.0 15 0.0
163.9 0.0 15 0.0
164.0 0.0 15 0.0
164.1 0.0 15 0.0
164.2 0.0 15 0.0
164.3 0.0 15 0.0
164.4 0.0 15 0.0
164.5 0.0 15 0.0
164.6 0.0 15 0.0
164.7 0.0 15 0.0
164.8 0.0 15 0.0
164.9 0.0 15 0.0
165.0 0.0 15 0.0
165.1 0.0 15 0.0
165.2 0.0 15 0.0
165.3 0.0 15 0.0
165.4 0.0 15 0.0
165.5 0.0 15 0.0
165.6 0.0 15 0.0
165.7 0.0 15 0.0
165.8 0.0 15 0.0
165.9 0.0 15 0.0
166.0 0.0 15 0.0
166.1 0.0 15 0.0
166.2 0.0 15 0.0
166.3 0.0 15 0.0
166.4 0.0 15 0.0
166.5 0.0 15 0.0
166.6 0.0 15 0.0
166.7 0.0 15 0.0
166.8 0.0 15 0.0
166.9 0.0 15 0.0
167.0 0.0 15 0.0
167.1 0.0 15 0.0
167.2 0.0 15 0.0
167.3 0.0 15 0.0
167.4 0.0 15 0.0
167.5 0.0 15 0.0
167.6 0.0 15 0.0
167.7 0.0 15 0.0
167.8 0.0 15 0.0
167.9 0.0 15 0.0
168.0 0.0 15 0.0
168.1 0.0 15 0.0
168.2 0.0 15 0.0
168.3 0.0 15 0.0
168.4 0.0 15 0.0
168.5 0.0 15 0.0
168.6 0.0 15 0.0
168.7 0.0 15 0.0
168.8 0.0 15 0.0
168.9 0.0 15 0.0
169.0 0.0 15 0.0
169.1 0.0 15 0.0
169.2 0.0 15 0.0
169.3 0.0 15 0.0
169.4 0.0 15 0.0
169.5 0.0 15 0.0
169.6 0.0 15 0.0
169.7 0.0 15 0.0
169.8 0.0 15 0.0
169.9 0.0 15 0.0
170.0 0.0 15 0.0
170.1 0.0 15 0.0
170.2 0.0 15 0.0
170.3 0.0 15 0.0
170.4 0.0 15 0.0
170.5 0.0 15 0.0
170.6 0.0 15 0.0
170.7 0.0 15 0.0
170.8 0.0 15 0.0
170.9 0.0 15 0.0
171.0 0.0 15 0.0
171.1 0.0 15 0.0
171.2 0.0 15 0.0
171.3 0.0 15 0.0
171.4 0.0 15 0.0
171.5 0.0 15 0.0
171.6 0.0 15 0.0
171.7 0.0 15 0.0
171.8 0.0 15 0.0
171.9 0.0 15 0.0
172.0 0.0 15 0.0
172.1 0.0 15 0.0
172.2 0.0 15 0.0
172.3 0.0 15 0.0
172.4 0.0 15 0.0
172.5 0.0 15 0.0
172.6 0.0 15 0.0
172.7 0.0 15 0.0
172.8 0.0 15 0.0
172.9 0.0 15 0.0
173.0 0.0 15 0.0
173.1 0.0 15 0.0
173.2 0.0 15 0.0
173.3 0.0 15 0.0
173.4 0.0 15 0.0
173.5 0.0 15 0.0
173.6 0.0 15 0.0
173.7 0.0 15 0.0
173.8 0.0 15 0.0
173.9 0.0 15 0.0
174.0 0.0 15 0.0
174.1 0.0 15 0.0
174.2 0.0 15 0.0
174.3 0.0 15 0.0
174.4 0.0 15 0.0
174.5 0.0 15 0.0
174.6 0.0 15 0.0
174.7 0.0 15 0.0
174.8 0.0 15 0.0
174.9 0.0 15 0.0
175.0 0.0 15 0.0
175.1 0.0 15 0.0
175.2 0.0 15 0.0
175.3 0.0 15 0.0
175.4 0.0 15 0.0
175.5 0.0 15 0.0
175.6 0.0 15 0.0
175.7 0.0 15 0.0
175.8 0.0 15 0.0
175.9 0.0 15 0.0
176.0 0.0 15 0.0
176.1 0.0 15 0.0
176.2 0.0 15 0.0
176.3 0.0 15 0.0
176.4 0.0 15 0.0
176.5 0.0 15 0.0
176.6 0.0 15 0.0
176.7 0.0 15 0.0
176.8 0.0 15 0.0
176.9 0.0 15 0.0
177.0 0.0 15 0.0
177.1 0.0 15 0.0
177.2 0.0 15 0.0
177.3 0.0 15 0.0
177.4 0.0 15 0.0
177.5 0.0 15 0.0
177.6 0.0 15 0.0
177.7 0.0 15 0.0
177.8 0.0 15 0.0
177.9 0.0 15 0.0
178.0 0.0 15 0.0
178.1 0.0 15 0.0
178.2 0.0 15 0.0
178.3 0.0 15 0.0
178.4 0.0 15 0.0
178.5 0.0 15 0.0
178.6 0.0 15 0.0
178.7 0.0 15 0.0
178.8 0.0 15 0.0
178.9 0.0 15 0.0
179.0 0.0 15 0.0
179.1 0.0 15 0.0
179.2 0.0 15 0.0
179.3 0.0 15 0.0
179.4 0.0 15 0.0
179.5 0.0 15 0.0
179.6 0.0 15 0.0
179.7 0.0 15 0.0
179.8 0.0 15 0.0
179.9 0.0 15 0.0
180.0 0.0 15 0.0
180.1 0.0 15 0.0
180.2 0.0 15 0.0
180.3 0.0 15 0.0
180.4 0.0 15 0.0
180.5 0.0 15 0.0
180.6 0.0 15 0.0
180.7 0.0 15 0.0
180.8 0.0 15 0.0
180.9 0.0 15 0.0
181.0 0.0 15 0.0
181.1 0.0 15 0.0
181.2 0.0 15 0.0
181.3 0.0 15 0.0
181.4 0.0 15 0.0
181.5 0.0 15 0.0
181.6 0.0 15 0.0
181.7 0.0 15 0.0
181.8 0.0 15 0.0
181.9 0.0 15 0.0
182.0 0.0 15 0.0
182.1 0.0 15 0.0
182.2 0.0 15 0.0
182.3 0.0 15 0.0
182.4 0.0 15 0.0
182.5 0.0 15 0.0
182.6 0.0 15 0.0
182.7 0.0 15 0.0
182.8 0.0 15 0.0
182.9 0.0 15 0.0
183.0 0.0 15 0.0
183.1 0.0 15 0.0
183.2 0.0 15 0.0
183.3 0.0 15 0.0
183.4 0.0 15 0.0
183.5 0.0 15 0.0
183.6 0.0 15 0.0
183.7 0.0 15 0.0
183.8 0.0 15 0.0
183.9 0.0 15 0.0
184.0 0.0 15 0.0
184.1 0.0 15 0.0
184.2 0.0 15 0.0
184.3 0.0 15 0.0
184.4 0.0 15 0.0
184.5 0.0 15 0.0
184.6 0.0 15 0.0
184.7 0.0 15 0.0
184.8 0.0 15 0.0
184.9 0.0 15 0.0
185.0 0.0 15 0.0
185.1 0.0 15 0.0
185.2 0.0 15 0.0
185.3 0.0 15 0.0
185.4 0.0 15 0.0
185.5 0.0 15 0.0
185.6 0.0 15 0.0
185.7 0.0 15 0.0
185.8 0.0 15 0.0
185.9 0.0 15 0.0
186.0 0.0 15 0.0
186.1 0.0 15 0.0
186.2 0.0 15 0.0
186.3 0.0 15 0.0
186.4 0.0 15 0.0
186.5 0.0 15 0.0
186.6 0.0 15 0.0
186.7 0.0 15 0.0
186.8 0.0 15 0.0
186.9 0.0 15 0.0
187.0 0.0 15 0.0
187.1 0.0 15 0.0
187.2 0.0 15 0.0
187.3 0.0 15 0.0
187.4 0.0 15 0.0
187.5 0.0 15 0.0
187.6 0.0 15 0.0
187.7 0.0 15 0.0
187.8 0.0 15 0.0
187.9 0.0 15 0.0
188.0 0.0 15 0.0
188.1 0.0 15 0.0
188.2 0.0 15 0.0
188.3 0.0 15 0.0
188.4 0.0 15 0.0
188.5 0.0 15 0.0
188.6 0.0 15 0.0
188.7 0.0 15 0.0
188.8 0.0 15 0.0
188.9 0.0 15 0.0
189.0 0.0 15 0.0
189.1 0.0 15 0.0
189.2 0.0 15 0.0
189.3 0.0 15 0.0
189.4 0.0 15 0.0
189.5 0.0 15 0.0
189.6 0.0 15 0.0
189.7 0.0 15 0.0
189.8 0.0 15 0.0
189.9 0.0 15 0.0
190.0 0.0 15 0.0
190.1 0.0 15 0.0
190.2 0.0 15 0.0
190.3 0.0 15 0.0
190.4 0.0 15 0.0
190.5 0.0 15 0.0
190.6 0.0 15 0.0
190.7 0.0 15 0.0
190.8 0.0 15 0.0
190.9 0.0 15 0.0
191.0 0.0 15 0.0
191.1 0.0 15 0.0
191.2 0.0 15 0.0
191.3 0.0 15 0.0
191.4 0.0 15 0.0
191.5 0.0 15 0.0
191.6 0.0 15 0.0
191.7 0.0 15 0.0
191.8 0.0 15 0.0
191.9 0.0 15 0.0
192.0 0.0 15 0.0
192.1 0.0 15 0.0
192.2 0.0 15 0.0
192.3 0.0 15 0.0
192.4 0.0 15 0.0
192.5 0.0 15 0.0
192.6 0.0 15 0.0
192.7 0.0 15 0.0
192.8 0.0 15 0.0
192.9 0.0 15 0.0
193.0 0.0 15 0.0
193.1 0.0 15 0.0
193.2 0.0 15 0.0
193.3 0.0 15 0.0
193.4 0.0 15 0.0
193.5 0.0 15 0.0
193.6 0.0 15 0.0
193.7 0.0 15 0.0
193.8 0.0 15 0.0
193.9 0.0 15 0.0
194.0 0.0 15 0.0
194.1 0.0 15 0.0
194.2 0.0 15 0.0
194.3 0.0 15 0.0
194.4 0.0 15 0.0
194.5 0.0 15 0.0
194.6 0.0 15 0.0
194.7 0.0 15 0.0
194.8 0.0 15 0.0
194.9 0.0 15 0.0
195.0 0.0 15 0.0
195.1 0.0 15 0.0
195.2 0.0 15 0.0
195.3 0.0 15 0.0
195.4 0.0 15 0.0
195.5 0.0 15 0.0
195.6 0.0 15 0.0
195.7 0.0 15 0.0
195.8 0.0 15 0.0
195.9 0.0 15 0.0
196.0 0.0 15 0.0
196.1 0.0 15 0.0
196.2 0.0 15 0.0
196.3 0.0 15 0.0
196.4 0.0 15 0.0
196.5 0.0 15 0.0
196.6 0.0 15 0.0
196.7 0.0 15 0.0
196.8 0.0 15 0.0
196.9 0.0 15 0.0
197.0 0.0 15 0.0
197.1 0.0 15 0.0
197.2 0.0 15 0.0
197.3 0.0 15 0.0
197.4 0.0 15 0.0
197.5 0.0 15 0.0
197.6 0.0 15 0.0
197.7 0.0 15 0.0
197.8 0.0 15 0.0
197.9 0.0 15 0.0
198.0 0.0 15 0.0
198.1 0.0 15 0.0
198.2 0.0 15 0.0
198.3 0.0 15 0.0
198.4 0.0 15 0.0
198.5 0.0 15 0.0
198.6 0.0 15 0.0
198.7 0.0 15 0.0
198.8 0.0 15 0.0
198.9 0.0 15 0.0
199.0 0.0 15 0.0
199.1 0.0 15 0.0
199.2 0.0 15 0.0
199.3 0.0 15 0.0
199.4 0.0 15 0.0
199.5 0.0 15 0.0
199.6 0.0 15 0.0
199.7 0.0 15 0.0
199.8 0.0 15 0.0
199.9 0.0 15 0.0
200.0 0.0 15 0.0
200.1 0.0 15 0.0
200.2 0.0 15 0.0
200.3 0.0 15 0.0
200.4 0.0 15 0.0
200.5 0.0 15 0.0
200.6 0.0 15 0.0
200.7 0.0 15 0.0
200.8 0.0 15 0.0
200.9 0.0 15 0.0
201.0 0.0 15 0.0
201.1 0.0 15 0.0
201.2 0.0 15 0.0
201.3 0.0 15 0.0
201.4 0.0 15 0.0
201.5 0.0 15 0.0
201.6 0.0 15 0.0
201.7 0.0 15 0.0
201.8 0.0 15 0.0
201.9 0.0 15 0.0
202.0 0.0 15 0.0
202.1 0.0 15 0.0
202.2 0.0 15 0.0
202.3 0.0 15 0.0
202.4 0.0 15 0.0
202.5 0.0 15 0.0
202.6 0.0 15 0.0
202.7 0.0 15 0.0
202.8 0.0 15 0.0
202.9 0.0 15 0.0
203.0 0.0 15 0.0
203.1 0.0 15 0.0
203.2 0.0 15 0.0
203.3 0.0 15 0.0
203.4 0.0 15 0.0
203.5 0.0 15 0.0
203.6 0.0 15 0.0
203.7 0.0 15 0.0
203.8 0.0 15 0.0
203.9 0.0 15 0.0
204.0 0.0 15 0.0
204.1 0.0 15 0.0
204.2 0.0 15 0.0
204.3 0.0 15 0.0
204.4 0.0 15 0.0
204.5 0.0 15 0.0
204.6 0.0 15 0.0
204.7 0.0 15 0.0
204.8 0.0 15 0.0
204.9 0.0 15 0.0
205.0 0.0 15 0.0
205.1 0.0 15 0.0
205.2 0.0 15 0.0
205.3 0.0 15 0.0
205.4 0.0 15 0.0
205.5 0.0 15 0.0
205.6 0.0 15 0.0
205.7 0.0 15 0.0
205.8 0.0 15 0.0
205.9 0.0 15 0.0
206.0 0.0 15 0.0
206.1 0.0 15 0.0
206.2 0.0 15 0.0
206.3 0.0 15 0.0
206.4 0.0 15 0.0
206.5 0.0 15 0.0
206.6 0.0 15 0.0
206.7 0.0 15 0.0
206.8 0.0 15 0.0
206.9 0.0 15 0.0
207.0 0.0 15 0.0
207.1 0.0 15 0.0
207.2 0.0 15 0.0
207.3 0.0 15 0.0
207.4 0.0 15 0.0
207.5 0.0 15 0.0
207.6 0.0 15 0.0
207.7 0.0 15 0.0
207.8 0.0 15 0.0
207.9 0.0 15 0.0
208.0 0.0 15 0.0
208.1 0.0 15 0.0
208.2 0.0 15 0.0
208.3 0.0 15 0.0
208.4 0.0 15 0.0
208.5 0.0 15 0.0
208.6 0.0 15 0.0
208.7 0.0 15 0.0
208.8 0.0 15 0.0
208.9 0.0 15 0.0
209.0 0.0 15 0.0
209.1 0.0 15 0.0
209.2 0.0 15 0.0
209.3 0.0 15 0.0
209.4 0.0 15 0.0
209.5 0.0 15 0.0
209.6 0.0 15 0.0
209.7 0.0 15 0.0
209.8 0.0 15 0.0
209.9 0.0 15 0.0
210.0 0.0 15 0.0
210.1 0.0 15 0.0
210.2 0.0 15 0.0
210.3 0.0 15 0.0
210.4 0.0 15 0.0
210.5 0.0 15 0.0
210.6 0.0 15 0.0
210.7 0.0 15 0.0
210.8 0.0 15 0.0
210.9 0.0 15 0.0
211.0 0.0 15 0.0
211.1 0.0 15 0.0
211.2 0.0 15 0.0
211.3 0.0 15 0.0
211.4 0.0 15 0.0
211.5 0.0 15 0.0
211.6 0.0 15 0.0
211.7 0.0 15 0.0
211.8 0.0 15 0.0
211.9 0.0 15 0.0
212.0 0.0 15 0.0
212.1 0.0 15 0.0
212.2 0.0 15 0.0
212.3 0.0 15 0.0
212.4 0.0 15 0.0
212.5 0.0 15 0.0
212.6 0.0 15 0.0
212.7 0.0 15 0.0
212.8 0.0 15 0.0
212.9 0.0 15 0.0
213.0 0.0 15 0.0
213.1 0.0 15 0.0
213.2 0.0 15 0.0
213.3 0.0 15 0.0
213.4 0.0 15 0.0
213.5 0.0 15 0.0
213.6 0.0 15 0.0
213.7 0.0 15 0.0
213.8 0.0 15 0.0
213.9 0.0 15 0.0
214.0 0.0 15 0.0
214.1 0.0 15 0.0
214.2 0.0 15 0.0
214.3 0.0 15 0.0
214.4 0.0 15 0.0
214.5 0.0 15 0.0
214.6 0.0 15 0.0
214.7 0.0 15 0.0
214.8 0.0 15 0.0
214.9 0.0 15 0.0
215.0 0.0 15 0.0
215.1 0.0 15 0.0
215.2 0.0 15 0.0
215.3 0.0 15 0.0
215.4 0.0 15 0.0
215.5 0.0 15 0.0
215.6 0.0 15 0.0
215.7 0.0 15 0.0
215.8 0.0 15 0.0
215.9 0.0 15 0.0
216.0 0.0 15 0.0
216.1 0.0 15 0.0
216.2 0.0 15 0.0
216.3 0.0 15 0.0
216.4 0.0 15 0.0
216.5 0.0 15 0.0
216.6 0.0 15 0.0
216.7 0.0 15 0.0
216.8 0.0 15 0.0
216.9 0.0 15 0.0
217.0 0.0 15 0.0
217.1 0.0 15 0.0
217.2 0.0 15 0.0
217.3 0.0 15 0.0
217.4 0.0 15 0.0
217.5 0.0 15 0.0
217.6 0.0 15 0.0
217.7 0.0 15 0.0
217.8 0.0 15 0.0
217.9 0.0 15 0.0
218.0 0.0 15 0.0
218.1 0.0 15 0.0
218.2 0.0 15 0.0
218.3 0.0 15 0.0
218.4 0.0 15 0.0
218.5 0.0 15 0.0
218.6 0.0 15 0.0
218.7 0.0 15 0.0
218.8 0.0 15 0.0
218.9 0.0 15 0.0
219.0 0.0 15 0.0
219.1 0.0 15 0.0
219.2 0.0 15 0.0
219.3 0.0 15 0.0
219.4 0.0 15 0.0
219.5 0.0 15 0.0
219.6 0.0 15 0.0
219.7 0.0 15 0.0
219.8 0.0 15 0.0
219.9 0.0 15 0.0
220.0 0.0 15 0.0
220.1 0.0 15 0.0
220.2 0.0 15 0.0
220.3 0.0 15 0.0
220.4 0.0 15 0.0
220.5 0.0 15 0.0
220.6 0.0 15 0.0
220.7 0.0 15 0.0
220.8 0.0 15 0.0
220.9 0.0 15 0.0
221.0 0.0 15 0.0
221.1 0.0 15 0.0
221.2 0.0 15 0.0
221.3 0.0 15 0.0
221.4 0.0 15 0.0
221.5 0.0 15 0.0
221.6 0.0 15 0.0
221.7 0.0 15 0.0
221.8 0.0 15 0.0
221.9 0.0 15 0.0
222.0 0.0 15 0.0
222.1 0.0 15 0.0
222.2 0.0 15 0.0
222.3 0.0 15 0.0
222.4 0.0 15 0.0
222.5 0.0 15 0.0
222.6 0.0 15 0.0
222.7 0.0 15 0.0
222.8 0.0 15 0.0
222.9 0.0 15 0.0
223.0 0.0 15 0.0
223.1 0.0 15 0.0
223.2 0.0 15 0.0
223.3 0.0 15 0.0
223.4 0.0 15 0.0
223.5 0.0 15 0.0
223.6 0.0 15 0.0
223.7 0.0 15 0.0
223.8 0.0 15 0.0
223.9 0.0 15 0.0
224.0 0.0 15 0.0
224.1 0.0 15 0.0
224.2 0.0 15 0.0
224.3 0.0 15 0.0
224.4 0.0 15 0.0
224.5 0.0 15 0.0
224.6 0.0 15 0.0
224.7 0.0 15 0.0
224.8 0.0 15 0.0
224.9 0.0 15 0.0
225.0 0.0 15 0.0
225.1 0.0 15 0.0
225.2 0.0 15 0.0
225.3 0.0 15 0.0
225.4 0.0 15 0.0
225.5 0.0 15 0.0
225.6 0.0 15 0.0
225.7 0.0 15 0.0
225.8 0.0 15 0.0
225.9 0.0 15 0.0
226.0 0.0 15 0.0
226.1 0.0 15 0.0
226.2 0.0 15 0.0
226.3 0.0 15 0.0
226.4 0.0 15 0.0
226.5 0.0 15 0.0
226.6 0.0 15 0.0
226.7 0.0 15 0.0
226.8 0.0 15 0.0
226.9 0.0 15 0.0
227.0 0.0 15 0.0
227.1 0.0 15 0.0
227.2 0.0 15 0.0
227.3 0.0 15 0.0
227.4 0.0 15 0.0
227.5 0.0 15 0.0
227.6 0.0 15 0.0
227.7 0.0 15 0.0
227.8 0.0 15 0.0
227.9 0.0 15 0.0
228.0 0.0 15 0.0
228.1 0.0 15 0.0
228.2 0.0 15 0.0
228.3 0.0 15 0.0
228.4 0.0 15 0.0
228.5 0.0 15 0.0
228.6 0.0 15 0.0
228.7 0.0 15 0.0
228.8 0.0 15 0.0
228.9 0.0 15 0.0
229.0 0.0 15 0.0
229.1 0.0 15 0.0
229.2 0.0 15 0.0
229.3 0.0 15 0.0
229.4 0.0 15 0.0
229.5 0.0 15 0.0
229.6 0.0 15 0.0
229.7 0.0 15 0.0
229.8 0.0 15 0.0
229.9 0.0 15 0.0
230.0 0.0 15 0.0
230.1 0.0 15 0.0
230.2 0.0 15 0.0
230.3 0.0 15 0.0
230.4 0.0 15 0.0
230.5 0.0 15 0.0
230.6 0.0 15 0.0
230.7 0.0 15 0.0
230.8 0.0 15 0.0
230.9 0.0 15 0.0
231.0 0.0 15 0.0
231.1 0.0 15 0.0
231.2 0.0 15 0.0
231.3 0.0 15 0.0
231.4 0.0 15 0.0
231.5 0.0 15 0.0
231.6 0.0 15 0.0
231.7 0.0 15 0.0
231.8 0.0 15 0.0
231.9 0.0 15 0.0
232.0 0.0 15 0.0
232.1 0.0 15 0.0
232.2 0.0 15 0.0
232.3 0.0 15 0.0
232.4 0.0 15 0.0
232.5 0.0 15 0.0
232.6 0.0 15 0.0
232.7 0.0 15 0.0
232.8 0.0 15 0.0
232.9 0.0 15 0.0
233.0 0.0 15 0.0
233.1 0.0 15 0.0
233.2 0.0 15 0.0
233.3 0.0 15 0.0
233.4 0.0 15 0.0
233.5 0.0 15 0.0
233.6 0.0 15 0.0
233.7 0.0 15 0.0
233.8 0.0 15 0.0
233.9 0.0 15 0.0
234.0 0.0 15 0.0
234.1 0.0 15 0.0
234.2 0.0 15 0.0
234.3 0.0 15 0.0
234.4 0.0 15 0.0
234.5 0.0 15 0.0
234.6 0.0 15 0.0
234.7 0.0 15 0.0
234.8 0.0 15 0.0
234.9 0.0 15 0.0
235.0 0.0 15 0.0
235.1 0.0 15 0.0
235.2 0.0 15 0.0
235.3 0.0 15 0.0
235.4 0.0 15 0.0
235.5 0.0 15 0.0
235.6 0.0 15 0.0
235.7 0.0 15 0.0
235.8 0.0 15 0.0
235.9 0.0 15 0.0
236.0 0.0 15 0.0
236.1 0.0 15 0.0
236.2 0.0 15 0.0
236.3 0.0 15 0.0
236.4 0.0 15 0.0
236.5 230.6543 14 1.0
236.6 230.7501 14 1.0
236.7 230.8459 14 1.0
236.8 230.9418 14 1.0
236.9 231.0376 14 1.0
237.0 231.1335 14 1.0
237.1 231.2293 14 1.0
237.2 231.3251 14 1.0
237.3 231.421 14 1.0
237.4 231.5168 14 1.0
237.5 231.6127 14 1.0
237.6 231.7085 14 1.0
237.7 231.8043 14 1.0
237.8 231.9002 14 1.0
237.9 231.996 14 1.0
238.0 232.0919 14 1.0
238.1 232.1877 14 1.0
238.2 232.2835 14 1.0
238.3 232.3794 14 1.0
238.4 232.4752 14 1.0
238.5 232.5711 14 1.0
238.6 232.6669 14 1.0
238.7 232.7627 14 1.0
238.8 232.8586 14 1.0
238.9 232.9544 14 1.0
239.0 233.0503 14 1.0
239.1 233.1461 14 1.0
239.2 233.2419 14 1.0
239.3 233.3378 14 1.0
239.4 233.4336 14 1.0
239.5 233.5295 14 1.0
239.6 233.6253 14 1.0
239.7 233.7211 14 1.0
239.8 233.817 14 1.0
239.9 233.9128 14 1.0
240.0 234.0087 14 1.0
240.1 234.1045 14 1.0
240.2 234.2003 14 1.0
240.3 234.2962 14 1.0
240.4 234.392 14 1.0
240.5 234.4879 14 1.0
240.6 234.5837 14 1.0
240.7 234.6795 14 1.0
240.8 234.7754 14 1.0
240.9 234.8712 14 1.0
241.0 234.9671 14 1.0
241.1 235.0629 14 1.0
241.2 235.1587 14 1.0
241.3 235.2546 14 1.0
241.4 235.3504 14 1.0
241.5 235.4463 14 1.0
241.6 235.5421 14 1.0
241.7 235.6379 14 1.0
241.8 235.7338 14 1.0
241.9 235.8296 14 1.0
242.0 235.9255 14 1.0
242.1 236.0213 14 1.0
242.2 236.1171 14 1.0
242.3 236.213 14 1.0
242.4 236.3088 14 1.0
242.5 236.4047 14 1.0
242.6 236.5005 14 1.0
242.7 236.5963 14 1.0
242.8 236.6922 14 1.0
242.9 236.788 14 1.0
243.0 236.8839 14 1.0
243.1 236.9797 14 1.0
243.2 237.0755 14 1.0
243.3 237.1714 14 1.0
243.4 237.2672 14 1.0
243.5 237.3631 14 1.0
243.6 237.4589 14 1.0
243.7 237.5547 14 1.0
243.8 237.6506 14 1.0
243.9 237.7464 14 1.0
244.0 237.8422 14 1.0
244.1 237.9381 14 1.0
244.2 238.0339 14 1.0
244.3 238.1298 14 1.0
244.4 238.2256 14 1.0
244.5 238.3214 14 1.0
244.6 238.4173 14 1.0
244.7 238.5131 14 1.0
244.8 238.609 14 1.0
244.9 238.7048 14 1.0
245.0 238.8006 14 1.0
245.1 238.8965 14 1.0
245.2 238.9923 14 1.0
245.3 239.0882 14 1.0
245.4 239.184 14 1.0
245.5 239.2798 14 1.0
245.6 239.3757 14 1.0
245.7 239.4715 14 1.0
245.8 239.5674 14 1.0
245.9 239.6632 14 1.0
246.0 239.759 14 1.0
246.1 239.8549 14 1.0
246.2 239.9507 14 1.0
246.3 240.0466 14 1.0
246.4 240.1424 14 1.0
246.5 240.2382 14 1.0
246.6 240.3341 14 1.0
246.7 240.4299 14 1.0
246.8 240.5258 14 1.0
246.9 240.6216 14 1.0
247.0 240.7174 14 1.0
247.1 240.8133 14 1.0
247.2 240.9091 14 1.0
247.3 241.005 14 1.0
247.4 241.1008 14 1.0
247.5 241.1966 14 1.0
247.6 241.2925 14 1.0
247.7 241.3883 14 1.0
247.8 241.4842 14 1.0
247.9 241.58 14 1.0
248.0 241.6758 14 1.0
248.1 241.7717 14 1.0
248.2 241.8675 14 1.0
248.3 241.9634 14 1.0
248.4 242.0592 14 1.0
248.5 242.155 14 1.0
248.6 242.2509 14 1.0
248.7 242.3467 14 1.0
248.8 242.4426 14 1.0
248.9 242.5384 14 1.0
249.0 242.6342 14 1.0
249.1 242.7301 14 1.0
249.2 242.8259 14 1.0
249.3 242.9218 14 1.0
249.4 243.0176 14 1.0
249.5 243.1134 14 1.0
249.6 243.2093 14 1.0
249.7 243.3051 14 1.0
249.8 243.401 14 1.0
249.9 243.4968 14 1.0
250.0 243.5926 14 1.0
250.1 243.6872 14 1.0
250.2 243.7817 14 1.0
250.3 243.8763 14 1.0
250.4 243.9708 14 1.0
250.5 244.0654 14 1.0
250.6 244.1599 14 1.0
250.7 244.2545 14 1.0
250.8 244.3491 14 1.0
250.9 244.4436 14 1.0
251.0 244.5382 14 1.0
251.1 244.6327 14 1.0
251.2 244.7273 14 1.0
251.3 244.8218 14 1.0
251.4 244.9164 14 1.0
251.5 245.0109 14 1.0
251.6 245.1055 14 1.0
251.7 245.2 14 1.0
251.8 245.2946 14 1.0
251.9 245.3891 14 1.0
252.0 245.4837 14 1.0
252.1 245.5782 14 1.0
252.2 245.6728 14 1.0
252.3 245.7673 14 1.0
252.4 245.8619 14 1.0
252.5 245.9564 14 1.0
252.6 246.051 14 1.0
252.7 246.1455 14 1.0
252.8 246.2401 14 1.0
252.9 246.3346 14 1.0
253.0 246.4292 14 1.0
253.1 246.5237 14 1.0
253.2 246.6183 14 1.0
253.3 246.7128 14 1.0
253.4 246.8074 14 1.0
253.5 246.9019 14 1.0
253.6 246.9965 14 1.0
253.7 247.091 14 1.0
253.8 247.1856 14 1.0
253.9 247.2801 14 1.0
254.0 247.3747 14 1.0
254.1 247.4693 14 1.0
254.2 247.5638 14 1.0
254.3 247.6584 14 1.0
254.4 247.7529 14 1.0
254.5 247.8475 14 1.0
254.6 247.942 14 1.0
254.7 248.0366 14 1.0
254.8 248.1311 14 1.0
254.9 248.2257 14 1.0
255.0 248.3202 14 1.0
255.1 248.4148 14 1.0
255.2 248.5093 14 1.0
255.3 248.6039 14 1.0
255.4 248.6984 14 1.0
255.5 248.793 14 1.0
255.6 248.8875 14 1.0
255.7 248.9821 14 1.0
255.8 249.0766 14 1.0
255.9 249.1712 14 1.0
256.0 249.2657 14 1.0
256.1 249.3603 14 1.0
256.2 249.4548 14 1.0
256.3 249.5494 14 1.0
256.4 249.6439 14 1.0
256.5 249.7385 14 1.0
256.6 249.833 14 1.0
256.7 249.9276 14 1.0
256.8 250.0221 14 1.0
256.9 250.1167 14 1.0
257.0 250.2112 14 1.0
257.1 250.3058 14 1.0
257.2 250.4004 14 1.0
257.3 250.4949 14 1.0
257.4 250.5895 14 1.0
257.5 250.684 14 1.0
257.6 250.7786 14 1.0
257.7 250.8731 14 1.0
257.8 250.9677 14 1.0
257.9 251.0622 14 1.0
258.0 251.1568 14 1.0
258.1 251.2513 14 1.0
258.2 251.3459 14 1.0
258.3 251.4404 14 1.0
258.4 251.535 14 1.0
258.5 251.6295 14 1.0
258.6 251.7241 14 1.0
258.7 251.8186 14 1.0
258.8 251.9132 14 1.0
258.9 252.0077 14 1.0
259.0 252.1023 14 1.0
259.1 252.1968 14 1.0
259.2 252.2914 14 1.0
259.3 252.3859 14 1.0
259.4 252.4805 14 1.0
259.5 252.575 14 1.0
259.6 252.6696 14 1.0
259.7 252.7641 14 1.0
259.8 252.8587 14 1.0
259.9 252.9532 14 1.0
260.0 253.0478 14 1.0
260.1 253.1423 14 1.0
260.2 253.2369 14 1.0
260.3 253.3314 14 1.0
260.4 253.426 14 1.0
260.5 253.5206 14 1.0
260.6 253.6151 14 1.0
260.7 253.7097 14 1.0
260.8 253.8042 14 1.0
260.9 253.8988 14 1.0
261.0 253.9933 14 1.0
261.1 254.0879 14 1.0
261.2 254.1824 14 1.0
261.3 254.277 14 1.0
261.4 254.3715 14 1.0
261.5 254.4661 14 1.0
261.6 254.5606 14 1.0
261.7 254.6552 14 1.0
261.8 254.7497 14 1.0
261.9 254.8443 14 1.0
262.0 254.9388 14 1.0
262.1 255.0334 14 1.0
262.2 255.1279 14 1.0
262.3 255.2225 14 1.0
262.4 255.317 14 1.0
262.5 255.4116 14 1.0
262.6 255.5061 14 1.0
262.7 255.6007 14 1.0
262.8 255.6952 14 1.0
262.9 255.7898 14 1.0
263.0 255.8843 14 1.0
263.1 255.9789 14 1.0
263.2 256.0734 14 1.0
263.3 256.168 14 1.0
263.4 256.2625 14 1.0
263.5 256.3571 14 1.0
263.6 256.4517 14 1.0
263.7 256.5462 14 1.0
263.8 256.6408 14 1.0
263.9 256.7353 14 1.0
264.0 256.8299 14 1.0
264.1 256.9244 14 1.0
264.2 257.019 14 1.0
264.3 257.1135 14 1.0
264.4 257.2081 14 1.0
264.5 257.3026 14 1.0
264.6 257.3972 14 1.0
264.7 257.4917 14 1.0
264.8 257.5863 14 1.0
264.9 257.6808 14 1.0
265.0 257.7754 14 1.0
265.1 257.8699 14 1.0
265.2 257.9645 14 1.0
265.3 258.059 14 1.0
265.4 258.1536 14 1.0
265.5 258.2481 14 1.0
265.6 258.3427 14 1.0
265.7 258.4372 14 1.0
265.8 258.5318 14 1.0
265.9 258.6263 14 1.0
266.0 258.7209 14 1.0
266.1 258.8154 14 1.0
266.2 258.91 14 1.0
266.3 259.0045 14 1.0
266.4 259.0991 14 1.0
266.5 259.1936 14 1.0
266.6 259.2882 14 1.0
266.7 259.3827 14 1.0
266.8 259.4773 14 1.0
266.9 259.5719 14 1.0
267.0 259.6664 14 1.0
267.1 259.761 14 1.0
267.2 259.8555 14 1.0
267.3 259.9501 14 1.0
267.4 260.0446 14 1.0
267.5 260.1392 14 1.0
267.6 260.2337 14 1.0
267.7 260.3283 14 1.0
267.8 260.4228 14 1.0
267.9 260.5174 14 1.0
268.0 260.6119 14 1.0
268.1 260.7065 14 1.0
268.2 260.801 14 1.0
268.3 260.8956 14 1.0
268.4 260.9901 14 1.0
268.5 261.0847 14 1.0
268.6 261.1792 14 1.0
268.7 261.2738 14 1.0
268.8 261.3683 14 1.0
268.9 261.4629 14 1.0
269.0 261.5574 14 1.0
269.1 261.652 14 1.0
269.2 261.7465 14 1.0
269.3 261.8411 14 1.0
269.4 261.9356 14 1.0
269.5 262.0302 14 1.0
269.6 262.1247 14 1.0
269.7 262.2193 14 1.0
269.8 262.3138 14 1.0
269.9 262.4084 14 1.0
270.0 262.503 14 1.0
270.1 262.5975 14 1.0
270.2 262.6921 14 1.0
270.3 262.7866 14 1.0
270.4 262.8812 14 1.0
270.5 262.9757 14 1.0
270.6 263.0703 14 1.0
270.7 263.1648 14 1.0
270.8 263.2594 14 1.0
270.9 263.3539 14 1.0
271.0 263.4485 14 1.0
271.1 263.543 14 1.0
271.2 263.6376 14 1.0
271.3 263.7321 14 1.0
271.4 263.8267 14 1.0
271.5 263.9212 14 1.0
271.6 264.0158 14 1.0
271.7 264.1103 14 1.0
271.8 264.2049 14 1.0
271.9 264.2994 14 1.0
272.0 264.394 14 1.0
272.1 264.4885 14 1.0
272.2 264.5831 14 1.0
272.3 264.6776 14 1.0
272.4 264.7722 14 1.0
272.5 264.8667 14 1.0
272.6 264.9613 14 1.0
272.7 265.0558 14 1.0
272.8 265.1504 14 1.0
272.9 265.2449 14 1.0
273.0 265.3395 14 1.0
273.1 265.4341 14 1.0
273.2 265.5286 14 1.0
273.3 265.6232 14 1.0
273.4 265.7177 14 1.0
273.5 265.8123 14 1.0
273.6 265.9068 14 1.0
273.7 266.0014 14 1.0
273.8 266.0959 14 1.0
273.9 266.1905 14 1.0
274.0 266.285 14 1.0
274.1 266.3796 14 1.0
274.2 266.4741 14 1.0
274.3 266.5687 14 1.0
274.4 266.6632 14 1.0
274.5 266.7578 14 1.0
274.6 266.8523 14 1.0
274.7 266.9469 14 1.0
274.8 267.0414 14 1.0
274.9 267.136 14 1.0
275.0 267.2305 14 1.0
275.1 267.3251 14 1.0
275.2 267.4196 14 1.0
275.3 267.5142 14 1.0
275.4 267.6087 14 1.0
275.5 267.7033 14 1.0
275.6 267.7978 14 1.0
275.7 267.8924 14 1.0
275.8 267.9869 14 1.0
275.9 268.0815 14 1.0
276.0 268.176 14 1.0
276.1 268.2706 14 1.0
276.2 268.3651 14 1.0
276.3 268.4597 14 1.0
276.4 268.5543 14 1.0
276.5 268.6488 14 1.0
276.6 268.7434 14 1.0
276.7 268.8379 14 1.0
276.8 268.9325 14 1.0
276.9 269.027 14 1.0
277.0 269.1216 14 1.0
277.1 269.2161 14 1.0
277.2 269.3107 14 1.0
277.3 269.4052 14 1.0
277.4 269.4998 14 1.0
277.5 269.5943 14 1.0
277.6 269.6889 14 1.0
277.7 269.7834 14 1.0
277.8 269.878 14 1.0
277.9 269.9725 14 1.0
278.0 270.0671 14 1.0
278.1 270.1616 14 1.0
278.2 270.2562 14 1.0
278.3 270.3507 14 1.0
278.4 270.4453 14 1.0
278.5 270.5398 14 1.0
278.6 270.6344 14 1.0
278.7 270.7289 14 1.0
278.8 270.8235 14 1.0
278.9 270.918 14 1.0
279.0 271.0126 14 1.0
279.1 271.1071 14 1.0
279.2 271.2017 14 1.0
279.3 271.2962 14 1.0
279.4 271.3908 14 1.0
279.5 271.4854 14 1.0
279.6 271.5799 14 1.0
279.7 271.6745 14 1.0
279.8 271.769 14 1.0
279.9 271.8636 14 1.0
280.0 271.9581 14 1.0
280.1 272.0527 14 1.0
280.2 272.1472 14 1.0
280.3 272.2418 14 1.0
280.4 272.3363 14 1.0
280.5 272.4309 14 1.0
280.6 272.5254 14 1.0
280.7 272.62 14 1.0
280.8 272.7145 14 1.0
280.9 272.8091 14 1.0
281.0 272.9036 14 1.0
281.1 272.9982 14 1.0
281.2 273.0927 14 1.0
281.3 273.1873 14 1.0
281.4 273.2818 14 1.0
281.5 273.3764 14 1.0
281.6 273.4709 14 1.0
281.7 273.5655 14 1.0
281.8 273.66 14 1.0
281.9 273.7546 14 1.0
282.0 273.8491 14 1.0
282.1 273.9437 14 1.0
282.2 274.0382 14 1.0
282.3 274.1328 14 1.0
282.4 274.2273 14 1.0
282.5 274.3219 14 1.0
282.6 274.4164 14 1.0
282.7 274.511 14 1.0
282.8 274.6056 14 1.0
282.9 274.7001 14 1.0
283.0 274.7947 14 1.0
283.1 274.8892 14 1.0
283.2 274.9838 14 1.0
283.3 275.0783 14 1.0
283.4 275.1729 14 1.0
283.5 275.2674 14 1.0
283.6 275.362 14 1.0
283.7 275.4565 14 1.0
283.8 275.5511 14 1.0
283.9 275.6456 14 1.0
284.0 275.7402 14 1.0
284.1 275.8347 14 1.0
284.2 275.9293 14 1.0
284.3 276.0238 14 1.0
284.4 276.1184 14 1.0
284.5 276.2129 14 1.0
284.6 276.3075 14 1.0
284.7 276.402 14 1.0
284.8 276.4966 14 1.0
284.9 276.5911 14 1.0
285.0 276.6857 14 1.0
285.1 276.7802 14 1.0
285.2 276.8748 14 1.0
285.3 276.9693 14 1.0
285.4 277.0639 14 1.0
285.5 277.1584 14 1.0
285.6 277.253 14 1.0
285.7 277.3475 14 1.0
285.8 277.4421 14 1.0
285.9 277.5367 14 1.0
286.0 277.6312 14 1.0
286.1 277.7258 14 1.0
286.2 277.8203 14 1.0
286.3 277.9149 14 1.0
286.4 278.0094 14 1.0
286.5 278.104 14 1.0
286.6 278.1985 14 1.0
286.7 278.2931 14 1.0
286.8 278.3876 14 1.0
286.9 278.4822 14 1.0
287.0 278.5767 14 1.0
287.1 278.6713 14 1.0
287.2 278.7658 14 1.0
287.3 278.8604 14 1.0
287.4 278.9549 14 1.0
287.5 279.0495 14 1.0
287.6 279.144 14 1.0
287.7 279.2386 14 1.0
287.8 279.3331 14 1.0
287.9 279.4277 14 1.0
288.0 279.5222 14 1.0
288.1 279.6168 14 1.0
288.2 279.7113 14 1.0
288.3 279.8059 14 1.0
288.4 279.9004 14 1.0
288.5 279.995 14 1.0
288.6 280.0895 14 1.0
288.7 280.1841 14 1.0
288.8 280.2786 14 1.0
288.9 280.3732 14 1.0
289.0 280.4677 14 1.0
289.1 280.5623 14 1.0
289.2 280.6569 14 1.0
289.3 280.7514 14 1.0
289.4 280.846 14 1.0
289.5 280.9405 14 1.0
289.6 281.0351 14 1.0
289.7 281.1296 14 1.0
289.8 281.2242 14 1.0
289.9 281.3187 14 1.0
290.0 281.4133 14 1.0
290.1 281.5078 14 1.0
290.2 281.6024 14 1.0
290.3 281.6969 14 1.0
290.4 281.7915 14 1.0
290.5 281.886 14 1.0
290.6 281.9806 14 1.0
290.7 282.0751 14 1.0
290.8 282.1697 14 1.0
290.9 282.2642 14 1.0
291.0 282.3588 14 1.0
291.1 282.4533 14 1.0
291.2 282.5479 14 1.0
291.3 282.6424 14 1.0
291.4 282.737 14 1.0
291.5 282.8315 14 1.0
291.6 282.9261 14 1.0
291.7 283.0206 14 1.0
291.8 283.1152 14 1.0
291.9 283.2097 14 1.0
292.0 283.3043 14 1.0
292.1 283.3988 14 1.0
292.2 283.4934 14 1.0
292.3 283.588 14 1.0
292.4 283.6825 14 1.0
292.5 283.7771 14 1.0
292.6 283.8716 14 1.0
292.7 283.9662 14 1.0
292.8 284.0607 14 1.0
292.9 284.1553 14 1.0
293.0 284.2498 14 1.0
293.1 284.3444 14 1.0
293.2 284.4389 14 1.0
293.3 284.5335 14 1.0
293.4 284.628 14 1.0
293.5 284.7226 14 1.0
293.6 284.8171 14 1.0
293.7 284.9117 14 1.0
293.8 285.0062 14 1.0
293.9 285.1008 14 1.0
294.0 285.1953 14 1.0
294.1 285.2899 14 1.0
294.2 285.3844 14 1.0
294.3 285.479 14 1.0
294.4 285.5735 14 1.0
294.5 285.6681 14 1.0
294.6 285.7626 14 1.0
294.7 285.8572 14 1.0
294.8 285.9517 14 1.0
294.9 286.0463 14 1.0
295.0 286.1408 14 1.0
295.1 286.2354 14 1.0
295.2 286.3299 14 1.0
295.3 286.4245 14 1.0
295.4 286.5191 14 1.0
295.5 286.6136 14 1.0
295.6 286.7082 14 1.0
295.7 286.8027 14 1.0
295.8 286.8973 14 1.0
295.9 286.9918 14 1.0
296.0 287.0864 14 1.0
296.1 287.1809 14 1.0
296.2 287.2755 14 1.0
296.3 287.37 14 1.0
296.4 287.4646 14 1.0
296.5 287.5591 14 1.0
296.6 287.6537 14 1.0
296.7 287.7482 14 1.0
296.8 287.8428 14 1.0
296.9 287.9373 14 1.0
297.0 288.0319 14 1.0
297.1 288.1264 14 1.0
297.2 288.221 14 1.0
297.3 288.3155 14 1.0
297.4 288.4101 14 1.0
297.5 288.5046 14 1.0
297.6 288.5992 14 1.0
297.7 288.6937 14 1.0
297.8 288.7883 14 1.0
297.9 288.8828 14 1.0
298.0 288.9774 14 1.0
298.1 289.0719 14 1.0
298.2 289.1665 14 1.0
298.3 289.261 14 1.0
298.4 289.3556 14 1.0
298.5 289.4501 14 1.0
298.6 289.5447 14 1.0
298.7 289.6393 14 1.0
298.8 289.7338 14 1.0
298.9 289.8284 14 1.0
299.0 289.9229 14 1.0
299.1 290.0175 14 1.0
299.2 290.112 14 1.0
299.3 290.2066 14 1.0
299.4 290.3011 14 1.0
299.5 290.3957 14 1.0
299.6 290.4902 14 1.0
299.7 290.5848 14 1.0
299.8 290.6793 14 1.0
299.9 290.7739 14 1.0
300.0 290.8684 14 1.0
300.1 290.9602 14 1.0
300.2 291.0519 14 1.0
300.3 291.1437 14 1.0
300.4 291.2354 14 1.0
300.5 291.3271 14 1.0
300.6 291.4189 14 1.0
300.7 291.5106 14 1.0
300.8 291.6024 14 1.0
300.9 291.6941 14 1.0
301.0 291.7859 14 1.0
301.1 291.8776 14 1.0
301.2 291.9693 14 1.0
301.3 292.0611 14 1.0
301.4 292.1528 14 1.0
301.5 292.2446 14 1.0
301.6 292.3363 14 1.0
301.7 292.4281 14 1.0
301.8 292.5198 14 1.0
301.9 292.6116 14 1.0
302.0 292.7033 14 1.0
302.1 292.795 14 1.0
302.2 292.8868 14 1.0
302.3 292.9785 14 1.0
302.4 293.0703 14 1.0
302.5 293.162 14 1.0
302.6 293.2538 14 1.0
302.7 293.3455 14 1.0
302.8 293.4373 14 1.0
302.9 293.529 14 1.0
303.0 293.6207 14 1.0
303.1 293.7125 14 1.0
303.2 293.8042 14 1.0
303.3 293.896 14 1.0
303.4 293.9877 14 1.0
303.5 294.0795 14 1.0
303.6 294.1712 14 1.0
303.7 294.2629 14 1.0
303.8 294.3547 14 1.0
303.9 294.4464 14 1.0
304.0 294.5382 14 1.0
304.1 294.6299 14 1.0
304.2 294.7217 14 1.0
304.3 294.8134 14 1.0
304.4 294.9052 14 1.0
304.5 294.9969 14 1.0
304.6 295.0886 14 1.0
304.7 295.1804 14 1.0
304.8 295.2721 14 1.0
304.9 295.3639 14 1.0
305.0 295.4556 14 1.0
305.1 295.5474 14 1.0
305.2 295.6391 14 1.0
305.3 295.7308 14 1.0
305.4 295.8226 14 1.0
305.5 295.9143 14 1.0
305.6 296.0061 14 1.0
305.7 296.0978 14 1.0
305.8 296.1896 14 1.0
305.9 296.2813 14 1.0
306.0 296.3731 14 1.0
306.1 296.4648 14 1.0
306.2 296.5565 14 1.0
306.3 296.6483 14 1.0
306.4 296.74 14 1.0
306.5 296.8318 14 1.0
306.6 296.9235 14 1.0
306.7 297.0153 14 1.0
306.8 297.107 14 1.0
306.9 297.1987 14 1.0
307.0 297.2905 14 1.0
307.1 297.3822 14 1.0
307.2 297.474 14 1.0
307.3 297.5657 14 1.0
307.4 297.6575 14 1.0
307.5 297.7492 14 1.0
307.6 297.841 14 1.0
307.7 297.9327 14 1.0
307.8 298.0244 14 1.0
307.9 298.1162 14 1.0
308.0 298.2079 14 1.0
308.1 298.2997 14 1.0
308.2 298.3914 14 1.0
308.3 298.4832 14 1.0
308.4 298.5749 14 1.0
308.5 298.6666 14 1.0
308.6 298.7584 14 1.0
308.7 298.8501 14 1.0
308.8 298.9419 14 1.0
308.9 299.0336 14 1.0
309.0 299.1254 14 1.0
309.1 299.2171 14 1.0
309.2 299.3089 14 1.0
309.3 299.4006 14 1.0
309.4 299.4923 14 1.0
309.5 299.5841 14 1.0
309.6 299.6758 14 1.0
309.7 299.7676 14 1.0
309.8 299.8593 14 1.0
309.9 299.9511 14 1.0
310.0 300.0428 14 1.0
310.1 300.1346 14 1.0
310.2 300.2263 14 1.0
310.3 300.318 14 1.0
310.4 300.4098 14 1.0
310.5 300.5015 14 1.0
310.6 300.5933 14 1.0
310.7 300.685 14 1.0
310.8 300.7768 14 1.0
310.9 300.8685 14 1.0
311.0 300.9602 14 1.0
311.1 301.052 14 1.0
311.2 301.1437 14 1.0
311.3 301.2355 14 1.0
311.4 301.3272 14 1.0
311.5 301.419 14 1.0
311.6 301.5107 14 1.0
311.7 301.6025 14 1.0
311.8 301.6942 14 1.0
311.9 301.7859 14 1.0
312.0 301.8777 14 1.0
312.1 301.9694 14 1.0
312.2 302.0612 14 1.0
312.3 302.1529 14 1.0
312.4 302.2447 14 1.0
312.5 302.3364 14 1.0
312.6 302.4281 14 1.0
312.7 302.5199 14 1.0
312.8 302.6116 14 1.0
312.9 302.7034 14 1.0
313.0 302.7951 14 1.0
313.1 302.8869 14 1.0
313.2 302.9786 14 1.0
313.3 303.0704 14 1.0
313.4 303.1621 14 1.0
313.5 303.2538 14 1.0
313.6 303.3456 14 1.0
313.7 303.4373 14 1.0
313.8 303.5291 14 1.0
313.9 303.6208 14 1.0
314.0 303.7126 14 1.0
314.1 303.8043 14 1.0
314.2 303.896 14 1.0
314.3 303.9878 14 1.0
314.4 304.0795 14 1.0
314.5 304.1713 14 1.0
314.6 304.263 14 1.0
314.7 304.3548 14 1.0
314.8 304.4465 14 1.0
314.9 304.5383 14 1.0
315.0 304.63 14 1.0
315.1 304.7217 14 1.0
315.2 304.8135 14 1.0
315.3 304.9052 14 1.0
315.4 304.997 14 1.0
315.5 305.0887 14 1.0
315.6 305.1805 14 1.0
315.7 305.2722 14 1.0
315.8 305.3639 14 1.0
315.9 305.4557 14 1.0
316.0 305.5474 14 1.0
316.1 305.6392 14 1.0
316.2 305.7309 14 1.0
316.3 305.8227 14 1.0
316.4 305.9144 14 1.0
316.5 306.0062 14 1.0
316.6 306.0979 14 1.0
316.7 306.1896 14 1.0
316.8 306.2814 14 1.0
316.9 306.3731 14 1.0
317.0 306.4649 14 1.0
317.1 306.5566 14 1.0
317.2 306.6484 14 1.0
317.3 306.7401 14 1.0
317.4 306.8319 14 1.0
317.5 306.9236 14 1.0
317.6 307.0153 14 1.0
317.7 307.1071 14 1.0
317.8 307.1988 14 1.0
317.9 307.2906 14 1.0
318.0 307.3823 14 1.0
318.1 307.4741 14 1.0
318.2 307.5658 14 1.0
318.3 307.6575 14 1.0
318.4 307.7493 14 1.0
318.5 307.841 14 1.0
318.6 307.9328 14 1.0
318.7 308.0245 14 1.0
318.8 308.1163 14 1.0
318.9 308.208 14 1.0
319.0 308.2998 14 1.0
319.1 308.3915 14 1.0
319.2 308.4832 14 1.0
319.3 308.575 14 1.0
319.4 308.6667 14 1.0
319.5 308.7585 14 1.0
319.6 308.8502 14 1.0
319.7 308.942 14 1.0
319.8 309.0337 14 1.0
319.9 309.1254 14 1.0
320.0 309.2172 14 1.0
320.1 309.3089 14 1.0
320.2 309.4007 14 1.0
320.3 309.4924 14 1.0
320.4 309.5842 14 1.0
320.5 309.6759 14 1.0
320.6 309.7677 14 1.0
320.7 309.8594 14 1.0
320.8 309.9511 14 1.0
320.9 310.0429 14 1.0
321.0 310.1346 14 1.0
321.1 310.2264 14 1.0
321.2 310.3181 14 1.0
321.3 310.4099 14 1.0
321.4 310.5016 14 1.0
321.5 310.5933 14 1.0
321.6 310.6851 14 1.0
321.7 310.7768 14 1.0
321.8 310.8686 14 1.0
321.9 310.9603 14 1.0
322.0 311.0521 14 1.0
322.1 311.1438 14 1.0
322.2 311.2356 14 1.0
322.3 311.3273 14 1.0
322.4 311.419 14 1.0
322.5 311.5108 14 1.0
322.6 311.6025 14 1.0
322.7 311.6943 14 1.0
322.8 311.786 14 1.0
322.9 311.8778 14 1.0
323.0 311.9695 14 1.0
323.1 312.0613 14 1.0
323.2 312.153 14 1.0
323.3 312.2447 14 1.0
323.4 312.3365 14 1.0
323.5 312.4282 14 1.0
323.6 312.52 14 1.0
323.7 312.6117 14 1.0
323.8 312.7035 14 1.0
323.9 312.7952 14 1.0
324.0 312.8869 14 1.0
324.1 312.9787 14 1.0
324.2 313.0704 14 1.0
324.3 313.1622 14 1.0
324.4 313.2539 14 1.0
324.5 313.3457 14 1.0
324.6 313.4374 14 1.0
324.7 313.5292 14 1.0
324.8 313.6209 14 1.0
324.9 313.7126 14 1.0
325.0 313.8044 14 1.0
325.1 313.8961 14 1.0
325.2 313.9879 14 1.0
325.3 314.0796 14 1.0
325.4 314.1714 14 1.0
325.5 314.2631 14 1.0
325.6 314.3548 14 1.0
325.7 314.4466 14 1.0
325.8 314.5383 14 1.0
325.9 314.6301 14 1.0
326.0 314.7218 14 1.0
326.1 314.8136 14 1.0
326.2 314.9053 14 1.0
326.3 314.9971 14 1.0
326.4 315.0888 14 1.0
326.5 315.1805 14 1.0
326.6 315.2723 14 1.0
326.7 315.364 14 1.0
326.8 315.4558 14 1.0
326.9 315.5475 14 1.0
327.0 315.6393 14 1.0
327.1 315.731 14 1.0
327.2 315.8227 14 1.0
327.3 315.9145 14 1.0
327.4 316.0062 14 1.0
327.5 316.098 14 1.0
327.6 316.1897 14 1.0
327.7 316.2815 14 1.0
327.8 316.3732 14 1.0
327.9 316.465 14 1.0
328.0 316.5567 14 1.0
328.1 316.6484 14 1.0
328.2 316.7402 14 1.0
328.3 316.8319 14 1.0
328.4 316.9237 14 1.0
328.5 317.0154 14 1.0
328.6 317.1072 14 1.0
328.7 317.1989 14 1.0
328.8 317.2906 14 1.0
328.9 317.3824 14 1.0
329.0 317.4741 14 1.0
329.1 317.5659 14 1.0
329.2 317.6576 14 1.0
329.3 317.7494 14 1.0
329.4 317.8411 14 1.0
329.5 317.9329 14 1.0
329.6 318.0246 14 1.0
329.7 318.1163 14 1.0
329.8 318.2081 14 1.0
329.9 318.2998 14 1.0
330.0 318.3916 14 1.0
330.1 318.4833 14 1.0
330.2 318.5751 14 1.0
330.3 318.6668 14 1.0
330.4 318.7586 14 1.0
330.5 318.8503 14 1.0
330.6 318.942 14 1.0
330.7 319.0338 14 1.0
330.8 319.1255 14 1.0
330.9 319.2173 14 1.0
331.0 319.309 14 1.0
331.1 319.4008 14 1.0
331.2 319.4925 14 1.0
331.3 319.5842 14 1.0
331.4 319.676 14 1.0
331.5 319.7677 14 1.0
331.6 319.8595 14 1.0
331.7 319.9512 14 1.0
331.8 320.043 14 1.0
331.9 320.1347 14 1.0
332.0 320.2265 14 1.0
332.1 320.3182 14 1.0
332.2 320.4099 14 1.0
332.3 320.5017 14 1.0
332.4 320.5934 14 1.0
332.5 320.6852 14 1.0
332.6 320.7769 14 1.0
332.7 320.8687 14 1.0
332.8 320.9604 14 1.0
332.9 321.0521 14 1.0
333.0 321.1439 14 1.0
333.1 321.2356 14 1.0
333.2 321.3274 14 1.0
333.3 321.4191 14 1.0
333.4 321.5109 14 1.0
333.5 321.6026 14 1.0
333.6 321.6944 14 1.0
333.7 321.7861 14 1.0
333.8 321.8778 14 1.0
333.9 321.9696 14 1.0
334.0 322.0613 14 1.0
334.1 322.1531 14 1.0
334.2 322.2448 14 1.0
334.3 322.3366 14 1.0
334.4 322.4283 14 1.0
334.5 322.52 14 1.0
334.6 322.6118 14 1.0
334.7 322.7035 14 1.0
334.8 322.7953 14 1.0
334.9 322.887 14 1.0
335.0 322.9788 14 1.0
335.1 323.0705 14 1.0
335.2 323.1623 14 1.0
335.3 323.254 14 1.0
335.4 323.3457 14 1.0
335.5 323.4375 14 1.0
335.6 323.5292 14 1.0
335.7 323.621 14 1.0
335.8 323.7127 14 1.0
335.9 323.8045 14 1.0
336.0 323.8962 14 1.0
336.1 323.988 14 1.0
336.2 324.0797 14 1.0
336.3 324.1714 14 1.0
336.4 324.2632 14 1.0
336.5 324.3549 14 1.0
336.6 324.4467 14 1.0
336.7 324.5384 14 1.0
336.8 324.6302 14 1.0
336.9 324.7219 14 1.0
337.0 324.8136 14 1.0
337.1 324.9054 14 1.0
337.2 324.9971 14 1.0
337.3 325.0889 14 1.0
337.4 325.1806 14 1.0
337.5 325.2724 14 1.0
337.6 325.3641 14 1.0
337.7 325.4559 14 1.0
337.8 325.5476 14 1.0
337.9 325.6393 14 1.0
338.0 325.7311 14 1.0
338.1 325.8228 14 1.0
338.2 325.9146 14 1.0
338.3 326.0063 14 1.0
338.4 326.0981 14 1.0
338.5 326.1898 14 1.0
338.6 326.2815 14 1.0
338.7 326.3733 14 1.0
338.8 326.465 14 1.0
338.9 326.5568 14 1.0
339.0 326.6485 14 1.0
339.1 326.7403 14 1.0
339.2 326.832 14 1.0
339.3 326.9238 14 1.0
339.4 327.0155 14 1.0
339.5 327.1072 14 1.0
339.6 327.199 14 1.0
339.7 327.2907 14 1.0
339.8 327.3825 14 1.0
339.9 327.4742 14 1.0
340.0 327.566 14 1.0
340.1 327.6577 14 1.0
340.2 327.7494 14 1.0
340.3 327.8412 14 1.0
340.4 327.9329 14 1.0
340.5 328.0247 14 1.0
340.6 328.1164 14 1.0
340.7 328.2082 14 1.0
340.8 328.2999 14 1.0
340.9 328.3917 14 1.0
341.0 328.4834 14 1.0
341.1 328.5751 14 1.0
341.2 328.6669 14 1.0
341.3 328.7586 14 1.0
341.4 328.8504 14 1.0
341.5 328.9421 14 1.0
341.6 329.0339 14 1.0
341.7 329.1256 14 1.0
341.8 329.2173 14 1.0
341.9 329.3091 14 1.0
342.0 329.4008 14 1.0
342.1 329.4926 14 1.0
342.2 329.5843 14 1.0
342.3 329.6761 14 1.0
342.4 329.7678 14 1.0
342.5 329.8596 14 1.0
342.6 329.9513 14 1.0
342.7 330.043 14 1.0
342.8 330.1348 14 1.0
342.9 330.2265 14 1.0
343.0 330.3183 14 1.0
343.1 330.41 14 1.0
343.2 330.5018 14 1.0
343.3 330.5935 14 1.0
343.4 330.6853 14 1.0
343.5 330.777 14 1.0
343.6 330.8687 14 1.0
343.7 330.9605 14 1.0
343.8 331.0522 14 1.0
343.9 331.144 14 1.0
344.0 331.2357 14 1.0
344.1 331.3275 14 1.0
344.2 331.4192 14 1.0
344.3 331.5109 14 1.0
344.4 331.6027 14 1.0
344.5 331.6944 14 1.0
344.6 331.7862 14 1.0
344.7 331.8779 14 1.0
344.8 331.9697 14 1.0
344.9 332.0614 14 1.0
345.0 332.1532 14 1.0
345.1 332.2449 14 1.0
345.2 332.3366 14 1.0
345.3 332.4284 14 1.0
345.4 332.5201 14 1.0
345.5 332.6119 14 1.0
345.6 332.7036 14 1.0
345.7 332.7954 14 1.0
345.8 332.8871 14 1.0
345.9 332.9788 14 1.0
346.0 333.0706 14 1.0
346.1 333.1623 14 1.0
346.2 333.2541 14 1.0
346.3 333.3458 14 1.0
346.4 333.4376 14 1.0
346.5 333.5293 14 1.0
346.6 333.6211 14 1.0
346.7 333.7128 14 1.0
346.8 333.8045 14 1.0
346.9 333.8963 14 1.0
347.0 333.988 14 1.0
347.1 334.0798 14 1.0
347.2 334.1715 14 1.0
347.3 334.2633 14 1.0
347.4 334.355 14 1.0
347.5 334.4467 14 1.0
347.6 334.5385 14 1.0
347.7 334.6302 14 1.0
347.8 334.722 14 1.0
347.9 334.8137 14 1.0
348.0 334.9055 14 1.0
348.1 334.9972 14 1.0
348.2 335.089 14 1.0
348.3 335.1807 14 1.0
348.4 335.2724 14 1.0
348.5 335.3642 14 1.0
348.6 335.4559 14 1.0
348.7 335.5477 14 1.0
348.8 335.6394 14 1.0
348.9 335.7312 14 1.0
349.0 335.8229 14 1.0
349.1 335.9147 14 1.0
349.2 336.0064 14 1.0
349.3 336.0981 14 1.0
349.4 336.1899 14 1.0
349.5 336.2816 14 1.0
349.6 336.3734 14 1.0
349.7 336.4651 14 1.0
349.8 336.5569 14 1.0
349.9 336.6486 14 1.0
350.0 336.7403 14 1.0
350.1 336.8328 14 1.0
350.2 336.9253 14 1.0
350.3 337.0178 14 1.0
350.4 337.1102 14 1.0
350.5 337.2027 14 1.0
350.6 337.2952 14 1.0
350.7 337.3877 14 1.0
350.8 337.4802 14 1.0
350.9 337.5726 14 1.0
351.0 337.6651 14 1.0
351.1 337.7576 14 1.0
351.2 337.8501 14 1.0
351.3 337.9425 14 1.0
351.4 338.035 14 1.0
351.5 338.1275 14 1.0
351.6 338.22 14 1.0
351.7 338.3124 14 1.0
351.8 338.4049 14 1.0
351.9 338.4974 14 1.0
352.0 338.5899 14 1.0
352.1 338.6823 14 1.0
352.2 338.7748 14 1.0
352.3 338.8673 14 1.0
352.4 338.9598 14 1.0
352.5 339.0522 14 1.0
352.6 339.1447 14 1.0
352.7 339.2372 14 1.0
352.8 339.3297 14 1.0
352.9 339.4221 14 1.0
353.0 339.5146 14 1.0
353.1 339.6071 14 1.0
353.2 339.6996 14 1.0
353.3 339.792 14 1.0
353.4 339.8845 14 1.0
353.5 339.977 14 1.0
353.6 340.0695 14 1.0
353.7 340.1619 14 1.0
353.8 340.2544 14 1.0
353.9 340.3469 14 1.0
354.0 340.4394 14 1.0
354.1 340.5319 14 1.0
354.2 340.6243 14 1.0
354.3 340.7168 14 1.0
354.4 340.8093 14 1.0
354.5 340.9018 14 1.0
354.6 340.9942 14 1.0
354.7 341.0867 14 1.0
354.8 341.1792 14 1.0
354.9 341.2717 14 1.0
355.0 341.3641 14 1.0
355.1 341.4566 14 1.0
355.2 341.5491 14 1.0
355.3 341.6416 14 1.0
355.4 341.734 14 1.0
355.5 341.8265 14 1.0
355.6 341.919 14 1.0
355.7 342.0115 14 1.0
355.8 342.1039 14 1.0
355.9 342.1964 14 1.0
356.0 342.2889 14 1.0
356.1 342.3814 14 1.0
356.2 342.4738 14 1.0
356.3 342.5663 14 1.0
356.4 342.6588 14 1.0
356.5 342.7513 14 1.0
356.6 342.8437 14 1.0
356.7 342.9362 14 1.0
356.8 343.0287 14 1.0
356.9 343.1212 14 1.0
357.0 343.2136 14 1.0
357.1 343.3061 14 1.0
357.2 343.3986 14 1.0
357.3 343.4911 14 1.0
357.4 343.5836 14 1.0
357.5 343.676 14 1.0
357.6 343.7685 14 1.0
357.7 343.861 14 1.0
357.8 343.9535 14 1.0
357.9 344.0459 14 1.0
358.0 344.1384 14 1.0
358.1 344.2309 14 1.0
358.2 344.3234 14 1.0
358.3 344.4158 14 1.0
358.4 344.5083 14 1.0
358.5 344.6008 14 1.0
358.6 344.6933 14 1.0
358.7 344.7857 14 1.0
358.8 344.8782 14 1.0
358.9 344.9707 14 1.0
359.0 345.0632 14 1.0
359.1 345.1556 14 1.0
359.2 345.2481 14 1.0
359.3 345.3406 14 1.0
359.4 345.4331 14 1.0
359.5 345.5255 14 1.0
359.6 345.618 14 1.0
359.7 345.7105 14 1.0
359.8 345.803 14 1.0
359.9 345.8954 14 1.0
360.0 345.9879 14 1.0
360.1 346.0804 14 1.0
360.2 346.1729 14 1.0
360.3 346.2654 14 1.0
360.4 346.3578 14 1.0
360.5 346.4503 14 1.0
360.6 346.5428 14 1.0
360.7 346.6353 14 1.0
360.8 346.7277 14 1.0
360.9 346.8202 14 1.0
361.0 346.9127 14 1.0
361.1 347.0052 14 1.0
361.2 347.0976 14 1.0
361.3 347.1901 14 1.0
361.4 347.2826 14 1.0
361.5 347.3751 14 1.0
361.6 347.4675 14 1.0
361.7 347.56 14 1.0
361.8 347.6525 14 1.0
361.9 347.745 14 1.0
362.0 347.8374 14 1.0
362.1 347.9299 14 1.0
362.2 348.0224 14 1.0
362.3 348.1149 14 1.0
362.4 348.2073 14 1.0
362.5 348.2998 14 1.0
362.6 348.3923 14 1.0
362.7 348.4848 14 1.0
362.8 348.5772 14 1.0
362.9 348.6697 14 1.0
363.0 348.7622 14 1.0
363.1 348.8547 14 1.0
363.2 348.9471 14 1.0
363.3 349.0396 14 1.0
363.4 349.1321 14 1.0
363.5 349.2246 14 1.0
363.6 349.3171 14 1.0
363.7 349.4095 14 1.0
363.8 349.502 14 1.0
363.9 349.5945 14 1.0
364.0 349.687 14 1.0
364.1 349.7794 14 1.0
364.2 349.8719 14 1.0
364.3 349.9644 14 1.0
364.4 350.0569 14 1.0
364.5 350.1493 14 1.0
364.6 350.2418 14 1.0
364.7 350.3343 14 1.0
364.8 350.4268 14 1.0
364.9 350.5192 14 1.0
365.0 350.6117 14 1.0
365.1 350.7042 14 1.0
365.2 350.7967 14 1.0
365.3 350.8891 14 1.0
365.4 350.9816 14 1.0
365.5 351.0741 14 1.0
365.6 351.1666 14 1.0
365.7 351.259 14 1.0
365.8 351.3515 14 1.0
365.9 351.444 14 1.0
366.0 351.5365 14 1.0
366.1 351.6289 14 1.0
366.2 351.7214 14 1.0
366.3 351.8139 14 1.0
366.4 351.9064 14 1.0
366.5 351.9988 14 1.0
366.6 352.0913 14 1.0
366.7 352.1838 14 1.0
366.8 352.2763 14 1.0
366.9 352.3688 14 1.0
367.0 352.4612 14 1.0
367.1 352.5537 14 1.0
367.2 352.6462 14 1.0
367.3 352.7387 14 1.0
367.4 352.8311 14 1.0
367.5 352.9236 14 1.0
367.6 353.0161 14 1.0
367.7 353.1086 14 1.0
367.8 353.201 14 1.0
367.9 353.2935 14 1.0
368.0 353.386 14 1.0
368.1 353.4785 14 1.0
368.2 353.5709 14 1.0
368.3 353.6634 14 1.0
368.4 353.7559 14 1.0
368.5 353.8484 14 1.0
368.6 353.9408 14 1.0
368.7 354.0333 14 1.0
368.8 354.1258 14 1.0
368.9 354.2183 14 1.0
369.0 354.3107 14 1.0
369.1 354.4032 14 1.0
369.2 354.4957 14 1.0
369.3 354.5882 14 1.0
369.4 354.6806 14 1.0
369.5 354.7731 14 1.0
369.6 354.8656 14 1.0
369.7 354.9581 14 1.0
369.8 355.0505 14 1.0
369.9 355.143 14 1.0
370.0 355.2355 14 1.0
370.1 355.328 14 1.0
370.2 355.4205 14 1.0
370.3 355.5129 14 1.0
370.4 355.6054 14 1.0
370.5 355.6979 14 1.0
370.6 355.7904 14 1.0
370.7 355.8828 14 1.0
370.8 355.9753 14 1.0
370.9 356.0678 14 1.0
371.0 356.1603 14 1.0
371.1 356.2527 14 1.0
371.2 356.3452 14 1.0
371.3 356.4377 14 1.0
371.4 356.5302 14 1.0
371.5 356.6226 14 1.0
371.6 356.7151 14 1.0
371.7 356.8076 14 1.0
371.8 356.9001 14 1.0
371.9 356.9925 14 1.0
372.0 357.085 14 1.0
372.1 357.1775 14 1.0
372.2 357.27 14 1.0
372.3 357.3624 14 1.0
372.4 357.4549 14 1.0
372.5 357.5474 14 1.0
372.6 357.6399 14 1.0
372.7 357.7323 14 1.0
372.8 357.8248 14 1.0
372.9 357.9173 14 1.0
373.0 358.0098 14 1.0
373.1 358.1023 14 1.0
373.2 358.1947 14 1.0
373.3 358.2872 14 1.0
373.4 358.3797 14 1.0
373.5 358.4722 14 1.0
373.6 358.5646 14 1.0
373.7 358.6571 14 1.0
373.8 358.7496 14 1.0
373.9 358.8421 14 1.0
374.0 358.9345 14 1.0
374.1 359.027 14 1.0
374.2 359.1195 14 1.0
374.3 359.212 14 1.0
374.4 359.3044 14 1.0
374.5 359.3969 14 1.0
374.6 359.4894 14 1.0
374.7 359.5819 14 1.0
374.8 359.6743 14 1.0
374.9 359.7668 14 1.0
375.0 359.8593 14 1.0
375.1 359.9518 14 1.0
375.2 360.0442 14 1.0
375.3 360.1367 14 1.0
375.4 360.2292 14 1.0
375.5 360.3217 14 1.0
375.6 360.4141 14 1.0
375.7 360.5066 14 1.0
375.8 360.5991 14 1.0
375.9 360.6916 14 1.0
376.0 360.784 14 1.0
376.1 360.8765 14 1.0
376.2 360.969 14 1.0
376.3 361.0615 14 1.0
376.4 361.154 14 1.0
376.5 361.2464 14 1.0
376.6 361.3389 14 1.0
376.7 361.4314 14 1.0
376.8 361.5239 14 1.0
376.9 361.6163 14 1.0
377.0 361.7088 14 1.0
377.1 361.8013 14 1.0
377.2 361.8938 14 1.0
377.3 361.9862 14 1.0
377.4 362.0787 14 1.0
377.5 362.1712 14 1.0
377.6 362.2637 14 1.0
377.7 362.3561 14 1.0
377.8 362.4486 14 1.0
377.9 362.5411 14 1.0
378.0 362.6336 14 1.0
378.1 362.726 14 1.0
378.2 362.8185 14 1.0
378.3 362.911 14 1.0
378.4 363.0035 14 1.0
378.5 363.0959 14 1.0
378.6 363.1884 14 1.0
378.7 363.2809 14 1.0
378.8 363.3734 14 1.0
378.9 363.4658 14 1.0
379.0 363.5583 14 1.0
379.1 363.6508 14 1.0
379.2 363.7433 14 1.0
379.3 363.8357 14 1.0
379.4 363.9282 14 1.0
379.5 364.0207 14 1.0
379.6 364.1132 14 1.0
379.7 364.2057 14 1.0
379.8 364.2981 14 1.0
379.9 364.3906 14 1.0
380.0 364.4831 14 1.0
380.1 364.5756 14 1.0
380.2 364.668 14 1.0
380.3 364.7605 14 1.0
380.4 364.853 14 1.0
380.5 364.9455 14 1.0
380.6 365.0379 14 1.0
380.7 365.1304 14 1.0
380.8 365.2229 14 1.0
380.9 365.3154 14 1.0
381.0 365.4078 14 1.0
381.1 365.5003 14 1.0
381.2 365.5928 14 1.0
381.3 365.6853 14 1.0
381.4 365.7777 14 1.0
381.5 365.8702 14 1.0
381.6 365.9627 14 1.0
381.7 366.0552 14 1.0
381.8 366.1476 14 1.0
381.9 366.2401 14 1.0
382.0 366.3326 14 1.0
382.1 366.4251 14 1.0
382.2 366.5175 14 1.0
382.3 366.61 14 1.0
382.4 366.7025 14 1.0
382.5 366.795 14 1.0
382.6 366.8874 14 1.0
382.7 366.9799 14 1.0
382.8 367.0724 14 1.0
382.9 367.1649 14 1.0
383.0 367.2574 14 1.0
383.1 367.3498 14 1.0
383.2 367.4423 14 1.0
383.3 367.5348 14 1.0
383.4 367.6273 14 1.0
383.5 367.7197 14 1.0
383.6 367.8122 14 1.0
383.7 367.9047 14 1.0
383.8 367.9972 14 1.0
383.9 368.0896 14 1.0
384.0 368.1821 14 1.0
384.1 368.2746 14 1.0
384.2 368.3671 14 1.0
384.3 368.4595 14 1.0
384.4 368.552 14 1.0
384.5 368.6445 14 1.0
384.6 368.737 14 1.0
384.7 368.8294 14 1.0
384.8 368.9219 14 1.0
384.9 369.0144 14 1.0
385.0 369.1069 14 1.0
385.1 369.1993 14 1.0
385.2 369.2918 14 1.0
385.3 369.3843 14 1.0
385.4 369.4768 14 1.0
385.5 369.5692 14 1.0
385.6 369.6617 14 1.0
385.7 369.7542 14 1.0
385.8 369.8467 14 1.0
385.9 369.9392 14 1.0
386.0 370.0316 14 1.0
386.1 370.1241 14 1.0
386.2 370.2166 14 1.0
386.3 370.3091 14 1.0
386.4 370.4015 14 1.0
386.5 370.494 14 1.0
386.6 370.5865 14 1.0
386.7 370.679 14 1.0
386.8 370.7714 14 1.0
386.9 370.8639 14 1.0
387.0 370.9564 14 1.0
387.1 371.0489 14 1.0
387.2 371.1413 14 1.0
387.3 371.2338 14 1.0
387.4 371.3263 14 1.0
387.5 371.4188 14 1.0
387.6 371.5112 14 1.0
387.7 371.6037 14 1.0
387.8 371.6962 14 1.0
387.9 371.7887 14 1.0
388.0 371.8811 14 1.0
388.1 371.9736 14 1.0
388.2 372.0661 14 1.0
388.3 372.1586 14 1.0
388.4 372.251 14 1.0
388.5 372.3435 14 1.0
388.6 372.436 14 1.0
388.7 372.5285 14 1.0
388.8 372.6209 14 1.0
388.9 372.7134 14 1.0
389.0 372.8059 14 1.0
389.1 372.8984 14 1.0
389.2 372.9909 14 1.0
389.3 373.0833 14 1.0
389.4 373.1758 14 1.0
389.5 373.2683 14 1.0
389.6 373.3608 14 1.0
389.7 373.4532 14 1.0
389.8 373.5457 14 1.0
389.9 373.6382 14 1.0
390.0 373.7307 14 1.0
390.1 373.8231 14 1.0
390.2 373.9156 14 1.0
390.3 374.0081 14 1.0
390.4 374.1006 14 1.0
390.5 374.193 14 1.0
390.6 374.2855 14 1.0
390.7 374.378 14 1.0
390.8 374.4705 14 1.0
390.9 374.5629 14 1.0
391.0 374.6554 14 1.0
391.1 374.7479 14 1.0
391.2 374.8404 14 1.0
391.3 374.9328 14 1.0
391.4 375.0253 14 1.0
391.5 375.1178 14 1.0
391.6 375.2103 14 1.0
391.7 375.3027 14 1.0
391.8 375.3952 14 1.0
391.9 375.4877 14 1.0
392.0 375.5802 14 1.0
392.1 375.6726 14 1.0
392.2 375.7651 14 1.0
392.3 375.8576 14 1.0
392.4 375.9501 14 1.0
392.5 376.0426 14 1.0
392.6 376.135 14 1.0
392.7 376.2275 14 1.0
392.8 376.32 14 1.0
392.9 376.4125 14 1.0
393.0 376.5049 14 1.0
393.1 376.5974 14 1.0
393.2 376.6899 14 1.0
393.3 376.7824 14 1.0
393.4 376.8748 14 1.0
393.5 376.9673 14 1.0
393.6 377.0598 14 1.0
393.7 377.1523 14 1.0
393.8 377.2447 14 1.0
393.9 377.3372 14 1.0
394.0 377.4297 14 1.0
394.1 377.5222 14 1.0
394.2 377.6146 14 1.0
394.3 377.7071 14 1.0
394.4 377.7996 14 1.0
394.5 377.8921 14 1.0
394.6 377.9845 14 1.0
394.7 378.077 14 1.0
394.8 378.1695 14 1.0
394.9 378.262 14 1.0
395.0 378.3544 14 1.0
395.1 378.4469 14 1.0
395.2 378.5394 14 1.0
395.3 378.6319 14 1.0
395.4 378.7243 14 1.0
395.5 378.8168 14 1.0
395.6 378.9093 14 1.0
395.7 379.0018 14 1.0
395.8 379.0943 14 1.0
395.9 379.1867 14 1.0
396.0 379.2792 14 1.0
396.1 379.3717 14 1.0
396.2 379.4642 14 1.0
396.3 379.5566 14 1.0
396.4 379.6491 14 1.0
396.5 379.7416 14 1.0
396.6 379.8341 14 1.0
396.7 379.9265 14 1.0
396.8 380.019 14 1.0
396.9 380.1115 14 1.0
397.0 380.204 14 1.0
397.1 380.2964 14 1.0
397.2 380.3889 14 1.0
397.3 380.4814 14 1.0
397.4 380.5739 14 1.0
397.5 380.6663 14 1.0
397.6 380.7588 14 1.0
397.7 380.8513 14 1.0
397.8 380.9438 14 1.0
397.9 381.0362 14 1.0
398.0 381.1287 14 1.0
398.1 381.2212 14 1.0
398.2 381.3137 14 1.0
398.3 381.4061 14 1.0
398.4 381.4986 14 1.0
398.5 381.5911 14 1.0
398.6 381.6836 14 1.0
398.7 381.7761 14 1.0
398.8 381.8685 14 1.0
398.9 381.961 14 1.0
399.0 382.0535 14 1.0
399.1 382.146 14 1.0
399.2 382.2384 14 1.0
399.3 382.3309 14 1.0
399.4 382.4234 14 1.0
399.5 382.5159 14 1.0
399.6 382.6083 14 1.0
399.7 382.7008 14 1.0
399.8 382.7933 14 1.0
399.9 382.8858 14 1.0
400.0 382.9782 14 1.0
400.1 383.0685 14 1.0
400.2 383.1587 14 1.0
400.3 383.249 14 1.0
400.4 383.3392 14 1.0
400.5 383.4295 14 1.0
400.6 383.5197 14 1.0
400.7 383.61 14 1.0
400.8 383.7002 14 1.0
400.9 383.7905 14 1.0
401.0 383.8807 14 1.0
401.1 383.971 14 1.0
401.2 384.0612 14 1.0
401.3 384.1515 14 1.0
401.4 384.2417 14 1.0
401.5 384.332 14 1.0
401.6 384.4222 14 1.0
401.7 384.5124 14 1.0
401.8 384.6027 14 1.0
401.9 384.6929 14 1.0
402.0 384.7832 14 1.0
402.1 384.8734 14 1.0
402.2 384.9637 14 1.0
402.3 385.0539 14 1.0
402.4 385.1442 14 1.0
402.5 385.2344 14 1.0
402.6 385.3247 14 1.0
402.7 385.4149 14 1.0
402.8 385.5052 14 1.0
402.9 385.5954 14 1.0
403.0 385.6857 14 1.0
403.1 385.7759 14 1.0
403.2 385.8662 14 1.0
403.3 385.9564 14 1.0
403.4 386.0467 14 1.0
403.5 386.1369 14 1.0
403.6 386.2272 14 1.0
403.7 386.3174 14 1.0
403.8 386.4077 14 1.0
403.9 386.4979 14 1.0
404.0 386.5881 14 1.0
404.1 386.6784 14 1.0
404.2 386.7686 14 1.0
404.3 386.8589 14 1.0
404.4 386.9491 14 1.0
404.5 387.0394 14 1.0
404.6 387.1296 14 1.0
404.7 387.2199 14 1.0
404.8 387.3101 14 1.0
404.9 387.4004 14 1.0
405.0 387.4906 14 1.0
405.1 387.5809 14 1.0
405.2 387.6711 14 1.0
405.3 387.7614 14 1.0
405.4 387.8516 14 1.0
405.5 387.9419 14 1.0
405.6 388.0321 14 1.0
405.7 388.1224 14 1.0
405.8 388.2126 14 1.0
405.9 388.3029 14 1.0
406.0 388.3931 14 1.0
406.1 388.4834 14 1.0
406.2 388.5736 14 1.0
406.3 388.6638 14 1.0
406.4 388.7541 14 1.0
406.5 388.8443 14 1.0
406.6 388.9346 14 1.0
406.7 389.0248 14 1.0
406.8 389.1151 14 1.0
406.9 389.2053 14 1.0
407.0 389.2956 14 1.0
407.1 389.3858 14 1.0
407.2 389.4761 14 1.0
407.3 389.5663 14 1.0
407.4 389.6566 14 1.0
407.5 389.7468 14 1.0
407.6 389.8371 14 1.0
407.7 389.9273 14 1.0
407.8 390.0176 14 1.0
407.9 390.1078 14 1.0
408.0 390.1981 14 1.0
408.1 390.2883 14 1.0
408.2 390.3786 14 1.0
408.3 390.4688 14 1.0
408.4 390.5591 14 1.0
408.5 390.6493 14 1.0
408.6 390.7395 14 1.0
408.7 390.8298 14 1.0
408.8 390.92 14 1.0
408.9 391.0103 14 1.0
409.0 391.1005 14 1.0
409.1 391.1908 14 1.0
409.2 391.281 14 1.0
409.3 391.3713 14 1.0
409.4 391.4615 14 1.0
409.5 391.5518 14 1.0
409.6 391.642 14 1.0
409.7 391.7323 14 1.0
409.8 391.8225 14 1.0
409.9 391.9128 14 1.0
410.0 392.003 14 1.0
410.1 392.0933 14 1.0
410.2 392.1835 14 1.0
410.3 392.2738 14 1.0
410.4 392.364 14 1.0
410.5 392.4543 14 1.0
410.6 392.5445 14 1.0
410.7 392.6348 14 1.0
410.8 392.725 14 1.0
410.9 392.8152 14 1.0
411.0 392.9055 14 1.0
411.1 392.9957 14 1.0
411.2 393.086 14 1.0
411.3 393.1762 14 1.0
411.4 393.2665 14 1.0
411.5 393.3567 14 1.0
411.6 393.447 14 1.0
411.7 393.5372 14 1.0
411.8 393.6275 14 1.0
411.9 393.7177 14 1.0
412.0 393.808 14 1.0
412.1 393.8982 14 1.0
412.2 393.9885 14 1.0
412.3 394.0787 14 1.0
412.4 394.169 14 1.0
412.5 394.2592 14 1.0
412.6 394.3495 14 1.0
412.7 394.4397 14 1.0
412.8 394.53 14 1.0
412.9 394.6202 14 1.0
413.0 394.7105 14 1.0
413.1 394.8007 14 1.0
413.2 394.8909 14 1.0
413.3 394.9812 14 1.0
413.4 395.0714 14 1.0
413.5 395.1617 14 1.0
413.6 395.2519 14 1.0
413.7 395.3422 14 1.0
413.8 395.4324 14 1.0
413.9 395.5227 14 1.0
414.0 395.6129 14 1.0
414.1 395.7032 14 1.0
414.2 395.7934 14 1.0
414.3 395.8837 14 1.0
414.4 395.9739 14 1.0
414.5 396.0642 14 1.0
414.6 396.1544 14 1.0
414.7 396.2447 14 1.0
414.8 396.3349 14 1.0
414.9 396.4252 14 1.0
415.0 396.5154 14 1.0
415.1 396.6057 14 1.0
415.2 396.6959 14 1.0
415.3 396.7862 14 1.0
415.4 396.8764 14 1.0
415.5 396.9666 14 1.0
415.6 397.0569 14 1.0
415.7 397.1471 14 1.0
415.8 397.2374 14 1.0
415.9 397.3276 14 1.0
416.0 397.4179 14 1.0
416.1 397.5081 14 1.0
416.2 397.5984 14 1.0
416.3 397.6886 14 1.0
416.4 397.7789 14 1.0
416.5 397.8691 14 1.0
416.6 397.9594 14 1.0
416.7 398.0496 14 1.0
416.8 398.1399 14 1.0
416.9 398.2301 14 1.0
417.0 398.3204 14 1.0
417.1 398.4106 14 1.0
417.2 398.5009 14 1.0
417.3 398.5911 14 1.0
417.4 398.6814 14 1.0
417.5 398.7716 14 1.0
417.6 398.8619 14 1.0
417.7 398.9521 14 1.0
417.8 399.0423 14 1.0
417.9 399.1326 14 1.0
418.0 399.2228 14 1.0
418.1 399.3131 14 1.0
418.2 399.4033 14 1.0
418.3 399.4936 14 1.0
418.4 399.5838 14 1.0
418.5 399.6741 14 1.0
418.6 399.7643 14 1.0
418.7 399.8546 14 1.0
418.8 399.9448 14 1.0
418.9 400.0351 14 1.0
419.0 400.1253 14 1.0
419.1 400.2156 14 1.0
419.2 400.3058 14 1.0
419.3 400.3961 14 1.0
419.4 400.4863 14 1.0
419.5 400.5766 14 1.0
419.6 400.6668 14 1.0
419.7 400.7571 14 1.0
419.8 400.8473 14 1.0
419.9 400.9376 14 1.0
420.0 401.0278 14 1.0
420.1 401.118 14 1.0
420.2 401.2083 14 1.0
420.3 401.2985 14 1.0
420.4 401.3888 14 1.0
420.5 401.479 14 1.0
420.6 401.5693 14 1.0
420.7 401.6595 14 1.0
420.8 401.7498 14 1.0
420.9 401.84 14 1.0
421.0 401.9303 14 1.0
421.1 402.0205 14 1.0
421.2 402.1108 14 1.0
421.3 402.201 14 1.0
421.4 402.2913 14 1.0
421.5 402.3815 14 1.0
421.6 402.4718 14 1.0
421.7 402.562 14 1.0
421.8 402.6523 14 1.0
421.9 402.7425 14 1.0
422.0 402.8328 14 1.0
422.1 402.923 14 1.0
422.2 403.0133 14 1.0
422.3 403.1035 14 1.0
422.4 403.1937 14 1.0
422.5 403.284 14 1.0
422.6 403.3742 14 1.0
422.7 403.4645 14 1.0
422.8 403.5547 14 1.0
422.9 403.645 14 1.0
423.0 403.7352 14 1.0
423.1 403.8255 14 1.0
423.2 403.9157 14 1.0
423.3 404.006 14 1.0
423.4 404.0962 14 1.0
423.5 404.1865 14 1.0
423.6 404.2767 14 1.0
423.7 404.367 14 1.0
423.8 404.4572 14 1.0
423.9 404.5475 14 1.0
424.0 404.6377 14 1.0
424.1 404.728 14 1.0
424.2 404.8182 14 1.0
424.3 404.9085 14 1.0
424.4 404.9987 14 1.0
424.5 405.089 14 1.0
424.6 405.1792 14 1.0
424.7 405.2694 14 1.0
424.8 405.3597 14 1.0
424.9 405.4499 14 1.0
425.0 405.5402 14 1.0
425.1 405.6304 14 1.0
425.2 405.7207 14 1.0
425.3 405.8109 14 1.0
425.4 405.9012 14 1.0
425.5 405.9914 14 1.0
425.6 406.0817 14 1.0
425.7 406.1719 14 1.0
425.8 406.2622 14 1.0
425.9 406.3524 14 1.0
426.0 406.4427 14 1.0
426.1 406.5329 14 1.0
426.2 406.6232 14 1.0
426.3 406.7134 14 1.0
426.4 406.8037 14 1.0
426.5 406.8939 14 1.0
426.6 406.9842 14 1.0
426.7 407.0744 14 1.0
426.8 407.1647 14 1.0
426.9 407.2549 14 1.0
427.0 407.3451 14 1.0
427.1 407.4354 14 1.0
427.2 407.5256 14 1.0
427.3 407.6159 14 1.0
427.4 407.7061 14 1.0
427.5 407.7964 14 1.0
427.6 407.8866 14 1.0
427.7 407.9769 14 1.0
427.8 408.0671 14 1.0
427.9 408.1574 14 1.0
428.0 408.2476 14 1.0
428.1 408.3379 14 1.0
428.2 408.4281 14 1.0
428.3 408.5184 14 1.0
428.4 408.6086 14 1.0
428.5 408.6989 14 1.0
428.6 408.7891 14 1.0
428.7 408.8794 14 1.0
428.8 408.9696 14 1.0
428.9 409.0599 14 1.0
429.0 409.1501 14 1.0
429.1 409.2403 14 1.0
429.2 409.3306 14 1.0
429.3 409.4208 14 1.0
429.4 409.5111 14 1.0
429.5 409.6013 14 1.0
429.6 409.6916 14 1.0
429.7 409.7818 14 1.0
429.8 409.8721 14 1.0
429.9 409.9623 14 1.0
430.0 410.0526 14 1.0
430.1 410.1428 14 1.0
430.2 410.2331 14 1.0
430.3 410.3233 14 1.0
430.4 410.4136 14 1.0
430.5 410.5038 14 1.0
430.6 410.5941 14 1.0
430.7 410.6843 14 1.0
430.8 410.7746 14 1.0
430.9 410.8648 14 1.0
431.0 410.9551 14 1.0
431.1 411.0453 14 1.0
431.2 411.1356 14 1.0
431.3 411.2258 14 1.0
431.4 411.316 14 1.0
431.5 411.4063 14 1.0
431.6 411.4965 14 1.0
431.7 411.5868 14 1.0
431.8 411.677 14 1.0
431.9 411.7673 14 1.0
432.0 411.8575 14 1.0
432.1 411.9478 14 1.0
432.2 412.038 14 1.0
432.3 412.1283 14 1.0
432.4 412.2185 14 1.0
432.5 412.3088 14 1.0
432.6 412.399 14 1.0
432.7 412.4893 14 1.0
432.8 412.5795 14 1.0
432.9 412.6698 14 1.0
433.0 412.76 14 1.0
433.1 412.8503 14 1.0
433.2 412.9405 14 1.0
433.3 413.0308 14 1.0
433.4 413.121 14 1.0
433.5 413.2113 14 1.0
433.6 413.3015 14 1.0
433.7 413.3917 14 1.0
433.8 413.482 14 1.0
433.9 413.5722 14 1.0
434.0 413.6625 14 1.0
434.1 413.7527 14 1.0
434.2 413.843 14 1.0
434.3 413.9332 14 1.0
434.4 414.0235 14 1.0
434.5 414.1137 14 1.0
434.6 414.204 14 1.0
434.7 414.2942 14 1.0
434.8 414.3845 14 1.0
434.9 414.4747 14 1.0
435.0 414.565 14 1.0
435.1 414.6552 14 1.0
435.2 414.7455 14 1.0
435.3 414.8357 14 1.0
435.4 414.926 14 1.0
435.5 415.0162 14 1.0
435.6 415.1065 14 1.0
435.7 415.1967 14 1.0
435.8 415.287 14 1.0
435.9 415.3772 14 1.0
436.0 415.4674 14 1.0
436.1 415.5577 14 1.0
436.2 415.6479 14 1.0
436.3 415.7382 14 1.0
436.4 415.8284 14 1.0
436.5 415.9187 14 1.0
436.6 416.0089 14 1.0
436.7 416.0992 14 1.0
436.8 416.1894 14 1.0
436.9 416.2797 14 1.0
437.0 416.3699 14 1.0
437.1 416.4602 14 1.0
437.2 416.5504 14 1.0
437.3 416.6407 14 1.0
437.4 416.7309 14 1.0
437.5 416.8212 14 1.0
437.6 416.9114 14 1.0
437.7 417.0017 14 1.0
437.8 417.0919 14 1.0
437.9 417.1822 14 1.0
438.0 417.2724 14 1.0
438.1 417.3627 14 1.0
438.2 417.4529 14 1.0
438.3 417.5431 14 1.0
438.4 417.6334 14 1.0
438.5 417.7236 14 1.0
438.6 417.8139 14 1.0
438.7 417.9041 14 1.0
438.8 417.9944 14 1.0
438.9 418.0846 14 1.0
439.0 418.1749 14 1.0
439.1 418.2651 14 1.0
439.2 418.3554 14 1.0
439.3 418.4456 14 1.0
439.4 418.5359 14 1.0
439.5 418.6261 14 1.0
439.6 418.7164 14 1.0
439.7 418.8066 14 1.0
439.8 418.8969 14 1.0
439.9 418.9871 14 1.0
440.0 419.0774 14 1.0
440.1 419.1676 14 1.0
440.2 419.2579 14 1.0
440.3 419.3481 14 1.0
440.4 419.4384 14 1.0
440.5 419.5286 14 1.0
440.6 419.6188 14 1.0
440.7 419.7091 14 1.0
440.8 419.7993 14 1.0
440.9 419.8896 14 1.0
441.0 419.9798 14 1.0
441.1 420.0701 14 1.0
441.2 420.1603 14 1.0
441.3 420.2506 14 1.0
441.4 420.3408 14 1.0
441.5 420.4311 14 1.0
441.6 420.5213 14 1.0
441.7 420.6116 14 1.0
441.8 420.7018 14 1.0
441.9 420.7921 14 1.0
442.0 420.8823 14 1.0
442.1 420.9726 14 1.0
442.2 421.0628 14 1.0
442.3 421.1531 14 1.0
442.4 421.2433 14 1.0
442.5 421.3336 14 1.0
442.6 421.4238 14 1.0
442.7 421.5141 14 1.0
442.8 421.6043 14 1.0
442.9 421.6945 14 1.0
443.0 421.7848 14 1.0
443.1 421.875 14 1.0
443.2 421.9653 14 1.0
443.3 422.0555 14 1.0
443.4 422.1458 14 1.0
443.5 422.236 14 1.0
443.6 422.3263 14 1.0
443.7 422.4165 14 1.0
443.8 422.5068 14 1.0
443.9 422.597 14 1.0
444.0 422.6873 14 1.0
444.1 422.7775 14 1.0
444.2 422.8678 14 1.0
444.3 422.958 14 1.0
444.4 423.0483 14 1.0
444.5 423.1385 14 1.0
444.6 423.2288 14 1.0
444.7 423.319 14 1.0
444.8 423.4093 14 1.0
444.9 423.4995 14 1.0
445.0 423.5898 14 1.0
445.1 423.68 14 1.0
445.2 423.7702 14 1.0
445.3 423.8605 14 1.0
445.4 423.9507 14 1.0
445.5 424.041 14 1.0
445.6 424.1312 14 1.0
445.7 424.2215 14 1.0
445.8 424.3117 14 1.0
445.9 424.402 14 1.0
446.0 424.4922 14 1.0
446.1 424.5825 14 1.0
446.2 424.6727 14 1.0
446.3 424.763 14 1.0
446.4 424.8532 14 1.0
446.5 424.9435 14 1.0
446.6 425.0337 14 1.0
446.7 425.124 14 1.0
446.8 425.2142 14 1.0
446.9 425.3045 14 1.0
447.0 425.3947 14 1.0
447.1 425.485 14 1.0
447.2 425.5752 14 1.0
447.3 425.6655 14 1.0
447.4 425.7557 14 1.0
447.5 425.8459 14 1.0
447.6 425.9362 14 1.0
447.7 426.0264 14 1.0
447.8 426.1167 14 1.0
447.9 426.2069 14 1.0
448.0 426.2972 14 1.0
448.1 426.3874 14 1.0
448.2 426.4777 14 1.0
448.3 426.5679 14 1.0
448.4 426.6582 14 1.0
448.5 426.7484 14 1.0
448.6 426.8387 14 1.0
448.7 426.9289 14 1.0
448.8 427.0192 14 1.0
448.9 427.1094 14 1.0
449.0 427.1997 14 1.0
449.1 427.2899 14 1.0
449.2 427.3802 14 1.0
449.3 427.4704 14 1.0
449.4 427.5607 14 1.0
449.5 427.6509 14 1.0
449.6 427.7412 14 1.0
449.7 427.8314 14 1.0
449.8 427.9216 14 1.0
449.9 428.0119 14 1.0
450.0 428.1021 14 1.0
