15.0 1.341586 13 0.02740870603155643
15.1 1.34961 13 0.027909312670397424
15.2 1.357627 13 0.028407433726999276
15.3 1.365635 13 0.028894117171880396
15.4 1.373636 13 0.029380181263691352
15.5 1.381629 13 0.029856186473131263
15.6 1.389613 13 0.030326727872749704
15.7 1.39759 13 0.030789681508041955
15.8 1.405559 13 0.03124886754215528
15.9 1.41352 13 0.031700896086607644
16.0 1.421473 13 0.03214708784348197
16.1 1.42983 13 0.03262956612435508
16.2 1.438178 13 0.03309753092054224
16.3 1.446517 13 0.033573676636938
16.4 1.454848 13 0.034036112523501694
16.5 1.46317 13 0.0344940508678091
16.6 1.471484 13 0.03494686268330893
16.7 1.47979 13 0.03539026657028632
16.8 1.488086 13 0.03583458568689435
16.9 1.496375 13 0.036270845214618985
17.0 1.504655 13 0.03670205741224686
17.1 1.512926 13 0.03712938893155404
17.2 1.52119 13 0.03754940711462462
17.3 1.529445 13 0.03796649511506012
17.4 1.537691 13 0.03837455800955403
17.5 1.54593 13 0.038781760760254524
17.6 1.55416 13 0.03918402164960577
17.7 1.562382 13 0.03958276754191625
17.8 1.570595 13 0.03997196421243687
17.9 1.578801 13 0.040359386276965004
18.0 1.586998 13 0.04074353482537452
18.1 1.5956 13 0.04115484460429564
18.2 1.604193 13 0.04156273261199794
18.3 1.612777 13 0.041964003707992914
18.4 1.621352 13 0.042360259634101616
18.5 1.629919 13 0.042756521431352335
18.6 1.638476 13 0.04314794338336991
18.7 1.647025 13 0.043535051232626465
18.8 1.655565 13 0.043911150537508936
18.9 1.664096 13 0.04429220538230838
19.0 1.672618 13 0.044663303223467565
19.1 1.681132 13 0.04503539300710868
19.2 1.689637 13 0.045398166570126186
19.3 1.698134 13 0.0457603482207849
19.4 1.706621 13 0.04611908126518138
19.5 1.7151 13 0.04647045679811612
19.6 1.723571 13 0.046822869894141084
19.7 1.732033 13 0.0471691209040942
19.8 1.740487 13 0.0475133328957994
19.9 1.748932 13 0.04785209571222104
20.0 1.757368 13 0.0481905123820382
20.1 1.766093 13 0.04853878157438407
20.2 1.774808 13 0.048887386748945216
20.3 1.783515 13 0.04922973209158321
20.4 1.792213 13 0.04956627087208809
20.5 1.800901 13 0.04990253961976332
20.6 1.809581 13 0.05023783059833886
20.7 1.818252 13 0.05056481667620272
20.8 1.826914 13 0.050892527391357856
20.9 1.835567 13 0.051214180306726975
21.0 1.844211 13 0.051536360209018306
21.1 1.852847 13 0.05185161982732611
21.2 1.861474 13 0.052166651443781964
21.3 1.870092 13 0.052478179369656375
21.4 1.878702 13 0.05278418562360021
21.5 1.887302 13 0.05308579607645025
21.6 1.895895 13 0.05339002484234656
21.7 1.904478 13 0.05369167219658744
21.8 1.913053 13 0.05398591714937395
21.9 1.921619 13 0.05428023294647055
22.0 1.930177 13 0.05457033917429388
22.1 1.940113 13 0.05496822755125197
22.2 1.950038 13 0.055362955410016124
22.3 1.959951 13 0.055754725765899904
22.4 1.969852 13 0.056142448367398234
22.5 1.979743 13 0.05652829256239189
22.6 1.989622 13 0.05690991180365046
22.7 1.99949 13 0.057288708008124134
22.8 21.62072 14 1.0
22.9 21.70667 14 1.0
23.0 21.79261 14 1.0
23.1 21.87856 14 1.0
23.2 21.96451 14 1.0
23.3 22.05046 14 1.0
23.4 22.13641 14 1.0
23.5 22.22236 14 1.0
23.6 22.30831 14 1.0
23.7 22.39426 14 1.0
23.8 22.48021 14 1.0
23.9 22.56616 14 1.0
24.0 22.65211 14 1.0
24.1 22.74163 14 1.0
24.2 22.83115 14 1.0
24.3 22.92067 14 1.0
24.4 23.01019 14 1.0
24.5 23.09971 14 1.0
24.6 23.18923 14 1.0
24.7 23.27874 14 1.0
24.8 23.36826 14 1.0
24.9 23.45778 14 1.0
25.0 5.778667 14 0.22567699402826225
25.1 5.978279 14 0.23346409117105726
25.2 6.179879 14 0.241276862950918
25.3 6.383468 14 0.24911530160868167
25.4 6.589045 14 0.2569840054792313
25.5 6.796611 14 0.2648678771614691
25.6 7.006165 14 0.27278386502472607
25.7 7.217708 14 0.2807208831762473
25.8 7.431239 14 0.28868426847805273
25.9 7.646759 14 0.29667000744322003
26.0 7.864267 14 0.3046757638092845
26.1 8.095509 14 0.3134101778709226
26.2 8.328488 14 0.3221661312528683
26.3 8.563203 14 0.330938813267183
26.4 8.799655 14 0.33972997664232873
26.5 9.037843 14 0.3485387586290789
26.6 9.277768 14 0.3573671738944243
26.7 9.519429 14 0.36621370712697143
26.8 9.762827 14 0.37507723109891056
26.9 10.00796 14 0.3839581845436637
27.0 10.25483 14 0.39285932543867774
27.1 10.50344 14 0.40177672692194777
27.2 10.75378 14 0.4107114186968168
27.3 11.00586 14 0.41966027576284015
27.4 11.25968 14 0.42863075758660096
27.5 11.51523 14 0.4376145613214155
27.6 11.77252 14 0.44661898118043675
27.7 12.03155 14 0.45563643609851023
27.8 12.29231 14 0.46467300294920033
27.9 12.55481 14 0.47372596344069007
28.0 12.81904 14 0.4827922323250131
28.1 13.09505 14 0.4922327162683998
28.2 13.37291 14 0.5016924775765527
28.3 13.65263 14 0.511165857061584
28.4 13.9342 14 0.5206561067280246
28.5 14.21762 14 0.5301641345632122
28.6 14.50289 14 0.5396908330223331
28.7 14.79002 14 0.5492299121183257
28.8 15.07899 14 0.5587856980900978
28.9 15.36982 14 0.5683572717536421
29.0 15.66251 14 0.5779466181377009
29.1 15.95704 14 0.5875503298001084
29.2 16.25343 14 0.5971684747986651
29.3 16.55167 14 0.606802955959392
29.4 16.85176 14 0.616452045560366
29.5 17.1537 14 0.6261163212410021
29.6 17.4575 14 0.6357958462120032
29.7 17.76315 14 0.6454898294253921
29.8 18.07065 14 0.655199857925582
29.9 18.38 14 0.6649237463720878
30.0 18.69121 14 0.6746616995723913
30.1 19.0012 14 0.6844399411047607
30.2 19.31291 14 0.6942304991004988
30.3 19.62633 14 0.7040348869007141
30.4 19.94148 14 0.7138523137566664
30.5 20.25834 14 0.7236833834926892
30.6 20.57693 14 0.7335254891957876
30.7 20.89723 14 0.7433808292922603
30.8 21.21925 14 0.7532485431111489
30.9 21.54299 14 0.7631280394355358
31.0 21.86845 14 0.7730225575896059
31.1 22.19563 14 0.7829268636153469
31.2 22.52453 14 0.7928432811615237
31.3 22.85515 14 0.802773222832831
31.4 23.18749 14 0.8127138716732124
31.5 23.52155 14 0.8226672481227599
31.6 23.85732 14 0.8326315343832636
31.7 24.19482 14 0.8426080049897184
31.8 24.53403 14 0.8525963814780742
31.9 24.87497 14 0.8625961456079111
32.0 25.21762 14 0.8726072328504864
32.1 25.56199 14 0.8826297439541649
32.2 25.90808 14 0.8926633162161077
32.3 26.25589 14 0.9027081749491878
32.4 26.60542 14 0.9127643945368664
32.5 26.95667 14 0.9228315856199998
32.6 27.30964 14 0.9329094461242838
32.7 27.66432 14 0.94299822430929
32.8 28.02073 14 0.953098017490404
32.9 28.37886 14 0.9632083078698989
33.0 28.7387 14 0.9733293737911476
33.1 29.10027 14 0.9834609848769075
33.2 29.46355 14 0.9936030200835556
33.3 29.71919 14 1.0
33.4 29.78901 14 1.0
33.5 29.85883 14 1.0
33.6 29.92865 14 1.0
33.7 29.99846 14 1.0
33.8 30.06828 14 1.0
33.9 30.1381 14 1.0
34.0 30.20791 14 1.0
34.1 30.27773 14 1.0
34.2 30.34755 14 1.0
34.3 30.41737 14 1.0
34.4 30.48718 14 1.0
34.5 30.557 14 1.0
34.6 30.62682 14 1.0
34.7 30.69663 14 1.0
34.8 30.76645 14 1.0
34.9 30.83627 14 1.0
35.0 30.90609 14 1.0
35.1 30.9591 14 1.0
35.2 31.01212 14 1.0
35.3 31.06514 14 1.0
35.4 31.11816 14 1.0
35.5 31.17118 14 1.0
35.6 31.22419 14 1.0
35.7 31.27721 14 1.0
35.8 31.33023 14 1.0
35.9 31.38325 14 1.0
36.0 31.43627 14 1.0
36.1 31.48928 14 1.0
36.2 31.5423 14 1.0
36.3 31.59532 14 1.0
36.4 31.64834 14 1.0
36.5 31.70135 14 1.0
36.6 31.75437 14 1.0
36.7 31.80739 14 1.0
36.8 31.86041 14 1.0
36.9 31.91343 14 1.0
37.0 31.96644 14 1.0
37.1 32.01946 14 1.0
37.2 32.07248 14 1.0
37.3 32.1255 14 1.0
37.4 32.17852 14 1.0
37.5 32.23153 14 1.0
37.6 32.28455 14 1.0
37.7 32.33757 14 1.0
37.8 32.39059 14 1.0
37.9 32.4436 14 1.0
38.0 32.49662 14 1.0
38.1 32.54964 14 1.0
38.2 32.60266 14 1.0
38.3 32.65568 14 1.0
38.4 32.70869 14 1.0
38.5 32.76171 14 1.0
38.6 32.81473 14 1.0
38.7 32.86775 14 1.0
38.8 32.92077 14 1.0
38.9 32.97378 14 1.0
39.0 33.0268 14 1.0
39.1 33.07982 14 1.0
39.2 33.13284 14 1.0
39.3 33.18586 14 1.0
39.4 33.23887 14 1.0
39.5 33.29189 14 1.0
39.6 33.34491 14 1.0
39.7 33.39793 14 1.0
39.8 33.45094 14 1.0
39.9 33.50396 14 1.0
40.0 33.55698 14 1.0
40.1 33.62912 14 1.0
40.2 33.70126 14 1.0
40.3 33.7734 14 1.0
40.4 33.84554 14 1.0
40.5 33.91768 14 1.0
40.6 33.98982 14 1.0
40.7 34.06196 14 1.0
40.8 34.1341 14 1.0
40.9 34.20623 14 1.0
41.0 34.27837 14 1.0
41.1 34.35051 14 1.0
41.2 34.42265 14 1.0
41.3 34.49479 14 1.0
41.4 34.56693 14 1.0
41.5 34.63907 14 1.0
41.6 34.71121 14 1.0
41.7 34.78335 14 1.0
41.8 34.85549 14 1.0
41.9 34.92763 14 1.0
42.0 34.99977 14 1.0
42.1 35.07191 14 1.0
42.2 35.14405 14 1.0
42.3 35.21619 14 1.0
42.4 35.28832 14 1.0
42.5 35.36046 14 1.0
42.6 35.4326 14 1.0
42.7 35.50474 14 1.0
42.8 35.57688 14 1.0
42.9 35.64902 14 1.0
43.0 35.72116 14 1.0
43.1 35.7933 14 1.0
43.2 35.86544 14 1.0
43.3 35.93758 14 1.0
43.4 36.00972 14 1.0
43.5 36.08186 14 1.0
43.6 36.154 14 1.0
43.7 36.22614 14 1.0
43.8 36.29828 14 1.0
43.9 36.37042 14 1.0
44.0 36.44255 14 1.0
44.1 36.51469 14 1.0
44.2 36.58683 14 1.0
44.3 36.65897 14 1.0
44.4 36.73111 14 1.0
44.5 36.80325 14 1.0
44.6 36.87539 14 1.0
44.7 36.94753 14 1.0
44.8 37.01967 14 1.0
44.9 37.09181 14 1.0
45.0 37.16395 14 1.0
45.1 37.23609 14 1.0
45.2 37.30823 14 1.0
45.3 37.38037 14 1.0
45.4 37.45251 14 1.0
45.5 37.52465 14 1.0
45.6 37.59678 14 1.0
45.7 37.66892 14 1.0
45.8 37.74106 14 1.0
45.9 37.8132 14 1.0
46.0 37.88534 14 1.0
46.1 37.95748 14 1.0
46.2 38.02962 14 1.0
46.3 38.10176 14 1.0
46.4 38.1739 14 1.0
46.5 38.24604 14 1.0
46.6 38.31818 14 1.0
46.7 38.39032 14 1.0
46.8 38.46246 14 1.0
46.9 38.5346 14 1.0
47.0 38.60674 14 1.0
47.1 38.67888 14 1.0
47.2 38.75101 14 1.0
47.3 38.82315 14 1.0
47.4 38.89529 14 1.0
47.5 38.96743 14 1.0
47.6 39.03957 14 1.0
47.7 39.11171 14 1.0
47.8 39.18385 14 1.0
47.9 39.25599 14 1.0
48.0 39.32813 14 1.0
48.1 39.40027 14 1.0
48.2 39.47241 14 1.0
48.3 39.54455 14 1.0
48.4 39.61669 14 1.0
48.5 39.68883 14 1.0
48.6 39.76097 14 1.0
48.7 39.83311 14 1.0
48.8 39.90524 14 1.0
48.9 39.97738 14 1.0
49.0 40.04952 14 1.0
49.1 40.12166 14 1.0
49.2 40.1938 14 1.0
49.3 40.26594 14 1.0
49.4 40.33808 14 1.0
49.5 40.41022 14 1.0
49.6 40.48236 14 1.0
49.7 40.5545 14 1.0
49.8 40.62664 14 1.0
49.9 40.69878 14 1.0
50.0 40.77092 14 1.0
50.1 40.83804 14 1.0
50.2 40.90517 14 1.0
50.3 40.97229 14 1.0
50.4 41.03942 14 1.0
50.5 41.10654 14 1.0
50.6 41.17366 14 1.0
50.7 41.24079 14 1.0
50.8 41.30791 14 1.0
50.9 41.37504 14 1.0
51.0 41.44216 14 1.0
51.1 41.50929 14 1.0
51.2 41.57641 14 1.0
51.3 41.64354 14 1.0
51.4 41.71066 14 1.0
51.5 41.77779 14 1.0
51.6 41.84491 14 1.0
51.7 41.91203 14 1.0
51.8 41.97916 14 1.0
51.9 42.04628 14 1.0
52.0 42.11341 14 1.0
52.1 42.18053 14 1.0
52.2 42.24766 14 1.0
52.3 42.31478 14 1.0
52.4 42.38191 14 1.0
52.5 42.44903 14 1.0
52.6 42.51615 14 1.0
52.7 42.58328 14 1.0
52.8 42.6504 14 1.0
52.9 42.71753 14 1.0
53.0 42.78465 14 1.0
53.1 42.85178 14 1.0
53.2 42.9189 14 1.0
53.3 42.98603 14 1.0
53.4 43.05315 14 1.0
53.5 43.12028 14 1.0
53.6 43.1874 14 1.0
53.7 43.25452 14 1.0
53.8 43.32165 14 1.0
53.9 43.38877 14 1.0
54.0 43.4559 14 1.0
54.1 43.52302 14 1.0
54.2 43.59015 14 1.0
54.3 43.65727 14 1.0
54.4 43.7244 14 1.0
54.5 43.79152 14 1.0
54.6 43.85865 14 1.0
54.7 43.92577 14 1.0
54.8 43.99289 14 1.0
54.9 44.06002 14 1.0
55.0 44.12714 14 1.0
55.1 44.19427 14 1.0
55.2 44.26139 14 1.0
55.3 44.32852 14 1.0
55.4 44.39564 14 1.0
55.5 44.46277 14 1.0
55.6 44.52989 14 1.0
55.7 44.59702 14 1.0
55.8 44.66414 14 1.0
55.9 44.73126 14 1.0
56.0 44.79839 14 1.0
56.1 44.86551 14 1.0
56.2 44.93264 14 1.0
56.3 44.99976 14 1.0
56.4 45.06689 14 1.0
56.5 45.13401 14 1.0
56.6 45.20114 14 1.0
56.7 45.26826 14 1.0
56.8 45.33539 14 1.0
56.9 45.40251 14 1.0
57.0 45.46963 14 1.0
57.1 45.53676 14 1.0
57.2 45.60388 14 1.0
57.3 45.67101 14 1.0
57.4 45.73813 14 1.0
57.5 45.80526 14 1.0
57.6 45.87238 14 1.0
57.7 45.93951 14 1.0
57.8 46.00663 14 1.0
57.9 46.07376 14 1.0
58.0 46.14088 14 1.0
58.1 46.208 14 1.0
58.2 46.27513 14 1.0
58.3 46.34225 14 1.0
58.4 46.40938 14 1.0
58.5 46.4765 14 1.0
58.6 46.54363 14 1.0
58.7 46.61075 14 1.0
58.8 46.67788 14 1.0
58.9 46.745 14 1.0
59.0 46.81213 14 1.0
59.1 46.87925 14 1.0
59.2 46.94637 14 1.0
59.3 47.0135 14 1.0
59.4 47.08062 14 1.0
59.5 47.14775 14 1.0
59.6 47.21487 14 1.0
59.7 47.282 14 1.0
59.8 47.34912 14 1.0
59.9 47.41625 14 1.0
60.0 47.48337 14 1.0
60.1 47.50001 14 1.0
60.2 47.51666 14 1.0
60.3 47.5333 14 1.0
60.4 47.54994 14 1.0
60.5 47.56658 14 1.0
60.6 47.58323 14 1.0
60.7 47.59987 14 1.0
60.8 47.61651 14 1.0
60.9 47.63315 14 1.0
61.0 47.6498 14 1.0
61.1 47.66644 14 1.0
61.2 47.68308 14 1.0
61.3 47.69972 14 1.0
61.4 47.71637 14 1.0
61.5 47.73301 14 1.0
61.6 47.74965 14 1.0
61.7 47.76629 14 1.0
61.8 47.78294 14 1.0
61.9 47.79958 14 1.0
62.0 47.81622 14 1.0
62.1 47.83286 14 1.0
62.2 47.84951 14 1.0
62.3 47.86615 14 1.0
62.4 47.88279 14 1.0
62.5 47.89943 14 1.0
62.6 47.91608 14 1.0
62.7 47.93272 14 1.0
62.8 47.94936 14 1.0
62.9 47.966 14 1.0
63.0 47.98265 14 1.0
63.1 47.99929 14 1.0
63.2 48.01593 14 1.0
63.3 48.03257 14 1.0
63.4 48.04921 14 1.0
63.5 48.06586 14 1.0
63.6 48.0825 14 1.0
63.7 48.09914 14 1.0
63.8 48.11578 14 1.0
63.9 48.13243 14 1.0
64.0 48.14907 14 1.0
64.1 48.16571 14 1.0
64.2 48.18235 14 1.0
64.3 48.199 14 1.0
64.4 48.21564 14 1.0
64.5 48.23228 14 1.0
64.6 48.24892 14 1.0
64.7 48.26557 14 1.0
64.8 48.28221 14 1.0
64.9 48.29885 14 1.0
65.0 48.31549 14 1.0
65.1 48.33214 14 1.0
65.2 48.34878 14 1.0
65.3 48.36542 14 1.0
65.4 48.38206 14 1.0
65.5 48.39871 14 1.0
65.6 48.41535 14 1.0
65.7 48.43199 14 1.0
65.8 48.44863 14 1.0
65.9 48.46528 14 1.0
66.0 48.32536 14 1.0
66.1 48.13858 14 1.0
66.2 47.95208 14 1.0
66.3 47.76584 14 1.0
66.4 47.57989 14 1.0
66.5 47.3942 14 1.0
66.6 47.20879 14 1.0
66.7 47.02365 14 1.0
66.8 46.83879 14 1.0
66.9 46.65419 14 1.0
67.0 46.46988 14 1.0
67.1 46.28583 14 1.0
67.2 46.10206 14 1.0
67.3 45.91856 14 1.0
67.4 45.73534 14 1.0
67.5 45.55239 14 1.0
67.6 45.36971 14 1.0
67.7 45.1873 14 1.0
67.8 45.00517 14 1.0
67.9 44.82332 14 1.0
68.0 44.64173 14 1.0
68.1 44.46042 14 1.0
68.2 44.27938 14 1.0
68.3 44.09862 14 1.0
68.4 43.91813 14 1.0
68.5 43.73791 14 1.0
68.6 43.55797 14 1.0
68.7 43.3783 14 1.0
68.8 43.1989 14 1.0
68.9 43.01978 14 1.0
69.0 42.84093 14 1.0
69.1 42.66235 14 1.0
69.2 42.48405 14 1.0
69.3 42.30602 14 1.0
69.4 42.12826 14 1.0
69.5 41.95078 14 1.0
69.6 41.77357 14 1.0
69.7 41.59663 14 1.0
69.8 41.41997 14 1.0
69.9 41.24358 14 1.0
70.0 41.06746 14 1.0
70.1 40.96049 14 1.0
70.2 40.85332 14 1.0
70.3 40.74598 14 1.0
70.4 40.63844 14 1.0
70.5 40.53073 14 1.0
70.6 40.42282 14 1.0
70.7 40.31473 14 1.0
70.8 40.20646 14 1.0
70.9 40.098 14 1.0
71.0 39.98936 14 1.0
71.1 39.88053 14 1.0
71.2 39.77151 14 1.0
71.3 39.66231 14 1.0
71.4 39.55293 14 1.0
71.5 39.44336 14 1.0
71.6 39.3336 14 1.0
71.7 39.22366 14 1.0
71.8 39.11353 14 1.0
71.9 39.00322 14 1.0
72.0 38.89272 14 1.0
72.1 38.78204 14 1.0
72.2 38.67117 14 1.0
72.3 38.56012 14 1.0
72.4 38.44888 14 1.0
72.5 38.33746 14 1.0
72.6 38.22585 14 1.0
72.7 38.11406 14 1.0
72.8 38.00208 14 1.0
72.9 37.88991 14 1.0
73.0 37.77756 14 1.0
73.1 37.66503 14 1.0
73.2 37.55231 14 1.0
73.3 37.4394 14 1.0
73.4 37.32631 14 1.0
73.5 37.21304 14 1.0
73.6 37.09957 14 1.0
73.7 36.98593 14 1.0
73.8 36.8721 14 1.0
73.9 36.75808 14 1.0
74.0 36.64388 14 1.0
74.1 36.52949 14 1.0
74.2 36.41492 14 1.0
74.3 36.30016 14 1.0
74.4 36.18521 14 1.0
74.5 36.07009 14 1.0
74.6 35.95477 14 1.0
74.7 35.83927 14 1.0
74.8 35.72359 14 1.0
74.9 35.60772 14 1.0
75.0 35.49166 14 1.0
75.1 35.37542 14 1.0
75.2 35.259 14 1.0
75.3 35.14239 14 1.0
75.4 35.02559 14 1.0
75.5 34.90861 14 1.0
75.6 34.79144 14 1.0
75.7 34.67409 14 1.0
75.8 34.55656 14 1.0
75.9 34.43883 14 1.0
76.0 34.32093 14 1.0
76.1 34.20283 14 1.0
76.2 34.08455 14 1.0
76.3 33.96609 14 1.0
76.4 33.84744 14 1.0
76.5 33.72861 14 1.0
76.6 33.60959 14 1.0
76.7 33.49039 14 1.0
76.8 33.371 14 1.0
76.9 33.25142 14 1.0
77.0 33.13166 14 1.0
77.1 33.01172 14 1.0
77.2 32.89159 14 1.0
77.3 32.77127 14 1.0
77.4 32.65077 14 1.0
77.5 32.53008 14 1.0
77.6 32.40921 14 1.0
77.7 32.28815 14 1.0
77.8 32.16691 14 1.0
77.9 32.04548 14 1.0
78.0 31.92387 14 1.0
78.1 31.80207 14 1.0
78.2 31.68009 14 1.0
78.3 31.55792 14 1.0
78.4 31.43557 14 1.0
78.5 31.31303 14 1.0
78.6 31.1903 14 1.0
78.7 31.06739 14 1.0
78.8 30.9443 14 1.0
78.9 30.82102 14 1.0
79.0 30.69755 14 1.0
79.1 30.5739 14 1.0
79.2 30.45007 14 1.0
79.2 30.32605 14 1.0
79.3 30.20184 14 1.0
79.4 30.07745 14 1.0
79.5 29.95287 14 1.0
79.6 29.82811 14 1.0
79.7 29.70316 14 1.0
79.8 29.6622 14 1.0
79.9 29.68773 14 1.0
80.0 29.77426 14 1.0
80.1 29.8608 14 1.0
80.2 29.94733 14 1.0
80.3 30.03386 14 1.0
80.4 30.12039 14 1.0
80.5 30.20693 14 1.0
80.6 30.29346 14 1.0
80.7 30.37999 14 1.0
80.8 30.46652 14 1.0
80.9 30.55305 14 1.0
81.0 30.63959 14 1.0
81.1 30.72612 14 1.0
81.2 30.81265 14 1.0
81.3 30.89918 14 1.0
81.4 30.98572 14 1.0
81.5 31.07225 14 1.0
81.6 31.15878 14 1.0
81.7 31.24531 14 1.0
81.8 31.33184 14 1.0
81.9 31.41838 14 1.0
82.0 31.50491 14 1.0
82.1 31.59144 14 1.0
82.2 31.67797 14 1.0
82.3 31.76451 14 1.0
82.4 31.85104 14 1.0
82.5 31.93757 14 1.0
82.6 32.0241 14 1.0
82.7 32.11063 14 1.0
82.8 32.19717 14 1.0
82.9 32.2837 14 1.0
83.0 32.37023 14 1.0
83.1 32.45676 14 1.0
83.2 32.5433 14 1.0
83.3 32.62983 14 1.0
83.4 32.71636 14 1.0
83.5 32.80289 14 1.0
83.6 32.88943 14 1.0
83.7 32.97596 14 1.0
83.8 33.06249 14 1.0
83.9 33.14902 14 1.0
84.0 33.23555 14 1.0
84.1 33.32209 14 1.0
84.2 33.40862 14 1.0
84.3 33.49515 14 1.0
84.4 33.58168 14 1.0
84.5 33.66822 14 1.0
84.6 33.75475 14 1.0
84.7 33.84128 14 1.0
84.8 33.92781 14 1.0
84.9 34.01434 14 1.0
85.0 34.10088 14 1.0
85.1 34.18741 14 1.0
85.2 34.27394 14 1.0
85.3 34.36047 14 1.0
85.4 34.44701 14 1.0
85.5 34.53354 14 1.0
85.6 34.62007 14 1.0
85.7 34.7066 14 1.0
85.8 34.79314 14 1.0
85.9 34.87967 14 1.0
86.0 34.9662 14 1.0
86.1 35.05273 14 1.0
86.2 35.13926 14 1.0
86.3 35.2258 14 1.0
86.4 35.31233 14 1.0
86.5 35.39886 14 1.0
86.6 35.48539 14 1.0
86.7 35.57193 14 1.0
86.8 35.65846 14 1.0
86.9 35.74499 14 1.0
87.0 35.83152 14 1.0
87.1 35.91805 14 1.0
87.2 36.00459 14 1.0
87.3 36.09112 14 1.0
87.4 36.17765 14 1.0
87.5 36.26418 14 1.0
87.6 36.35072 14 1.0
87.7 36.43725 14 1.0
87.8 36.52378 14 1.0
87.9 36.61031 14 1.0
88.0 36.69684 14 1.0
88.1 36.78338 14 1.0
88.2 36.86991 14 1.0
88.3 36.95644 14 1.0
88.4 37.04297 14 1.0
88.5 37.2237 14 1.0
88.6 37.56498 14 1.0
88.7 37.90627 14 1.0
88.8 38.24756 14 1.0
88.9 38.58885 14 1.0
89.0 38.93013 14 1.0
89.1 39.27142 14 1.0
89.2 39.61271 14 1.0
89.3 39.954 14 1.0
89.4 40.29528 14 1.0
89.5 40.63657 14 1.0
89.6 40.97786 14 1.0
89.7 41.31915 14 1.0
89.8 41.66043 14 1.0
89.9 42.00172 14 1.0
90.0 42.03807 14 1.0
90.1 42.07442 14 1.0
90.2 42.11078 14 1.0
90.3 42.14713 14 1.0
90.4 42.18348 14 1.0
90.5 42.21983 14 1.0
90.6 42.25618 14 1.0
90.7 42.29253 14 1.0
90.8 42.32888 14 1.0
90.9 42.36523 14 1.0
91.0 42.40159 14 1.0
91.1 42.43794 14 1.0
91.2 42.47429 14 1.0
91.3 42.51064 14 1.0
91.4 42.54699 14 1.0
91.5 42.58334 14 1.0
91.6 42.61969 14 1.0
91.7 42.65604 14 1.0
91.8 42.6924 14 1.0
91.9 42.72875 14 1.0
92.0 42.7651 14 1.0
92.1 42.80145 14 1.0
92.2 42.8378 14 1.0
92.3 42.87415 14 1.0
92.4 42.9105 14 1.0
92.5 42.94685 14 1.0
92.6 42.98321 14 1.0
92.7 43.01956 14 1.0
92.8 43.05591 14 1.0
92.9 43.09226 14 1.0
93.0 43.12861 14 1.0
93.1 43.16496 14 1.0
93.2 43.20131 14 1.0
93.3 43.23766 14 1.0
93.4 43.27402 14 1.0
93.5 43.31037 14 1.0
93.6 43.34672 14 1.0
93.7 43.38307 14 1.0
93.8 43.41942 14 1.0
93.9 43.45577 14 1.0
94.0 43.49212 14 1.0
94.1 43.52847 14 1.0
94.2 43.56483 14 1.0
94.3 43.60118 14 1.0
94.4 43.63753 14 1.0
94.5 43.67388 14 1.0
94.6 43.71023 14 1.0
94.7 43.74658 14 1.0
94.8 43.78293 14 1.0
94.9 43.81928 14 1.0
95.0 43.85564 14 1.0
95.1 43.89199 14 1.0
95.2 43.92834 14 1.0
95.3 43.96469 14 1.0
95.4 44.00104 14 1.0
95.5 44.03739 14 1.0
95.6 44.07374 14 1.0
95.7 44.11009 14 1.0
95.8 44.14645 14 1.0
95.9 44.1828 14 1.0
96.0 44.21915 14 1.0
96.1 44.2555 14 1.0
96.2 44.29185 14 1.0
96.3 44.3282 14 1.0
96.4 44.36455 14 1.0
96.5 44.4009 14 1.0
96.6 44.43726 14 1.0
96.7 44.47361 14 1.0
96.8 44.50996 14 1.0
96.9 44.54631 14 1.0
97.0 44.58266 14 1.0
97.1 44.61901 14 1.0
97.2 44.65536 14 1.0
97.3 44.69171 14 1.0
97.4 44.72807 14 1.0
97.5 44.76442 14 1.0
97.6 44.80077 14 1.0
97.7 44.83712 14 1.0
97.8 44.87347 14 1.0
97.9 44.90982 14 1.0
98.0 44.94617 14 1.0
98.1 44.98252 14 1.0
98.2 45.01887 14 1.0
98.3 45.05523 14 1.0
98.4 45.09158 14 1.0
98.5 45.12793 14 1.0
98.6 45.16428 14 1.0
98.7 45.20063 14 1.0
98.8 45.23698 14 1.0
98.9 45.27333 14 1.0
99.0 45.30968 14 1.0
99.1 45.34604 14 1.0
99.2 45.38239 14 1.0
99.3 49.83064 14 1.0
99.4 49.49004 14 1.0
99.5 49.14838 14 1.0
99.6 48.80566 14 1.0
99.7 48.46187 14 1.0
99.8 48.11702 14 1.0
99.9 47.77111 14 1.0
100.0 47.43746 14 1.0
100.1 47.10297 14 1.0
100.2 46.76763 14 1.0
100.3 46.43145 14 1.0
100.4 46.09443 14 1.0
100.5 45.75657 14 1.0
100.6 45.41786 14 1.0
100.7 45.07831 14 1.0
100.8 44.73792 14 1.0
100.9 44.39669 14 1.0
101.0 44.05461 14 1.0
101.1 43.71169 14 1.0
101.2 43.36792 14 1.0
101.3 43.02331 14 1.0
101.4 42.67786 14 1.0
101.5 42.33157 14 1.0
101.6 41.98443 14 1.0
101.7 41.63645 14 1.0
101.8 41.28763 14 1.0
101.9 40.93796 14 1.0
102.0 40.58746 14 1.0
102.1 40.2361 14 1.0
102.2 39.88391 14 1.0
102.3 39.53087 14 1.0
102.4 39.17699 14 1.0
102.5 38.82227 14 1.0
102.6 38.4667 14 1.0
102.7 38.11029 14 1.0
102.8 37.75304 14 1.0
102.9 37.39494 14 1.0
103.0 37.036 14 1.0
103.1 36.67622 14 1.0
103.2 36.31559 14 1.0
103.3 35.95412 14 1.0
103.4 35.59181 14 1.0
103.5 35.22866 14 1.0
103.6 34.86466 14 1.0
103.7 34.49982 14 1.0
103.8 34.13414 14 1.0
103.9 33.76761 14 1.0
104.0 33.40024 14 1.0
104.1 33.03203 14 1.0
104.2 32.66297 14 1.0
104.3 32.29308 14 1.0
104.4 31.92234 14 1.0
104.5 31.55075 14 1.0
104.6 31.17832 14 1.0
104.7 30.80505 14 1.0
104.8 30.43094 14 1.0
104.9 30.05598 14 1.0
105.0 29.68018 14 1.0
105.1 29.30354 14 1.0
105.2 28.92605 14 1.0
105.3 28.54773 14 1.0
105.4 28.16855 14 1.0
105.5 27.78854 14 1.0
105.6 27.40768 14 1.0
105.7 27.02598 14 1.0
105.8 26.64344 14 1.0
105.9 26.26005 14 1.0
106.0 25.87582 14 1.0
106.1 25.49075 14 1.0
106.2 25.10483 14 1.0
106.3 24.71807 14 1.0
106.4 24.33047 14 1.0
106.5 23.94203 14 1.0
106.6 23.55274 14 1.0
106.7 23.16261 14 1.0
106.8 22.77163 14 1.0
106.9 22.37982 14 1.0
107.0 21.98716 14 1.0
107.1 21.59365 14 1.0
107.2 21.19931 14 1.0
107.3 20.80412 14 1.0
107.4 20.40809 14 1.0
107.5 20.01121 14 1.0
107.6 19.61349 14 1.0
107.7 19.21493 14 1.0
107.8 18.81553 14 1.0
107.9 18.41528 14 1.0
108.0 18.01419 14 1.0
108.1 17.61226 14 1.0
108.2 17.20948 14 1.0
108.3 16.80586 14 1.0
108.4 16.4014 14 1.0
108.5 15.99609 14 1.0
108.6 15.58994 14 1.0
108.7 15.18295 14 1.0
108.8 14.77512 14 1.0
108.9 14.36644 14 1.0
109.0 13.95692 14 1.0
109.1 13.54656 14 1.0
109.2 13.13535 14 1.0
109.3 12.7233 14 1.0
109.4 12.31041 14 1.0
109.5 11.89667 14 1.0
109.6 11.48209 14 1.0
109.7 11.06667 14 1.0
109.8 10.65041 14 1.0
109.9 10.2333 14 1.0
110.0 9.791917 14 1.0
110.1 9.349404 14 1.0
110.2 8.905759 14 1.0
110.3 8.460982 14 1.0
110.4 8.015072 14 1.0
110.5 7.568031 14 1.0
110.6 7.119858 14 1.0
110.7 6.670552 14 1.0
110.8 6.220114 14 1.0
110.9 5.768545 14 1.0
111.0 5.315843 14 1.0
111.1 4.862009 14 1.0
111.2 4.407043 14 1.0
111.3 0.0 15 0.0
111.4 0.0 15 0.0
111.5 0.0 15 0.0
111.6 0.0 15 0.0
111.7 0.0 15 0.0
111.8 0.0 15 0.0
111.9 0.0 15 0.0
112.0 0.0 15 0.0
112.1 0.0 15 0.0
112.2 0.0 15 0.0
112.3 0.0 15 0.0
112.4 0.0 15 0.0
112.5 0.0 15 0.0
112.6 0.0 15 0.0
112.7 0.0 15 0.0
112.8 0.0 15 0.0
112.9 0.0 15 0.0
113.0 0.0 15 0.0
113.1 0.0 15 0.0
113.2 0.0 15 0.0
113.3 0.0 15 0.0
113.4 0.0 15 0.0
113.5 0.0 15 0.0
113.6 0.0 15 0.0
113.7 0.0 15 0.0
113.8 0.0 15 0.0
113.9 0.0 15 0.0
114.0 0.0 15 0.0
114.1 0.0 15 0.0
114.2 0.0 15 0.0
114.3 0.0 15 0.0
114.4 0.0 15 0.0
114.5 0.0 15 0.0
114.6 0.0 15 0.0
114.7 0.0 15 0.0
114.8 0.0 15 0.0
114.9 0.0 15 0.0
115.0 0.0 15 0.0
115.1 0.0 15 0.0
115.2 0.0 15 0.0
115.3 0.0 15 0.0
115.4 0.0 15 0.0
115.5 0.0 15 0.0
115.6 0.0 15 0.0
115.7 0.0 15 0.0
115.8 0.0 15 0.0
115.9 0.0 15 0.0
116.0 0.0 15 0.0
116.1 0.0 15 0.0
116.2 0.0 15 0.0
116.3 0.0 15 0.0
116.4 0.0 15 0.0
116.5 0.0 15 0.0
116.6 0.0 15 0.0
116.7 0.0 15 0.0
116.8 0.0 15 0.0
116.9 0.0 15 0.0
117.0 0.0 15 0.0
117.1 0.0 15 0.0
117.2 0.0 15 0.0
117.3 0.0 15 0.0
117.4 0.0 15 0.0
117.5 0.0 15 0.0
117.6 0.0 15 0.0
117.7 0.0 15 0.0
117.8 0.0 15 0.0
117.9 0.0 15 0.0
118.0 0.0 15 0.0
118.1 0.0 15 0.0
118.2 0.0 15 0.0
118.3 0.0 15 0.0
118.4 0.0 15 0.0
118.5 0.0 15 0.0
118.6 0.0 15 0.0
118.7 0.0 15 0.0
118.8 0.0 15 0.0
118.9 0.0 15 0.0
119.0 0.0 15 0.0
119.1 0.0 15 0.0
119.2 0.0 15 0.0
119.3 0.0 15 0.0
119.4 0.0 15 0.0
119.5 0.0 15 0.0
119.6 0.0 15 0.0
119.7 0.0 15 0.0
119.8 0.0 15 0.0
119.9 0.0 15 0.0
120.0 0.0 15 0.0
120.1 0.0 15 0.0
120.2 0.0 15 0.0
120.3 0.0 15 0.0
120.4 0.0 15 0.0
120.5 0.0 15 0.0
120.6 0.0 15 0.0
120.7 0.0 15 0.0
120.8 0.0 15 0.0
120.9 0.0 15 0.0
121.0 0.0 15 0.0
121.1 0.0 15 0.0
121.2 0.0 15 0.0
121.3 0.0 15 0.0
121.4 0.0 15 0.0
121.5 0.0 15 0.0
121.6 0.0 15 0.0
121.7 0.0 15 0.0
121.8 0.0 15 0.0
121.9 0.0 15 0.0
122.0 0.0 15 0.0
122.1 0.0 15 0.0
122.2 0.0 15 0.0
122.3 0.0 15 0.0
122.4 0.0 15 0.0
122.5 0.0 15 0.0
122.6 0.0 15 0.0
122.7 0.0 15 0.0
122.8 0.0 15 0.0
122.9 0.0 15 0.0
123.0 0.0 15 0.0
123.1 0.0 15 0.0
123.2 0.0 15 0.0
123.3 0.0 15 0.0
123.4 0.0 15 0.0
123.5 0.0 15 0.0
123.6 0.0 15 0.0
123.7 0.0 15 0.0
123.8 0.0 15 0.0
123.9 0.0 15 0.0
124.0 0.0 15 0.0
124.1 0.0 15 0.0
124.2 0.0 15 0.0
124.3 0.0 15 0.0
124.4 0.0 15 0.0
124.5 0.0 15 0.0
124.6 0.0 15 0.0
124.7 0.0 15 0.0
124.8 0.0 15 0.0
124.9 0.0 15 0.0
125.0 0.0 15 0.0
125.1 0.0 15 0.0
125.2 0.0 15 0.0
125.3 0.0 15 0.0
125.4 0.0 15 0.0
125.5 0.0 15 0.0
125.6 0.0 15 0.0
125.7 0.0 15 0.0
125.8 0.0 15 0.0
125.9 0.0 15 0.0
126.0 0.0 15 0.0
126.1 0.0 15 0.0
126.2 0.0 15 0.0
126.3 0.0 15 0.0
126.4 0.0 15 0.0
126.5 0.0 15 0.0
126.6 0.0 15 0.0
126.7 0.0 15 0.0
126.8 0.0 15 0.0
126.9 0.0 15 0.0
127.0 0.0 15 0.0
127.1 0.0 15 0.0
127.2 0.0 15 0.0
127.3 0.0 15 0.0
127.4 0.0 15 0.0
127.5 0.0 15 0.0
127.6 0.0 15 0.0
127.7 0.0 15 0.0
127.8 0.0 15 0.0
127.9 0.0 15 0.0
128.0 0.0 15 0.0
128.1 0.0 15 0.0
128.2 0.0 15 0.0
128.3 0.0 15 0.0
128.4 0.0 15 0.0
128.5 0.0 15 0.0
128.6 0.0 15 0.0
128.7 0.0 15 0.0
128.8 0.0 15 0.0
128.9 0.0 15 0.0
129.0 0.0 15 0.0
129.1 0.0 15 0.0
129.2 0.0 15 0.0
129.3 0.0 15 0.0
129.4 0.0 15 0.0
129.5 0.0 15 0.0
129.6 0.0 15 0.0
129.7 0.0 15 0.0
129.8 0.0 15 0.0
129.9 0.0 15 0.0
130.0 0.0 15 0.0
130.1 0.0 15 0.0
130.2 0.0 15 0.0
130.3 0.0 15 0.0
130.4 0.0 15 0.0
130.5 0.0 15 0.0
130.6 0.0 15 0.0
130.7 0.0 15 0.0
130.8 0.0 15 0.0
130.9 0.0 15 0.0
131.0 0.0 15 0.0
131.1 0.0 15 0.0
131.2 0.0 15 0.0
131.3 0.0 15 0.0
131.4 0.0 15 0.0
131.5 0.0 15 0.0
131.6 0.0 15 0.0
131.7 0.0 15 0.0
131.8 0.0 15 0.0
131.9 0.0 15 0.0
132.0 0.0 15 0.0
132.1 0.0 15 0.0
132.2 0.0 15 0.0
132.3 0.0 15 0.0
132.4 0.0 15 0.0
132.5 0.0 15 0.0
132.6 0.0 15 0.0
132.7 0.0 15 0.0
132.8 0.0 15 0.0
132.9 0.0 15 0.0
133.0 0.0 15 0.0
133.1 0.0 15 0.0
133.2 0.0 15 0.0
133.3 0.0 15 0.0
133.4 0.0 15 0.0
133.5 0.0 15 0.0
133.6 0.0 15 0.0
133.7 0.0 15 0.0
133.8 0.0 15 0.0
133.9 0.0 15 0.0
134.0 0.0 15 0.0
134.1 0.0 15 0.0
134.2 0.0 15 0.0
134.3 0.0 15 0.0
134.4 0.0 15 0.0
134.5 0.0 15 0.0
134.6 0.0 15 0.0
134.7 0.0 15 0.0
134.8 0.0 15 0.0
134.9 0.0 15 0.0
135.0 0.0 15 0.0
135.1 0.0 15 0.0
135.2 0.0 15 0.0
135.3 0.0 15 0.0
135.4 0.0 15 0.0
135.5 0.0 15 0.0
135.6 0.0 15 0.0
135.7 0.0 15 0.0
135.8 0.0 15 0.0
135.9 0.0 15 0.0
136.0 0.0 15 0.0
136.1 0.0 15 0.0
136.2 0.0 15 0.0
136.3 0.0 15 0.0
136.4 0.0 15 0.0
136.5 0.0 15 0.0
136.6 0.0 15 0.0
136.7 0.0 15 0.0
136.8 0.0 15 0.0
136.9 0.0 15 0.0
137.0 0.0 15 0.0
137.1 0.0 15 0.0
137.2 0.0 15 0.0
137.3 0.0 15 0.0
137.4 0.0 15 0.0
137.5 0.0 15 0.0
137.6 0.0 15 0.0
137.7 0.0 15 0.0
137.8 0.0 15 0.0
137.9 0.0 15 0.0
138.0 0.0 15 0.0
138.1 0.0 15 0.0
138.2 0.0 15 0.0
138.3 0.0 15 0.0
138.4 0.0 15 0.0
138.5 0.0 15 0.0
138.6 0.0 15 0.0
138.7 0.0 15 0.0
138.8 0.0 15 0.0
138.9 0.0 15 0.0
139.0 0.0 15 0.0
139.1 0.0 15 0.0
139.2 0.0 15 0.0
139.3 0.0 15 0.0
139.4 0.0 15 0.0
139.5 0.0 15 0.0
139.6 0.0 15 0.0
139.7 0.0 15 0.0
139.8 0.0 15 0.0
139.9 0.0 15 0.0
140.0 0.0 15 0.0
140.1 0.0 15 0.0
140.2 0.0 15 0.0
140.3 0.0 15 0.0
140.4 0.0 15 0.0
140.5 0.0 15 0.0
140.6 0.0 15 0.0
140.7 0.0 15 0.0
140.8 0.0 15 0.0
140.9 0.0 15 0.0
141.0 0.0 15 0.0
141.1 0.0 15 0.0
141.2 0.0 15 0.0
141.3 0.0 15 0.0
141.4 0.0 15 0.0
141.5 0.0 15 0.0
141.6 0.0 15 0.0
141.7 0.0 15 0.0
141.8 0.0 15 0.0
141.9 0.0 15 0.0
142.0 0.0 15 0.0
142.1 0.0 15 0.0
142.2 0.0 15 0.0
142.3 0.0 15 0.0
142.4 0.0 15 0.0
142.5 0.0 15 0.0
142.6 0.0 15 0.0
142.7 0.0 15 0.0
142.8 0.0 15 0.0
142.9 0.0 15 0.0
143.0 0.0 15 0.0
143.1 0.0 15 0.0
143.2 0.0 15 0.0
143.3 0.0 15 0.0
143.4 0.0 15 0.0
143.5 0.0 15 0.0
143.6 0.0 15 0.0
143.7 0.0 15 0.0
143.8 0.0 15 0.0
143.9 0.0 15 0.0
144.0 0.0 15 0.0
144.1 0.0 15 0.0
144.2 0.0 15 0.0
144.3 0.0 15 0.0
144.4 0.0 15 0.0
144.5 0.0 15 0.0
144.6 0.0 15 0.0
144.7 0.0 15 0.0
144.8 0.0 15 0.0
144.9 0.0 15 0.0
145.0 0.0 15 0.0
145.1 0.0 15 0.0
145.2 0.0 15 0.0
145.3 0.0 15 0.0
145.4 0.0 15 0.0
145.5 0.0 15 0.0
145.6 0.0 15 0.0
145.7 0.0 15 0.0
145.8 0.0 15 0.0
145.9 0.0 15 0.0
146.0 0.0 15 0.0
146.1 0.0 15 0.0
146.2 0.0 15 0.0
146.3 0.0 15 0.0
146.4 0.0 15 0.0
146.5 0.0 15 0.0
146.6 0.0 15 0.0
146.7 0.0 15 0.0
146.8 0.0 15 0.0
146.9 0.0 15 0.0
147.0 0.0 15 0.0
147.1 0.0 15 0.0
147.2 0.0 15 0.0
147.3 0.0 15 0.0
147.4 0.0 15 0.0
147.5 0.0 15 0.0
147.6 0.0 15 0.0
147.7 0.0 15 0.0
147.8 0.0 15 0.0
147.9 0.0 15 0.0
148.0 0.0 15 0.0
148.1 0.0 15 0.0
148.2 0.0 15 0.0
148.3 0.0 15 0.0
148.4 0.0 15 0.0
148.5 0.0 15 0.0
148.6 0.0 15 0.0
148.7 0.0 15 0.0
148.8 0.0 15 0.0
148.9 0.0 15 0.0
149.0 0.0 15 0.0
149.1 0.0 15 0.0
149.2 0.0 15 0.0
149.3 0.0 15 0.0
149.4 0.0 15 0.0
149.5 0.0 15 0.0
149.6 0.0 15 0.0
149.7 0.0 15 0.0
149.8 0.0 15 0.0
149.9 0.0 15 0.0
150.0 0.0 15 0.0
150.1 0.0 15 0.0
150.2 0.0 15 0.0
150.3 0.0 15 0.0
150.4 0.0 15 0.0
150.5 0.0 15 0.0
150.6 0.0 15 0.0
150.7 0.0 15 0.0
150.8 0.0 15 0.0
150.9 0.0 15 0.0
151.0 0.0 15 0.0
151.1 0.0 15 0.0
151.2 0.0 15 0.0
151.3 0.0 15 0.0
151.4 0.0 15 0.0
151.5 0.0 15 0.0
151.6 0.0 15 0.0
151.7 0.0 15 0.0
151.8 0.0 15 0.0
151.9 0.0 15 0.0
152.0 0.0 15 0.0
152.1 0.0 15 0.0
152.2 0.0 15 0.0
152.3 0.0 15 0.0
152.4 0.0 15 0.0
152.5 0.0 15 0.0
152.6 0.0 15 0.0
152.7 0.0 15 0.0
152.8 0.0 15 0.0
152.9 0.0 15 0.0
153.0 0.0 15 0.0
153.1 0.0 15 0.0
153.2 0.0 15 0.0
153.3 0.0 15 0.0
153.4 0.0 15 0.0
153.5 0.0 15 0.0
153.6 0.0 15 0.0
153.7 0.0 15 0.0
153.8 0.0 15 0.0
153.9 0.0 15 0.0
154.0 0.0 15 0.0
154.1 0.0 15 0.0
154.2 0.0 15 0.0
154.3 0.0 15 0.0
154.4 0.0 15 0.0
154.5 0.0 15 0.0
154.6 0.0 15 0.0
154.7 0.0 15 0.0
154.8 0.0 15 0.0
154.9 0.0 15 0.0
155.0 0.0 15 0.0
155.1 0.0 15 0.0
155.2 0.0 15 0.0
155.3 0.0 15 0.0
155.4 0.0 15 0.0
155.5 0.0 15 0.0
155.6 0.0 15 0.0
155.7 0.0 15 0.0
155.8 0.0 15 0.0
155.9 0.0 15 0.0
156.0 0.0 15 0.0
156.1 0.0 15 0.0
156.2 0.0 15 0.0
156.3 0.0 15 0.0
156.4 0.0 15 0.0
156.5 0.0 15 0.0
156.6 0.0 15 0.0
156.7 0.0 15 0.0
156.8 0.0 15 0.0
156.9 0.0 15 0.0
157.0 0.0 15 0.0
157.1 0.0 15 0.0
157.2 0.0 15 0.0
157.3 0.0 15 0.0
157.4 0.0 15 0.0
157.5 0.0 15 0.0
157.6 0.0 15 0.0
157.7 0.0 15 0.0
157.8 0.0 15 0.0
157.9 0.0 15 0.0
158.0 0.0 15 0.0
158.1 0.0 15 0.0
158.2 0.0 15 0.0
158.3 0.0 15 0.0
158.4 0.0 15 0.0
158.5 0.0 15 0.0
158.6 0.0 15 0.0
158.7 0.0 15 0.0
158.8 0.0 15 0.0
158.9 0.0 15 0.0
159.0 0.0 15 0.0
159.1 0.0 15 0.0
159.2 0.0 15 0.0
159.3 0.0 15 0.0
159.4 0.0 15 0.0
159.5 0.0 15 0.0
159.6 0.0 15 0.0
159.7 0.0 15 0.0
159.8 0.0 15 0.0
159.9 0.0 15 0.0
160.0 0.0 15 0.0
160.1 0.0 15 0.0
160.2 0.0 15 0.0
160.3 0.0 15 0.0
160.4 0.0 15 0.0
160.5 0.0 15 0.0
160.6 0.0 15 0.0
160.7 0.0 15 0.0
160.8 0.0 15 0.0
160.9 0.0 15 0.0
161.0 0.0 15 0.0
161.1 0.0 15 0.0
161.2 0.0 15 0.0
161.3 0.0 15 0.0
161.4 0.0 15 0.0
161.5 0.0 15 0.0
161.6 0.0 15 0.0
161.7 0.0 15 0.0
161.8 0.0 15 0.0
161.9 0.0 15 0.0
162.0 0.0 15 0.0
162.1 0.0 15 0.0
162.2 0.0 15 0.0
162.3 0.0 15 0.0
162.4 0.0 15 0.0
162.5 0.0 15 0.0
162.6 0.0 15 0.0
162.7 0.0 15 0.0
162.8 0.0 15 0.0
162.9 0.0 15 0.0
163.0 0.0 15 0.0
163.1 0.0 15 0.0
163.2 0.0 15 0.0
163.3 0.0 15 0.0
163.4 0.0 15 0.0
163.5 0.0 15 0.0
163.6 0.0 15 0.0
163.7 0.0 15 0.0
163.8 0.0 15 0.0
163.9 0.0 15 0.0
164.0 0.0 15 0.0
164.1 0.0 15 0.0
164.2 0.0 15 0.0
164.2 0.0 15 0.0
164.3 0.0 15 0.0
164.4 0.0 15 0.0
164.5 0.0 15 0.0
164.6 0.0 15 0.0
164.7 0.0 15 0.0
164.8 0.0 15 0.0
164.9 0.0 15 0.0
165.0 0.0 15 0.0
165.1 0.0 15 0.0
165.2 0.0 15 0.0
165.3 0.0 15 0.0
165.4 0.0 15 0.0
165.5 0.0 15 0.0
165.6 0.0 15 0.0
165.7 0.0 15 0.0
165.8 0.0 15 0.0
165.9 0.0 15 0.0
166.0 0.0 15 0.0
166.1 0.0 15 0.0
166.2 0.0 15 0.0
166.3 0.0 15 0.0
166.4 0.0 15 0.0
166.5 0.0 15 0.0
166.6 0.0 15 0.0
166.7 0.0 15 0.0
166.8 0.0 15 0.0
166.9 0.0 15 0.0
167.0 0.0 15 0.0
167.1 0.0 15 0.0
167.2 0.0 15 0.0
167.3 0.0 15 0.0
167.4 0.0 15 0.0
167.5 0.0 15 0.0
167.6 0.0 15 0.0
167.7 0.0 15 0.0
167.8 0.0 15 0.0
167.9 0.0 15 0.0
168.0 0.0 15 0.0
168.1 0.0 15 0.0
168.2 0.0 15 0.0
168.3 0.0 15 0.0
168.4 0.0 15 0.0
168.5 0.0 15 0.0
168.6 0.0 15 0.0
168.7 0.0 15 0.0
168.8 0.0 15 0.0
168.9 0.0 15 0.0
169.0 0.0 15 0.0
169.1 0.0 15 0.0
169.2 0.0 15 0.0
169.3 0.0 15 0.0
169.4 0.0 15 0.0
169.5 0.0 15 0.0
169.6 0.0 15 0.0
169.7 0.0 15 0.0
169.8 0.0 15 0.0
169.9 0.0 15 0.0
170.0 0.0 15 0.0
170.1 0.0 15 0.0
170.2 0.0 15 0.0
170.3 0.0 15 0.0
170.4 0.0 15 0.0
170.5 0.0 15 0.0
170.6 0.0 15 0.0
170.7 0.0 15 0.0
170.8 0.0 15 0.0
170.9 0.0 15 0.0
171.0 0.0 15 0.0
171.1 0.0 15 0.0
171.2 0.0 15 0.0
171.3 0.0 15 0.0
171.4 0.0 15 0.0
171.5 0.0 15 0.0
171.6 0.0 15 0.0
171.7 0.0 15 0.0
171.8 0.0 15 0.0
171.9 0.0 15 0.0
172.0 0.0 15 0.0
172.1 0.0 15 0.0
172.2 0.0 15 0.0
172.3 0.0 15 0.0
172.4 0.0 15 0.0
172.5 0.0 15 0.0
172.6 0.0 15 0.0
172.7 0.0 15 0.0
172.8 0.0 15 0.0
172.9 0.0 15 0.0
173.0 0.0 15 0.0
173.1 0.0 15 0.0
173.2 0.0 15 0.0
173.3 0.0 15 0.0
173.4 0.0 15 0.0
173.5 0.0 15 0.0
173.6 0.0 15 0.0
173.7 0.0 15 0.0
173.8 0.0 15 0.0
173.9 0.0 15 0.0
174.0 0.0 15 0.0
174.1 0.0 15 0.0
174.2 0.0 15 0.0
174.3 0.0 15 0.0
174.4 0.0 15 0.0
174.5 0.0 15 0.0
174.6 0.0 15 0.0
174.7 0.0 15 0.0
174.8 0.0 15 0.0
174.9 0.0 15 0.0
175.0 0.0 15 0.0
175.1 0.0 15 0.0
175.2 0.0 15 0.0
175.3 0.0 15 0.0
175.4 0.0 15 0.0
175.5 0.0 15 0.0
175.6 0.0 15 0.0
175.7 0.0 15 0.0
175.8 0.0 15 0.0
175.9 0.0 15 0.0
176.0 0.0 15 0.0
176.1 0.0 15 0.0
176.2 0.0 15 0.0
176.3 0.0 15 0.0
176.4 0.0 15 0.0
176.5 0.0 15 0.0
176.6 0.0 15 0.0
176.7 0.0 15 0.0
176.8 0.0 15 0.0
176.9 0.0 15 0.0
177.0 0.0 15 0.0
177.1 0.0 15 0.0
177.2 0.0 15 0.0
177.3 0.0 15 0.0
177.4 0.0 15 0.0
177.5 0.0 15 0.0
177.6 0.0 15 0.0
177.7 0.0 15 0.0
177.8 0.0 15 0.0
177.9 0.0 15 0.0
178.0 0.0 15 0.0
178.1 0.0 15 0.0
178.2 0.0 15 0.0
178.3 0.0 15 0.0
178.4 0.0 15 0.0
178.5 0.0 15 0.0
178.6 0.0 15 0.0
178.7 0.0 15 0.0
178.8 0.0 15 0.0
178.9 0.0 15 0.0
179.0 0.0 15 0.0
179.1 0.0 15 0.0
179.2 0.0 15 0.0
179.3 0.0 15 0.0
179.4 0.0 15 0.0
179.5 0.0 15 0.0
179.6 0.0 15 0.0
179.7 0.0 15 0.0
179.8 0.0 15 0.0
179.9 0.0 15 0.0
180.0 0.0 15 0.0
180.1 0.0 15 0.0
180.2 0.0 15 0.0
180.3 0.0 15 0.0
180.4 0.0 15 0.0
180.5 0.0 15 0.0
180.6 0.0 15 0.0
180.7 0.0 15 0.0
180.8 0.0 15 0.0
180.9 0.0 15 0.0
181.0 0.0 15 0.0
181.1 0.0 15 0.0
181.2 0.0 15 0.0
181.3 0.0 15 0.0
181.4 0.0 15 0.0
181.5 0.0 15 0.0
181.6 0.0 15 0.0
181.7 0.0 15 0.0
181.8 0.0 15 0.0
181.9 0.0 15 0.0
182.0 0.0 15 0.0
182.1 0.0 15 0.0
182.2 0.0 15 0.0
182.3 0.0 15 0.0
182.4 0.0 15 0.0
182.5 0.0 15 0.0
182.6 0.0 15 0.0
182.7 0.0 15 0.0
182.8 0.0 15 0.0
182.9 0.0 15 0.0
183.0 0.0 15 0.0
183.1 0.0 15 0.0
183.2 0.0 15 0.0
183.3 0.0 15 0.0
183.4 0.0 15 0.0
183.5 0.0 15 0.0
183.6 0.0 15 0.0
183.7 0.0 15 0.0
183.8 0.0 15 0.0
183.9 0.0 15 0.0
184.0 0.0 15 0.0
184.1 0.0 15 0.0
184.2 0.0 15 0.0
184.3 0.0 15 0.0
184.4 0.0 15 0.0
184.5 0.0 15 0.0
184.6 0.0 15 0.0
184.7 0.0 15 0.0
184.8 0.0 15 0.0
184.9 0.0 15 0.0
185.0 0.0 15 0.0
185.1 0.0 15 0.0
185.2 0.0 15 0.0
185.3 0.0 15 0.0
185.4 0.0 15 0.0
185.5 0.0 15 0.0
185.6 0.0 15 0.0
185.7 0.0 15 0.0
185.8 0.0 15 0.0
185.9 0.0 15 0.0
186.0 0.0 15 0.0
186.1 0.0 15 0.0
186.2 0.0 15 0.0
186.3 0.0 15 0.0
186.4 0.0 15 0.0
186.5 0.0 15 0.0
186.6 0.0 15 0.0
186.7 0.0 15 0.0
186.8 0.0 15 0.0
186.9 0.0 15 0.0
187.0 0.0 15 0.0
187.1 0.0 15 0.0
187.2 0.0 15 0.0
187.3 0.0 15 0.0
187.4 0.0 15 0.0
187.5 0.0 15 0.0
187.6 0.0 15 0.0
187.7 0.0 15 0.0
187.8 0.0 15 0.0
187.9 0.0 15 0.0
188.0 0.0 15 0.0
188.1 0.0 15 0.0
188.2 0.0 15 0.0
188.3 0.0 15 0.0
188.4 0.0 15 0.0
188.5 0.0 15 0.0
188.6 0.0 15 0.0
188.7 0.0 15 0.0
188.8 0.0 15 0.0
188.9 0.0 15 0.0
189.0 0.0 15 0.0
189.1 0.0 15 0.0
189.2 0.0 15 0.0
189.3 0.0 15 0.0
189.4 0.0 15 0.0
189.5 0.0 15 0.0
189.6 0.0 15 0.0
189.7 0.0 15 0.0
189.8 0.0 15 0.0
189.9 0.0 15 0.0
190.0 0.0 15 0.0
190.1 0.0 15 0.0
190.2 0.0 15 0.0
190.3 0.0 15 0.0
190.4 0.0 15 0.0
190.5 0.0 15 0.0
190.6 0.0 15 0.0
190.7 0.0 15 0.0
190.8 0.0 15 0.0
190.9 0.0 15 0.0
191.0 0.0 15 0.0
191.1 0.0 15 0.0
191.2 0.0 15 0.0
191.3 0.0 15 0.0
191.4 0.0 15 0.0
191.5 0.0 15 0.0
191.6 0.0 15 0.0
191.7 0.0 15 0.0
191.8 0.0 15 0.0
191.9 0.0 15 0.0
192.0 0.0 15 0.0
192.1 0.0 15 0.0
192.2 0.0 15 0.0
192.3 0.0 15 0.0
192.4 0.0 15 0.0
192.5 0.0 15 0.0
192.6 0.0 15 0.0
192.7 0.0 15 0.0
192.8 0.0 15 0.0
192.9 0.0 15 0.0
193.0 0.0 15 0.0
193.1 0.0 15 0.0
193.2 0.0 15 0.0
193.3 0.0 15 0.0
193.4 0.0 15 0.0
193.5 0.0 15 0.0
193.6 0.0 15 0.0
193.7 0.0 15 0.0
193.8 0.0 15 0.0
193.9 0.0 15 0.0
194.0 0.0 15 0.0
194.1 0.0 15 0.0
194.2 0.0 15 0.0
194.3 0.0 15 0.0
194.4 0.0 15 0.0
194.5 0.0 15 0.0
194.6 0.0 15 0.0
194.7 0.0 15 0.0
194.8 0.0 15 0.0
194.9 0.0 15 0.0
195.0 0.0 15 0.0
195.1 0.0 15 0.0
195.2 0.0 15 0.0
195.3 0.0 15 0.0
195.4 0.0 15 0.0
195.5 0.0 15 0.0
195.6 0.0 15 0.0
195.7 0.0 15 0.0
195.8 0.0 15 0.0
195.9 0.0 15 0.0
196.0 0.0 15 0.0
196.1 0.0 15 0.0
196.2 0.0 15 0.0
196.3 0.0 15 0.0
196.4 0.0 15 0.0
196.5 0.0 15 0.0
196.6 0.0 15 0.0
196.7 0.0 15 0.0
196.8 0.0 15 0.0
196.9 0.0 15 0.0
197.0 0.0 15 0.0
197.1 0.0 15 0.0
197.2 0.0 15 0.0
197.3 0.0 15 0.0
197.4 0.0 15 0.0
197.5 0.0 15 0.0
197.6 0.0 15 0.0
197.7 0.0 15 0.0
197.8 0.0 15 0.0
197.9 0.0 15 0.0
198.0 0.0 15 0.0
198.1 0.0 15 0.0
198.2 0.0 15 0.0
198.3 0.0 15 0.0
198.4 0.0 15 0.0
198.5 0.0 15 0.0
198.6 0.0 15 0.0
198.7 0.0 15 0.0
198.8 0.0 15 0.0
198.9 0.0 15 0.0
199.0 0.0 15 0.0
199.1 0.0 15 0.0
199.2 0.0 15 0.0
199.3 0.0 15 0.0
199.4 0.0 15 0.0
199.5 0.0 15 0.0
199.6 0.0 15 0.0
199.7 0.0 15 0.0
199.8 0.0 15 0.0
199.9 0.0 15 0.0
200.0 0.0 15 0.0
200.1 0.0 15 0.0
200.2 0.0 15 0.0
200.3 0.0 15 0.0
200.4 0.0 15 0.0
200.5 0.0 15 0.0
200.6 0.0 15 0.0
200.7 0.0 15 0.0
200.8 0.0 15 0.0
200.9 0.0 15 0.0
201.0 0.0 15 0.0
201.1 0.0 15 0.0
201.2 0.0 15 0.0
201.3 0.0 15 0.0
201.4 0.0 15 0.0
201.5 0.0 15 0.0
201.6 0.0 15 0.0
201.7 0.0 15 0.0
201.8 0.0 15 0.0
201.9 0.0 15 0.0
202.0 0.0 15 0.0
202.1 0.0 15 0.0
202.2 0.0 15 0.0
202.3 0.0 15 0.0
202.4 0.0 15 0.0
202.5 0.0 15 0.0
202.6 0.0 15 0.0
202.7 0.0 15 0.0
202.8 0.0 15 0.0
202.9 0.0 15 0.0
203.0 0.0 15 0.0
203.1 0.0 15 0.0
203.2 0.0 15 0.0
203.3 0.0 15 0.0
203.4 0.0 15 0.0
203.5 0.0 15 0.0
203.6 0.0 15 0.0
203.7 0.0 15 0.0
203.8 0.0 15 0.0
203.9 0.0 15 0.0
204.0 0.0 15 0.0
204.1 0.0 15 0.0
204.2 0.0 15 0.0
204.3 0.0 15 0.0
204.4 0.0 15 0.0
204.5 0.0 15 0.0
204.6 0.0 15 0.0
204.7 0.0 15 0.0
204.8 0.0 15 0.0
204.9 0.0 15 0.0
205.0 0.0 15 0.0
205.1 0.0 15 0.0
205.2 0.0 15 0.0
205.3 0.0 15 0.0
205.4 0.0 15 0.0
205.5 0.0 15 0.0
205.6 0.0 15 0.0
205.7 0.0 15 0.0
205.8 0.0 15 0.0
205.9 0.0 15 0.0
206.0 0.0 15 0.0
206.1 0.0 15 0.0
206.2 0.0 15 0.0
206.3 0.0 15 0.0
206.4 0.0 15 0.0
206.5 0.0 15 0.0
206.6 0.0 15 0.0
206.7 0.0 15 0.0
206.8 0.0 15 0.0
206.9 0.0 15 0.0
207.0 0.0 15 0.0
207.1 0.0 15 0.0
207.2 0.0 15 0.0
207.3 0.0 15 0.0
207.4 0.0 15 0.0
207.5 0.0 15 0.0
207.6 0.0 15 0.0
207.7 0.0 15 0.0
207.8 0.0 15 0.0
207.9 0.0 15 0.0
208.0 0.0 15 0.0
208.1 0.0 15 0.0
208.2 0.0 15 0.0
208.3 0.0 15 0.0
208.4 0.0 15 0.0
208.5 0.0 15 0.0
208.6 0.0 15 0.0
208.7 0.0 15 0.0
208.8 0.0 15 0.0
208.9 0.0 15 0.0
209.0 0.0 15 0.0
209.1 0.0 15 0.0
209.2 0.0 15 0.0
209.3 0.0 15 0.0
209.4 0.0 15 0.0
209.5 0.0 15 0.0
209.6 0.0 15 0.0
209.7 0.0 15 0.0
209.8 0.0 15 0.0
209.9 0.0 15 0.0
210.0 0.0 15 0.0
210.1 0.0 15 0.0
210.2 0.0 15 0.0
210.3 0.0 15 0.0
210.4 0.0 15 0.0
210.5 0.0 15 0.0
210.6 0.0 15 0.0
210.7 0.0 15 0.0
210.8 0.0 15 0.0
210.9 0.0 15 0.0
211.0 0.0 15 0.0
211.1 0.0 15 0.0
211.2 0.0 15 0.0
211.3 0.0 15 0.0
211.4 0.0 15 0.0
211.5 0.0 15 0.0
211.6 0.0 15 0.0
211.7 0.0 15 0.0
211.8 0.0 15 0.0
211.9 0.0 15 0.0
212.0 0.0 15 0.0
212.1 0.0 15 0.0
212.2 0.0 15 0.0
212.3 0.0 15 0.0
212.4 0.0 15 0.0
212.5 0.0 15 0.0
212.6 0.0 15 0.0
212.7 0.0 15 0.0
212.8 0.0 15 0.0
212.9 0.0 15 0.0
213.0 0.0 15 0.0
213.1 0.0 15 0.0
213.2 0.0 15 0.0
213.3 0.0 15 0.0
213.4 0.0 15 0.0
213.5 0.0 15 0.0
213.6 0.0 15 0.0
213.7 0.0 15 0.0
213.8 0.0 15 0.0
213.9 0.0 15 0.0
214.0 0.0 15 0.0
214.1 0.0 15 0.0
214.2 0.0 15 0.0
214.3 0.0 15 0.0
214.4 0.0 15 0.0
214.5 0.0 15 0.0
214.6 0.0 15 0.0
214.7 0.0 15 0.0
214.8 0.0 15 0.0
214.9 0.0 15 0.0
215.0 0.0 15 0.0
215.1 0.0 15 0.0
215.2 0.0 15 0.0
215.3 0.0 15 0.0
215.4 0.0 15 0.0
215.5 0.0 15 0.0
215.6 0.0 15 0.0
215.7 0.0 15 0.0
215.8 0.0 15 0.0
215.9 0.0 15 0.0
216.0 0.0 15 0.0
216.1 0.0 15 0.0
216.2 0.0 15 0.0
216.3 0.0 15 0.0
216.4 0.0 15 0.0
216.5 0.0 15 0.0
216.6 0.0 15 0.0
216.7 0.0 15 0.0
216.8 0.0 15 0.0
216.9 0.0 15 0.0
217.0 0.0 15 0.0
217.1 0.0 15 0.0
217.2 0.0 15 0.0
217.3 0.0 15 0.0
217.4 0.0 15 0.0
217.5 0.0 15 0.0
217.6 0.0 15 0.0
217.7 0.0 15 0.0
217.8 0.0 15 0.0
217.9 0.0 15 0.0
218.0 0.0 15 0.0
218.1 0.0 15 0.0
218.2 0.0 15 0.0
218.3 0.0 15 0.0
218.4 0.0 15 0.0
218.5 0.0 15 0.0
218.6 0.0 15 0.0
218.7 0.0 15 0.0
218.8 0.0 15 0.0
218.9 0.0 15 0.0
219.0 0.0 15 0.0
219.1 0.0 15 0.0
219.2 0.0 15 0.0
219.3 0.0 15 0.0
219.4 0.0 15 0.0
219.5 0.0 15 0.0
219.6 0.0 15 0.0
219.7 0.0 15 0.0
219.8 0.0 15 0.0
219.9 0.0 15 0.0
220.0 0.0 15 0.0
220.1 0.0 15 0.0
220.2 0.0 15 0.0
220.3 0.0 15 0.0
220.4 0.0 15 0.0
220.5 0.0 15 0.0
220.6 0.0 15 0.0
220.7 0.0 15 0.0
220.8 0.0 15 0.0
220.9 0.0 15 0.0
221.0 0.0 15 0.0
221.1 0.0 15 0.0
221.2 0.0 15 0.0
221.3 0.0 15 0.0
221.4 0.0 15 0.0
221.5 0.0 15 0.0
221.6 0.0 15 0.0
221.7 0.0 15 0.0
221.8 0.0 15 0.0
221.9 0.0 15 0.0
222.0 0.0 15 0.0
222.1 0.0 15 0.0
222.2 0.0 15 0.0
222.3 0.0 15 0.0
222.4 0.0 15 0.0
222.5 0.0 15 0.0
222.6 0.0 15 0.0
222.7 0.0 15 0.0
222.8 0.0 15 0.0
222.9 0.0 15 0.0
223.0 0.0 15 0.0
223.1 0.0 15 0.0
223.2 0.0 15 0.0
223.3 0.0 15 0.0
223.4 0.0 15 0.0
223.5 0.0 15 0.0
223.6 0.0 15 0.0
223.7 0.0 15 0.0
223.8 0.0 15 0.0
223.9 0.0 15 0.0
224.0 0.0 15 0.0
224.1 0.0 15 0.0
224.2 0.0 15 0.0
224.3 0.0 15 0.0
224.4 0.0 15 0.0
224.5 0.0 15 0.0
224.6 0.0 15 0.0
224.7 0.0 15 0.0
224.8 0.0 15 0.0
224.9 0.0 15 0.0
225.0 0.0 15 0.0
225.1 0.0 15 0.0
225.2 0.0 15 0.0
225.3 0.0 15 0.0
225.4 0.0 15 0.0
225.5 0.0 15 0.0
225.6 0.0 15 0.0
225.7 0.0 15 0.0
225.8 0.0 15 0.0
225.9 0.0 15 0.0
226.0 0.0 15 0.0
226.1 0.0 15 0.0
226.2 0.0 15 0.0
226.3 0.0 15 0.0
226.4 0.0 15 0.0
226.5 0.0 15 0.0
226.6 0.0 15 0.0
226.7 0.0 15 0.0
226.8 0.0 15 0.0
226.9 0.0 15 0.0
227.0 0.0 15 0.0
227.1 0.0 15 0.0
227.2 0.0 15 0.0
227.3 0.0 15 0.0
227.4 0.0 15 0.0
227.5 0.0 15 0.0
227.6 0.0 15 0.0
227.7 0.0 15 0.0
227.8 0.0 15 0.0
227.9 150.343 14 1.0
228.0 150.4133 14 1.0
228.1 150.4836 14 1.0
228.2 150.5539 14 1.0
228.3 150.6241 14 1.0
228.4 150.6944 14 1.0
228.5 150.7647 14 1.0
228.6 150.835 14 1.0
228.7 150.9052 14 1.0
228.8 150.9755 14 1.0
228.9 151.0458 14 1.0
229.0 151.1161 14 1.0
229.1 151.1863 14 1.0
229.2 151.2566 14 1.0
229.3 151.3269 14 1.0
229.4 151.3972 14 1.0
229.5 151.4674 14 1.0
229.6 151.5377 14 1.0
229.7 151.608 14 1.0
229.8 151.6783 14 1.0
229.9 151.7485 14 1.0
230.0 151.8188 14 1.0
230.1 151.8891 14 1.0
230.2 151.9594 14 1.0
230.3 152.0296 14 1.0
230.4 152.0999 14 1.0
230.5 152.1702 14 1.0
230.6 152.2404 14 1.0
230.7 152.3107 14 1.0
230.8 152.381 14 1.0
230.9 152.4513 14 1.0
231.0 152.5215 14 1.0
231.1 152.5918 14 1.0
231.2 152.6621 14 1.0
231.3 152.7324 14 1.0
231.4 152.8026 14 1.0
231.5 152.8729 14 1.0
231.6 152.9432 14 1.0
231.7 153.0135 14 1.0
231.8 153.0837 14 1.0
231.9 153.154 14 1.0
232.0 153.2243 14 1.0
232.1 153.2946 14 1.0
232.2 153.3648 14 1.0
232.3 153.4351 14 1.0
232.4 153.5054 14 1.0
232.5 153.5757 14 1.0
232.6 153.6459 14 1.0
232.7 153.7162 14 1.0
232.8 153.7865 14 1.0
232.9 153.8568 14 1.0
233.0 153.927 14 1.0
233.1 153.9973 14 1.0
233.2 154.0676 14 1.0
233.3 154.1379 14 1.0
233.4 154.2081 14 1.0
233.5 154.2784 14 1.0
233.6 154.3487 14 1.0
233.7 154.4189 14 1.0
233.8 154.4892 14 1.0
233.9 154.5595 14 1.0
234.0 154.6298 14 1.0
234.1 154.7 14 1.0
234.2 154.7703 14 1.0
234.3 154.8406 14 1.0
234.4 154.9109 14 1.0
234.5 154.9811 14 1.0
234.6 155.0514 14 1.0
234.7 155.1217 14 1.0
234.8 155.192 14 1.0
234.9 155.2622 14 1.0
235.0 155.3325 14 1.0
235.1 155.4028 14 1.0
235.2 155.4731 14 1.0
235.3 155.5433 14 1.0
235.4 155.6136 14 1.0
235.5 155.6839 14 1.0
235.6 155.7542 14 1.0
235.7 155.8244 14 1.0
235.8 155.8947 14 1.0
235.9 155.965 14 1.0
236.0 156.0353 14 1.0
236.1 156.1055 14 1.0
236.2 156.1758 14 1.0
236.3 156.2461 14 1.0
236.4 156.3164 14 1.0
236.5 156.3866 14 1.0
236.6 156.4569 14 1.0
236.7 156.5272 14 1.0
236.8 156.5974 14 1.0
236.9 156.6677 14 1.0
237.0 156.738 14 1.0
237.1 156.8083 14 1.0
237.2 156.8785 14 1.0
237.3 156.9488 14 1.0
237.4 157.0191 14 1.0
237.5 157.0894 14 1.0
237.6 157.1596 14 1.0
237.7 157.2299 14 1.0
237.8 157.3002 14 1.0
237.9 157.3705 14 1.0
238.0 157.4407 14 1.0
238.1 157.511 14 1.0
238.2 157.5813 14 1.0
238.3 157.6516 14 1.0
238.4 157.7218 14 1.0
238.5 157.7921 14 1.0
238.6 157.8624 14 1.0
238.7 157.9327 14 1.0
238.8 158.0029 14 1.0
238.9 158.0732 14 1.0
239.0 158.1435 14 1.0
239.1 158.2138 14 1.0
239.2 158.284 14 1.0
239.3 158.3543 14 1.0
239.4 158.4246 14 1.0
239.5 158.4949 14 1.0
239.6 158.5651 14 1.0
239.7 158.6354 14 1.0
239.8 158.7057 14 1.0
239.9 158.7759 14 1.0
240.0 158.8462 14 1.0
240.1 158.9165 14 1.0
240.2 158.9868 14 1.0
240.3 159.057 14 1.0
240.4 159.1273 14 1.0
240.5 159.1976 14 1.0
240.6 159.2679 14 1.0
240.7 159.3381 14 1.0
240.8 159.4084 14 1.0
240.9 159.4787 14 1.0
241.0 159.549 14 1.0
241.1 159.6192 14 1.0
241.2 159.6895 14 1.0
241.3 159.7598 14 1.0
241.4 159.8301 14 1.0
241.5 159.9003 14 1.0
241.6 159.9706 14 1.0
241.7 160.0409 14 1.0
241.8 160.1112 14 1.0
241.9 160.1814 14 1.0
242.0 160.2517 14 1.0
242.1 160.322 14 1.0
242.2 160.3923 14 1.0
242.3 160.4625 14 1.0
242.4 160.5328 14 1.0
242.5 160.6031 14 1.0
242.6 160.6734 14 1.0
242.7 160.7436 14 1.0
242.8 160.8139 14 1.0
242.9 160.8842 14 1.0
243.0 160.9545 14 1.0
243.1 161.0247 14 1.0
243.2 161.095 14 1.0
243.3 161.1653 14 1.0
243.4 161.2355 14 1.0
243.5 161.3058 14 1.0
243.6 161.3761 14 1.0
243.7 161.4464 14 1.0
243.8 161.5166 14 1.0
243.9 161.5869 14 1.0
244.0 161.6572 14 1.0
244.1 161.7275 14 1.0
244.2 161.7977 14 1.0
244.3 161.868 14 1.0
244.4 161.9383 14 1.0
244.5 162.0086 14 1.0
244.6 162.0788 14 1.0
244.6 162.1491 14 1.0
244.7 162.2194 14 1.0
244.8 162.2897 14 1.0
244.9 162.3599 14 1.0
245.0 162.4302 14 1.0
245.1 162.5005 14 1.0
245.2 162.5708 14 1.0
245.3 162.641 14 1.0
245.4 162.7113 14 1.0
245.5 162.7816 14 1.0
245.6 162.8519 14 1.0
245.7 162.9221 14 1.0
245.8 162.9924 14 1.0
245.9 163.0627 14 1.0
246.0 163.133 14 1.0
246.1 163.2032 14 1.0
246.2 163.2735 14 1.0
246.3 163.3438 14 1.0
246.4 163.414 14 1.0
246.5 163.4843 14 1.0
246.6 163.5546 14 1.0
246.7 163.6249 14 1.0
246.8 163.6951 14 1.0
246.9 163.7654 14 1.0
247.0 163.8357 14 1.0
247.1 163.906 14 1.0
247.2 163.9762 14 1.0
247.3 164.0465 14 1.0
247.4 164.1168 14 1.0
247.5 164.1871 14 1.0
247.6 164.2573 14 1.0
247.7 164.3276 14 1.0
247.8 164.3979 14 1.0
247.9 164.4682 14 1.0
248.0 164.5384 14 1.0
248.1 164.6087 14 1.0
248.2 164.679 14 1.0
248.3 164.7493 14 1.0
248.4 164.8195 14 1.0
248.5 164.8898 14 1.0
248.6 164.9601 14 1.0
248.7 165.0304 14 1.0
248.8 165.1006 14 1.0
248.9 165.1709 14 1.0
249.0 165.2412 14 1.0
249.1 165.3115 14 1.0
249.2 165.3817 14 1.0
249.3 165.452 14 1.0
249.4 165.5223 14 1.0
249.5 165.5925 14 1.0
249.6 165.6628 14 1.0
249.7 165.7331 14 1.0
249.8 165.8026 14 1.0
249.9 165.8721 14 1.0
250.0 165.9416 14 1.0
250.1 166.0111 14 1.0
250.2 166.0805 14 1.0
250.3 166.15 14 1.0
250.4 166.2195 14 1.0
250.5 166.289 14 1.0
250.6 166.3585 14 1.0
250.7 166.428 14 1.0
250.8 166.4975 14 1.0
250.9 166.567 14 1.0
251.0 166.6365 14 1.0
251.1 166.706 14 1.0
251.2 166.7754 14 1.0
251.3 166.8449 14 1.0
251.4 166.9144 14 1.0
251.5 166.9839 14 1.0
251.6 167.0534 14 1.0
251.7 167.1229 14 1.0
251.8 167.1924 14 1.0
251.9 167.2619 14 1.0
252.0 167.3314 14 1.0
252.1 167.4009 14 1.0
252.2 167.4704 14 1.0
252.3 167.5398 14 1.0
252.4 167.6093 14 1.0
252.5 167.6788 14 1.0
252.6 167.7483 14 1.0
252.7 167.8178 14 1.0
252.8 167.8873 14 1.0
252.9 167.9568 14 1.0
253.0 168.0263 14 1.0
253.1 168.0958 14 1.0
253.2 168.1653 14 1.0
253.3 168.2347 14 1.0
253.4 168.3042 14 1.0
253.5 168.3737 14 1.0
253.6 168.4432 14 1.0
253.7 168.5127 14 1.0
253.8 168.5822 14 1.0
253.9 168.6517 14 1.0
254.0 168.7212 14 1.0
254.1 168.7907 14 1.0
254.2 168.8602 14 1.0
254.3 168.9296 14 1.0
254.4 168.9991 14 1.0
254.5 169.0686 14 1.0
254.6 169.1381 14 1.0
254.7 169.2076 14 1.0
254.8 169.2771 14 1.0
254.9 169.3466 14 1.0
255.0 169.4161 14 1.0
255.1 169.4856 14 1.0
255.2 169.5551 14 1.0
255.3 169.6245 14 1.0
255.4 169.694 14 1.0
255.5 169.7635 14 1.0
255.6 169.833 14 1.0
255.7 169.9025 14 1.0
255.8 169.972 14 1.0
255.9 170.0415 14 1.0
256.0 170.111 14 1.0
256.1 170.1805 14 1.0
256.2 170.25 14 1.0
256.3 170.3194 14 1.0
256.4 170.3889 14 1.0
256.5 170.4584 14 1.0
256.6 170.5279 14 1.0
256.7 170.5974 14 1.0
256.8 170.6669 14 1.0
256.9 170.7364 14 1.0
257.0 170.8059 14 1.0
257.1 170.8754 14 1.0
257.2 170.9449 14 1.0
257.3 171.0143 14 1.0
257.4 171.0838 14 1.0
257.5 171.1533 14 1.0
257.6 171.2228 14 1.0
257.7 171.2923 14 1.0
257.8 171.3618 14 1.0
257.9 171.4313 14 1.0
258.0 171.5008 14 1.0
258.1 171.5703 14 1.0
258.2 171.6398 14 1.0
258.3 171.7092 14 1.0
258.4 171.7787 14 1.0
258.5 171.8482 14 1.0
258.6 171.9177 14 1.0
258.7 171.9872 14 1.0
258.8 172.0567 14 1.0
258.9 172.1262 14 1.0
259.0 172.1957 14 1.0
259.1 172.2652 14 1.0
259.2 172.3347 14 1.0
259.3 172.4041 14 1.0
259.4 172.4736 14 1.0
259.5 172.5431 14 1.0
259.6 172.6126 14 1.0
259.7 172.6821 14 1.0
259.8 172.7516 14 1.0
259.9 172.8211 14 1.0
260.0 172.8906 14 1.0
260.1 172.9601 14 1.0
260.2 173.0296 14 1.0
260.3 173.0991 14 1.0
260.4 173.1685 14 1.0
260.5 173.238 14 1.0
260.6 173.3075 14 1.0
260.7 173.377 14 1.0
260.8 173.4465 14 1.0
260.9 173.516 14 1.0
261.0 173.5855 14 1.0
261.1 173.655 14 1.0
261.2 173.7245 14 1.0
261.3 173.794 14 1.0
261.4 173.8634 14 1.0
261.5 173.9329 14 1.0
261.6 174.0024 14 1.0
261.7 174.0719 14 1.0
261.8 174.1414 14 1.0
261.9 174.2109 14 1.0
262.0 174.2804 14 1.0
262.1 174.3499 14 1.0
262.2 174.4194 14 1.0
262.3 174.4889 14 1.0
262.4 174.5583 14 1.0
262.5 174.6278 14 1.0
262.6 174.6973 14 1.0
262.7 174.7668 14 1.0
262.8 174.8363 14 1.0
262.9 174.9058 14 1.0
263.0 174.9753 14 1.0
263.1 175.0448 14 1.0
263.2 175.1143 14 1.0
263.3 175.1838 14 1.0
263.4 175.2532 14 1.0
263.5 175.3227 14 1.0
263.6 175.3922 14 1.0
263.7 175.4617 14 1.0
263.8 175.5312 14 1.0
263.9 175.6007 14 1.0
264.0 175.6702 14 1.0
264.1 175.7397 14 1.0
264.2 175.8092 14 1.0
264.3 175.8787 14 1.0
264.4 175.9481 14 1.0
264.5 176.0176 14 1.0
264.6 176.0871 14 1.0
264.7 176.1566 14 1.0
264.8 176.2261 14 1.0
264.9 176.2956 14 1.0
265.0 176.3651 14 1.0
265.1 176.4346 14 1.0
265.2 176.5041 14 1.0
265.3 176.5736 14 1.0
265.4 176.643 14 1.0
265.5 176.7125 14 1.0
265.6 176.782 14 1.0
265.7 176.8515 14 1.0
265.8 176.921 14 1.0
265.9 176.9905 14 1.0
266.0 177.06 14 1.0
266.1 177.1295 14 1.0
266.2 177.199 14 1.0
266.3 177.2685 14 1.0
266.4 177.3379 14 1.0
266.5 177.4074 14 1.0
266.6 177.4769 14 1.0
266.7 177.5464 14 1.0
266.8 177.6159 14 1.0
266.9 177.6854 14 1.0
267.0 177.7549 14 1.0
267.1 177.8244 14 1.0
267.2 177.8939 14 1.0
267.3 177.9634 14 1.0
267.4 178.0328 14 1.0
267.5 178.1023 14 1.0
267.6 178.1718 14 1.0
267.7 178.2413 14 1.0
267.8 178.3108 14 1.0
267.9 178.3803 14 1.0
268.0 178.4498 14 1.0
268.1 178.5193 14 1.0
268.2 178.5888 14 1.0
268.3 178.6583 14 1.0
268.4 178.7278 14 1.0
268.5 178.7972 14 1.0
268.6 178.8667 14 1.0
268.7 178.9362 14 1.0
268.8 179.0057 14 1.0
268.9 179.0752 14 1.0
269.0 179.1447 14 1.0
269.1 179.2142 14 1.0
269.2 179.2837 14 1.0
269.3 179.3532 14 1.0
269.4 179.4227 14 1.0
269.5 179.4921 14 1.0
269.6 179.5616 14 1.0
269.7 179.6311 14 1.0
269.8 179.7006 14 1.0
269.9 179.7701 14 1.0
270.0 179.8396 14 1.0
270.1 179.9091 14 1.0
270.2 179.9786 14 1.0
270.3 180.0481 14 1.0
270.4 180.1176 14 1.0
270.5 180.187 14 1.0
270.6 180.2565 14 1.0
270.7 180.326 14 1.0
270.8 180.3955 14 1.0
270.9 180.465 14 1.0
271.0 180.5345 14 1.0
271.1 180.604 14 1.0
271.2 180.6735 14 1.0
271.3 180.743 14 1.0
271.4 180.8125 14 1.0
271.5 180.8819 14 1.0
271.6 180.9514 14 1.0
271.7 181.0209 14 1.0
271.8 181.0904 14 1.0
271.9 181.1599 14 1.0
272.0 181.2294 14 1.0
272.1 181.2989 14 1.0
272.2 181.3684 14 1.0
272.3 181.4379 14 1.0
272.4 181.5074 14 1.0
272.5 181.5768 14 1.0
272.6 181.6463 14 1.0
272.7 181.7158 14 1.0
272.8 181.7853 14 1.0
272.9 181.8548 14 1.0
273.0 181.9243 14 1.0
273.1 181.9938 14 1.0
273.2 182.0633 14 1.0
273.3 182.1328 14 1.0
273.4 182.2023 14 1.0
273.5 182.2717 14 1.0
273.6 182.3412 14 1.0
273.7 182.4107 14 1.0
273.8 182.4802 14 1.0
273.9 182.5497 14 1.0
274.0 182.6192 14 1.0
274.1 182.6887 14 1.0
274.2 182.7582 14 1.0
274.3 182.8277 14 1.0
274.4 182.8972 14 1.0
274.5 182.9666 14 1.0
274.6 183.0361 14 1.0
274.7 183.1056 14 1.0
274.8 183.1751 14 1.0
274.9 183.2446 14 1.0
275.0 183.3141 14 1.0
275.1 183.3836 14 1.0
275.2 183.4531 14 1.0
275.3 183.5226 14 1.0
275.4 183.5921 14 1.0
275.5 183.6615 14 1.0
275.6 183.731 14 1.0
275.7 183.8005 14 1.0
275.8 183.87 14 1.0
275.9 183.9395 14 1.0
276.0 184.009 14 1.0
276.1 184.0785 14 1.0
276.2 184.148 14 1.0
276.3 184.2175 14 1.0
276.4 184.287 14 1.0
276.5 184.3565 14 1.0
276.6 184.4259 14 1.0
276.7 184.4954 14 1.0
276.8 184.5649 14 1.0
276.9 184.6344 14 1.0
277.0 184.7039 14 1.0
277.1 184.7734 14 1.0
277.2 184.8429 14 1.0
277.3 184.9124 14 1.0
277.4 184.9819 14 1.0
277.5 185.0514 14 1.0
277.6 185.1208 14 1.0
277.7 185.1903 14 1.0
277.8 185.2598 14 1.0
277.9 185.3293 14 1.0
278.0 185.3988 14 1.0
278.1 185.4683 14 1.0
278.2 185.5378 14 1.0
278.3 185.6073 14 1.0
278.4 185.6768 14 1.0
278.5 185.7463 14 1.0
278.6 185.8157 14 1.0
278.7 185.8852 14 1.0
278.8 185.9547 14 1.0
278.9 186.0242 14 1.0
279.0 186.0937 14 1.0
279.1 186.1632 14 1.0
279.2 186.2327 14 1.0
279.3 186.3022 14 1.0
279.4 186.3717 14 1.0
279.5 186.4412 14 1.0
279.6 186.5106 14 1.0
279.7 186.5801 14 1.0
279.8 186.6496 14 1.0
279.9 186.7191 14 1.0
280.0 186.7886 14 1.0
280.1 186.8581 14 1.0
280.2 186.9276 14 1.0
280.3 186.9971 14 1.0
280.4 187.0666 14 1.0
280.5 187.1361 14 1.0
280.6 187.2055 14 1.0
280.7 187.275 14 1.0
280.8 187.3445 14 1.0
280.9 187.414 14 1.0
281.0 187.4835 14 1.0
281.1 187.553 14 1.0
281.2 187.6225 14 1.0
281.3 187.692 14 1.0
281.4 187.7615 14 1.0
281.5 187.831 14 1.0
281.6 187.9004 14 1.0
281.7 187.9699 14 1.0
281.8 188.0394 14 1.0
281.9 188.1089 14 1.0
282.0 188.1784 14 1.0
282.1 188.2479 14 1.0
282.2 188.3174 14 1.0
282.3 188.3869 14 1.0
282.4 188.4564 14 1.0
282.5 188.5259 14 1.0
282.6 188.5953 14 1.0
282.7 188.6648 14 1.0
282.8 188.7343 14 1.0
282.9 188.8038 14 1.0
283.0 188.8733 14 1.0
283.1 188.9428 14 1.0
283.2 189.0123 14 1.0
283.3 189.0818 14 1.0
283.4 189.1513 14 1.0
283.5 189.2208 14 1.0
283.6 189.2902 14 1.0
283.7 189.3597 14 1.0
283.8 189.4292 14 1.0
283.9 189.4987 14 1.0
284.0 189.5682 14 1.0
284.1 189.6377 14 1.0
284.2 189.7072 14 1.0
284.3 189.7767 14 1.0
284.4 189.8462 14 1.0
284.5 189.9157 14 1.0
284.6 189.9852 14 1.0
284.7 190.0546 14 1.0
284.8 190.1241 14 1.0
284.9 190.1936 14 1.0
285.0 190.2631 14 1.0
285.1 190.3326 14 1.0
285.2 190.4021 14 1.0
285.3 190.4716 14 1.0
285.4 190.5411 14 1.0
285.5 190.6106 14 1.0
285.6 190.6801 14 1.0
285.7 190.7495 14 1.0
285.8 190.819 14 1.0
285.9 190.8885 14 1.0
286.0 190.958 14 1.0
286.1 191.0275 14 1.0
286.2 191.097 14 1.0
286.3 191.1665 14 1.0
286.4 191.236 14 1.0
286.5 191.3055 14 1.0
286.6 191.375 14 1.0
286.7 191.4444 14 1.0
286.8 191.5139 14 1.0
286.9 191.5834 14 1.0
287.0 191.6529 14 1.0
287.1 191.7224 14 1.0
287.2 191.7919 14 1.0
287.3 191.8614 14 1.0
287.4 191.9309 14 1.0
287.5 192.0004 14 1.0
287.6 192.0699 14 1.0
287.7 192.1393 14 1.0
287.8 192.2088 14 1.0
287.9 192.2783 14 1.0
288.0 192.3478 14 1.0
288.1 192.4173 14 1.0
288.2 192.4868 14 1.0
288.3 192.5563 14 1.0
288.4 192.6258 14 1.0
288.5 192.6953 14 1.0
288.6 192.7648 14 1.0
288.7 192.8342 14 1.0
288.8 192.9037 14 1.0
288.9 192.9732 14 1.0
289.0 193.0427 14 1.0
289.1 193.1122 14 1.0
289.2 193.1817 14 1.0
289.3 193.2512 14 1.0
289.4 193.3207 14 1.0
289.5 193.3902 14 1.0
289.6 193.4597 14 1.0
289.7 193.5291 14 1.0
289.8 193.5986 14 1.0
289.9 193.6681 14 1.0
290.0 193.7376 14 1.0
290.1 193.8071 14 1.0
290.2 193.8766 14 1.0
290.3 193.9461 14 1.0
290.4 194.0156 14 1.0
290.5 194.0851 14 1.0
290.6 194.1546 14 1.0
290.7 194.224 14 1.0
290.8 194.2935 14 1.0
290.9 194.363 14 1.0
291.0 194.4325 14 1.0
291.1 194.502 14 1.0
291.2 194.5715 14 1.0
291.3 194.641 14 1.0
291.4 194.7105 14 1.0
291.5 194.78 14 1.0
291.6 194.8495 14 1.0
291.7 194.9189 14 1.0
291.8 194.9884 14 1.0
291.9 195.0579 14 1.0
292.0 195.1274 14 1.0
292.1 195.1969 14 1.0
292.2 195.2664 14 1.0
292.3 195.3359 14 1.0
292.4 195.4054 14 1.0
292.5 195.4749 14 1.0
292.6 195.5444 14 1.0
292.7 195.6139 14 1.0
292.8 195.6833 14 1.0
292.9 195.7528 14 1.0
293.0 195.8223 14 1.0
293.1 195.8918 14 1.0
293.2 195.9613 14 1.0
293.3 196.0308 14 1.0
293.4 196.1003 14 1.0
293.5 196.1698 14 1.0
293.6 196.2393 14 1.0
293.7 196.3088 14 1.0
293.8 196.3782 14 1.0
293.9 196.4477 14 1.0
294.0 196.5172 14 1.0
294.1 196.5867 14 1.0
294.2 196.6562 14 1.0
294.3 196.7257 14 1.0
294.4 196.7952 14 1.0
294.5 196.8647 14 1.0
294.6 196.9342 14 1.0
294.7 197.0037 14 1.0
294.8 197.0731 14 1.0
294.9 197.1426 14 1.0
295.0 197.2121 14 1.0
295.1 197.2816 14 1.0
295.2 197.3511 14 1.0
295.3 197.4206 14 1.0
295.4 197.4901 14 1.0
295.5 197.5596 14 1.0
295.6 197.6291 14 1.0
295.7 197.6986 14 1.0
295.8 197.768 14 1.0
295.9 197.8375 14 1.0
296.0 197.907 14 1.0
296.1 197.9765 14 1.0
296.2 198.046 14 1.0
296.3 198.1155 14 1.0
296.4 198.185 14 1.0
296.5 198.2545 14 1.0
296.6 198.324 14 1.0
296.7 198.3935 14 1.0
296.8 198.4629 14 1.0
296.9 198.5324 14 1.0
297.0 198.6019 14 1.0
297.1 198.6714 14 1.0
297.2 198.7409 14 1.0
297.3 198.8104 14 1.0
297.4 198.8799 14 1.0
297.5 198.9494 14 1.0
297.6 199.0189 14 1.0
297.7 199.0884 14 1.0
297.8 199.1578 14 1.0
297.9 199.2273 14 1.0
298.0 199.2968 14 1.0
298.1 199.3663 14 1.0
298.2 199.4358 14 1.0
298.3 199.5053 14 1.0
298.4 199.5748 14 1.0
298.5 199.6443 14 1.0
298.6 199.7138 14 1.0
298.7 199.7833 14 1.0
298.8 199.8527 14 1.0
298.9 199.9222 14 1.0
299.0 199.9917 14 1.0
299.1 200.0612 14 1.0
299.2 200.1307 14 1.0
299.3 200.2002 14 1.0
299.4 200.2697 14 1.0
299.5 200.3392 14 1.0
299.6 200.4087 14 1.0
299.7 200.4782 14 1.0
299.8 200.548 14 1.0
299.9 200.6178 14 1.0
300.0 200.6876 14 1.0
300.1 200.7575 14 1.0
300.2 200.8273 14 1.0
300.3 200.8971 14 1.0
300.4 200.9669 14 1.0
300.5 201.0368 14 1.0
300.6 201.1066 14 1.0
300.7 201.1764 14 1.0
300.8 201.2463 14 1.0
300.9 201.3161 14 1.0
301.0 201.3859 14 1.0
301.1 201.4557 14 1.0
301.2 201.5256 14 1.0
301.3 201.5954 14 1.0
301.4 201.6652 14 1.0
301.5 201.735 14 1.0
301.6 201.8049 14 1.0
301.7 201.8747 14 1.0
301.8 201.9445 14 1.0
301.9 202.0143 14 1.0
302.0 202.0842 14 1.0
302.1 202.154 14 1.0
302.2 202.2238 14 1.0
302.3 202.2937 14 1.0
302.4 202.3635 14 1.0
302.5 202.4333 14 1.0
302.6 202.5031 14 1.0
302.7 202.573 14 1.0
302.8 202.6428 14 1.0
302.9 202.7126 14 1.0
303.0 202.7824 14 1.0
303.1 202.8523 14 1.0
303.2 202.9221 14 1.0
303.3 202.9919 14 1.0
303.4 203.0617 14 1.0
303.5 203.1316 14 1.0
303.6 203.2014 14 1.0
303.7 203.2712 14 1.0
303.8 203.3411 14 1.0
303.9 203.4109 14 1.0
304.0 203.4807 14 1.0
304.1 203.5505 14 1.0
304.2 203.6204 14 1.0
304.3 203.6902 14 1.0
304.4 203.76 14 1.0
304.5 203.8298 14 1.0
304.6 203.8997 14 1.0
304.7 203.9695 14 1.0
304.8 204.0393 14 1.0
304.9 204.1091 14 1.0
305.0 204.179 14 1.0
305.1 204.2488 14 1.0
305.2 204.3186 14 1.0
305.3 204.3885 14 1.0
305.4 204.4583 14 1.0
305.5 204.5281 14 1.0
305.6 204.5979 14 1.0
305.7 204.6678 14 1.0
305.8 204.7376 14 1.0
305.9 204.8074 14 1.0
306.0 204.8772 14 1.0
306.1 204.9471 14 1.0
306.2 205.0169 14 1.0
306.3 205.0867 14 1.0
306.4 205.1565 14 1.0
306.5 205.2264 14 1.0
306.6 205.2962 14 1.0
306.7 205.366 14 1.0
306.8 205.4359 14 1.0
306.9 205.5057 14 1.0
307.0 205.5755 14 1.0
307.1 205.6453 14 1.0
307.2 205.7152 14 1.0
307.3 205.785 14 1.0
307.4 205.8548 14 1.0
307.5 205.9246 14 1.0
307.6 205.9945 14 1.0
307.7 206.0643 14 1.0
307.8 206.1341 14 1.0
307.9 206.2039 14 1.0
308.0 206.2738 14 1.0
308.1 206.3436 14 1.0
308.2 206.4134 14 1.0
308.3 206.4832 14 1.0
308.4 206.5531 14 1.0
308.5 206.6229 14 1.0
308.6 206.6927 14 1.0
308.7 206.7626 14 1.0
308.8 206.8324 14 1.0
308.9 206.9022 14 1.0
309.0 206.972 14 1.0
309.1 207.0419 14 1.0
309.2 207.1117 14 1.0
309.3 207.1815 14 1.0
309.4 207.2513 14 1.0
309.4 207.3212 14 1.0
309.5 207.391 14 1.0
309.6 207.4608 14 1.0
309.7 207.5306 14 1.0
309.8 207.6005 14 1.0
309.9 207.6703 14 1.0
310.0 207.7401 14 1.0
310.1 207.81 14 1.0
310.2 207.8798 14 1.0
310.3 207.9496 14 1.0
310.4 208.0194 14 1.0
310.5 208.0893 14 1.0
310.6 208.1591 14 1.0
310.7 208.2289 14 1.0
310.8 208.2987 14 1.0
310.9 208.3686 14 1.0
311.0 208.4384 14 1.0
311.1 208.5082 14 1.0
311.2 208.578 14 1.0
311.3 208.6479 14 1.0
311.4 208.7177 14 1.0
311.5 208.7875 14 1.0
311.6 208.8574 14 1.0
311.7 208.9272 14 1.0
311.8 208.997 14 1.0
311.9 209.0668 14 1.0
312.0 209.1367 14 1.0
312.1 209.2065 14 1.0
312.2 209.2763 14 1.0
312.3 209.3461 14 1.0
312.4 209.416 14 1.0
312.5 209.4858 14 1.0
312.6 209.5556 14 1.0
312.7 209.6254 14 1.0
312.8 209.6953 14 1.0
312.9 209.7651 14 1.0
313.0 209.8349 14 1.0
313.1 209.9048 14 1.0
313.2 209.9746 14 1.0
313.3 210.0444 14 1.0
313.4 210.1142 14 1.0
313.5 210.1841 14 1.0
313.6 210.2539 14 1.0
313.7 210.3237 14 1.0
313.8 210.3935 14 1.0
313.9 210.4634 14 1.0
314.0 210.5332 14 1.0
314.1 210.603 14 1.0
314.2 210.6728 14 1.0
314.3 210.7427 14 1.0
314.4 210.8125 14 1.0
314.5 210.8823 14 1.0
314.6 210.9522 14 1.0
314.7 211.022 14 1.0
314.8 211.0918 14 1.0
314.9 211.1616 14 1.0
315.0 211.2315 14 1.0
315.1 211.3013 14 1.0
315.2 211.3711 14 1.0
315.3 211.4409 14 1.0
315.4 211.5108 14 1.0
315.5 211.5806 14 1.0
315.6 211.6504 14 1.0
315.7 211.7202 14 1.0
315.8 211.7901 14 1.0
315.9 211.8599 14 1.0
316.0 211.9297 14 1.0
316.1 211.9996 14 1.0
316.2 212.0694 14 1.0
316.3 212.1392 14 1.0
316.4 212.209 14 1.0
316.5 212.2789 14 1.0
316.6 212.3487 14 1.0
316.7 212.4185 14 1.0
316.8 212.4883 14 1.0
316.9 212.5582 14 1.0
317.0 212.628 14 1.0
317.1 212.6978 14 1.0
317.2 212.7676 14 1.0
317.3 212.8375 14 1.0
317.4 212.9073 14 1.0
317.5 212.9771 14 1.0
317.6 213.047 14 1.0
317.7 213.1168 14 1.0
317.8 213.1866 14 1.0
317.9 213.2564 14 1.0
318.0 213.3263 14 1.0
318.1 213.3961 14 1.0
318.2 213.4659 14 1.0
318.3 213.5357 14 1.0
318.4 213.6056 14 1.0
318.5 213.6754 14 1.0
318.6 213.7452 14 1.0
318.7 213.815 14 1.0
318.8 213.8849 14 1.0
318.9 213.9547 14 1.0
319.0 214.0245 14 1.0
319.1 214.0944 14 1.0
319.2 214.1642 14 1.0
319.3 214.234 14 1.0
319.4 214.3038 14 1.0
319.5 214.3737 14 1.0
319.6 214.4435 14 1.0
319.7 214.5133 14 1.0
319.8 214.5831 14 1.0
319.9 214.653 14 1.0
320.0 214.7228 14 1.0
320.1 214.7926 14 1.0
320.2 214.8624 14 1.0
320.3 214.9323 14 1.0
320.4 215.0021 14 1.0
320.5 215.0719 14 1.0
320.6 215.1418 14 1.0
320.7 215.2116 14 1.0
320.8 215.2814 14 1.0
320.9 215.3512 14 1.0
321.0 215.4211 14 1.0
321.1 215.4909 14 1.0
321.2 215.5607 14 1.0
321.3 215.6305 14 1.0
321.4 215.7004 14 1.0
321.5 215.7702 14 1.0
321.6 215.84 14 1.0
321.7 215.9098 14 1.0
321.8 215.9797 14 1.0
321.9 216.0495 14 1.0
322.0 216.1193 14 1.0
322.1 216.1892 14 1.0
322.2 216.259 14 1.0
322.3 216.3288 14 1.0
322.4 216.3986 14 1.0
322.5 216.4685 14 1.0
322.6 216.5383 14 1.0
322.7 216.6081 14 1.0
322.8 216.6779 14 1.0
322.9 216.7478 14 1.0
323.0 216.8176 14 1.0
323.1 216.8874 14 1.0
323.2 216.9572 14 1.0
323.3 217.0271 14 1.0
323.4 217.0969 14 1.0
323.5 217.1667 14 1.0
323.6 217.2366 14 1.0
323.7 217.3064 14 1.0
323.8 217.3762 14 1.0
323.9 217.446 14 1.0
324.0 217.5159 14 1.0
324.1 217.5857 14 1.0
324.2 217.6555 14 1.0
324.3 217.7253 14 1.0
324.4 217.7952 14 1.0
324.5 217.865 14 1.0
324.6 217.9348 14 1.0
324.7 218.0046 14 1.0
324.8 218.0745 14 1.0
324.9 218.1443 14 1.0
325.0 218.2141 14 1.0
325.1 218.2839 14 1.0
325.2 218.3538 14 1.0
325.3 218.4236 14 1.0
325.4 218.4934 14 1.0
325.5 218.5633 14 1.0
325.6 218.6331 14 1.0
325.7 218.7029 14 1.0
325.8 218.7727 14 1.0
325.9 218.8426 14 1.0
326.0 218.9124 14 1.0
326.1 218.9822 14 1.0
326.2 219.052 14 1.0
326.3 219.1219 14 1.0
326.4 219.1917 14 1.0
326.5 219.2615 14 1.0
326.6 219.3313 14 1.0
326.7 219.4012 14 1.0
326.8 219.471 14 1.0
326.9 219.5408 14 1.0
327.0 219.6107 14 1.0
327.1 219.6805 14 1.0
327.2 219.7503 14 1.0
327.3 219.8201 14 1.0
327.4 219.89 14 1.0
327.5 219.9598 14 1.0
327.6 220.0296 14 1.0
327.7 220.0994 14 1.0
327.8 220.1693 14 1.0
327.9 220.2391 14 1.0
328.0 220.3089 14 1.0
328.1 220.3787 14 1.0
328.2 220.4486 14 1.0
328.3 220.5184 14 1.0
328.4 220.5882 14 1.0
328.5 220.6581 14 1.0
328.6 220.7279 14 1.0
328.7 220.7977 14 1.0
328.8 220.8675 14 1.0
328.9 220.9374 14 1.0
329.0 221.0072 14 1.0
329.1 221.077 14 1.0
329.2 221.1468 14 1.0
329.3 221.2167 14 1.0
329.4 221.2865 14 1.0
329.5 221.3563 14 1.0
329.6 221.4261 14 1.0
329.7 221.496 14 1.0
329.8 221.5658 14 1.0
329.9 221.6356 14 1.0
330.0 221.7055 14 1.0
330.1 221.7753 14 1.0
330.2 221.8451 14 1.0
330.3 221.9149 14 1.0
330.4 221.9848 14 1.0
330.5 222.0546 14 1.0
330.6 222.1244 14 1.0
330.7 222.1942 14 1.0
330.8 222.2641 14 1.0
330.9 222.3339 14 1.0
331.0 222.4037 14 1.0
331.1 222.4735 14 1.0
331.2 222.5434 14 1.0
331.3 222.6132 14 1.0
331.4 222.683 14 1.0
331.5 222.7529 14 1.0
331.6 222.8227 14 1.0
331.7 222.8925 14 1.0
331.8 222.9623 14 1.0
331.9 223.0322 14 1.0
332.0 223.102 14 1.0
332.1 223.1718 14 1.0
332.2 223.2416 14 1.0
332.3 223.3115 14 1.0
332.4 223.3813 14 1.0
332.5 223.4511 14 1.0
332.6 223.5209 14 1.0
332.7 223.5908 14 1.0
332.8 223.6606 14 1.0
332.9 223.7304 14 1.0
333.0 223.8003 14 1.0
333.1 223.8701 14 1.0
333.2 223.9399 14 1.0
333.3 224.0097 14 1.0
333.4 224.0796 14 1.0
333.5 224.1494 14 1.0
333.6 224.2192 14 1.0
333.7 224.289 14 1.0
333.8 224.3589 14 1.0
333.9 224.4287 14 1.0
334.0 224.4985 14 1.0
334.1 224.5683 14 1.0
334.2 224.6382 14 1.0
334.3 224.708 14 1.0
334.4 224.7778 14 1.0
334.5 224.8477 14 1.0
334.6 224.9175 14 1.0
334.7 224.9873 14 1.0
334.8 225.0571 14 1.0
334.9 225.127 14 1.0
335.0 225.1968 14 1.0
335.1 225.2666 14 1.0
335.2 225.3364 14 1.0
335.3 225.4063 14 1.0
335.4 225.4761 14 1.0
335.5 225.5459 14 1.0
335.6 225.6157 14 1.0
335.7 225.6856 14 1.0
335.8 225.7554 14 1.0
335.9 225.8252 14 1.0
336.0 225.8951 14 1.0
336.1 225.9649 14 1.0
336.2 226.0347 14 1.0
336.3 226.1045 14 1.0
336.4 226.1744 14 1.0
336.5 226.2442 14 1.0
336.6 226.314 14 1.0
336.7 226.3838 14 1.0
336.8 226.4537 14 1.0
336.9 226.5235 14 1.0
337.0 226.5933 14 1.0
337.1 226.6631 14 1.0
337.2 226.733 14 1.0
337.3 226.8028 14 1.0
337.4 226.8726 14 1.0
337.5 226.9425 14 1.0
337.6 227.0123 14 1.0
337.7 227.0821 14 1.0
337.8 227.1519 14 1.0
337.9 227.2218 14 1.0
338.0 227.2916 14 1.0
338.1 227.3614 14 1.0
338.2 227.4312 14 1.0
338.3 227.5011 14 1.0
338.4 227.5709 14 1.0
338.5 227.6407 14 1.0
338.6 227.7105 14 1.0
338.7 227.7804 14 1.0
338.8 227.8502 14 1.0
338.9 227.92 14 1.0
339.0 227.9899 14 1.0
339.1 228.0597 14 1.0
339.2 228.1295 14 1.0
339.3 228.1993 14 1.0
339.4 228.2692 14 1.0
339.5 228.339 14 1.0
339.6 228.4088 14 1.0
339.7 228.4786 14 1.0
339.8 228.5485 14 1.0
339.9 228.6183 14 1.0
340.0 228.6881 14 1.0
340.1 228.7579 14 1.0
340.2 228.8278 14 1.0
340.3 228.8976 14 1.0
340.4 228.9674 14 1.0
340.5 229.0373 14 1.0
340.6 229.1071 14 1.0
340.7 229.1769 14 1.0
340.8 229.2467 14 1.0
340.9 229.3166 14 1.0
341.0 229.3864 14 1.0
341.1 229.4562 14 1.0
341.2 229.526 14 1.0
341.3 229.5959 14 1.0
341.4 229.6657 14 1.0
341.5 229.7355 14 1.0
341.6 229.8053 14 1.0
341.7 229.8752 14 1.0
341.8 229.945 14 1.0
341.9 230.0148 14 1.0
342.0 230.0847 14 1.0
342.1 230.1545 14 1.0
342.2 230.2243 14 1.0
342.3 230.2941 14 1.0
342.4 230.364 14 1.0
342.5 230.4338 14 1.0
342.6 230.5036 14 1.0
342.7 230.5734 14 1.0
342.8 230.6433 14 1.0
342.9 230.7131 14 1.0
343.0 230.7829 14 1.0
343.1 230.8527 14 1.0
343.2 230.9226 14 1.0
343.3 230.9924 14 1.0
343.4 231.0622 14 1.0
343.5 231.132 14 1.0
343.6 231.2019 14 1.0
343.7 231.2717 14 1.0
343.8 231.3415 14 1.0
343.9 231.4114 14 1.0
344.0 231.4812 14 1.0
344.1 231.551 14 1.0
344.2 231.6208 14 1.0
344.3 231.6907 14 1.0
344.4 231.7605 14 1.0
344.5 231.8303 14 1.0
344.6 231.9001 14 1.0
344.7 231.97 14 1.0
344.8 232.0398 14 1.0
344.9 232.1096 14 1.0
345.0 232.1794 14 1.0
345.1 232.2493 14 1.0
345.2 232.3191 14 1.0
345.3 232.3889 14 1.0
345.4 232.4588 14 1.0
345.5 232.5286 14 1.0
345.6 232.5984 14 1.0
345.7 232.6682 14 1.0
345.8 232.7381 14 1.0
345.9 232.8079 14 1.0
346.0 232.8777 14 1.0
346.1 232.9475 14 1.0
346.2 233.0174 14 1.0
346.3 233.0872 14 1.0
346.4 233.157 14 1.0
346.5 233.2268 14 1.0
346.6 233.2967 14 1.0
346.7 233.3665 14 1.0
346.8 233.4363 14 1.0
346.9 233.5062 14 1.0
347.0 233.576 14 1.0
347.1 233.6458 14 1.0
347.2 233.7156 14 1.0
347.3 233.7855 14 1.0
347.4 233.8553 14 1.0
347.5 233.9251 14 1.0
347.6 233.9949 14 1.0
347.7 234.0648 14 1.0
347.8 234.1346 14 1.0
347.9 234.2044 14 1.0
348.0 234.2742 14 1.0
348.1 234.3441 14 1.0
348.2 234.4139 14 1.0
348.3 234.4837 14 1.0
348.4 234.5536 14 1.0
348.5 234.6234 14 1.0
348.6 234.6932 14 1.0
348.7 234.763 14 1.0
348.8 234.8329 14 1.0
348.9 234.9027 14 1.0
349.0 234.9725 14 1.0
349.1 235.0423 14 1.0
349.2 235.1122 14 1.0
349.3 235.182 14 1.0
349.4 235.2518 14 1.0
349.5 235.3216 14 1.0
349.6 235.3915 14 1.0
349.7 235.4644 14 1.0
349.8 235.5373 14 1.0
349.9 235.6102 14 1.0
350.0 235.6831 14 1.0
350.1 235.7561 14 1.0
350.2 235.829 14 1.0
350.3 235.9019 14 1.0
350.4 235.9748 14 1.0
350.5 236.0477 14 1.0
350.6 236.1207 14 1.0
350.7 236.1936 14 1.0
350.8 236.2665 14 1.0
350.9 236.3394 14 1.0
351.0 236.4123 14 1.0
351.1 236.4852 14 1.0
351.2 236.5582 14 1.0
351.3 236.6311 14 1.0
351.4 236.704 14 1.0
351.5 236.7769 14 1.0
351.6 236.8498 14 1.0
351.7 236.9227 14 1.0
351.8 236.9957 14 1.0
351.9 237.0686 14 1.0
352.0 237.1415 14 1.0
352.1 237.2144 14 1.0
352.2 237.2873 14 1.0
352.3 237.3602 14 1.0
352.4 237.4332 14 1.0
352.5 237.5061 14 1.0
352.6 237.579 14 1.0
352.7 237.6519 14 1.0
352.8 237.7248 14 1.0
352.9 237.7978 14 1.0
353.0 237.8707 14 1.0
353.1 237.9436 14 1.0
353.2 238.0165 14 1.0
353.3 238.0894 14 1.0
353.4 238.1623 14 1.0
353.5 238.2353 14 1.0
353.6 238.3082 14 1.0
353.7 238.3811 14 1.0
353.8 238.454 14 1.0
353.9 238.5269 14 1.0
354.0 238.5998 14 1.0
354.1 238.6728 14 1.0
354.2 238.7457 14 1.0
354.3 238.8186 14 1.0
354.4 238.8915 14 1.0
354.5 238.9644 14 1.0
354.6 239.0374 14 1.0
354.7 239.1103 14 1.0
354.8 239.1832 14 1.0
354.9 239.2561 14 1.0
355.0 239.329 14 1.0
355.1 239.4019 14 1.0
355.2 239.4749 14 1.0
355.3 239.5478 14 1.0
355.4 239.6207 14 1.0
355.5 239.6936 14 1.0
355.6 239.7665 14 1.0
355.7 239.8394 14 1.0
355.8 239.9124 14 1.0
355.9 239.9853 14 1.0
356.0 240.0582 14 1.0
356.1 240.1311 14 1.0
356.2 240.204 14 1.0
356.3 240.277 14 1.0
356.4 240.3499 14 1.0
356.5 240.4228 14 1.0
356.6 240.4957 14 1.0
356.7 240.5686 14 1.0
356.8 240.6415 14 1.0
356.9 240.7145 14 1.0
357.0 240.7874 14 1.0
357.1 240.8603 14 1.0
357.2 240.9332 14 1.0
357.3 241.0061 14 1.0
357.4 241.079 14 1.0
357.5 241.152 14 1.0
357.6 241.2249 14 1.0
357.7 241.2978 14 1.0
357.8 241.3707 14 1.0
357.9 241.4436 14 1.0
358.0 241.5166 14 1.0
358.1 241.5895 14 1.0
358.2 241.6624 14 1.0
358.3 241.7353 14 1.0
358.4 241.8082 14 1.0
358.5 241.8811 14 1.0
358.6 241.9541 14 1.0
358.7 242.027 14 1.0
358.8 242.0999 14 1.0
358.9 242.1728 14 1.0
359.0 242.2457 14 1.0
359.1 242.3186 14 1.0
359.2 242.3916 14 1.0
359.3 242.4645 14 1.0
359.4 242.5374 14 1.0
359.5 242.6103 14 1.0
359.6 242.6832 14 1.0
359.7 242.7561 14 1.0
359.8 242.8291 14 1.0
359.9 242.902 14 1.0
360.0 242.9749 14 1.0
360.1 243.0478 14 1.0
360.2 243.1207 14 1.0
360.3 243.1937 14 1.0
360.4 243.2666 14 1.0
360.5 243.3395 14 1.0
360.6 243.4124 14 1.0
360.7 243.4853 14 1.0
360.8 243.5582 14 1.0
360.9 243.6312 14 1.0
361.0 243.7041 14 1.0
361.1 243.777 14 1.0
361.2 243.8499 14 1.0
361.3 243.9228 14 1.0
361.4 243.9957 14 1.0
361.5 244.0687 14 1.0
361.6 244.1416 14 1.0
361.7 244.2145 14 1.0
361.8 244.2874 14 1.0
361.9 244.3603 14 1.0
362.0 244.4333 14 1.0
362.1 244.5062 14 1.0
362.2 244.5791 14 1.0
362.3 244.652 14 1.0
362.4 244.7249 14 1.0
362.5 244.7978 14 1.0
362.6 244.8708 14 1.0
362.7 244.9437 14 1.0
362.8 245.0166 14 1.0
362.9 245.0895 14 1.0
363.0 245.1624 14 1.0
363.1 245.2353 14 1.0
363.2 245.3083 14 1.0
363.3 245.3812 14 1.0
363.4 245.4541 14 1.0
363.5 245.527 14 1.0
363.6 245.5999 14 1.0
363.7 245.6729 14 1.0
363.8 245.7458 14 1.0
363.9 245.8187 14 1.0
364.0 245.8916 14 1.0
364.1 245.9645 14 1.0
364.2 246.0374 14 1.0
364.3 246.1104 14 1.0
364.4 246.1833 14 1.0
364.5 246.2562 14 1.0
364.6 246.3291 14 1.0
364.7 246.402 14 1.0
364.8 246.4749 14 1.0
364.9 246.5479 14 1.0
365.0 246.6208 14 1.0
365.1 246.6937 14 1.0
365.2 246.7666 14 1.0
365.3 246.8395 14 1.0
365.4 246.9125 14 1.0
365.5 246.9854 14 1.0
365.6 247.0583 14 1.0
365.7 247.1312 14 1.0
365.8 247.2041 14 1.0
365.9 247.277 14 1.0
366.0 247.35 14 1.0
366.1 247.4229 14 1.0
366.2 247.4958 14 1.0
366.3 247.5687 14 1.0
366.4 247.6416 14 1.0
366.5 247.7145 14 1.0
366.6 247.7875 14 1.0
366.7 247.8604 14 1.0
366.8 247.9333 14 1.0
366.9 248.0062 14 1.0
367.0 248.0791 14 1.0
367.1 248.152 14 1.0
367.2 248.225 14 1.0
367.3 248.2979 14 1.0
367.4 248.3708 14 1.0
367.5 248.4437 14 1.0
367.6 248.5166 14 1.0
367.7 248.5896 14 1.0
367.8 248.6625 14 1.0
367.9 248.7354 14 1.0
368.0 248.8083 14 1.0
368.1 248.8812 14 1.0
368.2 248.9541 14 1.0
368.3 249.0271 14 1.0
368.4 249.1 14 1.0
368.5 249.1729 14 1.0
368.6 249.2458 14 1.0
368.7 249.3187 14 1.0
368.8 249.3916 14 1.0
368.9 249.4646 14 1.0
369.0 249.5375 14 1.0
369.1 249.6104 14 1.0
369.2 249.6833 14 1.0
369.3 249.7562 14 1.0
369.4 249.8292 14 1.0
369.5 249.9021 14 1.0
369.6 249.975 14 1.0
369.7 250.0479 14 1.0
369.8 250.1208 14 1.0
369.9 250.1937 14 1.0
370.0 250.2667 14 1.0
370.1 250.3396 14 1.0
370.2 250.4125 14 1.0
370.3 250.4854 14 1.0
370.4 250.5583 14 1.0
370.5 250.6312 14 1.0
370.6 250.7042 14 1.0
370.7 250.7771 14 1.0
370.8 250.85 14 1.0
370.9 250.9229 14 1.0
371.0 250.9958 14 1.0
371.1 251.0688 14 1.0
371.2 251.1417 14 1.0
371.3 251.2146 14 1.0
371.4 251.2875 14 1.0
371.5 251.3604 14 1.0
371.6 251.4333 14 1.0
371.7 251.5063 14 1.0
371.8 251.5792 14 1.0
371.9 251.6521 14 1.0
372.0 251.725 14 1.0
372.1 251.7979 14 1.0
372.2 251.8708 14 1.0
372.3 251.9438 14 1.0
372.4 252.0167 14 1.0
372.5 252.0896 14 1.0
372.6 252.1625 14 1.0
372.7 252.2354 14 1.0
372.8 252.3084 14 1.0
372.9 252.3813 14 1.0
373.0 252.4542 14 1.0
373.1 252.5271 14 1.0
373.2 252.6 14 1.0
373.3 252.6729 14 1.0
373.4 252.7459 14 1.0
373.5 252.8188 14 1.0
373.6 252.8917 14 1.0
373.6 252.9646 14 1.0
373.7 253.0375 14 1.0
373.8 253.1104 14 1.0
373.9 253.1834 14 1.0
374.0 253.2563 14 1.0
374.1 253.3292 14 1.0
374.2 253.4021 14 1.0
374.3 253.475 14 1.0
374.4 253.548 14 1.0
374.5 253.6209 14 1.0
374.6 253.6938 14 1.0
374.7 253.7667 14 1.0
374.8 253.8396 14 1.0
374.9 253.9125 14 1.0
375.0 253.9855 14 1.0
375.1 254.0584 14 1.0
375.2 254.1313 14 1.0
375.3 254.2042 14 1.0
375.4 254.2771 14 1.0
375.5 254.35 14 1.0
375.6 254.423 14 1.0
375.7 254.4959 14 1.0
375.8 254.5688 14 1.0
375.9 254.6417 14 1.0
376.0 254.7146 14 1.0
376.1 254.7875 14 1.0
376.2 254.8605 14 1.0
376.3 254.9334 14 1.0
376.4 255.0063 14 1.0
376.5 255.0792 14 1.0
376.6 255.1521 14 1.0
376.7 255.2251 14 1.0
376.8 255.298 14 1.0
376.9 255.3709 14 1.0
377.0 255.4438 14 1.0
377.1 255.5167 14 1.0
377.2 255.5896 14 1.0
377.3 255.6626 14 1.0
377.4 255.7355 14 1.0
377.5 255.8084 14 1.0
377.6 255.8813 14 1.0
377.7 255.9542 14 1.0
377.8 256.0271 14 1.0
377.9 256.1001 14 1.0
378.0 256.173 14 1.0
378.1 256.2459 14 1.0
378.2 256.3188 14 1.0
378.3 256.3917 14 1.0
378.4 256.4647 14 1.0
378.5 256.5376 14 1.0
378.6 256.6105 14 1.0
378.7 256.6834 14 1.0
378.8 256.7563 14 1.0
378.9 256.8292 14 1.0
379.0 256.9022 14 1.0
379.1 256.9751 14 1.0
379.2 257.048 14 1.0
379.3 257.1209 14 1.0
379.4 257.1938 14 1.0
379.5 257.2667 14 1.0
379.6 257.3397 14 1.0
379.7 257.4126 14 1.0
379.8 257.4855 14 1.0
379.9 257.5584 14 1.0
380.0 257.6313 14 1.0
380.1 257.7043 14 1.0
380.2 257.7772 14 1.0
380.3 257.8501 14 1.0
380.4 257.923 14 1.0
380.5 257.9959 14 1.0
380.6 258.0688 14 1.0
380.7 258.1418 14 1.0
380.8 258.2147 14 1.0
380.9 258.2876 14 1.0
381.0 258.3605 14 1.0
381.1 258.4334 14 1.0
381.2 258.5063 14 1.0
381.3 258.5793 14 1.0
381.4 258.6522 14 1.0
381.5 258.7251 14 1.0
381.6 258.798 14 1.0
381.7 258.8709 14 1.0
381.8 258.9439 14 1.0
381.9 259.0168 14 1.0
382.0 259.0897 14 1.0
382.1 259.1626 14 1.0
382.2 259.2355 14 1.0
382.3 259.3084 14 1.0
382.4 259.3814 14 1.0
382.5 259.4543 14 1.0
382.6 259.5272 14 1.0
382.7 259.6001 14 1.0
382.8 259.673 14 1.0
382.9 259.7459 14 1.0
383.0 259.8189 14 1.0
383.1 259.8918 14 1.0
383.2 259.9647 14 1.0
383.3 260.0376 14 1.0
383.4 260.1105 14 1.0
383.5 260.1834 14 1.0
383.6 260.2564 14 1.0
383.7 260.3293 14 1.0
383.8 260.4022 14 1.0
383.9 260.4751 14 1.0
384.0 260.548 14 1.0
384.1 260.621 14 1.0
384.2 260.6939 14 1.0
384.3 260.7668 14 1.0
384.4 260.8397 14 1.0
384.5 260.9126 14 1.0
384.6 260.9855 14 1.0
384.7 261.0585 14 1.0
384.8 261.1314 14 1.0
384.9 261.2043 14 1.0
385.0 261.2772 14 1.0
385.1 261.3501 14 1.0
385.2 261.423 14 1.0
385.3 261.496 14 1.0
385.4 261.5689 14 1.0
385.5 261.6418 14 1.0
385.6 261.7147 14 1.0
385.7 261.7876 14 1.0
385.8 261.8606 14 1.0
385.9 261.9335 14 1.0
386.0 262.0064 14 1.0
386.1 262.0793 14 1.0
386.2 262.1522 14 1.0
386.3 262.2251 14 1.0
386.4 262.2981 14 1.0
386.5 262.371 14 1.0
386.6 262.4439 14 1.0
386.7 262.5168 14 1.0
386.8 262.5897 14 1.0
386.9 262.6626 14 1.0
387.0 262.7356 14 1.0
387.1 262.8085 14 1.0
387.2 262.8814 14 1.0
387.3 262.9543 14 1.0
387.4 263.0272 14 1.0
387.5 263.1002 14 1.0
387.6 263.1731 14 1.0
387.7 263.246 14 1.0
387.8 263.3189 14 1.0
387.9 263.3918 14 1.0
388.0 263.4647 14 1.0
388.1 263.5377 14 1.0
388.2 263.6106 14 1.0
388.3 263.6835 14 1.0
388.4 263.7564 14 1.0
388.5 263.8293 14 1.0
388.6 263.9022 14 1.0
388.7 263.9752 14 1.0
388.8 264.0481 14 1.0
388.9 264.121 14 1.0
389.0 264.1939 14 1.0
389.1 264.2668 14 1.0
389.2 264.3398 14 1.0
389.3 264.4127 14 1.0
389.4 264.4856 14 1.0
389.5 264.5585 14 1.0
389.6 264.6314 14 1.0
389.7 264.7043 14 1.0
389.8 264.7773 14 1.0
389.9 264.8502 14 1.0
390.0 264.9231 14 1.0
390.1 264.996 14 1.0
390.2 265.0689 14 1.0
390.3 265.1418 14 1.0
390.4 265.2148 14 1.0
390.5 265.2877 14 1.0
390.6 265.3606 14 1.0
390.7 265.4335 14 1.0
390.8 265.5064 14 1.0
390.9 265.5793 14 1.0
391.0 265.6523 14 1.0
391.1 265.7252 14 1.0
391.2 265.7981 14 1.0
391.3 265.871 14 1.0
391.4 265.9439 14 1.0
391.5 266.0169 14 1.0
391.6 266.0898 14 1.0
391.7 266.1627 14 1.0
391.8 266.2356 14 1.0
391.9 266.3085 14 1.0
392.0 266.3814 14 1.0
392.1 266.4544 14 1.0
392.2 266.5273 14 1.0
392.3 266.6002 14 1.0
392.4 266.6731 14 1.0
392.5 266.746 14 1.0
392.6 266.8189 14 1.0
392.7 266.8919 14 1.0
392.8 266.9648 14 1.0
392.9 267.0377 14 1.0
393.0 267.1106 14 1.0
393.1 267.1835 14 1.0
393.2 267.2565 14 1.0
393.3 267.3294 14 1.0
393.4 267.4023 14 1.0
393.5 267.4752 14 1.0
393.6 267.5481 14 1.0
393.7 267.621 14 1.0
393.8 267.694 14 1.0
393.9 267.7669 14 1.0
394.0 267.8398 14 1.0
394.1 267.9127 14 1.0
394.2 267.9856 14 1.0
394.3 268.0585 14 1.0
394.4 268.1315 14 1.0
394.5 268.2044 14 1.0
394.6 268.2773 14 1.0
394.7 268.3502 14 1.0
394.8 268.4231 14 1.0
394.9 268.4961 14 1.0
395.0 268.569 14 1.0
395.1 268.6419 14 1.0
395.2 268.7148 14 1.0
395.3 268.7877 14 1.0
395.4 268.8606 14 1.0
395.5 268.9336 14 1.0
395.6 269.0065 14 1.0
395.7 269.0794 14 1.0
395.8 269.1523 14 1.0
395.9 269.2252 14 1.0
396.0 269.2981 14 1.0
396.1 269.3711 14 1.0
396.2 269.444 14 1.0
396.3 269.5169 14 1.0
396.4 269.5898 14 1.0
396.5 269.6627 14 1.0
396.6 269.7357 14 1.0
396.7 269.8086 14 1.0
396.8 269.8815 14 1.0
396.9 269.9544 14 1.0
397.0 270.0273 14 1.0
397.1 270.1002 14 1.0
397.2 270.1732 14 1.0
397.3 270.2461 14 1.0
397.4 270.319 14 1.0
397.5 270.3919 14 1.0
397.6 270.4648 14 1.0
397.7 270.5377 14 1.0
397.8 270.6107 14 1.0
397.9 270.6836 14 1.0
398.0 270.7565 14 1.0
398.1 270.8294 14 1.0
398.2 270.9023 14 1.0
398.3 270.9753 14 1.0
398.4 271.0482 14 1.0
398.5 271.1211 14 1.0
398.6 271.194 14 1.0
398.7 271.2669 14 1.0
398.8 271.3398 14 1.0
398.9 271.4128 14 1.0
399.0 271.4857 14 1.0
399.1 271.5586 14 1.0
399.2 271.6315 14 1.0
399.3 271.7044 14 1.0
399.4 271.7773 14 1.0
399.5 271.8503 14 1.0
399.6 271.9233 14 1.0
399.7 271.9964 14 1.0
399.8 272.0695 14 1.0
399.9 272.1425 14 1.0
400.0 272.2156 14 1.0
400.1 272.2886 14 1.0
400.2 272.3617 14 1.0
400.3 272.4348 14 1.0
400.4 272.5078 14 1.0
400.5 272.5809 14 1.0
400.6 272.654 14 1.0
400.7 272.727 14 1.0
400.8 272.8001 14 1.0
400.9 272.8732 14 1.0
401.0 272.9462 14 1.0
401.1 273.0193 14 1.0
401.2 273.0924 14 1.0
401.3 273.1654 14 1.0
401.4 273.2385 14 1.0
401.5 273.3115 14 1.0
401.6 273.3846 14 1.0
401.7 273.4577 14 1.0
401.8 273.5307 14 1.0
401.9 273.6038 14 1.0
402.0 273.6769 14 1.0
402.1 273.7499 14 1.0
402.2 273.823 14 1.0
402.3 273.8961 14 1.0
402.4 273.9691 14 1.0
402.5 274.0422 14 1.0
402.6 274.1153 14 1.0
402.7 274.1883 14 1.0
402.8 274.2614 14 1.0
402.9 274.3344 14 1.0
403.0 274.4075 14 1.0
403.1 274.4806 14 1.0
403.2 274.5536 14 1.0
403.3 274.6267 14 1.0
403.4 274.6998 14 1.0
403.5 274.7728 14 1.0
403.6 274.8459 14 1.0
403.7 274.919 14 1.0
403.8 274.992 14 1.0
403.9 275.0651 14 1.0
404.0 275.1382 14 1.0
404.1 275.2112 14 1.0
404.2 275.2843 14 1.0
404.3 275.3573 14 1.0
404.4 275.4304 14 1.0
404.5 275.5035 14 1.0
404.6 275.5765 14 1.0
404.7 275.6496 14 1.0
404.8 275.7227 14 1.0
404.9 275.7957 14 1.0
405.0 275.8688 14 1.0
405.1 275.9419 14 1.0
405.2 276.0149 14 1.0
405.3 276.088 14 1.0
405.4 276.1611 14 1.0
405.5 276.2341 14 1.0
405.6 276.3072 14 1.0
405.7 276.3802 14 1.0
405.8 276.4533 14 1.0
405.9 276.5264 14 1.0
406.0 276.5994 14 1.0
406.1 276.6725 14 1.0
406.2 276.7456 14 1.0
406.3 276.8186 14 1.0
406.4 276.8917 14 1.0
406.5 276.9648 14 1.0
406.6 277.0378 14 1.0
406.7 277.1109 14 1.0
406.8 277.184 14 1.0
406.9 277.257 14 1.0
407.0 277.3301 14 1.0
407.1 277.4031 14 1.0
407.2 277.4762 14 1.0
407.3 277.5493 14 1.0
407.4 277.6223 14 1.0
407.5 277.6954 14 1.0
407.6 277.7685 14 1.0
407.7 277.8415 14 1.0
407.8 277.9146 14 1.0
407.9 277.9877 14 1.0
408.0 278.0607 14 1.0
408.1 278.1338 14 1.0
408.2 278.2069 14 1.0
408.3 278.2799 14 1.0
408.4 278.353 14 1.0
408.5 278.426 14 1.0
408.6 278.4991 14 1.0
408.7 278.5722 14 1.0
408.8 278.6452 14 1.0
408.9 278.7183 14 1.0
409.0 278.7914 14 1.0
409.1 278.8644 14 1.0
409.2 278.9375 14 1.0
409.3 279.0106 14 1.0
409.4 279.0836 14 1.0
409.5 279.1567 14 1.0
409.6 279.2298 14 1.0
409.7 279.3028 14 1.0
409.8 279.3759 14 1.0
409.9 279.4489 14 1.0
410.0 279.522 14 1.0
410.1 279.5951 14 1.0
410.2 279.6681 14 1.0
410.3 279.7412 14 1.0
410.4 279.8143 14 1.0
410.5 279.8873 14 1.0
410.6 279.9604 14 1.0
410.7 280.0335 14 1.0
410.8 280.1065 14 1.0
410.9 280.1796 14 1.0
411.0 280.2527 14 1.0
411.1 280.3257 14 1.0
411.2 280.3988 14 1.0
411.3 280.4718 14 1.0
411.4 280.5449 14 1.0
411.5 280.618 14 1.0
411.6 280.691 14 1.0
411.7 280.7641 14 1.0
411.8 280.8372 14 1.0
411.9 280.9102 14 1.0
412.0 280.9833 14 1.0
412.1 281.0564 14 1.0
412.2 281.1294 14 1.0
412.3 281.2025 14 1.0
412.4 281.2756 14 1.0
412.5 281.3486 14 1.0
412.6 281.4217 14 1.0
412.7 281.4947 14 1.0
412.8 281.5678 14 1.0
412.9 281.6409 14 1.0
413.0 281.7139 14 1.0
413.1 281.787 14 1.0
413.2 281.8601 14 1.0
413.3 281.9331 14 1.0
413.4 282.0062 14 1.0
413.5 282.0793 14 1.0
413.6 282.1523 14 1.0
413.7 282.2254 14 1.0
413.8 282.2985 14 1.0
413.9 282.3715 14 1.0
414.0 282.4446 14 1.0
414.1 282.5176 14 1.0
414.2 282.5907 14 1.0
414.3 282.6638 14 1.0
414.4 282.7368 14 1.0
414.5 282.8099 14 1.0
414.6 282.883 14 1.0
414.7 282.956 14 1.0
414.8 283.0291 14 1.0
414.9 283.1022 14 1.0
415.0 283.1752 14 1.0
415.1 283.2483 14 1.0
415.2 283.3213 14 1.0
415.3 283.3944 14 1.0
415.4 283.4675 14 1.0
415.5 283.5405 14 1.0
415.6 283.6136 14 1.0
415.7 283.6867 14 1.0
415.8 283.7597 14 1.0
415.9 283.8328 14 1.0
416.0 283.9059 14 1.0
416.1 283.9789 14 1.0
416.2 284.052 14 1.0
416.3 284.1251 14 1.0
416.4 284.1981 14 1.0
416.5 284.2712 14 1.0
416.6 284.3442 14 1.0
416.7 284.4173 14 1.0
416.8 284.4904 14 1.0
416.9 284.5634 14 1.0
417.0 284.6365 14 1.0
417.1 284.7096 14 1.0
417.2 284.7826 14 1.0
417.3 284.8557 14 1.0
417.4 284.9288 14 1.0
417.5 285.0018 14 1.0
417.6 285.0749 14 1.0
417.7 285.148 14 1.0
417.8 285.221 14 1.0
417.9 285.2941 14 1.0
418.0 285.3671 14 1.0
418.1 285.4402 14 1.0
418.2 285.5133 14 1.0
418.3 285.5863 14 1.0
418.4 285.6594 14 1.0
418.5 285.7325 14 1.0
418.6 285.8055 14 1.0
418.7 285.8786 14 1.0
418.8 285.9517 14 1.0
418.9 286.0247 14 1.0
419.0 286.0978 14 1.0
419.1 286.1709 14 1.0
419.2 286.2439 14 1.0
419.3 286.317 14 1.0
419.4 286.39 14 1.0
419.5 286.4631 14 1.0
419.6 286.5362 14 1.0
419.7 286.6092 14 1.0
419.8 286.6823 14 1.0
419.9 286.7554 14 1.0
420.0 286.8284 14 1.0
420.1 286.9015 14 1.0
420.2 286.9746 14 1.0
420.3 287.0476 14 1.0
420.4 287.1207 14 1.0
420.5 287.1938 14 1.0
420.6 287.2668 14 1.0
420.7 287.3399 14 1.0
420.8 287.4129 14 1.0
420.9 287.486 14 1.0
421.0 287.5591 14 1.0
421.1 287.6321 14 1.0
421.2 287.7052 14 1.0
421.3 287.7783 14 1.0
421.4 287.8513 14 1.0
421.5 287.9244 14 1.0
421.6 287.9975 14 1.0
421.7 288.0705 14 1.0
421.8 288.1436 14 1.0
421.9 288.2167 14 1.0
422.0 288.2897 14 1.0
422.1 288.3628 14 1.0
422.2 288.4358 14 1.0
422.3 288.5089 14 1.0
422.4 288.582 14 1.0
422.5 288.655 14 1.0
422.6 288.7281 14 1.0
422.7 288.8012 14 1.0
422.8 288.8742 14 1.0
422.9 288.9473 14 1.0
423.0 289.0204 14 1.0
423.1 289.0934 14 1.0
423.2 289.1665 14 1.0
423.3 289.2396 14 1.0
423.4 289.3126 14 1.0
423.5 289.3857 14 1.0
423.6 289.4587 14 1.0
423.7 289.5318 14 1.0
423.8 289.6049 14 1.0
423.9 289.6779 14 1.0
424.0 289.751 14 1.0
424.1 289.8241 14 1.0
424.2 289.8971 14 1.0
424.3 289.9702 14 1.0
424.4 290.0433 14 1.0
424.5 290.1163 14 1.0
424.6 290.1894 14 1.0
424.7 290.2625 14 1.0
424.8 290.3355 14 1.0
424.9 290.4086 14 1.0
425.0 290.4816 14 1.0
425.1 290.5547 14 1.0
425.2 290.6278 14 1.0
425.3 290.7008 14 1.0
425.4 290.7739 14 1.0
425.5 290.847 14 1.0
425.6 290.92 14 1.0
425.7 290.9931 14 1.0
425.8 291.0662 14 1.0
425.9 291.1392 14 1.0
426.0 291.2123 14 1.0
426.1 291.2854 14 1.0
426.2 291.3584 14 1.0
426.3 291.4315 14 1.0
426.4 291.5045 14 1.0
426.5 291.5776 14 1.0
426.6 291.6507 14 1.0
426.7 291.7237 14 1.0
426.8 291.7968 14 1.0
426.9 291.8699 14 1.0
427.0 291.9429 14 1.0
427.1 292.016 14 1.0
427.2 292.0891 14 1.0
427.3 292.1621 14 1.0
427.4 292.2352 14 1.0
427.5 292.3083 14 1.0
427.6 292.3813 14 1.0
427.7 292.4544 14 1.0
427.8 292.5274 14 1.0
427.9 292.6005 14 1.0
428.0 292.6736 14 1.0
428.1 292.7466 14 1.0
428.2 292.8197 14 1.0
428.3 292.8928 14 1.0
428.4 292.9658 14 1.0
428.5 293.0389 14 1.0
428.6 293.112 14 1.0
428.7 293.185 14 1.0
428.8 293.2581 14 1.0
428.9 293.3312 14 1.0
429.0 293.4042 14 1.0
429.1 293.4773 14 1.0
429.2 293.5503 14 1.0
429.3 293.6234 14 1.0
429.4 293.6965 14 1.0
429.5 293.7695 14 1.0
429.6 293.8426 14 1.0
429.7 293.9157 14 1.0
429.8 293.9887 14 1.0
429.9 294.0618 14 1.0
430.0 294.1349 14 1.0
430.1 294.2079 14 1.0
430.2 294.281 14 1.0
430.3 294.3541 14 1.0
430.4 294.4271 14 1.0
430.5 294.5002 14 1.0
430.6 294.5732 14 1.0
430.7 294.6463 14 1.0
430.8 294.7194 14 1.0
430.9 294.7924 14 1.0
431.0 294.8655 14 1.0
431.1 294.9386 14 1.0
431.2 295.0116 14 1.0
431.3 295.0847 14 1.0
431.4 295.1578 14 1.0
431.5 295.2308 14 1.0
431.6 295.3039 14 1.0
431.7 295.377 14 1.0
431.8 295.45 14 1.0
431.9 295.5231 14 1.0
432.0 295.5961 14 1.0
432.1 295.6692 14 1.0
432.2 295.7423 14 1.0
432.3 295.8153 14 1.0
432.4 295.8884 14 1.0
432.5 295.9615 14 1.0
432.6 296.0345 14 1.0
432.7 296.1076 14 1.0
432.8 296.1807 14 1.0
432.9 296.2537 14 1.0
433.0 296.3268 14 1.0
433.1 296.3999 14 1.0
433.2 296.4729 14 1.0
433.3 296.546 14 1.0
433.4 296.619 14 1.0
433.5 296.6921 14 1.0
433.6 296.7652 14 1.0
433.7 296.8382 14 1.0
433.8 296.9113 14 1.0
433.9 296.9844 14 1.0
434.0 297.0574 14 1.0
434.1 297.1305 14 1.0
434.2 297.2036 14 1.0
434.3 297.2766 14 1.0
434.4 297.3497 14 1.0
434.5 297.4228 14 1.0
434.6 297.4958 14 1.0
434.7 297.5689 14 1.0
434.8 297.6419 14 1.0
434.9 297.715 14 1.0
435.0 297.7881 14 1.0
435.1 297.8611 14 1.0
435.2 297.9342 14 1.0
435.3 298.0073 14 1.0
435.4 298.0803 14 1.0
435.5 298.1534 14 1.0
435.6 298.2265 14 1.0
435.7 298.2995 14 1.0
435.8 298.3726 14 1.0
435.9 298.4457 14 1.0
436.0 298.5187 14 1.0
436.1 298.5918 14 1.0
436.2 298.6648 14 1.0
436.3 298.7379 14 1.0
436.4 298.811 14 1.0
436.5 298.884 14 1.0
436.6 298.9571 14 1.0
436.7 299.0302 14 1.0
436.8 299.1032 14 1.0
436.9 299.1763 14 1.0
437.0 299.2494 14 1.0
437.1 299.3224 14 1.0
437.2 299.3955 14 1.0
437.3 299.4686 14 1.0
437.4 299.5416 14 1.0
437.5 299.6147 14 1.0
437.6 299.6877 14 1.0
437.7 299.7608 14 1.0
437.8 299.8339 14 1.0
437.9 299.9069 14 1.0
437.9 299.98 14 1.0
438.0 300.0531 14 1.0
438.1 300.1261 14 1.0
438.2 300.1992 14 1.0
438.3 300.2723 14 1.0
438.4 300.3453 14 1.0
438.5 300.4184 14 1.0
438.6 300.4915 14 1.0
438.7 300.5645 14 1.0
438.8 300.6376 14 1.0
438.9 300.7106 14 1.0
439.0 300.7837 14 1.0
439.1 300.8568 14 1.0
439.2 300.9298 14 1.0
439.3 301.0029 14 1.0
439.4 301.076 14 1.0
439.5 301.149 14 1.0
439.6 301.2221 14 1.0
439.7 301.2952 14 1.0
439.8 301.3682 14 1.0
439.9 301.4413 14 1.0
440.0 301.5144 14 1.0
440.1 301.5874 14 1.0
440.2 301.6605 14 1.0
440.3 301.7335 14 1.0
440.4 301.8066 14 1.0
440.5 301.8797 14 1.0
440.6 301.9527 14 1.0
440.7 302.0258 14 1.0
440.8 302.0989 14 1.0
440.9 302.1719 14 1.0
441.0 302.245 14 1.0
441.1 302.3181 14 1.0
441.2 302.3911 14 1.0
441.3 302.4642 14 1.0
441.4 302.5373 14 1.0
441.5 302.6103 14 1.0
441.6 302.6834 14 1.0
441.7 302.7564 14 1.0
441.8 302.8295 14 1.0
441.9 302.9026 14 1.0
442.0 302.9756 14 1.0
442.1 303.0487 14 1.0
442.2 303.1218 14 1.0
442.3 303.1948 14 1.0
442.4 303.2679 14 1.0
442.5 303.341 14 1.0
442.6 303.414 14 1.0
442.7 303.4871 14 1.0
442.8 303.5601 14 1.0
442.9 303.6332 14 1.0
443.0 303.7063 14 1.0
443.1 303.7793 14 1.0
443.2 303.8524 14 1.0
443.3 303.9255 14 1.0
443.4 303.9985 14 1.0
443.5 304.0716 14 1.0
443.6 304.1447 14 1.0
443.7 304.2177 14 1.0
443.8 304.2908 14 1.0
443.9 304.3639 14 1.0
444.0 304.4369 14 1.0
444.1 304.51 14 1.0
444.2 304.583 14 1.0
444.3 304.6561 14 1.0
444.4 304.7292 14 1.0
444.5 304.8022 14 1.0
444.6 304.8753 14 1.0
444.7 304.9484 14 1.0
444.8 305.0214 14 1.0
444.9 305.0945 14 1.0
445.0 305.1676 14 1.0
445.1 305.2406 14 1.0
445.2 305.3137 14 1.0
445.3 305.3868 14 1.0
445.4 305.4598 14 1.0
445.5 305.5329 14 1.0
445.6 305.6059 14 1.0
445.7 305.679 14 1.0
445.8 305.7521 14 1.0
445.9 305.8251 14 1.0
446.0 305.8982 14 1.0
446.1 305.9713 14 1.0
446.2 306.0443 14 1.0
446.3 306.1174 14 1.0
446.4 306.1905 14 1.0
446.5 306.2635 14 1.0
446.6 306.3366 14 1.0
446.7 306.4097 14 1.0
446.8 306.4827 14 1.0
446.9 306.5558 14 1.0
447.0 306.6288 14 1.0
447.1 306.7019 14 1.0
447.2 306.775 14 1.0
447.3 306.848 14 1.0
447.4 306.9211 14 1.0
447.5 306.9942 14 1.0
447.6 307.0672 14 1.0
447.7 307.1403 14 1.0
447.8 307.2134 14 1.0
447.9 307.2864 14 1.0
448.0 307.3595 14 1.0
448.1 307.4326 14 1.0
448.2 307.5056 14 1.0
448.3 307.5787 14 1.0
448.4 307.6517 14 1.0
448.5 307.7248 14 1.0
448.6 307.7979 14 1.0
448.7 307.8709 14 1.0
448.8 307.944 14 1.0
448.9 308.0171 14 1.0
449.0 308.0901 14 1.0
449.1 308.1632 14 1.0
449.2 308.2363 14 1.0
449.3 308.3093 14 1.0
449.4 308.3824 14 1.0
