15.0 1.355862 13 0.028366204948997553
15.1 1.363754 13 0.02884445279847858
15.2 1.371638 13 0.02931178548368718
15.3 1.379515 13 0.029779685249908816
15.4 1.387384 13 0.030237854470460235
15.5 1.395245 13 0.030689127298613395
15.6 1.403099 13 0.03113373618768489
15.7 1.410945 13 0.031573754316724156
15.8 1.418783 13 0.032006609134829334
15.9 1.426614 13 0.032435691956138935
16.0 1.434437 13 0.03285850788302447
16.1 1.442293 13 0.033274809518384685
16.2 1.450142 13 0.03368913529991435
16.3 1.457983 13 0.034096650304984544
16.4 1.465816 13 0.03449987087234596
16.5 1.473642 13 0.03489719833154925
16.6 1.48146 13 0.035289038032030096
16.7 1.489271 13 0.03567444006375298
16.8 1.497074 13 0.03605808058283089
16.9 1.50487 13 0.03643481157918116
17.0 1.512658 13 0.036807577404617375
17.1 1.520439 13 0.03717630640409364
17.2 1.528213 13 0.037538118695754186
17.3 1.535979 13 0.037898069045553484
17.4 1.543738 13 0.03825018908473199
17.5 1.55149 13 0.038601569390108836
17.6 1.559234 13 0.03894548970030487
17.7 1.566971 13 0.03928996527004047
17.8 1.574701 13 0.03962771465377757
17.9 1.582423 13 0.03996223601792048
18.0 1.590139 13 0.040290990486849365
18.1 1.599069 13 0.040707335920168175
18.2 1.60799 13 0.041118327016146705
18.3 1.616901 13 0.04152376045071582
18.4 1.625803 13 0.0419265620717435
18.5 1.634695 13 0.04232376942574212
18.6 1.643577 13 0.042714931748808915
18.7 1.65245 13 0.04310080512372105
18.8 1.661314 13 0.04348703426292655
18.9 1.670168 13 0.04386709030523339
19.0 1.679013 13 0.04423918523747106
19.1 1.687848 13 0.044612809239983564
19.2 1.696674 13 0.044976083020295765
19.3 1.705491 13 0.045342220152248536
19.4 1.714298 13 0.04570082567253975
19.5 1.723097 13 0.04605397759563523
19.6 1.731886 13 0.04640483529913586
19.7 1.740666 13 0.046754425783023024
19.8 1.749436 13 0.04709877601313672
19.9 1.758198 13 0.04743773866381662
20.0 1.76695 13 0.047775242441528754
20.1 1.776086 13 0.048135125766158415
20.2 1.785212 13 0.048489092828547964
20.3 1.794329 13 0.04883824615002297
20.4 1.803435 13 0.04919267791631454
20.5 1.812532 13 0.049532815083036974
20.6 1.821619 13 0.0498752551599001
20.7 1.830696 13 0.05021177040054858
20.8 1.839764 13 0.050549101493951865
20.9 1.848822 13 0.050878100225174694
21.0 1.85787 13 0.05120630344783128
21.1 1.866909 13 0.051531808122145306
21.2 1.875938 13 0.05185394442426605
21.3 1.884957 13 0.0521671572404907
21.4 1.893967 13 0.05248561775359817
21.5 1.902968 13 0.05279943732340564
21.6 1.911959 13 0.05310710091787074
21.7 1.920941 13 0.0534126456316657
21.8 1.929913 13 0.05371608645553261
21.9 1.938876 13 0.05401446818909528
22.0 1.94783 13 0.05431093896567574
22.1 1.957838 13 0.05466991510778019
22.2 1.967833 13 0.05502960742744356
22.3 1.977818 13 0.05538347988750758
22.4 1.987791 13 0.05573448775853729
22.5 1.997752 13 0.05608312689237549
22.6 22.04395 14 1.0
22.7 22.143 14 1.0
22.8 22.24204 14 1.0
22.9 22.34109 14 1.0
23.0 22.44014 14 1.0
23.1 22.53918 14 1.0
23.2 22.63823 14 1.0
23.3 22.73727 14 1.0
23.4 22.83632 14 1.0
23.5 22.93537 14 1.0
23.6 23.03441 14 1.0
23.7 23.13346 14 1.0
23.8 23.23251 14 1.0
23.9 23.33155 14 1.0
24.0 23.4306 14 1.0
24.1 23.5292 14 1.0
24.2 23.62781 14 1.0
24.3 23.72641 14 1.0
24.4 23.82502 14 1.0
24.5 23.92362 14 1.0
24.6 24.02223 14 1.0
24.7 24.12084 14 1.0
24.8 5.865189 14 0.2229173166926678
24.9 6.083855 14 0.23121032780350192
25.0 6.304829 14 0.23953258070905126
25.1 6.528109 14 0.24788053150975042
25.2 6.753696 14 0.25625504158437873
25.3 6.98159 14 0.26465878820521693
25.4 7.211791 14 0.2730918774966711
25.5 7.444298 14 0.2815469782075736
25.6 7.679113 14 0.2900293530809116
25.7 7.916235 14 0.2985387466450816
25.8 8.155663 14 0.30707332900713824
25.9 8.397398 14 0.31563206398887156
26.0 8.64144 14 0.3242169526909632
26.1 8.89568 14 0.3331396266206902
26.2 9.152309 14 0.3420887106738103
26.3 9.411329 14 0.3510597809488458
26.4 9.672739 14 0.3600586361120668
26.5 9.93654 14 0.3690784386242141
26.6 10.20273 14 0.3781250820539175
26.7 10.47131 14 0.38719379538571674
26.8 10.74228 14 0.39628643694671273
26.9 11.01564 14 0.4054037179254102
27.0 11.2914 14 0.4145422585321683
27.1 11.56954 14 0.42370108535562956
27.2 11.85007 14 0.4328861946717326
27.3 12.13299 14 0.4420907575294627
27.4 12.4183 14 0.4513175736542163
27.5 12.70601 14 0.46056879760506264
27.6 12.9961 14 0.46983570816787357
27.7 13.28858 14 0.47912821314979925
27.8 13.58346 14 0.4884409155201235
27.9 13.88072 14 0.49777325060625266
28.0 14.18038 14 0.5071262641258973
28.1 14.48092 14 0.5164403177426404
28.2 14.78385 14 0.5257737138263665
28.3 15.08915 14 0.5351300191859668
28.4 15.39684 14 0.5445012391885073
28.5 15.70691 14 0.5538934152531054
28.6 16.01935 14 0.5633039877793857
28.7 16.33418 14 0.5727340897036499
28.8 16.65139 14 0.5821815712869819
28.9 16.97098 14 0.5916483247737834
29.0 17.29295 14 0.6011339666114982
29.1 17.6173 14 0.6106384587559446
29.2 17.94403 14 0.6201596275357499
29.3 18.27314 14 0.629697233437291
29.4 18.60463 14 0.6392544503848188
29.5 18.9385 14 0.6488262955413326
29.6 19.27475 14 0.6584170184563516
29.7 19.61338 14 0.6680240578270706
29.8 19.9544 14 0.6776487790147885
29.9 20.29779 14 0.6872901511925351
30.0 20.64356 14 0.6969463711371948
30.1 21.00681 14 0.7071611513229563
30.2 21.37255 14 0.717393644162388
30.3 21.74078 14 0.7276408261933307
30.4 22.11151 14 0.7379061126585387
30.5 22.48472 14 0.7481878192327415
30.6 22.86043 14 0.7584839392001574
30.7 23.23862 14 0.7687976871824452
30.8 23.61931 14 0.779125859640401
30.9 24.00248 14 0.7894699545706736
31.0 24.38815 14 0.7998294326375546
31.1 24.77631 14 0.8102046354554043
31.2 25.16696 14 0.8205948806373934
31.3 25.56011 14 0.8309995495019493
31.4 25.95574 14 0.8414193902740253
31.5 26.35386 14 0.8518536785405537
31.6 26.75448 14 0.8623028216425351
31.7 27.15758 14 0.8727662317455378
31.8 27.56318 14 0.8832437077526866
31.9 27.97127 14 0.8937357647432718
32.0 28.38185 14 0.9042412097915457
32.1 28.79491 14 0.914760706118487
32.2 29.21048 14 0.9252940463198739
32.3 29.62853 14 0.9358411426580735
32.4 30.04907 14 0.9464015094034215
32.5 30.4721 14 0.9569753132392108
32.6 30.89763 14 0.9675620547992497
32.7 31.32564 14 0.9781619643401742
32.8 31.75615 14 0.9887748898370732
32.9 32.18915 14 0.9994006602715834
33.0 32.30633 14 1.0
33.1 32.40457 14 1.0
33.2 32.50281 14 1.0
33.3 32.60106 14 1.0
33.4 32.6993 14 1.0
33.5 32.79754 14 1.0
33.6 32.89578 14 1.0
33.7 32.99402 14 1.0
33.8 33.09226 14 1.0
33.9 33.1905 14 1.0
34.0 33.28874 14 1.0
34.1 33.38698 14 1.0
34.2 33.48522 14 1.0
34.3 33.58346 14 1.0
34.4 33.6817 14 1.0
34.5 33.77994 14 1.0
34.6 33.87818 14 1.0
34.7 33.97642 14 1.0
34.8 34.07466 14 1.0
34.9 34.1729 14 1.0
35.0 34.27114 14 1.0
35.1 34.36972 14 1.0
35.2 34.4683 14 1.0
35.3 34.56688 14 1.0
35.4 34.66546 14 1.0
35.5 34.76403 14 1.0
35.6 34.86261 14 1.0
35.7 34.96119 14 1.0
35.8 35.05977 14 1.0
35.9 35.15835 14 1.0
36.0 35.25692 14 1.0
36.1 35.3555 14 1.0
36.2 35.45408 14 1.0
36.3 35.55266 14 1.0
36.4 35.65124 14 1.0
36.5 35.74981 14 1.0
36.6 35.84839 14 1.0
36.7 35.94697 14 1.0
36.8 36.04555 14 1.0
36.9 36.14412 14 1.0
37.0 36.2427 14 1.0
37.1 36.34128 14 1.0
37.2 36.43986 14 1.0
37.3 36.53844 14 1.0
37.4 36.63701 14 1.0
37.5 36.73559 14 1.0
37.6 36.83417 14 1.0
37.7 36.93275 14 1.0
37.8 37.03133 14 1.0
37.9 37.1299 14 1.0
38.0 37.22848 14 1.0
38.1 37.32706 14 1.0
38.2 37.42564 14 1.0
38.3 37.52421 14 1.0
38.4 37.62279 14 1.0
38.5 37.72137 14 1.0
38.6 37.81995 14 1.0
38.7 37.91853 14 1.0
38.8 38.0171 14 1.0
38.9 38.11568 14 1.0
39.0 38.21426 14 1.0
39.1 38.31284 14 1.0
39.2 38.41142 14 1.0
39.3 38.50999 14 1.0
39.4 38.60857 14 1.0
39.5 38.70715 14 1.0
39.6 38.80573 14 1.0
39.7 38.9043 14 1.0
39.8 39.00288 14 1.0
39.9 39.10146 14 1.0
40.0 39.20004 14 1.0
40.1 39.2959 14 1.0
40.2 39.39177 14 1.0
40.3 39.48763 14 1.0
40.4 39.58349 14 1.0
40.5 39.67936 14 1.0
40.6 39.77522 14 1.0
40.7 39.87108 14 1.0
40.8 39.96695 14 1.0
40.9 40.06281 14 1.0
41.0 40.15867 14 1.0
41.1 40.25454 14 1.0
41.2 40.3504 14 1.0
41.3 40.44627 14 1.0
41.4 40.54213 14 1.0
41.5 40.63799 14 1.0
41.6 40.73386 14 1.0
41.7 40.82972 14 1.0
41.8 40.92558 14 1.0
41.9 41.02145 14 1.0
42.0 41.11731 14 1.0
42.1 41.21317 14 1.0
42.2 41.30904 14 1.0
42.3 41.4049 14 1.0
42.4 41.50076 14 1.0
42.5 41.59663 14 1.0
42.6 41.69249 14 1.0
42.7 41.78836 14 1.0
42.8 41.88422 14 1.0
42.9 41.98008 14 1.0
43.0 42.07595 14 1.0
43.1 42.17181 14 1.0
43.2 42.26767 14 1.0
43.3 42.36354 14 1.0
43.4 42.4594 14 1.0
43.5 42.55526 14 1.0
43.6 42.65113 14 1.0
43.7 42.74699 14 1.0
43.8 42.84285 14 1.0
43.9 42.93872 14 1.0
44.0 43.03458 14 1.0
44.1 43.13045 14 1.0
44.2 43.22631 14 1.0
44.3 43.32217 14 1.0
44.4 43.41804 14 1.0
44.5 43.5139 14 1.0
44.6 43.60976 14 1.0
44.7 43.70563 14 1.0
44.8 43.80149 14 1.0
44.9 43.89735 14 1.0
45.0 43.99322 14 1.0
45.1 44.08908 14 1.0
45.2 44.18494 14 1.0
45.3 44.28081 14 1.0
45.4 44.37667 14 1.0
45.5 44.47254 14 1.0
45.6 44.5684 14 1.0
45.7 44.66426 14 1.0
45.8 44.76013 14 1.0
45.9 44.85599 14 1.0
46.0 44.95185 14 1.0
46.1 45.04772 14 1.0
46.2 45.14358 14 1.0
46.3 45.23944 14 1.0
46.4 45.33531 14 1.0
46.5 45.43117 14 1.0
46.6 45.52704 14 1.0
46.7 45.6229 14 1.0
46.8 45.71876 14 1.0
46.9 45.81463 14 1.0
47.0 45.91049 14 1.0
47.1 46.00635 14 1.0
47.2 46.10222 14 1.0
47.3 46.19808 14 1.0
47.4 46.29394 14 1.0
47.5 46.38981 14 1.0
47.6 46.48567 14 1.0
47.7 46.58153 14 1.0
47.8 46.6774 14 1.0
47.9 46.77326 14 1.0
48.0 46.86913 14 1.0
48.1 46.96499 14 1.0
48.2 47.06085 14 1.0
48.3 47.15672 14 1.0
48.4 47.25258 14 1.0
48.5 47.34844 14 1.0
48.6 47.44431 14 1.0
48.7 47.54017 14 1.0
48.8 47.63603 14 1.0
48.9 47.7319 14 1.0
49.0 47.82776 14 1.0
49.1 47.92362 14 1.0
49.2 48.01949 14 1.0
49.3 48.11535 14 1.0
49.4 48.21122 14 1.0
49.5 48.30708 14 1.0
49.6 48.40294 14 1.0
49.7 48.49881 14 1.0
49.8 48.59467 14 1.0
49.9 48.69053 14 1.0
50.0 48.7864 14 1.0
50.1 48.87799 14 1.0
50.2 48.96959 14 1.0
50.3 49.06118 14 1.0
50.4 49.15278 14 1.0
50.5 49.24438 14 1.0
50.6 49.33597 14 1.0
50.7 49.42757 14 1.0
50.8 49.51916 14 1.0
50.9 49.61076 14 1.0
51.0 49.70235 14 1.0
51.1 49.79395 14 1.0
51.2 49.88555 14 1.0
51.3 49.97714 14 1.0
51.4 50.06874 14 1.0
51.5 50.16033 14 1.0
51.6 50.25193 14 1.0
51.7 50.34353 14 1.0
51.8 50.43512 14 1.0
51.9 50.52672 14 1.0
52.0 50.61831 14 1.0
52.1 50.70991 14 1.0
52.2 50.8015 14 1.0
52.3 50.8931 14 1.0
52.4 50.9847 14 1.0
52.5 51.07629 14 1.0
52.6 51.16789 14 1.0
52.7 51.25948 14 1.0
52.8 51.35108 14 1.0
52.9 51.44267 14 1.0
53.0 51.53427 14 1.0
53.1 51.62587 14 1.0
53.2 51.71746 14 1.0
53.3 51.80906 14 1.0
53.4 51.90065 14 1.0
53.5 51.99225 14 1.0
53.6 52.08385 14 1.0
53.7 52.17544 14 1.0
53.8 52.26704 14 1.0
53.9 52.35863 14 1.0
54.0 52.45023 14 1.0
54.1 52.54182 14 1.0
54.2 52.63342 14 1.0
54.3 52.72502 14 1.0
54.4 52.81661 14 1.0
54.5 52.90821 14 1.0
54.6 52.9998 14 1.0
54.7 53.0914 14 1.0
54.8 53.183 14 1.0
54.9 53.27459 14 1.0
55.0 53.36619 14 1.0
55.1 53.45778 14 1.0
55.2 53.54938 14 1.0
55.3 53.64097 14 1.0
55.4 53.73257 14 1.0
55.5 53.82417 14 1.0
55.6 53.91576 14 1.0
55.7 54.00736 14 1.0
55.8 54.09895 14 1.0
55.9 54.19055 14 1.0
56.0 54.28214 14 1.0
56.1 54.37374 14 1.0
56.2 54.46534 14 1.0
56.3 54.55693 14 1.0
56.4 54.64853 14 1.0
56.5 54.74012 14 1.0
56.6 54.83172 14 1.0
56.7 54.92332 14 1.0
56.8 55.01491 14 1.0
56.9 55.10651 14 1.0
57.0 55.1981 14 1.0
57.1 55.2897 14 1.0
57.2 55.38129 14 1.0
57.3 55.47289 14 1.0
57.4 55.56449 14 1.0
57.5 55.65608 14 1.0
57.6 55.74768 14 1.0
57.7 55.83927 14 1.0
57.8 55.93087 14 1.0
57.9 56.02246 14 1.0
58.0 56.11406 14 1.0
58.1 56.20566 14 1.0
58.2 56.29725 14 1.0
58.3 56.38885 14 1.0
58.4 56.48044 14 1.0
58.5 56.57204 14 1.0
58.6 56.66364 14 1.0
58.7 56.75523 14 1.0
58.8 56.84683 14 1.0
58.9 56.93842 14 1.0
59.0 57.03002 14 1.0
59.1 57.12161 14 1.0
59.2 57.21321 14 1.0
59.3 57.30481 14 1.0
59.4 57.3964 14 1.0
59.5 57.488 14 1.0
59.6 57.57959 14 1.0
59.7 57.67119 14 1.0
59.8 57.76278 14 1.0
59.9 57.85438 14 1.0
60.0 57.94598 14 1.0
60.1 58.03946 14 1.0
60.2 58.13294 14 1.0
60.3 58.22643 14 1.0
60.4 58.31991 14 1.0
60.5 58.41339 14 1.0
60.6 58.50688 14 1.0
60.7 58.60036 14 1.0
60.8 58.69384 14 1.0
60.9 58.78733 14 1.0
61.0 58.88081 14 1.0
61.1 58.97429 14 1.0
61.2 59.06778 14 1.0
61.3 59.16126 14 1.0
61.4 59.25474 14 1.0
61.5 59.34823 14 1.0
61.6 59.44171 14 1.0
61.7 59.53519 14 1.0
61.8 59.62868 14 1.0
61.9 59.72216 14 1.0
62.0 59.81564 14 1.0
62.1 59.90913 14 1.0
62.2 60.00261 14 1.0
62.3 60.05808 14 1.0
62.4 59.7433 14 1.0
62.5 59.42746 14 1.0
62.6 59.11057 14 1.0
62.7 58.79262 14 1.0
62.8 58.47361 14 1.0
62.9 58.15355 14 1.0
63.0 57.83243 14 1.0
63.1 57.51025 14 1.0
63.2 57.18702 14 1.0
63.3 56.86273 14 1.0
63.4 56.53739 14 1.0
63.5 56.21099 14 1.0
63.6 55.88353 14 1.0
63.7 55.55502 14 1.0
63.8 55.22545 14 1.0
63.9 54.89483 14 1.0
64.0 54.56315 14 1.0
64.1 54.23041 14 1.0
64.2 53.89662 14 1.0
64.3 53.56177 14 1.0
64.4 53.22586 14 1.0
64.5 52.8889 14 1.0
64.6 52.55088 14 1.0
64.7 52.21181 14 1.0
64.8 51.87168 14 1.0
64.9 51.53049 14 1.0
65.0 51.18825 14 1.0
65.1 50.84495 14 1.0
65.2 50.5006 14 1.0
65.3 50.15519 14 1.0
65.4 49.80872 14 1.0
65.5 49.4612 14 1.0
65.6 49.11262 14 1.0
65.7 48.76299 14 1.0
65.8 48.41229 14 1.0
65.9 48.06055 14 1.0
66.0 47.70774 14 1.0
66.1 47.35388 14 1.0
66.2 46.99897 14 1.0
66.3 46.643 14 1.0
66.4 46.28597 14 1.0
66.5 45.92788 14 1.0
66.6 45.56874 14 1.0
66.7 45.20855 14 1.0
66.8 44.84729 14 1.0
66.9 44.48499 14 1.0
67.0 44.12162 14 1.0
67.1 43.7572 14 1.0
67.2 43.39172 14 1.0
67.3 43.02519 14 1.0
67.4 42.6576 14 1.0
67.5 42.28895 14 1.0
67.6 41.91925 14 1.0
67.7 41.54849 14 1.0
67.8 41.17668 14 1.0
67.9 40.80381 14 1.0
68.0 40.42988 14 1.0
68.1 40.0549 14 1.0
68.2 39.67886 14 1.0
68.3 39.30177 14 1.0
68.4 38.92362 14 1.0
68.5 38.54441 14 1.0
68.6 38.16415 14 1.0
68.7 37.78283 14 1.0
68.8 37.40045 14 1.0
68.9 37.01702 14 1.0
69.0 36.63253 14 1.0
69.1 36.24699 14 1.0
69.2 35.86039 14 1.0
69.3 35.47273 14 1.0
69.4 35.08402 14 1.0
69.5 34.69425 14 1.0
69.6 34.30343 14 1.0
69.7 33.91155 14 1.0
69.8 33.51861 14 1.0
69.9 33.12462 14 1.0
70.0 32.72957 14 1.0
70.1 32.33206 14 1.0
70.2 31.93372 14 1.0
70.3 31.53454 14 1.0
70.4 31.13453 14 1.0
70.5 31.14928 14 1.0
70.6 31.19891 14 1.0
70.7 31.24854 14 1.0
70.8 31.29817 14 1.0
70.9 31.3478 14 1.0
71.0 31.39744 14 1.0
71.1 31.44707 14 1.0
71.2 31.4967 14 1.0
71.3 31.54633 14 1.0
71.4 31.59596 14 1.0
71.5 31.64559 14 1.0
71.6 31.69522 14 1.0
71.7 31.74485 14 1.0
71.8 31.79449 14 1.0
71.9 31.84412 14 1.0
72.0 31.89375 14 1.0
72.1 31.94338 14 1.0
72.2 31.99301 14 1.0
72.3 32.04264 14 1.0
72.4 32.09227 14 1.0
72.5 32.1419 14 1.0
72.6 32.19154 14 1.0
72.7 32.24117 14 1.0
72.8 32.2908 14 1.0
72.9 32.34043 14 1.0
73.0 32.39006 14 1.0
73.1 32.43969 14 1.0
73.2 32.48932 14 1.0
73.3 32.53895 14 1.0
73.4 32.58859 14 1.0
73.5 32.63822 14 1.0
73.6 32.68785 14 1.0
73.7 32.73748 14 1.0
73.8 32.78711 14 1.0
73.9 32.83674 14 1.0
74.0 32.88637 14 1.0
74.1 32.936 14 1.0
74.2 32.98564 14 1.0
74.3 33.03527 14 1.0
74.4 33.0849 14 1.0
74.5 33.13453 14 1.0
74.6 33.18416 14 1.0
74.7 33.23379 14 1.0
74.8 33.28342 14 1.0
74.9 33.33305 14 1.0
75.0 33.38269 14 1.0
75.1 33.43232 14 1.0
75.2 33.48195 14 1.0
75.3 33.53158 14 1.0
75.4 33.58121 14 1.0
75.5 33.63084 14 1.0
75.6 33.68047 14 1.0
75.7 33.73011 14 1.0
75.8 33.77974 14 1.0
75.9 33.82937 14 1.0
76.0 33.879 14 1.0
76.1 33.92863 14 1.0
76.2 33.97826 14 1.0
76.3 34.02789 14 1.0
76.4 34.07752 14 1.0
76.5 34.12716 14 1.0
76.6 34.17679 14 1.0
76.7 34.22642 14 1.0
76.8 34.27605 14 1.0
76.9 34.32568 14 1.0
77.0 34.37531 14 1.0
77.1 34.42494 14 1.0
77.2 34.47457 14 1.0
77.3 34.52421 14 1.0
77.4 34.57384 14 1.0
77.5 34.62347 14 1.0
77.6 34.6731 14 1.0
77.7 34.72273 14 1.0
77.8 34.77236 14 1.0
77.9 34.82199 14 1.0
78.0 34.87162 14 1.0
78.1 34.92126 14 1.0
78.2 34.97089 14 1.0
78.3 35.02052 14 1.0
78.4 35.07015 14 1.0
78.5 35.11978 14 1.0
78.6 35.16941 14 1.0
78.7 35.21904 14 1.0
78.8 35.26867 14 1.0
78.9 35.31831 14 1.0
79.0 35.36794 14 1.0
79.1 35.41757 14 1.0
79.2 35.4672 14 1.0
79.3 35.51683 14 1.0
79.4 35.56646 14 1.0
79.5 35.61609 14 1.0
79.6 35.66572 14 1.0
79.7 35.71536 14 1.0
79.8 35.76499 14 1.0
79.9 35.81462 14 1.0
80.0 35.86425 14 1.0
80.1 35.84508 14 1.0
80.2 35.82592 14 1.0
80.3 35.80676 14 1.0
80.4 35.78759 14 1.0
80.5 35.76843 14 1.0
80.6 35.74926 14 1.0
80.7 35.7301 14 1.0
80.8 35.71093 14 1.0
80.9 35.69177 14 1.0
81.0 35.6726 14 1.0
81.1 35.65344 14 1.0
81.2 35.63427 14 1.0
81.3 35.61511 14 1.0
81.4 35.59594 14 1.0
81.5 35.57678 14 1.0
81.6 35.55761 14 1.0
81.7 35.53845 14 1.0
81.8 35.51928 14 1.0
81.9 35.50012 14 1.0
82.0 35.48095 14 1.0
82.1 35.46179 14 1.0
82.2 35.44262 14 1.0
82.3 35.42346 14 1.0
82.4 35.40429 14 1.0
82.5 35.38513 14 1.0
82.6 35.36596 14 1.0
82.7 35.3468 14 1.0
82.8 35.32763 14 1.0
82.9 35.30847 14 1.0
83.0 35.2893 14 1.0
83.1 35.27014 14 1.0
83.2 35.25097 14 1.0
83.3 35.23181 14 1.0
83.4 35.21264 14 1.0
83.5 35.19348 14 1.0
83.6 35.17432 14 1.0
83.7 35.15515 14 1.0
83.8 35.13599 14 1.0
83.9 35.11682 14 1.0
84.0 35.09766 14 1.0
84.1 35.07849 14 1.0
84.2 35.05933 14 1.0
84.3 35.04016 14 1.0
84.4 35.021 14 1.0
84.5 35.00183 14 1.0
84.6 34.98267 14 1.0
84.7 34.9635 14 1.0
84.8 34.94434 14 1.0
84.9 34.92517 14 1.0
85.0 34.90601 14 1.0
85.1 34.88684 14 1.0
85.2 34.86768 14 1.0
85.3 34.84851 14 1.0
85.4 34.82935 14 1.0
85.5 34.81018 14 1.0
85.6 34.79102 14 1.0
85.7 34.77185 14 1.0
85.8 34.75269 14 1.0
85.9 34.73352 14 1.0
86.0 34.71436 14 1.0
86.1 34.69519 14 1.0
86.2 34.67603 14 1.0
86.3 34.65686 14 1.0
86.4 34.6377 14 1.0
86.5 34.61853 14 1.0
86.6 34.59937 14 1.0
86.7 34.5802 14 1.0
86.8 34.56104 14 1.0
86.9 34.54187 14 1.0
87.0 34.52271 14 1.0
87.1 34.50355 14 1.0
87.2 34.48438 14 1.0
87.3 34.46522 14 1.0
87.4 34.44605 14 1.0
87.5 34.42689 14 1.0
87.6 34.40772 14 1.0
87.7 34.38856 14 1.0
87.8 34.36939 14 1.0
87.9 34.35023 14 1.0
88.0 34.33106 14 1.0
88.1 34.3119 14 1.0
88.2 34.29273 14 1.0
88.3 34.27357 14 1.0
88.4 34.2544 14 1.0
88.5 34.23524 14 1.0
88.6 34.21607 14 1.0
88.7 34.19691 14 1.0
88.8 34.17774 14 1.0
88.9 34.15858 14 1.0
89.0 34.13941 14 1.0
89.1 34.12025 14 1.0
89.2 34.10108 14 1.0
89.3 34.08192 14 1.0
89.4 34.06275 14 1.0
89.5 34.04359 14 1.0
89.6 34.02442 14 1.0
89.7 34.00526 14 1.0
89.8 33.98609 14 1.0
89.9 33.96693 14 1.0
90.0 33.94776 14 1.0
90.1 33.9197 14 1.0
90.2 33.89164 14 1.0
90.3 33.86358 14 1.0
90.4 33.83552 14 1.0
90.5 33.80746 14 1.0
90.6 33.77939 14 1.0
90.7 33.75133 14 1.0
90.8 33.72327 14 1.0
90.9 33.69521 14 1.0
91.0 33.66715 14 1.0
91.1 33.63909 14 1.0
91.2 33.61103 14 1.0
91.3 33.58296 14 1.0
91.4 33.5549 14 1.0
91.5 33.52684 14 1.0
91.6 33.49878 14 1.0
91.7 33.47072 14 1.0
91.8 33.44266 14 1.0
91.9 33.41459 14 1.0
92.0 33.38653 14 1.0
92.1 33.35847 14 1.0
92.2 33.33041 14 1.0
92.3 33.30235 14 1.0
92.4 33.27429 14 1.0
92.5 33.24622 14 1.0
92.6 33.21816 14 1.0
92.7 33.1901 14 1.0
92.8 33.16204 14 1.0
92.9 33.13398 14 1.0
93.0 33.10592 14 1.0
93.1 33.07785 14 1.0
93.2 33.59577 14 1.0
93.3 34.15209 14 1.0
93.4 34.71067 14 1.0
93.5 35.27152 14 1.0
93.6 35.83465 14 1.0
93.7 36.40004 14 1.0
93.8 36.96771 14 1.0
93.9 37.53764 14 1.0
94.0 38.10985 14 1.0
94.1 38.68433 14 1.0
94.2 39.26107 14 1.0
94.3 39.84009 14 1.0
94.4 40.42138 14 1.0
94.5 41.00494 14 1.0
94.6 41.59077 14 1.0
94.7 42.17887 14 1.0
94.8 42.76924 14 1.0
94.9 43.36188 14 1.0
95.0 43.9568 14 1.0
95.1 44.55398 14 1.0
95.2 45.15343 14 1.0
95.3 45.75516 14 1.0
95.4 46.35915 14 1.0
95.5 46.96542 14 1.0
95.6 47.57395 14 1.0
95.7 48.18476 14 1.0
95.8 48.79784 14 1.0
95.9 49.41319 14 1.0
96.0 50.03081 14 1.0
96.1 50.6507 14 1.0
96.2 51.27286 14 1.0
96.3 51.89729 14 1.0
96.4 52.52399 14 1.0
96.5 53.15296 14 1.0
96.6 53.7842 14 1.0
96.7 54.41771 14 1.0
96.8 55.0535 14 1.0
96.9 55.69155 14 1.0
97.0 56.33188 14 1.0
97.1 56.97447 14 1.0
97.2 57.61934 14 1.0
97.3 58.26647 14 1.0
97.4 58.91588 14 1.0
97.5 59.56756 14 1.0
97.6 60.22151 14 1.0
97.7 60.87773 14 1.0
97.8 61.53622 14 1.0
97.9 62.19698 14 1.0
98.0 62.86001 14 1.0
98.1 63.52531 14 1.0
98.2 64.19288 14 1.0
98.3 64.86272 14 1.0
98.4 65.53484 14 1.0
98.5 66.20922 14 1.0
98.6 66.88587 14 1.0
98.7 67.5648 14 1.0
98.8 68.246 14 1.0
98.9 68.92946 14 1.0
99.0 69.6152 14 1.0
99.1 70.30321 14 1.0
99.2 70.99348 14 1.0
99.3 71.68603 14 1.0
99.4 72.38085 14 1.0
99.5 73.07794 14 1.0
99.6 73.7773 14 1.0
99.7 74.47893 14 1.0
99.8 75.18284 14 1.0
99.9 75.88901 14 1.0
100.0 76.59745 14 1.0
100.1 74.98278 14 1.0
100.2 73.3688 14 1.0
100.3 71.7555 14 1.0
100.4 70.14289 14 1.0
100.5 68.53095 14 1.0
100.6 66.91971 14 1.0
100.7 65.30914 14 1.0
100.8 63.69926 14 1.0
100.9 62.09007 14 1.0
101.0 60.48156 14 1.0
101.1 58.87373 14 1.0
101.2 57.26658 14 1.0
101.3 55.66012 14 1.0
101.4 54.05435 14 1.0
101.5 52.44925 14 1.0
101.6 50.84485 14 1.0
101.7 49.24112 14 1.0
101.8 47.63808 14 1.0
101.9 46.03572 14 1.0
102.0 44.43405 14 1.0
102.1 42.83306 14 1.0
102.2 41.23276 14 1.0
102.3 39.63314 14 1.0
102.4 38.0342 14 1.0
102.5 36.43594 14 1.0
102.6 34.83838 14 1.0
102.7 33.89093 14 1.0
102.8 33.99276 14 1.0
102.9 34.09458 14 1.0
103.0 34.19641 14 1.0
103.1 34.29824 14 1.0
103.2 34.40006 14 1.0
103.3 34.50189 14 1.0
103.4 34.60372 14 1.0
103.5 34.70554 14 1.0
103.6 34.80737 14 1.0
103.7 34.9092 14 1.0
103.8 35.01102 14 1.0
103.9 35.11285 14 1.0
104.0 35.21468 14 1.0
104.1 35.3165 14 1.0
104.2 35.41833 14 1.0
104.3 35.52016 14 1.0
104.4 35.62198 14 1.0
104.5 35.72381 14 1.0
104.6 35.82564 14 1.0
104.7 35.92746 14 1.0
104.8 36.02929 14 1.0
104.9 36.13112 14 1.0
105.0 36.23294 14 1.0
105.1 36.33477 14 1.0
105.2 36.4366 14 1.0
105.3 36.53843 14 1.0
105.4 36.64025 14 1.0
105.5 36.74208 14 1.0
105.6 36.84391 14 1.0
105.7 36.94573 14 1.0
105.8 37.04756 14 1.0
105.9 37.14939 14 1.0
106.0 37.25121 14 1.0
106.1 37.35304 14 1.0
106.2 37.45487 14 1.0
106.3 37.55669 14 1.0
106.4 37.65852 14 1.0
106.5 37.76035 14 1.0
106.6 37.86217 14 1.0
106.7 37.964 14 1.0
106.8 38.06583 14 1.0
106.9 38.16765 14 1.0
107.0 38.26948 14 1.0
107.1 38.37131 14 1.0
107.2 38.47313 14 1.0
107.3 38.57496 14 1.0
107.4 38.67679 14 1.0
107.5 38.77862 14 1.0
107.6 38.88044 14 1.0
107.7 38.98227 14 1.0
107.8 39.0841 14 1.0
107.9 39.18592 14 1.0
108.0 39.28775 14 1.0
108.1 39.38958 14 1.0
108.2 39.4914 14 1.0
108.3 39.59323 14 1.0
108.4 39.69506 14 1.0
108.5 39.79688 14 1.0
108.6 39.89871 14 1.0
108.7 40.00054 14 1.0
108.8 40.10236 14 1.0
108.9 40.20419 14 1.0
109.0 40.30602 14 1.0
109.1 40.40784 14 1.0
109.2 40.50967 14 1.0
109.3 40.6115 14 1.0
109.4 40.71332 14 1.0
109.5 40.81515 14 1.0
109.6 40.91698 14 1.0
109.7 41.0188 14 1.0
109.8 41.12063 14 1.0
109.9 41.22246 14 1.0
110.0 41.32429 14 1.0
110.1 41.37087 14 1.0
110.2 41.41745 14 1.0
110.3 41.46404 14 1.0
110.4 41.51062 14 1.0
110.5 41.55721 14 1.0
110.6 41.60379 14 1.0
110.7 41.65038 14 1.0
110.8 41.69696 14 1.0
110.9 41.74355 14 1.0
111.0 41.79013 14 1.0
111.1 41.83672 14 1.0
111.2 41.8833 14 1.0
111.3 41.92989 14 1.0
111.4 41.97647 14 1.0
111.5 42.02305 14 1.0
111.6 42.06964 14 1.0
111.7 42.11622 14 1.0
111.8 42.16281 14 1.0
111.9 42.20939 14 1.0
112.0 42.25598 14 1.0
112.1 42.30256 14 1.0
112.2 42.34915 14 1.0
112.3 42.39573 14 1.0
112.4 42.44232 14 1.0
112.5 42.4889 14 1.0
112.6 42.53549 14 1.0
112.7 42.58207 14 1.0
112.8 42.62866 14 1.0
112.9 42.67524 14 1.0
113.0 42.72182 14 1.0
113.1 42.76841 14 1.0
113.2 42.81499 14 1.0
113.3 42.86158 14 1.0
113.4 42.90816 14 1.0
113.5 42.95475 14 1.0
113.6 43.00133 14 1.0
113.7 43.04792 14 1.0
113.8 43.0945 14 1.0
113.9 43.14109 14 1.0
114.0 43.18767 14 1.0
114.1 43.23426 14 1.0
114.2 43.28084 14 1.0
114.3 43.32742 14 1.0
114.4 43.37401 14 1.0
114.5 43.42059 14 1.0
114.6 43.46718 14 1.0
114.7 43.51376 14 1.0
114.8 43.56035 14 1.0
114.9 43.60693 14 1.0
115.0 43.65352 14 1.0
115.1 43.7001 14 1.0
115.2 43.74669 14 1.0
115.3 43.79327 14 1.0
115.4 43.83986 14 1.0
115.5 43.88644 14 1.0
115.6 43.93302 14 1.0
115.7 43.97961 14 1.0
115.8 44.02619 14 1.0
115.9 44.07278 14 1.0
116.0 44.11936 14 1.0
116.1 44.16595 14 1.0
116.2 44.21253 14 1.0
116.3 44.25912 14 1.0
116.4 44.3057 14 1.0
116.5 44.35229 14 1.0
116.6 44.39887 14 1.0
116.7 44.44546 14 1.0
116.8 44.49204 14 1.0
116.9 44.53863 14 1.0
117.0 44.58521 14 1.0
117.1 44.63179 14 1.0
117.2 44.67838 14 1.0
117.3 44.72496 14 1.0
117.4 44.77155 14 1.0
117.5 44.81813 14 1.0
117.6 44.86472 14 1.0
117.7 44.9113 14 1.0
117.8 44.95789 14 1.0
117.9 45.00447 14 1.0
118.0 45.05106 14 1.0
118.1 45.09764 14 1.0
118.2 45.14423 14 1.0
118.3 45.19081 14 1.0
118.4 45.23739 14 1.0
118.5 45.28398 14 1.0
118.6 45.33056 14 1.0
118.7 45.37715 14 1.0
118.8 45.42373 14 1.0
118.9 45.47032 14 1.0
119.0 45.5169 14 1.0
119.1 45.56349 14 1.0
119.2 45.61007 14 1.0
119.3 45.65666 14 1.0
119.4 45.70324 14 1.0
119.5 45.74983 14 1.0
119.6 45.79641 14 1.0
119.7 45.843 14 1.0
119.8 45.88958 14 1.0
119.9 45.93616 14 1.0
120.0 45.98275 14 1.0
120.1 46.01451 14 1.0
120.2 46.04627 14 1.0
120.3 46.07803 14 1.0
120.4 46.10979 14 1.0
120.5 46.14156 14 1.0
120.6 46.17332 14 1.0
120.7 46.20508 14 1.0
120.8 46.23684 14 1.0
120.9 46.2686 14 1.0
121.0 46.30036 14 1.0
121.1 46.33213 14 1.0
121.2 46.36389 14 1.0
121.3 46.39565 14 1.0
121.4 46.42741 14 1.0
121.5 46.45917 14 1.0
121.6 46.49093 14 1.0
121.7 46.52269 14 1.0
121.8 46.55446 14 1.0
121.9 46.58622 14 1.0
122.0 46.61798 14 1.0
122.1 46.64974 14 1.0
122.2 46.6815 14 1.0
122.3 46.71326 14 1.0
122.4 46.74503 14 1.0
122.5 46.77679 14 1.0
122.6 46.80855 14 1.0
122.7 46.84031 14 1.0
122.8 46.87207 14 1.0
122.9 46.90383 14 1.0
123.0 46.93559 14 1.0
123.1 46.96736 14 1.0
123.2 46.99912 14 1.0
123.3 47.03088 14 1.0
123.4 47.06264 14 1.0
123.5 47.0944 14 1.0
123.6 47.12616 14 1.0
123.7 47.15792 14 1.0
123.8 47.18969 14 1.0
123.9 47.22145 14 1.0
124.0 47.25321 14 1.0
124.1 47.28497 14 1.0
124.2 47.31673 14 1.0
124.3 47.34849 14 1.0
124.4 47.38026 14 1.0
124.5 47.41202 14 1.0
124.6 47.44378 14 1.0
124.7 47.47554 14 1.0
124.8 47.5073 14 1.0
124.9 47.53906 14 1.0
125.0 47.57082 14 1.0
125.1 47.60259 14 1.0
125.2 47.63435 14 1.0
125.3 47.66611 14 1.0
125.4 47.69787 14 1.0
125.5 47.72963 14 1.0
125.6 47.76139 14 1.0
125.7 47.79315 14 1.0
125.8 47.82492 14 1.0
125.9 47.85668 14 1.0
126.0 47.88844 14 1.0
126.1 47.9202 14 1.0
126.2 47.95196 14 1.0
126.3 47.98372 14 1.0
126.4 48.01549 14 1.0
126.5 48.04725 14 1.0
126.6 48.07901 14 1.0
126.7 48.11077 14 1.0
126.8 48.14253 14 1.0
126.9 48.17429 14 1.0
127.0 48.20605 14 1.0
127.1 48.23782 14 1.0
127.2 48.26958 14 1.0
127.3 48.30134 14 1.0
127.4 48.3331 14 1.0
127.5 48.36486 14 1.0
127.6 48.39662 14 1.0
127.7 48.42839 14 1.0
127.8 48.46015 14 1.0
127.9 48.49191 14 1.0
128.0 48.52367 14 1.0
128.1 48.55543 14 1.0
128.2 48.58719 14 1.0
128.3 48.61895 14 1.0
128.4 48.65072 14 1.0
128.5 48.68248 14 1.0
128.6 48.71424 14 1.0
128.7 48.746 14 1.0
128.8 48.77776 14 1.0
128.9 48.80952 14 1.0
129.0 48.84128 14 1.0
129.1 48.87305 14 1.0
129.2 48.90481 14 1.0
129.3 48.93657 14 1.0
129.4 48.96833 14 1.0
129.5 49.00009 14 1.0
129.6 49.03185 14 1.0
129.7 49.06362 14 1.0
129.8 49.09538 14 1.0
129.9 49.12714 14 1.0
130.0 49.1589 14 1.0
130.1 49.20239 14 1.0
130.2 49.24587 14 1.0
130.3 49.28936 14 1.0
130.4 49.33284 14 1.0
130.5 49.37633 14 1.0
130.6 49.41982 14 1.0
130.7 49.4633 14 1.0
130.8 49.50679 14 1.0
130.9 49.55027 14 1.0
131.0 49.59376 14 1.0
131.1 49.63725 14 1.0
131.2 49.68073 14 1.0
131.3 49.72422 14 1.0
131.4 49.76771 14 1.0
131.5 49.81119 14 1.0
131.6 49.85468 14 1.0
131.7 49.89816 14 1.0
131.8 49.94165 14 1.0
131.9 49.98514 14 1.0
132.0 50.02862 14 1.0
132.1 50.07211 14 1.0
132.2 50.11559 14 1.0
132.3 50.15908 14 1.0
132.4 50.20257 14 1.0
132.5 50.24605 14 1.0
132.6 50.28954 14 1.0
132.7 50.33302 14 1.0
132.8 50.37651 14 1.0
132.9 50.42 14 1.0
133.0 50.46348 14 1.0
133.1 50.50697 14 1.0
133.2 50.55046 14 1.0
133.3 50.59394 14 1.0
133.4 50.63743 14 1.0
133.5 50.68091 14 1.0
133.6 50.7244 14 1.0
133.7 50.76789 14 1.0
133.8 50.81137 14 1.0
133.9 50.85486 14 1.0
134.0 50.89834 14 1.0
134.1 50.94183 14 1.0
134.2 50.98532 14 1.0
134.3 51.0288 14 1.0
134.4 51.07229 14 1.0
134.5 51.11577 14 1.0
134.6 51.15926 14 1.0
134.7 51.20275 14 1.0
134.8 51.24623 14 1.0
134.9 51.28972 14 1.0
135.0 51.33321 14 1.0
135.1 51.37669 14 1.0
135.2 51.42018 14 1.0
135.3 51.46366 14 1.0
135.4 51.50715 14 1.0
135.5 51.55064 14 1.0
135.6 51.59412 14 1.0
135.7 51.63761 14 1.0
135.8 51.68109 14 1.0
135.9 51.72458 14 1.0
136.0 51.76807 14 1.0
136.1 51.81155 14 1.0
136.2 51.85504 14 1.0
136.3 51.89852 14 1.0
136.4 51.94201 14 1.0
136.5 51.9855 14 1.0
136.6 52.02898 14 1.0
136.7 52.07247 14 1.0
136.8 52.11596 14 1.0
136.9 52.15944 14 1.0
137.0 52.20293 14 1.0
137.1 52.24641 14 1.0
137.2 52.2899 14 1.0
137.3 52.33339 14 1.0
137.4 52.37687 14 1.0
137.5 52.42036 14 1.0
137.6 51.87696 14 1.0
137.7 51.25225 14 1.0
137.8 50.62644 14 1.0
137.9 49.99954 14 1.0
138.0 49.37154 14 1.0
138.1 48.74245 14 1.0
138.2 48.11226 14 1.0
138.3 47.48098 14 1.0
138.4 46.8486 14 1.0
138.5 46.21513 14 1.0
138.6 45.58056 14 1.0
138.7 44.94489 14 1.0
138.8 44.30813 14 1.0
138.9 43.67027 14 1.0
139.0 43.03132 14 1.0
139.1 42.39127 14 1.0
139.2 41.75013 14 1.0
139.3 41.10789 14 1.0
139.4 40.46456 14 1.0
139.5 39.82013 14 1.0
139.6 39.1746 14 1.0
139.7 38.52798 14 1.0
139.8 37.88026 14 1.0
139.9 37.23145 14 1.0
140.0 36.58154 14 1.0
140.1 37.75484 14 1.0
140.2 38.92583 14 1.0
140.3 40.09452 14 1.0
140.4 41.26092 14 1.0
140.5 42.42502 14 1.0
140.6 43.58682 14 1.0
140.7 44.74632 14 1.0
140.8 45.90352 14 1.0
140.9 47.05842 14 1.0
141.0 48.21103 14 1.0
141.1 49.36134 14 1.0
141.2 50.50935 14 1.0
141.3 51.65506 14 1.0
141.4 52.7892 14 1.0
141.5 52.7379 14 1.0
141.6 52.68659 14 1.0
141.7 52.63528 14 1.0
141.8 52.58397 14 1.0
141.9 52.53267 14 1.0
142.0 52.48136 14 1.0
142.1 52.43005 14 1.0
142.2 52.37874 14 1.0
142.3 52.32744 14 1.0
142.4 52.27613 14 1.0
142.5 52.22482 14 1.0
142.6 52.17351 14 1.0
142.7 52.12221 14 1.0
142.8 52.0709 14 1.0
142.9 52.01959 14 1.0
143.0 51.96828 14 1.0
143.1 51.91697 14 1.0
143.2 51.86567 14 1.0
143.3 51.81436 14 1.0
143.4 51.76305 14 1.0
143.5 51.71174 14 1.0
143.6 51.66044 14 1.0
143.7 51.60913 14 1.0
143.8 51.55782 14 1.0
143.9 51.50651 14 1.0
144.0 51.45521 14 1.0
144.1 51.4039 14 1.0
144.2 51.35259 14 1.0
144.3 51.30128 14 1.0
144.4 51.24998 14 1.0
144.5 51.19867 14 1.0
144.6 51.14736 14 1.0
144.7 51.09605 14 1.0
144.8 51.04475 14 1.0
144.9 50.99344 14 1.0
145.0 50.94213 14 1.0
145.1 50.89082 14 1.0
145.2 50.83952 14 1.0
145.3 50.78821 14 1.0
145.4 50.7369 14 1.0
145.5 50.68559 14 1.0
145.6 50.63428 14 1.0
145.7 50.58298 14 1.0
145.8 50.53167 14 1.0
145.9 50.48036 14 1.0
146.0 50.42905 14 1.0
146.1 50.37775 14 1.0
146.2 50.32644 14 1.0
146.3 50.27513 14 1.0
146.4 50.22382 14 1.0
146.5 50.17252 14 1.0
146.6 50.12121 14 1.0
146.7 50.0699 14 1.0
146.8 50.01859 14 1.0
146.9 49.96729 14 1.0
147.0 49.91598 14 1.0
147.1 49.86467 14 1.0
147.2 49.81336 14 1.0
147.3 49.76206 14 1.0
147.4 49.71075 14 1.0
147.5 49.65944 14 1.0
147.6 49.60813 14 1.0
147.7 49.55682 14 1.0
147.8 49.50552 14 1.0
147.9 49.45421 14 1.0
148.0 49.4029 14 1.0
148.1 49.35159 14 1.0
148.2 49.30029 14 1.0
148.3 49.24898 14 1.0
148.4 49.19767 14 1.0
148.5 49.14636 14 1.0
148.6 49.09506 14 1.0
148.7 49.04375 14 1.0
148.8 48.99244 14 1.0
148.9 48.94113 14 1.0
149.0 48.88983 14 1.0
149.1 48.85714 14 1.0
149.2 48.83016 14 1.0
149.3 48.80317 14 1.0
149.4 48.77619 14 1.0
149.5 48.74921 14 1.0
149.6 48.72222 14 1.0
149.7 48.69522 14 1.0
149.8 48.66826 14 1.0
149.9 48.64132 14 1.0
150.0 48.61435 14 1.0
150.1 48.67432 14 1.0
150.2 48.73429 14 1.0
150.3 48.79426 14 1.0
150.4 48.85423 14 1.0
150.5 48.91421 14 1.0
150.6 48.97418 14 1.0
150.7 49.03415 14 1.0
150.8 49.09412 14 1.0
150.9 49.15408 14 1.0
151.0 49.21406 14 1.0
151.1 49.27403 14 1.0
151.2 49.334 14 1.0
151.3 49.39397 14 1.0
151.4 49.45394 14 1.0
151.5 49.51391 14 1.0
151.6 49.57388 14 1.0
151.7 49.63385 14 1.0
151.8 49.69382 14 1.0
151.9 49.75379 14 1.0
152.0 49.81376 14 1.0
152.1 49.87374 14 1.0
152.2 49.93371 14 1.0
152.3 49.99368 14 1.0
152.4 50.05365 14 1.0
152.5 50.11362 14 1.0
152.6 50.17359 14 1.0
152.7 50.23356 14 1.0
152.8 50.29353 14 1.0
152.9 50.3535 14 1.0
153.0 50.41347 14 1.0
153.1 50.47344 14 1.0
153.2 50.53341 14 1.0
153.3 50.59338 14 1.0
153.4 50.65335 14 1.0
153.5 50.71333 14 1.0
153.6 50.7733 14 1.0
153.7 50.83327 14 1.0
153.8 50.89324 14 1.0
153.9 50.95321 14 1.0
154.0 51.01318 14 1.0
154.1 51.07315 14 1.0
154.2 51.13312 14 1.0
154.3 51.1931 14 1.0
154.4 51.25307 14 1.0
154.5 51.31304 14 1.0
154.6 51.37301 14 1.0
154.7 51.43298 14 1.0
154.8 51.49295 14 1.0
154.9 51.55292 14 1.0
155.0 51.61289 14 1.0
155.1 51.67286 14 1.0
155.2 51.73283 14 1.0
155.3 51.7928 14 1.0
155.4 51.85277 14 1.0
155.5 51.91274 14 1.0
155.6 51.97271 14 1.0
155.7 52.03586 14 1.0
155.8 52.10005 14 1.0
155.9 52.16425 14 1.0
156.0 52.22844 14 1.0
156.1 52.29264 14 1.0
156.2 52.35683 14 1.0
156.3 52.42103 14 1.0
156.4 52.48522 14 1.0
156.5 52.54942 14 1.0
156.6 52.61361 14 1.0
156.7 52.67781 14 1.0
156.8 52.742 14 1.0
156.9 52.8062 14 1.0
157.0 52.87039 14 1.0
157.1 52.93459 14 1.0
157.2 52.99878 14 1.0
157.3 53.06298 14 1.0
157.4 53.12717 14 1.0
157.5 53.19137 14 1.0
157.6 53.25556 14 1.0
157.7 53.31975 14 1.0
157.8 53.38395 14 1.0
157.9 53.44814 14 1.0
158.0 53.51234 14 1.0
158.1 53.57653 14 1.0
158.2 53.64073 14 1.0
158.3 53.70492 14 1.0
158.4 53.76912 14 1.0
158.5 53.83331 14 1.0
158.6 53.89751 14 1.0
158.7 53.9617 14 1.0
158.8 54.0259 14 1.0
158.9 54.09009 14 1.0
159.0 54.15429 14 1.0
159.1 54.21848 14 1.0
159.2 54.28268 14 1.0
159.3 54.34687 14 1.0
159.4 54.41107 14 1.0
159.5 54.35187 14 1.0
159.6 53.29853 14 1.0
159.7 52.24258 14 1.0
159.8 51.18402 14 1.0
159.9 50.12286 14 1.0
160.0 49.05909 14 1.0
160.1 47.99272 14 1.0
160.2 46.92374 14 1.0
160.3 45.85215 14 1.0
160.4 44.77795 14 1.0
160.5 43.70115 14 1.0
160.6 42.62174 14 1.0
160.7 41.53973 14 1.0
160.8 40.45511 14 1.0
160.9 39.36788 14 1.0
161.0 38.27805 14 1.0
161.1 37.18561 14 1.0
161.2 36.09056 14 1.0
161.3 34.99291 14 1.0
161.4 33.89265 14 1.0
161.5 32.78978 14 1.0
161.6 31.68431 14 1.0
161.7 30.57623 14 1.0
161.8 29.46554 14 1.0
161.9 28.35225 14 1.0
162.0 27.23635 14 1.0
162.1 26.11785 14 1.0
162.2 24.99673 14 1.0
162.3 23.87301 14 1.0
162.4 22.74669 14 1.0
162.5 21.61776 14 1.0
162.6 20.48622 14 1.0
162.7 19.35207 14 1.0
162.8 18.21532 14 1.0
162.9 17.07596 14 1.0
163.0 15.934 14 1.0
163.1 14.78943 14 1.0
163.2 13.64225 14 1.0
163.3 12.49247 14 1.0
163.4 11.34008 14 1.0
163.5 10.18508 14 1.0
163.6 9.027477 14 1.0
163.7 7.867267 14 1.0
163.8 6.70445 14 1.0
163.9 5.539027 14 1.0
164.0 4.370997 14 1.0
164.1 0.0 15 0.0
164.2 0.0 15 0.0
164.3 0.0 15 0.0
164.4 0.0 15 0.0
164.5 0.0 15 0.0
164.6 0.0 15 0.0
164.7 0.0 15 0.0
164.8 0.0 15 0.0
164.9 0.0 15 0.0
165.0 0.0 15 0.0
165.1 0.0 15 0.0
165.2 0.0 15 0.0
165.3 0.0 15 0.0
165.4 0.0 15 0.0
165.5 0.0 15 0.0
165.6 0.0 15 0.0
165.7 0.0 15 0.0
165.8 0.0 15 0.0
165.9 0.0 15 0.0
166.0 0.0 15 0.0
166.1 0.0 15 0.0
166.2 0.0 15 0.0
166.3 0.0 15 0.0
166.4 0.0 15 0.0
166.5 0.0 15 0.0
166.6 0.0 15 0.0
166.7 0.0 15 0.0
166.8 0.0 15 0.0
166.9 0.0 15 0.0
167.0 0.0 15 0.0
167.1 0.0 15 0.0
167.2 0.0 15 0.0
167.3 0.0 15 0.0
167.4 0.0 15 0.0
167.5 0.0 15 0.0
167.6 0.0 15 0.0
167.7 0.0 15 0.0
167.8 0.0 15 0.0
167.9 0.0 15 0.0
168.0 0.0 15 0.0
168.1 0.0 15 0.0
168.2 0.0 15 0.0
168.3 0.0 15 0.0
168.4 0.0 15 0.0
168.5 0.0 15 0.0
168.6 0.0 15 0.0
168.7 0.0 15 0.0
168.8 0.0 15 0.0
168.9 0.0 15 0.0
169.0 0.0 15 0.0
169.1 0.0 15 0.0
169.2 0.0 15 0.0
169.3 0.0 15 0.0
169.4 0.0 15 0.0
169.5 0.0 15 0.0
169.6 0.0 15 0.0
169.7 0.0 15 0.0
169.8 0.0 15 0.0
169.9 0.0 15 0.0
170.0 0.0 15 0.0
170.1 0.0 15 0.0
170.2 0.0 15 0.0
170.3 0.0 15 0.0
170.4 0.0 15 0.0
170.5 0.0 15 0.0
170.6 0.0 15 0.0
170.7 0.0 15 0.0
170.8 0.0 15 0.0
170.9 0.0 15 0.0
171.0 0.0 15 0.0
171.1 0.0 15 0.0
171.2 0.0 15 0.0
171.3 0.0 15 0.0
171.4 0.0 15 0.0
171.5 0.0 15 0.0
171.6 0.0 15 0.0
171.7 0.0 15 0.0
171.8 0.0 15 0.0
171.9 0.0 15 0.0
172.0 0.0 15 0.0
172.1 0.0 15 0.0
172.2 0.0 15 0.0
172.3 0.0 15 0.0
172.4 0.0 15 0.0
172.5 0.0 15 0.0
172.6 0.0 15 0.0
172.7 0.0 15 0.0
172.8 0.0 15 0.0
172.9 0.0 15 0.0
173.0 0.0 15 0.0
173.1 0.0 15 0.0
173.2 0.0 15 0.0
173.3 0.0 15 0.0
173.4 0.0 15 0.0
173.5 0.0 15 0.0
173.6 0.0 15 0.0
173.7 0.0 15 0.0
173.8 0.0 15 0.0
173.9 0.0 15 0.0
174.0 0.0 15 0.0
174.1 0.0 15 0.0
174.2 0.0 15 0.0
174.3 0.0 15 0.0
174.4 0.0 15 0.0
174.5 0.0 15 0.0
174.6 0.0 15 0.0
174.7 0.0 15 0.0
174.8 0.0 15 0.0
174.9 0.0 15 0.0
175.0 0.0 15 0.0
175.1 0.0 15 0.0
175.2 0.0 15 0.0
175.3 0.0 15 0.0
175.4 0.0 15 0.0
175.5 0.0 15 0.0
175.6 0.0 15 0.0
175.7 0.0 15 0.0
175.8 0.0 15 0.0
175.9 0.0 15 0.0
176.0 0.0 15 0.0
176.1 0.0 15 0.0
176.2 0.0 15 0.0
176.3 0.0 15 0.0
176.4 0.0 15 0.0
176.5 0.0 15 0.0
176.6 0.0 15 0.0
176.7 0.0 15 0.0
176.8 0.0 15 0.0
176.9 0.0 15 0.0
177.0 0.0 15 0.0
177.1 0.0 15 0.0
177.2 0.0 15 0.0
177.3 0.0 15 0.0
177.4 0.0 15 0.0
177.5 0.0 15 0.0
177.6 0.0 15 0.0
177.7 0.0 15 0.0
177.8 0.0 15 0.0
177.9 0.0 15 0.0
178.0 0.0 15 0.0
178.1 0.0 15 0.0
178.2 0.0 15 0.0
178.3 0.0 15 0.0
178.4 0.0 15 0.0
178.5 0.0 15 0.0
178.6 0.0 15 0.0
178.7 0.0 15 0.0
178.8 0.0 15 0.0
178.9 0.0 15 0.0
179.0 0.0 15 0.0
179.1 0.0 15 0.0
179.2 0.0 15 0.0
179.3 0.0 15 0.0
179.4 0.0 15 0.0
179.5 0.0 15 0.0
179.6 0.0 15 0.0
179.7 0.0 15 0.0
179.8 0.0 15 0.0
179.9 0.0 15 0.0
180.0 0.0 15 0.0
180.1 0.0 15 0.0
180.2 0.0 15 0.0
180.3 0.0 15 0.0
180.4 0.0 15 0.0
180.5 0.0 15 0.0
180.6 0.0 15 0.0
180.7 0.0 15 0.0
180.8 0.0 15 0.0
180.9 0.0 15 0.0
181.0 0.0 15 0.0
181.1 0.0 15 0.0
181.2 0.0 15 0.0
181.3 0.0 15 0.0
181.4 0.0 15 0.0
181.5 0.0 15 0.0
181.6 0.0 15 0.0
181.7 0.0 15 0.0
181.8 0.0 15 0.0
181.9 0.0 15 0.0
182.0 0.0 15 0.0
182.1 0.0 15 0.0
182.2 0.0 15 0.0
182.3 0.0 15 0.0
182.4 0.0 15 0.0
182.5 0.0 15 0.0
182.6 0.0 15 0.0
182.7 0.0 15 0.0
182.8 0.0 15 0.0
182.9 0.0 15 0.0
183.0 0.0 15 0.0
183.1 0.0 15 0.0
183.2 0.0 15 0.0
183.3 0.0 15 0.0
183.4 0.0 15 0.0
183.5 0.0 15 0.0
183.6 0.0 15 0.0
183.7 0.0 15 0.0
183.8 0.0 15 0.0
183.9 0.0 15 0.0
184.0 0.0 15 0.0
184.1 0.0 15 0.0
184.2 0.0 15 0.0
184.3 0.0 15 0.0
184.4 0.0 15 0.0
184.5 0.0 15 0.0
184.6 0.0 15 0.0
184.7 0.0 15 0.0
184.8 0.0 15 0.0
184.9 0.0 15 0.0
185.0 0.0 15 0.0
185.1 0.0 15 0.0
185.2 0.0 15 0.0
185.3 0.0 15 0.0
185.4 0.0 15 0.0
185.5 0.0 15 0.0
185.6 0.0 15 0.0
185.7 0.0 15 0.0
185.8 0.0 15 0.0
185.9 0.0 15 0.0
186.0 0.0 15 0.0
186.1 0.0 15 0.0
186.2 0.0 15 0.0
186.3 0.0 15 0.0
186.4 0.0 15 0.0
186.5 0.0 15 0.0
186.6 0.0 15 0.0
186.7 0.0 15 0.0
186.8 0.0 15 0.0
186.9 0.0 15 0.0
187.0 0.0 15 0.0
187.1 0.0 15 0.0
187.2 0.0 15 0.0
187.3 0.0 15 0.0
187.4 0.0 15 0.0
187.5 0.0 15 0.0
187.6 0.0 15 0.0
187.7 0.0 15 0.0
187.8 0.0 15 0.0
187.9 0.0 15 0.0
188.0 0.0 15 0.0
188.1 0.0 15 0.0
188.2 0.0 15 0.0
188.3 0.0 15 0.0
188.4 0.0 15 0.0
188.5 0.0 15 0.0
188.6 0.0 15 0.0
188.7 0.0 15 0.0
188.8 0.0 15 0.0
188.9 0.0 15 0.0
189.0 0.0 15 0.0
189.1 0.0 15 0.0
189.2 0.0 15 0.0
189.3 0.0 15 0.0
189.4 0.0 15 0.0
189.5 0.0 15 0.0
189.6 0.0 15 0.0
189.7 0.0 15 0.0
189.8 0.0 15 0.0
189.9 0.0 15 0.0
190.0 0.0 15 0.0
190.1 0.0 15 0.0
190.2 0.0 15 0.0
190.3 0.0 15 0.0
190.4 0.0 15 0.0
190.5 0.0 15 0.0
190.6 0.0 15 0.0
190.7 0.0 15 0.0
190.8 0.0 15 0.0
190.9 0.0 15 0.0
191.0 0.0 15 0.0
191.1 0.0 15 0.0
191.2 0.0 15 0.0
191.3 0.0 15 0.0
191.4 0.0 15 0.0
191.5 0.0 15 0.0
191.6 0.0 15 0.0
191.7 0.0 15 0.0
191.8 0.0 15 0.0
191.9 0.0 15 0.0
192.0 0.0 15 0.0
192.1 0.0 15 0.0
192.2 0.0 15 0.0
192.3 0.0 15 0.0
192.4 0.0 15 0.0
192.5 0.0 15 0.0
192.6 0.0 15 0.0
192.7 0.0 15 0.0
192.8 0.0 15 0.0
192.9 0.0 15 0.0
193.0 0.0 15 0.0
193.1 0.0 15 0.0
193.2 0.0 15 0.0
193.3 0.0 15 0.0
193.4 0.0 15 0.0
193.5 0.0 15 0.0
193.6 0.0 15 0.0
193.7 0.0 15 0.0
193.8 0.0 15 0.0
193.9 0.0 15 0.0
194.0 0.0 15 0.0
194.1 0.0 15 0.0
194.2 0.0 15 0.0
194.3 0.0 15 0.0
194.4 0.0 15 0.0
194.5 0.0 15 0.0
194.6 0.0 15 0.0
194.7 0.0 15 0.0
194.8 0.0 15 0.0
194.9 0.0 15 0.0
195.0 0.0 15 0.0
195.1 0.0 15 0.0
195.2 0.0 15 0.0
195.3 0.0 15 0.0
195.4 0.0 15 0.0
195.5 0.0 15 0.0
195.6 0.0 15 0.0
195.7 0.0 15 0.0
195.8 0.0 15 0.0
195.9 0.0 15 0.0
196.0 0.0 15 0.0
196.1 0.0 15 0.0
196.2 0.0 15 0.0
196.3 0.0 15 0.0
196.4 0.0 15 0.0
196.5 0.0 15 0.0
196.6 0.0 15 0.0
196.7 0.0 15 0.0
196.8 0.0 15 0.0
196.9 0.0 15 0.0
197.0 0.0 15 0.0
197.1 0.0 15 0.0
197.2 0.0 15 0.0
197.3 0.0 15 0.0
197.4 0.0 15 0.0
197.5 0.0 15 0.0
197.6 0.0 15 0.0
197.7 0.0 15 0.0
197.8 0.0 15 0.0
197.9 0.0 15 0.0
198.0 0.0 15 0.0
198.1 0.0 15 0.0
198.2 0.0 15 0.0
198.3 0.0 15 0.0
198.4 0.0 15 0.0
198.5 0.0 15 0.0
198.6 0.0 15 0.0
198.7 0.0 15 0.0
198.8 0.0 15 0.0
198.9 0.0 15 0.0
199.0 0.0 15 0.0
199.1 0.0 15 0.0
199.2 0.0 15 0.0
199.3 0.0 15 0.0
199.4 0.0 15 0.0
199.5 0.0 15 0.0
199.6 0.0 15 0.0
199.7 0.0 15 0.0
199.8 0.0 15 0.0
199.9 0.0 15 0.0
200.0 0.0 15 0.0
200.1 0.0 15 0.0
200.2 0.0 15 0.0
200.3 0.0 15 0.0
200.4 0.0 15 0.0
200.5 0.0 15 0.0
200.6 0.0 15 0.0
200.7 0.0 15 0.0
200.8 0.0 15 0.0
200.9 0.0 15 0.0
201.0 0.0 15 0.0
201.1 0.0 15 0.0
201.2 0.0 15 0.0
201.3 0.0 15 0.0
201.4 0.0 15 0.0
201.5 0.0 15 0.0
201.6 0.0 15 0.0
201.7 0.0 15 0.0
201.8 0.0 15 0.0
201.9 0.0 15 0.0
202.0 0.0 15 0.0
202.1 0.0 15 0.0
202.2 0.0 15 0.0
202.3 0.0 15 0.0
202.4 0.0 15 0.0
202.5 0.0 15 0.0
202.6 0.0 15 0.0
202.7 0.0 15 0.0
202.8 0.0 15 0.0
202.9 0.0 15 0.0
203.0 0.0 15 0.0
203.1 0.0 15 0.0
203.2 0.0 15 0.0
203.3 0.0 15 0.0
203.4 0.0 15 0.0
203.5 0.0 15 0.0
203.6 0.0 15 0.0
203.7 0.0 15 0.0
203.8 0.0 15 0.0
203.9 0.0 15 0.0
204.0 0.0 15 0.0
204.1 0.0 15 0.0
204.2 0.0 15 0.0
204.3 0.0 15 0.0
204.4 0.0 15 0.0
204.5 0.0 15 0.0
204.6 0.0 15 0.0
204.7 0.0 15 0.0
204.8 0.0 15 0.0
204.9 0.0 15 0.0
205.0 0.0 15 0.0
205.1 0.0 15 0.0
205.2 0.0 15 0.0
205.3 0.0 15 0.0
205.4 0.0 15 0.0
205.5 0.0 15 0.0
205.6 0.0 15 0.0
205.7 0.0 15 0.0
205.8 0.0 15 0.0
205.9 0.0 15 0.0
206.0 0.0 15 0.0
206.1 0.0 15 0.0
206.2 0.0 15 0.0
206.3 0.0 15 0.0
206.4 0.0 15 0.0
206.5 0.0 15 0.0
206.6 0.0 15 0.0
206.7 0.0 15 0.0
206.8 0.0 15 0.0
206.9 0.0 15 0.0
207.0 0.0 15 0.0
207.1 0.0 15 0.0
207.2 0.0 15 0.0
207.3 0.0 15 0.0
207.4 0.0 15 0.0
207.5 0.0 15 0.0
207.6 0.0 15 0.0
207.7 0.0 15 0.0
207.8 0.0 15 0.0
207.9 0.0 15 0.0
208.0 0.0 15 0.0
208.1 0.0 15 0.0
208.2 0.0 15 0.0
208.3 0.0 15 0.0
208.4 0.0 15 0.0
208.5 0.0 15 0.0
208.6 0.0 15 0.0
208.7 0.0 15 0.0
208.8 0.0 15 0.0
208.9 0.0 15 0.0
209.0 0.0 15 0.0
209.1 0.0 15 0.0
209.2 0.0 15 0.0
209.3 0.0 15 0.0
209.4 0.0 15 0.0
209.5 0.0 15 0.0
209.6 0.0 15 0.0
209.7 0.0 15 0.0
209.8 0.0 15 0.0
209.9 0.0 15 0.0
210.0 0.0 15 0.0
210.1 0.0 15 0.0
210.2 0.0 15 0.0
210.3 0.0 15 0.0
210.4 0.0 15 0.0
210.5 0.0 15 0.0
210.6 0.0 15 0.0
210.7 0.0 15 0.0
210.8 0.0 15 0.0
210.9 0.0 15 0.0
211.0 0.0 15 0.0
211.1 0.0 15 0.0
211.2 0.0 15 0.0
211.3 0.0 15 0.0
211.4 0.0 15 0.0
211.5 0.0 15 0.0
211.6 0.0 15 0.0
211.7 0.0 15 0.0
211.8 0.0 15 0.0
211.9 0.0 15 0.0
212.0 0.0 15 0.0
212.1 0.0 15 0.0
212.2 0.0 15 0.0
212.3 0.0 15 0.0
212.4 0.0 15 0.0
212.5 0.0 15 0.0
212.6 0.0 15 0.0
212.7 0.0 15 0.0
212.8 0.0 15 0.0
212.9 0.0 15 0.0
213.0 0.0 15 0.0
213.1 0.0 15 0.0
213.2 0.0 15 0.0
213.3 0.0 15 0.0
213.4 0.0 15 0.0
213.5 0.0 15 0.0
213.6 0.0 15 0.0
213.7 0.0 15 0.0
213.8 0.0 15 0.0
213.9 0.0 15 0.0
214.0 0.0 15 0.0
214.1 0.0 15 0.0
214.2 0.0 15 0.0
214.3 0.0 15 0.0
214.4 0.0 15 0.0
214.5 0.0 15 0.0
214.6 0.0 15 0.0
214.7 0.0 15 0.0
214.8 0.0 15 0.0
214.9 0.0 15 0.0
215.0 0.0 15 0.0
215.1 0.0 15 0.0
215.2 0.0 15 0.0
215.3 0.0 15 0.0
215.4 0.0 15 0.0
215.5 0.0 15 0.0
215.6 0.0 15 0.0
215.7 0.0 15 0.0
215.8 0.0 15 0.0
215.9 0.0 15 0.0
216.0 0.0 15 0.0
216.1 0.0 15 0.0
216.2 0.0 15 0.0
216.3 0.0 15 0.0
216.4 0.0 15 0.0
216.5 0.0 15 0.0
216.6 0.0 15 0.0
216.7 0.0 15 0.0
216.8 0.0 15 0.0
216.9 0.0 15 0.0
217.0 0.0 15 0.0
217.1 0.0 15 0.0
217.2 0.0 15 0.0
217.3 0.0 15 0.0
217.4 0.0 15 0.0
217.5 0.0 15 0.0
217.6 0.0 15 0.0
217.7 0.0 15 0.0
217.8 0.0 15 0.0
217.9 0.0 15 0.0
218.0 0.0 15 0.0
218.1 0.0 15 0.0
218.2 0.0 15 0.0
218.3 0.0 15 0.0
218.4 0.0 15 0.0
218.5 0.0 15 0.0
218.6 0.0 15 0.0
218.7 0.0 15 0.0
218.8 0.0 15 0.0
218.9 0.0 15 0.0
219.0 0.0 15 0.0
219.1 0.0 15 0.0
219.2 0.0 15 0.0
219.3 0.0 15 0.0
219.4 0.0 15 0.0
219.5 0.0 15 0.0
219.6 0.0 15 0.0
219.7 0.0 15 0.0
219.8 0.0 15 0.0
219.9 0.0 15 0.0
220.0 0.0 15 0.0
220.1 0.0 15 0.0
220.2 0.0 15 0.0
220.3 0.0 15 0.0
220.4 0.0 15 0.0
220.5 0.0 15 0.0
220.6 0.0 15 0.0
220.7 0.0 15 0.0
220.8 0.0 15 0.0
220.9 0.0 15 0.0
221.0 0.0 15 0.0
221.1 0.0 15 0.0
221.2 0.0 15 0.0
221.3 0.0 15 0.0
221.4 0.0 15 0.0
221.5 0.0 15 0.0
221.6 0.0 15 0.0
221.7 0.0 15 0.0
221.8 0.0 15 0.0
221.9 0.0 15 0.0
222.0 0.0 15 0.0
222.1 0.0 15 0.0
222.2 0.0 15 0.0
222.3 0.0 15 0.0
222.4 0.0 15 0.0
222.5 0.0 15 0.0
222.6 0.0 15 0.0
222.7 0.0 15 0.0
222.8 0.0 15 0.0
222.9 0.0 15 0.0
223.0 0.0 15 0.0
223.1 0.0 15 0.0
223.2 0.0 15 0.0
223.3 0.0 15 0.0
223.4 0.0 15 0.0
223.5 0.0 15 0.0
223.6 0.0 15 0.0
223.7 0.0 15 0.0
223.8 0.0 15 0.0
223.9 0.0 15 0.0
224.0 0.0 15 0.0
224.1 0.0 15 0.0
224.2 0.0 15 0.0
224.3 0.0 15 0.0
224.4 0.0 15 0.0
224.5 0.0 15 0.0
224.6 0.0 15 0.0
224.7 0.0 15 0.0
224.8 0.0 15 0.0
224.9 0.0 15 0.0
225.0 0.0 15 0.0
225.1 0.0 15 0.0
225.2 0.0 15 0.0
225.3 0.0 15 0.0
225.4 0.0 15 0.0
225.5 0.0 15 0.0
225.6 0.0 15 0.0
225.7 0.0 15 0.0
225.8 0.0 15 0.0
225.9 0.0 15 0.0
226.0 0.0 15 0.0
226.1 0.0 15 0.0
226.2 0.0 15 0.0
226.3 0.0 15 0.0
226.4 0.0 15 0.0
226.5 0.0 15 0.0
226.6 0.0 15 0.0
226.7 0.0 15 0.0
226.8 0.0 15 0.0
226.9 0.0 15 0.0
227.0 0.0 15 0.0
227.1 0.0 15 0.0
227.2 0.0 15 0.0
227.3 0.0 15 0.0
227.4 0.0 15 0.0
227.5 0.0 15 0.0
227.6 0.0 15 0.0
227.7 0.0 15 0.0
227.8 0.0 15 0.0
227.9 0.0 15 0.0
228.0 0.0 15 0.0
228.1 0.0 15 0.0
228.2 0.0 15 0.0
228.3 0.0 15 0.0
228.4 0.0 15 0.0
228.5 0.0 15 0.0
228.6 0.0 15 0.0
228.7 0.0 15 0.0
228.8 0.0 15 0.0
228.9 0.0 15 0.0
229.0 0.0 15 0.0
229.1 0.0 15 0.0
229.2 0.0 15 0.0
229.3 0.0 15 0.0
229.4 0.0 15 0.0
229.5 0.0 15 0.0
229.6 0.0 15 0.0
229.7 0.0 15 0.0
229.8 0.0 15 0.0
229.9 0.0 15 0.0
230.0 0.0 15 0.0
230.1 0.0 15 0.0
230.2 0.0 15 0.0
230.3 0.0 15 0.0
230.4 0.0 15 0.0
230.5 0.0 15 0.0
230.6 0.0 15 0.0
230.7 0.0 15 0.0
230.8 0.0 15 0.0
230.9 0.0 15 0.0
231.0 0.0 15 0.0
231.1 0.0 15 0.0
231.2 0.0 15 0.0
231.3 0.0 15 0.0
231.4 0.0 15 0.0
231.5 0.0 15 0.0
231.6 0.0 15 0.0
231.7 0.0 15 0.0
231.8 0.0 15 0.0
231.9 0.0 15 0.0
232.0 0.0 15 0.0
232.1 0.0 15 0.0
232.2 0.0 15 0.0
232.3 0.0 15 0.0
232.4 0.0 15 0.0
232.5 0.0 15 0.0
232.6 0.0 15 0.0
232.7 0.0 15 0.0
232.8 0.0 15 0.0
232.9 0.0 15 0.0
233.0 0.0 15 0.0
233.1 0.0 15 0.0
233.2 0.0 15 0.0
233.3 0.0 15 0.0
233.4 0.0 15 0.0
233.5 0.0 15 0.0
233.6 0.0 15 0.0
233.7 0.0 15 0.0
233.8 0.0 15 0.0
233.9 0.0 15 0.0
234.0 0.0 15 0.0
234.1 0.0 15 0.0
234.2 0.0 15 0.0
234.3 0.0 15 0.0
234.4 0.0 15 0.0
234.5 0.0 15 0.0
234.6 0.0 15 0.0
234.7 0.0 15 0.0
234.8 0.0 15 0.0
234.9 0.0 15 0.0
235.0 0.0 15 0.0
235.1 0.0 15 0.0
235.2 0.0 15 0.0
235.3 0.0 15 0.0
235.4 0.0 15 0.0
235.5 0.0 15 0.0
235.6 0.0 15 0.0
235.7 0.0 15 0.0
235.8 0.0 15 0.0
235.9 0.0 15 0.0
236.0 0.0 15 0.0
236.1 0.0 15 0.0
236.2 0.0 15 0.0
236.3 0.0 15 0.0
236.4 0.0 15 0.0
236.5 0.0 15 0.0
236.6 0.0 15 0.0
236.7 0.0 15 0.0
236.8 0.0 15 0.0
236.9 0.0 15 0.0
237.0 0.0 15 0.0
237.1 0.0 15 0.0
237.2 0.0 15 0.0
237.3 0.0 15 0.0
237.4 0.0 15 0.0
237.5 0.0 15 0.0
237.6 0.0 15 0.0
237.7 0.0 15 0.0
237.8 0.0 15 0.0
237.9 0.0 15 0.0
238.0 0.0 15 0.0
238.1 0.0 15 0.0
238.2 0.0 15 0.0
238.3 0.0 15 0.0
238.4 0.0 15 0.0
238.5 0.0 15 0.0
238.6 0.0 15 0.0
238.7 0.0 15 0.0
238.8 0.0 15 0.0
238.9 0.0 15 0.0
239.0 0.0 15 0.0
239.1 0.0 15 0.0
239.2 0.0 15 0.0
239.3 0.0 15 0.0
239.4 0.0 15 0.0
239.5 0.0 15 0.0
239.6 0.0 15 0.0
239.7 0.0 15 0.0
239.8 0.0 15 0.0
239.9 0.0 15 0.0
240.0 0.0 15 0.0
240.1 0.0 15 0.0
240.2 0.0 15 0.0
240.3 0.0 15 0.0
240.4 0.0 15 0.0
240.5 0.0 15 0.0
240.6 0.0 15 0.0
240.7 0.0 15 0.0
240.8 0.0 15 0.0
240.9 0.0 15 0.0
241.0 0.0 15 0.0
241.1 0.0 15 0.0
241.2 0.0 15 0.0
241.3 0.0 15 0.0
241.4 0.0 15 0.0
241.5 0.0 15 0.0
241.6 0.0 15 0.0
241.7 0.0 15 0.0
241.8 0.0 15 0.0
241.9 0.0 15 0.0
242.0 0.0 15 0.0
242.1 0.0 15 0.0
242.2 0.0 15 0.0
242.3 0.0 15 0.0
242.4 0.0 15 0.0
242.5 0.0 15 0.0
242.6 0.0 15 0.0
242.7 0.0 15 0.0
242.8 0.0 15 0.0
242.9 0.0 15 0.0
243.0 0.0 15 0.0
243.1 0.0 15 0.0
243.2 0.0 15 0.0
243.3 0.0 15 0.0
243.4 0.0 15 0.0
243.5 0.0 15 0.0
243.6 0.0 15 0.0
243.7 0.0 15 0.0
243.8 0.0 15 0.0
243.9 0.0 15 0.0
244.0 0.0 15 0.0
244.1 0.0 15 0.0
244.2 0.0 15 0.0
244.3 0.0 15 0.0
244.4 0.0 15 0.0
244.5 0.0 15 0.0
244.6 0.0 15 0.0
244.7 0.0 15 0.0
244.8 0.0 15 0.0
244.9 0.0 15 0.0
245.0 0.0 15 0.0
245.1 0.0 15 0.0
245.2 0.0 15 0.0
245.3 0.0 15 0.0
245.4 0.0 15 0.0
245.5 0.0 15 0.0
245.6 0.0 15 0.0
245.7 0.0 15 0.0
245.8 0.0 15 0.0
245.9 0.0 15 0.0
246.0 0.0 15 0.0
246.1 0.0 15 0.0
246.2 0.0 15 0.0
246.3 0.0 15 0.0
246.4 0.0 15 0.0
246.5 0.0 15 0.0
246.6 0.0 15 0.0
246.7 0.0 15 0.0
246.8 0.0 15 0.0
246.9 0.0 15 0.0
247.0 0.0 15 0.0
247.1 0.0 15 0.0
247.2 0.0 15 0.0
247.3 0.0 15 0.0
247.4 0.0 15 0.0
247.5 0.0 15 0.0
247.6 0.0 15 0.0
247.7 0.0 15 0.0
247.8 0.0 15 0.0
247.9 0.0 15 0.0
248.0 0.0 15 0.0
248.1 0.0 15 0.0
248.2 0.0 15 0.0
248.3 0.0 15 0.0
248.4 0.0 15 0.0
248.5 0.0 15 0.0
248.6 0.0 15 0.0
248.7 0.0 15 0.0
248.8 0.0 15 0.0
248.9 0.0 15 0.0
249.0 0.0 15 0.0
249.1 0.0 15 0.0
249.2 0.0 15 0.0
249.3 0.0 15 0.0
249.4 0.0 15 0.0
249.5 0.0 15 0.0
249.6 0.0 15 0.0
249.7 0.0 15 0.0
249.8 0.0 15 0.0
249.9 0.0 15 0.0
250.0 0.0 15 0.0
250.1 0.0 15 0.0
250.2 0.0 15 0.0
250.3 0.0 15 0.0
250.4 0.0 15 0.0
250.5 0.0 15 0.0
250.6 0.0 15 0.0
250.7 0.0 15 0.0
250.8 0.0 15 0.0
250.9 0.0 15 0.0
251.0 0.0 15 0.0
251.1 0.0 15 0.0
251.2 0.0 15 0.0
251.3 0.0 15 0.0
251.4 0.0 15 0.0
251.5 0.0 15 0.0
251.6 0.0 15 0.0
251.7 0.0 15 0.0
251.8 0.0 15 0.0
251.9 0.0 15 0.0
252.0 0.0 15 0.0
252.1 0.0 15 0.0
252.2 0.0 15 0.0
252.3 0.0 15 0.0
252.4 0.0 15 0.0
252.5 0.0 15 0.0
252.6 0.0 15 0.0
252.7 0.0 15 0.0
252.8 0.0 15 0.0
252.9 0.0 15 0.0
253.0 0.0 15 0.0
253.1 0.0 15 0.0
253.2 0.0 15 0.0
253.3 0.0 15 0.0
253.4 0.0 15 0.0
253.5 0.0 15 0.0
253.6 0.0 15 0.0
253.7 0.0 15 0.0
253.8 0.0 15 0.0
253.9 0.0 15 0.0
254.0 0.0 15 0.0
254.1 0.0 15 0.0
254.2 0.0 15 0.0
254.3 0.0 15 0.0
254.4 0.0 15 0.0
254.5 0.0 15 0.0
254.6 0.0 15 0.0
254.7 0.0 15 0.0
254.8 0.0 15 0.0
254.9 0.0 15 0.0
255.0 0.0 15 0.0
255.1 0.0 15 0.0
255.2 0.0 15 0.0
255.3 0.0 15 0.0
255.4 0.0 15 0.0
255.5 0.0 15 0.0
255.6 0.0 15 0.0
255.7 0.0 15 0.0
255.8 0.0 15 0.0
255.9 0.0 15 0.0
256.0 0.0 15 0.0
256.1 0.0 15 0.0
256.2 0.0 15 0.0
256.3 0.0 15 0.0
256.4 0.0 15 0.0
256.5 0.0 15 0.0
256.6 0.0 15 0.0
256.7 0.0 15 0.0
256.8 0.0 15 0.0
256.9 0.0 15 0.0
257.0 0.0 15 0.0
257.1 0.0 15 0.0
257.2 0.0 15 0.0
257.3 0.0 15 0.0
257.4 0.0 15 0.0
257.5 0.0 15 0.0
257.6 0.0 15 0.0
257.7 0.0 15 0.0
257.8 0.0 15 0.0
257.9 0.0 15 0.0
258.0 0.0 15 0.0
258.1 0.0 15 0.0
258.2 0.0 15 0.0
258.3 0.0 15 0.0
258.4 0.0 15 0.0
258.5 0.0 15 0.0
258.6 0.0 15 0.0
258.7 0.0 15 0.0
258.8 0.0 15 0.0
258.9 0.0 15 0.0
259.0 0.0 15 0.0
259.1 0.0 15 0.0
259.2 0.0 15 0.0
259.3 0.0 15 0.0
259.4 0.0 15 0.0
259.5 0.0 15 0.0
259.6 0.0 15 0.0
259.7 0.0 15 0.0
259.8 0.0 15 0.0
259.9 0.0 15 0.0
260.0 0.0 15 0.0
260.1 0.0 15 0.0
260.2 0.0 15 0.0
260.3 0.0 15 0.0
260.4 0.0 15 0.0
260.5 0.0 15 0.0
260.6 0.0 15 0.0
260.7 0.0 15 0.0
260.8 0.0 15 0.0
260.9 0.0 15 0.0
261.0 0.0 15 0.0
261.1 0.0 15 0.0
261.2 0.0 15 0.0
261.3 0.0 15 0.0
261.4 0.0 15 0.0
261.5 0.0 15 0.0
261.6 0.0 15 0.0
261.7 0.0 15 0.0
261.8 0.0 15 0.0
261.9 0.0 15 0.0
262.0 0.0 15 0.0
262.1 0.0 15 0.0
262.2 0.0 15 0.0
262.3 0.0 15 0.0
262.4 0.0 15 0.0
262.5 0.0 15 0.0
262.6 0.0 15 0.0
262.7 0.0 15 0.0
262.8 0.0 15 0.0
262.9 0.0 15 0.0
263.0 0.0 15 0.0
263.1 0.0 15 0.0
263.2 0.0 15 0.0
263.3 0.0 15 0.0
263.4 0.0 15 0.0
263.5 0.0 15 0.0
263.6 0.0 15 0.0
263.7 0.0 15 0.0
263.8 0.0 15 0.0
263.9 0.0 15 0.0
264.0 0.0 15 0.0
264.1 0.0 15 0.0
264.2 0.0 15 0.0
264.3 0.0 15 0.0
264.4 0.0 15 0.0
264.5 0.0 15 0.0
264.6 0.0 15 0.0
264.7 0.0 15 0.0
264.8 0.0 15 0.0
264.9 0.0 15 0.0
265.0 0.0 15 0.0
265.1 0.0 15 0.0
265.2 0.0 15 0.0
265.3 0.0 15 0.0
265.4 0.0 15 0.0
265.5 0.0 15 0.0
265.6 0.0 15 0.0
265.7 0.0 15 0.0
265.8 0.0 15 0.0
265.9 0.0 15 0.0
266.0 0.0 15 0.0
266.1 0.0 15 0.0
266.2 0.0 15 0.0
266.3 0.0 15 0.0
266.4 0.0 15 0.0
266.5 0.0 15 0.0
266.6 0.0 15 0.0
266.7 0.0 15 0.0
266.8 0.0 15 0.0
266.9 0.0 15 0.0
267.0 0.0 15 0.0
267.1 0.0 15 0.0
267.2 0.0 15 0.0
267.3 0.0 15 0.0
267.4 0.0 15 0.0
267.5 0.0 15 0.0
267.6 0.0 15 0.0
267.7 0.0 15 0.0
267.8 0.0 15 0.0
267.9 0.0 15 0.0
268.0 0.0 15 0.0
268.1 0.0 15 0.0
268.2 0.0 15 0.0
268.3 0.0 15 0.0
268.4 0.0 15 0.0
268.5 0.0 15 0.0
268.6 0.0 15 0.0
268.7 0.0 15 0.0
268.8 0.0 15 0.0
268.9 0.0 15 0.0
269.0 0.0 15 0.0
269.1 0.0 15 0.0
269.2 0.0 15 0.0
269.3 0.0 15 0.0
269.4 0.0 15 0.0
269.5 0.0 15 0.0
269.6 0.0 15 0.0
269.7 0.0 15 0.0
269.8 0.0 15 0.0
269.9 0.0 15 0.0
270.0 0.0 15 0.0
270.1 0.0 15 0.0
270.2 0.0 15 0.0
270.3 0.0 15 0.0
270.4 0.0 15 0.0
270.5 0.0 15 0.0
270.6 0.0 15 0.0
270.7 0.0 15 0.0
270.8 0.0 15 0.0
270.9 0.0 15 0.0
271.0 0.0 15 0.0
271.1 0.0 15 0.0
271.2 0.0 15 0.0
271.3 0.0 15 0.0
271.4 0.0 15 0.0
271.5 0.0 15 0.0
271.6 0.0 15 0.0
271.7 0.0 15 0.0
271.8 0.0 15 0.0
271.9 0.0 15 0.0
272.0 0.0 15 0.0
272.1 0.0 15 0.0
272.2 0.0 15 0.0
272.3 0.0 15 0.0
272.4 0.0 15 0.0
272.5 0.0 15 0.0
272.6 251.0339 14 1.0
272.7 251.1209 14 1.0
272.8 251.2078 14 1.0
272.9 251.2948 14 1.0
273.0 251.3818 14 1.0
273.1 251.4688 14 1.0
273.2 251.5557 14 1.0
273.3 251.6427 14 1.0
273.4 251.7297 14 1.0
273.5 251.8166 14 1.0
273.6 251.9036 14 1.0
273.7 251.9906 14 1.0
273.8 252.0776 14 1.0
273.9 252.1645 14 1.0
274.0 252.2515 14 1.0
274.1 252.3385 14 1.0
274.2 252.4254 14 1.0
274.3 252.5124 14 1.0
274.4 252.5994 14 1.0
274.5 252.6864 14 1.0
274.6 252.7733 14 1.0
274.7 252.8603 14 1.0
274.8 252.9473 14 1.0
274.9 253.0342 14 1.0
275.0 253.1212 14 1.0
275.1 253.2082 14 1.0
275.2 253.2952 14 1.0
275.3 253.3821 14 1.0
275.4 253.4691 14 1.0
275.5 253.5561 14 1.0
275.6 253.643 14 1.0
275.7 253.73 14 1.0
275.8 253.817 14 1.0
275.9 253.9039 14 1.0
276.0 253.9909 14 1.0
276.1 254.0779 14 1.0
276.2 254.1649 14 1.0
276.3 254.2518 14 1.0
276.4 254.3388 14 1.0
276.5 254.4258 14 1.0
276.6 254.5127 14 1.0
276.7 254.5997 14 1.0
276.8 254.6867 14 1.0
276.9 254.7737 14 1.0
277.0 254.8606 14 1.0
277.1 254.9476 14 1.0
277.2 255.0346 14 1.0
277.3 255.1215 14 1.0
277.4 255.2085 14 1.0
277.5 255.2955 14 1.0
277.6 255.3825 14 1.0
277.7 255.4694 14 1.0
277.8 255.5564 14 1.0
277.9 255.6434 14 1.0
278.0 255.7303 14 1.0
278.1 255.8173 14 1.0
278.2 255.9043 14 1.0
278.3 255.9913 14 1.0
278.4 256.0782 14 1.0
278.5 256.1652 14 1.0
278.6 256.2522 14 1.0
278.7 256.3391 14 1.0
278.8 256.4261 14 1.0
278.9 256.5131 14 1.0
279.0 256.6001 14 1.0
279.1 256.687 14 1.0
279.2 256.774 14 1.0
279.3 256.861 14 1.0
279.4 256.9479 14 1.0
279.5 257.0349 14 1.0
279.6 257.1219 14 1.0
279.7 257.2089 14 1.0
279.8 257.2958 14 1.0
279.9 257.3828 14 1.0
280.0 257.4698 14 1.0
280.1 257.5567 14 1.0
280.2 257.6437 14 1.0
280.3 257.7307 14 1.0
280.4 257.8176 14 1.0
280.5 257.9046 14 1.0
280.6 257.9916 14 1.0
280.7 258.0786 14 1.0
280.8 258.1655 14 1.0
280.9 258.2525 14 1.0
281.0 258.3395 14 1.0
281.1 258.4264 14 1.0
281.2 258.5134 14 1.0
281.3 258.6004 14 1.0
281.4 258.6874 14 1.0
281.5 258.7743 14 1.0
281.6 258.8613 14 1.0
281.7 258.9483 14 1.0
281.8 259.0352 14 1.0
281.9 259.1222 14 1.0
282.0 259.2092 14 1.0
282.1 259.2962 14 1.0
282.2 259.3831 14 1.0
282.3 259.4701 14 1.0
282.4 259.5571 14 1.0
282.5 259.644 14 1.0
282.6 259.731 14 1.0
282.7 259.818 14 1.0
282.8 259.905 14 1.0
282.9 259.9919 14 1.0
283.0 260.0789 14 1.0
283.1 260.1659 14 1.0
283.2 260.2528 14 1.0
283.3 260.3398 14 1.0
283.4 260.4268 14 1.0
283.5 260.5138 14 1.0
283.6 260.6007 14 1.0
283.7 260.6877 14 1.0
283.8 260.7747 14 1.0
283.9 260.8616 14 1.0
284.0 260.9486 14 1.0
284.1 261.0356 14 1.0
284.2 261.1226 14 1.0
284.3 261.2095 14 1.0
284.4 261.2965 14 1.0
284.5 261.3835 14 1.0
284.6 261.4704 14 1.0
284.7 261.5574 14 1.0
284.8 261.6444 14 1.0
284.9 261.7313 14 1.0
285.0 261.8183 14 1.0
285.1 261.9053 14 1.0
285.2 261.9923 14 1.0
285.3 262.0792 14 1.0
285.4 262.1662 14 1.0
285.5 262.2532 14 1.0
285.6 262.3401 14 1.0
285.7 262.4271 14 1.0
285.8 262.5141 14 1.0
285.9 262.6011 14 1.0
286.0 262.688 14 1.0
286.1 262.775 14 1.0
286.2 262.862 14 1.0
286.3 262.9489 14 1.0
286.4 263.0359 14 1.0
286.5 263.1229 14 1.0
286.6 263.2099 14 1.0
286.7 263.2968 14 1.0
286.8 263.3838 14 1.0
286.9 263.4708 14 1.0
287.0 263.5577 14 1.0
287.1 263.6447 14 1.0
287.2 263.7317 14 1.0
287.3 263.8187 14 1.0
287.4 263.9056 14 1.0
287.5 263.9926 14 1.0
287.6 264.0796 14 1.0
287.7 264.1665 14 1.0
287.8 264.2535 14 1.0
287.9 264.3405 14 1.0
288.0 264.4275 14 1.0
288.1 264.5144 14 1.0
288.2 264.6014 14 1.0
288.3 264.6884 14 1.0
288.4 264.7753 14 1.0
288.5 264.8623 14 1.0
288.6 264.9493 14 1.0
288.7 265.0363 14 1.0
288.8 265.1232 14 1.0
288.9 265.2102 14 1.0
289.0 265.2972 14 1.0
289.1 265.3841 14 1.0
289.2 265.4711 14 1.0
289.3 265.5581 14 1.0
289.4 265.645 14 1.0
289.5 265.732 14 1.0
289.6 265.819 14 1.0
289.7 265.906 14 1.0
289.8 265.9929 14 1.0
289.9 266.0799 14 1.0
290.0 266.1669 14 1.0
290.1 266.2538 14 1.0
290.2 266.3408 14 1.0
290.3 266.4278 14 1.0
290.4 266.5148 14 1.0
290.5 266.6017 14 1.0
290.6 266.6887 14 1.0
290.7 266.7757 14 1.0
290.8 266.8626 14 1.0
290.9 266.9496 14 1.0
291.0 267.0366 14 1.0
291.1 267.1236 14 1.0
291.2 267.2105 14 1.0
291.3 267.2975 14 1.0
291.4 267.3845 14 1.0
291.5 267.4714 14 1.0
291.6 267.5584 14 1.0
291.7 267.6454 14 1.0
291.8 267.7324 14 1.0
291.9 267.8193 14 1.0
292.0 267.9063 14 1.0
292.1 267.9933 14 1.0
292.2 268.0802 14 1.0
292.3 268.1672 14 1.0
292.4 268.2542 14 1.0
292.5 268.3412 14 1.0
292.6 268.4281 14 1.0
292.7 268.5151 14 1.0
292.8 268.6021 14 1.0
292.9 268.689 14 1.0
293.0 268.776 14 1.0
293.1 268.863 14 1.0
293.2 268.95 14 1.0
293.3 269.0369 14 1.0
293.4 269.1239 14 1.0
293.5 269.2109 14 1.0
293.6 269.2978 14 1.0
293.7 269.3848 14 1.0
293.8 269.4718 14 1.0
293.9 269.5587 14 1.0
294.0 269.6457 14 1.0
294.1 269.7327 14 1.0
294.2 269.8197 14 1.0
294.3 269.9066 14 1.0
294.4 269.9936 14 1.0
294.5 270.0806 14 1.0
294.6 270.1675 14 1.0
294.7 270.2545 14 1.0
294.8 270.3415 14 1.0
294.9 270.4285 14 1.0
295.0 270.5154 14 1.0
295.1 270.6024 14 1.0
295.2 270.6894 14 1.0
295.3 270.7763 14 1.0
295.4 270.8633 14 1.0
295.5 270.9503 14 1.0
295.6 271.0373 14 1.0
295.7 271.1242 14 1.0
295.8 271.2112 14 1.0
295.9 271.2982 14 1.0
296.0 271.3851 14 1.0
296.1 271.4721 14 1.0
296.2 271.5591 14 1.0
296.3 271.6461 14 1.0
296.4 271.733 14 1.0
296.5 271.82 14 1.0
296.6 271.907 14 1.0
296.7 271.9939 14 1.0
296.8 272.0809 14 1.0
296.9 272.1679 14 1.0
297.0 272.2549 14 1.0
297.1 272.3418 14 1.0
297.2 272.4288 14 1.0
297.3 272.5158 14 1.0
297.4 272.6027 14 1.0
297.5 272.6897 14 1.0
297.6 272.7767 14 1.0
297.7 272.8637 14 1.0
297.8 272.9506 14 1.0
297.9 273.0376 14 1.0
298.0 273.1246 14 1.0
298.1 273.2115 14 1.0
298.2 273.2985 14 1.0
298.3 273.3855 14 1.0
298.4 273.4724 14 1.0
298.5 273.5594 14 1.0
298.6 273.6464 14 1.0
298.7 273.7334 14 1.0
298.8 273.8203 14 1.0
298.9 273.9073 14 1.0
299.0 273.9943 14 1.0
299.1 274.0812 14 1.0
299.2 274.1682 14 1.0
299.3 274.2552 14 1.0
299.4 274.3422 14 1.0
299.5 274.4291 14 1.0
299.6 274.5161 14 1.0
299.7 274.6031 14 1.0
299.8 274.69 14 1.0
299.9 274.777 14 1.0
300.0 274.864 14 1.0
300.1 274.9484 14 1.0
300.2 275.0328 14 1.0
300.3 275.1172 14 1.0
300.4 275.2016 14 1.0
300.5 275.2861 14 1.0
300.6 275.3705 14 1.0
300.7 275.4549 14 1.0
300.8 275.5393 14 1.0
300.9 275.6237 14 1.0
301.0 275.7081 14 1.0
301.1 275.7925 14 1.0
301.2 275.8769 14 1.0
301.3 275.9614 14 1.0
301.4 276.0458 14 1.0
301.5 276.1302 14 1.0
301.6 276.2146 14 1.0
301.7 276.299 14 1.0
301.8 276.3834 14 1.0
301.9 276.4678 14 1.0
302.0 276.5523 14 1.0
302.1 276.6367 14 1.0
302.2 276.7211 14 1.0
302.3 276.8055 14 1.0
302.4 276.8899 14 1.0
302.5 276.9743 14 1.0
302.6 277.0587 14 1.0
302.7 277.1432 14 1.0
302.8 277.2276 14 1.0
302.9 277.312 14 1.0
303.0 277.3964 14 1.0
303.1 277.4808 14 1.0
303.2 277.5652 14 1.0
303.3 277.6496 14 1.0
303.4 277.734 14 1.0
303.5 277.8185 14 1.0
303.6 277.9029 14 1.0
303.7 277.9873 14 1.0
303.8 278.0717 14 1.0
303.9 278.1561 14 1.0
304.0 278.2405 14 1.0
304.1 278.3249 14 1.0
304.2 278.4094 14 1.0
304.3 278.4938 14 1.0
304.4 278.5782 14 1.0
304.5 278.6626 14 1.0
304.6 278.747 14 1.0
304.7 278.8314 14 1.0
304.8 278.9158 14 1.0
304.9 279.0003 14 1.0
305.0 279.0847 14 1.0
305.1 279.1691 14 1.0
305.2 279.2535 14 1.0
305.3 279.3379 14 1.0
305.4 279.4223 14 1.0
305.5 279.5067 14 1.0
305.6 279.5911 14 1.0
305.7 279.6756 14 1.0
305.8 279.76 14 1.0
305.9 279.8444 14 1.0
306.0 279.9288 14 1.0
306.1 280.0132 14 1.0
306.2 280.0976 14 1.0
306.3 280.182 14 1.0
306.4 280.2665 14 1.0
306.5 280.3509 14 1.0
306.6 280.4353 14 1.0
306.7 280.5197 14 1.0
306.8 280.6041 14 1.0
306.9 280.6885 14 1.0
307.0 280.7729 14 1.0
307.1 280.8574 14 1.0
307.2 280.9418 14 1.0
307.3 281.0262 14 1.0
307.4 281.1106 14 1.0
307.5 281.195 14 1.0
307.6 281.2794 14 1.0
307.7 281.3638 14 1.0
307.8 281.4482 14 1.0
307.9 281.5327 14 1.0
308.0 281.6171 14 1.0
308.0 281.7015 14 1.0
308.2 281.7859 14 1.0
308.2 281.8703 14 1.0
308.4 281.9547 14 1.0
308.4 282.0391 14 1.0
308.5 282.1236 14 1.0
308.6 282.208 14 1.0
308.7 282.2924 14 1.0
308.8 282.3768 14 1.0
308.9 282.4612 14 1.0
309.0 282.5456 14 1.0
309.1 282.63 14 1.0
309.2 282.7145 14 1.0
309.3 282.7989 14 1.0
309.4 282.8833 14 1.0
309.5 282.9677 14 1.0
309.6 283.0521 14 1.0
309.7 283.1365 14 1.0
309.8 283.2209 14 1.0
309.9 283.3053 14 1.0
310.0 283.3898 14 1.0
310.1 283.4742 14 1.0
310.2 283.5586 14 1.0
310.3 283.643 14 1.0
310.4 283.7274 14 1.0
310.5 283.8118 14 1.0
310.6 283.8962 14 1.0
310.7 283.9807 14 1.0
310.8 284.0651 14 1.0
310.9 284.1495 14 1.0
311.0 284.2339 14 1.0
311.1 284.3183 14 1.0
311.2 284.4027 14 1.0
311.3 284.4871 14 1.0
311.4 284.5716 14 1.0
311.5 284.656 14 1.0
311.6 284.7404 14 1.0
311.7 284.8248 14 1.0
311.8 284.9092 14 1.0
311.9 284.9936 14 1.0
312.0 285.078 14 1.0
312.1 285.1624 14 1.0
312.2 285.2469 14 1.0
312.3 285.3313 14 1.0
312.4 285.4157 14 1.0
312.5 285.5001 14 1.0
312.6 285.5845 14 1.0
312.7 285.6689 14 1.0
312.8 285.7533 14 1.0
312.9 285.8378 14 1.0
313.0 285.9222 14 1.0
313.1 286.0066 14 1.0
313.2 286.091 14 1.0
313.3 286.1754 14 1.0
313.4 286.2598 14 1.0
313.5 286.3442 14 1.0
313.6 286.4287 14 1.0
313.7 286.5131 14 1.0
313.8 286.5975 14 1.0
313.9 286.6819 14 1.0
314.0 286.7663 14 1.0
314.1 286.8507 14 1.0
314.2 286.9351 14 1.0
314.3 287.0195 14 1.0
314.4 287.104 14 1.0
314.5 287.1884 14 1.0
314.6 287.2728 14 1.0
314.7 287.3572 14 1.0
314.8 287.4416 14 1.0
314.9 287.526 14 1.0
315.0 287.6104 14 1.0
315.1 287.6949 14 1.0
315.2 287.7793 14 1.0
315.3 287.8637 14 1.0
315.4 287.9481 14 1.0
315.5 288.0325 14 1.0
315.6 288.1169 14 1.0
315.7 288.2013 14 1.0
315.8 288.2857 14 1.0
315.9 288.3702 14 1.0
316.0 288.4546 14 1.0
316.1 288.539 14 1.0
316.2 288.6234 14 1.0
316.3 288.7078 14 1.0
316.4 288.7922 14 1.0
316.5 288.8766 14 1.0
316.6 288.9611 14 1.0
316.7 289.0455 14 1.0
316.8 289.1299 14 1.0
316.9 289.2143 14 1.0
317.0 289.2987 14 1.0
317.1 289.3831 14 1.0
317.2 289.4675 14 1.0
317.3 289.552 14 1.0
317.4 289.6364 14 1.0
317.5 289.7208 14 1.0
317.6 289.8052 14 1.0
317.7 289.8896 14 1.0
317.8 289.974 14 1.0
317.9 290.0584 14 1.0
318.0 290.1428 14 1.0
318.1 290.2273 14 1.0
318.2 290.3117 14 1.0
318.3 290.3961 14 1.0
318.4 290.4805 14 1.0
318.5 290.5649 14 1.0
318.6 290.6493 14 1.0
318.7 290.7337 14 1.0
318.8 290.8182 14 1.0
318.9 290.9026 14 1.0
319.0 290.987 14 1.0
319.1 291.0714 14 1.0
319.2 291.1558 14 1.0
319.3 291.2402 14 1.0
319.4 291.3246 14 1.0
319.5 291.4091 14 1.0
319.6 291.4935 14 1.0
319.7 291.5779 14 1.0
319.8 291.6623 14 1.0
319.9 291.7467 14 1.0
320.0 291.8311 14 1.0
320.1 291.9155 14 1.0
320.2 291.9999 14 1.0
320.3 292.0844 14 1.0
320.4 292.1688 14 1.0
320.5 292.2532 14 1.0
320.6 292.3376 14 1.0
320.7 292.422 14 1.0
320.8 292.5064 14 1.0
320.9 292.5908 14 1.0
321.0 292.6753 14 1.0
321.1 292.7597 14 1.0
321.2 292.8441 14 1.0
321.3 292.9285 14 1.0
321.4 293.0129 14 1.0
321.5 293.0973 14 1.0
321.6 293.1817 14 1.0
321.7 293.2662 14 1.0
321.8 293.3506 14 1.0
321.9 293.435 14 1.0
322.0 293.5194 14 1.0
322.1 293.6038 14 1.0
322.2 293.6882 14 1.0
322.3 293.7726 14 1.0
322.4 293.857 14 1.0
322.5 293.9415 14 1.0
322.6 294.0259 14 1.0
322.7 294.1103 14 1.0
322.8 294.1947 14 1.0
322.9 294.2791 14 1.0
323.0 294.3635 14 1.0
323.1 294.4479 14 1.0
323.2 294.5324 14 1.0
323.3 294.6168 14 1.0
323.4 294.7012 14 1.0
323.5 294.7856 14 1.0
323.6 294.87 14 1.0
323.7 294.9544 14 1.0
323.8 295.0388 14 1.0
323.9 295.1233 14 1.0
324.0 295.2077 14 1.0
324.1 295.2921 14 1.0
324.2 295.3765 14 1.0
324.3 295.4609 14 1.0
324.4 295.5453 14 1.0
324.5 295.6297 14 1.0
324.6 295.7141 14 1.0
324.7 295.7986 14 1.0
324.8 295.883 14 1.0
324.9 295.9674 14 1.0
325.0 296.0518 14 1.0
325.1 296.1362 14 1.0
325.2 296.2206 14 1.0
325.3 296.305 14 1.0
325.4 296.3895 14 1.0
325.5 296.4739 14 1.0
325.6 296.5583 14 1.0
325.7 296.6427 14 1.0
325.8 296.7271 14 1.0
325.9 296.8115 14 1.0
326.0 296.8959 14 1.0
326.1 296.9804 14 1.0
326.2 297.0648 14 1.0
326.3 297.1492 14 1.0
326.4 297.2336 14 1.0
326.5 297.318 14 1.0
326.6 297.4024 14 1.0
326.7 297.4868 14 1.0
326.8 297.5712 14 1.0
326.9 297.6557 14 1.0
327.0 297.7401 14 1.0
327.1 297.8245 14 1.0
327.2 297.9089 14 1.0
327.3 297.9933 14 1.0
327.4 298.0777 14 1.0
327.5 298.1621 14 1.0
327.6 298.2466 14 1.0
327.7 298.331 14 1.0
327.8 298.4154 14 1.0
327.9 298.4998 14 1.0
328.0 298.5842 14 1.0
328.1 298.6686 14 1.0
328.2 298.753 14 1.0
328.3 298.8375 14 1.0
328.4 298.9219 14 1.0
328.5 299.0063 14 1.0
328.6 299.0907 14 1.0
328.7 299.1751 14 1.0
328.8 299.2595 14 1.0
328.9 299.3439 14 1.0
329.0 299.4283 14 1.0
329.1 299.5128 14 1.0
329.2 299.5972 14 1.0
329.3 299.6816 14 1.0
329.4 299.766 14 1.0
329.5 299.8504 14 1.0
329.6 299.9348 14 1.0
329.7 300.0192 14 1.0
329.8 300.1037 14 1.0
329.9 300.1881 14 1.0
330.0 300.2725 14 1.0
330.1 300.3569 14 1.0
330.2 300.4413 14 1.0
330.3 300.5257 14 1.0
330.4 300.6101 14 1.0
330.5 300.6946 14 1.0
330.6 300.779 14 1.0
330.7 300.8634 14 1.0
330.8 300.9478 14 1.0
330.9 301.0322 14 1.0
331.0 301.1166 14 1.0
331.1 301.201 14 1.0
331.2 301.2854 14 1.0
331.3 301.3699 14 1.0
331.4 301.4543 14 1.0
331.5 301.5387 14 1.0
331.6 301.6231 14 1.0
331.7 301.7075 14 1.0
331.8 301.7919 14 1.0
331.9 301.8763 14 1.0
332.0 301.9608 14 1.0
332.1 302.0452 14 1.0
332.2 302.1296 14 1.0
332.3 302.214 14 1.0
332.4 302.2984 14 1.0
332.5 302.3828 14 1.0
332.6 302.4672 14 1.0
332.7 302.5517 14 1.0
332.8 302.6361 14 1.0
332.9 302.7205 14 1.0
333.0 302.8049 14 1.0
333.1 302.8893 14 1.0
333.2 302.9737 14 1.0
333.3 303.0581 14 1.0
333.4 303.1425 14 1.0
333.5 303.227 14 1.0
333.6 303.3114 14 1.0
333.7 303.3958 14 1.0
333.8 303.4802 14 1.0
333.9 303.5646 14 1.0
334.0 303.649 14 1.0
334.1 303.7334 14 1.0
334.2 303.8179 14 1.0
334.3 303.9023 14 1.0
334.4 303.9867 14 1.0
334.5 304.0711 14 1.0
334.6 304.1555 14 1.0
334.7 304.2399 14 1.0
334.8 304.3243 14 1.0
334.9 304.4087 14 1.0
335.0 304.4932 14 1.0
335.1 304.5776 14 1.0
335.2 304.662 14 1.0
335.3 304.7464 14 1.0
335.4 304.8308 14 1.0
335.5 304.9152 14 1.0
335.6 304.9996 14 1.0
335.7 305.0841 14 1.0
335.8 305.1685 14 1.0
335.9 305.2529 14 1.0
336.0 305.3373 14 1.0
336.1 305.4217 14 1.0
336.2 305.5061 14 1.0
336.3 305.5905 14 1.0
336.4 305.675 14 1.0
336.5 305.7594 14 1.0
336.6 305.8438 14 1.0
336.7 305.9282 14 1.0
336.8 306.0126 14 1.0
336.9 306.097 14 1.0
337.0 306.1814 14 1.0
337.1 306.2658 14 1.0
337.2 306.3503 14 1.0
337.3 306.4347 14 1.0
337.4 306.5191 14 1.0
337.5 306.6035 14 1.0
337.6 306.6879 14 1.0
337.7 306.7723 14 1.0
337.8 306.8567 14 1.0
337.9 306.9412 14 1.0
338.0 307.0256 14 1.0
338.1 307.11 14 1.0
338.2 307.1944 14 1.0
338.3 307.2788 14 1.0
338.4 307.3632 14 1.0
338.5 307.4476 14 1.0
338.6 307.5321 14 1.0
338.7 307.6165 14 1.0
338.8 307.7009 14 1.0
338.9 307.7853 14 1.0
339.0 307.8697 14 1.0
339.1 307.9541 14 1.0
339.2 308.0385 14 1.0
339.3 308.1229 14 1.0
339.4 308.2074 14 1.0
339.5 308.2918 14 1.0
339.6 308.3762 14 1.0
339.7 308.4606 14 1.0
339.8 308.545 14 1.0
339.9 308.6294 14 1.0
340.0 308.7138 14 1.0
340.1 308.7983 14 1.0
340.2 308.8827 14 1.0
340.3 308.9671 14 1.0
340.4 309.0515 14 1.0
340.5 309.1359 14 1.0
340.6 309.2203 14 1.0
340.7 309.3047 14 1.0
340.8 309.3892 14 1.0
340.9 309.4736 14 1.0
341.0 309.558 14 1.0
341.1 309.6424 14 1.0
341.2 309.7268 14 1.0
341.3 309.8112 14 1.0
341.4 309.8956 14 1.0
341.5 309.98 14 1.0
341.6 310.0645 14 1.0
341.7 310.1489 14 1.0
341.8 310.2333 14 1.0
341.9 310.3177 14 1.0
342.0 310.4021 14 1.0
342.1 310.4865 14 1.0
342.2 310.5709 14 1.0
342.3 310.6554 14 1.0
342.4 310.7398 14 1.0
342.5 310.8242 14 1.0
342.6 310.9086 14 1.0
342.7 310.993 14 1.0
342.8 311.0774 14 1.0
342.9 311.1618 14 1.0
343.0 311.2463 14 1.0
343.1 311.3307 14 1.0
343.2 311.4151 14 1.0
343.3 311.4995 14 1.0
343.4 311.5839 14 1.0
343.5 311.6683 14 1.0
343.6 311.7527 14 1.0
343.7 311.8371 14 1.0
343.8 311.9216 14 1.0
343.9 312.006 14 1.0
344.0 312.0904 14 1.0
344.1 312.1748 14 1.0
344.2 312.2592 14 1.0
344.3 312.3436 14 1.0
344.4 312.428 14 1.0
344.5 312.5125 14 1.0
344.6 312.5969 14 1.0
344.7 312.6813 14 1.0
344.8 312.7657 14 1.0
344.9 312.8501 14 1.0
345.0 312.9345 14 1.0
345.1 313.0189 14 1.0
345.2 313.1034 14 1.0
345.3 313.1878 14 1.0
345.4 313.2722 14 1.0
345.5 313.3566 14 1.0
345.6 313.441 14 1.0
345.7 313.5254 14 1.0
345.8 313.6098 14 1.0
345.9 313.6942 14 1.0
346.0 313.7787 14 1.0
346.1 313.8631 14 1.0
346.2 313.9475 14 1.0
346.3 314.0319 14 1.0
346.4 314.1163 14 1.0
346.5 314.2007 14 1.0
346.6 314.2851 14 1.0
346.7 314.3696 14 1.0
346.8 314.454 14 1.0
346.9 314.5384 14 1.0
347.0 314.6228 14 1.0
347.1 314.7072 14 1.0
347.2 314.7916 14 1.0
347.3 314.876 14 1.0
347.4 314.9605 14 1.0
347.5 315.0449 14 1.0
347.6 315.1293 14 1.0
347.7 315.2137 14 1.0
347.8 315.2981 14 1.0
347.9 315.3825 14 1.0
348.0 315.4669 14 1.0
348.1 315.5513 14 1.0
348.2 315.6358 14 1.0
348.3 315.7202 14 1.0
348.4 315.8046 14 1.0
348.5 315.889 14 1.0
348.6 315.9734 14 1.0
348.7 316.0578 14 1.0
348.8 316.1422 14 1.0
348.9 316.2267 14 1.0
349.0 316.3111 14 1.0
349.1 316.3955 14 1.0
349.2 316.4799 14 1.0
349.3 316.5643 14 1.0
349.4 316.6487 14 1.0
349.5 316.7331 14 1.0
349.6 316.8176 14 1.0
349.7 316.902 14 1.0
349.8 316.9864 14 1.0
349.9 317.0708 14 1.0
350.0 317.1549 14 1.0
350.1 317.2389 14 1.0
350.2 317.323 14 1.0
350.3 317.407 14 1.0
350.4 317.4911 14 1.0
350.5 317.5751 14 1.0
350.6 317.6592 14 1.0
350.7 317.7433 14 1.0
350.8 317.8273 14 1.0
350.9 317.9114 14 1.0
351.0 317.9954 14 1.0
351.1 318.0795 14 1.0
351.2 318.1636 14 1.0
351.3 318.2476 14 1.0
351.4 318.3317 14 1.0
351.5 318.4157 14 1.0
351.6 318.4998 14 1.0
351.7 318.5839 14 1.0
351.8 318.6679 14 1.0
351.9 318.752 14 1.0
352.0 318.836 14 1.0
352.1 318.9201 14 1.0
352.2 319.0041 14 1.0
352.3 319.0882 14 1.0
352.4 319.1723 14 1.0
352.5 319.2563 14 1.0
352.6 319.3404 14 1.0
352.7 319.4244 14 1.0
352.8 319.5085 14 1.0
352.9 319.5926 14 1.0
353.0 319.6766 14 1.0
353.1 319.7607 14 1.0
353.2 319.8447 14 1.0
353.3 319.9288 14 1.0
353.4 320.0129 14 1.0
353.5 320.0969 14 1.0
353.6 320.181 14 1.0
353.7 320.265 14 1.0
353.8 320.3491 14 1.0
353.9 320.4331 14 1.0
354.0 320.5172 14 1.0
354.1 320.6013 14 1.0
354.2 320.6853 14 1.0
354.3 320.7694 14 1.0
354.4 320.8534 14 1.0
354.5 320.9375 14 1.0
354.6 321.0216 14 1.0
354.7 321.1056 14 1.0
354.8 321.1897 14 1.0
354.9 321.2737 14 1.0
355.0 321.3578 14 1.0
355.1 321.4419 14 1.0
355.2 321.5259 14 1.0
355.3 321.61 14 1.0
355.4 321.694 14 1.0
355.5 321.7781 14 1.0
355.6 321.8621 14 1.0
355.7 321.9462 14 1.0
355.8 322.0303 14 1.0
355.9 322.1143 14 1.0
356.0 322.1984 14 1.0
356.1 322.2824 14 1.0
356.2 322.3665 14 1.0
356.3 322.4506 14 1.0
356.4 322.5346 14 1.0
356.5 322.6187 14 1.0
356.6 322.7027 14 1.0
356.7 322.7868 14 1.0
356.8 322.8709 14 1.0
356.9 322.9549 14 1.0
357.0 323.039 14 1.0
357.1 323.123 14 1.0
357.2 323.2071 14 1.0
357.3 323.2911 14 1.0
357.4 323.3752 14 1.0
357.5 323.4593 14 1.0
357.6 323.5433 14 1.0
357.7 323.6274 14 1.0
357.8 323.7114 14 1.0
357.9 323.7955 14 1.0
358.0 323.8796 14 1.0
358.1 323.9636 14 1.0
358.2 324.0477 14 1.0
358.3 324.1317 14 1.0
358.4 324.2158 14 1.0
358.5 324.2999 14 1.0
358.6 324.3839 14 1.0
358.7 324.468 14 1.0
358.8 324.552 14 1.0
358.9 324.6361 14 1.0
359.0 324.7201 14 1.0
359.1 324.8042 14 1.0
359.2 324.8883 14 1.0
359.3 324.9723 14 1.0
359.4 325.0564 14 1.0
359.5 325.1404 14 1.0
359.6 325.2245 14 1.0
359.7 325.3086 14 1.0
359.8 325.3926 14 1.0
359.9 325.4767 14 1.0
360.0 325.5607 14 1.0
360.1 325.6448 14 1.0
360.2 325.7289 14 1.0
360.3 325.8129 14 1.0
360.4 325.897 14 1.0
360.5 325.981 14 1.0
360.6 326.0651 14 1.0
360.7 326.1491 14 1.0
360.8 326.2332 14 1.0
360.9 326.3173 14 1.0
361.0 326.4013 14 1.0
361.1 326.4854 14 1.0
361.2 326.5694 14 1.0
361.3 326.6535 14 1.0
361.4 326.7376 14 1.0
361.5 326.8216 14 1.0
361.6 326.9057 14 1.0
361.7 326.9897 14 1.0
361.8 327.0738 14 1.0
361.9 327.1579 14 1.0
362.0 327.2419 14 1.0
362.1 327.326 14 1.0
362.2 327.41 14 1.0
362.3 327.4941 14 1.0
362.4 327.5781 14 1.0
362.5 327.6622 14 1.0
362.6 327.7463 14 1.0
362.7 327.8303 14 1.0
362.8 327.9144 14 1.0
362.9 327.9984 14 1.0
363.0 328.0825 14 1.0
363.1 328.1666 14 1.0
363.2 328.2506 14 1.0
363.3 328.3347 14 1.0
363.4 328.4187 14 1.0
363.5 328.5028 14 1.0
363.6 328.5869 14 1.0
363.7 328.6709 14 1.0
363.8 328.755 14 1.0
363.9 328.839 14 1.0
364.0 328.9231 14 1.0
364.1 329.0071 14 1.0
364.2 329.0912 14 1.0
364.3 329.1753 14 1.0
364.4 329.2593 14 1.0
364.5 329.3434 14 1.0
364.6 329.4274 14 1.0
364.7 329.5115 14 1.0
364.8 329.5956 14 1.0
364.9 329.6796 14 1.0
365.0 329.7637 14 1.0
365.1 329.8477 14 1.0
365.2 329.9318 14 1.0
365.3 330.0159 14 1.0
365.4 330.0999 14 1.0
365.5 330.184 14 1.0
365.6 330.268 14 1.0
365.7 330.3521 14 1.0
365.8 330.4361 14 1.0
365.9 330.5202 14 1.0
366.0 330.6043 14 1.0
366.1 330.6883 14 1.0
366.2 330.7724 14 1.0
366.3 330.8564 14 1.0
366.4 330.9405 14 1.0
366.5 331.0246 14 1.0
366.6 331.1086 14 1.0
366.7 331.1927 14 1.0
366.8 331.2767 14 1.0
366.9 331.3608 14 1.0
367.0 331.4449 14 1.0
367.1 331.5289 14 1.0
367.2 331.613 14 1.0
367.3 331.697 14 1.0
367.4 331.7811 14 1.0
367.5 331.8651 14 1.0
367.6 331.9492 14 1.0
367.7 332.0333 14 1.0
367.8 332.1173 14 1.0
367.9 332.2014 14 1.0
368.0 332.2854 14 1.0
368.1 332.3695 14 1.0
368.2 332.4536 14 1.0
368.3 332.5376 14 1.0
368.4 332.6217 14 1.0
368.5 332.7057 14 1.0
368.6 332.7898 14 1.0
368.7 332.8739 14 1.0
368.8 332.9579 14 1.0
368.9 333.042 14 1.0
369.0 333.126 14 1.0
369.1 333.2101 14 1.0
369.2 333.2941 14 1.0
369.3 333.3782 14 1.0
369.4 333.4623 14 1.0
369.5 333.5463 14 1.0
369.6 333.6304 14 1.0
369.7 333.7144 14 1.0
369.8 333.7985 14 1.0
369.9 333.8826 14 1.0
370.0 333.9666 14 1.0
370.1 334.0507 14 1.0
370.2 334.1347 14 1.0
370.3 334.2188 14 1.0
370.4 334.3029 14 1.0
370.5 334.3869 14 1.0
370.6 334.471 14 1.0
370.7 334.555 14 1.0
370.8 334.6391 14 1.0
370.9 334.7231 14 1.0
371.0 334.8072 14 1.0
371.1 334.8913 14 1.0
371.2 334.9753 14 1.0
371.3 335.0594 14 1.0
371.4 335.1434 14 1.0
371.5 335.2275 14 1.0
371.6 335.3116 14 1.0
371.7 335.3956 14 1.0
371.8 335.4797 14 1.0
371.9 335.5637 14 1.0
372.0 335.6478 14 1.0
372.1 335.7319 14 1.0
372.2 335.8159 14 1.0
372.3 335.9 14 1.0
372.4 335.984 14 1.0
372.5 336.0681 14 1.0
372.6 336.1521 14 1.0
372.7 336.2362 14 1.0
372.8 336.3203 14 1.0
372.9 336.4043 14 1.0
373.0 336.4884 14 1.0
373.1 336.5724 14 1.0
373.2 336.6565 14 1.0
373.3 336.7406 14 1.0
373.4 336.8246 14 1.0
373.5 336.9087 14 1.0
373.6 336.9927 14 1.0
373.7 337.0768 14 1.0
373.8 337.1609 14 1.0
373.9 337.2449 14 1.0
374.0 337.329 14 1.0
374.1 337.413 14 1.0
374.2 337.4971 14 1.0
374.3 337.5811 14 1.0
374.4 337.6652 14 1.0
374.5 337.7493 14 1.0
374.6 337.8333 14 1.0
374.7 337.9174 14 1.0
374.8 338.0014 14 1.0
374.9 338.0855 14 1.0
375.0 338.1696 14 1.0
375.1 338.2536 14 1.0
375.2 338.3377 14 1.0
375.3 338.4217 14 1.0
375.4 338.5058 14 1.0
375.5 338.5899 14 1.0
375.6 338.6739 14 1.0
375.7 338.758 14 1.0
375.8 338.842 14 1.0
375.9 338.9261 14 1.0
376.0 339.0101 14 1.0
376.1 339.0942 14 1.0
376.2 339.1783 14 1.0
376.3 339.2623 14 1.0
376.4 339.3464 14 1.0
376.5 339.4304 14 1.0
376.6 339.5145 14 1.0
376.7 339.5986 14 1.0
376.8 339.6826 14 1.0
376.9 339.7667 14 1.0
377.0 339.8507 14 1.0
377.1 339.9348 14 1.0
377.2 340.0189 14 1.0
377.3 340.1029 14 1.0
377.4 340.187 14 1.0
377.5 340.271 14 1.0
377.6 340.3551 14 1.0
377.7 340.4391 14 1.0
377.8 340.5232 14 1.0
377.9 340.6073 14 1.0
378.0 340.6913 14 1.0
378.1 340.7754 14 1.0
378.2 340.8594 14 1.0
378.3 340.9435 14 1.0
378.4 341.0276 14 1.0
378.5 341.1116 14 1.0
378.6 341.1957 14 1.0
378.7 341.2797 14 1.0
378.8 341.3638 14 1.0
378.9 341.4479 14 1.0
379.0 341.5319 14 1.0
379.1 341.616 14 1.0
379.2 341.7 14 1.0
379.3 341.7841 14 1.0
379.4 341.8681 14 1.0
379.5 341.9522 14 1.0
379.6 342.0363 14 1.0
379.7 342.1203 14 1.0
379.8 342.2044 14 1.0
379.9 342.2884 14 1.0
380.0 342.3725 14 1.0
380.1 342.4566 14 1.0
380.2 342.5406 14 1.0
380.3 342.6247 14 1.0
380.4 342.7087 14 1.0
380.5 342.7928 14 1.0
380.6 342.8769 14 1.0
380.7 342.9609 14 1.0
380.8 343.045 14 1.0
380.9 343.129 14 1.0
381.0 343.2131 14 1.0
381.1 343.2971 14 1.0
381.2 343.3812 14 1.0
381.3 343.4653 14 1.0
381.4 343.5493 14 1.0
381.5 343.6334 14 1.0
381.6 343.7174 14 1.0
381.7 343.8015 14 1.0
381.8 343.8856 14 1.0
381.9 343.9696 14 1.0
382.0 344.0537 14 1.0
382.1 344.1377 14 1.0
382.2 344.2218 14 1.0
382.3 344.3059 14 1.0
382.4 344.3899 14 1.0
382.5 344.474 14 1.0
382.6 344.558 14 1.0
382.7 344.6421 14 1.0
382.8 344.7261 14 1.0
382.9 344.8102 14 1.0
383.0 344.8943 14 1.0
383.1 344.9783 14 1.0
383.2 345.0624 14 1.0
383.3 345.1464 14 1.0
383.4 345.2305 14 1.0
383.5 345.3146 14 1.0
383.6 345.3986 14 1.0
383.7 345.4827 14 1.0
383.8 345.5667 14 1.0
383.9 345.6508 14 1.0
384.0 345.7349 14 1.0
384.1 345.8189 14 1.0
384.2 345.903 14 1.0
384.3 345.987 14 1.0
384.4 346.0711 14 1.0
384.5 346.1552 14 1.0
384.6 346.2392 14 1.0
384.7 346.3233 14 1.0
384.8 346.4073 14 1.0
384.9 346.4914 14 1.0
385.0 346.5754 14 1.0
385.1 346.6595 14 1.0
385.2 346.7436 14 1.0
385.3 346.8276 14 1.0
385.4 346.9117 14 1.0
385.5 346.9957 14 1.0
385.6 347.0798 14 1.0
385.7 347.1639 14 1.0
385.8 347.2479 14 1.0
385.9 347.332 14 1.0
386.0 347.416 14 1.0
386.1 347.5001 14 1.0
386.2 347.5842 14 1.0
386.3 347.6682 14 1.0
386.4 347.7523 14 1.0
386.5 347.8363 14 1.0
386.6 347.9204 14 1.0
386.7 348.0044 14 1.0
386.8 348.0885 14 1.0
386.9 348.1726 14 1.0
387.0 348.2566 14 1.0
387.1 348.3407 14 1.0
387.2 348.4247 14 1.0
387.3 348.5088 14 1.0
387.4 348.5929 14 1.0
387.5 348.6769 14 1.0
387.6 348.761 14 1.0
387.7 348.845 14 1.0
387.8 348.9291 14 1.0
387.9 349.0132 14 1.0
388.0 349.0972 14 1.0
388.1 349.1813 14 1.0
388.2 349.2653 14 1.0
388.3 349.3494 14 1.0
388.4 349.4334 14 1.0
388.5 349.5175 14 1.0
388.6 349.6016 14 1.0
388.7 349.6856 14 1.0
388.8 349.7697 14 1.0
388.9 349.8537 14 1.0
389.0 349.9378 14 1.0
389.1 350.0219 14 1.0
389.2 350.1059 14 1.0
389.3 350.19 14 1.0
389.4 350.274 14 1.0
389.5 350.3581 14 1.0
389.6 350.4422 14 1.0
389.7 350.5262 14 1.0
389.8 350.6103 14 1.0
389.9 350.6943 14 1.0
390.0 350.7784 14 1.0
390.1 350.8624 14 1.0
390.2 350.9465 14 1.0
390.3 351.0306 14 1.0
390.4 351.1146 14 1.0
390.5 351.1987 14 1.0
390.6 351.2827 14 1.0
390.7 351.3668 14 1.0
390.8 351.4509 14 1.0
390.9 351.5349 14 1.0
391.0 351.619 14 1.0
391.1 351.703 14 1.0
391.2 351.7871 14 1.0
391.3 351.8712 14 1.0
391.4 351.9552 14 1.0
391.5 352.0393 14 1.0
391.6 352.1233 14 1.0
391.7 352.2074 14 1.0
391.8 352.2914 14 1.0
391.9 352.3755 14 1.0
392.0 352.4596 14 1.0
392.1 352.5436 14 1.0
392.2 352.6277 14 1.0
392.3 352.7117 14 1.0
392.4 352.7958 14 1.0
392.5 352.8799 14 1.0
392.6 352.9639 14 1.0
392.7 353.048 14 1.0
392.8 353.132 14 1.0
392.9 353.2161 14 1.0
393.0 353.3002 14 1.0
393.1 353.3842 14 1.0
393.2 353.4683 14 1.0
393.3 353.5523 14 1.0
393.4 353.6364 14 1.0
393.5 353.7204 14 1.0
393.6 353.8045 14 1.0
393.7 353.8886 14 1.0
393.8 353.9726 14 1.0
393.9 354.0567 14 1.0
394.0 354.1407 14 1.0
394.1 354.2248 14 1.0
394.2 354.3089 14 1.0
394.3 354.3929 14 1.0
394.4 354.477 14 1.0
394.5 354.561 14 1.0
394.6 354.6451 14 1.0
394.7 354.7292 14 1.0
394.8 354.8132 14 1.0
394.9 354.8973 14 1.0
395.0 354.9813 14 1.0
395.1 355.0654 14 1.0
395.2 355.1494 14 1.0
395.3 355.2335 14 1.0
395.4 355.3176 14 1.0
395.5 355.4016 14 1.0
395.6 355.4857 14 1.0
395.7 355.5697 14 1.0
395.8 355.6538 14 1.0
395.9 355.7379 14 1.0
396.0 355.8219 14 1.0
396.1 355.906 14 1.0
396.2 355.99 14 1.0
396.3 356.0741 14 1.0
396.4 356.1582 14 1.0
396.5 356.2422 14 1.0
396.6 356.3263 14 1.0
396.7 356.4103 14 1.0
396.8 356.4944 14 1.0
396.9 356.5784 14 1.0
397.0 356.6625 14 1.0
397.1 356.7466 14 1.0
397.2 356.8306 14 1.0
397.3 356.9147 14 1.0
397.4 356.9987 14 1.0
397.5 357.0828 14 1.0
397.6 357.1669 14 1.0
397.7 357.2509 14 1.0
397.8 357.335 14 1.0
397.9 357.419 14 1.0
398.0 357.5031 14 1.0
398.1 357.5872 14 1.0
398.2 357.6712 14 1.0
398.3 357.7553 14 1.0
398.4 357.8393 14 1.0
398.5 357.9234 14 1.0
398.6 358.0074 14 1.0
398.7 358.0915 14 1.0
398.8 358.1756 14 1.0
398.9 358.2596 14 1.0
399.0 358.3437 14 1.0
399.1 358.4277 14 1.0
399.2 358.5118 14 1.0
399.3 358.5959 14 1.0
399.4 358.6799 14 1.0
399.5 358.764 14 1.0
399.6 358.848 14 1.0
399.7 358.9321 14 1.0
399.8 359.0162 14 1.0
399.9 359.1002 14 1.0
400.0 359.1786 14 1.0
400.1 359.257 14 1.0
400.2 359.3354 14 1.0
400.3 359.4138 14 1.0
400.4 359.4922 14 1.0
400.5 359.5706 14 1.0
400.6 359.649 14 1.0
400.7 359.7274 14 1.0
400.8 359.8058 14 1.0
400.9 359.8842 14 1.0
401.0 359.9626 14 1.0
401.1 360.0409 14 1.0
401.2 360.1193 14 1.0
401.3 360.1977 14 1.0
401.4 360.2761 14 1.0
401.5 360.3545 14 1.0
401.6 360.4329 14 1.0
401.7 360.5113 14 1.0
401.8 360.5897 14 1.0
401.9 360.6681 14 1.0
402.0 360.7465 14 1.0
402.1 360.8249 14 1.0
402.2 360.9033 14 1.0
402.3 360.9817 14 1.0
402.4 361.0601 14 1.0
402.5 361.1385 14 1.0
402.6 361.2169 14 1.0
402.7 361.2953 14 1.0
402.8 361.3737 14 1.0
402.9 361.452 14 1.0
403.0 361.5304 14 1.0
403.1 361.6088 14 1.0
403.2 361.6872 14 1.0
403.3 361.7656 14 1.0
403.4 361.844 14 1.0
403.5 361.9224 14 1.0
403.6 362.0008 14 1.0
403.7 362.0792 14 1.0
403.8 362.1576 14 1.0
403.9 362.236 14 1.0
404.0 362.3144 14 1.0
404.1 362.3928 14 1.0
404.2 362.4712 14 1.0
404.3 362.5496 14 1.0
404.4 362.628 14 1.0
404.5 362.7064 14 1.0
404.6 362.7847 14 1.0
404.7 362.8631 14 1.0
404.8 362.9415 14 1.0
404.9 363.0199 14 1.0
405.0 363.0983 14 1.0
405.1 363.1767 14 1.0
405.2 363.2551 14 1.0
405.3 363.3335 14 1.0
405.4 363.4119 14 1.0
405.5 363.4903 14 1.0
405.6 363.5687 14 1.0
405.7 363.6471 14 1.0
405.8 363.7255 14 1.0
405.9 363.8039 14 1.0
406.0 363.8823 14 1.0
406.1 363.9607 14 1.0
406.2 364.0391 14 1.0
406.3 364.1175 14 1.0
406.4 364.1958 14 1.0
406.5 364.2742 14 1.0
406.6 364.3526 14 1.0
406.7 364.431 14 1.0
406.8 364.5094 14 1.0
406.9 364.5878 14 1.0
407.0 364.6662 14 1.0
407.1 364.7446 14 1.0
407.2 364.823 14 1.0
407.3 364.9014 14 1.0
407.4 364.9798 14 1.0
407.5 365.0582 14 1.0
407.6 365.1366 14 1.0
407.7 365.215 14 1.0
407.8 365.2934 14 1.0
407.9 365.3718 14 1.0
408.0 365.4502 14 1.0
408.1 365.5286 14 1.0
408.2 365.6069 14 1.0
408.3 365.6853 14 1.0
408.4 365.7637 14 1.0
408.5 365.8421 14 1.0
408.6 365.9205 14 1.0
408.7 365.9989 14 1.0
408.8 366.0773 14 1.0
408.9 366.1557 14 1.0
409.0 366.2341 14 1.0
409.1 366.3125 14 1.0
409.2 366.3909 14 1.0
409.3 366.4693 14 1.0
409.4 366.5477 14 1.0
409.5 366.6261 14 1.0
409.6 366.7045 14 1.0
409.7 366.7829 14 1.0
409.8 366.8613 14 1.0
409.9 366.9397 14 1.0
410.0 367.018 14 1.0
410.1 367.0964 14 1.0
410.2 367.1748 14 1.0
410.3 367.2532 14 1.0
410.4 367.3316 14 1.0
410.5 367.41 14 1.0
410.6 367.4884 14 1.0
410.7 367.5668 14 1.0
410.8 367.6452 14 1.0
410.9 367.7236 14 1.0
411.0 367.802 14 1.0
411.1 367.8804 14 1.0
411.2 367.9588 14 1.0
411.3 368.0372 14 1.0
411.4 368.1156 14 1.0
411.5 368.194 14 1.0
411.6 368.2724 14 1.0
411.7 368.3508 14 1.0
411.8 368.4291 14 1.0
411.9 368.5075 14 1.0
412.0 368.5859 14 1.0
412.1 368.6643 14 1.0
412.2 368.7427 14 1.0
412.3 368.8211 14 1.0
412.4 368.8995 14 1.0
412.5 368.9779 14 1.0
412.6 369.0563 14 1.0
412.7 369.1347 14 1.0
412.8 369.2131 14 1.0
412.9 369.2915 14 1.0
413.0 369.3699 14 1.0
413.1 369.4483 14 1.0
413.2 369.5267 14 1.0
413.3 369.6051 14 1.0
413.4 369.6835 14 1.0
413.5 369.7619 14 1.0
413.6 369.8402 14 1.0
413.7 369.9186 14 1.0
413.8 369.997 14 1.0
413.9 370.0754 14 1.0
414.0 370.1538 14 1.0
414.1 370.2322 14 1.0
414.2 370.3106 14 1.0
414.3 370.389 14 1.0
414.4 370.4674 14 1.0
414.5 370.5458 14 1.0
414.6 370.6242 14 1.0
414.7 370.7026 14 1.0
414.8 370.781 14 1.0
414.9 370.8594 14 1.0
415.0 370.9378 14 1.0
415.1 371.0162 14 1.0
415.2 371.0946 14 1.0
415.3 371.173 14 1.0
415.4 371.2513 14 1.0
415.5 371.3297 14 1.0
415.6 371.4081 14 1.0
415.7 371.4865 14 1.0
415.8 371.5649 14 1.0
415.9 371.6433 14 1.0
416.0 371.7217 14 1.0
416.1 371.8001 14 1.0
416.2 371.8785 14 1.0
416.3 371.9569 14 1.0
416.4 372.0353 14 1.0
416.5 372.1137 14 1.0
416.6 372.1921 14 1.0
416.7 372.2705 14 1.0
416.8 372.3489 14 1.0
416.9 372.4273 14 1.0
417.0 372.5057 14 1.0
417.1 372.5841 14 1.0
417.2 372.6624 14 1.0
417.3 372.7408 14 1.0
417.4 372.8192 14 1.0
417.5 372.8976 14 1.0
417.6 372.976 14 1.0
417.7 373.0544 14 1.0
417.8 373.1328 14 1.0
417.9 373.2112 14 1.0
418.0 373.2896 14 1.0
418.1 373.368 14 1.0
418.2 373.4464 14 1.0
418.3 373.5248 14 1.0
418.4 373.6032 14 1.0
418.5 373.6816 14 1.0
418.6 373.76 14 1.0
418.7 373.8384 14 1.0
418.8 373.9168 14 1.0
418.9 373.9952 14 1.0
419.0 374.0735 14 1.0
419.1 374.1519 14 1.0
419.2 374.2303 14 1.0
419.3 374.3087 14 1.0
419.4 374.3871 14 1.0
419.5 374.4655 14 1.0
419.6 374.5439 14 1.0
419.7 374.6223 14 1.0
419.8 374.7007 14 1.0
419.9 374.7791 14 1.0
420.0 374.8575 14 1.0
420.1 374.9359 14 1.0
420.2 375.0143 14 1.0
420.3 375.0927 14 1.0
420.4 375.1711 14 1.0
420.5 375.2495 14 1.0
420.6 375.3279 14 1.0
420.7 375.4063 14 1.0
420.8 375.4846 14 1.0
420.9 375.563 14 1.0
421.0 375.6414 14 1.0
421.1 375.7198 14 1.0
421.2 375.7982 14 1.0
421.3 375.8766 14 1.0
421.4 375.955 14 1.0
421.5 376.0334 14 1.0
421.6 376.1118 14 1.0
421.7 376.1902 14 1.0
421.8 376.2686 14 1.0
421.9 376.347 14 1.0
422.0 376.4254 14 1.0
422.1 376.5038 14 1.0
422.2 376.5822 14 1.0
422.3 376.6606 14 1.0
422.4 376.739 14 1.0
422.5 376.8174 14 1.0
422.6 376.8957 14 1.0
422.7 376.9741 14 1.0
422.8 377.0525 14 1.0
422.9 377.1309 14 1.0
423.0 377.2093 14 1.0
423.1 377.2877 14 1.0
423.2 377.3661 14 1.0
423.3 377.4445 14 1.0
423.4 377.5229 14 1.0
423.5 377.6013 14 1.0
423.6 377.6797 14 1.0
423.7 377.7581 14 1.0
423.8 377.8365 14 1.0
423.9 377.9149 14 1.0
424.0 377.9933 14 1.0
424.1 378.0717 14 1.0
424.2 378.1501 14 1.0
424.3 378.2285 14 1.0
424.4 378.3068 14 1.0
424.5 378.3852 14 1.0
424.6 378.4636 14 1.0
424.7 378.542 14 1.0
424.8 378.6204 14 1.0
424.9 378.6988 14 1.0
425.0 378.7772 14 1.0
425.1 378.8556 14 1.0
425.2 378.934 14 1.0
425.3 379.0124 14 1.0
425.4 379.0908 14 1.0
425.5 379.1692 14 1.0
425.6 379.2476 14 1.0
425.7 379.326 14 1.0
425.8 379.4044 14 1.0
425.9 379.4828 14 1.0
426.0 379.5612 14 1.0
426.1 379.6396 14 1.0
426.2 379.7179 14 1.0
426.3 379.7963 14 1.0
426.4 379.8747 14 1.0
426.5 379.9531 14 1.0
426.6 380.0315 14 1.0
426.7 380.1099 14 1.0
426.8 380.1883 14 1.0
426.9 380.2667 14 1.0
427.0 380.3451 14 1.0
427.1 380.4235 14 1.0
427.2 380.5019 14 1.0
427.3 380.5803 14 1.0
427.4 380.6587 14 1.0
427.5 380.7371 14 1.0
427.6 380.8155 14 1.0
427.7 380.8939 14 1.0
427.8 380.9723 14 1.0
427.9 381.0507 14 1.0
428.0 381.129 14 1.0
428.1 381.2074 14 1.0
428.2 381.2858 14 1.0
428.3 381.3642 14 1.0
428.4 381.4426 14 1.0
428.5 381.521 14 1.0
428.6 381.5994 14 1.0
428.7 381.6778 14 1.0
428.8 381.7562 14 1.0
428.9 381.8346 14 1.0
429.0 381.913 14 1.0
429.1 381.9914 14 1.0
429.2 382.0698 14 1.0
429.3 382.1482 14 1.0
429.4 382.2266 14 1.0
429.5 382.305 14 1.0
429.6 382.3834 14 1.0
429.7 382.4618 14 1.0
429.8 382.5401 14 1.0
429.9 382.6185 14 1.0
430.0 382.6969 14 1.0
430.1 382.7753 14 1.0
430.2 382.8537 14 1.0
430.3 382.9321 14 1.0
430.4 383.0105 14 1.0
430.5 383.0889 14 1.0
430.6 383.1673 14 1.0
430.7 383.2457 14 1.0
430.8 383.3241 14 1.0
430.9 383.4025 14 1.0
431.0 383.4809 14 1.0
431.1 383.5593 14 1.0
431.2 383.6377 14 1.0
431.3 383.7161 14 1.0
431.4 383.7945 14 1.0
431.5 383.8729 14 1.0
431.6 383.9512 14 1.0
431.7 384.0296 14 1.0
431.8 384.108 14 1.0
431.9 384.1864 14 1.0
432.0 384.2648 14 1.0
432.1 384.3432 14 1.0
432.2 384.4216 14 1.0
432.3 384.5 14 1.0
432.4 384.5784 14 1.0
432.5 384.6568 14 1.0
432.6 384.7352 14 1.0
432.7 384.8136 14 1.0
432.8 384.892 14 1.0
432.9 384.9704 14 1.0
433.0 385.0488 14 1.0
433.1 385.1272 14 1.0
433.2 385.2056 14 1.0
433.3 385.284 14 1.0
433.4 385.3623 14 1.0
433.5 385.4407 14 1.0
433.6 385.5191 14 1.0
433.7 385.5975 14 1.0
433.8 385.6759 14 1.0
433.9 385.7543 14 1.0
434.0 385.8327 14 1.0
434.1 385.9111 14 1.0
434.2 385.9895 14 1.0
434.3 386.0679 14 1.0
434.4 386.1463 14 1.0
434.5 386.2247 14 1.0
434.6 386.3031 14 1.0
434.7 386.3815 14 1.0
434.8 386.4599 14 1.0
434.9 386.5383 14 1.0
435.0 386.6167 14 1.0
435.1 386.6951 14 1.0
435.2 386.7734 14 1.0
435.3 386.8518 14 1.0
435.4 386.9302 14 1.0
435.5 387.0086 14 1.0
435.6 387.087 14 1.0
435.7 387.1654 14 1.0
435.8 387.2438 14 1.0
435.9 387.3222 14 1.0
436.0 387.4006 14 1.0
436.1 387.479 14 1.0
436.2 387.5574 14 1.0
436.3 387.6358 14 1.0
436.4 387.7142 14 1.0
436.5 387.7926 14 1.0
436.6 387.871 14 1.0
436.7 387.9494 14 1.0
436.8 388.0278 14 1.0
436.9 388.1062 14 1.0
437.0 388.1845 14 1.0
437.1 388.2629 14 1.0
437.2 388.3413 14 1.0
437.3 388.4197 14 1.0
437.4 388.4981 14 1.0
437.5 388.5765 14 1.0
437.6 388.6549 14 1.0
437.7 388.7333 14 1.0
437.8 388.8117 14 1.0
437.9 388.8901 14 1.0
438.0 388.9685 14 1.0
438.1 389.0469 14 1.0
438.2 389.1253 14 1.0
438.3 389.2037 14 1.0
438.4 389.2821 14 1.0
438.5 389.3605 14 1.0
438.6 389.4389 14 1.0
438.7 389.5173 14 1.0
438.8 389.5956 14 1.0
438.9 389.674 14 1.0
439.0 389.7524 14 1.0
439.1 389.8308 14 1.0
439.2 389.9092 14 1.0
439.3 389.9876 14 1.0
439.4 390.066 14 1.0
439.5 390.1444 14 1.0
439.6 390.2228 14 1.0
439.7 390.3012 14 1.0
439.8 390.3796 14 1.0
439.9 390.458 14 1.0
440.0 390.5364 14 1.0
440.1 390.6148 14 1.0
440.2 390.6932 14 1.0
440.3 390.7716 14 1.0
440.4 390.85 14 1.0
440.5 390.9284 14 1.0
440.6 391.0067 14 1.0
440.7 391.0851 14 1.0
440.8 391.1635 14 1.0
440.9 391.2419 14 1.0
441.0 391.3203 14 1.0
441.1 391.3987 14 1.0
441.2 391.4771 14 1.0
441.3 391.5555 14 1.0
441.4 391.6339 14 1.0
441.5 391.7123 14 1.0
441.6 391.7907 14 1.0
441.7 391.8691 14 1.0
441.8 391.9475 14 1.0
441.9 392.0259 14 1.0
442.0 392.1043 14 1.0
442.1 392.1827 14 1.0
442.2 392.2611 14 1.0
442.3 392.3394 14 1.0
442.4 392.4178 14 1.0
442.5 392.4962 14 1.0
442.6 392.5746 14 1.0
442.7 392.653 14 1.0
442.8 392.7314 14 1.0
442.9 392.8098 14 1.0
443.0 392.8882 14 1.0
443.1 392.9666 14 1.0
443.2 393.045 14 1.0
443.3 393.1234 14 1.0
443.4 393.2018 14 1.0
443.5 393.2802 14 1.0
443.6 393.3586 14 1.0
443.7 393.437 14 1.0
443.8 393.5154 14 1.0
443.9 393.5938 14 1.0
444.0 393.6722 14 1.0
444.1 393.7505 14 1.0
444.2 393.8289 14 1.0
444.3 393.9073 14 1.0
444.4 393.9857 14 1.0
444.5 394.0641 14 1.0
444.6 394.1425 14 1.0
444.7 394.2209 14 1.0
444.8 394.2993 14 1.0
444.9 394.3777 14 1.0
445.0 394.4561 14 1.0
445.1 394.5345 14 1.0
445.2 394.6129 14 1.0
445.3 394.6913 14 1.0
445.4 394.7697 14 1.0
445.5 394.8481 14 1.0
445.6 394.9265 14 1.0
445.7 395.0049 14 1.0
445.8 395.0833 14 1.0
445.9 395.1616 14 1.0
446.0 395.24 14 1.0
446.1 395.3184 14 1.0
446.2 395.3968 14 1.0
446.3 395.4752 14 1.0
446.4 395.5536 14 1.0
446.5 395.632 14 1.0
446.6 395.7104 14 1.0
446.7 395.7888 14 1.0
446.8 395.8672 14 1.0
446.9 395.9456 14 1.0
447.0 396.024 14 1.0
447.1 396.1024 14 1.0
447.2 396.1808 14 1.0
447.3 396.2592 14 1.0
447.4 396.3376 14 1.0
447.5 396.416 14 1.0
447.6 396.4944 14 1.0
447.7 396.5727 14 1.0
447.8 396.6511 14 1.0
447.9 396.7295 14 1.0
448.0 396.8079 14 1.0
448.1 396.8863 14 1.0
448.2 396.9647 14 1.0
448.3 397.0431 14 1.0
448.4 397.1215 14 1.0
448.5 397.1999 14 1.0
448.6 397.2783 14 1.0
448.7 397.3567 14 1.0
448.8 397.4351 14 1.0
448.9 397.5135 14 1.0
449.0 397.5919 14 1.0
449.1 397.6703 14 1.0
449.2 397.7487 14 1.0
449.3 397.8271 14 1.0
449.4 397.9055 14 1.0
449.5 397.9838 14 1.0
449.6 398.0622 14 1.0
449.7 398.1406 14 1.0
449.8 398.219 14 1.0
449.9 398.2974 14 1.0
