15.0 1.350932 13 0.02809426850929253
15.1 1.358907 13 0.028593671989371572
15.2 1.366875 13 0.029073779953045498
15.3 1.374834 13 0.02955214424777819
15.4 1.382786 13 0.03002409918037019
15.5 1.39073 13 0.030490460198545954
15.6 1.398666 13 0.030945629731589763
15.7 1.406594 13 0.031398665424792416
15.8 1.414515 13 0.03184403874187558
15.9 1.422428 13 0.03228223270261221
16.0 1.430333 13 0.03271845239957116
16.1 1.438513 13 0.03317097461022467
16.2 1.446686 13 0.03361902844487907
16.3 1.45485 13 0.03405492998711923
16.4 1.463007 13 0.03449853926664015
16.5 1.471155 13 0.0349256448216998
16.6 1.479294 13 0.03535231255750193
16.7 1.487426 13 0.03577069708138014
16.8 1.49555 13 0.036186616034917574
16.9 1.503665 13 0.036595774282358384
17.0 1.511773 13 0.037000261689250524
17.1 1.519872 13 0.03739824311272599
17.2 1.527964 13 0.03779380096077756
17.3 1.536047 13 0.03818240181826227
17.4 1.544123 13 0.03856707915930058
17.5 1.55219 13 0.038950370582317206
17.6 1.56025 13 0.03932371724439476
17.7 1.568302 13 0.039693619733377816
17.8 1.576346 13 0.0400618136692501
17.9 1.584382 13 0.04042295371486404
18.0 1.59241 13 0.04078220440820213
18.1 1.6009 13 0.04117284193671167
18.2 1.609381 13 0.041561920054753454
18.3 1.617854 13 0.041941434211708595
18.4 1.626317 13 0.0423203857542358
18.5 1.634773 13 0.042692994172363385
18.6 1.643219 13 0.04306175120104139
18.7 1.651657 13 0.04342950065887241
18.8 1.660086 13 0.0437889574100796
18.9 1.668507 13 0.044147345647783665
19.0 1.67692 13 0.04450208284209689
19.1 1.685324 13 0.04485119896788281
19.2 1.693719 13 0.04519734713195689
19.3 1.702106 13 0.045538525515356754
19.4 1.710485 13 0.0458784653483979
19.5 1.718855 13 0.0462109829752938
19.6 1.727217 13 0.04654282312794544
19.7 1.735571 13 0.04686950994674288
19.8 1.743916 13 0.047194495590658025
19.9 1.752253 13 0.04751646243077057
20.0 1.760582 13 0.047839585584658395
20.1 1.769468 13 0.048186757602352914
20.2 1.778346 13 0.04853441460434582
20.3 1.787213 13 0.04887993509261668
20.4 1.796072 13 0.049223539777524694
20.5 1.804921 13 0.049559459520824856
20.6 1.813761 13 0.04989423739905818
20.7 1.822592 13 0.05022268314622813
20.8 1.831414 13 0.05055307693142708
20.9 1.840226 13 0.05087594584774813
21.0 1.84903 13 0.051197747756710044
21.1 1.857824 13 0.05151689787181479
21.2 1.866609 13 0.05183099125751445
21.3 1.875386 13 0.05214334225560302
21.4 1.884153 13 0.052452323835690096
21.5 1.892911 13 0.05275906634817673
21.6 1.90166 13 0.05306097523739728
21.7 1.910401 13 0.053363517271494576
21.8 1.919132 13 0.05365949422803762
21.9 1.927855 13 0.053953939974329845
22.0 1.936569 13 0.05424682692657379
22.1 1.946484 13 0.054616863868653276
22.2 1.956387 13 0.054984679144466364
22.3 1.96628 13 0.05534720023835682
22.4 1.976161 13 0.05570755433956531
22.5 1.98603 13 0.05606377835591647
22.6 1.995889 13 0.05641810231665467
22.7 21.8697 14 1.0
22.8 21.9644 14 1.0
22.9 22.05909 14 1.0
23.0 22.15378 14 1.0
23.1 22.24847 14 1.0
23.2 22.34316 14 1.0
23.3 22.43785 14 1.0
23.4 22.53254 14 1.0
23.5 22.62723 14 1.0
23.6 22.72193 14 1.0
23.7 22.81662 14 1.0
23.8 22.91131 14 1.0
23.9 23.006 14 1.0
24.0 23.10069 14 1.0
24.1 23.19516 14 1.0
24.2 23.28962 14 1.0
24.3 23.38409 14 1.0
24.4 23.47856 14 1.0
24.5 23.57302 14 1.0
24.6 23.66749 14 1.0
24.7 23.76195 14 1.0
24.8 23.85642 14 1.0
24.9 5.791984 14 0.22234551151181559
25.0 6.006074 14 0.23057990622162094
25.1 6.222364 14 0.23884297749618388
25.2 6.440854 14 0.2471341079384498
25.3 6.661544 14 0.2554502724868575
25.4 6.884433 14 0.26379538797518376
25.5 7.109523 14 0.2721629327409093
25.6 7.336813 14 0.28055850175076635
25.7 7.566302 14 0.28897771718173304
25.8 7.797992 14 0.2974257467440171
25.9 8.031881 14 0.30589160325857057
26.0 8.26797 14 0.31439063832563596
26.1 8.500359 14 0.32265920282338345
26.2 8.734904 14 0.330953056292308
26.3 8.971605 14 0.33926704241156813
26.4 9.210463 14 0.3476092655226555
26.5 9.451478 14 0.35596985681989446
26.6 9.69465 14 0.3643573883376926
26.7 9.939978 14 0.37276588214475315
26.8 10.18746 14 0.38119361541612673
26.9 10.4371 14 0.3896465124185372
27.0 10.6889 14 0.39812135290578077
27.1 10.94286 14 0.4066147481328398
27.2 11.19897 14 0.4151293911567884
27.3 11.45724 14 0.42366794680672515
27.4 11.71766 14 0.4322259380999357
27.5 11.98024 14 0.44080344718146536
27.6 12.24498 14 0.44940021835745625
27.7 12.51188 14 0.4580187545082952
27.8 12.78093 14 0.46665730216991685
27.9 13.05214 14 0.4753148579588903
28.0 13.3255 14 0.48399460832408736
28.1 13.62092 14 0.49360605630508614
28.2 13.91848 14 0.5032373679613138
28.3 14.21819 14 0.5128831923890064
28.4 14.52005 14 0.5225544396984805
28.5 14.82406 14 0.5322368648611255
28.6 15.13021 14 0.5419386759778906
28.7 15.43852 14 0.5516610363808736
28.8 15.74897 14 0.5613978805085924
28.9 16.06157 14 0.5711529967282833
29.0 16.37631 14 0.5809222947672641
29.1 16.69321 14 0.5907096910260466
29.2 17.01225 14 0.6005157472200685
29.3 17.33344 14 0.6103371071465422
29.4 17.65677 14 0.6201751816777687
29.5 17.98226 14 0.6300296519929222
29.6 18.30989 14 0.6398984657837947
29.7 18.63967 14 0.6497862133133978
29.8 18.9716 14 0.6596880383226751
29.9 19.30568 14 0.6696054157652729
30.0 19.6419 14 0.6795374990100578
30.1 19.98289 14 0.6895251699088215
30.2 20.3261 14 0.6995294497180687
30.3 20.67151 14 0.7095507624753513
30.4 21.01914 14 0.7195852696098068
30.5 21.36897 14 0.7296351654324342
30.6 21.72102 14 0.739701173959445
30.7 22.07528 14 0.7497804488998548
30.8 22.43175 14 0.7598757971332569
30.9 22.79042 14 0.7699853628829778
31.0 23.15132 14 0.7801099684349863
31.1 23.51442 14 0.7902485994397759
31.2 23.87973 14 0.800401556369627
31.3 24.24725 14 0.8105685616808151
31.4 24.61699 14 0.820749856030067
31.5 24.98893 14 0.8309438657099157
31.6 25.36309 14 0.8411528252797051
31.7 25.73945 14 0.8513749861070713
31.8 26.11803 14 0.8616102638586298
31.9 26.49882 14 0.8718603260273463
32.0 26.88182 14 0.8821219239804368
32.1 27.26703 14 0.8923974176771189
32.2 27.65445 14 0.9026860913175627
32.3 28.04408 14 0.9129873485388453
32.4 28.43592 14 0.9233014832814717
32.5 28.82998 14 0.9336284093853167
32.6 29.22624 14 0.9439677276858476
32.7 29.62472 14 0.9543198505676879
32.8 30.0254 14 0.9646837941212428
32.9 30.4283 14 0.9750602337454477
33.0 30.83341 14 0.9854488535173642
33.1 31.24073 14 0.9958494345555049
33.2 31.45703 14 1.0
33.3 31.54563 14 1.0
33.4 31.63423 14 1.0
33.5 31.72283 14 1.0
33.6 31.81143 14 1.0
33.7 31.90003 14 1.0
33.8 31.98862 14 1.0
33.9 32.07722 14 1.0
34.0 32.16582 14 1.0
34.1 32.25442 14 1.0
34.2 32.34302 14 1.0
34.3 32.43162 14 1.0
34.4 32.52021 14 1.0
34.5 32.60881 14 1.0
34.6 32.69741 14 1.0
34.7 32.78601 14 1.0
34.8 32.87461 14 1.0
34.9 32.96321 14 1.0
35.0 33.0518 14 1.0
35.1 33.12303 14 1.0
35.2 33.19426 14 1.0
35.3 33.26549 14 1.0
35.4 33.33672 14 1.0
35.5 33.40794 14 1.0
35.6 33.47917 14 1.0
35.7 33.5504 14 1.0
35.8 33.62163 14 1.0
35.9 33.69286 14 1.0
36.0 33.76409 14 1.0
36.1 33.83531 14 1.0
36.2 33.90654 14 1.0
36.3 33.97777 14 1.0
36.4 34.049 14 1.0
36.5 34.12023 14 1.0
36.6 34.19145 14 1.0
36.7 34.26268 14 1.0
36.8 34.33391 14 1.0
36.9 34.40514 14 1.0
37.0 34.47637 14 1.0
37.1 34.5476 14 1.0
37.2 34.61882 14 1.0
37.3 34.69005 14 1.0
37.4 34.76128 14 1.0
37.5 34.83251 14 1.0
37.6 34.90374 14 1.0
37.7 34.97497 14 1.0
37.8 35.04619 14 1.0
37.9 35.11742 14 1.0
38.0 35.18865 14 1.0
38.1 35.25988 14 1.0
38.2 35.33111 14 1.0
38.3 35.40233 14 1.0
38.4 35.47356 14 1.0
38.5 35.54479 14 1.0
38.6 35.61602 14 1.0
38.7 35.68725 14 1.0
38.8 35.75848 14 1.0
38.9 35.8297 14 1.0
39.0 35.90093 14 1.0
39.1 35.97216 14 1.0
39.2 36.04339 14 1.0
39.3 36.11462 14 1.0
39.4 36.18584 14 1.0
39.5 36.25707 14 1.0
39.6 36.3283 14 1.0
39.7 36.39953 14 1.0
39.8 36.47076 14 1.0
39.9 36.54199 14 1.0
40.0 36.61321 14 1.0
40.1 36.6951 14 1.0
40.2 36.77698 14 1.0
40.3 36.85887 14 1.0
40.4 36.94075 14 1.0
40.5 37.02263 14 1.0
40.6 37.10452 14 1.0
40.7 37.1864 14 1.0
40.8 37.26829 14 1.0
40.9 37.35017 14 1.0
41.0 37.43205 14 1.0
41.1 37.51394 14 1.0
41.2 37.59582 14 1.0
41.3 37.6777 14 1.0
41.4 37.75959 14 1.0
41.5 37.84147 14 1.0
41.6 37.92336 14 1.0
41.7 38.00524 14 1.0
41.8 38.08712 14 1.0
41.9 38.16901 14 1.0
42.0 38.25089 14 1.0
42.1 38.33278 14 1.0
42.2 38.41466 14 1.0
42.3 38.49654 14 1.0
42.4 38.57843 14 1.0
42.5 38.66031 14 1.0
42.6 38.7422 14 1.0
42.7 38.82408 14 1.0
42.8 38.90596 14 1.0
42.9 38.98785 14 1.0
43.0 39.06973 14 1.0
43.1 39.15162 14 1.0
43.2 39.2335 14 1.0
43.3 39.31538 14 1.0
43.4 39.39727 14 1.0
43.5 39.47915 14 1.0
43.6 39.56104 14 1.0
43.7 39.64292 14 1.0
43.8 39.7248 14 1.0
43.9 39.80669 14 1.0
44.0 39.88857 14 1.0
44.1 39.97046 14 1.0
44.2 40.05234 14 1.0
44.3 40.13422 14 1.0
44.4 40.21611 14 1.0
44.5 40.29799 14 1.0
44.6 40.37988 14 1.0
44.7 40.46176 14 1.0
44.8 40.54364 14 1.0
44.9 40.62553 14 1.0
45.0 40.70741 14 1.0
45.1 40.78929 14 1.0
45.2 40.87118 14 1.0
45.3 40.95306 14 1.0
45.4 41.03495 14 1.0
45.5 41.11683 14 1.0
45.6 41.19871 14 1.0
45.7 41.2806 14 1.0
45.8 41.36248 14 1.0
45.9 41.44437 14 1.0
46.0 41.52625 14 1.0
46.1 41.60813 14 1.0
46.2 41.69002 14 1.0
46.3 41.7719 14 1.0
46.4 41.85379 14 1.0
46.5 41.93567 14 1.0
46.6 42.01755 14 1.0
46.7 42.09944 14 1.0
46.8 42.18132 14 1.0
46.9 42.26321 14 1.0
47.0 42.34509 14 1.0
47.1 42.42697 14 1.0
47.2 42.50886 14 1.0
47.3 42.59074 14 1.0
47.4 42.67263 14 1.0
47.5 42.75451 14 1.0
47.6 42.83639 14 1.0
47.7 42.91828 14 1.0
47.8 43.00016 14 1.0
47.9 43.08205 14 1.0
48.0 43.16393 14 1.0
48.1 43.24581 14 1.0
48.2 43.3277 14 1.0
48.3 43.40958 14 1.0
48.4 43.49147 14 1.0
48.5 43.57335 14 1.0
48.6 43.65523 14 1.0
48.7 43.73712 14 1.0
48.8 43.819 14 1.0
48.9 43.90089 14 1.0
49.0 43.98277 14 1.0
49.1 44.06465 14 1.0
49.2 44.14654 14 1.0
49.3 44.22842 14 1.0
49.4 44.3103 14 1.0
49.5 44.39219 14 1.0
49.6 44.47407 14 1.0
49.7 44.55596 14 1.0
49.8 44.63784 14 1.0
49.9 44.71972 14 1.0
50.0 44.80161 14 1.0
50.1 44.87437 14 1.0
50.2 44.94712 14 1.0
50.3 45.01988 14 1.0
50.4 45.09264 14 1.0
50.5 45.1654 14 1.0
50.6 45.23816 14 1.0
50.7 45.31092 14 1.0
50.8 45.38367 14 1.0
50.9 45.45643 14 1.0
51.0 45.52919 14 1.0
51.1 45.60195 14 1.0
51.2 45.67471 14 1.0
51.3 45.74746 14 1.0
51.4 45.82022 14 1.0
51.5 45.89298 14 1.0
51.6 45.96574 14 1.0
51.7 46.0385 14 1.0
51.8 46.11126 14 1.0
51.9 46.18401 14 1.0
52.0 46.25677 14 1.0
52.1 46.32953 14 1.0
52.2 46.40229 14 1.0
52.3 46.47505 14 1.0
52.4 46.5478 14 1.0
52.5 46.62056 14 1.0
52.6 46.69332 14 1.0
52.7 46.76608 14 1.0
52.8 46.83884 14 1.0
52.9 46.91159 14 1.0
53.0 46.98435 14 1.0
53.1 47.05711 14 1.0
53.2 47.12987 14 1.0
53.3 47.20263 14 1.0
53.4 47.27539 14 1.0
53.5 47.34814 14 1.0
53.6 47.4209 14 1.0
53.7 47.49366 14 1.0
53.8 47.56642 14 1.0
53.9 47.63918 14 1.0
54.0 47.71193 14 1.0
54.1 47.78469 14 1.0
54.2 47.85745 14 1.0
54.3 47.93021 14 1.0
54.4 48.00297 14 1.0
54.5 48.07573 14 1.0
54.6 48.14848 14 1.0
54.7 48.22124 14 1.0
54.8 48.294 14 1.0
54.9 48.36676 14 1.0
55.0 48.43952 14 1.0
55.1 48.51227 14 1.0
55.2 48.58503 14 1.0
55.3 48.65779 14 1.0
55.4 48.73055 14 1.0
55.5 48.80331 14 1.0
55.6 48.87606 14 1.0
55.7 48.94882 14 1.0
55.8 49.02158 14 1.0
55.9 49.09434 14 1.0
56.0 49.1671 14 1.0
56.1 49.23986 14 1.0
56.2 49.31261 14 1.0
56.3 49.38537 14 1.0
56.4 49.45813 14 1.0
56.5 49.53089 14 1.0
56.6 49.60365 14 1.0
56.7 49.6764 14 1.0
56.8 49.74916 14 1.0
56.9 49.82192 14 1.0
57.0 49.89468 14 1.0
57.1 49.96744 14 1.0
57.2 50.0402 14 1.0
57.3 50.11295 14 1.0
57.4 50.18571 14 1.0
57.5 50.25847 14 1.0
57.6 50.33123 14 1.0
57.7 50.40399 14 1.0
57.8 50.47674 14 1.0
57.9 50.5495 14 1.0
58.0 50.62226 14 1.0
58.1 50.69502 14 1.0
58.2 50.76778 14 1.0
58.3 50.84053 14 1.0
58.4 50.91329 14 1.0
58.5 50.98605 14 1.0
58.6 51.05881 14 1.0
58.7 51.13157 14 1.0
58.8 51.20433 14 1.0
58.9 51.27708 14 1.0
59.0 51.34984 14 1.0
59.1 51.4226 14 1.0
59.2 51.49536 14 1.0
59.3 51.56812 14 1.0
59.4 51.64087 14 1.0
59.5 51.71363 14 1.0
59.6 51.78639 14 1.0
59.7 51.85915 14 1.0
59.8 51.93191 14 1.0
59.9 52.00466 14 1.0
60.0 52.07742 14 1.0
60.1 52.13721 14 1.0
60.2 52.19699 14 1.0
60.3 52.25678 14 1.0
60.4 52.31656 14 1.0
60.5 52.37635 14 1.0
60.6 52.43614 14 1.0
60.7 52.49592 14 1.0
60.8 52.55571 14 1.0
60.9 52.61549 14 1.0
61.0 52.67528 14 1.0
61.1 52.73506 14 1.0
61.2 52.79485 14 1.0
61.3 52.85463 14 1.0
61.4 52.91442 14 1.0
61.5 52.9742 14 1.0
61.6 53.03399 14 1.0
61.7 53.09378 14 1.0
61.8 53.15356 14 1.0
61.9 53.21335 14 1.0
62.0 53.27313 14 1.0
62.1 53.33292 14 1.0
62.2 53.3927 14 1.0
62.3 53.45249 14 1.0
62.4 53.51227 14 1.0
62.5 53.57206 14 1.0
62.6 53.63184 14 1.0
62.7 53.69163 14 1.0
62.8 53.75142 14 1.0
62.9 53.8112 14 1.0
63.0 53.87099 14 1.0
63.1 53.93077 14 1.0
63.2 53.99056 14 1.0
63.3 54.05034 14 1.0
63.4 54.11013 14 1.0
63.5 54.16991 14 1.0
63.6 54.2297 14 1.0
63.7 54.28948 14 1.0
63.8 54.34927 14 1.0
63.9 54.24306 14 1.0
64.0 54.03557 14 1.0
64.1 53.82766 14 1.0
64.2 53.61934 14 1.0
64.3 53.4106 14 1.0
64.4 53.20144 14 1.0
64.5 52.99186 14 1.0
64.6 52.78187 14 1.0
64.7 52.57146 14 1.0
64.8 52.36064 14 1.0
64.9 52.1494 14 1.0
65.0 51.93774 14 1.0
65.1 51.72566 14 1.0
65.2 51.51317 14 1.0
65.3 51.30026 14 1.0
65.4 51.08693 14 1.0
65.5 50.87319 14 1.0
65.6 50.65903 14 1.0
65.7 50.44446 14 1.0
65.8 50.22946 14 1.0
65.9 50.01406 14 1.0
66.0 49.79823 14 1.0
66.1 49.58199 14 1.0
66.2 49.36533 14 1.0
66.3 49.14825 14 1.0
66.4 48.93076 14 1.0
66.5 48.71285 14 1.0
66.6 48.49452 14 1.0
66.7 48.27578 14 1.0
66.8 48.05662 14 1.0
66.9 47.83705 14 1.0
67.0 47.61705 14 1.0
67.1 47.39664 14 1.0
67.2 47.17582 14 1.0
67.3 46.95457 14 1.0
67.4 46.73291 14 1.0
67.5 46.51084 14 1.0
67.6 46.28835 14 1.0
67.7 46.06544 14 1.0
67.8 45.84211 14 1.0
67.9 45.61837 14 1.0
68.0 45.39421 14 1.0
68.1 45.16963 14 1.0
68.2 44.94464 14 1.0
68.3 44.71923 14 1.0
68.4 44.4934 14 1.0
68.5 44.26716 14 1.0
68.6 44.0405 14 1.0
68.7 43.81342 14 1.0
68.8 43.58593 14 1.0
68.9 43.35802 14 1.0
69.0 43.12969 14 1.0
69.1 42.90095 14 1.0
69.2 42.67179 14 1.0
69.3 42.44221 14 1.0
69.4 42.21222 14 1.0
69.5 41.9818 14 1.0
69.6 41.75098 14 1.0
69.7 41.51973 14 1.0
69.8 41.28807 14 1.0
69.9 41.056 14 1.0
70.0 40.8235 14 1.0
70.1 40.63071 14 1.0
70.2 40.43768 14 1.0
70.3 40.24442 14 1.0
70.4 40.05092 14 1.0
70.5 39.8572 14 1.0
70.6 39.66325 14 1.0
70.7 39.46906 14 1.0
70.8 39.27464 14 1.0
70.9 39.07999 14 1.0
71.0 38.88511 14 1.0
71.1 38.69 14 1.0
71.2 38.49466 14 1.0
71.3 38.29908 14 1.0
71.4 38.10327 14 1.0
71.5 37.90724 14 1.0
71.6 37.71097 14 1.0
71.7 37.51447 14 1.0
71.8 37.31773 14 1.0
71.9 37.12077 14 1.0
72.0 36.92357 14 1.0
72.1 36.72615 14 1.0
72.2 36.52849 14 1.0
72.3 36.3306 14 1.0
72.4 36.13247 14 1.0
72.5 35.93412 14 1.0
72.6 35.73554 14 1.0
72.7 35.53672 14 1.0
72.8 35.33767 14 1.0
72.9 35.13839 14 1.0
73.0 34.93888 14 1.0
73.1 34.73914 14 1.0
73.2 34.53917 14 1.0
73.3 34.33896 14 1.0
73.4 34.13852 14 1.0
73.5 33.93786 14 1.0
73.6 33.73696 14 1.0
73.7 33.53582 14 1.0
73.8 33.33446 14 1.0
73.9 33.13287 14 1.0
74.0 32.93104 14 1.0
74.1 32.72898 14 1.0
74.2 32.5267 14 1.0
74.3 32.32418 14 1.0
74.4 32.12142 14 1.0
74.5 31.91844 14 1.0
74.6 31.71523 14 1.0
74.7 31.51178 14 1.0
74.8 31.3081 14 1.0
74.9 31.10419 14 1.0
75.0 30.90005 14 1.0
75.1 30.69568 14 1.0
75.2 30.49108 14 1.0
75.3 30.39985 14 1.0
75.4 30.43066 14 1.0
75.5 30.46148 14 1.0
75.6 30.4923 14 1.0
75.7 30.52311 14 1.0
75.8 30.55393 14 1.0
75.9 30.58475 14 1.0
76.0 30.61556 14 1.0
76.1 30.64638 14 1.0
76.2 30.67719 14 1.0
76.3 30.70801 14 1.0
76.4 30.73883 14 1.0
76.5 30.76964 14 1.0
76.6 30.80046 14 1.0
76.7 30.83128 14 1.0
76.8 30.86209 14 1.0
76.9 30.89291 14 1.0
77.0 30.92373 14 1.0
77.1 30.95454 14 1.0
77.2 30.98536 14 1.0
77.3 31.01618 14 1.0
77.4 31.04699 14 1.0
77.5 31.07781 14 1.0
77.6 31.10863 14 1.0
77.7 31.13944 14 1.0
77.8 31.17026 14 1.0
77.9 31.20107 14 1.0
78.0 31.23189 14 1.0
78.1 31.26271 14 1.0
78.2 31.29352 14 1.0
78.3 31.32434 14 1.0
78.4 31.35516 14 1.0
78.5 31.38597 14 1.0
78.6 31.41679 14 1.0
78.7 31.44761 14 1.0
78.8 31.47842 14 1.0
78.9 31.50924 14 1.0
79.0 31.54006 14 1.0
79.1 31.57087 14 1.0
79.2 31.60169 14 1.0
79.3 31.6325 14 1.0
79.4 31.66332 14 1.0
79.5 31.69414 14 1.0
79.6 31.72495 14 1.0
79.7 31.75577 14 1.0
79.8 31.78659 14 1.0
79.9 31.8174 14 1.0
80.0 31.84822 14 1.0
80.1 31.86292 14 1.0
80.2 31.87762 14 1.0
80.3 31.89232 14 1.0
80.4 31.90703 14 1.0
80.5 31.92173 14 1.0
80.6 31.93643 14 1.0
80.7 31.95113 14 1.0
80.8 31.96583 14 1.0
80.9 31.98053 14 1.0
81.0 31.99524 14 1.0
81.1 32.00994 14 1.0
81.2 32.02464 14 1.0
81.3 32.03934 14 1.0
81.4 32.05404 14 1.0
81.5 32.06874 14 1.0
81.6 32.08345 14 1.0
81.7 32.09815 14 1.0
81.8 32.11285 14 1.0
81.9 32.12755 14 1.0
82.0 32.14225 14 1.0
82.1 32.15695 14 1.0
82.2 32.17166 14 1.0
82.3 32.18636 14 1.0
82.4 32.20106 14 1.0
82.5 32.21576 14 1.0
82.6 32.23046 14 1.0
82.7 32.24516 14 1.0
82.8 32.25987 14 1.0
82.9 32.27457 14 1.0
83.0 32.28927 14 1.0
83.1 32.30397 14 1.0
83.2 32.31867 14 1.0
83.3 32.33337 14 1.0
83.4 32.34808 14 1.0
83.5 32.36278 14 1.0
83.6 32.37748 14 1.0
83.7 32.39218 14 1.0
83.8 32.40688 14 1.0
83.9 32.42158 14 1.0
84.0 32.43629 14 1.0
84.1 32.45099 14 1.0
84.2 32.46569 14 1.0
84.3 32.48039 14 1.0
84.4 32.49509 14 1.0
84.5 32.50979 14 1.0
84.6 32.5245 14 1.0
84.7 32.5392 14 1.0
84.8 32.5539 14 1.0
84.9 32.5686 14 1.0
85.0 32.5833 14 1.0
85.1 32.598 14 1.0
85.2 32.61271 14 1.0
85.3 32.62741 14 1.0
85.4 32.64211 14 1.0
85.5 32.65681 14 1.0
85.6 32.67151 14 1.0
85.7 32.68621 14 1.0
85.8 32.70092 14 1.0
85.9 32.71562 14 1.0
86.0 32.73032 14 1.0
86.1 32.74502 14 1.0
86.2 32.75972 14 1.0
86.3 32.77442 14 1.0
86.4 32.78913 14 1.0
86.5 32.80383 14 1.0
86.6 32.81853 14 1.0
86.7 32.83323 14 1.0
86.8 32.84793 14 1.0
86.9 32.86263 14 1.0
87.0 32.87734 14 1.0
87.1 32.89204 14 1.0
87.2 32.90674 14 1.0
87.3 32.92144 14 1.0
87.4 32.93614 14 1.0
87.5 32.95084 14 1.0
87.6 32.96555 14 1.0
87.7 32.98025 14 1.0
87.8 32.99495 14 1.0
87.9 33.00965 14 1.0
88.0 33.02435 14 1.0
88.1 33.03905 14 1.0
88.2 33.05376 14 1.0
88.3 33.06846 14 1.0
88.4 33.08316 14 1.0
88.5 33.09786 14 1.0
88.6 33.11256 14 1.0
88.7 33.12726 14 1.0
88.8 33.14197 14 1.0
88.9 33.15667 14 1.0
89.0 33.17137 14 1.0
89.1 33.18607 14 1.0
89.2 33.20077 14 1.0
89.3 33.21547 14 1.0
89.4 33.23018 14 1.0
89.5 33.24488 14 1.0
89.6 33.25958 14 1.0
89.7 33.27428 14 1.0
89.8 33.28898 14 1.0
89.9 33.30368 14 1.0
90.0 33.31839 14 1.0
90.1 33.36437 14 1.0
90.2 33.41035 14 1.0
90.3 33.45633 14 1.0
90.4 33.50231 14 1.0
90.5 33.54829 14 1.0
90.6 33.59428 14 1.0
90.7 33.64026 14 1.0
90.8 33.68624 14 1.0
90.9 33.73222 14 1.0
91.0 33.7782 14 1.0
91.1 33.82418 14 1.0
91.2 33.87017 14 1.0
91.3 33.91615 14 1.0
91.4 33.96213 14 1.0
91.5 34.00811 14 1.0
91.6 34.05409 14 1.0
91.7 34.10007 14 1.0
91.8 34.14606 14 1.0
91.9 34.19204 14 1.0
92.0 34.23802 14 1.0
92.1 34.284 14 1.0
92.2 34.32998 14 1.0
92.3 34.37596 14 1.0
92.4 34.42195 14 1.0
92.5 34.46793 14 1.0
92.6 34.51391 14 1.0
92.7 34.55989 14 1.0
92.8 34.60587 14 1.0
92.9 34.65185 14 1.0
93.0 34.69783 14 1.0
93.1 34.74382 14 1.0
93.2 34.7898 14 1.0
93.3 34.83578 14 1.0
93.4 34.88176 14 1.0
93.5 34.92774 14 1.0
93.6 34.97372 14 1.0
93.7 35.01971 14 1.0
93.8 35.06569 14 1.0
93.9 35.11167 14 1.0
94.0 35.15765 14 1.0
94.1 35.20363 14 1.0
94.2 35.24961 14 1.0
94.3 35.2956 14 1.0
94.4 35.34158 14 1.0
94.5 35.38756 14 1.0
94.6 35.43354 14 1.0
94.7 35.47952 14 1.0
94.8 35.5255 14 1.0
94.9 35.57149 14 1.0
95.0 35.61747 14 1.0
95.1 35.66345 14 1.0
95.2 35.70943 14 1.0
95.3 35.75541 14 1.0
95.4 35.80139 14 1.0
95.5 35.84738 14 1.0
95.6 35.89336 14 1.0
95.7 35.93934 14 1.0
95.8 35.98532 14 1.0
95.9 36.0313 14 1.0
96.0 36.07728 14 1.0
96.1 36.12326 14 1.0
96.2 36.16925 14 1.0
96.3 36.21523 14 1.0
96.4 36.26121 14 1.0
96.5 36.30719 14 1.0
96.6 36.35317 14 1.0
96.7 36.39915 14 1.0
96.8 36.44514 14 1.0
96.9 36.49112 14 1.0
97.0 36.5371 14 1.0
97.1 36.58308 14 1.0
97.2 36.62906 14 1.0
97.3 36.67504 14 1.0
97.4 36.72103 14 1.0
97.5 36.76701 14 1.0
97.6 36.81299 14 1.0
97.7 36.85897 14 1.0
97.8 36.90495 14 1.0
97.9 36.95093 14 1.0
98.0 36.99692 14 1.0
98.1 37.0429 14 1.0
98.2 37.08888 14 1.0
98.3 37.13486 14 1.0
98.4 37.18084 14 1.0
98.5 37.22682 14 1.0
98.6 37.2728 14 1.0
98.7 37.31879 14 1.0
98.8 37.36477 14 1.0
98.9 37.41075 14 1.0
99.0 37.45673 14 1.0
99.1 37.50271 14 1.0
99.2 37.54869 14 1.0
99.3 37.59468 14 1.0
99.4 37.64066 14 1.0
99.5 37.68664 14 1.0
99.6 37.73262 14 1.0
99.7 37.7786 14 1.0
99.8 37.82458 14 1.0
99.9 37.87057 14 1.0
100.0 37.91655 14 1.0
100.1 37.9621 14 1.0
100.2 38.00766 14 1.0
100.3 38.05321 14 1.0
100.4 38.09876 14 1.0
100.5 38.14432 14 1.0
100.6 38.18987 14 1.0
100.7 38.23543 14 1.0
100.8 38.28098 14 1.0
100.9 38.32654 14 1.0
101.0 38.37209 14 1.0
101.1 38.41764 14 1.0
101.2 38.4632 14 1.0
101.3 38.50875 14 1.0
101.4 38.55431 14 1.0
101.5 38.59986 14 1.0
101.6 38.64542 14 1.0
101.7 38.69097 14 1.0
101.8 38.73652 14 1.0
101.9 38.78208 14 1.0
102.0 38.82763 14 1.0
102.1 38.87319 14 1.0
102.2 38.91874 14 1.0
102.3 38.9643 14 1.0
102.4 39.00985 14 1.0
102.5 39.0554 14 1.0
102.6 39.10096 14 1.0
102.7 39.14651 14 1.0
102.8 39.19207 14 1.0
102.9 39.23762 14 1.0
103.0 39.28318 14 1.0
103.1 39.32873 14 1.0
103.2 39.37429 14 1.0
103.3 39.41984 14 1.0
103.4 39.46539 14 1.0
103.5 39.51095 14 1.0
103.6 39.5565 14 1.0
103.7 39.60206 14 1.0
103.8 39.64761 14 1.0
103.9 39.69317 14 1.0
104.0 39.73872 14 1.0
104.1 39.78427 14 1.0
104.2 39.82983 14 1.0
104.3 39.87538 14 1.0
104.4 39.92094 14 1.0
104.5 39.96649 14 1.0
104.6 40.01205 14 1.0
104.7 40.0576 14 1.0
104.8 40.10315 14 1.0
104.9 40.14871 14 1.0
105.0 40.19426 14 1.0
105.1 40.23982 14 1.0
105.2 40.28537 14 1.0
105.3 40.33093 14 1.0
105.4 40.37648 14 1.0
105.5 40.42203 14 1.0
105.6 40.46759 14 1.0
105.7 40.51314 14 1.0
105.8 40.5587 14 1.0
105.9 40.60425 14 1.0
106.0 40.64981 14 1.0
106.1 40.69536 14 1.0
106.2 40.74091 14 1.0
106.3 40.78647 14 1.0
106.4 40.83202 14 1.0
106.5 40.87758 14 1.0
106.6 40.92313 14 1.0
106.7 40.96869 14 1.0
106.8 41.01424 14 1.0
106.9 41.05979 14 1.0
107.0 41.10535 14 1.0
107.1 41.1509 14 1.0
107.2 41.19646 14 1.0
107.3 41.24201 14 1.0
107.4 41.28757 14 1.0
107.5 41.33312 14 1.0
107.6 41.37867 14 1.0
107.7 41.42423 14 1.0
107.8 41.46978 14 1.0
107.9 41.51534 14 1.0
108.0 41.56089 14 1.0
108.1 41.60645 14 1.0
108.2 41.652 14 1.0
108.3 41.69755 14 1.0
108.4 41.74311 14 1.0
108.5 41.78866 14 1.0
108.6 41.83422 14 1.0
108.7 41.87977 14 1.0
108.8 41.92533 14 1.0
108.9 41.97088 14 1.0
109.0 42.01643 14 1.0
109.1 42.06199 14 1.0
109.2 42.10754 14 1.0
109.3 42.1531 14 1.0
109.4 42.19865 14 1.0
109.5 42.24421 14 1.0
109.6 42.28976 14 1.0
109.7 42.33531 14 1.0
109.8 42.38087 14 1.0
109.9 42.42642 14 1.0
110.0 42.47198 14 1.0
110.1 42.52003 14 1.0
110.2 42.56809 14 1.0
110.3 42.61614 14 1.0
110.4 42.6642 14 1.0
110.5 42.71225 14 1.0
110.6 42.76031 14 1.0
110.7 42.80836 14 1.0
110.8 42.85642 14 1.0
110.9 42.90447 14 1.0
111.0 42.95253 14 1.0
111.1 43.00058 14 1.0
111.2 43.04864 14 1.0
111.3 43.09669 14 1.0
111.4 43.14475 14 1.0
111.5 43.1928 14 1.0
111.6 43.24086 14 1.0
111.7 43.28891 14 1.0
111.8 43.33697 14 1.0
111.9 43.38502 14 1.0
112.0 43.43308 14 1.0
112.1 43.48113 14 1.0
112.2 43.52919 14 1.0
112.3 43.57724 14 1.0
112.4 43.6253 14 1.0
112.5 43.67335 14 1.0
112.6 43.72141 14 1.0
112.7 43.76946 14 1.0
112.8 43.81752 14 1.0
112.9 43.86557 14 1.0
113.0 43.91363 14 1.0
113.1 43.96168 14 1.0
113.2 44.00974 14 1.0
113.3 44.05779 14 1.0
113.4 44.10585 14 1.0
113.5 44.1539 14 1.0
113.6 44.20196 14 1.0
113.6 44.25001 14 1.0
113.7 44.29807 14 1.0
113.8 44.34612 14 1.0
113.9 44.39418 14 1.0
114.0 44.44223 14 1.0
114.1 44.49029 14 1.0
114.2 44.53834 14 1.0
114.3 44.5864 14 1.0
114.4 44.63445 14 1.0
114.5 44.68251 14 1.0
114.6 44.73056 14 1.0
114.7 44.77862 14 1.0
114.8 44.82667 14 1.0
114.9 44.87473 14 1.0
115.0 44.92278 14 1.0
115.1 44.97084 14 1.0
115.2 45.01889 14 1.0
115.3 45.06695 14 1.0
115.4 45.115 14 1.0
115.5 45.16306 14 1.0
115.6 45.21111 14 1.0
115.7 45.25916 14 1.0
115.8 45.30722 14 1.0
115.9 45.35527 14 1.0
116.0 45.40333 14 1.0
116.1 45.45138 14 1.0
116.2 45.49944 14 1.0
116.3 45.54749 14 1.0
116.4 45.59555 14 1.0
116.5 45.6436 14 1.0
116.6 45.69166 14 1.0
116.7 45.73971 14 1.0
116.8 45.78777 14 1.0
116.9 45.83582 14 1.0
117.0 45.88388 14 1.0
117.1 45.93193 14 1.0
117.2 45.97999 14 1.0
117.3 46.02804 14 1.0
117.4 46.0761 14 1.0
117.5 46.12415 14 1.0
117.6 46.17221 14 1.0
117.7 46.22026 14 1.0
117.8 46.26832 14 1.0
117.9 46.31637 14 1.0
118.0 46.36443 14 1.0
118.1 46.41248 14 1.0
118.2 46.46054 14 1.0
118.3 46.50859 14 1.0
118.4 46.55665 14 1.0
118.5 46.6047 14 1.0
118.6 46.65276 14 1.0
118.7 46.70081 14 1.0
118.8 46.74887 14 1.0
118.9 46.79692 14 1.0
119.0 46.84498 14 1.0
119.1 46.89303 14 1.0
119.2 46.94109 14 1.0
119.3 46.98914 14 1.0
119.4 47.0372 14 1.0
119.5 47.08525 14 1.0
119.6 47.13331 14 1.0
119.7 47.18136 14 1.0
119.8 47.22942 14 1.0
119.9 47.27747 14 1.0
120.0 47.32465 14 1.0
120.1 47.37183 14 1.0
120.2 47.419 14 1.0
120.3 47.46618 14 1.0
120.4 47.51335 14 1.0
120.5 47.56053 14 1.0
120.6 47.6077 14 1.0
120.7 47.65488 14 1.0
120.8 47.70206 14 1.0
120.9 47.74923 14 1.0
121.0 47.79641 14 1.0
121.1 47.84358 14 1.0
121.2 47.89076 14 1.0
121.3 47.93794 14 1.0
121.4 47.98511 14 1.0
121.5 48.03229 14 1.0
121.6 48.07946 14 1.0
121.7 48.12664 14 1.0
121.8 48.17382 14 1.0
121.9 48.22099 14 1.0
122.0 48.26817 14 1.0
122.1 48.31534 14 1.0
122.2 48.36252 14 1.0
122.3 48.4097 14 1.0
122.4 48.45687 14 1.0
122.5 47.95471 14 1.0
122.6 47.30276 14 1.0
122.7 46.64946 14 1.0
122.8 45.99483 14 1.0
122.9 45.33884 14 1.0
123.0 44.68152 14 1.0
123.1 44.02285 14 1.0
123.2 43.36284 14 1.0
123.3 42.70148 14 1.0
123.4 42.03878 14 1.0
123.5 41.37473 14 1.0
123.6 40.70935 14 1.0
123.7 40.04261 14 1.0
123.8 39.37454 14 1.0
123.9 38.70512 14 1.0
124.0 38.03436 14 1.0
124.1 37.36225 14 1.0
124.2 36.6888 14 1.0
124.3 36.014 14 1.0
124.4 35.33786 14 1.0
124.5 34.66038 14 1.0
124.6 33.98156 14 1.0
124.7 33.30139 14 1.0
124.8 32.61987 14 1.0
124.9 31.93702 14 1.0
125.0 31.25282 14 1.0
125.1 30.56727 14 1.0
125.2 29.88038 14 1.0
125.3 29.19215 14 1.0
125.4 28.50257 14 1.0
125.5 27.81165 14 1.0
125.6 27.11939 14 1.0
125.7 26.42578 14 1.0
125.8 25.73083 14 1.0
125.9 25.03454 14 1.0
126.0 24.3369 14 1.0
126.1 23.63791 14 1.0
126.2 22.93759 14 1.0
126.3 22.23592 14 1.0
126.4 21.5329 14 1.0
126.5 20.82855 14 1.0
126.6 20.12284 14 1.0
126.7 19.4158 14 1.0
126.8 18.70741 14 1.0
126.9 17.99768 14 1.0
127.0 17.2866 14 1.0
127.1 16.57418 14 1.0
127.2 15.86042 14 1.0
127.3 15.14531 14 1.0
127.4 14.42886 14 1.0
127.5 13.71106 14 1.0
127.6 12.99192 14 1.0
127.7 12.27144 14 1.0
127.8 11.54961 14 1.0
127.9 10.82644 14 1.0
128.0 10.10193 14 1.0
128.1 9.376067 14 1.0
128.2 8.648865 14 1.0
128.3 7.92032 14 1.0
128.4 7.19043 14 1.0
128.5 6.459197 14 1.0
128.6 5.72662 14 1.0
128.7 4.992699 14 1.0
128.8 4.257434 14 1.0
128.9 0.0 15 0.0
129.0 0.0 15 0.0
129.1 0.0 15 0.0
129.2 0.0 15 0.0
129.3 0.0 15 0.0
129.4 0.0 15 0.0
129.5 0.0 15 0.0
129.6 0.0 15 0.0
129.7 0.0 15 0.0
129.8 0.0 15 0.0
129.9 0.0 15 0.0
130.0 0.0 15 0.0
130.1 0.0 15 0.0
130.2 0.0 15 0.0
130.3 0.0 15 0.0
130.4 0.0 15 0.0
130.5 0.0 15 0.0
130.6 0.0 15 0.0
130.7 0.0 15 0.0
130.8 0.0 15 0.0
130.9 0.0 15 0.0
131.0 0.0 15 0.0
131.1 0.0 15 0.0
131.2 0.0 15 0.0
131.3 0.0 15 0.0
131.4 0.0 15 0.0
131.5 0.0 15 0.0
131.6 0.0 15 0.0
131.7 0.0 15 0.0
131.8 0.0 15 0.0
131.9 0.0 15 0.0
132.0 0.0 15 0.0
132.1 0.0 15 0.0
132.2 0.0 15 0.0
132.3 0.0 15 0.0
132.4 0.0 15 0.0
132.5 0.0 15 0.0
132.6 0.0 15 0.0
132.7 0.0 15 0.0
132.8 0.0 15 0.0
132.9 0.0 15 0.0
133.0 0.0 15 0.0
133.1 0.0 15 0.0
133.2 0.0 15 0.0
133.3 0.0 15 0.0
133.4 0.0 15 0.0
133.5 0.0 15 0.0
133.6 0.0 15 0.0
133.7 0.0 15 0.0
133.8 0.0 15 0.0
133.9 0.0 15 0.0
134.0 0.0 15 0.0
134.1 0.0 15 0.0
134.2 0.0 15 0.0
134.3 0.0 15 0.0
134.4 0.0 15 0.0
134.5 0.0 15 0.0
134.6 0.0 15 0.0
134.7 0.0 15 0.0
134.8 0.0 15 0.0
134.9 0.0 15 0.0
135.0 0.0 15 0.0
135.1 0.0 15 0.0
135.2 0.0 15 0.0
135.3 0.0 15 0.0
135.4 0.0 15 0.0
135.5 0.0 15 0.0
135.6 0.0 15 0.0
135.7 0.0 15 0.0
135.8 0.0 15 0.0
135.9 0.0 15 0.0
136.0 0.0 15 0.0
136.1 0.0 15 0.0
136.2 0.0 15 0.0
136.3 0.0 15 0.0
136.4 0.0 15 0.0
136.5 0.0 15 0.0
136.6 0.0 15 0.0
136.7 0.0 15 0.0
136.8 0.0 15 0.0
136.9 0.0 15 0.0
137.0 0.0 15 0.0
137.1 0.0 15 0.0
137.2 0.0 15 0.0
137.3 0.0 15 0.0
137.4 0.0 15 0.0
137.5 0.0 15 0.0
137.6 0.0 15 0.0
137.7 0.0 15 0.0
137.8 0.0 15 0.0
137.9 0.0 15 0.0
138.0 0.0 15 0.0
138.1 0.0 15 0.0
138.2 0.0 15 0.0
138.3 0.0 15 0.0
138.4 0.0 15 0.0
138.5 0.0 15 0.0
138.6 0.0 15 0.0
138.7 0.0 15 0.0
138.8 0.0 15 0.0
138.9 0.0 15 0.0
139.0 0.0 15 0.0
139.1 0.0 15 0.0
139.2 0.0 15 0.0
139.3 0.0 15 0.0
139.4 0.0 15 0.0
139.5 0.0 15 0.0
139.6 0.0 15 0.0
139.7 0.0 15 0.0
139.8 0.0 15 0.0
139.9 0.0 15 0.0
140.0 0.0 15 0.0
140.1 0.0 15 0.0
140.2 0.0 15 0.0
140.3 0.0 15 0.0
140.4 0.0 15 0.0
140.5 0.0 15 0.0
140.6 0.0 15 0.0
140.7 0.0 15 0.0
140.8 0.0 15 0.0
140.9 0.0 15 0.0
141.0 0.0 15 0.0
141.1 0.0 15 0.0
141.2 0.0 15 0.0
141.3 0.0 15 0.0
141.4 0.0 15 0.0
141.5 0.0 15 0.0
141.6 0.0 15 0.0
141.7 0.0 15 0.0
141.8 0.0 15 0.0
141.9 0.0 15 0.0
142.0 0.0 15 0.0
142.1 0.0 15 0.0
142.2 0.0 15 0.0
142.3 0.0 15 0.0
142.4 0.0 15 0.0
142.5 0.0 15 0.0
142.6 0.0 15 0.0
142.7 0.0 15 0.0
142.8 0.0 15 0.0
142.9 0.0 15 0.0
143.0 0.0 15 0.0
143.1 0.0 15 0.0
143.2 0.0 15 0.0
143.3 0.0 15 0.0
143.4 0.0 15 0.0
143.5 0.0 15 0.0
143.6 0.0 15 0.0
143.7 0.0 15 0.0
143.8 0.0 15 0.0
143.9 0.0 15 0.0
144.0 0.0 15 0.0
144.1 0.0 15 0.0
144.2 0.0 15 0.0
144.3 0.0 15 0.0
144.4 0.0 15 0.0
144.5 0.0 15 0.0
144.6 0.0 15 0.0
144.7 0.0 15 0.0
144.8 0.0 15 0.0
144.9 0.0 15 0.0
145.0 0.0 15 0.0
145.1 0.0 15 0.0
145.2 0.0 15 0.0
145.3 0.0 15 0.0
145.4 0.0 15 0.0
145.5 0.0 15 0.0
145.6 0.0 15 0.0
145.7 0.0 15 0.0
145.8 0.0 15 0.0
145.9 0.0 15 0.0
146.0 0.0 15 0.0
146.1 0.0 15 0.0
146.2 0.0 15 0.0
146.3 0.0 15 0.0
146.4 0.0 15 0.0
146.5 0.0 15 0.0
146.6 0.0 15 0.0
146.7 0.0 15 0.0
146.8 0.0 15 0.0
146.9 0.0 15 0.0
147.0 0.0 15 0.0
147.1 0.0 15 0.0
147.2 0.0 15 0.0
147.3 0.0 15 0.0
147.4 0.0 15 0.0
147.5 0.0 15 0.0
147.6 0.0 15 0.0
147.7 0.0 15 0.0
147.8 0.0 15 0.0
147.9 0.0 15 0.0
148.0 0.0 15 0.0
148.1 0.0 15 0.0
148.2 0.0 15 0.0
148.3 0.0 15 0.0
148.4 0.0 15 0.0
148.5 0.0 15 0.0
148.6 0.0 15 0.0
148.7 0.0 15 0.0
148.8 0.0 15 0.0
148.9 0.0 15 0.0
149.0 0.0 15 0.0
149.1 0.0 15 0.0
149.2 0.0 15 0.0
149.3 0.0 15 0.0
149.4 0.0 15 0.0
149.5 0.0 15 0.0
149.6 0.0 15 0.0
149.7 0.0 15 0.0
149.8 0.0 15 0.0
149.9 0.0 15 0.0
150.0 0.0 15 0.0
150.1 0.0 15 0.0
150.2 0.0 15 0.0
150.3 0.0 15 0.0
150.4 0.0 15 0.0
150.5 0.0 15 0.0
150.6 0.0 15 0.0
150.7 0.0 15 0.0
150.8 0.0 15 0.0
150.9 0.0 15 0.0
151.0 0.0 15 0.0
151.1 0.0 15 0.0
151.2 0.0 15 0.0
151.3 0.0 15 0.0
151.4 0.0 15 0.0
151.5 0.0 15 0.0
151.6 0.0 15 0.0
151.7 0.0 15 0.0
151.8 0.0 15 0.0
151.9 0.0 15 0.0
152.0 0.0 15 0.0
152.1 0.0 15 0.0
152.2 0.0 15 0.0
152.3 0.0 15 0.0
152.4 0.0 15 0.0
152.5 0.0 15 0.0
152.6 0.0 15 0.0
152.7 0.0 15 0.0
152.8 0.0 15 0.0
152.9 0.0 15 0.0
153.0 0.0 15 0.0
153.1 0.0 15 0.0
153.2 0.0 15 0.0
153.3 0.0 15 0.0
153.4 0.0 15 0.0
153.5 0.0 15 0.0
153.6 0.0 15 0.0
153.7 0.0 15 0.0
153.8 0.0 15 0.0
153.9 0.0 15 0.0
154.0 0.0 15 0.0
154.1 0.0 15 0.0
154.2 0.0 15 0.0
154.3 0.0 15 0.0
154.4 0.0 15 0.0
154.5 0.0 15 0.0
154.6 0.0 15 0.0
154.7 0.0 15 0.0
154.8 0.0 15 0.0
154.9 0.0 15 0.0
155.0 0.0 15 0.0
155.1 0.0 15 0.0
155.2 0.0 15 0.0
155.3 0.0 15 0.0
155.4 0.0 15 0.0
155.5 0.0 15 0.0
155.6 0.0 15 0.0
155.7 0.0 15 0.0
155.8 0.0 15 0.0
155.9 0.0 15 0.0
156.0 0.0 15 0.0
156.1 0.0 15 0.0
156.2 0.0 15 0.0
156.3 0.0 15 0.0
156.4 0.0 15 0.0
156.5 0.0 15 0.0
156.6 0.0 15 0.0
156.7 0.0 15 0.0
156.8 0.0 15 0.0
156.9 0.0 15 0.0
157.0 0.0 15 0.0
157.1 0.0 15 0.0
157.2 0.0 15 0.0
157.3 0.0 15 0.0
157.4 0.0 15 0.0
157.5 0.0 15 0.0
157.6 0.0 15 0.0
157.7 0.0 15 0.0
157.8 0.0 15 0.0
157.9 0.0 15 0.0
158.0 0.0 15 0.0
158.1 0.0 15 0.0
158.2 0.0 15 0.0
158.3 0.0 15 0.0
158.4 0.0 15 0.0
158.5 0.0 15 0.0
158.6 0.0 15 0.0
158.7 0.0 15 0.0
158.8 0.0 15 0.0
158.9 0.0 15 0.0
159.0 0.0 15 0.0
159.1 0.0 15 0.0
159.2 0.0 15 0.0
159.3 0.0 15 0.0
159.4 0.0 15 0.0
159.5 0.0 15 0.0
159.6 0.0 15 0.0
159.7 0.0 15 0.0
159.8 0.0 15 0.0
159.9 0.0 15 0.0
160.0 0.0 15 0.0
160.1 0.0 15 0.0
160.2 0.0 15 0.0
160.3 0.0 15 0.0
160.4 0.0 15 0.0
160.5 0.0 15 0.0
160.6 0.0 15 0.0
160.7 0.0 15 0.0
160.8 0.0 15 0.0
160.9 0.0 15 0.0
161.0 0.0 15 0.0
161.1 0.0 15 0.0
161.2 0.0 15 0.0
161.3 0.0 15 0.0
161.4 0.0 15 0.0
161.5 0.0 15 0.0
161.6 0.0 15 0.0
161.7 0.0 15 0.0
161.8 0.0 15 0.0
161.9 0.0 15 0.0
162.0 0.0 15 0.0
162.1 0.0 15 0.0
162.2 0.0 15 0.0
162.3 0.0 15 0.0
162.4 0.0 15 0.0
162.5 0.0 15 0.0
162.6 0.0 15 0.0
162.7 0.0 15 0.0
162.8 0.0 15 0.0
162.9 0.0 15 0.0
163.0 0.0 15 0.0
163.1 0.0 15 0.0
163.2 0.0 15 0.0
163.3 0.0 15 0.0
163.4 0.0 15 0.0
163.5 0.0 15 0.0
163.6 0.0 15 0.0
163.7 0.0 15 0.0
163.8 0.0 15 0.0
163.9 0.0 15 0.0
164.0 0.0 15 0.0
164.1 0.0 15 0.0
164.2 0.0 15 0.0
164.3 0.0 15 0.0
164.4 0.0 15 0.0
164.5 0.0 15 0.0
164.6 0.0 15 0.0
164.7 0.0 15 0.0
164.8 0.0 15 0.0
164.9 0.0 15 0.0
165.0 0.0 15 0.0
165.1 0.0 15 0.0
165.2 0.0 15 0.0
165.3 0.0 15 0.0
165.4 0.0 15 0.0
165.5 0.0 15 0.0
165.6 0.0 15 0.0
165.7 0.0 15 0.0
165.8 0.0 15 0.0
165.9 0.0 15 0.0
166.0 0.0 15 0.0
166.1 0.0 15 0.0
166.2 0.0 15 0.0
166.3 0.0 15 0.0
166.4 0.0 15 0.0
166.5 0.0 15 0.0
166.6 0.0 15 0.0
166.7 0.0 15 0.0
166.8 0.0 15 0.0
166.9 0.0 15 0.0
167.0 0.0 15 0.0
167.1 0.0 15 0.0
167.2 0.0 15 0.0
167.3 0.0 15 0.0
167.4 0.0 15 0.0
167.5 0.0 15 0.0
167.6 0.0 15 0.0
167.7 0.0 15 0.0
167.8 0.0 15 0.0
167.9 0.0 15 0.0
168.0 0.0 15 0.0
168.1 0.0 15 0.0
168.2 0.0 15 0.0
168.3 0.0 15 0.0
168.4 0.0 15 0.0
168.5 0.0 15 0.0
168.6 0.0 15 0.0
168.7 0.0 15 0.0
168.8 0.0 15 0.0
168.9 0.0 15 0.0
169.0 0.0 15 0.0
169.1 0.0 15 0.0
169.2 0.0 15 0.0
169.3 0.0 15 0.0
169.4 0.0 15 0.0
169.5 0.0 15 0.0
169.6 0.0 15 0.0
169.7 0.0 15 0.0
169.8 0.0 15 0.0
169.9 0.0 15 0.0
170.0 0.0 15 0.0
170.1 0.0 15 0.0
170.2 0.0 15 0.0
170.3 0.0 15 0.0
170.4 0.0 15 0.0
170.5 0.0 15 0.0
170.6 0.0 15 0.0
170.7 0.0 15 0.0
170.8 0.0 15 0.0
170.9 0.0 15 0.0
171.0 0.0 15 0.0
171.1 0.0 15 0.0
171.2 0.0 15 0.0
171.3 0.0 15 0.0
171.4 0.0 15 0.0
171.5 0.0 15 0.0
171.6 0.0 15 0.0
171.7 0.0 15 0.0
171.8 0.0 15 0.0
171.9 0.0 15 0.0
172.0 0.0 15 0.0
172.1 0.0 15 0.0
172.2 0.0 15 0.0
172.3 0.0 15 0.0
172.4 0.0 15 0.0
172.5 0.0 15 0.0
172.6 0.0 15 0.0
172.7 0.0 15 0.0
172.8 0.0 15 0.0
172.9 0.0 15 0.0
173.0 0.0 15 0.0
173.1 0.0 15 0.0
173.2 0.0 15 0.0
173.3 0.0 15 0.0
173.4 0.0 15 0.0
173.5 0.0 15 0.0
173.6 0.0 15 0.0
173.7 0.0 15 0.0
173.8 0.0 15 0.0
173.9 0.0 15 0.0
174.0 0.0 15 0.0
174.1 0.0 15 0.0
174.2 0.0 15 0.0
174.3 0.0 15 0.0
174.4 0.0 15 0.0
174.5 0.0 15 0.0
174.6 0.0 15 0.0
174.7 0.0 15 0.0
174.8 0.0 15 0.0
174.9 0.0 15 0.0
175.0 0.0 15 0.0
175.1 0.0 15 0.0
175.2 0.0 15 0.0
175.3 0.0 15 0.0
175.4 0.0 15 0.0
175.5 0.0 15 0.0
175.6 0.0 15 0.0
175.7 0.0 15 0.0
175.8 0.0 15 0.0
175.9 0.0 15 0.0
176.0 0.0 15 0.0
176.1 0.0 15 0.0
176.2 0.0 15 0.0
176.3 0.0 15 0.0
176.4 0.0 15 0.0
176.5 0.0 15 0.0
176.6 0.0 15 0.0
176.7 0.0 15 0.0
176.8 0.0 15 0.0
176.9 0.0 15 0.0
177.0 0.0 15 0.0
177.1 0.0 15 0.0
177.2 0.0 15 0.0
177.3 0.0 15 0.0
177.4 0.0 15 0.0
177.5 0.0 15 0.0
177.6 0.0 15 0.0
177.7 0.0 15 0.0
177.8 0.0 15 0.0
177.9 0.0 15 0.0
178.0 0.0 15 0.0
178.1 0.0 15 0.0
178.2 0.0 15 0.0
178.3 0.0 15 0.0
178.4 0.0 15 0.0
178.5 0.0 15 0.0
178.6 0.0 15 0.0
178.7 0.0 15 0.0
178.8 0.0 15 0.0
178.9 0.0 15 0.0
179.0 0.0 15 0.0
179.1 0.0 15 0.0
179.2 0.0 15 0.0
179.3 0.0 15 0.0
179.4 0.0 15 0.0
179.5 0.0 15 0.0
179.6 0.0 15 0.0
179.7 0.0 15 0.0
179.8 0.0 15 0.0
179.9 0.0 15 0.0
180.0 0.0 15 0.0
180.1 0.0 15 0.0
180.2 0.0 15 0.0
180.3 0.0 15 0.0
180.4 0.0 15 0.0
180.5 0.0 15 0.0
180.6 0.0 15 0.0
180.7 0.0 15 0.0
180.8 0.0 15 0.0
180.9 0.0 15 0.0
181.0 0.0 15 0.0
181.1 0.0 15 0.0
181.2 0.0 15 0.0
181.3 0.0 15 0.0
181.4 0.0 15 0.0
181.5 0.0 15 0.0
181.6 0.0 15 0.0
181.7 0.0 15 0.0
181.8 0.0 15 0.0
181.9 0.0 15 0.0
182.0 0.0 15 0.0
182.1 0.0 15 0.0
182.2 0.0 15 0.0
182.3 0.0 15 0.0
182.4 0.0 15 0.0
182.5 0.0 15 0.0
182.6 0.0 15 0.0
182.7 0.0 15 0.0
182.8 0.0 15 0.0
182.9 0.0 15 0.0
183.0 0.0 15 0.0
183.1 0.0 15 0.0
183.2 0.0 15 0.0
183.3 0.0 15 0.0
183.4 0.0 15 0.0
183.5 0.0 15 0.0
183.6 0.0 15 0.0
183.7 0.0 15 0.0
183.8 0.0 15 0.0
183.9 0.0 15 0.0
184.0 0.0 15 0.0
184.1 0.0 15 0.0
184.2 0.0 15 0.0
184.3 0.0 15 0.0
184.4 0.0 15 0.0
184.5 0.0 15 0.0
184.6 0.0 15 0.0
184.7 0.0 15 0.0
184.8 0.0 15 0.0
184.9 0.0 15 0.0
185.0 0.0 15 0.0
185.1 0.0 15 0.0
185.2 0.0 15 0.0
185.3 0.0 15 0.0
185.4 0.0 15 0.0
185.5 0.0 15 0.0
185.6 0.0 15 0.0
185.7 0.0 15 0.0
185.8 0.0 15 0.0
185.9 0.0 15 0.0
186.0 0.0 15 0.0
186.1 0.0 15 0.0
186.2 0.0 15 0.0
186.3 0.0 15 0.0
186.4 0.0 15 0.0
186.5 0.0 15 0.0
186.6 0.0 15 0.0
186.7 0.0 15 0.0
186.8 0.0 15 0.0
186.9 0.0 15 0.0
187.0 0.0 15 0.0
187.1 0.0 15 0.0
187.2 0.0 15 0.0
187.3 0.0 15 0.0
187.4 0.0 15 0.0
187.5 0.0 15 0.0
187.6 0.0 15 0.0
187.7 0.0 15 0.0
187.8 0.0 15 0.0
187.9 0.0 15 0.0
188.0 0.0 15 0.0
188.1 0.0 15 0.0
188.2 0.0 15 0.0
188.3 0.0 15 0.0
188.4 0.0 15 0.0
188.5 0.0 15 0.0
188.6 0.0 15 0.0
188.7 0.0 15 0.0
188.8 0.0 15 0.0
188.9 0.0 15 0.0
189.0 0.0 15 0.0
189.1 0.0 15 0.0
189.2 0.0 15 0.0
189.3 0.0 15 0.0
189.4 0.0 15 0.0
189.5 0.0 15 0.0
189.6 0.0 15 0.0
189.7 0.0 15 0.0
189.8 0.0 15 0.0
189.9 0.0 15 0.0
190.0 0.0 15 0.0
190.1 0.0 15 0.0
190.2 0.0 15 0.0
190.3 0.0 15 0.0
190.4 0.0 15 0.0
190.5 0.0 15 0.0
190.6 0.0 15 0.0
190.7 0.0 15 0.0
190.8 0.0 15 0.0
190.9 0.0 15 0.0
191.0 0.0 15 0.0
191.1 0.0 15 0.0
191.2 0.0 15 0.0
191.3 0.0 15 0.0
191.4 0.0 15 0.0
191.5 0.0 15 0.0
191.6 0.0 15 0.0
191.7 0.0 15 0.0
191.8 0.0 15 0.0
191.9 0.0 15 0.0
192.0 0.0 15 0.0
192.1 0.0 15 0.0
192.2 0.0 15 0.0
192.3 0.0 15 0.0
192.4 0.0 15 0.0
192.5 0.0 15 0.0
192.6 0.0 15 0.0
192.7 0.0 15 0.0
192.8 0.0 15 0.0
192.9 0.0 15 0.0
193.0 0.0 15 0.0
193.1 0.0 15 0.0
193.2 0.0 15 0.0
193.3 0.0 15 0.0
193.4 0.0 15 0.0
193.5 0.0 15 0.0
193.6 0.0 15 0.0
193.7 0.0 15 0.0
193.8 0.0 15 0.0
193.9 0.0 15 0.0
194.0 0.0 15 0.0
194.1 0.0 15 0.0
194.2 0.0 15 0.0
194.3 0.0 15 0.0
194.4 0.0 15 0.0
194.5 0.0 15 0.0
194.6 0.0 15 0.0
194.7 0.0 15 0.0
194.8 0.0 15 0.0
194.9 0.0 15 0.0
195.0 0.0 15 0.0
195.1 0.0 15 0.0
195.2 0.0 15 0.0
195.3 0.0 15 0.0
195.4 0.0 15 0.0
195.5 0.0 15 0.0
195.6 0.0 15 0.0
195.7 0.0 15 0.0
195.8 0.0 15 0.0
195.9 0.0 15 0.0
196.0 0.0 15 0.0
196.1 0.0 15 0.0
196.2 0.0 15 0.0
196.3 0.0 15 0.0
196.4 0.0 15 0.0
196.5 0.0 15 0.0
196.6 0.0 15 0.0
196.7 0.0 15 0.0
196.8 0.0 15 0.0
196.9 0.0 15 0.0
197.0 0.0 15 0.0
197.1 0.0 15 0.0
197.2 0.0 15 0.0
197.3 0.0 15 0.0
197.4 0.0 15 0.0
197.5 0.0 15 0.0
197.6 0.0 15 0.0
197.7 0.0 15 0.0
197.8 0.0 15 0.0
197.9 0.0 15 0.0
198.0 0.0 15 0.0
198.1 0.0 15 0.0
198.2 0.0 15 0.0
198.3 0.0 15 0.0
198.4 0.0 15 0.0
198.5 0.0 15 0.0
198.6 0.0 15 0.0
198.7 0.0 15 0.0
198.8 0.0 15 0.0
198.9 0.0 15 0.0
199.0 0.0 15 0.0
199.1 0.0 15 0.0
199.2 0.0 15 0.0
199.3 0.0 15 0.0
199.4 0.0 15 0.0
199.5 0.0 15 0.0
199.6 0.0 15 0.0
199.7 0.0 15 0.0
199.8 0.0 15 0.0
199.9 0.0 15 0.0
200.0 0.0 15 0.0
200.1 0.0 15 0.0
200.2 0.0 15 0.0
200.3 0.0 15 0.0
200.4 0.0 15 0.0
200.5 0.0 15 0.0
200.6 0.0 15 0.0
200.7 0.0 15 0.0
200.8 0.0 15 0.0
200.9 0.0 15 0.0
201.0 0.0 15 0.0
201.1 0.0 15 0.0
201.2 0.0 15 0.0
201.3 0.0 15 0.0
201.4 0.0 15 0.0
201.5 0.0 15 0.0
201.6 0.0 15 0.0
201.7 0.0 15 0.0
201.8 0.0 15 0.0
201.9 0.0 15 0.0
202.0 0.0 15 0.0
202.1 0.0 15 0.0
202.2 0.0 15 0.0
202.3 0.0 15 0.0
202.4 0.0 15 0.0
202.5 0.0 15 0.0
202.6 0.0 15 0.0
202.7 0.0 15 0.0
202.8 0.0 15 0.0
202.9 0.0 15 0.0
203.0 0.0 15 0.0
203.1 0.0 15 0.0
203.2 0.0 15 0.0
203.3 0.0 15 0.0
203.4 0.0 15 0.0
203.5 0.0 15 0.0
203.6 0.0 15 0.0
203.7 0.0 15 0.0
203.8 0.0 15 0.0
203.9 0.0 15 0.0
204.0 0.0 15 0.0
204.1 0.0 15 0.0
204.2 0.0 15 0.0
204.3 0.0 15 0.0
204.4 0.0 15 0.0
204.5 0.0 15 0.0
204.6 0.0 15 0.0
204.7 0.0 15 0.0
204.8 0.0 15 0.0
204.9 0.0 15 0.0
205.0 0.0 15 0.0
205.1 0.0 15 0.0
205.2 0.0 15 0.0
205.3 0.0 15 0.0
205.4 0.0 15 0.0
205.5 0.0 15 0.0
205.6 0.0 15 0.0
205.7 0.0 15 0.0
205.8 0.0 15 0.0
205.9 0.0 15 0.0
206.0 0.0 15 0.0
206.1 0.0 15 0.0
206.2 0.0 15 0.0
206.3 0.0 15 0.0
206.4 0.0 15 0.0
206.5 0.0 15 0.0
206.6 0.0 15 0.0
206.7 0.0 15 0.0
206.8 0.0 15 0.0
206.9 0.0 15 0.0
207.0 0.0 15 0.0
207.1 0.0 15 0.0
207.2 0.0 15 0.0
207.3 0.0 15 0.0
207.4 0.0 15 0.0
207.5 0.0 15 0.0
207.6 0.0 15 0.0
207.7 0.0 15 0.0
207.8 0.0 15 0.0
207.9 0.0 15 0.0
208.0 0.0 15 0.0
208.1 0.0 15 0.0
208.2 0.0 15 0.0
208.3 0.0 15 0.0
208.4 0.0 15 0.0
208.5 0.0 15 0.0
208.6 0.0 15 0.0
208.7 0.0 15 0.0
208.8 0.0 15 0.0
208.9 0.0 15 0.0
209.0 0.0 15 0.0
209.1 0.0 15 0.0
209.2 0.0 15 0.0
209.3 0.0 15 0.0
209.4 0.0 15 0.0
209.5 0.0 15 0.0
209.6 0.0 15 0.0
209.7 0.0 15 0.0
209.8 0.0 15 0.0
209.9 0.0 15 0.0
210.0 0.0 15 0.0
210.1 0.0 15 0.0
210.2 0.0 15 0.0
210.3 0.0 15 0.0
210.4 0.0 15 0.0
210.5 0.0 15 0.0
210.6 0.0 15 0.0
210.7 0.0 15 0.0
210.8 0.0 15 0.0
210.9 0.0 15 0.0
211.0 0.0 15 0.0
211.1 0.0 15 0.0
211.2 0.0 15 0.0
211.3 0.0 15 0.0
211.4 0.0 15 0.0
211.5 0.0 15 0.0
211.6 0.0 15 0.0
211.7 0.0 15 0.0
211.8 0.0 15 0.0
211.9 0.0 15 0.0
212.0 0.0 15 0.0
212.1 0.0 15 0.0
212.2 0.0 15 0.0
212.3 0.0 15 0.0
212.4 0.0 15 0.0
212.5 0.0 15 0.0
212.6 0.0 15 0.0
212.7 0.0 15 0.0
212.8 0.0 15 0.0
212.9 0.0 15 0.0
213.0 0.0 15 0.0
213.1 0.0 15 0.0
213.2 0.0 15 0.0
213.3 0.0 15 0.0
213.4 0.0 15 0.0
213.5 0.0 15 0.0
213.6 0.0 15 0.0
213.7 0.0 15 0.0
213.8 0.0 15 0.0
213.9 0.0 15 0.0
214.0 0.0 15 0.0
214.1 0.0 15 0.0
214.2 0.0 15 0.0
214.3 0.0 15 0.0
214.4 0.0 15 0.0
214.5 0.0 15 0.0
214.6 0.0 15 0.0
214.7 0.0 15 0.0
214.8 0.0 15 0.0
214.9 0.0 15 0.0
215.0 0.0 15 0.0
215.1 0.0 15 0.0
215.2 0.0 15 0.0
215.3 0.0 15 0.0
215.4 0.0 15 0.0
215.5 0.0 15 0.0
215.6 0.0 15 0.0
215.7 0.0 15 0.0
215.8 0.0 15 0.0
215.9 0.0 15 0.0
216.0 0.0 15 0.0
216.1 0.0 15 0.0
216.2 0.0 15 0.0
216.3 0.0 15 0.0
216.4 0.0 15 0.0
216.5 0.0 15 0.0
216.6 0.0 15 0.0
216.7 0.0 15 0.0
216.8 0.0 15 0.0
216.9 0.0 15 0.0
217.0 0.0 15 0.0
217.1 0.0 15 0.0
217.2 0.0 15 0.0
217.3 0.0 15 0.0
217.4 0.0 15 0.0
217.5 0.0 15 0.0
217.6 0.0 15 0.0
217.7 0.0 15 0.0
217.8 0.0 15 0.0
217.9 0.0 15 0.0
218.0 0.0 15 0.0
218.1 0.0 15 0.0
218.2 0.0 15 0.0
218.3 0.0 15 0.0
218.4 0.0 15 0.0
218.5 0.0 15 0.0
218.6 0.0 15 0.0
218.7 0.0 15 0.0
218.8 0.0 15 0.0
218.9 0.0 15 0.0
219.0 0.0 15 0.0
219.1 0.0 15 0.0
219.2 0.0 15 0.0
219.3 0.0 15 0.0
219.4 0.0 15 0.0
219.5 0.0 15 0.0
219.6 0.0 15 0.0
219.7 0.0 15 0.0
219.8 0.0 15 0.0
219.9 0.0 15 0.0
220.0 0.0 15 0.0
220.1 0.0 15 0.0
220.2 0.0 15 0.0
220.3 0.0 15 0.0
220.4 0.0 15 0.0
220.5 0.0 15 0.0
220.6 0.0 15 0.0
220.7 0.0 15 0.0
220.8 0.0 15 0.0
220.9 0.0 15 0.0
221.0 0.0 15 0.0
221.1 0.0 15 0.0
221.2 0.0 15 0.0
221.3 0.0 15 0.0
221.4 0.0 15 0.0
221.5 0.0 15 0.0
221.6 0.0 15 0.0
221.7 0.0 15 0.0
221.8 0.0 15 0.0
221.9 0.0 15 0.0
222.0 0.0 15 0.0
222.1 0.0 15 0.0
222.2 0.0 15 0.0
222.3 0.0 15 0.0
222.4 0.0 15 0.0
222.5 0.0 15 0.0
222.6 0.0 15 0.0
222.7 0.0 15 0.0
222.8 0.0 15 0.0
222.9 0.0 15 0.0
223.0 0.0 15 0.0
223.1 0.0 15 0.0
223.2 0.0 15 0.0
223.3 0.0 15 0.0
223.4 0.0 15 0.0
223.5 0.0 15 0.0
223.6 0.0 15 0.0
223.7 0.0 15 0.0
223.8 0.0 15 0.0
223.9 0.0 15 0.0
224.0 0.0 15 0.0
224.1 0.0 15 0.0
224.2 0.0 15 0.0
224.3 0.0 15 0.0
224.4 0.0 15 0.0
224.5 0.0 15 0.0
224.6 0.0 15 0.0
224.7 0.0 15 0.0
224.8 0.0 15 0.0
224.9 0.0 15 0.0
225.0 0.0 15 0.0
225.1 0.0 15 0.0
225.2 0.0 15 0.0
225.3 0.0 15 0.0
225.4 0.0 15 0.0
225.5 0.0 15 0.0
225.6 0.0 15 0.0
225.7 0.0 15 0.0
225.8 0.0 15 0.0
225.9 0.0 15 0.0
226.0 0.0 15 0.0
226.1 0.0 15 0.0
226.2 0.0 15 0.0
226.3 0.0 15 0.0
226.4 0.0 15 0.0
226.5 0.0 15 0.0
226.6 0.0 15 0.0
226.7 0.0 15 0.0
226.8 0.0 15 0.0
226.9 0.0 15 0.0
227.0 0.0 15 0.0
227.1 0.0 15 0.0
227.2 0.0 15 0.0
227.3 0.0 15 0.0
227.4 0.0 15 0.0
227.5 0.0 15 0.0
227.6 0.0 15 0.0
227.7 0.0 15 0.0
227.8 0.0 15 0.0
227.9 0.0 15 0.0
228.0 0.0 15 0.0
228.1 0.0 15 0.0
228.2 0.0 15 0.0
228.3 0.0 15 0.0
228.4 0.0 15 0.0
228.5 0.0 15 0.0
228.6 0.0 15 0.0
228.7 0.0 15 0.0
228.8 0.0 15 0.0
228.9 0.0 15 0.0
229.0 0.0 15 0.0
229.1 0.0 15 0.0
229.2 0.0 15 0.0
229.3 0.0 15 0.0
229.4 0.0 15 0.0
229.5 0.0 15 0.0
229.6 0.0 15 0.0
229.7 0.0 15 0.0
229.8 0.0 15 0.0
229.9 0.0 15 0.0
230.0 0.0 15 0.0
230.1 0.0 15 0.0
230.2 0.0 15 0.0
230.3 0.0 15 0.0
230.4 0.0 15 0.0
230.5 0.0 15 0.0
230.6 0.0 15 0.0
230.7 0.0 15 0.0
230.8 0.0 15 0.0
230.9 0.0 15 0.0
231.0 0.0 15 0.0
231.1 0.0 15 0.0
231.2 0.0 15 0.0
231.3 0.0 15 0.0
231.4 0.0 15 0.0
231.5 0.0 15 0.0
231.6 0.0 15 0.0
231.7 0.0 15 0.0
231.8 0.0 15 0.0
231.9 0.0 15 0.0
232.0 0.0 15 0.0
232.1 0.0 15 0.0
232.2 0.0 15 0.0
232.3 0.0 15 0.0
232.4 0.0 15 0.0
232.5 0.0 15 0.0
232.6 0.0 15 0.0
232.7 0.0 15 0.0
232.8 0.0 15 0.0
232.9 0.0 15 0.0
233.0 0.0 15 0.0
233.1 0.0 15 0.0
233.2 0.0 15 0.0
233.3 0.0 15 0.0
233.4 0.0 15 0.0
233.5 0.0 15 0.0
233.6 0.0 15 0.0
233.7 0.0 15 0.0
233.8 0.0 15 0.0
233.9 0.0 15 0.0
234.0 0.0 15 0.0
234.1 0.0 15 0.0
234.2 0.0 15 0.0
234.3 0.0 15 0.0
234.4 0.0 15 0.0
234.5 0.0 15 0.0
234.6 0.0 15 0.0
234.7 0.0 15 0.0
234.8 0.0 15 0.0
234.9 0.0 15 0.0
235.0 0.0 15 0.0
235.1 0.0 15 0.0
235.2 0.0 15 0.0
235.3 0.0 15 0.0
235.4 0.0 15 0.0
235.5 0.0 15 0.0
235.6 0.0 15 0.0
235.7 0.0 15 0.0
235.8 0.0 15 0.0
235.9 0.0 15 0.0
236.0 0.0 15 0.0
236.1 0.0 15 0.0
236.2 0.0 15 0.0
236.3 0.0 15 0.0
236.4 0.0 15 0.0
236.5 0.0 15 0.0
236.6 0.0 15 0.0
236.7 0.0 15 0.0
236.8 0.0 15 0.0
236.9 0.0 15 0.0
237.0 0.0 15 0.0
237.1 0.0 15 0.0
237.2 0.0 15 0.0
237.3 0.0 15 0.0
237.4 0.0 15 0.0
237.5 0.0 15 0.0
237.6 0.0 15 0.0
237.7 0.0 15 0.0
237.8 0.0 15 0.0
237.9 0.0 15 0.0
238.0 0.0 15 0.0
238.1 0.0 15 0.0
238.2 0.0 15 0.0
238.3 0.0 15 0.0
238.4 0.0 15 0.0
238.5 0.0 15 0.0
238.6 0.0 15 0.0
238.7 0.0 15 0.0
238.8 0.0 15 0.0
238.9 0.0 15 0.0
239.0 0.0 15 0.0
239.1 0.0 15 0.0
239.2 0.0 15 0.0
239.3 0.0 15 0.0
239.4 0.0 15 0.0
239.5 0.0 15 0.0
239.6 0.0 15 0.0
239.7 0.0 15 0.0
239.8 0.0 15 0.0
239.9 0.0 15 0.0
240.0 0.0 15 0.0
240.1 0.0 15 0.0
240.2 0.0 15 0.0
240.3 0.0 15 0.0
240.4 0.0 15 0.0
240.5 0.0 15 0.0
240.6 0.0 15 0.0
240.7 0.0 15 0.0
240.8 0.0 15 0.0
240.9 0.0 15 0.0
241.0 0.0 15 0.0
241.1 0.0 15 0.0
241.2 0.0 15 0.0
241.3 0.0 15 0.0
241.4 0.0 15 0.0
241.5 0.0 15 0.0
241.6 175.5797 14 1.0
241.7 175.646 14 1.0
241.8 175.7123 14 1.0
241.9 175.7786 14 1.0
242.0 175.8448 14 1.0
242.1 175.9111 14 1.0
242.2 175.9774 14 1.0
242.3 176.0437 14 1.0
242.4 176.11 14 1.0
242.5 176.1762 14 1.0
242.6 176.2425 14 1.0
242.7 176.3088 14 1.0
242.8 176.3751 14 1.0
242.9 176.4413 14 1.0
243.0 176.5076 14 1.0
243.1 176.5739 14 1.0
243.2 176.6402 14 1.0
243.3 176.7065 14 1.0
243.4 176.7727 14 1.0
243.5 176.839 14 1.0
243.6 176.9053 14 1.0
243.7 176.9716 14 1.0
243.8 177.0379 14 1.0
243.9 177.1041 14 1.0
244.0 177.1704 14 1.0
244.1 177.2367 14 1.0
244.2 177.303 14 1.0
244.3 177.3692 14 1.0
244.4 177.4355 14 1.0
244.5 177.5018 14 1.0
244.6 177.5681 14 1.0
244.7 177.6344 14 1.0
244.8 177.7006 14 1.0
244.9 177.7669 14 1.0
245.0 177.8332 14 1.0
245.1 177.8995 14 1.0
245.2 177.9658 14 1.0
245.3 178.032 14 1.0
245.4 178.0983 14 1.0
245.5 178.1646 14 1.0
245.6 178.2309 14 1.0
245.7 178.2971 14 1.0
245.8 178.3634 14 1.0
245.9 178.4297 14 1.0
246.0 178.496 14 1.0
246.1 178.5623 14 1.0
246.2 178.6285 14 1.0
246.3 178.6948 14 1.0
246.4 178.7611 14 1.0
246.4 178.8274 14 1.0
246.5 178.8937 14 1.0
246.6 178.9599 14 1.0
246.7 179.0262 14 1.0
246.8 179.0925 14 1.0
246.9 179.1588 14 1.0
247.0 179.225 14 1.0
247.1 179.2913 14 1.0
247.2 179.3576 14 1.0
247.3 179.4239 14 1.0
247.4 179.4902 14 1.0
247.5 179.5564 14 1.0
247.6 179.6227 14 1.0
247.7 179.689 14 1.0
247.8 179.7553 14 1.0
247.9 179.8216 14 1.0
248.0 179.8878 14 1.0
248.1 179.9541 14 1.0
248.2 180.0204 14 1.0
248.3 180.0867 14 1.0
248.4 180.1529 14 1.0
248.5 180.2192 14 1.0
248.6 180.2855 14 1.0
248.7 180.3518 14 1.0
248.8 180.4181 14 1.0
248.9 180.4843 14 1.0
249.0 180.5506 14 1.0
249.1 180.6169 14 1.0
249.2 180.6832 14 1.0
249.3 180.7495 14 1.0
249.4 180.8157 14 1.0
249.5 180.882 14 1.0
249.6 180.9483 14 1.0
249.7 181.0146 14 1.0
249.8 181.0809 14 1.0
249.9 181.1403 14 1.0
250.0 181.1997 14 1.0
250.1 181.2591 14 1.0
250.2 181.3185 14 1.0
250.3 181.3779 14 1.0
250.4 181.4373 14 1.0
250.5 181.4968 14 1.0
250.6 181.5562 14 1.0
250.7 181.6156 14 1.0
250.8 181.675 14 1.0
250.9 181.7344 14 1.0
251.0 181.7938 14 1.0
251.1 181.8533 14 1.0
251.2 181.9127 14 1.0
251.3 181.9721 14 1.0
251.4 182.0315 14 1.0
251.5 182.0909 14 1.0
251.6 182.1503 14 1.0
251.7 182.2097 14 1.0
251.8 182.2692 14 1.0
251.9 182.3286 14 1.0
252.0 182.388 14 1.0
252.1 182.4474 14 1.0
252.2 182.5068 14 1.0
252.3 182.5662 14 1.0
252.4 182.6257 14 1.0
252.5 182.6851 14 1.0
252.6 182.7445 14 1.0
252.7 182.8039 14 1.0
252.8 182.8633 14 1.0
252.9 182.9227 14 1.0
253.0 182.9822 14 1.0
253.1 183.0416 14 1.0
253.2 183.101 14 1.0
253.3 183.1604 14 1.0
253.4 183.2198 14 1.0
253.5 183.2792 14 1.0
253.6 183.3386 14 1.0
253.7 183.3981 14 1.0
253.8 183.4575 14 1.0
253.9 183.5169 14 1.0
254.0 183.5763 14 1.0
254.1 183.6357 14 1.0
254.2 183.6951 14 1.0
254.3 183.7546 14 1.0
254.4 183.814 14 1.0
254.5 183.8734 14 1.0
254.6 183.9328 14 1.0
254.7 183.9922 14 1.0
254.8 184.0516 14 1.0
254.9 184.111 14 1.0
255.0 184.1705 14 1.0
255.1 184.2299 14 1.0
255.2 184.2893 14 1.0
255.3 184.3487 14 1.0
255.4 184.4081 14 1.0
255.5 184.4675 14 1.0
255.6 184.527 14 1.0
255.7 184.5864 14 1.0
255.8 184.6458 14 1.0
255.9 184.7052 14 1.0
256.0 184.7646 14 1.0
256.1 184.824 14 1.0
256.2 184.8835 14 1.0
256.3 184.9429 14 1.0
256.4 185.0023 14 1.0
256.5 185.0617 14 1.0
256.6 185.1211 14 1.0
256.7 185.1805 14 1.0
256.8 185.2399 14 1.0
256.9 185.2994 14 1.0
257.0 185.3588 14 1.0
257.1 185.4182 14 1.0
257.2 185.4776 14 1.0
257.3 185.537 14 1.0
257.4 185.5964 14 1.0
257.5 185.6559 14 1.0
257.6 185.7153 14 1.0
257.7 185.7747 14 1.0
257.8 185.8341 14 1.0
257.9 185.8935 14 1.0
258.0 185.9529 14 1.0
258.1 186.0123 14 1.0
258.2 186.0718 14 1.0
258.3 186.1312 14 1.0
258.4 186.1906 14 1.0
258.5 186.25 14 1.0
258.6 186.3094 14 1.0
258.7 186.3688 14 1.0
258.8 186.4283 14 1.0
258.9 186.4877 14 1.0
259.0 186.5471 14 1.0
259.1 186.6065 14 1.0
259.2 186.6659 14 1.0
259.3 186.7253 14 1.0
259.4 186.7848 14 1.0
259.5 186.8442 14 1.0
259.6 186.9036 14 1.0
259.7 186.963 14 1.0
259.8 187.0224 14 1.0
259.9 187.0818 14 1.0
260.0 187.1412 14 1.0
260.1 187.2007 14 1.0
260.2 187.2601 14 1.0
260.3 187.3195 14 1.0
260.4 187.3789 14 1.0
260.5 187.4383 14 1.0
260.6 187.4977 14 1.0
260.7 187.5572 14 1.0
260.8 187.6166 14 1.0
260.9 187.676 14 1.0
261.0 187.7354 14 1.0
261.1 187.7948 14 1.0
261.2 187.8542 14 1.0
261.3 187.9136 14 1.0
261.4 187.9731 14 1.0
261.5 188.0325 14 1.0
261.6 188.0919 14 1.0
261.7 188.1513 14 1.0
261.8 188.2107 14 1.0
261.9 188.2701 14 1.0
262.0 188.3296 14 1.0
262.1 188.389 14 1.0
262.2 188.4484 14 1.0
262.3 188.5078 14 1.0
262.4 188.5672 14 1.0
262.5 188.6266 14 1.0
262.6 188.6861 14 1.0
262.7 188.7455 14 1.0
262.8 188.8049 14 1.0
262.9 188.8643 14 1.0
263.0 188.9237 14 1.0
263.1 188.9831 14 1.0
263.2 189.0425 14 1.0
263.3 189.102 14 1.0
263.4 189.1614 14 1.0
263.5 189.2208 14 1.0
263.6 189.2802 14 1.0
263.7 189.3396 14 1.0
263.8 189.399 14 1.0
263.9 189.4585 14 1.0
264.0 189.5179 14 1.0
264.1 189.5773 14 1.0
264.2 189.6367 14 1.0
264.3 189.6961 14 1.0
264.4 189.7555 14 1.0
264.5 189.8149 14 1.0
264.6 189.8744 14 1.0
264.7 189.9338 14 1.0
264.8 189.9932 14 1.0
264.9 190.0526 14 1.0
265.0 190.112 14 1.0
265.1 190.1714 14 1.0
265.2 190.2309 14 1.0
265.3 190.2903 14 1.0
265.4 190.3497 14 1.0
265.5 190.4091 14 1.0
265.6 190.4685 14 1.0
265.7 190.5279 14 1.0
265.8 190.5874 14 1.0
265.9 190.6468 14 1.0
266.0 190.7062 14 1.0
266.1 190.7656 14 1.0
266.2 190.825 14 1.0
266.3 190.8844 14 1.0
266.4 190.9438 14 1.0
266.5 191.0033 14 1.0
266.6 191.0627 14 1.0
266.7 191.1221 14 1.0
266.8 191.1815 14 1.0
266.9 191.2409 14 1.0
267.0 191.3003 14 1.0
267.1 191.3598 14 1.0
267.2 191.4192 14 1.0
267.3 191.4786 14 1.0
267.4 191.538 14 1.0
267.5 191.5974 14 1.0
267.6 191.6568 14 1.0
267.7 191.7162 14 1.0
267.8 191.7757 14 1.0
267.9 191.8351 14 1.0
268.0 191.8945 14 1.0
268.1 191.9539 14 1.0
268.2 192.0133 14 1.0
268.3 192.0727 14 1.0
268.4 192.1322 14 1.0
268.5 192.1916 14 1.0
268.6 192.251 14 1.0
268.7 192.3104 14 1.0
268.8 192.3698 14 1.0
268.9 192.4292 14 1.0
269.0 192.4887 14 1.0
269.1 192.5481 14 1.0
269.2 192.6075 14 1.0
269.3 192.6669 14 1.0
269.4 192.7263 14 1.0
269.5 192.7857 14 1.0
269.6 192.8451 14 1.0
269.7 192.9046 14 1.0
269.8 192.964 14 1.0
269.9 193.0234 14 1.0
270.0 193.0828 14 1.0
270.1 193.1422 14 1.0
270.2 193.2016 14 1.0
270.3 193.2611 14 1.0
270.4 193.3205 14 1.0
270.5 193.3799 14 1.0
270.6 193.4393 14 1.0
270.7 193.4987 14 1.0
270.8 193.5581 14 1.0
270.9 193.6175 14 1.0
271.0 193.677 14 1.0
271.1 193.7364 14 1.0
271.2 193.7958 14 1.0
271.3 193.8552 14 1.0
271.4 193.9146 14 1.0
271.5 193.974 14 1.0
271.6 194.0335 14 1.0
271.7 194.0929 14 1.0
271.8 194.1523 14 1.0
271.9 194.2117 14 1.0
272.0 194.2711 14 1.0
272.1 194.3305 14 1.0
272.2 194.39 14 1.0
272.3 194.4494 14 1.0
272.4 194.5088 14 1.0
272.5 194.5682 14 1.0
272.6 194.6276 14 1.0
272.7 194.687 14 1.0
272.8 194.7464 14 1.0
272.9 194.8059 14 1.0
273.0 194.8653 14 1.0
273.1 194.9247 14 1.0
273.2 194.9841 14 1.0
273.3 195.0435 14 1.0
273.4 195.1029 14 1.0
273.5 195.1624 14 1.0
273.6 195.2218 14 1.0
273.7 195.2812 14 1.0
273.8 195.3406 14 1.0
273.9 195.4 14 1.0
274.0 195.4594 14 1.0
274.1 195.5188 14 1.0
274.2 195.5783 14 1.0
274.3 195.6377 14 1.0
274.4 195.6971 14 1.0
274.5 195.7565 14 1.0
274.6 195.8159 14 1.0
274.7 195.8753 14 1.0
274.8 195.9348 14 1.0
274.9 195.9942 14 1.0
275.0 196.0536 14 1.0
275.1 196.113 14 1.0
275.2 196.1724 14 1.0
275.3 196.2318 14 1.0
275.4 196.2913 14 1.0
275.5 196.3507 14 1.0
275.6 196.4101 14 1.0
275.7 196.4695 14 1.0
275.8 196.5289 14 1.0
275.9 196.5883 14 1.0
276.0 196.6477 14 1.0
276.1 196.7072 14 1.0
276.2 196.7666 14 1.0
276.3 196.826 14 1.0
276.4 196.8854 14 1.0
276.5 196.9448 14 1.0
276.6 197.0042 14 1.0
276.7 197.0637 14 1.0
276.8 197.1231 14 1.0
276.9 197.1825 14 1.0
277.0 197.2419 14 1.0
277.1 197.3013 14 1.0
277.2 197.3607 14 1.0
277.3 197.4201 14 1.0
277.4 197.4796 14 1.0
277.5 197.539 14 1.0
277.6 197.5984 14 1.0
277.7 197.6578 14 1.0
277.8 197.7172 14 1.0
277.9 197.7766 14 1.0
278.0 197.8361 14 1.0
278.1 197.8955 14 1.0
278.2 197.9549 14 1.0
278.3 198.0143 14 1.0
278.4 198.0737 14 1.0
278.5 198.1331 14 1.0
278.6 198.1926 14 1.0
278.7 198.252 14 1.0
278.8 198.3114 14 1.0
278.9 198.3708 14 1.0
279.0 198.4302 14 1.0
279.1 198.4896 14 1.0
279.2 198.549 14 1.0
279.3 198.6085 14 1.0
279.4 198.6679 14 1.0
279.5 198.7273 14 1.0
279.6 198.7867 14 1.0
279.7 198.8461 14 1.0
279.8 198.9055 14 1.0
279.9 198.965 14 1.0
280.0 199.0244 14 1.0
280.1 199.0838 14 1.0
280.2 199.1432 14 1.0
280.3 199.2026 14 1.0
280.4 199.262 14 1.0
280.5 199.3214 14 1.0
280.6 199.3809 14 1.0
280.7 199.4403 14 1.0
280.8 199.4997 14 1.0
280.9 199.5591 14 1.0
281.0 199.6185 14 1.0
281.1 199.6779 14 1.0
281.2 199.7374 14 1.0
281.3 199.7968 14 1.0
281.4 199.8562 14 1.0
281.5 199.9156 14 1.0
281.6 199.975 14 1.0
281.7 200.0344 14 1.0
281.8 200.0939 14 1.0
281.9 200.1533 14 1.0
282.0 200.2127 14 1.0
282.1 200.2721 14 1.0
282.2 200.3315 14 1.0
282.3 200.3909 14 1.0
282.4 200.4503 14 1.0
282.5 200.5098 14 1.0
282.6 200.5692 14 1.0
282.7 200.6286 14 1.0
282.8 200.688 14 1.0
282.9 200.7474 14 1.0
283.0 200.8068 14 1.0
283.1 200.8663 14 1.0
283.2 200.9257 14 1.0
283.3 200.9851 14 1.0
283.4 201.0445 14 1.0
283.5 201.1039 14 1.0
283.6 201.1633 14 1.0
283.7 201.2227 14 1.0
283.8 201.2822 14 1.0
283.9 201.3416 14 1.0
284.0 201.401 14 1.0
284.1 201.4604 14 1.0
284.2 201.5198 14 1.0
284.3 201.5792 14 1.0
284.4 201.6387 14 1.0
284.5 201.6981 14 1.0
284.6 201.7575 14 1.0
284.7 201.8169 14 1.0
284.8 201.8763 14 1.0
284.9 201.9357 14 1.0
285.0 201.9952 14 1.0
285.1 202.0546 14 1.0
285.2 202.114 14 1.0
285.3 202.1734 14 1.0
285.4 202.2328 14 1.0
285.5 202.2922 14 1.0
285.6 202.3516 14 1.0
285.7 202.4111 14 1.0
285.8 202.4705 14 1.0
285.9 202.5299 14 1.0
286.0 202.5893 14 1.0
286.1 202.6487 14 1.0
286.2 202.7081 14 1.0
286.3 202.7676 14 1.0
286.4 202.827 14 1.0
286.5 202.8864 14 1.0
286.6 202.9458 14 1.0
286.7 203.0052 14 1.0
286.8 203.0646 14 1.0
286.9 203.124 14 1.0
287.0 203.1835 14 1.0
287.1 203.2429 14 1.0
287.2 203.3023 14 1.0
287.3 203.3617 14 1.0
287.4 203.4211 14 1.0
287.5 203.4805 14 1.0
287.6 203.54 14 1.0
287.7 203.5994 14 1.0
287.8 203.6588 14 1.0
287.9 203.7182 14 1.0
288.0 203.7776 14 1.0
288.1 203.837 14 1.0
288.2 203.8965 14 1.0
288.3 203.9559 14 1.0
288.4 204.0153 14 1.0
288.5 204.0747 14 1.0
288.6 204.1341 14 1.0
288.7 204.1935 14 1.0
288.8 204.2529 14 1.0
288.9 204.3124 14 1.0
289.0 204.3718 14 1.0
289.1 204.4312 14 1.0
289.2 204.4906 14 1.0
289.3 204.55 14 1.0
289.4 204.6094 14 1.0
289.5 204.6689 14 1.0
289.6 204.7283 14 1.0
289.7 204.7877 14 1.0
289.8 204.8471 14 1.0
289.9 204.9065 14 1.0
290.0 204.9659 14 1.0
290.1 205.0253 14 1.0
290.2 205.0848 14 1.0
290.3 205.1442 14 1.0
290.4 205.2036 14 1.0
290.5 205.263 14 1.0
290.6 205.3224 14 1.0
290.7 205.3818 14 1.0
290.8 205.4413 14 1.0
290.9 205.5007 14 1.0
291.0 205.5601 14 1.0
291.1 205.6195 14 1.0
291.2 205.6789 14 1.0
291.3 205.7383 14 1.0
291.4 205.7978 14 1.0
291.5 205.8572 14 1.0
291.6 205.9166 14 1.0
291.7 205.976 14 1.0
291.8 206.0354 14 1.0
291.9 206.0948 14 1.0
292.0 206.1542 14 1.0
292.1 206.2137 14 1.0
292.2 206.2731 14 1.0
292.3 206.3325 14 1.0
292.4 206.3919 14 1.0
292.5 206.4513 14 1.0
292.6 206.5107 14 1.0
292.7 206.5702 14 1.0
292.8 206.6296 14 1.0
292.9 206.689 14 1.0
293.0 206.7484 14 1.0
293.1 206.8078 14 1.0
293.2 206.8672 14 1.0
293.3 206.9266 14 1.0
293.4 206.9861 14 1.0
293.5 207.0455 14 1.0
293.6 207.1049 14 1.0
293.7 207.1643 14 1.0
293.8 207.2237 14 1.0
293.9 207.2831 14 1.0
294.0 207.3426 14 1.0
294.1 207.402 14 1.0
294.2 207.4614 14 1.0
294.3 207.5208 14 1.0
294.4 207.5802 14 1.0
294.5 207.6396 14 1.0
294.6 207.6991 14 1.0
294.7 207.7585 14 1.0
294.8 207.8179 14 1.0
294.9 207.8773 14 1.0
295.0 207.9367 14 1.0
295.1 207.9961 14 1.0
295.2 208.0555 14 1.0
295.3 208.115 14 1.0
295.4 208.1744 14 1.0
295.5 208.2338 14 1.0
295.6 208.2932 14 1.0
295.7 208.3526 14 1.0
295.8 208.412 14 1.0
295.9 208.4715 14 1.0
296.0 208.5309 14 1.0
296.1 208.5903 14 1.0
296.2 208.6497 14 1.0
296.3 208.7091 14 1.0
296.4 208.7685 14 1.0
296.5 208.8279 14 1.0
296.6 208.8874 14 1.0
296.7 208.9468 14 1.0
296.8 209.0062 14 1.0
296.9 209.0656 14 1.0
297.0 209.125 14 1.0
297.1 209.1844 14 1.0
297.2 209.2439 14 1.0
297.3 209.3033 14 1.0
297.4 209.3627 14 1.0
297.5 209.4221 14 1.0
297.6 209.4815 14 1.0
297.7 209.5409 14 1.0
297.8 209.6004 14 1.0
297.9 209.6598 14 1.0
298.0 209.7192 14 1.0
298.1 209.7786 14 1.0
298.2 209.838 14 1.0
298.3 209.8974 14 1.0
298.4 209.9568 14 1.0
298.5 210.0163 14 1.0
298.6 210.0757 14 1.0
298.7 210.1351 14 1.0
298.8 210.1945 14 1.0
298.9 210.2539 14 1.0
299.0 210.3133 14 1.0
299.1 210.3728 14 1.0
299.2 210.4322 14 1.0
299.3 210.4916 14 1.0
299.4 210.551 14 1.0
299.5 210.6104 14 1.0
299.6 210.6698 14 1.0
299.7 210.7292 14 1.0
299.8 210.7887 14 1.0
299.9 210.8632 14 1.0
300.0 210.9377 14 1.0
300.1 211.0123 14 1.0
300.2 211.0868 14 1.0
300.3 211.1613 14 1.0
300.4 211.2358 14 1.0
300.5 211.3104 14 1.0
300.6 211.3849 14 1.0
300.7 211.4594 14 1.0
300.8 211.534 14 1.0
300.9 211.6085 14 1.0
301.0 211.683 14 1.0
301.1 211.7575 14 1.0
301.2 211.8321 14 1.0
301.3 211.9066 14 1.0
301.4 211.9811 14 1.0
301.5 212.0557 14 1.0
301.6 212.1302 14 1.0
301.7 212.2047 14 1.0
301.8 212.2792 14 1.0
301.9 212.3538 14 1.0
302.0 212.4283 14 1.0
302.1 212.5028 14 1.0
302.2 212.5774 14 1.0
302.3 212.6519 14 1.0
302.4 212.7264 14 1.0
302.5 212.8009 14 1.0
302.6 212.8755 14 1.0
302.7 212.95 14 1.0
302.8 213.0245 14 1.0
302.9 213.0991 14 1.0
303.0 213.1736 14 1.0
303.1 213.2481 14 1.0
303.2 213.3226 14 1.0
303.3 213.3972 14 1.0
303.4 213.4717 14 1.0
303.5 213.5462 14 1.0
303.6 213.6208 14 1.0
303.7 213.6953 14 1.0
303.8 213.7698 14 1.0
303.9 213.8443 14 1.0
304.0 213.9189 14 1.0
304.1 213.9934 14 1.0
304.2 214.0679 14 1.0
304.3 214.1425 14 1.0
304.4 214.217 14 1.0
304.5 214.2915 14 1.0
304.6 214.366 14 1.0
304.7 214.4406 14 1.0
304.8 214.5151 14 1.0
304.9 214.5896 14 1.0
305.0 214.6642 14 1.0
305.1 214.7387 14 1.0
305.2 214.8132 14 1.0
305.3 214.8877 14 1.0
305.4 214.9623 14 1.0
305.5 215.0368 14 1.0
305.6 215.1113 14 1.0
305.7 215.1859 14 1.0
305.8 215.2604 14 1.0
305.9 215.3349 14 1.0
306.0 215.4094 14 1.0
306.1 215.484 14 1.0
306.2 215.5585 14 1.0
306.3 215.633 14 1.0
306.4 215.7076 14 1.0
306.5 215.7821 14 1.0
306.6 215.8566 14 1.0
306.7 215.9312 14 1.0
306.8 216.0057 14 1.0
306.9 216.0802 14 1.0
307.0 216.1547 14 1.0
307.1 216.2293 14 1.0
307.2 216.3038 14 1.0
307.3 216.3783 14 1.0
307.4 216.4529 14 1.0
307.5 216.5274 14 1.0
307.6 216.6019 14 1.0
307.7 216.6764 14 1.0
307.8 216.751 14 1.0
307.9 216.8255 14 1.0
308.0 216.9 14 1.0
308.1 216.9746 14 1.0
308.2 217.0491 14 1.0
308.3 217.1236 14 1.0
308.4 217.1981 14 1.0
308.5 217.2727 14 1.0
308.6 217.3472 14 1.0
308.7 217.4217 14 1.0
308.8 217.4963 14 1.0
308.9 217.5708 14 1.0
309.0 217.6453 14 1.0
309.1 217.7198 14 1.0
309.2 217.7944 14 1.0
309.3 217.8689 14 1.0
309.4 217.9434 14 1.0
309.5 218.018 14 1.0
309.6 218.0925 14 1.0
309.7 218.167 14 1.0
309.8 218.2415 14 1.0
309.9 218.3161 14 1.0
310.0 218.3906 14 1.0
310.1 218.4651 14 1.0
310.2 218.5397 14 1.0
310.3 218.6142 14 1.0
310.4 218.6887 14 1.0
310.5 218.7632 14 1.0
310.6 218.8378 14 1.0
310.7 218.9123 14 1.0
310.8 218.9868 14 1.0
310.9 219.0614 14 1.0
311.0 219.1359 14 1.0
311.1 219.2104 14 1.0
311.2 219.2849 14 1.0
311.3 219.3595 14 1.0
311.4 219.434 14 1.0
311.5 219.5085 14 1.0
311.6 219.5831 14 1.0
311.7 219.6576 14 1.0
311.8 219.7321 14 1.0
311.9 219.8066 14 1.0
312.0 219.8812 14 1.0
312.1 219.9557 14 1.0
312.2 220.0302 14 1.0
312.3 220.1048 14 1.0
312.4 220.1793 14 1.0
312.5 220.2538 14 1.0
312.6 220.3283 14 1.0
312.7 220.4029 14 1.0
312.8 220.4774 14 1.0
312.9 220.5519 14 1.0
313.0 220.6265 14 1.0
313.1 220.701 14 1.0
313.2 220.7755 14 1.0
313.3 220.85 14 1.0
313.4 220.9246 14 1.0
313.5 220.9991 14 1.0
313.6 221.0736 14 1.0
313.7 221.1482 14 1.0
313.8 221.2227 14 1.0
313.9 221.2972 14 1.0
314.0 221.3718 14 1.0
314.1 221.4463 14 1.0
314.2 221.5208 14 1.0
314.3 221.5953 14 1.0
314.4 221.6699 14 1.0
314.5 221.7444 14 1.0
314.6 221.8189 14 1.0
314.7 221.8935 14 1.0
314.8 221.968 14 1.0
314.9 222.0425 14 1.0
315.0 222.117 14 1.0
315.1 222.1916 14 1.0
315.2 222.2661 14 1.0
315.3 222.3406 14 1.0
315.4 222.4152 14 1.0
315.5 222.4897 14 1.0
315.6 222.5642 14 1.0
315.7 222.6387 14 1.0
315.8 222.7133 14 1.0
315.9 222.7878 14 1.0
316.0 222.8623 14 1.0
316.1 222.9369 14 1.0
316.2 223.0114 14 1.0
316.3 223.0859 14 1.0
316.4 223.1604 14 1.0
316.5 223.235 14 1.0
316.6 223.3095 14 1.0
316.7 223.384 14 1.0
316.8 223.4586 14 1.0
316.9 223.5331 14 1.0
317.0 223.6076 14 1.0
317.1 223.6821 14 1.0
317.2 223.7567 14 1.0
317.3 223.8312 14 1.0
317.4 223.9057 14 1.0
317.5 223.9803 14 1.0
317.6 224.0548 14 1.0
317.7 224.1293 14 1.0
317.8 224.2038 14 1.0
317.9 224.2784 14 1.0
318.0 224.3529 14 1.0
318.1 224.4274 14 1.0
318.2 224.502 14 1.0
318.3 224.5765 14 1.0
318.4 224.651 14 1.0
318.5 224.7255 14 1.0
318.6 224.8001 14 1.0
318.7 224.8746 14 1.0
318.8 224.9491 14 1.0
318.9 225.0237 14 1.0
319.0 225.0982 14 1.0
319.1 225.1727 14 1.0
319.2 225.2472 14 1.0
319.3 225.3218 14 1.0
319.4 225.3963 14 1.0
319.5 225.4708 14 1.0
319.6 225.5454 14 1.0
319.7 225.6199 14 1.0
319.8 225.6944 14 1.0
319.9 225.7689 14 1.0
320.0 225.8435 14 1.0
320.1 225.918 14 1.0
320.2 225.9925 14 1.0
320.3 226.0671 14 1.0
320.4 226.1416 14 1.0
320.5 226.2161 14 1.0
320.6 226.2907 14 1.0
320.7 226.3652 14 1.0
320.8 226.4397 14 1.0
320.9 226.5142 14 1.0
321.0 226.5888 14 1.0
321.1 226.6633 14 1.0
321.2 226.7378 14 1.0
321.3 226.8124 14 1.0
321.4 226.8869 14 1.0
321.5 226.9614 14 1.0
321.6 227.0359 14 1.0
321.7 227.1105 14 1.0
321.8 227.185 14 1.0
321.9 227.2595 14 1.0
322.0 227.3341 14 1.0
322.1 227.4086 14 1.0
322.2 227.4831 14 1.0
322.3 227.5576 14 1.0
322.4 227.6322 14 1.0
322.5 227.7067 14 1.0
322.6 227.7812 14 1.0
322.7 227.8558 14 1.0
322.8 227.9303 14 1.0
322.9 228.0048 14 1.0
323.0 228.0793 14 1.0
323.1 228.1539 14 1.0
323.2 228.2284 14 1.0
323.3 228.3029 14 1.0
323.4 228.3775 14 1.0
323.5 228.452 14 1.0
323.6 228.5265 14 1.0
323.7 228.601 14 1.0
323.8 228.6756 14 1.0
323.9 228.7501 14 1.0
324.0 228.8246 14 1.0
324.1 228.8992 14 1.0
324.2 228.9737 14 1.0
324.3 229.0482 14 1.0
324.4 229.1227 14 1.0
324.5 229.1973 14 1.0
324.6 229.2718 14 1.0
324.7 229.3463 14 1.0
324.8 229.4209 14 1.0
324.9 229.4954 14 1.0
325.0 229.5699 14 1.0
325.1 229.6444 14 1.0
325.2 229.719 14 1.0
325.3 229.7935 14 1.0
325.4 229.868 14 1.0
325.5 229.9426 14 1.0
325.6 230.0171 14 1.0
325.7 230.0916 14 1.0
325.8 230.1661 14 1.0
325.9 230.2407 14 1.0
326.0 230.3152 14 1.0
326.1 230.3897 14 1.0
326.2 230.4643 14 1.0
326.3 230.5388 14 1.0
326.4 230.6133 14 1.0
326.5 230.6878 14 1.0
326.6 230.7624 14 1.0
326.7 230.8369 14 1.0
326.8 230.9114 14 1.0
326.9 230.986 14 1.0
327.0 231.0605 14 1.0
327.1 231.135 14 1.0
327.2 231.2096 14 1.0
327.3 231.2841 14 1.0
327.4 231.3586 14 1.0
327.5 231.4331 14 1.0
327.6 231.5077 14 1.0
327.7 231.5822 14 1.0
327.8 231.6567 14 1.0
327.9 231.7313 14 1.0
328.0 231.8058 14 1.0
328.1 231.8803 14 1.0
328.2 231.9548 14 1.0
328.3 232.0294 14 1.0
328.4 232.1039 14 1.0
328.5 232.1784 14 1.0
328.6 232.253 14 1.0
328.7 232.3275 14 1.0
328.8 232.402 14 1.0
328.9 232.4765 14 1.0
329.0 232.5511 14 1.0
329.1 232.6256 14 1.0
329.2 232.7001 14 1.0
329.3 232.7747 14 1.0
329.4 232.8492 14 1.0
329.5 232.9237 14 1.0
329.6 232.9982 14 1.0
329.7 233.0728 14 1.0
329.8 233.1473 14 1.0
329.9 233.2218 14 1.0
330.0 233.2964 14 1.0
330.1 233.3709 14 1.0
330.2 233.4454 14 1.0
330.3 233.5199 14 1.0
330.4 233.5945 14 1.0
330.5 233.669 14 1.0
330.6 233.7435 14 1.0
330.7 233.8181 14 1.0
330.8 233.8926 14 1.0
330.9 233.9671 14 1.0
331.0 234.0416 14 1.0
331.1 234.1162 14 1.0
331.2 234.1907 14 1.0
331.3 234.2652 14 1.0
331.4 234.3398 14 1.0
331.5 234.4143 14 1.0
331.6 234.4888 14 1.0
331.7 234.5633 14 1.0
331.8 234.6379 14 1.0
331.9 234.7124 14 1.0
332.0 234.7869 14 1.0
332.1 234.8615 14 1.0
332.2 234.936 14 1.0
332.3 235.0105 14 1.0
332.4 235.085 14 1.0
332.5 235.1596 14 1.0
332.6 235.2341 14 1.0
332.7 235.3086 14 1.0
332.8 235.3832 14 1.0
332.9 235.4577 14 1.0
333.0 235.5322 14 1.0
333.1 235.6067 14 1.0
333.2 235.6813 14 1.0
333.3 235.7558 14 1.0
333.4 235.8303 14 1.0
333.5 235.9049 14 1.0
333.6 235.9794 14 1.0
333.7 236.0539 14 1.0
333.8 236.1284 14 1.0
333.9 236.203 14 1.0
334.0 236.2775 14 1.0
334.1 236.352 14 1.0
334.2 236.4266 14 1.0
334.3 236.5011 14 1.0
334.4 236.5756 14 1.0
334.5 236.6502 14 1.0
334.6 236.7247 14 1.0
334.7 236.7992 14 1.0
334.8 236.8737 14 1.0
334.9 236.9483 14 1.0
335.0 237.0228 14 1.0
335.1 237.0973 14 1.0
335.2 237.1719 14 1.0
335.3 237.2464 14 1.0
335.4 237.3209 14 1.0
335.5 237.3954 14 1.0
335.6 237.47 14 1.0
335.7 237.5445 14 1.0
335.8 237.619 14 1.0
335.9 237.6936 14 1.0
336.0 237.7681 14 1.0
336.1 237.8426 14 1.0
336.2 237.9171 14 1.0
336.3 237.9917 14 1.0
336.4 238.0662 14 1.0
336.5 238.1407 14 1.0
336.6 238.2153 14 1.0
336.7 238.2898 14 1.0
336.8 238.3643 14 1.0
336.9 238.4388 14 1.0
337.0 238.5134 14 1.0
337.1 238.5879 14 1.0
337.2 238.6624 14 1.0
337.3 238.737 14 1.0
337.4 238.8115 14 1.0
337.5 238.886 14 1.0
337.6 238.9605 14 1.0
337.7 239.0351 14 1.0
337.8 239.1096 14 1.0
337.9 239.1841 14 1.0
338.0 239.2587 14 1.0
338.1 239.3332 14 1.0
338.2 239.4077 14 1.0
338.3 239.4822 14 1.0
338.4 239.5568 14 1.0
338.5 239.6313 14 1.0
338.6 239.7058 14 1.0
338.7 239.7804 14 1.0
338.8 239.8549 14 1.0
338.9 239.9294 14 1.0
339.0 240.0039 14 1.0
339.1 240.0785 14 1.0
339.2 240.153 14 1.0
339.3 240.2275 14 1.0
339.4 240.3021 14 1.0
339.5 240.3766 14 1.0
339.6 240.4511 14 1.0
339.7 240.5256 14 1.0
339.8 240.6002 14 1.0
339.9 240.6747 14 1.0
340.0 240.7492 14 1.0
340.1 240.8238 14 1.0
340.2 240.8983 14 1.0
340.3 240.9728 14 1.0
340.4 241.0473 14 1.0
340.5 241.1219 14 1.0
340.6 241.1964 14 1.0
340.7 241.2709 14 1.0
340.8 241.3455 14 1.0
340.9 241.42 14 1.0
341.0 241.4945 14 1.0
341.1 241.5691 14 1.0
341.2 241.6436 14 1.0
341.3 241.7181 14 1.0
341.4 241.7926 14 1.0
341.5 241.8672 14 1.0
341.6 241.9417 14 1.0
341.7 242.0162 14 1.0
341.8 242.0908 14 1.0
341.9 242.1653 14 1.0
342.0 242.2398 14 1.0
342.1 242.3143 14 1.0
342.2 242.3889 14 1.0
342.3 242.4634 14 1.0
342.4 242.5379 14 1.0
342.5 242.6125 14 1.0
342.6 242.687 14 1.0
342.7 242.7615 14 1.0
342.8 242.836 14 1.0
342.9 242.9106 14 1.0
343.0 242.9851 14 1.0
343.1 243.0596 14 1.0
343.2 243.1342 14 1.0
343.3 243.2087 14 1.0
343.4 243.2832 14 1.0
343.5 243.3577 14 1.0
343.6 243.4323 14 1.0
343.7 243.5068 14 1.0
343.8 243.5813 14 1.0
343.9 243.6559 14 1.0
344.0 243.7304 14 1.0
344.1 243.8049 14 1.0
344.2 243.8794 14 1.0
344.3 243.954 14 1.0
344.4 244.0285 14 1.0
344.5 244.103 14 1.0
344.6 244.1776 14 1.0
344.7 244.2521 14 1.0
344.8 244.3266 14 1.0
344.9 244.4011 14 1.0
345.0 244.4757 14 1.0
345.1 244.5502 14 1.0
345.2 244.6247 14 1.0
345.3 244.6993 14 1.0
345.4 244.7738 14 1.0
345.5 244.8483 14 1.0
345.6 244.9228 14 1.0
345.7 244.9974 14 1.0
345.8 245.0719 14 1.0
345.9 245.1464 14 1.0
346.0 245.221 14 1.0
346.1 245.2955 14 1.0
346.2 245.37 14 1.0
346.3 245.4445 14 1.0
346.4 245.5191 14 1.0
346.5 245.5936 14 1.0
346.6 245.6681 14 1.0
346.7 245.7427 14 1.0
346.8 245.8172 14 1.0
346.9 245.8917 14 1.0
347.0 245.9662 14 1.0
347.1 246.0408 14 1.0
347.2 246.1153 14 1.0
347.3 246.1898 14 1.0
347.4 246.2644 14 1.0
347.5 246.3389 14 1.0
347.6 246.4134 14 1.0
347.7 246.488 14 1.0
347.8 246.5625 14 1.0
347.9 246.637 14 1.0
348.0 246.7115 14 1.0
348.1 246.7861 14 1.0
348.2 246.8606 14 1.0
348.3 246.9351 14 1.0
348.4 247.0097 14 1.0
348.5 247.0842 14 1.0
348.6 247.1587 14 1.0
348.7 247.2332 14 1.0
348.8 247.3078 14 1.0
348.9 247.3823 14 1.0
349.0 247.4568 14 1.0
349.1 247.5314 14 1.0
349.2 247.6059 14 1.0
349.3 247.6804 14 1.0
349.4 247.7549 14 1.0
349.5 247.8295 14 1.0
349.6 247.904 14 1.0
349.7 247.9785 14 1.0
349.8 248.0531 14 1.0
349.9 248.1299 14 1.0
350.0 248.2067 14 1.0
350.1 248.2835 14 1.0
350.2 248.3603 14 1.0
350.3 248.4371 14 1.0
350.4 248.514 14 1.0
350.5 248.5908 14 1.0
350.6 248.6676 14 1.0
350.7 248.7444 14 1.0
350.8 248.8212 14 1.0
350.9 248.898 14 1.0
351.0 248.9749 14 1.0
351.1 249.0517 14 1.0
351.2 249.1285 14 1.0
351.3 249.2053 14 1.0
351.4 249.2821 14 1.0
351.5 249.3589 14 1.0
351.6 249.4358 14 1.0
351.7 249.5126 14 1.0
351.8 249.5894 14 1.0
351.9 249.6662 14 1.0
352.0 249.743 14 1.0
352.1 249.8198 14 1.0
352.2 249.8967 14 1.0
352.3 249.9735 14 1.0
352.4 250.0503 14 1.0
352.5 250.1271 14 1.0
352.6 250.2039 14 1.0
352.7 250.2807 14 1.0
352.8 250.3576 14 1.0
352.9 250.4344 14 1.0
353.0 250.5112 14 1.0
353.1 250.588 14 1.0
353.2 250.6648 14 1.0
353.3 250.7416 14 1.0
353.4 250.8185 14 1.0
353.5 250.8953 14 1.0
353.6 250.9721 14 1.0
353.7 251.0489 14 1.0
353.8 251.1257 14 1.0
353.9 251.2025 14 1.0
354.0 251.2794 14 1.0
354.1 251.3562 14 1.0
354.2 251.433 14 1.0
354.3 251.5098 14 1.0
354.4 251.5866 14 1.0
354.5 251.6634 14 1.0
354.6 251.7403 14 1.0
354.7 251.8171 14 1.0
354.8 251.8939 14 1.0
354.9 251.9707 14 1.0
355.0 252.0475 14 1.0
355.1 252.1243 14 1.0
355.2 252.2012 14 1.0
355.3 252.278 14 1.0
355.4 252.3548 14 1.0
355.5 252.4316 14 1.0
355.6 252.5084 14 1.0
355.7 252.5852 14 1.0
355.8 252.6621 14 1.0
355.9 252.7389 14 1.0
356.0 252.8157 14 1.0
356.1 252.8925 14 1.0
356.2 252.9693 14 1.0
356.3 253.0461 14 1.0
356.4 253.123 14 1.0
356.5 253.1998 14 1.0
356.6 253.2766 14 1.0
356.7 253.3534 14 1.0
356.8 253.4302 14 1.0
356.9 253.507 14 1.0
357.0 253.5839 14 1.0
357.1 253.6607 14 1.0
357.2 253.7375 14 1.0
357.3 253.8143 14 1.0
357.4 253.8911 14 1.0
357.5 253.9679 14 1.0
357.6 254.0448 14 1.0
357.7 254.1216 14 1.0
357.8 254.1984 14 1.0
357.9 254.2752 14 1.0
358.0 254.352 14 1.0
358.1 254.4288 14 1.0
358.2 254.5057 14 1.0
358.3 254.5825 14 1.0
358.4 254.6593 14 1.0
358.5 254.7361 14 1.0
358.6 254.8129 14 1.0
358.7 254.8898 14 1.0
358.8 254.9666 14 1.0
358.9 255.0434 14 1.0
359.0 255.1202 14 1.0
359.1 255.197 14 1.0
359.2 255.2738 14 1.0
359.3 255.3507 14 1.0
359.4 255.4275 14 1.0
359.5 255.5043 14 1.0
359.6 255.5811 14 1.0
359.7 255.6579 14 1.0
359.8 255.7347 14 1.0
359.9 255.8116 14 1.0
360.0 255.8884 14 1.0
360.1 255.9652 14 1.0
360.2 256.042 14 1.0
360.3 256.1188 14 1.0
360.4 256.1956 14 1.0
360.5 256.2725 14 1.0
360.6 256.3493 14 1.0
360.7 256.4261 14 1.0
360.8 256.5029 14 1.0
360.9 256.5797 14 1.0
361.0 256.6565 14 1.0
361.1 256.7334 14 1.0
361.2 256.8102 14 1.0
361.3 256.887 14 1.0
361.4 256.9638 14 1.0
361.5 257.0406 14 1.0
361.6 257.1174 14 1.0
361.7 257.1943 14 1.0
361.8 257.2711 14 1.0
361.9 257.3479 14 1.0
362.0 257.4247 14 1.0
362.1 257.5015 14 1.0
362.2 257.5783 14 1.0
362.3 257.6552 14 1.0
362.4 257.732 14 1.0
362.5 257.8088 14 1.0
362.6 257.8856 14 1.0
362.7 257.9624 14 1.0
362.8 258.0392 14 1.0
362.9 258.1161 14 1.0
363.0 258.1929 14 1.0
363.1 258.2697 14 1.0
363.2 258.3465 14 1.0
363.3 258.4233 14 1.0
363.4 258.5001 14 1.0
363.5 258.577 14 1.0
363.6 258.6538 14 1.0
363.7 258.7306 14 1.0
363.8 258.8074 14 1.0
363.9 258.8842 14 1.0
364.0 258.961 14 1.0
364.1 259.0379 14 1.0
364.2 259.1147 14 1.0
364.3 259.1915 14 1.0
364.4 259.2683 14 1.0
364.5 259.3451 14 1.0
364.6 259.4219 14 1.0
364.7 259.4988 14 1.0
364.8 259.5756 14 1.0
364.9 259.6524 14 1.0
365.0 259.7292 14 1.0
365.1 259.806 14 1.0
365.2 259.8828 14 1.0
365.2 259.9597 14 1.0
365.4 260.0365 14 1.0
365.4 260.1133 14 1.0
365.5 260.1901 14 1.0
365.6 260.2669 14 1.0
365.7 260.3437 14 1.0
365.8 260.4206 14 1.0
365.9 260.4974 14 1.0
366.0 260.5742 14 1.0
366.1 260.651 14 1.0
366.2 260.7278 14 1.0
366.3 260.8046 14 1.0
366.4 260.8815 14 1.0
366.5 260.9583 14 1.0
366.6 261.0351 14 1.0
366.7 261.1119 14 1.0
366.8 261.1887 14 1.0
366.9 261.2655 14 1.0
367.0 261.3424 14 1.0
367.1 261.4192 14 1.0
367.2 261.496 14 1.0
367.3 261.5728 14 1.0
367.4 261.6496 14 1.0
367.5 261.7264 14 1.0
367.6 261.8033 14 1.0
367.7 261.8801 14 1.0
367.8 261.9569 14 1.0
367.9 262.0337 14 1.0
368.0 262.1105 14 1.0
368.1 262.1873 14 1.0
368.2 262.2642 14 1.0
368.3 262.341 14 1.0
368.4 262.4178 14 1.0
368.5 262.4946 14 1.0
368.6 262.5714 14 1.0
368.7 262.6482 14 1.0
368.8 262.7251 14 1.0
368.9 262.8019 14 1.0
369.0 262.8787 14 1.0
369.1 262.9555 14 1.0
369.2 263.0323 14 1.0
369.3 263.1091 14 1.0
369.4 263.186 14 1.0
369.5 263.2628 14 1.0
369.6 263.3396 14 1.0
369.7 263.4164 14 1.0
369.8 263.4932 14 1.0
369.9 263.57 14 1.0
370.0 263.6469 14 1.0
370.1 263.7237 14 1.0
370.2 263.8005 14 1.0
370.3 263.8773 14 1.0
370.4 263.9541 14 1.0
370.5 264.031 14 1.0
370.6 264.1078 14 1.0
370.7 264.1846 14 1.0
370.8 264.2614 14 1.0
370.9 264.3382 14 1.0
371.0 264.415 14 1.0
371.1 264.4919 14 1.0
371.2 264.5687 14 1.0
371.3 264.6455 14 1.0
371.4 264.7223 14 1.0
371.5 264.7991 14 1.0
371.6 264.8759 14 1.0
371.7 264.9528 14 1.0
371.8 265.0296 14 1.0
371.9 265.1064 14 1.0
372.0 265.1832 14 1.0
372.1 265.26 14 1.0
372.2 265.3368 14 1.0
372.3 265.4137 14 1.0
372.4 265.4905 14 1.0
372.5 265.5673 14 1.0
372.6 265.6441 14 1.0
372.7 265.7209 14 1.0
372.8 265.7977 14 1.0
372.9 265.8746 14 1.0
373.0 265.9514 14 1.0
373.1 266.0282 14 1.0
373.2 266.105 14 1.0
373.3 266.1818 14 1.0
373.4 266.2586 14 1.0
373.5 266.3355 14 1.0
373.6 266.4123 14 1.0
373.7 266.4891 14 1.0
373.8 266.5659 14 1.0
373.9 266.6427 14 1.0
374.0 266.7195 14 1.0
374.1 266.7964 14 1.0
374.2 266.8732 14 1.0
374.3 266.95 14 1.0
374.4 267.0268 14 1.0
374.5 267.1036 14 1.0
374.6 267.1804 14 1.0
374.7 267.2573 14 1.0
374.8 267.3341 14 1.0
374.9 267.4109 14 1.0
375.0 267.4877 14 1.0
375.1 267.5645 14 1.0
375.2 267.6413 14 1.0
375.3 267.7182 14 1.0
375.4 267.795 14 1.0
375.5 267.8718 14 1.0
375.6 267.9486 14 1.0
375.7 268.0254 14 1.0
375.8 268.1022 14 1.0
375.9 268.1791 14 1.0
376.0 268.2559 14 1.0
376.1 268.3327 14 1.0
376.2 268.4095 14 1.0
376.3 268.4863 14 1.0
376.4 268.5631 14 1.0
376.5 268.64 14 1.0
376.6 268.7168 14 1.0
376.7 268.7936 14 1.0
376.8 268.8704 14 1.0
376.9 268.9472 14 1.0
377.0 269.024 14 1.0
377.1 269.1009 14 1.0
377.2 269.1777 14 1.0
377.3 269.2545 14 1.0
377.4 269.3313 14 1.0
377.5 269.4081 14 1.0
377.6 269.4849 14 1.0
377.7 269.5618 14 1.0
377.8 269.6386 14 1.0
377.9 269.7154 14 1.0
378.0 269.7922 14 1.0
378.1 269.869 14 1.0
378.2 269.9458 14 1.0
378.3 270.0227 14 1.0
378.4 270.0995 14 1.0
378.5 270.1763 14 1.0
378.6 270.2531 14 1.0
378.7 270.3299 14 1.0
378.8 270.4067 14 1.0
378.9 270.4836 14 1.0
379.0 270.5604 14 1.0
379.1 270.6372 14 1.0
379.2 270.714 14 1.0
379.3 270.7908 14 1.0
379.4 270.8676 14 1.0
379.5 270.9445 14 1.0
379.6 271.0213 14 1.0
379.7 271.0981 14 1.0
379.8 271.1749 14 1.0
379.9 271.2517 14 1.0
380.0 271.3285 14 1.0
380.1 271.4054 14 1.0
380.2 271.4822 14 1.0
380.3 271.559 14 1.0
380.4 271.6358 14 1.0
380.5 271.7126 14 1.0
380.6 271.7894 14 1.0
380.7 271.8663 14 1.0
380.8 271.9431 14 1.0
380.9 272.0199 14 1.0
381.0 272.0967 14 1.0
381.1 272.1735 14 1.0
381.2 272.2503 14 1.0
381.3 272.3272 14 1.0
381.4 272.404 14 1.0
381.5 272.4808 14 1.0
381.6 272.5576 14 1.0
381.7 272.6344 14 1.0
381.8 272.7112 14 1.0
381.9 272.7881 14 1.0
382.0 272.8649 14 1.0
382.1 272.9417 14 1.0
382.2 273.0185 14 1.0
382.3 273.0953 14 1.0
382.4 273.1722 14 1.0
382.5 273.249 14 1.0
382.6 273.3258 14 1.0
382.7 273.4026 14 1.0
382.8 273.4794 14 1.0
382.9 273.5562 14 1.0
383.0 273.6331 14 1.0
383.1 273.7099 14 1.0
383.2 273.7867 14 1.0
383.3 273.8635 14 1.0
383.4 273.9403 14 1.0
383.5 274.0171 14 1.0
383.6 274.094 14 1.0
383.7 274.1708 14 1.0
383.8 274.2476 14 1.0
383.9 274.3244 14 1.0
384.0 274.4012 14 1.0
384.1 274.478 14 1.0
384.2 274.5549 14 1.0
384.3 274.6317 14 1.0
384.4 274.7085 14 1.0
384.5 274.7853 14 1.0
384.6 274.8621 14 1.0
384.7 274.9389 14 1.0
384.8 275.0158 14 1.0
384.9 275.0926 14 1.0
385.0 275.1694 14 1.0
385.1 275.2462 14 1.0
385.2 275.323 14 1.0
385.3 275.3998 14 1.0
385.4 275.4767 14 1.0
385.5 275.5535 14 1.0
385.6 275.6303 14 1.0
385.7 275.7071 14 1.0
385.8 275.7839 14 1.0
385.9 275.8607 14 1.0
386.0 275.9376 14 1.0
386.1 276.0144 14 1.0
386.2 276.0912 14 1.0
386.3 276.168 14 1.0
386.4 276.2448 14 1.0
386.5 276.3216 14 1.0
386.6 276.3985 14 1.0
386.7 276.4753 14 1.0
386.8 276.5521 14 1.0
386.9 276.6289 14 1.0
387.0 276.7057 14 1.0
387.1 276.7825 14 1.0
387.2 276.8594 14 1.0
387.3 276.9362 14 1.0
387.4 277.013 14 1.0
387.5 277.0898 14 1.0
387.6 277.1666 14 1.0
387.7 277.2434 14 1.0
387.8 277.3203 14 1.0
387.9 277.3971 14 1.0
388.0 277.4739 14 1.0
388.1 277.5507 14 1.0
388.2 277.6275 14 1.0
388.3 277.7043 14 1.0
388.4 277.7812 14 1.0
388.5 277.858 14 1.0
388.6 277.9348 14 1.0
388.7 278.0116 14 1.0
388.8 278.0884 14 1.0
388.9 278.1652 14 1.0
389.0 278.2421 14 1.0
389.1 278.3189 14 1.0
389.2 278.3957 14 1.0
389.3 278.4725 14 1.0
389.4 278.5493 14 1.0
389.5 278.6261 14 1.0
389.6 278.703 14 1.0
389.7 278.7798 14 1.0
389.8 278.8566 14 1.0
389.9 278.9334 14 1.0
390.0 279.0102 14 1.0
390.1 279.087 14 1.0
390.2 279.1639 14 1.0
390.3 279.2407 14 1.0
390.4 279.3175 14 1.0
390.5 279.3943 14 1.0
390.6 279.4711 14 1.0
390.7 279.5479 14 1.0
390.8 279.6248 14 1.0
390.9 279.7016 14 1.0
391.0 279.7784 14 1.0
391.1 279.8552 14 1.0
391.2 279.932 14 1.0
391.3 280.0088 14 1.0
391.4 280.0857 14 1.0
391.5 280.1625 14 1.0
391.6 280.2393 14 1.0
391.7 280.3161 14 1.0
391.8 280.3929 14 1.0
391.9 280.4697 14 1.0
392.0 280.5466 14 1.0
392.1 280.6234 14 1.0
392.2 280.7002 14 1.0
392.3 280.777 14 1.0
392.4 280.8538 14 1.0
392.5 280.9306 14 1.0
392.6 281.0075 14 1.0
392.7 281.0843 14 1.0
392.8 281.1611 14 1.0
392.9 281.2379 14 1.0
393.0 281.3147 14 1.0
393.1 281.3915 14 1.0
393.2 281.4684 14 1.0
393.3 281.5452 14 1.0
393.4 281.622 14 1.0
393.5 281.6988 14 1.0
393.6 281.7756 14 1.0
393.7 281.8524 14 1.0
393.8 281.9293 14 1.0
393.9 282.0061 14 1.0
394.0 282.0829 14 1.0
394.1 282.1597 14 1.0
394.2 282.2365 14 1.0
394.3 282.3134 14 1.0
394.4 282.3902 14 1.0
394.5 282.467 14 1.0
394.6 282.5438 14 1.0
394.7 282.6206 14 1.0
394.8 282.6974 14 1.0
394.9 282.7743 14 1.0
395.0 282.8511 14 1.0
395.1 282.9279 14 1.0
395.2 283.0047 14 1.0
395.3 283.0815 14 1.0
395.4 283.1583 14 1.0
395.5 283.2352 14 1.0
395.6 283.312 14 1.0
395.7 283.3888 14 1.0
395.8 283.4656 14 1.0
395.9 283.5424 14 1.0
396.0 283.6192 14 1.0
396.1 283.6961 14 1.0
396.2 283.7729 14 1.0
396.3 283.8497 14 1.0
396.4 283.9265 14 1.0
396.5 284.0033 14 1.0
396.6 284.0801 14 1.0
396.7 284.157 14 1.0
396.8 284.2338 14 1.0
396.9 284.3106 14 1.0
397.0 284.3874 14 1.0
397.1 284.4642 14 1.0
397.2 284.541 14 1.0
397.3 284.6179 14 1.0
397.4 284.6947 14 1.0
397.5 284.7715 14 1.0
397.6 284.8483 14 1.0
397.7 284.9251 14 1.0
397.8 285.0019 14 1.0
397.9 285.0788 14 1.0
398.0 285.1556 14 1.0
398.1 285.2324 14 1.0
398.2 285.3092 14 1.0
398.3 285.386 14 1.0
398.4 285.4628 14 1.0
398.5 285.5397 14 1.0
398.6 285.6165 14 1.0
398.7 285.6933 14 1.0
398.8 285.7701 14 1.0
398.9 285.8469 14 1.0
399.0 285.9237 14 1.0
399.1 286.0006 14 1.0
399.2 286.0774 14 1.0
399.3 286.1542 14 1.0
399.4 286.231 14 1.0
399.5 286.3078 14 1.0
399.6 286.3846 14 1.0
399.7 286.4615 14 1.0
399.8 286.5365 14 1.0
399.9 286.6116 14 1.0
400.0 286.6867 14 1.0
400.1 286.7617 14 1.0
400.2 286.8368 14 1.0
400.3 286.9119 14 1.0
400.4 286.9869 14 1.0
400.5 287.062 14 1.0
400.6 287.1371 14 1.0
400.7 287.2121 14 1.0
400.8 287.2872 14 1.0
400.9 287.3623 14 1.0
401.0 287.4373 14 1.0
401.1 287.5124 14 1.0
401.2 287.5875 14 1.0
401.3 287.6625 14 1.0
401.4 287.7376 14 1.0
401.5 287.8127 14 1.0
401.6 287.8877 14 1.0
401.7 287.9628 14 1.0
401.8 288.0378 14 1.0
401.9 288.1129 14 1.0
402.0 288.188 14 1.0
402.1 288.263 14 1.0
402.2 288.3381 14 1.0
402.3 288.4132 14 1.0
402.4 288.4882 14 1.0
402.5 288.5633 14 1.0
402.6 288.6384 14 1.0
402.7 288.7134 14 1.0
402.8 288.7885 14 1.0
402.9 288.8636 14 1.0
403.0 288.9386 14 1.0
403.1 289.0137 14 1.0
403.2 289.0888 14 1.0
403.3 289.1638 14 1.0
403.4 289.2389 14 1.0
403.5 289.314 14 1.0
403.6 289.389 14 1.0
403.7 289.4641 14 1.0
403.8 289.5392 14 1.0
403.9 289.6142 14 1.0
404.0 289.6893 14 1.0
404.1 289.7644 14 1.0
404.2 289.8394 14 1.0
404.3 289.9145 14 1.0
404.4 289.9896 14 1.0
404.5 290.0646 14 1.0
404.6 290.1397 14 1.0
404.7 290.2148 14 1.0
404.8 290.2898 14 1.0
404.9 290.3649 14 1.0
405.0 290.44 14 1.0
405.1 290.515 14 1.0
405.2 290.5901 14 1.0
405.3 290.6652 14 1.0
405.4 290.7402 14 1.0
405.5 290.8153 14 1.0
405.6 290.8904 14 1.0
405.7 290.9654 14 1.0
405.8 291.0405 14 1.0
405.9 291.1156 14 1.0
406.0 291.1906 14 1.0
406.1 291.2657 14 1.0
406.2 291.3408 14 1.0
406.3 291.4158 14 1.0
406.4 291.4909 14 1.0
406.5 291.566 14 1.0
406.6 291.641 14 1.0
406.7 291.7161 14 1.0
406.8 291.7912 14 1.0
406.9 291.8662 14 1.0
407.0 291.9413 14 1.0
407.1 292.0164 14 1.0
407.2 292.0914 14 1.0
407.3 292.1665 14 1.0
407.4 292.2416 14 1.0
407.5 292.3166 14 1.0
407.6 292.3917 14 1.0
407.7 292.4668 14 1.0
407.8 292.5418 14 1.0
407.9 292.6169 14 1.0
408.0 292.692 14 1.0
408.1 292.767 14 1.0
408.2 292.8421 14 1.0
408.3 292.9172 14 1.0
408.4 292.9922 14 1.0
408.5 293.0673 14 1.0
408.6 293.1424 14 1.0
408.7 293.2174 14 1.0
408.8 293.2925 14 1.0
408.9 293.3676 14 1.0
409.0 293.4426 14 1.0
409.1 293.5177 14 1.0
409.2 293.5928 14 1.0
409.3 293.6678 14 1.0
409.4 293.7429 14 1.0
409.5 293.818 14 1.0
409.6 293.893 14 1.0
409.7 293.9681 14 1.0
409.8 294.0432 14 1.0
409.9 294.1182 14 1.0
410.0 294.1933 14 1.0
410.1 294.2683 14 1.0
410.2 294.3434 14 1.0
410.3 294.4185 14 1.0
410.4 294.4935 14 1.0
410.5 294.5686 14 1.0
410.6 294.6437 14 1.0
410.7 294.7187 14 1.0
410.8 294.7938 14 1.0
410.9 294.8689 14 1.0
411.0 294.9439 14 1.0
411.1 295.019 14 1.0
411.2 295.0941 14 1.0
411.3 295.1691 14 1.0
411.4 295.2442 14 1.0
411.5 295.3193 14 1.0
411.6 295.3943 14 1.0
411.7 295.4694 14 1.0
411.8 295.5445 14 1.0
411.9 295.6195 14 1.0
412.0 295.6946 14 1.0
412.1 295.7697 14 1.0
412.2 295.8447 14 1.0
412.3 295.9198 14 1.0
412.4 295.9949 14 1.0
412.5 296.0699 14 1.0
412.6 296.145 14 1.0
412.7 296.2201 14 1.0
412.8 296.2951 14 1.0
412.9 296.3702 14 1.0
413.0 296.4453 14 1.0
413.1 296.5203 14 1.0
413.2 296.5954 14 1.0
413.3 296.6705 14 1.0
413.4 296.7455 14 1.0
413.5 296.8206 14 1.0
413.6 296.8957 14 1.0
413.7 296.9707 14 1.0
413.8 297.0458 14 1.0
413.9 297.1209 14 1.0
414.0 297.1959 14 1.0
414.1 297.271 14 1.0
414.2 297.3461 14 1.0
414.3 297.4211 14 1.0
414.4 297.4962 14 1.0
414.5 297.5713 14 1.0
414.6 297.6463 14 1.0
414.7 297.7214 14 1.0
414.8 297.7965 14 1.0
414.9 297.8715 14 1.0
415.0 297.9466 14 1.0
415.1 298.0217 14 1.0
415.2 298.0967 14 1.0
415.3 298.1718 14 1.0
415.4 298.2469 14 1.0
415.5 298.3219 14 1.0
415.6 298.397 14 1.0
415.7 298.4721 14 1.0
415.8 298.5471 14 1.0
415.9 298.6222 14 1.0
416.0 298.6973 14 1.0
416.1 298.7723 14 1.0
416.2 298.8474 14 1.0
416.3 298.9225 14 1.0
416.4 298.9975 14 1.0
416.5 299.0726 14 1.0
416.6 299.1477 14 1.0
416.7 299.2227 14 1.0
416.8 299.2978 14 1.0
416.9 299.3729 14 1.0
417.0 299.4479 14 1.0
417.1 299.523 14 1.0
417.2 299.5981 14 1.0
417.3 299.6731 14 1.0
417.4 299.7482 14 1.0
417.5 299.8233 14 1.0
417.6 299.8983 14 1.0
417.7 299.9734 14 1.0
417.8 300.0485 14 1.0
417.9 300.1235 14 1.0
418.0 300.1986 14 1.0
418.1 300.2737 14 1.0
418.2 300.3487 14 1.0
418.3 300.4238 14 1.0
418.4 300.4988 14 1.0
418.5 300.5739 14 1.0
418.6 300.649 14 1.0
418.7 300.724 14 1.0
418.8 300.7991 14 1.0
418.9 300.8742 14 1.0
419.0 300.9492 14 1.0
419.1 301.0243 14 1.0
419.2 301.0994 14 1.0
419.3 301.1744 14 1.0
419.4 301.2495 14 1.0
419.5 301.3246 14 1.0
419.6 301.3996 14 1.0
419.7 301.4747 14 1.0
419.8 301.5498 14 1.0
419.9 301.6248 14 1.0
420.0 301.6999 14 1.0
420.1 301.775 14 1.0
420.2 301.85 14 1.0
420.3 301.9251 14 1.0
420.4 302.0002 14 1.0
420.5 302.0752 14 1.0
420.6 302.1503 14 1.0
420.7 302.2254 14 1.0
420.8 302.3004 14 1.0
420.9 302.3755 14 1.0
421.0 302.4506 14 1.0
421.1 302.5256 14 1.0
421.2 302.6007 14 1.0
421.3 302.6758 14 1.0
421.4 302.7508 14 1.0
421.5 302.8259 14 1.0
421.6 302.901 14 1.0
421.7 302.976 14 1.0
421.8 303.0511 14 1.0
421.9 303.1262 14 1.0
422.0 303.2012 14 1.0
422.1 303.2763 14 1.0
422.2 303.3514 14 1.0
422.3 303.4264 14 1.0
422.4 303.5015 14 1.0
422.5 303.5766 14 1.0
422.6 303.6516 14 1.0
422.7 303.7267 14 1.0
422.8 303.8018 14 1.0
422.9 303.8768 14 1.0
423.0 303.9519 14 1.0
423.1 304.027 14 1.0
423.2 304.102 14 1.0
423.3 304.1771 14 1.0
423.4 304.2522 14 1.0
423.5 304.3272 14 1.0
423.6 304.4023 14 1.0
423.7 304.4774 14 1.0
423.8 304.5524 14 1.0
423.9 304.6275 14 1.0
424.0 304.7026 14 1.0
424.1 304.7776 14 1.0
424.2 304.8527 14 1.0
424.3 304.9278 14 1.0
424.4 305.0028 14 1.0
424.5 305.0779 14 1.0
424.6 305.153 14 1.0
424.7 305.228 14 1.0
424.8 305.3031 14 1.0
424.9 305.3782 14 1.0
425.0 305.4532 14 1.0
425.1 305.5283 14 1.0
425.2 305.6034 14 1.0
425.3 305.6784 14 1.0
425.4 305.7535 14 1.0
425.5 305.8286 14 1.0
425.6 305.9036 14 1.0
425.7 305.9787 14 1.0
425.8 306.0538 14 1.0
425.9 306.1288 14 1.0
426.0 306.2039 14 1.0
426.1 306.279 14 1.0
426.2 306.354 14 1.0
426.3 306.4291 14 1.0
426.4 306.5041 14 1.0
426.5 306.5792 14 1.0
426.6 306.6543 14 1.0
426.7 306.7293 14 1.0
426.8 306.8044 14 1.0
426.9 306.8795 14 1.0
427.0 306.9545 14 1.0
427.1 307.0296 14 1.0
427.2 307.1047 14 1.0
427.3 307.1797 14 1.0
427.4 307.2548 14 1.0
427.5 307.3299 14 1.0
427.6 307.4049 14 1.0
427.7 307.48 14 1.0
427.8 307.5551 14 1.0
427.9 307.6301 14 1.0
428.0 307.7052 14 1.0
428.1 307.7803 14 1.0
428.2 307.8553 14 1.0
428.3 307.9304 14 1.0
428.4 308.0055 14 1.0
428.5 308.0805 14 1.0
428.6 308.1556 14 1.0
428.7 308.2307 14 1.0
428.8 308.3057 14 1.0
428.9 308.3808 14 1.0
429.0 308.4559 14 1.0
429.1 308.5309 14 1.0
429.2 308.606 14 1.0
429.3 308.6811 14 1.0
429.4 308.7561 14 1.0
429.5 308.8312 14 1.0
429.6 308.9063 14 1.0
429.7 308.9813 14 1.0
429.8 309.0564 14 1.0
429.9 309.1315 14 1.0
430.0 309.2065 14 1.0
430.1 309.2816 14 1.0
430.2 309.3567 14 1.0
430.3 309.4317 14 1.0
430.4 309.5068 14 1.0
430.5 309.5819 14 1.0
430.6 309.6569 14 1.0
430.7 309.732 14 1.0
430.8 309.8071 14 1.0
430.9 309.8821 14 1.0
431.0 309.9572 14 1.0
431.1 310.0323 14 1.0
431.2 310.1073 14 1.0
431.3 310.1824 14 1.0
431.4 310.2575 14 1.0
431.5 310.3325 14 1.0
431.6 310.4076 14 1.0
431.7 310.4827 14 1.0
431.8 310.5577 14 1.0
431.9 310.6328 14 1.0
432.0 310.7079 14 1.0
432.1 310.7829 14 1.0
432.2 310.858 14 1.0
432.3 310.9331 14 1.0
432.4 311.0081 14 1.0
432.5 311.0832 14 1.0
432.6 311.1583 14 1.0
432.7 311.2333 14 1.0
432.8 311.3084 14 1.0
432.9 311.3835 14 1.0
433.0 311.4585 14 1.0
433.1 311.5336 14 1.0
433.2 311.6087 14 1.0
433.3 311.6837 14 1.0
433.4 311.7588 14 1.0
433.5 311.8339 14 1.0
433.6 311.9089 14 1.0
433.7 311.984 14 1.0
433.8 312.0591 14 1.0
433.9 312.1341 14 1.0
434.0 312.2092 14 1.0
434.1 312.2843 14 1.0
434.2 312.3593 14 1.0
434.3 312.4344 14 1.0
434.4 312.5095 14 1.0
434.5 312.5845 14 1.0
434.6 312.6596 14 1.0
434.7 312.7346 14 1.0
434.8 312.8097 14 1.0
434.9 312.8848 14 1.0
435.0 312.9598 14 1.0
435.1 313.0349 14 1.0
435.2 313.11 14 1.0
435.3 313.185 14 1.0
435.4 313.2601 14 1.0
435.5 313.3352 14 1.0
435.6 313.4102 14 1.0
435.7 313.4853 14 1.0
435.8 313.5604 14 1.0
435.9 313.6354 14 1.0
436.0 313.7105 14 1.0
436.1 313.7856 14 1.0
436.2 313.8606 14 1.0
436.3 313.9357 14 1.0
436.4 314.0108 14 1.0
436.5 314.0858 14 1.0
436.6 314.1609 14 1.0
436.7 314.236 14 1.0
436.8 314.311 14 1.0
436.9 314.3861 14 1.0
437.0 314.4612 14 1.0
437.1 314.5362 14 1.0
437.2 314.6113 14 1.0
437.3 314.6864 14 1.0
437.4 314.7614 14 1.0
437.5 314.8365 14 1.0
437.6 314.9116 14 1.0
437.7 314.9866 14 1.0
437.8 315.0617 14 1.0
437.9 315.1368 14 1.0
438.0 315.2118 14 1.0
438.1 315.2869 14 1.0
438.2 315.362 14 1.0
438.3 315.437 14 1.0
438.4 315.5121 14 1.0
438.5 315.5872 14 1.0
438.6 315.6622 14 1.0
438.7 315.7373 14 1.0
438.8 315.8124 14 1.0
438.9 315.8874 14 1.0
439.0 315.9625 14 1.0
439.1 316.0376 14 1.0
439.2 316.1126 14 1.0
439.3 316.1877 14 1.0
439.4 316.2628 14 1.0
439.5 316.3378 14 1.0
439.6 316.4129 14 1.0
439.7 316.488 14 1.0
439.8 316.563 14 1.0
439.9 316.6381 14 1.0
440.0 316.7132 14 1.0
440.1 316.7882 14 1.0
440.2 316.8633 14 1.0
440.3 316.9384 14 1.0
440.4 317.0134 14 1.0
440.5 317.0885 14 1.0
440.6 317.1636 14 1.0
440.7 317.2386 14 1.0
440.8 317.3137 14 1.0
440.9 317.3888 14 1.0
441.0 317.4638 14 1.0
441.1 317.5389 14 1.0
441.2 317.614 14 1.0
441.3 317.689 14 1.0
441.4 317.7641 14 1.0
441.5 317.8392 14 1.0
441.6 317.9142 14 1.0
441.7 317.9893 14 1.0
441.8 318.0644 14 1.0
441.9 318.1394 14 1.0
442.0 318.2145 14 1.0
442.1 318.2896 14 1.0
442.2 318.3646 14 1.0
442.3 318.4397 14 1.0
442.4 318.5148 14 1.0
442.5 318.5898 14 1.0
442.6 318.6649 14 1.0
442.7 318.74 14 1.0
442.8 318.815 14 1.0
442.9 318.8901 14 1.0
443.0 318.9651 14 1.0
443.1 319.0402 14 1.0
443.2 319.1153 14 1.0
443.3 319.1903 14 1.0
443.4 319.2654 14 1.0
443.5 319.3405 14 1.0
443.6 319.4155 14 1.0
443.7 319.4906 14 1.0
443.8 319.5657 14 1.0
443.9 319.6407 14 1.0
444.0 319.7158 14 1.0
444.1 319.7909 14 1.0
444.2 319.8659 14 1.0
444.3 319.941 14 1.0
444.4 320.0161 14 1.0
444.5 320.0911 14 1.0
444.6 320.1662 14 1.0
444.7 320.2413 14 1.0
444.8 320.3163 14 1.0
444.9 320.3914 14 1.0
445.0 320.4665 14 1.0
445.1 320.5415 14 1.0
445.2 320.6166 14 1.0
445.3 320.6917 14 1.0
445.4 320.7667 14 1.0
445.5 320.8418 14 1.0
445.6 320.9169 14 1.0
445.7 320.9919 14 1.0
445.8 321.067 14 1.0
445.9 321.1421 14 1.0
446.0 321.2171 14 1.0
446.1 321.2922 14 1.0
446.2 321.3673 14 1.0
446.3 321.4423 14 1.0
446.4 321.5174 14 1.0
446.5 321.5925 14 1.0
446.6 321.6675 14 1.0
446.7 321.7426 14 1.0
446.8 321.8177 14 1.0
446.9 321.8927 14 1.0
447.0 321.9678 14 1.0
447.1 322.0429 14 1.0
447.2 322.1179 14 1.0
447.3 322.193 14 1.0
447.4 322.2681 14 1.0
447.5 322.3431 14 1.0
447.6 322.4182 14 1.0
447.7 322.4933 14 1.0
447.8 322.5683 14 1.0
447.9 322.6434 14 1.0
448.0 322.7185 14 1.0
448.1 322.7935 14 1.0
448.2 322.8686 14 1.0
448.3 322.9437 14 1.0
448.4 323.0187 14 1.0
448.5 323.0938 14 1.0
448.6 323.1689 14 1.0
448.7 323.2439 14 1.0
448.8 323.319 14 1.0
448.9 323.3941 14 1.0
449.0 323.4691 14 1.0
449.1 323.5442 14 1.0
449.2 323.6193 14 1.0
449.3 323.6943 14 1.0
449.4 323.7694 14 1.0
449.5 323.8445 14 1.0
449.6 323.9195 14 1.0
449.7 323.9946 14 1.0
