15.0 1.348739 13 0.02793342955250455
15.1 1.356698 13 0.028425891053158403
15.2 1.364649 13 0.02890956244294851
15.3 1.372592 13 0.02938913240499552
15.4 1.380527 13 0.02986080052123874
15.5 1.388455 13 0.03032672493145816
15.6 1.396374 13 0.030783051354993263
15.7 1.404286 13 0.031236424152365827
15.8 1.41219 13 0.031683892244301015
15.9 1.420087 13 0.03212214455756468
16.0 1.427975 13 0.03255588814185517
16.1 1.436206 13 0.03301670305828697
16.2 1.444428 13 0.03346806870515695
16.3 1.452641 13 0.03391694177869875
16.4 1.460847 13 0.034359582442247016
16.5 1.469044 13 0.03479463387229209
16.6 1.477232 13 0.035226451563629135
16.7 1.485413 13 0.03564920714922648
16.8 1.493585 13 0.036069984708994474
16.9 1.501749 13 0.036483873911997367
17.0 1.509905 13 0.0368936381901408
17.1 1.518053 13 0.037297559373460354
17.2 1.526193 13 0.03769868147746769
17.3 1.534325 13 0.03809718356612102
17.4 1.542448 13 0.038482535365047754
17.5 1.550564 13 0.03886807567002548
17.6 1.558672 13 0.039246172253162626
17.7 1.566771 13 0.039623656391973516
17.8 1.574863 13 0.03999404514113847
17.9 1.582947 13 0.04036444488550839
18.0 1.591023 13 0.040726708336654815
18.1 1.599529 13 0.04112231231303487
18.2 1.608027 13 0.041507576428426396
18.3 1.616516 13 0.04189437584041644
18.4 1.624996 13 0.04227403352274939
18.5 1.633468 13 0.04265204149710444
18.6 1.641931 13 0.043024481573773254
18.7 1.650385 13 0.04339216583848238
18.8 1.658831 13 0.04375548293181397
18.9 1.667269 13 0.04411506129793752
19.0 1.675697 13 0.04447145665967989
19.1 1.684118 13 0.04482545381546488
19.2 1.692529 13 0.04517379873432781
19.3 1.700933 13 0.04551821072444828
19.4 1.709328 13 0.04585865352409213
19.5 1.717714 13 0.04619758012675523
19.6 1.726092 13 0.046531839632890426
19.7 1.734462 13 0.0468599864467123
19.8 1.742823 13 0.04719036055778214
19.9 1.751176 13 0.04751302411744751
20.0 1.759521 13 0.04783371346190746
20.1 1.768346 13 0.04818177625206732
20.2 1.777162 13 0.04852985250012409
20.3 1.785968 13 0.04887307757521708
20.4 1.794765 13 0.0492075648442345
20.5 1.803553 13 0.04954681950311379
20.6 1.812332 13 0.04987519666329865
20.7 1.821102 13 0.05020617132936123
20.8 1.829863 13 0.05052949014657404
20.9 1.838615 13 0.05085234507242686
21.0 1.847358 13 0.05117125939073097
21.1 1.856091 13 0.05149191954597321
21.2 1.864816 13 0.051803458056741025
21.3 1.873532 13 0.05211263126651866
21.4 1.882239 13 0.05242002052872219
21.5 1.890938 13 0.05272558558655205
21.6 1.899627 13 0.05302390841350324
21.7 1.908308 13 0.05332247831335446
21.8 1.916979 13 0.05361998232985621
21.9 1.925643 13 0.053911434352752474
22.0 1.934297 13 0.05419984587721538
22.1 1.944213 13 0.05457373625250106
22.2 1.954117 13 0.054942565373789276
22.3 1.96401 13 0.055307305087141434
22.4 1.973892 13 0.05566836709424983
22.5 1.983763 13 0.056032541803007985
22.6 1.993622 13 0.05638666497895639
22.7 21.82895 14 1.0
22.8 21.9231 14 1.0
22.9 22.01725 14 1.0
23.0 22.1114 14 1.0
23.1 22.20555 14 1.0
23.2 22.2997 14 1.0
23.3 22.39385 14 1.0
23.4 22.488 14 1.0
23.5 22.58215 14 1.0
23.6 22.6763 14 1.0
23.7 22.77045 14 1.0
23.8 22.8646 14 1.0
23.9 22.95875 14 1.0
24.0 23.0529 14 1.0
24.1 23.14614 14 1.0
24.2 23.23937 14 1.0
24.3 23.33261 14 1.0
24.4 23.42584 14 1.0
24.5 23.51908 14 1.0
24.6 23.61231 14 1.0
24.7 23.70555 14 1.0
24.8 23.79878 14 1.0
24.9 5.721812 14 0.2198959690679656
25.0 5.932322 14 0.22802002878631222
25.1 6.144977 14 0.23617196569673815
25.2 6.359778 14 0.2443515546399655
25.3 6.576724 14 0.25255614498543133
25.4 6.795817 14 0.2607870484799265
25.5 7.017054 14 0.2690417547013436
25.6 7.240438 14 0.27732451708095085
25.7 7.465967 14 0.2856304826540558
25.8 7.693641 14 0.2939631542528587
25.9 7.923461 14 0.30231870029841024
26.0 8.155427 14 0.3106987392925772
26.1 8.388532 14 0.31904667644681084
26.2 8.623794 14 0.32742044603011367
26.3 8.861214 14 0.33581814264930254
26.4 9.100791 14 0.34423643455181474
26.5 9.342526 14 0.3526809876635375
26.6 9.586418 14 0.3611464016142292
26.7 9.832468 14 0.36963666391412053
26.8 10.08068 14 0.37814697321516166
26.9 10.33104 14 0.3866797372132219
27.0 10.58356 14 0.39523181319071954
27.1 10.83824 14 0.4038078500292912
27.2 11.09508 14 0.41240479601839986
27.3 11.35407 14 0.42102425230061347
27.4 11.61523 14 0.4296631651307169
27.5 11.87854 14 0.43832116695265955
27.6 12.144 14 0.4470026263815644
27.7 12.41163 14 0.4557028908498215
27.8 12.68141 14 0.4644208667087599
27.9 12.95335 14 0.473161228313012
28.0 13.22745 14 0.4819190843098877
28.1 13.52315 14 0.49166135030419966
28.2 13.82092 14 0.5014213539042007
28.3 14.12076 14 0.5111961543361212
28.4 14.42267 14 0.5209914038708481
28.5 14.72665 14 0.5308030778558437
28.6 15.03269 14 0.5406314654029107
28.7 15.34081 14 0.5504771383919607
28.8 15.65099 14 0.5603361755602223
28.9 15.96324 14 0.5702170837056896
29.0 16.27757 14 0.5801122413188354
29.1 16.59395 14 0.5900218715278552
29.2 16.91241 14 0.5999493985021956
29.3 17.23294 14 0.6098926307069806
29.4 17.55554 14 0.6198525407879348
29.5 17.8802 14 0.6298266145730181
29.6 18.20694 14 0.6398155764450204
29.7 18.53574 14 0.6498236356858134
29.8 18.86661 14 0.6598436781609196
29.9 19.19955 14 0.6698813056379822
30.0 19.53456 14 0.6799305147172614
30.1 19.86992 14 0.6898417372101583
30.2 20.20741 14 0.699767977647424
30.3 20.54704 14 0.709710633589131
30.4 20.8888 14 0.7196657715246284
30.5 21.2327 14 0.7296387860645989
30.6 21.57872 14 0.7396231364319719
30.7 21.92688 14 0.7496228388545869
30.8 22.27718 14 0.7596387594703133
30.9 22.6296 14 0.7696679365115628
31.0 22.98416 14 0.7797114160791891
31.1 23.34086 14 0.7897685668616228
31.2 23.69968 14 0.7998405084200976
31.3 24.06064 14 0.8099255921533544
31.4 24.42373 14 0.8200246424019261
31.5 24.78896 14 0.8301376175381108
31.6 25.15632 14 0.8402637779121953
31.7 25.52581 14 0.8504024787083314
31.8 25.89744 14 0.8605551150669474
31.9 26.27119 14 0.8707207295526784
32.0 26.64709 14 0.8808988080296357
32.1 27.02511 14 0.8910907839799672
32.2 27.40527 14 0.9012949747142134
32.3 27.78756 14 0.9115122029031744
32.4 28.17198 14 0.9217411325650492
32.5 28.55854 14 0.9319829120254512
32.6 28.94723 14 0.9422370563650667
32.7 29.33805 14 0.9525032611804427
32.8 29.73101 14 0.9627815784972832
32.9 30.1261 14 0.9730720688601405
33.0 30.52332 14 0.9833744780365734
33.1 30.92268 14 0.9936885483329021
33.2 31.20132 14 1.0
33.3 31.28737 14 1.0
33.4 31.37342 14 1.0
33.5 31.45947 14 1.0
33.6 31.54552 14 1.0
33.7 31.63157 14 1.0
33.8 31.71762 14 1.0
33.9 31.80366 14 1.0
34.0 31.88971 14 1.0
34.1 31.97576 14 1.0
34.2 32.06181 14 1.0
34.3 32.14786 14 1.0
34.4 32.23391 14 1.0
34.5 32.31995 14 1.0
34.6 32.406 14 1.0
34.7 32.49205 14 1.0
34.8 32.5781 14 1.0
34.9 32.66415 14 1.0
35.0 32.7502 14 1.0
35.1 32.81489 14 1.0
35.2 32.87958 14 1.0
35.3 32.94427 14 1.0
35.4 33.00896 14 1.0
35.5 33.07365 14 1.0
35.6 33.13835 14 1.0
35.7 33.20304 14 1.0
35.8 33.26773 14 1.0
35.9 33.33242 14 1.0
36.0 33.39711 14 1.0
36.1 33.4618 14 1.0
36.2 33.52649 14 1.0
36.3 33.59118 14 1.0
36.4 33.65588 14 1.0
36.5 33.72057 14 1.0
36.6 33.78526 14 1.0
36.7 33.84995 14 1.0
36.8 33.91464 14 1.0
36.9 33.97933 14 1.0
37.0 34.04402 14 1.0
37.1 34.10871 14 1.0
37.2 34.17341 14 1.0
37.3 34.2381 14 1.0
37.4 34.30279 14 1.0
37.5 34.36748 14 1.0
37.6 34.43217 14 1.0
37.7 34.49686 14 1.0
37.8 34.56155 14 1.0
37.9 34.62624 14 1.0
38.0 34.69094 14 1.0
38.1 34.75563 14 1.0
38.2 34.82032 14 1.0
38.3 34.88501 14 1.0
38.4 34.9497 14 1.0
38.5 35.01439 14 1.0
38.6 35.07908 14 1.0
38.7 35.14378 14 1.0
38.8 35.20847 14 1.0
38.9 35.27316 14 1.0
39.0 35.33785 14 1.0
39.1 35.40254 14 1.0
39.2 35.46723 14 1.0
39.3 35.53192 14 1.0
39.4 35.59661 14 1.0
39.5 35.66131 14 1.0
39.6 35.726 14 1.0
39.7 35.79069 14 1.0
39.8 35.85538 14 1.0
39.9 35.92007 14 1.0
40.0 35.98476 14 1.0
40.1 36.06441 14 1.0
40.2 36.14407 14 1.0
40.3 36.22372 14 1.0
40.4 36.30337 14 1.0
40.5 36.38302 14 1.0
40.6 36.46267 14 1.0
40.7 36.54232 14 1.0
40.8 36.62197 14 1.0
40.9 36.70162 14 1.0
41.0 36.78128 14 1.0
41.1 36.86093 14 1.0
41.2 36.94058 14 1.0
41.3 37.02023 14 1.0
41.4 37.09988 14 1.0
41.5 37.17953 14 1.0
41.6 37.25918 14 1.0
41.7 37.33884 14 1.0
41.8 37.41849 14 1.0
41.9 37.49814 14 1.0
42.0 37.57779 14 1.0
42.1 37.65744 14 1.0
42.2 37.73709 14 1.0
42.3 37.81674 14 1.0
42.4 37.8964 14 1.0
42.5 37.97605 14 1.0
42.6 38.0557 14 1.0
42.7 38.13535 14 1.0
42.8 38.215 14 1.0
42.9 38.29465 14 1.0
43.0 38.3743 14 1.0
43.1 38.45396 14 1.0
43.2 38.53361 14 1.0
43.3 38.61326 14 1.0
43.4 38.69291 14 1.0
43.5 38.77256 14 1.0
43.6 38.85221 14 1.0
43.7 38.93186 14 1.0
43.8 39.01152 14 1.0
43.9 39.09117 14 1.0
44.0 39.17082 14 1.0
44.1 39.25047 14 1.0
44.2 39.33012 14 1.0
44.3 39.40977 14 1.0
44.4 39.48942 14 1.0
44.5 39.56907 14 1.0
44.6 39.64873 14 1.0
44.7 39.72838 14 1.0
44.8 39.80803 14 1.0
44.9 39.88768 14 1.0
45.0 39.96733 14 1.0
45.1 40.04698 14 1.0
45.2 40.12663 14 1.0
45.3 40.20629 14 1.0
45.4 40.28594 14 1.0
45.5 40.36559 14 1.0
45.6 40.44524 14 1.0
45.7 40.52489 14 1.0
45.8 40.60454 14 1.0
45.9 40.68419 14 1.0
46.0 40.76385 14 1.0
46.1 40.8435 14 1.0
46.2 40.92315 14 1.0
46.3 41.0028 14 1.0
46.4 41.08245 14 1.0
46.5 41.1621 14 1.0
46.6 41.24175 14 1.0
46.7 41.32141 14 1.0
46.8 41.40106 14 1.0
46.9 41.48071 14 1.0
47.0 41.56036 14 1.0
47.1 41.64001 14 1.0
47.2 41.71966 14 1.0
47.3 41.79931 14 1.0
47.4 41.87897 14 1.0
47.5 41.95862 14 1.0
47.6 42.03827 14 1.0
47.7 42.11792 14 1.0
47.8 42.19757 14 1.0
47.9 42.27722 14 1.0
48.0 42.35687 14 1.0
48.1 42.43652 14 1.0
48.2 42.51618 14 1.0
48.3 42.59583 14 1.0
48.4 42.67548 14 1.0
48.5 42.75513 14 1.0
48.6 42.83478 14 1.0
48.7 42.91443 14 1.0
48.8 42.99408 14 1.0
48.9 43.07374 14 1.0
49.0 43.15339 14 1.0
49.1 43.23304 14 1.0
49.2 43.31269 14 1.0
49.3 43.39234 14 1.0
49.4 43.47199 14 1.0
49.5 43.55164 14 1.0
49.6 43.6313 14 1.0
49.7 43.71095 14 1.0
49.8 43.7906 14 1.0
49.9 43.87025 14 1.0
50.0 43.9499 14 1.0
50.1 44.02099 14 1.0
50.2 44.09208 14 1.0
50.3 44.16317 14 1.0
50.4 44.23426 14 1.0
50.5 44.30534 14 1.0
50.6 44.37643 14 1.0
50.7 44.44752 14 1.0
50.8 44.51861 14 1.0
50.9 44.5897 14 1.0
51.0 44.66079 14 1.0
51.1 44.73188 14 1.0
51.2 44.80296 14 1.0
51.3 44.87405 14 1.0
51.4 44.94514 14 1.0
51.5 45.01623 14 1.0
51.6 45.08732 14 1.0
51.7 45.15841 14 1.0
51.8 45.2295 14 1.0
51.9 45.30059 14 1.0
52.0 45.37167 14 1.0
52.1 45.44276 14 1.0
52.2 45.51385 14 1.0
52.3 45.58494 14 1.0
52.4 45.65603 14 1.0
52.5 45.72712 14 1.0
52.6 45.79821 14 1.0
52.7 45.86929 14 1.0
52.8 45.94038 14 1.0
52.9 46.01147 14 1.0
53.0 46.08256 14 1.0
53.1 46.15365 14 1.0
53.2 46.22474 14 1.0
53.3 46.29583 14 1.0
53.4 46.36692 14 1.0
53.5 46.438 14 1.0
53.6 46.50909 14 1.0
53.7 46.58018 14 1.0
53.8 46.65127 14 1.0
53.9 46.72236 14 1.0
54.0 46.79345 14 1.0
54.1 46.86454 14 1.0
54.2 46.93562 14 1.0
54.3 47.00671 14 1.0
54.4 47.0778 14 1.0
54.5 47.14889 14 1.0
54.6 47.21998 14 1.0
54.7 47.29107 14 1.0
54.8 47.36216 14 1.0
54.9 47.43324 14 1.0
55.0 47.50433 14 1.0
55.1 47.57542 14 1.0
55.2 47.64651 14 1.0
55.3 47.7176 14 1.0
55.4 47.78869 14 1.0
55.5 47.85978 14 1.0
55.6 47.93087 14 1.0
55.7 48.00195 14 1.0
55.8 48.07304 14 1.0
55.9 48.14413 14 1.0
56.0 48.21522 14 1.0
56.1 48.28631 14 1.0
56.2 48.3574 14 1.0
56.3 48.42849 14 1.0
56.4 48.49957 14 1.0
56.5 48.57066 14 1.0
56.6 48.64175 14 1.0
56.7 48.71284 14 1.0
56.8 48.78393 14 1.0
56.9 48.85502 14 1.0
57.0 48.92611 14 1.0
57.1 48.99719 14 1.0
57.2 49.06828 14 1.0
57.3 49.13937 14 1.0
57.4 49.21046 14 1.0
57.5 49.28155 14 1.0
57.6 49.35264 14 1.0
57.7 49.42373 14 1.0
57.8 49.49482 14 1.0
57.9 49.5659 14 1.0
58.0 49.63699 14 1.0
58.1 49.70808 14 1.0
58.2 49.77917 14 1.0
58.3 49.85026 14 1.0
58.4 49.92135 14 1.0
58.5 49.99244 14 1.0
58.6 50.06352 14 1.0
58.7 50.13461 14 1.0
58.8 50.2057 14 1.0
58.9 50.27679 14 1.0
59.0 50.34788 14 1.0
59.1 50.41897 14 1.0
59.2 50.49006 14 1.0
59.3 50.56114 14 1.0
59.4 50.63223 14 1.0
59.5 50.70332 14 1.0
59.6 50.77441 14 1.0
59.7 50.8455 14 1.0
59.8 50.91659 14 1.0
59.9 50.98768 14 1.0
60.0 51.05877 14 1.0
60.1 51.11084 14 1.0
60.2 51.16292 14 1.0
60.3 51.215 14 1.0
60.4 51.26707 14 1.0
60.5 51.31915 14 1.0
60.6 51.37123 14 1.0
60.7 51.42331 14 1.0
60.8 51.47538 14 1.0
60.9 51.52746 14 1.0
61.0 51.57954 14 1.0
61.1 51.63161 14 1.0
61.2 51.68369 14 1.0
61.3 51.73577 14 1.0
61.4 51.78785 14 1.0
61.5 51.83992 14 1.0
61.6 51.892 14 1.0
61.7 51.94408 14 1.0
61.8 51.99616 14 1.0
61.9 52.04823 14 1.0
62.0 52.10031 14 1.0
62.1 52.15239 14 1.0
62.2 52.20446 14 1.0
62.3 52.25654 14 1.0
62.4 52.30862 14 1.0
62.5 52.3607 14 1.0
62.6 52.41277 14 1.0
62.7 52.46485 14 1.0
62.8 52.51693 14 1.0
62.9 52.56901 14 1.0
63.0 52.62108 14 1.0
63.1 52.67316 14 1.0
63.2 52.72524 14 1.0
63.3 52.77731 14 1.0
63.4 52.82939 14 1.0
63.5 52.88147 14 1.0
63.6 52.93355 14 1.0
63.7 52.98562 14 1.0
63.8 53.0377 14 1.0
63.9 53.08978 14 1.0
64.0 53.14185 14 1.0
64.1 53.19393 14 1.0
64.2 53.24601 14 1.0
64.3 53.29809 14 1.0
64.4 53.35016 14 1.0
64.5 53.40224 14 1.0
64.6 53.45432 14 1.0
64.7 53.5064 14 1.0
64.8 53.36296 14 1.0
64.9 53.19744 14 1.0
65.0 53.03159 14 1.0
65.1 52.86542 14 1.0
65.2 52.69893 14 1.0
65.3 52.53212 14 1.0
65.4 52.36498 14 1.0
65.5 52.19753 14 1.0
65.6 52.02975 14 1.0
65.7 51.86166 14 1.0
65.8 51.69324 14 1.0
65.9 51.5245 14 1.0
66.0 51.35544 14 1.0
66.1 51.18605 14 1.0
66.2 51.01635 14 1.0
66.3 50.84633 14 1.0
66.4 50.67598 14 1.0
66.5 50.50532 14 1.0
66.6 50.33433 14 1.0
66.7 50.16302 14 1.0
66.8 49.99139 14 1.0
66.9 49.81944 14 1.0
67.0 49.64716 14 1.0
67.1 49.47457 14 1.0
67.2 49.30165 14 1.0
67.3 49.12842 14 1.0
67.4 48.95486 14 1.0
67.5 48.78098 14 1.0
67.6 48.60678 14 1.0
67.7 48.43226 14 1.0
67.8 48.25742 14 1.0
67.9 48.08225 14 1.0
68.0 47.90677 14 1.0
68.1 47.73096 14 1.0
68.2 47.55483 14 1.0
68.3 47.37839 14 1.0
68.4 47.20162 14 1.0
68.5 47.02453 14 1.0
68.6 46.84711 14 1.0
68.7 46.66938 14 1.0
68.8 46.49132 14 1.0
68.9 46.31295 14 1.0
69.0 46.13425 14 1.0
69.1 45.95523 14 1.0
69.2 45.77589 14 1.0
69.3 45.59623 14 1.0
69.4 45.41625 14 1.0
69.5 45.23595 14 1.0
69.6 45.05532 14 1.0
69.7 44.87438 14 1.0
69.8 44.69311 14 1.0
69.9 44.51152 14 1.0
70.0 44.32961 14 1.0
70.1 44.17498 14 1.0
70.2 44.02015 14 1.0
70.3 43.86512 14 1.0
70.4 43.70989 14 1.0
70.5 43.55446 14 1.0
70.6 43.39883 14 1.0
70.7 43.243 14 1.0
70.8 43.08697 14 1.0
70.9 42.93074 14 1.0
71.0 42.77432 14 1.0
71.1 42.61769 14 1.0
71.2 42.46086 14 1.0
71.3 42.30384 14 1.0
71.4 42.14661 14 1.0
71.5 41.98919 14 1.0
71.6 41.83157 14 1.0
71.7 41.67374 14 1.0
71.8 41.51572 14 1.0
71.9 41.3575 14 1.0
72.0 41.19908 14 1.0
72.1 41.04046 14 1.0
72.2 40.88164 14 1.0
72.3 40.72262 14 1.0
72.4 40.5634 14 1.0
72.5 40.40399 14 1.0
72.6 40.24437 14 1.0
72.7 40.08455 14 1.0
72.8 39.92454 14 1.0
72.9 39.76432 14 1.0
73.0 39.60391 14 1.0
73.1 39.44329 14 1.0
73.2 39.28248 14 1.0
73.3 39.12147 14 1.0
73.4 38.96026 14 1.0
73.5 38.79885 14 1.0
73.6 38.63724 14 1.0
73.7 38.47543 14 1.0
73.8 38.31342 14 1.0
73.9 38.15121 14 1.0
74.0 37.9888 14 1.0
74.1 37.82619 14 1.0
74.2 37.66338 14 1.0
74.3 37.50038 14 1.0
74.4 37.33717 14 1.0
74.5 37.17377 14 1.0
74.6 37.01016 14 1.0
74.7 36.84636 14 1.0
74.8 36.68236 14 1.0
74.9 36.51815 14 1.0
75.0 36.35375 14 1.0
75.1 36.18915 14 1.0
75.2 36.02435 14 1.0
75.3 35.85935 14 1.0
75.4 35.69415 14 1.0
75.5 35.52875 14 1.0
75.6 35.36315 14 1.0
75.7 35.19736 14 1.0
75.8 35.03136 14 1.0
75.9 34.86516 14 1.0
76.0 34.69877 14 1.0
76.1 34.53217 14 1.0
76.2 34.36538 14 1.0
76.3 34.19838 14 1.0
76.4 34.03119 14 1.0
76.5 33.8638 14 1.0
76.6 33.69621 14 1.0
76.7 33.52842 14 1.0
76.8 33.36043 14 1.0
76.9 33.19224 14 1.0
77.0 33.02385 14 1.0
77.1 32.85526 14 1.0
77.2 32.68647 14 1.0
77.3 32.51748 14 1.0
77.4 32.3483 14 1.0
77.5 32.17891 14 1.0
77.6 32.00932 14 1.0
77.7 31.83954 14 1.0
77.8 31.66955 14 1.0
77.9 31.49937 14 1.0
78.0 31.32899 14 1.0
78.1 31.1584 14 1.0
78.2 30.98762 14 1.0
78.3 30.81664 14 1.0
78.4 30.64546 14 1.0
78.5 30.47408 14 1.0
78.6 30.32622 14 1.0
78.7 30.35288 14 1.0
78.8 30.37955 14 1.0
78.9 30.40621 14 1.0
79.0 30.43288 14 1.0
79.1 30.45954 14 1.0
79.2 30.48621 14 1.0
79.3 30.51287 14 1.0
79.4 30.53954 14 1.0
79.5 30.56621 14 1.0
79.6 30.59287 14 1.0
79.7 30.61954 14 1.0
79.8 30.6462 14 1.0
79.9 30.67287 14 1.0
80.0 30.69953 14 1.0
80.1 30.74469 14 1.0
80.2 30.78984 14 1.0
80.3 30.83499 14 1.0
80.4 30.88014 14 1.0
80.5 30.9253 14 1.0
80.6 30.97045 14 1.0
80.7 31.0156 14 1.0
80.8 31.06076 14 1.0
80.9 31.10591 14 1.0
81.0 31.15106 14 1.0
81.1 31.19622 14 1.0
81.2 31.24137 14 1.0
81.3 31.28652 14 1.0
81.4 31.33168 14 1.0
81.5 31.37683 14 1.0
81.6 31.42198 14 1.0
81.7 31.46714 14 1.0
81.8 31.51229 14 1.0
81.9 31.55744 14 1.0
82.0 31.60259 14 1.0
82.1 31.64775 14 1.0
82.2 31.6929 14 1.0
82.3 31.73805 14 1.0
82.4 31.78321 14 1.0
82.5 31.82836 14 1.0
82.6 31.87351 14 1.0
82.7 31.91867 14 1.0
82.8 31.96382 14 1.0
82.9 32.00897 14 1.0
83.0 32.05413 14 1.0
83.1 32.09928 14 1.0
83.2 32.14443 14 1.0
83.3 32.18959 14 1.0
83.4 32.23474 14 1.0
83.5 32.27989 14 1.0
83.6 32.32505 14 1.0
83.7 32.3702 14 1.0
83.8 32.41535 14 1.0
83.9 32.4605 14 1.0
84.0 32.50566 14 1.0
84.1 32.55081 14 1.0
84.2 32.59596 14 1.0
84.3 32.64112 14 1.0
84.4 32.68627 14 1.0
84.5 32.73142 14 1.0
84.6 32.77658 14 1.0
84.7 32.82173 14 1.0
84.8 32.86688 14 1.0
84.9 32.91204 14 1.0
85.0 32.95719 14 1.0
85.1 33.00234 14 1.0
85.2 33.0475 14 1.0
85.3 33.09265 14 1.0
85.4 33.1378 14 1.0
85.5 33.18295 14 1.0
85.6 33.22811 14 1.0
85.7 33.27326 14 1.0
85.8 33.31841 14 1.0
85.9 33.36357 14 1.0
86.0 33.40872 14 1.0
86.1 33.45387 14 1.0
86.2 33.49903 14 1.0
86.3 33.54418 14 1.0
86.4 33.58933 14 1.0
86.5 33.63449 14 1.0
86.6 33.67964 14 1.0
86.7 33.72479 14 1.0
86.8 33.76995 14 1.0
86.9 33.8151 14 1.0
87.0 33.86025 14 1.0
87.1 33.9054 14 1.0
87.2 33.95056 14 1.0
87.3 33.99571 14 1.0
87.4 34.04086 14 1.0
87.5 34.08602 14 1.0
87.6 34.13117 14 1.0
87.7 34.17632 14 1.0
87.8 34.22148 14 1.0
87.9 34.26663 14 1.0
88.0 34.31178 14 1.0
88.1 34.35694 14 1.0
88.2 34.40209 14 1.0
88.3 34.44724 14 1.0
88.4 34.4924 14 1.0
88.5 34.53755 14 1.0
88.6 34.5827 14 1.0
88.7 34.62786 14 1.0
88.8 34.67301 14 1.0
88.9 34.71816 14 1.0
89.0 34.76331 14 1.0
89.1 34.80847 14 1.0
89.2 34.85362 14 1.0
89.3 34.89877 14 1.0
89.4 34.94393 14 1.0
89.5 34.98908 14 1.0
89.6 35.03423 14 1.0
89.7 35.07939 14 1.0
89.8 35.12454 14 1.0
89.9 35.16969 14 1.0
90.0 35.21485 14 1.0
90.1 35.263 14 1.0
90.2 35.31115 14 1.0
90.3 35.3593 14 1.0
90.4 35.40745 14 1.0
90.5 35.4556 14 1.0
90.6 35.50375 14 1.0
90.7 35.5519 14 1.0
90.8 35.60005 14 1.0
90.9 35.6482 14 1.0
91.0 35.69636 14 1.0
91.1 35.74451 14 1.0
91.2 35.79266 14 1.0
91.3 35.84081 14 1.0
91.4 35.88896 14 1.0
91.5 35.93711 14 1.0
91.6 35.98526 14 1.0
91.7 36.03341 14 1.0
91.8 36.08156 14 1.0
91.9 36.12971 14 1.0
92.0 36.17786 14 1.0
92.1 36.22602 14 1.0
92.2 36.27417 14 1.0
92.3 36.32232 14 1.0
92.4 36.37047 14 1.0
92.5 36.41862 14 1.0
92.6 36.46677 14 1.0
92.7 36.51492 14 1.0
92.8 36.56307 14 1.0
92.9 36.61122 14 1.0
93.0 36.65937 14 1.0
93.1 36.70752 14 1.0
93.2 36.75568 14 1.0
93.3 36.80383 14 1.0
93.4 36.85198 14 1.0
93.5 36.90013 14 1.0
93.6 36.94828 14 1.0
93.7 36.99643 14 1.0
93.8 37.04458 14 1.0
93.9 37.09273 14 1.0
94.0 37.14088 14 1.0
94.1 37.18903 14 1.0
94.2 37.23719 14 1.0
94.3 37.28534 14 1.0
94.4 37.33349 14 1.0
94.5 37.38164 14 1.0
94.6 37.42979 14 1.0
94.7 37.47794 14 1.0
94.8 37.52609 14 1.0
94.9 37.57424 14 1.0
95.0 37.62239 14 1.0
95.1 37.67054 14 1.0
95.2 37.71869 14 1.0
95.3 37.76685 14 1.0
95.4 37.815 14 1.0
95.5 37.86315 14 1.0
95.6 37.9113 14 1.0
95.7 37.95945 14 1.0
95.8 38.0076 14 1.0
95.9 38.05575 14 1.0
96.0 38.1039 14 1.0
96.1 38.15205 14 1.0
96.2 38.2002 14 1.0
96.3 38.24835 14 1.0
96.4 38.29651 14 1.0
96.5 38.34466 14 1.0
96.6 38.39281 14 1.0
96.7 38.44096 14 1.0
96.8 38.48911 14 1.0
96.9 38.53726 14 1.0
97.0 38.58541 14 1.0
97.1 38.63356 14 1.0
97.2 38.68171 14 1.0
97.3 38.72986 14 1.0
97.4 38.77802 14 1.0
97.5 38.82617 14 1.0
97.6 38.87432 14 1.0
97.7 38.92247 14 1.0
97.8 38.97062 14 1.0
97.9 39.01877 14 1.0
98.0 39.06692 14 1.0
98.1 39.11507 14 1.0
98.2 39.16322 14 1.0
98.3 39.21137 14 1.0
98.4 39.25952 14 1.0
98.5 39.30768 14 1.0
98.6 39.35583 14 1.0
98.7 39.40398 14 1.0
98.8 39.45213 14 1.0
98.9 39.50028 14 1.0
99.0 39.54843 14 1.0
99.1 39.59658 14 1.0
99.2 39.64473 14 1.0
99.3 39.69288 14 1.0
99.4 39.74103 14 1.0
99.5 39.78918 14 1.0
99.6 39.83734 14 1.0
99.7 39.88549 14 1.0
99.8 39.93364 14 1.0
99.9 39.98179 14 1.0
100.0 40.02994 14 1.0
100.1 40.07578 14 1.0
100.2 40.12163 14 1.0
100.3 40.16747 14 1.0
100.4 40.21331 14 1.0
100.5 40.25916 14 1.0
100.6 40.305 14 1.0
100.7 40.35084 14 1.0
100.8 40.39669 14 1.0
100.9 40.44253 14 1.0
101.0 40.48837 14 1.0
101.1 40.53421 14 1.0
101.2 40.58006 14 1.0
101.3 40.6259 14 1.0
101.4 40.67174 14 1.0
101.5 40.71759 14 1.0
101.6 40.76343 14 1.0
101.7 40.80927 14 1.0
101.8 40.85512 14 1.0
101.9 40.90096 14 1.0
102.0 40.9468 14 1.0
102.1 40.99265 14 1.0
102.2 41.03849 14 1.0
102.3 41.08433 14 1.0
102.4 41.13018 14 1.0
102.5 41.17602 14 1.0
102.6 41.22186 14 1.0
102.7 41.26771 14 1.0
102.8 41.31355 14 1.0
102.9 41.35939 14 1.0
103.0 41.40524 14 1.0
103.1 41.45108 14 1.0
103.2 41.49692 14 1.0
103.3 41.54277 14 1.0
103.4 41.58861 14 1.0
103.5 41.63445 14 1.0
103.6 41.68029 14 1.0
103.7 41.72614 14 1.0
103.8 41.77198 14 1.0
103.9 41.81782 14 1.0
104.0 41.86367 14 1.0
104.1 41.90951 14 1.0
104.2 41.95535 14 1.0
104.3 42.0012 14 1.0
104.4 42.04704 14 1.0
104.5 42.09288 14 1.0
104.6 42.13873 14 1.0
104.7 42.18457 14 1.0
104.8 42.23041 14 1.0
104.9 42.27626 14 1.0
105.0 42.3221 14 1.0
105.1 42.36794 14 1.0
105.2 42.41379 14 1.0
105.3 42.45963 14 1.0
105.4 42.50547 14 1.0
105.5 42.55132 14 1.0
105.6 42.59716 14 1.0
105.7 42.643 14 1.0
105.8 42.68884 14 1.0
105.9 42.73469 14 1.0
106.0 42.78053 14 1.0
106.0 42.82637 14 1.0
106.1 42.87222 14 1.0
106.2 42.91806 14 1.0
106.3 42.9639 14 1.0
106.4 43.00975 14 1.0
106.5 43.05559 14 1.0
106.6 43.10143 14 1.0
106.7 43.14728 14 1.0
106.8 43.19312 14 1.0
106.9 43.23896 14 1.0
107.0 43.28481 14 1.0
107.1 43.33065 14 1.0
107.2 43.37649 14 1.0
107.3 43.42234 14 1.0
107.4 43.46818 14 1.0
107.5 43.51402 14 1.0
107.6 43.55987 14 1.0
107.7 43.60571 14 1.0
107.8 43.65155 14 1.0
107.9 43.6974 14 1.0
108.0 43.74324 14 1.0
108.1 43.78908 14 1.0
108.2 43.83492 14 1.0
108.3 43.88077 14 1.0
108.4 43.92661 14 1.0
108.5 43.97245 14 1.0
108.6 44.0183 14 1.0
108.7 44.06414 14 1.0
108.8 44.10998 14 1.0
108.9 44.15583 14 1.0
109.0 44.20167 14 1.0
109.1 44.24751 14 1.0
109.2 44.29336 14 1.0
109.3 44.3392 14 1.0
109.4 44.38504 14 1.0
109.5 44.43089 14 1.0
109.6 44.47673 14 1.0
109.7 44.52257 14 1.0
109.8 44.56842 14 1.0
109.9 44.61426 14 1.0
110.0 44.66428 14 1.0
110.1 44.71429 14 1.0
110.2 44.76431 14 1.0
110.3 44.81432 14 1.0
110.4 44.86434 14 1.0
110.5 44.91436 14 1.0
110.6 44.96437 14 1.0
110.7 45.01439 14 1.0
110.8 45.06441 14 1.0
110.9 45.11442 14 1.0
111.0 45.16444 14 1.0
111.1 45.21446 14 1.0
111.2 45.26447 14 1.0
111.3 45.31449 14 1.0
111.4 45.36451 14 1.0
111.5 45.41452 14 1.0
111.6 45.46454 14 1.0
111.7 45.51456 14 1.0
111.8 45.56457 14 1.0
111.9 45.61459 14 1.0
112.0 45.6646 14 1.0
112.1 45.71462 14 1.0
112.2 45.76464 14 1.0
112.3 45.81465 14 1.0
112.4 45.86467 14 1.0
112.5 45.91469 14 1.0
112.6 45.9647 14 1.0
112.7 46.01472 14 1.0
112.8 46.06474 14 1.0
112.9 46.11475 14 1.0
113.0 46.16477 14 1.0
113.1 46.21479 14 1.0
113.2 46.2648 14 1.0
113.3 46.31482 14 1.0
113.4 46.36484 14 1.0
113.5 46.41485 14 1.0
113.6 46.46487 14 1.0
113.7 46.51488 14 1.0
113.8 46.5649 14 1.0
113.9 46.61492 14 1.0
114.0 46.66493 14 1.0
114.1 46.71495 14 1.0
114.2 46.76497 14 1.0
114.3 46.81498 14 1.0
114.4 46.865 14 1.0
114.5 46.91502 14 1.0
114.6 46.96503 14 1.0
114.7 47.01505 14 1.0
114.8 47.06507 14 1.0
114.9 47.11508 14 1.0
115.0 47.1651 14 1.0
115.1 47.21512 14 1.0
115.2 47.26513 14 1.0
115.3 47.31515 14 1.0
115.4 47.36516 14 1.0
115.5 47.41518 14 1.0
115.6 47.4652 14 1.0
115.7 47.51521 14 1.0
115.8 47.56523 14 1.0
115.9 47.42977 14 1.0
116.0 46.75754 14 1.0
116.1 46.08382 14 1.0
116.2 45.4086 14 1.0
116.3 44.73187 14 1.0
116.4 44.05365 14 1.0
116.5 43.37393 14 1.0
116.6 42.69271 14 1.0
116.7 42.00999 14 1.0
116.8 41.32577 14 1.0
116.9 40.64005 14 1.0
117.0 39.95283 14 1.0
117.1 39.26411 14 1.0
117.2 38.57389 14 1.0
117.3 37.88217 14 1.0
117.4 37.18895 14 1.0
117.5 36.49424 14 1.0
117.6 35.79802 14 1.0
117.7 35.1003 14 1.0
117.8 34.40109 14 1.0
117.9 33.70037 14 1.0
118.0 32.99816 14 1.0
118.1 32.29444 14 1.0
118.2 31.58923 14 1.0
118.3 30.88251 14 1.0
118.4 30.1743 14 1.0
118.5 29.46458 14 1.0
118.6 28.75337 14 1.0
118.7 28.04066 14 1.0
118.8 27.32645 14 1.0
118.9 26.61073 14 1.0
119.0 25.89352 14 1.0
119.1 25.17481 14 1.0
119.2 24.4546 14 1.0
119.3 23.73289 14 1.0
119.4 23.00968 14 1.0
119.5 22.28497 14 1.0
119.6 21.55876 14 1.0
119.7 20.83105 14 1.0
119.8 20.10184 14 1.0
119.9 19.37114 14 1.0
120.0 18.65407 14 1.0
120.1 17.93561 14 1.0
120.2 17.21575 14 1.0
120.3 16.4945 14 1.0
120.4 15.77185 14 1.0
120.5 15.0478 14 1.0
120.6 14.32235 14 1.0
120.7 13.59551 14 1.0
120.8 12.86727 14 1.0
120.9 12.13764 14 1.0
121.0 11.4066 14 1.0
121.1 10.67417 14 1.0
121.2 9.940345 14 1.0
121.3 9.205121 14 1.0
121.4 8.4685 14 1.0
121.5 7.730482 14 1.0
121.6 6.991067 14 1.0
121.7 6.250255 14 1.0
121.8 5.508046 14 1.0
121.9 4.764441 14 1.0
122.0 4.019438 14 1.0
122.1 0.0 15 0.0
122.2 0.0 15 0.0
122.3 0.0 15 0.0
122.4 0.0 15 0.0
122.5 0.0 15 0.0
122.6 0.0 15 0.0
122.7 0.0 15 0.0
122.8 0.0 15 0.0
122.9 0.0 15 0.0
123.0 0.0 15 0.0
123.1 0.0 15 0.0
123.2 0.0 15 0.0
123.3 0.0 15 0.0
123.4 0.0 15 0.0
123.5 0.0 15 0.0
123.6 0.0 15 0.0
123.7 0.0 15 0.0
123.8 0.0 15 0.0
123.9 0.0 15 0.0
124.0 0.0 15 0.0
124.1 0.0 15 0.0
124.2 0.0 15 0.0
124.3 0.0 15 0.0
124.4 0.0 15 0.0
124.5 0.0 15 0.0
124.6 0.0 15 0.0
124.7 0.0 15 0.0
124.8 0.0 15 0.0
124.9 0.0 15 0.0
125.0 0.0 15 0.0
125.1 0.0 15 0.0
125.2 0.0 15 0.0
125.3 0.0 15 0.0
125.4 0.0 15 0.0
125.5 0.0 15 0.0
125.6 0.0 15 0.0
125.7 0.0 15 0.0
125.8 0.0 15 0.0
125.9 0.0 15 0.0
126.0 0.0 15 0.0
126.1 0.0 15 0.0
126.2 0.0 15 0.0
126.3 0.0 15 0.0
126.4 0.0 15 0.0
126.5 0.0 15 0.0
126.6 0.0 15 0.0
126.7 0.0 15 0.0
126.8 0.0 15 0.0
126.9 0.0 15 0.0
127.0 0.0 15 0.0
127.1 0.0 15 0.0
127.2 0.0 15 0.0
127.3 0.0 15 0.0
127.4 0.0 15 0.0
127.5 0.0 15 0.0
127.6 0.0 15 0.0
127.7 0.0 15 0.0
127.8 0.0 15 0.0
127.9 0.0 15 0.0
128.0 0.0 15 0.0
128.1 0.0 15 0.0
128.2 0.0 15 0.0
128.3 0.0 15 0.0
128.4 0.0 15 0.0
128.5 0.0 15 0.0
128.6 0.0 15 0.0
128.7 0.0 15 0.0
128.8 0.0 15 0.0
128.9 0.0 15 0.0
129.0 0.0 15 0.0
129.1 0.0 15 0.0
129.2 0.0 15 0.0
129.3 0.0 15 0.0
129.4 0.0 15 0.0
129.5 0.0 15 0.0
129.6 0.0 15 0.0
129.7 0.0 15 0.0
129.8 0.0 15 0.0
129.9 0.0 15 0.0
130.0 0.0 15 0.0
130.1 0.0 15 0.0
130.2 0.0 15 0.0
130.3 0.0 15 0.0
130.4 0.0 15 0.0
130.5 0.0 15 0.0
130.6 0.0 15 0.0
130.7 0.0 15 0.0
130.8 0.0 15 0.0
130.9 0.0 15 0.0
131.0 0.0 15 0.0
131.1 0.0 15 0.0
131.2 0.0 15 0.0
131.3 0.0 15 0.0
131.4 0.0 15 0.0
131.5 0.0 15 0.0
131.6 0.0 15 0.0
131.7 0.0 15 0.0
131.8 0.0 15 0.0
131.9 0.0 15 0.0
132.0 0.0 15 0.0
132.1 0.0 15 0.0
132.2 0.0 15 0.0
132.3 0.0 15 0.0
132.4 0.0 15 0.0
132.5 0.0 15 0.0
132.6 0.0 15 0.0
132.7 0.0 15 0.0
132.8 0.0 15 0.0
132.9 0.0 15 0.0
133.0 0.0 15 0.0
133.1 0.0 15 0.0
133.2 0.0 15 0.0
133.3 0.0 15 0.0
133.4 0.0 15 0.0
133.5 0.0 15 0.0
133.6 0.0 15 0.0
133.7 0.0 15 0.0
133.8 0.0 15 0.0
133.9 0.0 15 0.0
134.0 0.0 15 0.0
134.1 0.0 15 0.0
134.2 0.0 15 0.0
134.3 0.0 15 0.0
134.4 0.0 15 0.0
134.5 0.0 15 0.0
134.6 0.0 15 0.0
134.7 0.0 15 0.0
134.8 0.0 15 0.0
134.9 0.0 15 0.0
135.0 0.0 15 0.0
135.1 0.0 15 0.0
135.2 0.0 15 0.0
135.3 0.0 15 0.0
135.4 0.0 15 0.0
135.5 0.0 15 0.0
135.6 0.0 15 0.0
135.7 0.0 15 0.0
135.8 0.0 15 0.0
135.9 0.0 15 0.0
136.0 0.0 15 0.0
136.1 0.0 15 0.0
136.2 0.0 15 0.0
136.3 0.0 15 0.0
136.4 0.0 15 0.0
136.5 0.0 15 0.0
136.6 0.0 15 0.0
136.7 0.0 15 0.0
136.8 0.0 15 0.0
136.9 0.0 15 0.0
137.0 0.0 15 0.0
137.1 0.0 15 0.0
137.2 0.0 15 0.0
137.3 0.0 15 0.0
137.4 0.0 15 0.0
137.5 0.0 15 0.0
137.6 0.0 15 0.0
137.7 0.0 15 0.0
137.8 0.0 15 0.0
137.9 0.0 15 0.0
138.0 0.0 15 0.0
138.1 0.0 15 0.0
138.2 0.0 15 0.0
138.3 0.0 15 0.0
138.4 0.0 15 0.0
138.5 0.0 15 0.0
138.6 0.0 15 0.0
138.7 0.0 15 0.0
138.8 0.0 15 0.0
138.9 0.0 15 0.0
139.0 0.0 15 0.0
139.1 0.0 15 0.0
139.2 0.0 15 0.0
139.3 0.0 15 0.0
139.4 0.0 15 0.0
139.5 0.0 15 0.0
139.6 0.0 15 0.0
139.7 0.0 15 0.0
139.8 0.0 15 0.0
139.9 0.0 15 0.0
140.0 0.0 15 0.0
140.1 0.0 15 0.0
140.2 0.0 15 0.0
140.3 0.0 15 0.0
140.4 0.0 15 0.0
140.5 0.0 15 0.0
140.6 0.0 15 0.0
140.7 0.0 15 0.0
140.8 0.0 15 0.0
140.9 0.0 15 0.0
141.0 0.0 15 0.0
141.1 0.0 15 0.0
141.2 0.0 15 0.0
141.3 0.0 15 0.0
141.4 0.0 15 0.0
141.5 0.0 15 0.0
141.6 0.0 15 0.0
141.7 0.0 15 0.0
141.8 0.0 15 0.0
141.9 0.0 15 0.0
142.0 0.0 15 0.0
142.1 0.0 15 0.0
142.2 0.0 15 0.0
142.3 0.0 15 0.0
142.4 0.0 15 0.0
142.5 0.0 15 0.0
142.6 0.0 15 0.0
142.7 0.0 15 0.0
142.8 0.0 15 0.0
142.9 0.0 15 0.0
143.0 0.0 15 0.0
143.1 0.0 15 0.0
143.2 0.0 15 0.0
143.3 0.0 15 0.0
143.4 0.0 15 0.0
143.5 0.0 15 0.0
143.6 0.0 15 0.0
143.7 0.0 15 0.0
143.8 0.0 15 0.0
143.9 0.0 15 0.0
144.0 0.0 15 0.0
144.1 0.0 15 0.0
144.2 0.0 15 0.0
144.3 0.0 15 0.0
144.4 0.0 15 0.0
144.5 0.0 15 0.0
144.6 0.0 15 0.0
144.7 0.0 15 0.0
144.8 0.0 15 0.0
144.9 0.0 15 0.0
145.0 0.0 15 0.0
145.1 0.0 15 0.0
145.2 0.0 15 0.0
145.3 0.0 15 0.0
145.4 0.0 15 0.0
145.5 0.0 15 0.0
145.6 0.0 15 0.0
145.7 0.0 15 0.0
145.8 0.0 15 0.0
145.9 0.0 15 0.0
146.0 0.0 15 0.0
146.1 0.0 15 0.0
146.2 0.0 15 0.0
146.3 0.0 15 0.0
146.4 0.0 15 0.0
146.5 0.0 15 0.0
146.6 0.0 15 0.0
146.7 0.0 15 0.0
146.8 0.0 15 0.0
146.9 0.0 15 0.0
147.0 0.0 15 0.0
147.1 0.0 15 0.0
147.2 0.0 15 0.0
147.3 0.0 15 0.0
147.4 0.0 15 0.0
147.5 0.0 15 0.0
147.6 0.0 15 0.0
147.7 0.0 15 0.0
147.8 0.0 15 0.0
147.9 0.0 15 0.0
148.0 0.0 15 0.0
148.1 0.0 15 0.0
148.2 0.0 15 0.0
148.3 0.0 15 0.0
148.4 0.0 15 0.0
148.5 0.0 15 0.0
148.6 0.0 15 0.0
148.7 0.0 15 0.0
148.8 0.0 15 0.0
148.9 0.0 15 0.0
149.0 0.0 15 0.0
149.1 0.0 15 0.0
149.2 0.0 15 0.0
149.3 0.0 15 0.0
149.4 0.0 15 0.0
149.5 0.0 15 0.0
149.6 0.0 15 0.0
149.7 0.0 15 0.0
149.8 0.0 15 0.0
149.9 0.0 15 0.0
150.0 0.0 15 0.0
150.1 0.0 15 0.0
150.2 0.0 15 0.0
150.3 0.0 15 0.0
150.4 0.0 15 0.0
150.5 0.0 15 0.0
150.6 0.0 15 0.0
150.7 0.0 15 0.0
150.8 0.0 15 0.0
150.9 0.0 15 0.0
151.0 0.0 15 0.0
151.1 0.0 15 0.0
151.2 0.0 15 0.0
151.3 0.0 15 0.0
151.4 0.0 15 0.0
151.5 0.0 15 0.0
151.6 0.0 15 0.0
151.7 0.0 15 0.0
151.8 0.0 15 0.0
151.9 0.0 15 0.0
152.0 0.0 15 0.0
152.1 0.0 15 0.0
152.2 0.0 15 0.0
152.3 0.0 15 0.0
152.4 0.0 15 0.0
152.5 0.0 15 0.0
152.6 0.0 15 0.0
152.7 0.0 15 0.0
152.8 0.0 15 0.0
152.9 0.0 15 0.0
153.0 0.0 15 0.0
153.1 0.0 15 0.0
153.2 0.0 15 0.0
153.3 0.0 15 0.0
153.4 0.0 15 0.0
153.5 0.0 15 0.0
153.6 0.0 15 0.0
153.7 0.0 15 0.0
153.8 0.0 15 0.0
153.9 0.0 15 0.0
154.0 0.0 15 0.0
154.1 0.0 15 0.0
154.2 0.0 15 0.0
154.3 0.0 15 0.0
154.4 0.0 15 0.0
154.5 0.0 15 0.0
154.6 0.0 15 0.0
154.7 0.0 15 0.0
154.8 0.0 15 0.0
154.9 0.0 15 0.0
155.0 0.0 15 0.0
155.1 0.0 15 0.0
155.2 0.0 15 0.0
155.3 0.0 15 0.0
155.4 0.0 15 0.0
155.5 0.0 15 0.0
155.6 0.0 15 0.0
155.7 0.0 15 0.0
155.8 0.0 15 0.0
155.9 0.0 15 0.0
156.0 0.0 15 0.0
156.1 0.0 15 0.0
156.2 0.0 15 0.0
156.3 0.0 15 0.0
156.4 0.0 15 0.0
156.5 0.0 15 0.0
156.6 0.0 15 0.0
156.7 0.0 15 0.0
156.8 0.0 15 0.0
156.9 0.0 15 0.0
157.0 0.0 15 0.0
157.1 0.0 15 0.0
157.2 0.0 15 0.0
157.3 0.0 15 0.0
157.4 0.0 15 0.0
157.5 0.0 15 0.0
157.6 0.0 15 0.0
157.7 0.0 15 0.0
157.8 0.0 15 0.0
157.9 0.0 15 0.0
158.0 0.0 15 0.0
158.1 0.0 15 0.0
158.2 0.0 15 0.0
158.3 0.0 15 0.0
158.4 0.0 15 0.0
158.5 0.0 15 0.0
158.6 0.0 15 0.0
158.7 0.0 15 0.0
158.8 0.0 15 0.0
158.9 0.0 15 0.0
159.0 0.0 15 0.0
159.1 0.0 15 0.0
159.2 0.0 15 0.0
159.3 0.0 15 0.0
159.4 0.0 15 0.0
159.5 0.0 15 0.0
159.6 0.0 15 0.0
159.7 0.0 15 0.0
159.8 0.0 15 0.0
159.9 0.0 15 0.0
160.0 0.0 15 0.0
160.1 0.0 15 0.0
160.2 0.0 15 0.0
160.3 0.0 15 0.0
160.4 0.0 15 0.0
160.5 0.0 15 0.0
160.6 0.0 15 0.0
160.7 0.0 15 0.0
160.8 0.0 15 0.0
160.9 0.0 15 0.0
161.0 0.0 15 0.0
161.1 0.0 15 0.0
161.2 0.0 15 0.0
161.3 0.0 15 0.0
161.4 0.0 15 0.0
161.5 0.0 15 0.0
161.6 0.0 15 0.0
161.7 0.0 15 0.0
161.8 0.0 15 0.0
161.9 0.0 15 0.0
162.0 0.0 15 0.0
162.1 0.0 15 0.0
162.2 0.0 15 0.0
162.3 0.0 15 0.0
162.4 0.0 15 0.0
162.5 0.0 15 0.0
162.6 0.0 15 0.0
162.7 0.0 15 0.0
162.8 0.0 15 0.0
162.9 0.0 15 0.0
163.0 0.0 15 0.0
163.1 0.0 15 0.0
163.2 0.0 15 0.0
163.3 0.0 15 0.0
163.4 0.0 15 0.0
163.5 0.0 15 0.0
163.6 0.0 15 0.0
163.7 0.0 15 0.0
163.8 0.0 15 0.0
163.9 0.0 15 0.0
164.0 0.0 15 0.0
164.1 0.0 15 0.0
164.2 0.0 15 0.0
164.3 0.0 15 0.0
164.4 0.0 15 0.0
164.5 0.0 15 0.0
164.6 0.0 15 0.0
164.7 0.0 15 0.0
164.8 0.0 15 0.0
164.9 0.0 15 0.0
165.0 0.0 15 0.0
165.1 0.0 15 0.0
165.2 0.0 15 0.0
165.3 0.0 15 0.0
165.4 0.0 15 0.0
165.5 0.0 15 0.0
165.6 0.0 15 0.0
165.7 0.0 15 0.0
165.8 0.0 15 0.0
165.9 0.0 15 0.0
166.0 0.0 15 0.0
166.1 0.0 15 0.0
166.2 0.0 15 0.0
166.3 0.0 15 0.0
166.4 0.0 15 0.0
166.5 0.0 15 0.0
166.6 0.0 15 0.0
166.7 0.0 15 0.0
166.8 0.0 15 0.0
166.9 0.0 15 0.0
167.0 0.0 15 0.0
167.1 0.0 15 0.0
167.2 0.0 15 0.0
167.3 0.0 15 0.0
167.4 0.0 15 0.0
167.5 0.0 15 0.0
167.6 0.0 15 0.0
167.7 0.0 15 0.0
167.8 0.0 15 0.0
167.9 0.0 15 0.0
168.0 0.0 15 0.0
168.1 0.0 15 0.0
168.2 0.0 15 0.0
168.3 0.0 15 0.0
168.4 0.0 15 0.0
168.5 0.0 15 0.0
168.6 0.0 15 0.0
168.7 0.0 15 0.0
168.8 0.0 15 0.0
168.9 0.0 15 0.0
169.0 0.0 15 0.0
169.1 0.0 15 0.0
169.2 0.0 15 0.0
169.3 0.0 15 0.0
169.4 0.0 15 0.0
169.5 0.0 15 0.0
169.6 0.0 15 0.0
169.7 0.0 15 0.0
169.8 0.0 15 0.0
169.9 0.0 15 0.0
170.0 0.0 15 0.0
170.1 0.0 15 0.0
170.2 0.0 15 0.0
170.3 0.0 15 0.0
170.4 0.0 15 0.0
170.5 0.0 15 0.0
170.6 0.0 15 0.0
170.7 0.0 15 0.0
170.8 0.0 15 0.0
170.9 0.0 15 0.0
171.0 0.0 15 0.0
171.1 0.0 15 0.0
171.2 0.0 15 0.0
171.3 0.0 15 0.0
171.4 0.0 15 0.0
171.5 0.0 15 0.0
171.6 0.0 15 0.0
171.7 0.0 15 0.0
171.8 0.0 15 0.0
171.9 0.0 15 0.0
172.0 0.0 15 0.0
172.1 0.0 15 0.0
172.2 0.0 15 0.0
172.3 0.0 15 0.0
172.4 0.0 15 0.0
172.5 0.0 15 0.0
172.6 0.0 15 0.0
172.7 0.0 15 0.0
172.8 0.0 15 0.0
172.9 0.0 15 0.0
173.0 0.0 15 0.0
173.1 0.0 15 0.0
173.2 0.0 15 0.0
173.3 0.0 15 0.0
173.4 0.0 15 0.0
173.5 0.0 15 0.0
173.6 0.0 15 0.0
173.7 0.0 15 0.0
173.8 0.0 15 0.0
173.9 0.0 15 0.0
174.0 0.0 15 0.0
174.1 0.0 15 0.0
174.2 0.0 15 0.0
174.3 0.0 15 0.0
174.4 0.0 15 0.0
174.5 0.0 15 0.0
174.6 0.0 15 0.0
174.7 0.0 15 0.0
174.8 0.0 15 0.0
174.9 0.0 15 0.0
175.0 0.0 15 0.0
175.1 0.0 15 0.0
175.2 0.0 15 0.0
175.3 0.0 15 0.0
175.4 0.0 15 0.0
175.5 0.0 15 0.0
175.6 0.0 15 0.0
175.7 0.0 15 0.0
175.8 0.0 15 0.0
175.9 0.0 15 0.0
176.0 0.0 15 0.0
176.1 0.0 15 0.0
176.2 0.0 15 0.0
176.3 0.0 15 0.0
176.4 0.0 15 0.0
176.5 0.0 15 0.0
176.6 0.0 15 0.0
176.7 0.0 15 0.0
176.8 0.0 15 0.0
176.9 0.0 15 0.0
177.0 0.0 15 0.0
177.1 0.0 15 0.0
177.2 0.0 15 0.0
177.3 0.0 15 0.0
177.4 0.0 15 0.0
177.5 0.0 15 0.0
177.6 0.0 15 0.0
177.7 0.0 15 0.0
177.8 0.0 15 0.0
177.9 0.0 15 0.0
178.0 0.0 15 0.0
178.1 0.0 15 0.0
178.2 0.0 15 0.0
178.3 0.0 15 0.0
178.4 0.0 15 0.0
178.5 0.0 15 0.0
178.6 0.0 15 0.0
178.7 0.0 15 0.0
178.8 0.0 15 0.0
178.9 0.0 15 0.0
179.0 0.0 15 0.0
179.1 0.0 15 0.0
179.2 0.0 15 0.0
179.3 0.0 15 0.0
179.4 0.0 15 0.0
179.5 0.0 15 0.0
179.6 0.0 15 0.0
179.7 0.0 15 0.0
179.8 0.0 15 0.0
179.9 0.0 15 0.0
180.0 0.0 15 0.0
180.1 0.0 15 0.0
180.2 0.0 15 0.0
180.3 0.0 15 0.0
180.4 0.0 15 0.0
180.5 0.0 15 0.0
180.6 0.0 15 0.0
180.7 0.0 15 0.0
180.8 0.0 15 0.0
180.9 0.0 15 0.0
181.0 0.0 15 0.0
181.1 0.0 15 0.0
181.2 0.0 15 0.0
181.3 0.0 15 0.0
181.4 0.0 15 0.0
181.5 0.0 15 0.0
181.6 0.0 15 0.0
181.7 0.0 15 0.0
181.8 0.0 15 0.0
181.9 0.0 15 0.0
182.0 0.0 15 0.0
182.1 0.0 15 0.0
182.2 0.0 15 0.0
182.3 0.0 15 0.0
182.4 0.0 15 0.0
182.5 0.0 15 0.0
182.6 0.0 15 0.0
182.7 0.0 15 0.0
182.8 0.0 15 0.0
182.9 0.0 15 0.0
183.0 0.0 15 0.0
183.1 0.0 15 0.0
183.2 0.0 15 0.0
183.3 0.0 15 0.0
183.4 0.0 15 0.0
183.5 0.0 15 0.0
183.6 0.0 15 0.0
183.7 0.0 15 0.0
183.8 0.0 15 0.0
183.9 0.0 15 0.0
184.0 0.0 15 0.0
184.1 0.0 15 0.0
184.2 0.0 15 0.0
184.3 0.0 15 0.0
184.4 0.0 15 0.0
184.5 0.0 15 0.0
184.6 0.0 15 0.0
184.7 0.0 15 0.0
184.8 0.0 15 0.0
184.9 0.0 15 0.0
185.0 0.0 15 0.0
185.1 0.0 15 0.0
185.2 0.0 15 0.0
185.3 0.0 15 0.0
185.4 0.0 15 0.0
185.5 0.0 15 0.0
185.6 0.0 15 0.0
185.7 0.0 15 0.0
185.8 0.0 15 0.0
185.9 0.0 15 0.0
186.0 0.0 15 0.0
186.1 0.0 15 0.0
186.2 0.0 15 0.0
186.3 0.0 15 0.0
186.4 0.0 15 0.0
186.5 0.0 15 0.0
186.6 0.0 15 0.0
186.7 0.0 15 0.0
186.8 0.0 15 0.0
186.9 0.0 15 0.0
187.0 0.0 15 0.0
187.1 0.0 15 0.0
187.2 0.0 15 0.0
187.3 0.0 15 0.0
187.4 0.0 15 0.0
187.5 0.0 15 0.0
187.6 0.0 15 0.0
187.7 0.0 15 0.0
187.8 0.0 15 0.0
187.9 0.0 15 0.0
188.0 0.0 15 0.0
188.1 0.0 15 0.0
188.2 0.0 15 0.0
188.3 0.0 15 0.0
188.4 0.0 15 0.0
188.5 0.0 15 0.0
188.6 0.0 15 0.0
188.7 0.0 15 0.0
188.8 0.0 15 0.0
188.9 0.0 15 0.0
189.0 0.0 15 0.0
189.1 0.0 15 0.0
189.2 0.0 15 0.0
189.3 0.0 15 0.0
189.4 0.0 15 0.0
189.5 0.0 15 0.0
189.6 0.0 15 0.0
189.7 0.0 15 0.0
189.8 0.0 15 0.0
189.9 0.0 15 0.0
190.0 0.0 15 0.0
190.1 0.0 15 0.0
190.2 0.0 15 0.0
190.3 0.0 15 0.0
190.4 0.0 15 0.0
190.5 0.0 15 0.0
190.6 0.0 15 0.0
190.7 0.0 15 0.0
190.8 0.0 15 0.0
190.9 0.0 15 0.0
191.0 0.0 15 0.0
191.1 0.0 15 0.0
191.2 0.0 15 0.0
191.3 0.0 15 0.0
191.4 0.0 15 0.0
191.5 0.0 15 0.0
191.6 0.0 15 0.0
191.7 0.0 15 0.0
191.8 0.0 15 0.0
191.9 0.0 15 0.0
192.0 0.0 15 0.0
192.1 0.0 15 0.0
192.2 0.0 15 0.0
192.3 0.0 15 0.0
192.4 0.0 15 0.0
192.5 0.0 15 0.0
192.6 0.0 15 0.0
192.7 0.0 15 0.0
192.8 0.0 15 0.0
192.9 0.0 15 0.0
193.0 0.0 15 0.0
193.1 0.0 15 0.0
193.2 0.0 15 0.0
193.3 0.0 15 0.0
193.4 0.0 15 0.0
193.5 0.0 15 0.0
193.6 0.0 15 0.0
193.7 0.0 15 0.0
193.8 0.0 15 0.0
193.9 0.0 15 0.0
194.0 0.0 15 0.0
194.1 0.0 15 0.0
194.2 0.0 15 0.0
194.3 0.0 15 0.0
194.4 0.0 15 0.0
194.5 0.0 15 0.0
194.6 0.0 15 0.0
194.7 0.0 15 0.0
194.8 0.0 15 0.0
194.9 0.0 15 0.0
195.0 0.0 15 0.0
195.1 0.0 15 0.0
195.2 0.0 15 0.0
195.3 0.0 15 0.0
195.4 0.0 15 0.0
195.5 0.0 15 0.0
195.6 0.0 15 0.0
195.7 0.0 15 0.0
195.8 0.0 15 0.0
195.9 0.0 15 0.0
196.0 0.0 15 0.0
196.1 0.0 15 0.0
196.2 0.0 15 0.0
196.3 0.0 15 0.0
196.4 0.0 15 0.0
196.5 0.0 15 0.0
196.6 0.0 15 0.0
196.7 0.0 15 0.0
196.8 0.0 15 0.0
196.9 0.0 15 0.0
197.0 0.0 15 0.0
197.1 0.0 15 0.0
197.2 0.0 15 0.0
197.3 0.0 15 0.0
197.4 0.0 15 0.0
197.5 0.0 15 0.0
197.6 0.0 15 0.0
197.7 0.0 15 0.0
197.8 0.0 15 0.0
197.9 0.0 15 0.0
198.0 0.0 15 0.0
198.1 0.0 15 0.0
198.2 0.0 15 0.0
198.3 0.0 15 0.0
198.4 0.0 15 0.0
198.5 0.0 15 0.0
198.6 0.0 15 0.0
198.7 0.0 15 0.0
198.8 0.0 15 0.0
198.9 0.0 15 0.0
199.0 0.0 15 0.0
199.1 0.0 15 0.0
199.2 0.0 15 0.0
199.3 0.0 15 0.0
199.4 0.0 15 0.0
199.5 0.0 15 0.0
199.6 0.0 15 0.0
199.7 0.0 15 0.0
199.8 0.0 15 0.0
199.9 0.0 15 0.0
200.0 0.0 15 0.0
200.1 0.0 15 0.0
200.2 0.0 15 0.0
200.3 0.0 15 0.0
200.4 0.0 15 0.0
200.5 0.0 15 0.0
200.6 0.0 15 0.0
200.7 0.0 15 0.0
200.8 0.0 15 0.0
200.9 0.0 15 0.0
201.0 0.0 15 0.0
201.1 0.0 15 0.0
201.2 0.0 15 0.0
201.3 0.0 15 0.0
201.4 0.0 15 0.0
201.5 0.0 15 0.0
201.6 0.0 15 0.0
201.7 0.0 15 0.0
201.8 0.0 15 0.0
201.9 0.0 15 0.0
202.0 0.0 15 0.0
202.1 0.0 15 0.0
202.2 0.0 15 0.0
202.3 0.0 15 0.0
202.4 0.0 15 0.0
202.5 0.0 15 0.0
202.6 0.0 15 0.0
202.7 0.0 15 0.0
202.8 0.0 15 0.0
202.9 0.0 15 0.0
203.0 0.0 15 0.0
203.1 0.0 15 0.0
203.2 0.0 15 0.0
203.3 0.0 15 0.0
203.4 0.0 15 0.0
203.5 0.0 15 0.0
203.6 0.0 15 0.0
203.7 0.0 15 0.0
203.8 0.0 15 0.0
203.9 0.0 15 0.0
204.0 0.0 15 0.0
204.1 0.0 15 0.0
204.2 0.0 15 0.0
204.3 0.0 15 0.0
204.4 0.0 15 0.0
204.5 0.0 15 0.0
204.6 0.0 15 0.0
204.7 0.0 15 0.0
204.8 0.0 15 0.0
204.9 0.0 15 0.0
205.0 0.0 15 0.0
205.1 0.0 15 0.0
205.2 0.0 15 0.0
205.3 0.0 15 0.0
205.4 0.0 15 0.0
205.5 0.0 15 0.0
205.6 0.0 15 0.0
205.7 0.0 15 0.0
205.8 0.0 15 0.0
205.9 0.0 15 0.0
206.0 0.0 15 0.0
206.1 0.0 15 0.0
206.2 0.0 15 0.0
206.3 0.0 15 0.0
206.4 0.0 15 0.0
206.5 0.0 15 0.0
206.6 0.0 15 0.0
206.7 0.0 15 0.0
206.8 0.0 15 0.0
206.9 0.0 15 0.0
207.0 0.0 15 0.0
207.1 0.0 15 0.0
207.2 0.0 15 0.0
207.3 0.0 15 0.0
207.4 0.0 15 0.0
207.5 0.0 15 0.0
207.6 0.0 15 0.0
207.7 0.0 15 0.0
207.8 0.0 15 0.0
207.9 0.0 15 0.0
208.0 0.0 15 0.0
208.1 0.0 15 0.0
208.2 0.0 15 0.0
208.3 0.0 15 0.0
208.4 0.0 15 0.0
208.5 0.0 15 0.0
208.6 0.0 15 0.0
208.7 0.0 15 0.0
208.8 0.0 15 0.0
208.9 0.0 15 0.0
209.0 0.0 15 0.0
209.1 0.0 15 0.0
209.2 0.0 15 0.0
209.3 0.0 15 0.0
209.4 0.0 15 0.0
209.5 0.0 15 0.0
209.6 0.0 15 0.0
209.7 0.0 15 0.0
209.8 0.0 15 0.0
209.9 0.0 15 0.0
210.0 0.0 15 0.0
210.1 0.0 15 0.0
210.2 0.0 15 0.0
210.3 0.0 15 0.0
210.4 0.0 15 0.0
210.5 0.0 15 0.0
210.6 0.0 15 0.0
210.7 0.0 15 0.0
210.8 0.0 15 0.0
210.9 0.0 15 0.0
211.0 0.0 15 0.0
211.1 0.0 15 0.0
211.2 0.0 15 0.0
211.3 0.0 15 0.0
211.4 0.0 15 0.0
211.5 0.0 15 0.0
211.6 0.0 15 0.0
211.7 0.0 15 0.0
211.8 0.0 15 0.0
211.9 0.0 15 0.0
212.0 0.0 15 0.0
212.1 0.0 15 0.0
212.2 0.0 15 0.0
212.3 0.0 15 0.0
212.4 0.0 15 0.0
212.5 0.0 15 0.0
212.6 0.0 15 0.0
212.7 0.0 15 0.0
212.8 0.0 15 0.0
212.9 0.0 15 0.0
213.0 0.0 15 0.0
213.1 0.0 15 0.0
213.2 0.0 15 0.0
213.3 0.0 15 0.0
213.4 0.0 15 0.0
213.5 0.0 15 0.0
213.6 0.0 15 0.0
213.7 0.0 15 0.0
213.8 0.0 15 0.0
213.9 0.0 15 0.0
214.0 0.0 15 0.0
214.1 0.0 15 0.0
214.2 0.0 15 0.0
214.3 0.0 15 0.0
214.4 0.0 15 0.0
214.5 0.0 15 0.0
214.6 0.0 15 0.0
214.7 0.0 15 0.0
214.8 0.0 15 0.0
214.9 0.0 15 0.0
215.0 0.0 15 0.0
215.1 0.0 15 0.0
215.2 0.0 15 0.0
215.3 0.0 15 0.0
215.4 0.0 15 0.0
215.5 0.0 15 0.0
215.6 0.0 15 0.0
215.7 0.0 15 0.0
215.8 0.0 15 0.0
215.9 0.0 15 0.0
216.0 0.0 15 0.0
216.1 0.0 15 0.0
216.2 0.0 15 0.0
216.3 0.0 15 0.0
216.4 0.0 15 0.0
216.5 0.0 15 0.0
216.6 0.0 15 0.0
216.7 0.0 15 0.0
216.8 0.0 15 0.0
216.9 0.0 15 0.0
217.0 0.0 15 0.0
217.1 0.0 15 0.0
217.2 0.0 15 0.0
217.3 0.0 15 0.0
217.4 0.0 15 0.0
217.5 0.0 15 0.0
217.6 0.0 15 0.0
217.7 0.0 15 0.0
217.8 0.0 15 0.0
217.9 0.0 15 0.0
218.0 0.0 15 0.0
218.1 0.0 15 0.0
218.2 0.0 15 0.0
218.3 0.0 15 0.0
218.4 0.0 15 0.0
218.5 0.0 15 0.0
218.6 0.0 15 0.0
218.7 0.0 15 0.0
218.8 0.0 15 0.0
218.9 0.0 15 0.0
219.0 0.0 15 0.0
219.1 0.0 15 0.0
219.2 0.0 15 0.0
219.3 0.0 15 0.0
219.4 0.0 15 0.0
219.5 0.0 15 0.0
219.6 0.0 15 0.0
219.7 0.0 15 0.0
219.8 0.0 15 0.0
219.9 0.0 15 0.0
220.0 0.0 15 0.0
220.1 0.0 15 0.0
220.2 0.0 15 0.0
220.3 0.0 15 0.0
220.4 0.0 15 0.0
220.5 0.0 15 0.0
220.6 0.0 15 0.0
220.7 0.0 15 0.0
220.8 0.0 15 0.0
220.9 0.0 15 0.0
221.0 0.0 15 0.0
221.1 0.0 15 0.0
221.2 0.0 15 0.0
221.3 0.0 15 0.0
221.4 0.0 15 0.0
221.5 0.0 15 0.0
221.6 0.0 15 0.0
221.7 0.0 15 0.0
221.8 0.0 15 0.0
221.9 0.0 15 0.0
222.0 0.0 15 0.0
222.1 0.0 15 0.0
222.2 0.0 15 0.0
222.3 0.0 15 0.0
222.4 0.0 15 0.0
222.5 0.0 15 0.0
222.6 0.0 15 0.0
222.7 0.0 15 0.0
222.8 0.0 15 0.0
222.9 0.0 15 0.0
223.0 0.0 15 0.0
223.1 0.0 15 0.0
223.2 0.0 15 0.0
223.3 0.0 15 0.0
223.4 0.0 15 0.0
223.5 0.0 15 0.0
223.6 0.0 15 0.0
223.7 0.0 15 0.0
223.8 0.0 15 0.0
223.9 0.0 15 0.0
224.0 0.0 15 0.0
224.1 0.0 15 0.0
224.2 0.0 15 0.0
224.3 0.0 15 0.0
224.4 0.0 15 0.0
224.5 0.0 15 0.0
224.6 0.0 15 0.0
224.7 0.0 15 0.0
224.8 0.0 15 0.0
224.8 0.0 15 0.0
224.9 0.0 15 0.0
225.0 0.0 15 0.0
225.1 0.0 15 0.0
225.2 0.0 15 0.0
225.3 0.0 15 0.0
225.4 0.0 15 0.0
225.5 0.0 15 0.0
225.6 0.0 15 0.0
225.7 0.0 15 0.0
225.8 0.0 15 0.0
225.9 0.0 15 0.0
226.0 0.0 15 0.0
226.1 0.0 15 0.0
226.2 0.0 15 0.0
226.3 0.0 15 0.0
226.4 0.0 15 0.0
226.5 0.0 15 0.0
226.6 0.0 15 0.0
226.7 0.0 15 0.0
226.8 0.0 15 0.0
226.9 0.0 15 0.0
227.0 0.0 15 0.0
227.1 0.0 15 0.0
227.2 0.0 15 0.0
227.3 0.0 15 0.0
227.4 0.0 15 0.0
227.5 0.0 15 0.0
227.6 0.0 15 0.0
227.7 0.0 15 0.0
227.8 0.0 15 0.0
227.9 0.0 15 0.0
228.0 0.0 15 0.0
228.1 0.0 15 0.0
228.2 0.0 15 0.0
228.3 0.0 15 0.0
228.4 0.0 15 0.0
228.5 0.0 15 0.0
228.6 0.0 15 0.0
228.7 0.0 15 0.0
228.8 0.0 15 0.0
228.9 0.0 15 0.0
229.0 0.0 15 0.0
229.1 0.0 15 0.0
229.2 0.0 15 0.0
229.3 0.0 15 0.0
229.4 0.0 15 0.0
229.5 0.0 15 0.0
229.6 0.0 15 0.0
229.7 0.0 15 0.0
229.8 0.0 15 0.0
229.9 0.0 15 0.0
230.0 0.0 15 0.0
230.1 0.0 15 0.0
230.2 0.0 15 0.0
230.3 0.0 15 0.0
230.4 0.0 15 0.0
230.5 0.0 15 0.0
230.6 0.0 15 0.0
230.7 0.0 15 0.0
230.8 0.0 15 0.0
230.9 0.0 15 0.0
231.0 0.0 15 0.0
231.1 0.0 15 0.0
231.2 0.0 15 0.0
231.3 0.0 15 0.0
231.4 0.0 15 0.0
231.5 0.0 15 0.0
231.6 0.0 15 0.0
231.7 0.0 15 0.0
231.8 0.0 15 0.0
231.9 0.0 15 0.0
232.0 0.0 15 0.0
232.1 0.0 15 0.0
232.2 0.0 15 0.0
232.3 0.0 15 0.0
232.4 0.0 15 0.0
232.5 0.0 15 0.0
232.6 0.0 15 0.0
232.7 0.0 15 0.0
232.8 0.0 15 0.0
232.9 0.0 15 0.0
233.0 0.0 15 0.0
233.1 0.0 15 0.0
233.2 0.0 15 0.0
233.3 0.0 15 0.0
233.4 0.0 15 0.0
233.5 0.0 15 0.0
233.6 0.0 15 0.0
233.7 0.0 15 0.0
233.8 0.0 15 0.0
233.9 0.0 15 0.0
234.0 0.0 15 0.0
234.1 0.0 15 0.0
234.2 0.0 15 0.0
234.3 0.0 15 0.0
234.4 0.0 15 0.0
234.5 0.0 15 0.0
234.6 0.0 15 0.0
234.7 0.0 15 0.0
234.8 0.0 15 0.0
234.9 0.0 15 0.0
235.0 0.0 15 0.0
235.1 0.0 15 0.0
235.2 0.0 15 0.0
235.3 0.0 15 0.0
235.4 0.0 15 0.0
235.5 0.0 15 0.0
235.6 0.0 15 0.0
235.7 0.0 15 0.0
235.8 0.0 15 0.0
235.9 0.0 15 0.0
236.0 0.0 15 0.0
236.1 0.0 15 0.0
236.2 0.0 15 0.0
236.3 0.0 15 0.0
236.4 0.0 15 0.0
236.5 0.0 15 0.0
236.6 0.0 15 0.0
236.7 0.0 15 0.0
236.8 0.0 15 0.0
236.9 0.0 15 0.0
237.0 0.0 15 0.0
237.1 0.0 15 0.0
237.2 0.0 15 0.0
237.3 168.6873 14 1.0
237.4 168.7557 14 1.0
237.5 168.8241 14 1.0
237.6 168.8926 14 1.0
237.7 168.961 14 1.0
237.8 169.0295 14 1.0
237.9 169.0979 14 1.0
238.0 169.1664 14 1.0
238.1 169.2348 14 1.0
238.2 169.3032 14 1.0
238.3 169.3717 14 1.0
238.4 169.4401 14 1.0
238.5 169.5086 14 1.0
238.6 169.577 14 1.0
238.7 169.6455 14 1.0
238.8 169.7139 14 1.0
238.9 169.7823 14 1.0
239.0 169.8508 14 1.0
239.1 169.9192 14 1.0
239.2 169.9877 14 1.0
239.3 170.0561 14 1.0
239.4 170.1246 14 1.0
239.5 170.193 14 1.0
239.6 170.2614 14 1.0
239.7 170.3299 14 1.0
239.8 170.3983 14 1.0
239.9 170.4668 14 1.0
240.0 170.5352 14 1.0
240.1 170.6037 14 1.0
240.2 170.6721 14 1.0
240.3 170.7405 14 1.0
240.4 170.809 14 1.0
240.5 170.8774 14 1.0
240.6 170.9459 14 1.0
240.7 171.0143 14 1.0
240.8 171.0828 14 1.0
240.9 171.1512 14 1.0
241.0 171.2196 14 1.0
241.1 171.2881 14 1.0
241.2 171.3565 14 1.0
241.3 171.425 14 1.0
241.4 171.4934 14 1.0
241.5 171.5619 14 1.0
241.6 171.6303 14 1.0
241.7 171.6987 14 1.0
241.8 171.7672 14 1.0
241.9 171.8356 14 1.0
242.0 171.9041 14 1.0
242.1 171.9725 14 1.0
242.2 172.041 14 1.0
242.3 172.1094 14 1.0
242.4 172.1778 14 1.0
242.5 172.2463 14 1.0
242.6 172.3147 14 1.0
242.7 172.3832 14 1.0
242.8 172.4516 14 1.0
242.9 172.5201 14 1.0
243.0 172.5885 14 1.0
243.1 172.6569 14 1.0
243.2 172.7254 14 1.0
243.3 172.7938 14 1.0
243.4 172.8623 14 1.0
243.5 172.9307 14 1.0
243.6 172.9992 14 1.0
243.7 173.0676 14 1.0
243.8 173.136 14 1.0
243.9 173.2045 14 1.0
244.0 173.2729 14 1.0
244.1 173.3414 14 1.0
244.2 173.4098 14 1.0
244.3 173.4783 14 1.0
244.4 173.5467 14 1.0
244.5 173.6151 14 1.0
244.6 173.6836 14 1.0
244.7 173.752 14 1.0
244.8 173.8205 14 1.0
244.9 173.8889 14 1.0
245.0 173.9574 14 1.0
245.1 174.0258 14 1.0
245.2 174.0942 14 1.0
245.3 174.1627 14 1.0
245.4 174.2311 14 1.0
245.5 174.2996 14 1.0
245.6 174.368 14 1.0
245.7 174.4365 14 1.0
245.8 174.5049 14 1.0
245.9 174.5733 14 1.0
246.0 174.6418 14 1.0
246.1 174.7102 14 1.0
246.2 174.7787 14 1.0
246.3 174.8471 14 1.0
246.4 174.9156 14 1.0
246.5 174.984 14 1.0
246.6 175.0524 14 1.0
246.7 175.1209 14 1.0
246.8 175.1893 14 1.0
246.9 175.2578 14 1.0
247.0 175.3262 14 1.0
247.1 175.3947 14 1.0
247.2 175.4631 14 1.0
247.3 175.5315 14 1.0
247.4 175.6 14 1.0
247.5 175.6684 14 1.0
247.6 175.7369 14 1.0
247.7 175.8053 14 1.0
247.8 175.8737 14 1.0
247.9 175.9422 14 1.0
248.0 176.0106 14 1.0
248.1 176.0791 14 1.0
248.2 176.1475 14 1.0
248.3 176.216 14 1.0
248.4 176.2844 14 1.0
248.5 176.3528 14 1.0
248.6 176.4213 14 1.0
248.7 176.4897 14 1.0
248.8 176.5582 14 1.0
248.9 176.6266 14 1.0
249.0 176.6951 14 1.0
249.1 176.7635 14 1.0
249.2 176.8319 14 1.0
249.3 176.9004 14 1.0
249.4 176.9688 14 1.0
249.5 177.0373 14 1.0
249.6 177.1057 14 1.0
249.7 177.1742 14 1.0
249.8 177.2426 14 1.0
249.9 177.3063 14 1.0
250.0 177.3699 14 1.0
250.1 177.4336 14 1.0
250.2 177.4972 14 1.0
250.3 177.5609 14 1.0
250.4 177.6246 14 1.0
250.5 177.6882 14 1.0
250.6 177.7519 14 1.0
250.7 177.8155 14 1.0
250.8 177.8792 14 1.0
250.9 177.9428 14 1.0
251.0 178.0065 14 1.0
251.1 178.0702 14 1.0
251.2 178.1338 14 1.0
251.3 178.1975 14 1.0
251.4 178.2611 14 1.0
251.5 178.3248 14 1.0
251.6 178.3884 14 1.0
251.7 178.4521 14 1.0
251.8 178.5158 14 1.0
251.9 178.5794 14 1.0
252.0 178.6431 14 1.0
252.1 178.7067 14 1.0
252.2 178.7704 14 1.0
252.3 178.834 14 1.0
252.4 178.8977 14 1.0
252.5 178.9614 14 1.0
252.6 179.025 14 1.0
252.7 179.0887 14 1.0
252.8 179.1523 14 1.0
252.9 179.216 14 1.0
253.0 179.2797 14 1.0
253.1 179.3433 14 1.0
253.2 179.407 14 1.0
253.3 179.4706 14 1.0
253.4 179.5343 14 1.0
253.5 179.5979 14 1.0
253.6 179.6616 14 1.0
253.7 179.7253 14 1.0
253.8 179.7889 14 1.0
253.9 179.8526 14 1.0
254.0 179.9162 14 1.0
254.1 179.9799 14 1.0
254.2 180.0435 14 1.0
254.3 180.1072 14 1.0
254.4 180.1709 14 1.0
254.5 180.2345 14 1.0
254.6 180.2982 14 1.0
254.7 180.3618 14 1.0
254.8 180.4255 14 1.0
254.9 180.4891 14 1.0
255.0 180.5528 14 1.0
255.1 180.6165 14 1.0
255.2 180.6801 14 1.0
255.3 180.7438 14 1.0
255.4 180.8074 14 1.0
255.5 180.8711 14 1.0
255.6 180.9348 14 1.0
255.7 180.9984 14 1.0
255.8 181.0621 14 1.0
255.9 181.1257 14 1.0
256.0 181.1894 14 1.0
256.1 181.253 14 1.0
256.2 181.3167 14 1.0
256.3 181.3804 14 1.0
256.4 181.444 14 1.0
256.5 181.5077 14 1.0
256.6 181.5713 14 1.0
256.7 181.635 14 1.0
256.8 181.6986 14 1.0
256.9 181.7623 14 1.0
257.0 181.826 14 1.0
257.1 181.8896 14 1.0
257.2 181.9533 14 1.0
257.3 182.0169 14 1.0
257.4 182.0806 14 1.0
257.5 182.1443 14 1.0
257.6 182.2079 14 1.0
257.7 182.2716 14 1.0
257.8 182.3352 14 1.0
257.9 182.3989 14 1.0
258.0 182.4625 14 1.0
258.1 182.5262 14 1.0
258.2 182.5899 14 1.0
258.3 182.6535 14 1.0
258.4 182.7172 14 1.0
258.5 182.7808 14 1.0
258.6 182.8445 14 1.0
258.7 182.9081 14 1.0
258.8 182.9718 14 1.0
258.9 183.0355 14 1.0
259.0 183.0991 14 1.0
259.1 183.1628 14 1.0
259.2 183.2264 14 1.0
259.3 183.2901 14 1.0
259.4 183.3537 14 1.0
259.5 183.4174 14 1.0
259.6 183.4811 14 1.0
259.7 183.5447 14 1.0
259.8 183.6084 14 1.0
259.9 183.672 14 1.0
260.0 183.7357 14 1.0
260.1 183.7994 14 1.0
260.2 183.863 14 1.0
260.3 183.9267 14 1.0
260.4 183.9903 14 1.0
260.5 184.054 14 1.0
260.6 184.1176 14 1.0
260.7 184.1813 14 1.0
260.8 184.245 14 1.0
260.9 184.3086 14 1.0
261.0 184.3723 14 1.0
261.1 184.4359 14 1.0
261.2 184.4996 14 1.0
261.3 184.5632 14 1.0
261.4 184.6269 14 1.0
261.5 184.6906 14 1.0
261.6 184.7542 14 1.0
261.7 184.8179 14 1.0
261.8 184.8815 14 1.0
261.9 184.9452 14 1.0
262.0 185.0088 14 1.0
262.1 185.0725 14 1.0
262.2 185.1362 14 1.0
262.3 185.1998 14 1.0
262.4 185.2635 14 1.0
262.5 185.3271 14 1.0
262.6 185.3908 14 1.0
262.7 185.4545 14 1.0
262.8 185.5181 14 1.0
262.9 185.5818 14 1.0
263.0 185.6454 14 1.0
263.1 185.7091 14 1.0
263.2 185.7727 14 1.0
263.3 185.8364 14 1.0
263.4 185.9001 14 1.0
263.5 185.9637 14 1.0
263.6 186.0274 14 1.0
263.7 186.091 14 1.0
263.8 186.1547 14 1.0
263.9 186.2183 14 1.0
264.0 186.282 14 1.0
264.1 186.3457 14 1.0
264.2 186.4093 14 1.0
264.3 186.473 14 1.0
264.4 186.5366 14 1.0
264.5 186.6003 14 1.0
264.6 186.664 14 1.0
264.7 186.7276 14 1.0
264.8 186.7913 14 1.0
264.9 186.8549 14 1.0
265.0 186.9186 14 1.0
265.1 186.9822 14 1.0
265.2 187.0459 14 1.0
265.3 187.1096 14 1.0
265.4 187.1732 14 1.0
265.5 187.2369 14 1.0
265.6 187.3005 14 1.0
265.7 187.3642 14 1.0
265.8 187.4278 14 1.0
265.9 187.4915 14 1.0
266.0 187.5552 14 1.0
266.1 187.6188 14 1.0
266.2 187.6825 14 1.0
266.3 187.7461 14 1.0
266.4 187.8098 14 1.0
266.5 187.8734 14 1.0
266.6 187.9371 14 1.0
266.7 188.0008 14 1.0
266.8 188.0644 14 1.0
266.9 188.1281 14 1.0
267.0 188.1917 14 1.0
267.1 188.2554 14 1.0
267.2 188.3191 14 1.0
267.3 188.3827 14 1.0
267.4 188.4464 14 1.0
267.5 188.51 14 1.0
267.6 188.5737 14 1.0
267.7 188.6373 14 1.0
267.8 188.701 14 1.0
267.9 188.7647 14 1.0
268.0 188.8283 14 1.0
268.1 188.892 14 1.0
268.2 188.9556 14 1.0
268.3 189.0193 14 1.0
268.4 189.0829 14 1.0
268.5 189.1466 14 1.0
268.6 189.2103 14 1.0
268.7 189.2739 14 1.0
268.8 189.3376 14 1.0
268.9 189.4012 14 1.0
269.0 189.4649 14 1.0
269.1 189.5285 14 1.0
269.2 189.5922 14 1.0
269.3 189.6559 14 1.0
269.4 189.7195 14 1.0
269.5 189.7832 14 1.0
269.6 189.8468 14 1.0
269.7 189.9105 14 1.0
269.8 189.9742 14 1.0
269.9 190.0378 14 1.0
270.0 190.1015 14 1.0
270.1 190.1651 14 1.0
270.2 190.2288 14 1.0
270.3 190.2924 14 1.0
270.4 190.3561 14 1.0
270.5 190.4198 14 1.0
270.6 190.4834 14 1.0
270.7 190.5471 14 1.0
270.8 190.6107 14 1.0
270.9 190.6744 14 1.0
271.0 190.738 14 1.0
271.1 190.8017 14 1.0
271.2 190.8654 14 1.0
271.3 190.929 14 1.0
271.4 190.9927 14 1.0
271.5 191.0563 14 1.0
271.6 191.12 14 1.0
271.7 191.1836 14 1.0
271.8 191.2473 14 1.0
271.9 191.311 14 1.0
272.0 191.3746 14 1.0
272.1 191.4383 14 1.0
272.2 191.5019 14 1.0
272.3 191.5656 14 1.0
272.4 191.6293 14 1.0
272.5 191.6929 14 1.0
272.6 191.7566 14 1.0
272.7 191.8202 14 1.0
272.8 191.8839 14 1.0
272.9 191.9475 14 1.0
273.0 192.0112 14 1.0
273.1 192.0749 14 1.0
273.2 192.1385 14 1.0
273.3 192.2022 14 1.0
273.4 192.2658 14 1.0
273.5 192.3295 14 1.0
273.6 192.3931 14 1.0
273.7 192.4568 14 1.0
273.8 192.5205 14 1.0
273.9 192.5841 14 1.0
274.0 192.6478 14 1.0
274.1 192.7114 14 1.0
274.2 192.7751 14 1.0
274.3 192.8388 14 1.0
274.4 192.9024 14 1.0
274.5 192.9661 14 1.0
274.6 193.0297 14 1.0
274.7 193.0934 14 1.0
274.8 193.157 14 1.0
274.9 193.2207 14 1.0
275.0 193.2844 14 1.0
275.1 193.348 14 1.0
275.2 193.4117 14 1.0
275.3 193.4753 14 1.0
275.4 193.539 14 1.0
275.5 193.6026 14 1.0
275.6 193.6663 14 1.0
275.7 193.73 14 1.0
275.8 193.7936 14 1.0
275.9 193.8573 14 1.0
276.0 193.9209 14 1.0
276.1 193.9846 14 1.0
276.2 194.0482 14 1.0
276.3 194.1119 14 1.0
276.4 194.1756 14 1.0
276.5 194.2392 14 1.0
276.6 194.3029 14 1.0
276.7 194.3665 14 1.0
276.8 194.4302 14 1.0
276.9 194.4939 14 1.0
277.0 194.5575 14 1.0
277.1 194.6212 14 1.0
277.2 194.6848 14 1.0
277.3 194.7485 14 1.0
277.4 194.8121 14 1.0
277.5 194.8758 14 1.0
277.6 194.9395 14 1.0
277.7 195.0031 14 1.0
277.8 195.0668 14 1.0
277.9 195.1304 14 1.0
278.0 195.1941 14 1.0
278.1 195.2577 14 1.0
278.2 195.3214 14 1.0
278.3 195.3851 14 1.0
278.4 195.4487 14 1.0
278.5 195.5124 14 1.0
278.6 195.576 14 1.0
278.7 195.6397 14 1.0
278.8 195.7033 14 1.0
278.9 195.767 14 1.0
279.0 195.8307 14 1.0
279.1 195.8943 14 1.0
279.2 195.958 14 1.0
279.3 196.0216 14 1.0
279.4 196.0853 14 1.0
279.5 196.149 14 1.0
279.6 196.2126 14 1.0
279.7 196.2763 14 1.0
279.8 196.3399 14 1.0
279.9 196.4036 14 1.0
280.0 196.4672 14 1.0
280.1 196.5309 14 1.0
280.2 196.5946 14 1.0
280.3 196.6582 14 1.0
280.4 196.7219 14 1.0
280.5 196.7855 14 1.0
280.6 196.8492 14 1.0
280.7 196.9128 14 1.0
280.8 196.9765 14 1.0
280.9 197.0402 14 1.0
281.0 197.1038 14 1.0
281.1 197.1675 14 1.0
281.2 197.2311 14 1.0
281.3 197.2948 14 1.0
281.4 197.3585 14 1.0
281.5 197.4221 14 1.0
281.6 197.4858 14 1.0
281.7 197.5494 14 1.0
281.8 197.6131 14 1.0
281.9 197.6767 14 1.0
282.0 197.7404 14 1.0
282.1 197.8041 14 1.0
282.2 197.8677 14 1.0
282.3 197.9314 14 1.0
282.4 197.995 14 1.0
282.5 198.0587 14 1.0
282.6 198.1223 14 1.0
282.7 198.186 14 1.0
282.8 198.2497 14 1.0
282.9 198.3133 14 1.0
283.0 198.377 14 1.0
283.1 198.4406 14 1.0
283.2 198.5043 14 1.0
283.3 198.5679 14 1.0
283.4 198.6316 14 1.0
283.5 198.6953 14 1.0
283.6 198.7589 14 1.0
283.7 198.8226 14 1.0
283.8 198.8862 14 1.0
283.9 198.9499 14 1.0
284.0 199.0136 14 1.0
284.1 199.0772 14 1.0
284.2 199.1409 14 1.0
284.3 199.2045 14 1.0
284.4 199.2682 14 1.0
284.5 199.3318 14 1.0
284.6 199.3955 14 1.0
284.7 199.4592 14 1.0
284.8 199.5228 14 1.0
284.9 199.5865 14 1.0
285.0 199.6501 14 1.0
285.1 199.7138 14 1.0
285.2 199.7774 14 1.0
285.3 199.8411 14 1.0
285.4 199.9048 14 1.0
285.5 199.9684 14 1.0
285.6 200.0321 14 1.0
285.7 200.0957 14 1.0
285.8 200.1594 14 1.0
285.9 200.223 14 1.0
286.0 200.2867 14 1.0
286.1 200.3504 14 1.0
286.2 200.414 14 1.0
286.3 200.4777 14 1.0
286.4 200.5413 14 1.0
286.5 200.605 14 1.0
286.6 200.6687 14 1.0
286.7 200.7323 14 1.0
286.8 200.796 14 1.0
286.9 200.8596 14 1.0
287.0 200.9233 14 1.0
287.1 200.9869 14 1.0
287.2 201.0506 14 1.0
287.3 201.1143 14 1.0
287.4 201.1779 14 1.0
287.5 201.2416 14 1.0
287.6 201.3052 14 1.0
287.7 201.3689 14 1.0
287.8 201.4325 14 1.0
287.9 201.4962 14 1.0
288.0 201.5599 14 1.0
288.1 201.6235 14 1.0
288.2 201.6872 14 1.0
288.3 201.7508 14 1.0
288.4 201.8145 14 1.0
288.5 201.8782 14 1.0
288.6 201.9418 14 1.0
288.7 202.0055 14 1.0
288.8 202.0691 14 1.0
288.9 202.1328 14 1.0
289.0 202.1964 14 1.0
289.1 202.2601 14 1.0
289.2 202.3238 14 1.0
289.3 202.3874 14 1.0
289.4 202.4511 14 1.0
289.5 202.5147 14 1.0
289.6 202.5784 14 1.0
289.7 202.642 14 1.0
289.8 202.7057 14 1.0
289.9 202.7694 14 1.0
290.0 202.833 14 1.0
290.1 202.8967 14 1.0
290.2 202.9603 14 1.0
290.3 203.024 14 1.0
290.4 203.0876 14 1.0
290.5 203.1513 14 1.0
290.6 203.215 14 1.0
290.7 203.2786 14 1.0
290.8 203.3423 14 1.0
290.9 203.4059 14 1.0
291.0 203.4696 14 1.0
291.1 203.5333 14 1.0
291.2 203.5969 14 1.0
291.3 203.6606 14 1.0
291.4 203.7242 14 1.0
291.5 203.7879 14 1.0
291.6 203.8515 14 1.0
291.7 203.9152 14 1.0
291.8 203.9789 14 1.0
291.9 204.0425 14 1.0
292.0 204.1062 14 1.0
292.1 204.1698 14 1.0
292.2 204.2335 14 1.0
292.3 204.2971 14 1.0
292.4 204.3608 14 1.0
292.5 204.4245 14 1.0
292.6 204.4881 14 1.0
292.7 204.5518 14 1.0
292.8 204.6154 14 1.0
292.9 204.6791 14 1.0
293.0 204.7427 14 1.0
293.1 204.8064 14 1.0
293.2 204.8701 14 1.0
293.3 204.9337 14 1.0
293.4 204.9974 14 1.0
293.5 205.061 14 1.0
293.6 205.1247 14 1.0
293.7 205.1884 14 1.0
293.8 205.252 14 1.0
293.9 205.3157 14 1.0
294.0 205.3793 14 1.0
294.1 205.443 14 1.0
294.2 205.5066 14 1.0
294.3 205.5703 14 1.0
294.4 205.634 14 1.0
294.5 205.6976 14 1.0
294.6 205.7613 14 1.0
294.7 205.8249 14 1.0
294.8 205.8886 14 1.0
294.9 205.9522 14 1.0
295.0 206.0159 14 1.0
295.1 206.0796 14 1.0
295.2 206.1432 14 1.0
295.3 206.2069 14 1.0
295.4 206.2705 14 1.0
295.5 206.3342 14 1.0
295.6 206.3978 14 1.0
295.7 206.4615 14 1.0
295.8 206.5252 14 1.0
295.9 206.5888 14 1.0
296.0 206.6525 14 1.0
296.1 206.7161 14 1.0
296.2 206.7798 14 1.0
296.3 206.8435 14 1.0
296.4 206.9071 14 1.0
296.5 206.9708 14 1.0
296.6 207.0344 14 1.0
296.7 207.0981 14 1.0
296.8 207.1617 14 1.0
296.9 207.2254 14 1.0
297.0 207.2891 14 1.0
297.1 207.3527 14 1.0
297.2 207.4164 14 1.0
297.3 207.48 14 1.0
297.4 207.5437 14 1.0
297.5 207.6073 14 1.0
297.6 207.671 14 1.0
297.7 207.7347 14 1.0
297.8 207.7983 14 1.0
297.9 207.862 14 1.0
298.0 207.9256 14 1.0
298.1 207.9893 14 1.0
298.2 208.053 14 1.0
298.3 208.1166 14 1.0
298.4 208.1803 14 1.0
298.5 208.2439 14 1.0
298.6 208.3076 14 1.0
298.7 208.3712 14 1.0
298.8 208.4349 14 1.0
298.9 208.4986 14 1.0
299.0 208.5622 14 1.0
299.1 208.6259 14 1.0
299.2 208.6895 14 1.0
299.3 208.7532 14 1.0
299.4 208.8168 14 1.0
299.5 208.8805 14 1.0
299.6 208.9442 14 1.0
299.7 209.0078 14 1.0
299.8 209.0715 14 1.0
299.9 209.1452 14 1.0
300.0 209.219 14 1.0
300.1 209.2927 14 1.0
300.2 209.3664 14 1.0
300.3 209.4402 14 1.0
300.4 209.5139 14 1.0
300.5 209.5877 14 1.0
300.6 209.6614 14 1.0
300.7 209.7352 14 1.0
300.8 209.8089 14 1.0
300.9 209.8826 14 1.0
301.0 209.9564 14 1.0
301.1 210.0301 14 1.0
301.2 210.1039 14 1.0
301.3 210.1776 14 1.0
301.4 210.2514 14 1.0
301.5 210.3251 14 1.0
301.6 210.3988 14 1.0
301.7 210.4726 14 1.0
301.8 210.5463 14 1.0
301.9 210.6201 14 1.0
302.0 210.6938 14 1.0
302.1 210.7676 14 1.0
302.2 210.8413 14 1.0
302.3 210.915 14 1.0
302.4 210.9888 14 1.0
302.5 211.0625 14 1.0
302.6 211.1363 14 1.0
302.7 211.21 14 1.0
302.8 211.2837 14 1.0
302.9 211.3575 14 1.0
303.0 211.4312 14 1.0
303.1 211.505 14 1.0
303.2 211.5787 14 1.0
303.3 211.6525 14 1.0
303.4 211.7262 14 1.0
303.5 211.7999 14 1.0
303.6 211.8737 14 1.0
303.7 211.9474 14 1.0
303.8 212.0212 14 1.0
303.9 212.0949 14 1.0
304.0 212.1687 14 1.0
304.1 212.2424 14 1.0
304.2 212.3161 14 1.0
304.3 212.3899 14 1.0
304.4 212.4636 14 1.0
304.5 212.5374 14 1.0
304.6 212.6111 14 1.0
304.7 212.6849 14 1.0
304.8 212.7586 14 1.0
304.9 212.8323 14 1.0
305.0 212.9061 14 1.0
305.1 212.9798 14 1.0
305.2 213.0536 14 1.0
305.3 213.1273 14 1.0
305.4 213.2011 14 1.0
305.5 213.2748 14 1.0
305.6 213.3485 14 1.0
305.7 213.4223 14 1.0
305.8 213.496 14 1.0
305.9 213.5698 14 1.0
306.0 213.6435 14 1.0
306.1 213.7173 14 1.0
306.2 213.791 14 1.0
306.3 213.8647 14 1.0
306.4 213.9385 14 1.0
306.5 214.0122 14 1.0
306.6 214.086 14 1.0
306.7 214.1597 14 1.0
306.8 214.2334 14 1.0
306.9 214.3072 14 1.0
307.0 214.3809 14 1.0
307.1 214.4547 14 1.0
307.2 214.5284 14 1.0
307.3 214.6022 14 1.0
307.4 214.6759 14 1.0
307.5 214.7496 14 1.0
307.6 214.8234 14 1.0
307.7 214.8971 14 1.0
307.8 214.9709 14 1.0
307.9 215.0446 14 1.0
308.0 215.1184 14 1.0
308.1 215.1921 14 1.0
308.2 215.2658 14 1.0
308.3 215.3396 14 1.0
308.4 215.4133 14 1.0
308.5 215.4871 14 1.0
308.6 215.5608 14 1.0
308.7 215.6346 14 1.0
308.8 215.7083 14 1.0
308.9 215.782 14 1.0
309.0 215.8558 14 1.0
309.1 215.9295 14 1.0
309.2 216.0033 14 1.0
309.3 216.077 14 1.0
309.4 216.1508 14 1.0
309.5 216.2245 14 1.0
309.6 216.2982 14 1.0
309.7 216.372 14 1.0
309.8 216.4457 14 1.0
309.9 216.5195 14 1.0
310.0 216.5932 14 1.0
310.1 216.6669 14 1.0
310.2 216.7407 14 1.0
310.3 216.8144 14 1.0
310.4 216.8882 14 1.0
310.5 216.9619 14 1.0
310.6 217.0357 14 1.0
310.7 217.1094 14 1.0
310.8 217.1831 14 1.0
310.9 217.2569 14 1.0
311.0 217.3306 14 1.0
311.1 217.4044 14 1.0
311.2 217.4781 14 1.0
311.3 217.5519 14 1.0
311.4 217.6256 14 1.0
311.5 217.6993 14 1.0
311.6 217.7731 14 1.0
311.7 217.8468 14 1.0
311.8 217.9206 14 1.0
311.9 217.9943 14 1.0
312.0 218.0681 14 1.0
312.1 218.1418 14 1.0
312.2 218.2155 14 1.0
312.3 218.2893 14 1.0
312.4 218.363 14 1.0
312.5 218.4368 14 1.0
312.6 218.5105 14 1.0
312.7 218.5843 14 1.0
312.8 218.658 14 1.0
312.9 218.7317 14 1.0
313.0 218.8055 14 1.0
313.1 218.8792 14 1.0
313.2 218.953 14 1.0
313.3 219.0267 14 1.0
313.4 219.1004 14 1.0
313.5 219.1742 14 1.0
313.6 219.2479 14 1.0
313.7 219.3217 14 1.0
313.8 219.3954 14 1.0
313.9 219.4692 14 1.0
314.0 219.5429 14 1.0
314.1 219.6166 14 1.0
314.2 219.6904 14 1.0
314.3 219.7641 14 1.0
314.4 219.8379 14 1.0
314.5 219.9116 14 1.0
314.6 219.9854 14 1.0
314.7 220.0591 14 1.0
314.8 220.1328 14 1.0
314.9 220.2066 14 1.0
315.0 220.2803 14 1.0
315.1 220.3541 14 1.0
315.2 220.4278 14 1.0
315.3 220.5016 14 1.0
315.4 220.5753 14 1.0
315.5 220.649 14 1.0
315.6 220.7228 14 1.0
315.7 220.7965 14 1.0
315.8 220.8703 14 1.0
315.9 220.944 14 1.0
316.0 221.0178 14 1.0
316.1 221.0915 14 1.0
316.2 221.1652 14 1.0
316.3 221.239 14 1.0
316.4 221.3127 14 1.0
316.5 221.3865 14 1.0
316.6 221.4602 14 1.0
316.7 221.534 14 1.0
316.8 221.6077 14 1.0
316.9 221.6814 14 1.0
317.0 221.7552 14 1.0
317.1 221.8289 14 1.0
317.2 221.9027 14 1.0
317.3 221.9764 14 1.0
317.4 222.0501 14 1.0
317.5 222.1239 14 1.0
317.6 222.1976 14 1.0
317.7 222.2714 14 1.0
317.8 222.3451 14 1.0
317.9 222.4189 14 1.0
318.0 222.4926 14 1.0
318.1 222.5663 14 1.0
318.2 222.6401 14 1.0
318.3 222.7138 14 1.0
318.4 222.7876 14 1.0
318.5 222.8613 14 1.0
318.6 222.9351 14 1.0
318.7 223.0088 14 1.0
318.8 223.0825 14 1.0
318.9 223.1563 14 1.0
319.0 223.23 14 1.0
319.1 223.3038 14 1.0
319.2 223.3775 14 1.0
319.3 223.4513 14 1.0
319.4 223.525 14 1.0
319.5 223.5987 14 1.0
319.6 223.6725 14 1.0
319.7 223.7462 14 1.0
319.8 223.82 14 1.0
319.9 223.8937 14 1.0
320.0 223.9675 14 1.0
320.1 224.0412 14 1.0
320.2 224.1149 14 1.0
320.3 224.1887 14 1.0
320.4 224.2624 14 1.0
320.5 224.3362 14 1.0
320.6 224.4099 14 1.0
320.7 224.4836 14 1.0
320.8 224.5574 14 1.0
320.9 224.6311 14 1.0
321.0 224.7049 14 1.0
321.1 224.7786 14 1.0
321.2 224.8524 14 1.0
321.3 224.9261 14 1.0
321.4 224.9998 14 1.0
321.5 225.0736 14 1.0
321.6 225.1473 14 1.0
321.7 225.2211 14 1.0
321.8 225.2948 14 1.0
321.9 225.3686 14 1.0
322.0 225.4423 14 1.0
322.1 225.516 14 1.0
322.2 225.5898 14 1.0
322.3 225.6635 14 1.0
322.4 225.7373 14 1.0
322.5 225.811 14 1.0
322.6 225.8848 14 1.0
322.7 225.9585 14 1.0
322.8 226.0322 14 1.0
322.9 226.106 14 1.0
323.0 226.1797 14 1.0
323.1 226.2535 14 1.0
323.2 226.3272 14 1.0
323.3 226.401 14 1.0
323.4 226.4747 14 1.0
323.5 226.5484 14 1.0
323.6 226.6222 14 1.0
323.7 226.6959 14 1.0
323.8 226.7697 14 1.0
323.9 226.8434 14 1.0
324.0 226.9172 14 1.0
324.1 226.9909 14 1.0
324.2 227.0646 14 1.0
324.3 227.1384 14 1.0
324.4 227.2121 14 1.0
324.5 227.2859 14 1.0
324.6 227.3596 14 1.0
324.7 227.4333 14 1.0
324.8 227.5071 14 1.0
324.9 227.5808 14 1.0
325.0 227.6546 14 1.0
325.1 227.7283 14 1.0
325.2 227.8021 14 1.0
325.3 227.8758 14 1.0
325.4 227.9495 14 1.0
325.5 228.0233 14 1.0
325.6 228.097 14 1.0
325.7 228.1708 14 1.0
325.8 228.2445 14 1.0
325.9 228.3183 14 1.0
326.0 228.392 14 1.0
326.1 228.4657 14 1.0
326.2 228.5395 14 1.0
326.3 228.6132 14 1.0
326.4 228.687 14 1.0
326.5 228.7607 14 1.0
326.6 228.8345 14 1.0
326.7 228.9082 14 1.0
326.8 228.9819 14 1.0
326.9 229.0557 14 1.0
327.0 229.1294 14 1.0
327.1 229.2032 14 1.0
327.2 229.2769 14 1.0
327.3 229.3507 14 1.0
327.4 229.4244 14 1.0
327.5 229.4981 14 1.0
327.6 229.5719 14 1.0
327.7 229.6456 14 1.0
327.8 229.7194 14 1.0
327.9 229.7931 14 1.0
328.0 229.8668 14 1.0
328.1 229.9406 14 1.0
328.2 230.0143 14 1.0
328.3 230.0881 14 1.0
328.4 230.1618 14 1.0
328.5 230.2356 14 1.0
328.6 230.3093 14 1.0
328.7 230.383 14 1.0
328.8 230.4568 14 1.0
328.9 230.5305 14 1.0
329.0 230.6043 14 1.0
329.1 230.678 14 1.0
329.2 230.7518 14 1.0
329.3 230.8255 14 1.0
329.4 230.8992 14 1.0
329.5 230.973 14 1.0
329.6 231.0467 14 1.0
329.7 231.1205 14 1.0
329.8 231.1942 14 1.0
329.9 231.268 14 1.0
330.0 231.3417 14 1.0
330.1 231.4154 14 1.0
330.2 231.4892 14 1.0
330.3 231.5629 14 1.0
330.4 231.6367 14 1.0
330.5 231.7104 14 1.0
330.6 231.7842 14 1.0
330.7 231.8579 14 1.0
330.8 231.9316 14 1.0
330.9 232.0054 14 1.0
331.0 232.0791 14 1.0
331.1 232.1529 14 1.0
331.2 232.2266 14 1.0
331.2 232.3004 14 1.0
331.3 232.3741 14 1.0
331.4 232.4478 14 1.0
331.5 232.5216 14 1.0
331.6 232.5953 14 1.0
331.7 232.6691 14 1.0
331.8 232.7428 14 1.0
331.9 232.8165 14 1.0
332.0 232.8903 14 1.0
332.1 232.964 14 1.0
332.2 233.0378 14 1.0
332.3 233.1115 14 1.0
332.4 233.1853 14 1.0
332.5 233.259 14 1.0
332.6 233.3327 14 1.0
332.7 233.4065 14 1.0
332.8 233.4802 14 1.0
332.9 233.554 14 1.0
333.0 233.6277 14 1.0
333.1 233.7015 14 1.0
333.2 233.7752 14 1.0
333.3 233.8489 14 1.0
333.4 233.9227 14 1.0
333.5 233.9964 14 1.0
333.6 234.0702 14 1.0
333.7 234.1439 14 1.0
333.8 234.2177 14 1.0
333.9 234.2914 14 1.0
334.0 234.3651 14 1.0
334.1 234.4389 14 1.0
334.2 234.5126 14 1.0
334.3 234.5864 14 1.0
334.4 234.6601 14 1.0
334.5 234.7339 14 1.0
334.6 234.8076 14 1.0
334.7 234.8813 14 1.0
334.8 234.9551 14 1.0
334.9 235.0288 14 1.0
335.0 235.1026 14 1.0
335.1 235.1763 14 1.0
335.2 235.25 14 1.0
335.3 235.3238 14 1.0
335.4 235.3975 14 1.0
335.5 235.4713 14 1.0
335.6 235.545 14 1.0
335.7 235.6188 14 1.0
335.8 235.6925 14 1.0
335.9 235.7662 14 1.0
336.0 235.84 14 1.0
336.1 235.9137 14 1.0
336.2 235.9875 14 1.0
336.3 236.0612 14 1.0
336.4 236.135 14 1.0
336.5 236.2087 14 1.0
336.6 236.2824 14 1.0
336.7 236.3562 14 1.0
336.8 236.4299 14 1.0
336.9 236.5037 14 1.0
337.0 236.5774 14 1.0
337.1 236.6512 14 1.0
337.2 236.7249 14 1.0
337.3 236.7986 14 1.0
337.4 236.8724 14 1.0
337.5 236.9461 14 1.0
337.6 237.0199 14 1.0
337.7 237.0936 14 1.0
337.8 237.1674 14 1.0
337.9 237.2411 14 1.0
338.0 237.3148 14 1.0
338.1 237.3886 14 1.0
338.2 237.4623 14 1.0
338.3 237.5361 14 1.0
338.4 237.6098 14 1.0
338.5 237.6836 14 1.0
338.6 237.7573 14 1.0
338.7 237.831 14 1.0
338.8 237.9048 14 1.0
338.9 237.9785 14 1.0
339.0 238.0523 14 1.0
339.1 238.126 14 1.0
339.2 238.1997 14 1.0
339.3 238.2735 14 1.0
339.4 238.3472 14 1.0
339.5 238.421 14 1.0
339.6 238.4947 14 1.0
339.7 238.5685 14 1.0
339.8 238.6422 14 1.0
339.9 238.7159 14 1.0
340.0 238.7897 14 1.0
340.1 238.8634 14 1.0
340.2 238.9372 14 1.0
340.3 239.0109 14 1.0
340.4 239.0847 14 1.0
340.5 239.1584 14 1.0
340.6 239.2321 14 1.0
340.7 239.3059 14 1.0
340.8 239.3796 14 1.0
340.9 239.4534 14 1.0
341.0 239.5271 14 1.0
341.1 239.6009 14 1.0
341.2 239.6746 14 1.0
341.3 239.7483 14 1.0
341.4 239.8221 14 1.0
341.5 239.8958 14 1.0
341.6 239.9696 14 1.0
341.7 240.0433 14 1.0
341.8 240.1171 14 1.0
341.9 240.1908 14 1.0
342.0 240.2645 14 1.0
342.1 240.3383 14 1.0
342.2 240.412 14 1.0
342.3 240.4858 14 1.0
342.4 240.5595 14 1.0
342.5 240.6332 14 1.0
342.6 240.707 14 1.0
342.7 240.7807 14 1.0
342.8 240.8545 14 1.0
342.9 240.9282 14 1.0
343.0 241.002 14 1.0
343.1 241.0757 14 1.0
343.2 241.1494 14 1.0
343.3 241.2232 14 1.0
343.4 241.2969 14 1.0
343.5 241.3707 14 1.0
343.6 241.4444 14 1.0
343.7 241.5182 14 1.0
343.8 241.5919 14 1.0
343.9 241.6656 14 1.0
344.0 241.7394 14 1.0
344.1 241.8131 14 1.0
344.2 241.8869 14 1.0
344.3 241.9606 14 1.0
344.4 242.0344 14 1.0
344.5 242.1081 14 1.0
344.6 242.1818 14 1.0
344.7 242.2556 14 1.0
344.8 242.3293 14 1.0
344.9 242.4031 14 1.0
345.0 242.4768 14 1.0
345.1 242.5506 14 1.0
345.2 242.6243 14 1.0
345.3 242.698 14 1.0
345.4 242.7718 14 1.0
345.5 242.8455 14 1.0
345.6 242.9193 14 1.0
345.7 242.993 14 1.0
345.8 243.0667 14 1.0
345.9 243.1405 14 1.0
346.0 243.2142 14 1.0
346.1 243.288 14 1.0
346.2 243.3617 14 1.0
346.3 243.4355 14 1.0
346.4 243.5092 14 1.0
346.5 243.5829 14 1.0
346.6 243.6567 14 1.0
346.7 243.7304 14 1.0
346.8 243.8042 14 1.0
346.9 243.8779 14 1.0
347.0 243.9517 14 1.0
347.1 244.0254 14 1.0
347.2 244.0991 14 1.0
347.3 244.1729 14 1.0
347.4 244.2466 14 1.0
347.5 244.3204 14 1.0
347.6 244.3941 14 1.0
347.7 244.4679 14 1.0
347.8 244.5416 14 1.0
347.9 244.6153 14 1.0
348.0 244.6891 14 1.0
348.1 244.7628 14 1.0
348.2 244.8366 14 1.0
348.3 244.9103 14 1.0
348.4 244.9841 14 1.0
348.5 245.0578 14 1.0
348.6 245.1315 14 1.0
348.7 245.2053 14 1.0
348.8 245.279 14 1.0
348.9 245.3528 14 1.0
349.0 245.4265 14 1.0
349.1 245.5003 14 1.0
349.2 245.574 14 1.0
349.3 245.6477 14 1.0
349.4 245.7215 14 1.0
349.5 245.7952 14 1.0
349.6 245.869 14 1.0
349.7 245.9427 14 1.0
349.8 246.0194 14 1.0
349.9 246.0961 14 1.0
350.0 246.1728 14 1.0
350.1 246.2495 14 1.0
350.2 246.3262 14 1.0
350.3 246.4029 14 1.0
350.4 246.4797 14 1.0
350.5 246.5564 14 1.0
350.6 246.6331 14 1.0
350.7 246.7098 14 1.0
350.8 246.7865 14 1.0
350.9 246.8632 14 1.0
351.0 246.9399 14 1.0
351.1 247.0166 14 1.0
351.2 247.0933 14 1.0
351.3 247.17 14 1.0
351.4 247.2467 14 1.0
351.5 247.3234 14 1.0
351.6 247.4001 14 1.0
351.7 247.4768 14 1.0
351.8 247.5535 14 1.0
351.9 247.6303 14 1.0
352.0 247.707 14 1.0
352.1 247.7837 14 1.0
352.2 247.8604 14 1.0
352.3 247.9371 14 1.0
352.4 248.0138 14 1.0
352.5 248.0905 14 1.0
352.6 248.1672 14 1.0
352.7 248.2439 14 1.0
352.8 248.3206 14 1.0
352.9 248.3973 14 1.0
353.0 248.474 14 1.0
353.1 248.5507 14 1.0
353.2 248.6274 14 1.0
353.3 248.7041 14 1.0
353.4 248.7809 14 1.0
353.5 248.8576 14 1.0
353.6 248.9343 14 1.0
353.7 249.011 14 1.0
353.8 249.0877 14 1.0
353.9 249.1644 14 1.0
354.0 249.2411 14 1.0
354.1 249.3178 14 1.0
354.2 249.3945 14 1.0
354.3 249.4712 14 1.0
354.4 249.5479 14 1.0
354.5 249.6246 14 1.0
354.6 249.7013 14 1.0
354.7 249.778 14 1.0
354.8 249.8547 14 1.0
354.9 249.9315 14 1.0
355.0 250.0082 14 1.0
355.1 250.0849 14 1.0
355.2 250.1616 14 1.0
355.3 250.2383 14 1.0
355.4 250.315 14 1.0
355.5 250.3917 14 1.0
355.6 250.4684 14 1.0
355.7 250.5451 14 1.0
355.8 250.6218 14 1.0
355.9 250.6985 14 1.0
356.0 250.7752 14 1.0
356.1 250.8519 14 1.0
356.2 250.9286 14 1.0
356.3 251.0053 14 1.0
356.4 251.0821 14 1.0
356.5 251.1588 14 1.0
356.6 251.2355 14 1.0
356.7 251.3122 14 1.0
356.8 251.3889 14 1.0
356.9 251.4656 14 1.0
357.0 251.5423 14 1.0
357.1 251.619 14 1.0
357.2 251.6957 14 1.0
357.3 251.7724 14 1.0
357.4 251.8491 14 1.0
357.5 251.9258 14 1.0
357.6 252.0025 14 1.0
357.7 252.0792 14 1.0
357.8 252.1559 14 1.0
357.9 252.2327 14 1.0
358.0 252.3094 14 1.0
358.1 252.3861 14 1.0
358.2 252.4628 14 1.0
358.3 252.5395 14 1.0
358.4 252.6162 14 1.0
358.5 252.6929 14 1.0
358.6 252.7696 14 1.0
358.7 252.8463 14 1.0
358.8 252.923 14 1.0
358.9 252.9997 14 1.0
359.0 253.0764 14 1.0
359.1 253.1531 14 1.0
359.2 253.2298 14 1.0
359.3 253.3065 14 1.0
359.4 253.3833 14 1.0
359.5 253.46 14 1.0
359.6 253.5367 14 1.0
359.7 253.6134 14 1.0
359.8 253.6901 14 1.0
359.9 253.7668 14 1.0
360.0 253.8435 14 1.0
360.1 253.9202 14 1.0
360.2 253.9969 14 1.0
360.3 254.0736 14 1.0
360.4 254.1503 14 1.0
360.5 254.227 14 1.0
360.6 254.3037 14 1.0
360.7 254.3804 14 1.0
360.8 254.4571 14 1.0
360.9 254.5339 14 1.0
361.0 254.6106 14 1.0
361.1 254.6873 14 1.0
361.2 254.764 14 1.0
361.3 254.8407 14 1.0
361.4 254.9174 14 1.0
361.5 254.9941 14 1.0
361.6 255.0708 14 1.0
361.7 255.1475 14 1.0
361.8 255.2242 14 1.0
361.9 255.3009 14 1.0
362.0 255.3776 14 1.0
362.1 255.4543 14 1.0
362.2 255.531 14 1.0
362.3 255.6077 14 1.0
362.4 255.6845 14 1.0
362.5 255.7612 14 1.0
362.6 255.8379 14 1.0
362.7 255.9146 14 1.0
362.8 255.9913 14 1.0
362.9 256.068 14 1.0
363.0 256.1447 14 1.0
363.1 256.2214 14 1.0
363.2 256.2981 14 1.0
363.3 256.3748 14 1.0
363.4 256.4515 14 1.0
363.5 256.5282 14 1.0
363.6 256.6049 14 1.0
363.7 256.6816 14 1.0
363.8 256.7583 14 1.0
363.9 256.8351 14 1.0
364.0 256.9118 14 1.0
364.1 256.9885 14 1.0
364.2 257.0652 14 1.0
364.3 257.1419 14 1.0
364.4 257.2186 14 1.0
364.5 257.2953 14 1.0
364.6 257.372 14 1.0
364.7 257.4487 14 1.0
364.8 257.5254 14 1.0
364.9 257.6021 14 1.0
365.0 257.6788 14 1.0
365.1 257.7555 14 1.0
365.2 257.8322 14 1.0
365.3 257.9089 14 1.0
365.4 257.9857 14 1.0
365.5 258.0624 14 1.0
365.6 258.1391 14 1.0
365.7 258.2158 14 1.0
365.8 258.2925 14 1.0
365.9 258.3692 14 1.0
366.0 258.4459 14 1.0
366.1 258.5226 14 1.0
366.2 258.5993 14 1.0
366.3 258.676 14 1.0
366.4 258.7527 14 1.0
366.5 258.8294 14 1.0
366.6 258.9061 14 1.0
366.7 258.9828 14 1.0
366.8 259.0595 14 1.0
366.9 259.1363 14 1.0
367.0 259.213 14 1.0
367.1 259.2897 14 1.0
367.2 259.3664 14 1.0
367.3 259.4431 14 1.0
367.4 259.5198 14 1.0
367.5 259.5965 14 1.0
367.6 259.6732 14 1.0
367.7 259.7499 14 1.0
367.8 259.8266 14 1.0
367.9 259.9033 14 1.0
368.0 259.98 14 1.0
368.1 260.0567 14 1.0
368.2 260.1334 14 1.0
368.3 260.2101 14 1.0
368.4 260.2869 14 1.0
368.5 260.3636 14 1.0
368.6 260.4403 14 1.0
368.7 260.517 14 1.0
368.8 260.5937 14 1.0
368.9 260.6704 14 1.0
369.0 260.7471 14 1.0
369.1 260.8238 14 1.0
369.2 260.9005 14 1.0
369.3 260.9772 14 1.0
369.4 261.0539 14 1.0
369.5 261.1306 14 1.0
369.6 261.2073 14 1.0
369.7 261.284 14 1.0
369.8 261.3607 14 1.0
369.9 261.4375 14 1.0
370.0 261.5142 14 1.0
370.1 261.5909 14 1.0
370.2 261.6676 14 1.0
370.3 261.7443 14 1.0
370.4 261.821 14 1.0
370.5 261.8977 14 1.0
370.6 261.9744 14 1.0
370.7 262.0511 14 1.0
370.8 262.1278 14 1.0
370.9 262.2045 14 1.0
371.0 262.2812 14 1.0
371.1 262.3579 14 1.0
371.2 262.4346 14 1.0
371.3 262.5113 14 1.0
371.4 262.5881 14 1.0
371.5 262.6648 14 1.0
371.6 262.7415 14 1.0
371.7 262.8182 14 1.0
371.8 262.8949 14 1.0
371.9 262.9716 14 1.0
372.0 263.0483 14 1.0
372.1 263.125 14 1.0
372.2 263.2017 14 1.0
372.3 263.2784 14 1.0
372.4 263.3551 14 1.0
372.5 263.4318 14 1.0
372.6 263.5085 14 1.0
372.7 263.5852 14 1.0
372.8 263.6619 14 1.0
372.9 263.7387 14 1.0
373.0 263.8154 14 1.0
373.1 263.8921 14 1.0
373.2 263.9688 14 1.0
373.3 264.0455 14 1.0
373.4 264.1222 14 1.0
373.5 264.1989 14 1.0
373.6 264.2756 14 1.0
373.7 264.3523 14 1.0
373.8 264.429 14 1.0
373.9 264.5057 14 1.0
374.0 264.5824 14 1.0
374.1 264.6591 14 1.0
374.2 264.7358 14 1.0
374.3 264.8125 14 1.0
374.4 264.8893 14 1.0
374.5 264.966 14 1.0
374.6 265.0427 14 1.0
374.7 265.1194 14 1.0
374.8 265.1961 14 1.0
374.9 265.2728 14 1.0
375.0 265.3495 14 1.0
375.1 265.4262 14 1.0
375.2 265.5029 14 1.0
375.3 265.5796 14 1.0
375.4 265.6563 14 1.0
375.5 265.733 14 1.0
375.6 265.8097 14 1.0
375.7 265.8864 14 1.0
375.8 265.9631 14 1.0
375.9 266.0399 14 1.0
376.0 266.1166 14 1.0
376.1 266.1933 14 1.0
376.2 266.27 14 1.0
376.3 266.3467 14 1.0
376.4 266.4234 14 1.0
376.5 266.5001 14 1.0
376.6 266.5768 14 1.0
376.7 266.6535 14 1.0
376.8 266.7302 14 1.0
376.9 266.8069 14 1.0
377.0 266.8836 14 1.0
377.1 266.9603 14 1.0
377.2 267.037 14 1.0
377.3 267.1137 14 1.0
377.4 267.1905 14 1.0
377.5 267.2672 14 1.0
377.6 267.3439 14 1.0
377.7 267.4206 14 1.0
377.8 267.4973 14 1.0
377.9 267.574 14 1.0
378.0 267.6507 14 1.0
378.1 267.7274 14 1.0
378.2 267.8041 14 1.0
378.3 267.8808 14 1.0
378.4 267.9575 14 1.0
378.5 268.0342 14 1.0
378.6 268.1109 14 1.0
378.7 268.1876 14 1.0
378.8 268.2643 14 1.0
378.9 268.3411 14 1.0
379.0 268.4178 14 1.0
379.1 268.4945 14 1.0
379.2 268.5712 14 1.0
379.3 268.6479 14 1.0
379.4 268.7246 14 1.0
379.5 268.8013 14 1.0
379.6 268.878 14 1.0
379.7 268.9547 14 1.0
379.8 269.0314 14 1.0
379.9 269.1081 14 1.0
380.0 269.1848 14 1.0
380.1 269.2615 14 1.0
380.2 269.3382 14 1.0
380.3 269.4149 14 1.0
380.4 269.4917 14 1.0
380.5 269.5684 14 1.0
380.6 269.6451 14 1.0
380.7 269.7218 14 1.0
380.8 269.7985 14 1.0
380.9 269.8752 14 1.0
381.0 269.9519 14 1.0
381.1 270.0286 14 1.0
381.2 270.1053 14 1.0
381.3 270.182 14 1.0
381.4 270.2587 14 1.0
381.5 270.3354 14 1.0
381.6 270.4121 14 1.0
381.7 270.4888 14 1.0
381.8 270.5655 14 1.0
381.9 270.6423 14 1.0
382.0 270.719 14 1.0
382.1 270.7957 14 1.0
382.2 270.8724 14 1.0
382.3 270.9491 14 1.0
382.4 271.0258 14 1.0
382.5 271.1025 14 1.0
382.6 271.1792 14 1.0
382.7 271.2559 14 1.0
382.8 271.3326 14 1.0
382.9 271.4093 14 1.0
383.0 271.486 14 1.0
383.1 271.5627 14 1.0
383.2 271.6394 14 1.0
383.3 271.7161 14 1.0
383.4 271.7929 14 1.0
383.5 271.8696 14 1.0
383.6 271.9463 14 1.0
383.7 272.023 14 1.0
383.8 272.0997 14 1.0
383.9 272.1764 14 1.0
384.0 272.2531 14 1.0
384.1 272.3298 14 1.0
384.2 272.4065 14 1.0
384.3 272.4832 14 1.0
384.4 272.5599 14 1.0
384.5 272.6366 14 1.0
384.6 272.7133 14 1.0
384.7 272.79 14 1.0
384.8 272.8667 14 1.0
384.9 272.9435 14 1.0
385.0 273.0202 14 1.0
385.1 273.0969 14 1.0
385.2 273.1736 14 1.0
385.3 273.2503 14 1.0
385.4 273.327 14 1.0
385.5 273.4037 14 1.0
385.6 273.4804 14 1.0
385.7 273.5571 14 1.0
385.8 273.6338 14 1.0
385.9 273.7105 14 1.0
386.0 273.7872 14 1.0
386.1 273.8639 14 1.0
386.2 273.9406 14 1.0
386.3 274.0174 14 1.0
386.4 274.0941 14 1.0
386.5 274.1708 14 1.0
386.6 274.2475 14 1.0
386.7 274.3242 14 1.0
386.8 274.4009 14 1.0
386.9 274.4776 14 1.0
387.0 274.5543 14 1.0
387.1 274.631 14 1.0
387.2 274.7077 14 1.0
387.3 274.7844 14 1.0
387.4 274.8611 14 1.0
387.5 274.9378 14 1.0
387.6 275.0145 14 1.0
387.7 275.0912 14 1.0
387.8 275.168 14 1.0
387.9 275.2447 14 1.0
388.0 275.3214 14 1.0
388.1 275.3981 14 1.0
388.2 275.4748 14 1.0
388.3 275.5515 14 1.0
388.4 275.6282 14 1.0
388.5 275.7049 14 1.0
388.6 275.7816 14 1.0
388.7 275.8583 14 1.0
388.8 275.935 14 1.0
388.9 276.0117 14 1.0
389.0 276.0884 14 1.0
389.1 276.1651 14 1.0
389.2 276.2418 14 1.0
389.3 276.3186 14 1.0
389.4 276.3953 14 1.0
389.5 276.472 14 1.0
389.6 276.5487 14 1.0
389.7 276.6254 14 1.0
389.8 276.7021 14 1.0
389.9 276.7788 14 1.0
390.0 276.8555 14 1.0
390.1 276.9322 14 1.0
390.2 277.0089 14 1.0
390.3 277.0856 14 1.0
390.4 277.1623 14 1.0
390.5 277.239 14 1.0
390.6 277.3157 14 1.0
390.7 277.3924 14 1.0
390.8 277.4692 14 1.0
390.9 277.5459 14 1.0
391.0 277.6226 14 1.0
391.1 277.6993 14 1.0
391.2 277.776 14 1.0
391.3 277.8527 14 1.0
391.4 277.9294 14 1.0
391.5 278.0061 14 1.0
391.6 278.0828 14 1.0
391.7 278.1595 14 1.0
391.8 278.2362 14 1.0
391.9 278.3129 14 1.0
392.0 278.3896 14 1.0
392.1 278.4663 14 1.0
392.2 278.543 14 1.0
392.3 278.6198 14 1.0
392.4 278.6965 14 1.0
392.5 278.7732 14 1.0
392.6 278.8499 14 1.0
392.7 278.9266 14 1.0
392.8 279.0033 14 1.0
392.9 279.08 14 1.0
393.0 279.1567 14 1.0
393.1 279.2334 14 1.0
393.2 279.3101 14 1.0
393.3 279.3868 14 1.0
393.4 279.4635 14 1.0
393.5 279.5402 14 1.0
393.6 279.6169 14 1.0
393.7 279.6936 14 1.0
393.8 279.7704 14 1.0
393.9 279.8471 14 1.0
394.0 279.9238 14 1.0
394.1 280.0005 14 1.0
394.2 280.0772 14 1.0
394.3 280.1539 14 1.0
394.4 280.2306 14 1.0
394.5 280.3073 14 1.0
394.6 280.384 14 1.0
394.7 280.4607 14 1.0
394.8 280.5374 14 1.0
394.9 280.6141 14 1.0
395.0 280.6908 14 1.0
395.1 280.7675 14 1.0
395.2 280.8442 14 1.0
395.3 280.921 14 1.0
395.4 280.9977 14 1.0
395.5 281.0744 14 1.0
395.6 281.1511 14 1.0
395.7 281.2278 14 1.0
395.8 281.3045 14 1.0
395.9 281.3812 14 1.0
396.0 281.4579 14 1.0
396.1 281.5346 14 1.0
396.2 281.6113 14 1.0
396.3 281.688 14 1.0
396.4 281.7647 14 1.0
396.5 281.8414 14 1.0
396.6 281.9181 14 1.0
396.7 281.9948 14 1.0
396.8 282.0716 14 1.0
396.9 282.1483 14 1.0
397.0 282.225 14 1.0
397.1 282.3017 14 1.0
397.2 282.3784 14 1.0
397.3 282.4551 14 1.0
397.4 282.5318 14 1.0
397.5 282.6085 14 1.0
397.6 282.6852 14 1.0
397.7 282.7619 14 1.0
397.8 282.8386 14 1.0
397.9 282.9153 14 1.0
398.0 282.992 14 1.0
398.1 283.0687 14 1.0
398.2 283.1454 14 1.0
398.3 283.2222 14 1.0
398.4 283.2989 14 1.0
398.5 283.3756 14 1.0
398.6 283.4523 14 1.0
398.7 283.529 14 1.0
398.8 283.6057 14 1.0
398.9 283.6824 14 1.0
399.0 283.7591 14 1.0
399.1 283.8358 14 1.0
399.2 283.9125 14 1.0
399.3 283.9892 14 1.0
399.4 284.0659 14 1.0
399.5 284.1426 14 1.0
399.6 284.2193 14 1.0
399.7 284.296 14 1.0
399.8 284.3707 14 1.0
399.9 284.4453 14 1.0
400.0 284.5199 14 1.0
400.1 284.5946 14 1.0
400.2 284.6692 14 1.0
400.3 284.7439 14 1.0
400.4 284.8185 14 1.0
400.5 284.8931 14 1.0
400.6 284.9678 14 1.0
400.7 285.0424 14 1.0
400.8 285.117 14 1.0
400.9 285.1917 14 1.0
401.0 285.2663 14 1.0
401.1 285.3409 14 1.0
401.2 285.4156 14 1.0
401.3 285.4902 14 1.0
401.4 285.5648 14 1.0
401.5 285.6395 14 1.0
401.6 285.7141 14 1.0
401.7 285.7887 14 1.0
401.8 285.8634 14 1.0
401.9 285.938 14 1.0
402.0 286.0126 14 1.0
402.1 286.0873 14 1.0
402.2 286.1619 14 1.0
402.3 286.2365 14 1.0
402.4 286.3112 14 1.0
402.5 286.3858 14 1.0
402.6 286.4604 14 1.0
402.7 286.5351 14 1.0
402.8 286.6097 14 1.0
402.9 286.6843 14 1.0
403.0 286.759 14 1.0
403.1 286.8336 14 1.0
403.2 286.9083 14 1.0
403.3 286.9829 14 1.0
403.4 287.0575 14 1.0
403.5 287.1322 14 1.0
403.6 287.2068 14 1.0
403.7 287.2814 14 1.0
403.8 287.3561 14 1.0
403.9 287.4307 14 1.0
404.0 287.5053 14 1.0
404.1 287.58 14 1.0
404.2 287.6546 14 1.0
404.3 287.7292 14 1.0
404.4 287.8039 14 1.0
404.5 287.8785 14 1.0
404.6 287.9531 14 1.0
404.7 288.0278 14 1.0
404.8 288.1024 14 1.0
404.9 288.177 14 1.0
405.0 288.2517 14 1.0
405.1 288.3263 14 1.0
405.2 288.4009 14 1.0
405.3 288.4756 14 1.0
405.4 288.5502 14 1.0
405.5 288.6248 14 1.0
405.6 288.6995 14 1.0
405.7 288.7741 14 1.0
405.8 288.8487 14 1.0
405.9 288.9234 14 1.0
406.0 288.998 14 1.0
406.1 289.0727 14 1.0
406.2 289.1473 14 1.0
406.3 289.2219 14 1.0
406.4 289.2966 14 1.0
406.5 289.3712 14 1.0
406.6 289.4458 14 1.0
406.7 289.5205 14 1.0
406.8 289.5951 14 1.0
406.9 289.6697 14 1.0
407.0 289.7444 14 1.0
407.1 289.819 14 1.0
407.2 289.8936 14 1.0
407.3 289.9683 14 1.0
407.4 290.0429 14 1.0
407.5 290.1175 14 1.0
407.6 290.1922 14 1.0
407.7 290.2668 14 1.0
407.8 290.3414 14 1.0
407.9 290.4161 14 1.0
408.0 290.4907 14 1.0
408.1 290.5653 14 1.0
408.2 290.64 14 1.0
408.3 290.7146 14 1.0
408.4 290.7892 14 1.0
408.5 290.8639 14 1.0
408.6 290.9385 14 1.0
408.7 291.0131 14 1.0
408.8 291.0878 14 1.0
408.9 291.1624 14 1.0
409.0 291.2371 14 1.0
409.1 291.3117 14 1.0
409.2 291.3863 14 1.0
409.3 291.461 14 1.0
409.4 291.5356 14 1.0
409.5 291.6102 14 1.0
409.6 291.6849 14 1.0
409.7 291.7595 14 1.0
409.8 291.8341 14 1.0
409.9 291.9088 14 1.0
410.0 291.9834 14 1.0
410.1 292.058 14 1.0
410.2 292.1327 14 1.0
410.3 292.2073 14 1.0
410.4 292.2819 14 1.0
410.5 292.3566 14 1.0
410.6 292.4312 14 1.0
410.7 292.5058 14 1.0
410.8 292.5805 14 1.0
410.9 292.6551 14 1.0
411.0 292.7297 14 1.0
411.1 292.8044 14 1.0
411.2 292.879 14 1.0
411.3 292.9536 14 1.0
411.4 293.0283 14 1.0
411.5 293.1029 14 1.0
411.6 293.1776 14 1.0
411.7 293.2522 14 1.0
411.8 293.3268 14 1.0
411.9 293.4015 14 1.0
412.0 293.4761 14 1.0
412.1 293.5507 14 1.0
412.2 293.6254 14 1.0
412.3 293.7 14 1.0
412.4 293.7746 14 1.0
412.5 293.8493 14 1.0
412.6 293.9239 14 1.0
412.7 293.9985 14 1.0
412.8 294.0732 14 1.0
412.9 294.1478 14 1.0
413.0 294.2224 14 1.0
413.1 294.2971 14 1.0
413.2 294.3717 14 1.0
413.3 294.4463 14 1.0
413.4 294.521 14 1.0
413.5 294.5956 14 1.0
413.6 294.6702 14 1.0
413.7 294.7449 14 1.0
413.8 294.8195 14 1.0
413.9 294.8941 14 1.0
414.0 294.9688 14 1.0
414.1 295.0434 14 1.0
414.2 295.118 14 1.0
414.3 295.1927 14 1.0
414.4 295.2673 14 1.0
414.5 295.342 14 1.0
414.6 295.4166 14 1.0
414.7 295.4912 14 1.0
414.8 295.5659 14 1.0
414.9 295.6405 14 1.0
415.0 295.7151 14 1.0
415.1 295.7898 14 1.0
415.2 295.8644 14 1.0
415.3 295.939 14 1.0
415.4 296.0137 14 1.0
415.5 296.0883 14 1.0
415.6 296.1629 14 1.0
415.7 296.2376 14 1.0
415.8 296.3122 14 1.0
415.9 296.3868 14 1.0
416.0 296.4615 14 1.0
416.1 296.5361 14 1.0
416.2 296.6107 14 1.0
416.3 296.6854 14 1.0
416.4 296.76 14 1.0
416.5 296.8346 14 1.0
416.6 296.9093 14 1.0
416.7 296.9839 14 1.0
416.8 297.0585 14 1.0
416.9 297.1332 14 1.0
417.0 297.2078 14 1.0
417.1 297.2824 14 1.0
417.2 297.3571 14 1.0
417.3 297.4317 14 1.0
417.4 297.5064 14 1.0
417.5 297.581 14 1.0
417.6 297.6556 14 1.0
417.7 297.7303 14 1.0
417.8 297.8049 14 1.0
417.9 297.8795 14 1.0
418.0 297.9542 14 1.0
418.1 298.0288 14 1.0
418.2 298.1034 14 1.0
418.3 298.1781 14 1.0
418.4 298.2527 14 1.0
418.5 298.3273 14 1.0
418.6 298.402 14 1.0
418.7 298.4766 14 1.0
418.8 298.5512 14 1.0
418.9 298.6259 14 1.0
419.0 298.7005 14 1.0
419.1 298.7751 14 1.0
419.2 298.8498 14 1.0
419.3 298.9244 14 1.0
419.4 298.999 14 1.0
419.5 299.0737 14 1.0
419.6 299.1483 14 1.0
419.7 299.2229 14 1.0
419.8 299.2976 14 1.0
419.9 299.3722 14 1.0
420.0 299.4468 14 1.0
420.1 299.5215 14 1.0
420.2 299.5961 14 1.0
420.3 299.6708 14 1.0
420.4 299.7454 14 1.0
420.5 299.82 14 1.0
420.6 299.8947 14 1.0
420.7 299.9693 14 1.0
420.8 300.0439 14 1.0
420.9 300.1186 14 1.0
421.0 300.1932 14 1.0
421.1 300.2678 14 1.0
421.2 300.3425 14 1.0
421.3 300.4171 14 1.0
421.4 300.4917 14 1.0
421.5 300.5664 14 1.0
421.6 300.641 14 1.0
421.7 300.7156 14 1.0
421.8 300.7903 14 1.0
421.9 300.8649 14 1.0
422.0 300.9395 14 1.0
422.1 301.0142 14 1.0
422.2 301.0888 14 1.0
422.3 301.1634 14 1.0
422.4 301.2381 14 1.0
422.5 301.3127 14 1.0
422.6 301.3873 14 1.0
422.7 301.462 14 1.0
422.8 301.5366 14 1.0
422.9 301.6112 14 1.0
423.0 301.6859 14 1.0
423.1 301.7605 14 1.0
423.2 301.8352 14 1.0
423.3 301.9098 14 1.0
423.4 301.9844 14 1.0
423.5 302.0591 14 1.0
423.6 302.1337 14 1.0
423.7 302.2083 14 1.0
423.8 302.283 14 1.0
423.9 302.3576 14 1.0
424.0 302.4322 14 1.0
424.1 302.5069 14 1.0
424.2 302.5815 14 1.0
424.3 302.6561 14 1.0
424.4 302.7308 14 1.0
424.5 302.8054 14 1.0
424.6 302.88 14 1.0
424.7 302.9547 14 1.0
424.8 303.0293 14 1.0
424.9 303.1039 14 1.0
425.0 303.1786 14 1.0
425.1 303.2532 14 1.0
425.2 303.3278 14 1.0
425.3 303.4025 14 1.0
425.4 303.4771 14 1.0
425.5 303.5517 14 1.0
425.6 303.6264 14 1.0
425.7 303.701 14 1.0
425.8 303.7756 14 1.0
425.9 303.8503 14 1.0
426.0 303.9249 14 1.0
426.1 303.9996 14 1.0
426.2 304.0742 14 1.0
426.3 304.1488 14 1.0
426.4 304.2235 14 1.0
426.5 304.2981 14 1.0
426.6 304.3727 14 1.0
426.7 304.4474 14 1.0
426.8 304.522 14 1.0
426.9 304.5966 14 1.0
427.0 304.6713 14 1.0
427.1 304.7459 14 1.0
427.2 304.8205 14 1.0
427.3 304.8952 14 1.0
427.4 304.9698 14 1.0
427.5 305.0444 14 1.0
427.6 305.1191 14 1.0
427.7 305.1937 14 1.0
427.8 305.2683 14 1.0
427.9 305.343 14 1.0
428.0 305.4176 14 1.0
428.1 305.4922 14 1.0
428.2 305.5669 14 1.0
428.3 305.6415 14 1.0
428.4 305.7161 14 1.0
428.5 305.7908 14 1.0
428.6 305.8654 14 1.0
428.7 305.94 14 1.0
428.8 306.0147 14 1.0
428.9 306.0893 14 1.0
429.0 306.164 14 1.0
429.1 306.2386 14 1.0
429.2 306.3132 14 1.0
429.3 306.3879 14 1.0
429.4 306.4625 14 1.0
429.5 306.5371 14 1.0
429.6 306.6118 14 1.0
429.7 306.6864 14 1.0
429.8 306.761 14 1.0
429.9 306.8357 14 1.0
430.0 306.9103 14 1.0
430.1 306.9849 14 1.0
430.2 307.0596 14 1.0
430.3 307.1342 14 1.0
430.4 307.2088 14 1.0
430.5 307.2835 14 1.0
430.6 307.3581 14 1.0
430.7 307.4327 14 1.0
430.8 307.5074 14 1.0
430.9 307.582 14 1.0
431.0 307.6566 14 1.0
431.1 307.7313 14 1.0
431.2 307.8059 14 1.0
431.3 307.8805 14 1.0
431.4 307.9552 14 1.0
431.5 308.0298 14 1.0
431.6 308.1044 14 1.0
431.7 308.1791 14 1.0
431.8 308.2537 14 1.0
431.9 308.3284 14 1.0
432.0 308.403 14 1.0
432.1 308.4776 14 1.0
432.2 308.5523 14 1.0
432.3 308.6269 14 1.0
432.4 308.7015 14 1.0
432.5 308.7762 14 1.0
432.6 308.8508 14 1.0
432.7 308.9254 14 1.0
432.8 309.0001 14 1.0
432.9 309.0747 14 1.0
433.0 309.1493 14 1.0
433.1 309.224 14 1.0
433.2 309.2986 14 1.0
433.3 309.3732 14 1.0
433.4 309.4479 14 1.0
433.5 309.5225 14 1.0
433.6 309.5971 14 1.0
433.7 309.6718 14 1.0
433.8 309.7464 14 1.0
433.9 309.821 14 1.0
434.0 309.8957 14 1.0
434.1 309.9703 14 1.0
434.2 310.0449 14 1.0
434.3 310.1196 14 1.0
434.4 310.1942 14 1.0
434.5 310.2689 14 1.0
434.6 310.3435 14 1.0
434.7 310.4181 14 1.0
434.8 310.4928 14 1.0
434.9 310.5674 14 1.0
435.0 310.642 14 1.0
435.1 310.7167 14 1.0
435.2 310.7913 14 1.0
435.3 310.8659 14 1.0
435.4 310.9406 14 1.0
435.5 311.0152 14 1.0
435.6 311.0898 14 1.0
435.7 311.1645 14 1.0
435.8 311.2391 14 1.0
435.9 311.3137 14 1.0
436.0 311.3884 14 1.0
436.1 311.463 14 1.0
436.2 311.5376 14 1.0
436.3 311.6123 14 1.0
436.4 311.6869 14 1.0
436.5 311.7615 14 1.0
436.6 311.8362 14 1.0
436.7 311.9108 14 1.0
436.8 311.9854 14 1.0
436.9 312.0601 14 1.0
437.0 312.1347 14 1.0
437.1 312.2093 14 1.0
437.2 312.284 14 1.0
437.3 312.3586 14 1.0
437.4 312.4333 14 1.0
437.5 312.5079 14 1.0
437.6 312.5825 14 1.0
437.7 312.6572 14 1.0
437.8 312.7318 14 1.0
437.9 312.8064 14 1.0
438.0 312.8811 14 1.0
438.1 312.9557 14 1.0
438.2 313.0303 14 1.0
438.3 313.105 14 1.0
438.4 313.1796 14 1.0
438.5 313.2542 14 1.0
438.6 313.3289 14 1.0
438.7 313.4035 14 1.0
438.8 313.4781 14 1.0
438.9 313.5528 14 1.0
439.0 313.6274 14 1.0
439.1 313.702 14 1.0
439.2 313.7767 14 1.0
439.3 313.8513 14 1.0
439.4 313.9259 14 1.0
439.5 314.0006 14 1.0
439.6 314.0752 14 1.0
439.7 314.1498 14 1.0
439.8 314.2245 14 1.0
439.9 314.2991 14 1.0
440.0 314.3737 14 1.0
440.1 314.4484 14 1.0
440.2 314.523 14 1.0
440.3 314.5977 14 1.0
440.4 314.6723 14 1.0
440.5 314.7469 14 1.0
440.6 314.8216 14 1.0
440.7 314.8962 14 1.0
440.8 314.9708 14 1.0
440.9 315.0455 14 1.0
441.0 315.1201 14 1.0
441.1 315.1947 14 1.0
441.2 315.2694 14 1.0
441.3 315.344 14 1.0
441.4 315.4186 14 1.0
441.5 315.4933 14 1.0
441.6 315.5679 14 1.0
441.7 315.6425 14 1.0
441.8 315.7172 14 1.0
441.9 315.7918 14 1.0
442.0 315.8664 14 1.0
442.1 315.9411 14 1.0
442.2 316.0157 14 1.0
442.3 316.0903 14 1.0
442.4 316.165 14 1.0
442.5 316.2396 14 1.0
442.6 316.3142 14 1.0
442.7 316.3889 14 1.0
442.8 316.4635 14 1.0
442.9 316.5381 14 1.0
443.0 316.6128 14 1.0
443.1 316.6874 14 1.0
443.2 316.7621 14 1.0
443.3 316.8367 14 1.0
443.4 316.9113 14 1.0
443.5 316.986 14 1.0
443.6 317.0606 14 1.0
443.7 317.1352 14 1.0
443.8 317.2099 14 1.0
443.9 317.2845 14 1.0
444.0 317.3591 14 1.0
444.1 317.4338 14 1.0
444.2 317.5084 14 1.0
444.3 317.583 14 1.0
444.4 317.6577 14 1.0
444.5 317.7323 14 1.0
444.6 317.8069 14 1.0
444.7 317.8816 14 1.0
444.8 317.9562 14 1.0
444.9 318.0308 14 1.0
445.0 318.1055 14 1.0
445.1 318.1801 14 1.0
445.2 318.2547 14 1.0
445.3 318.3294 14 1.0
445.4 318.404 14 1.0
445.5 318.4786 14 1.0
445.6 318.5533 14 1.0
445.7 318.6279 14 1.0
445.8 318.7025 14 1.0
445.9 318.7772 14 1.0
446.0 318.8518 14 1.0
446.1 318.9265 14 1.0
446.2 319.0011 14 1.0
446.3 319.0757 14 1.0
446.4 319.1504 14 1.0
446.5 319.225 14 1.0
446.6 319.2996 14 1.0
446.7 319.3743 14 1.0
446.8 319.4489 14 1.0
446.9 319.5235 14 1.0
447.0 319.5982 14 1.0
447.1 319.6728 14 1.0
447.2 319.7474 14 1.0
447.3 319.8221 14 1.0
447.4 319.8967 14 1.0
447.5 319.9713 14 1.0
447.6 320.046 14 1.0
447.7 320.1206 14 1.0
447.8 320.1952 14 1.0
447.9 320.2699 14 1.0
448.0 320.3445 14 1.0
448.1 320.4191 14 1.0
448.2 320.4938 14 1.0
448.3 320.5684 14 1.0
448.4 320.643 14 1.0
448.5 320.7177 14 1.0
448.6 320.7923 14 1.0
448.7 320.8669 14 1.0
448.8 320.9416 14 1.0
448.9 321.0162 14 1.0
449.0 321.0909 14 1.0
449.1 321.1655 14 1.0
449.2 321.2401 14 1.0
449.3 321.3148 14 1.0
449.4 321.3894 14 1.0
449.5 321.464 14 1.0
449.6 321.5387 14 1.0
449.7 321.6133 14 1.0
