15.0 1.322386 13 0.026115109838653505
15.1 1.330053 13 0.026611014804079902
15.2 1.337712 13 0.027099170854727128
15.3 1.345364 13 0.02757875211453431
15.4 1.353009 13 0.028051871083021207
15.5 1.360646 13 0.028521367916402363
15.6 1.368276 13 0.028982145652968083
15.7 1.375899 13 0.029433233034537487
15.8 1.383514 13 0.029888803815651732
15.9 1.391123 13 0.03032985792688969
16.0 1.398724 13 0.030765680479579616
16.1 1.40719 13 0.03128688357573162
16.2 1.415648 13 0.03180509666655773
16.3 1.424097 13 0.0323138924265951
16.4 1.432537 13 0.03281659753448729
16.5 1.440968 13 0.033313250621421764
16.6 1.449391 13 0.0338032283191968
16.7 1.457804 13 0.034291370434483937
16.8 1.466209 13 0.0347695309324445
16.9 1.474606 13 0.03525152738295301
17.0 1.482994 13 0.035716846767832156
17.1 1.491373 13 0.03618016244154576
17.2 1.499743 13 0.03664058234758871
17.3 1.508105 13 0.03709285458621403
17.4 1.516458 13 0.037543464665415804
17.5 1.524803 13 0.037986772304205885
17.6 1.53314 13 0.03842257744281696
17.7 1.541468 13 0.03886289314864544
17.8 1.549787 13 0.03929064846017205
17.9 1.558098 13 0.03971703672467575
18.0 1.566401 13 0.04013941739573512
18.1 1.575637 13 0.04076010190673418
18.2 1.584862 13 0.04138378766636053
18.3 1.594077 13 0.042000750110811835
18.4 1.603282 13 0.04261840751063384
18.5 1.612477 13 0.0432328466526104
18.6 1.621661 13 0.04384313511497928
18.7 1.630836 13 0.04444890154706027
18.8 1.64 13 0.04505593639038519
18.9 1.649154 13 0.04566015625735942
19.0 1.658298 13 0.04626305782515172
19.1 1.667432 13 0.046861159708102784
19.2 1.676556 13 0.04745905879114887
19.3 1.68567 13 0.04805221991740727
19.4 1.694774 13 0.04864574941877209
19.5 1.703868 13 0.04923884674364509
19.6 1.712953 13 0.04982182212914332
19.7 1.722027 13 0.05041025686028444
19.8 1.731092 13 0.050990174378432784
19.9 1.740147 13 0.05157216213263405
20.0 1.749192 13 0.05215041305390433
20.1 1.758678 13 0.05264599164784012
20.2 1.768154 13 0.05313955206869514
20.3 1.777619 13 0.05362557150878322
20.4 1.787073 13 0.054110341629620695
20.5 1.796517 13 0.05459257236135895
20.6 1.80595 13 0.05506517076390027
20.7 1.815373 13 0.055537196703417835
20.8 1.824785 13 0.056004889767025334
20.9 1.834187 13 0.05646698800363714
21.0 1.843579 13 0.0569291011110834
21.1 1.85296 13 0.05738739163952733
21.2 1.862331 13 0.057840748606604264
21.3 1.871692 13 0.05829075253660532
21.4 1.881042 13 0.05873798283232812
21.5 1.890382 13 0.05917941939091986
21.6 1.899712 13 0.05961952620244071
21.7 1.909032 13 0.0600578196400261
21.8 1.918341 13 0.06049098337703851
21.9 1.927641 13 0.06091765295582263
22.0 1.93693 13 0.06134569733611117
22.1 1.945452 13 0.061794349919190306
22.2 1.953964 13 0.062242708369776856
22.3 1.962469 13 0.06268725579249401
22.4 1.970965 13 0.06312912659795922
22.5 1.979452 13 0.06357174519974795
22.6 1.987931 13 0.06400584370446882
22.7 1.996402 13 0.06444487803399557
22.8 19.19333 14 1.0
22.9 19.23883 14 1.0
23.0 19.28433 14 1.0
23.1 19.32983 14 1.0
23.2 19.37532 14 1.0
23.3 19.42082 14 1.0
23.4 19.46632 14 1.0
23.5 19.51182 14 1.0
23.6 19.55732 14 1.0
23.7 19.60282 14 1.0
23.8 19.64832 14 1.0
23.9 19.69381 14 1.0
24.0 19.73931 14 1.0
24.1 19.82245 14 1.0
24.2 19.90559 14 1.0
24.3 19.98873 14 1.0
24.4 20.07187 14 1.0
24.5 20.15501 14 1.0
24.6 20.23815 14 1.0
24.7 20.32129 14 1.0
24.8 20.40443 14 1.0
24.9 20.48757 14 1.0
25.0 20.57071 14 1.0
25.1 5.710429 14 0.2548381373512393
25.2 5.890273 14 0.26271367314072835
25.3 6.072105 14 0.27062699271136004
25.4 6.255925 14 0.2785722577663491
25.5 6.441733 14 0.2865484638140723
25.6 6.62953 14 0.2945604127552002
25.7 6.819314 14 0.3026038160215737
25.8 7.011086 14 0.31067799779749405
25.9 7.204847 14 0.3187828730276183
26.0 7.400595 14 0.3269198348560012
26.1 7.573071 14 0.3344975451461324
26.2 7.74649 14 0.3420888343055982
26.3 7.920852 14 0.3496945802356728
26.4 8.096157 14 0.3573135980911346
26.5 8.272405 14 0.36494739631947093
26.6 8.449595 14 0.37258909259910256
26.7 8.627729 14 0.38024433819049286
26.8 8.806805 14 0.38791363048484284
26.9 8.986824 14 0.3955916598387166
27.0 9.167787 14 0.40328868207946533
27.1 9.349692 14 0.4109945651907093
27.2 9.53254 14 0.41871198454067704
27.3 9.71633 14 0.426444000560961
27.4 9.901064 14 0.43418472336465086
27.5 10.08674 14 0.44193860889062186
27.6 10.27336 14 0.449703280128931
27.7 10.46092 14 0.45748122173555805
27.8 10.64943 14 0.4652727378177526
27.9 10.83888 14 0.4730728033657615
28.0 11.02927 14 0.48088682041143993
28.1 11.24197 14 0.48987215601300105
28.2 11.45556 14 0.4988698243090517
28.3 11.67003 14 0.5078710183315174
28.4 11.88538 14 0.5168880924102123
28.5 12.10161 14 0.5259170174383644
28.6 12.31872 14 0.53495258788908
28.7 12.53671 14 0.5439981954760019
28.8 12.75558 14 0.5530554363887696
28.9 12.97533 14 0.5621215719735287
29.0 13.19596 14 0.5711992597483839
29.1 13.41748 14 0.5802848402067209
29.2 13.63987 14 0.5893818759740159
29.3 13.86315 14 0.5984870492812904
29.4 14.08731 14 0.6076036332095738
29.5 14.31234 14 0.6167298982083982
29.6 14.53826 14 0.6258668073411668
29.7 14.76506 14 0.6350116615501291
29.8 14.99274 14 0.6441658899100369
29.9 15.2213 14 0.6533309649049668
30.0 15.45074 14 0.6625047637768426
30.1 15.68326 14 0.6715869064614015
30.2 15.9168 14 0.6806809600829393
30.3 16.15138 14 0.6897848509552335
30.4 16.38699 14 0.6989017898765191
30.5 16.62363 14 0.7080288308413213
30.6 16.86131 14 0.7171646881742754
30.7 17.10002 14 0.7263142742170299
30.8 17.33977 14 0.7354724167494936
30.9 17.58054 14 0.7446426043878274
31.0 17.82235 14 0.7538231041936053
31.1 18.0652 14 0.7630140162951137
31.2 18.30907 14 0.7722155230165566
31.3 18.55399 14 0.7814283130528414
31.4 18.79993 14 0.790650888344709
31.5 19.04691 14 0.7998833883999222
31.6 19.29492 14 0.8091271398035542
31.7 19.54396 14 0.8183806100685517
31.8 19.79404 14 0.8276443403933619
31.9 20.04515 14 0.8369179966978536
32.0 20.29729 14 0.8462019520372178
32.1 20.55047 14 0.8554956834615075
32.2 20.80468 14 0.8647996803987608
32.3 21.05992 14 0.8741133965777108
32.4 21.3162 14 0.883436774088991
32.5 21.5735 14 0.892770446435722
32.6 21.83185 14 0.9021135026234455
32.7 22.09122 14 0.9114664268585132
32.8 22.35163 14 0.9208290356568514
32.9 22.61308 14 0.9302010873305347
33.0 22.87555 14 0.9395827745668147
33.1 23.13906 14 0.9489739717509106
33.2 23.4036 14 0.9583744842132524
33.3 23.66918 14 0.967784458367017
33.4 23.93579 14 0.9772036983530772
33.5 24.20343 14 0.9866322416744905
33.6 24.47211 14 0.9960700488528998
33.7 24.60935 14 1.0
33.8 24.65242 14 1.0
33.9 24.69548 14 1.0
34.0 24.73854 14 1.0
34.1 24.7816 14 1.0
34.2 24.82467 14 1.0
34.3 24.86773 14 1.0
34.4 24.91079 14 1.0
34.5 24.95385 14 1.0
34.6 24.99692 14 1.0
34.7 25.03998 14 1.0
34.8 25.08304 14 1.0
34.9 25.1261 14 1.0
35.0 25.16917 14 1.0
35.1 25.19578 14 1.0
35.2 25.22239 14 1.0
35.3 25.249 14 1.0
35.4 25.27562 14 1.0
35.5 25.30223 14 1.0
35.6 25.32884 14 1.0
35.7 25.35546 14 1.0
35.8 25.38207 14 1.0
35.9 25.40868 14 1.0
36.0 25.43529 14 1.0
36.1 25.46191 14 1.0
36.2 25.48852 14 1.0
36.3 25.51513 14 1.0
36.4 25.54175 14 1.0
36.5 25.56836 14 1.0
36.6 25.59497 14 1.0
36.7 25.62159 14 1.0
36.8 25.6482 14 1.0
36.9 25.67481 14 1.0
37.0 25.70142 14 1.0
37.1 25.72804 14 1.0
37.2 25.75465 14 1.0
37.3 25.78126 14 1.0
37.4 25.80788 14 1.0
37.5 25.83449 14 1.0
37.6 25.8611 14 1.0
37.7 25.88772 14 1.0
37.8 25.91433 14 1.0
37.9 25.94094 14 1.0
38.0 25.96755 14 1.0
38.1 25.99417 14 1.0
38.2 26.02078 14 1.0
38.3 26.04739 14 1.0
38.4 26.07401 14 1.0
38.5 26.10062 14 1.0
38.6 26.12723 14 1.0
38.7 26.15384 14 1.0
38.8 26.18046 14 1.0
38.9 26.20707 14 1.0
39.0 26.23368 14 1.0
39.1 26.2603 14 1.0
39.2 26.28691 14 1.0
39.3 26.31352 14 1.0
39.4 26.34014 14 1.0
39.5 26.36675 14 1.0
39.6 26.39336 14 1.0
39.7 26.41997 14 1.0
39.8 26.44659 14 1.0
39.9 26.4732 14 1.0
40.0 26.49981 14 1.0
40.1 26.48031 14 1.0
40.2 26.46081 14 1.0
40.3 26.4413 14 1.0
40.4 26.4218 14 1.0
40.5 26.40229 14 1.0
40.6 26.38279 14 1.0
40.7 26.36329 14 1.0
40.8 26.34378 14 1.0
40.9 26.32428 14 1.0
41.0 26.30478 14 1.0
41.1 26.28527 14 1.0
41.2 26.26577 14 1.0
41.3 26.24626 14 1.0
41.4 26.22676 14 1.0
41.5 26.20726 14 1.0
41.6 26.18775 14 1.0
41.7 26.16825 14 1.0
41.8 26.14875 14 1.0
41.9 26.12924 14 1.0
42.0 26.10974 14 1.0
42.1 26.09023 14 1.0
42.2 26.07073 14 1.0
42.3 26.05123 14 1.0
42.4 26.03172 14 1.0
42.5 26.01222 14 1.0
42.6 25.99271 14 1.0
42.7 25.97321 14 1.0
42.8 25.95371 14 1.0
42.9 25.9342 14 1.0
43.0 25.9147 14 1.0
43.1 25.8952 14 1.0
43.2 25.87569 14 1.0
43.3 25.85619 14 1.0
43.4 25.83668 14 1.0
43.5 25.81718 14 1.0
43.6 25.79768 14 1.0
43.7 25.77817 14 1.0
43.8 25.75867 14 1.0
43.9 25.73917 14 1.0
44.0 25.71966 14 1.0
44.1 25.70016 14 1.0
44.2 25.68065 14 1.0
44.3 25.66115 14 1.0
44.4 25.64165 14 1.0
44.5 25.62214 14 1.0
44.6 25.60264 14 1.0
44.7 25.58314 14 1.0
44.8 25.56363 14 1.0
44.9 25.54413 14 1.0
45.0 25.52462 14 1.0
45.1 25.50512 14 1.0
45.2 25.48562 14 1.0
45.3 25.46611 14 1.0
45.4 25.44661 14 1.0
45.5 25.4271 14 1.0
45.6 25.4076 14 1.0
45.7 25.3881 14 1.0
45.8 25.36859 14 1.0
45.9 25.34909 14 1.0
46.0 25.32959 14 1.0
46.1 25.31008 14 1.0
46.2 25.29058 14 1.0
46.3 25.27107 14 1.0
46.4 25.25157 14 1.0
46.5 25.23207 14 1.0
46.6 25.21256 14 1.0
46.7 25.19306 14 1.0
46.8 25.17356 14 1.0
46.9 25.15405 14 1.0
47.0 25.13455 14 1.0
47.1 25.11504 14 1.0
47.2 25.09554 14 1.0
47.3 25.07604 14 1.0
47.4 25.05653 14 1.0
47.5 25.03703 14 1.0
47.6 25.01753 14 1.0
47.7 24.99802 14 1.0
47.8 24.97852 14 1.0
47.9 24.95901 14 1.0
48.0 24.93951 14 1.0
48.1 24.92001 14 1.0
48.2 24.9005 14 1.0
48.3 24.881 14 1.0
48.4 24.8615 14 1.0
48.5 24.84199 14 1.0
48.6 24.82249 14 1.0
48.7 24.80298 14 1.0
48.8 24.78348 14 1.0
48.9 24.76398 14 1.0
49.0 24.74447 14 1.0
49.1 24.72497 14 1.0
49.2 24.70546 14 1.0
49.3 24.68596 14 1.0
49.4 24.66646 14 1.0
49.5 24.64695 14 1.0
49.6 24.62745 14 1.0
49.7 24.60795 14 1.0
49.8 24.58844 14 1.0
49.9 24.56894 14 1.0
50.0 24.54943 14 1.0
50.1 24.57237 14 1.0
50.1 24.5953 14 1.0
50.2 24.61823 14 1.0
50.3 24.64116 14 1.0
50.4 24.66409 14 1.0
50.5 24.68702 14 1.0
50.6 24.70995 14 1.0
50.7 24.73288 14 1.0
50.8 24.75581 14 1.0
50.9 24.77874 14 1.0
51.0 24.80168 14 1.0
51.1 24.82461 14 1.0
51.2 24.84754 14 1.0
51.3 24.87047 14 1.0
51.4 24.8934 14 1.0
51.5 24.91633 14 1.0
51.6 24.93926 14 1.0
51.7 24.96219 14 1.0
51.8 24.98512 14 1.0
51.9 25.00806 14 1.0
52.0 25.03099 14 1.0
52.1 25.05392 14 1.0
52.2 25.07685 14 1.0
52.3 25.09978 14 1.0
52.4 25.12271 14 1.0
52.5 25.14564 14 1.0
52.6 25.16857 14 1.0
52.7 25.1915 14 1.0
52.8 25.21443 14 1.0
52.9 25.23737 14 1.0
53.0 25.2603 14 1.0
53.1 25.28323 14 1.0
53.2 25.30616 14 1.0
53.3 25.32909 14 1.0
53.4 25.35202 14 1.0
53.5 25.37495 14 1.0
53.6 25.39788 14 1.0
53.7 25.42081 14 1.0
53.8 25.44374 14 1.0
53.9 25.46668 14 1.0
54.0 25.48961 14 1.0
54.1 25.51254 14 1.0
54.2 25.53547 14 1.0
54.3 25.5584 14 1.0
54.4 25.58133 14 1.0
54.5 25.60426 14 1.0
54.6 25.62719 14 1.0
54.7 25.65012 14 1.0
54.8 25.67306 14 1.0
54.9 25.69599 14 1.0
55.0 25.71892 14 1.0
55.1 25.74185 14 1.0
55.2 25.76478 14 1.0
55.3 25.78771 14 1.0
55.4 25.81064 14 1.0
55.5 25.83357 14 1.0
55.6 25.8565 14 1.0
55.7 25.87943 14 1.0
55.8 25.90237 14 1.0
55.9 25.9253 14 1.0
56.0 25.94823 14 1.0
56.1 25.97116 14 1.0
56.2 25.99409 14 1.0
56.3 26.01702 14 1.0
56.4 26.03995 14 1.0
56.5 26.06288 14 1.0
56.6 26.08581 14 1.0
56.7 26.10874 14 1.0
56.8 26.13168 14 1.0
56.9 26.15461 14 1.0
57.0 26.17754 14 1.0
57.1 26.20047 14 1.0
57.2 26.2234 14 1.0
57.3 26.24633 14 1.0
57.4 26.26926 14 1.0
57.5 26.29219 14 1.0
57.6 26.31512 14 1.0
57.7 26.33806 14 1.0
57.8 26.36099 14 1.0
57.9 26.38392 14 1.0
58.0 26.40685 14 1.0
58.1 26.42978 14 1.0
58.2 26.45271 14 1.0
58.3 26.47564 14 1.0
58.4 26.49857 14 1.0
58.5 26.5215 14 1.0
58.6 26.54443 14 1.0
58.7 26.56737 14 1.0
58.8 26.5903 14 1.0
58.9 26.61323 14 1.0
59.0 26.63616 14 1.0
59.1 26.65909 14 1.0
59.2 26.68202 14 1.0
59.3 26.70495 14 1.0
59.4 26.72788 14 1.0
59.5 26.75081 14 1.0
59.6 26.77374 14 1.0
59.7 26.79668 14 1.0
59.8 26.81961 14 1.0
59.9 26.84254 14 1.0
60.0 26.90573 14 1.0
60.1 26.96893 14 1.0
60.2 27.03212 14 1.0
60.3 27.09532 14 1.0
60.4 27.15851 14 1.0
60.5 27.22171 14 1.0
60.6 27.2849 14 1.0
60.7 27.34809 14 1.0
60.8 27.41129 14 1.0
60.9 27.47448 14 1.0
61.0 27.53768 14 1.0
61.1 27.60087 14 1.0
61.2 27.66407 14 1.0
61.3 27.72726 14 1.0
61.4 27.79046 14 1.0
61.5 27.85365 14 1.0
61.6 27.91685 14 1.0
61.7 27.98004 14 1.0
61.8 28.04324 14 1.0
61.9 28.10643 14 1.0
62.0 28.16962 14 1.0
62.1 28.23282 14 1.0
62.2 28.29601 14 1.0
62.3 28.35921 14 1.0
62.4 28.4224 14 1.0
62.5 28.4856 14 1.0
62.6 28.54879 14 1.0
62.7 28.61199 14 1.0
62.8 28.67518 14 1.0
62.9 28.73838 14 1.0
63.0 28.80157 14 1.0
63.1 28.86477 14 1.0
63.2 28.92796 14 1.0
63.3 28.99115 14 1.0
63.4 29.05435 14 1.0
63.5 29.11754 14 1.0
63.6 29.18074 14 1.0
63.7 29.24393 14 1.0
63.8 29.30713 14 1.0
63.9 29.37032 14 1.0
64.0 29.43352 14 1.0
64.1 29.49671 14 1.0
64.2 29.55991 14 1.0
64.3 29.6231 14 1.0
64.4 29.6863 14 1.0
64.5 29.74949 14 1.0
64.6 29.81268 14 1.0
64.7 29.87588 14 1.0
64.8 29.93907 14 1.0
64.9 30.00227 14 1.0
65.0 30.06546 14 1.0
65.1 30.12866 14 1.0
65.2 30.19185 14 1.0
65.3 30.25505 14 1.0
65.4 30.31824 14 1.0
65.5 30.38144 14 1.0
65.6 30.44463 14 1.0
65.7 30.50782 14 1.0
65.8 30.57102 14 1.0
65.9 30.63421 14 1.0
66.0 30.69741 14 1.0
66.1 30.7606 14 1.0
66.2 30.8238 14 1.0
66.3 30.88699 14 1.0
66.4 30.95019 14 1.0
66.5 31.01338 14 1.0
66.6 31.07658 14 1.0
66.7 31.13977 14 1.0
66.8 31.20297 14 1.0
66.9 31.26616 14 1.0
67.0 31.32935 14 1.0
67.1 31.39255 14 1.0
67.2 31.45574 14 1.0
67.3 31.51894 14 1.0
67.4 31.58213 14 1.0
67.5 31.64533 14 1.0
67.6 31.70852 14 1.0
67.7 31.77172 14 1.0
67.8 31.83491 14 1.0
67.9 31.89811 14 1.0
68.0 31.9613 14 1.0
68.1 32.0245 14 1.0
68.2 32.08769 14 1.0
68.3 32.15088 14 1.0
68.4 32.18985 14 1.0
68.5 32.21604 14 1.0
68.6 32.24218 14 1.0
68.7 32.26825 14 1.0
68.8 32.29426 14 1.0
68.9 32.32021 14 1.0
69.0 32.34611 14 1.0
69.1 32.37194 14 1.0
69.2 32.39772 14 1.0
69.3 32.42343 14 1.0
69.4 32.44909 14 1.0
69.5 32.47468 14 1.0
69.6 32.50022 14 1.0
69.7 32.5257 14 1.0
69.8 32.55112 14 1.0
69.9 32.57647 14 1.0
70.0 32.59765 14 1.0
70.1 32.61864 14 1.0
70.2 32.63945 14 1.0
70.3 32.66009 14 1.0
70.4 32.68054 14 1.0
70.5 32.70081 14 1.0
70.6 32.7209 14 1.0
70.7 32.74081 14 1.0
70.8 32.76054 14 1.0
70.9 32.78009 14 1.0
71.0 32.79946 14 1.0
71.1 32.81864 14 1.0
71.2 32.83765 14 1.0
71.3 32.85648 14 1.0
71.4 32.87512 14 1.0
71.5 32.89359 14 1.0
71.6 32.91187 14 1.0
71.7 32.92998 14 1.0
71.8 32.9479 14 1.0
71.9 32.96564 14 1.0
72.0 32.9832 14 1.0
72.1 33.00059 14 1.0
72.2 33.01779 14 1.0
72.3 33.03481 14 1.0
72.4 33.05165 14 1.0
72.5 33.06831 14 1.0
72.6 33.08478 14 1.0
72.7 33.10108 14 1.0
72.8 33.1172 14 1.0
72.9 33.13314 14 1.0
73.0 33.14889 14 1.0
73.1 33.16447 14 1.0
73.2 33.17986 14 1.0
73.3 33.19508 14 1.0
73.4 33.21011 14 1.0
73.5 33.22496 14 1.0
73.6 33.23963 14 1.0
73.7 33.25413 14 1.0
73.8 33.26844 14 1.0
73.9 33.28257 14 1.0
74.0 33.29652 14 1.0
74.1 33.31029 14 1.0
74.2 33.32388 14 1.0
74.3 33.33728 14 1.0
74.4 33.35051 14 1.0
74.5 33.36356 14 1.0
74.6 33.37642 14 1.0
74.7 33.38911 14 1.0
74.8 33.40162 14 1.0
74.9 33.41394 14 1.0
75.0 33.42608 14 1.0
75.1 33.43805 14 1.0
75.2 33.44983 14 1.0
75.3 33.46143 14 1.0
75.4 33.47285 14 1.0
75.5 33.48409 14 1.0
75.6 33.49515 14 1.0
75.7 33.50603 14 1.0
75.8 33.51673 14 1.0
75.9 33.52725 14 1.0
76.0 33.53759 14 1.0
76.1 33.54774 14 1.0
76.2 33.55772 14 1.0
76.3 33.56752 14 1.0
76.4 33.57713 14 1.0
76.5 33.58657 14 1.0
76.6 33.59582 14 1.0
76.7 33.60489 14 1.0
76.8 33.61379 14 1.0
76.9 33.6225 14 1.0
77.0 33.63103 14 1.0
77.1 33.63938 14 1.0
77.2 33.64755 14 1.0
77.3 33.65554 14 1.0
77.4 33.66335 14 1.0
77.5 33.67098 14 1.0
77.6 33.67843 14 1.0
77.7 33.68569 14 1.0
77.8 33.69278 14 1.0
77.9 33.69969 14 1.0
78.0 33.77241 14 1.0
78.1 33.80851 14 1.0
78.2 33.84461 14 1.0
78.3 33.88071 14 1.0
78.4 33.91681 14 1.0
78.5 33.95291 14 1.0
78.6 33.98901 14 1.0
78.7 34.02511 14 1.0
78.8 34.06121 14 1.0
78.9 34.09732 14 1.0
79.0 34.13342 14 1.0
79.1 34.16952 14 1.0
79.2 34.20562 14 1.0
79.3 34.24173 14 1.0
79.4 34.27783 14 1.0
79.5 34.31393 14 1.0
79.6 34.35004 14 1.0
79.7 34.38614 14 1.0
79.8 34.42224 14 1.0
79.9 34.45835 14 1.0
80.0 34.50226 14 1.0
80.1 34.54612 14 1.0
80.2 34.58995 14 1.0
80.3 34.63373 14 1.0
80.4 34.67747 14 1.0
80.5 34.72116 14 1.0
80.6 34.76481 14 1.0
80.7 34.80842 14 1.0
80.8 34.85199 14 1.0
80.9 34.89551 14 1.0
81.0 34.93899 14 1.0
81.1 34.98243 14 1.0
81.2 35.02582 14 1.0
81.3 35.06917 14 1.0
81.4 35.11248 14 1.0
81.5 35.15575 14 1.0
81.6 35.19897 14 1.0
81.7 35.24215 14 1.0
81.8 35.28528 14 1.0
81.9 35.32838 14 1.0
82.0 35.37143 14 1.0
82.1 35.41443 14 1.0
82.2 35.4574 14 1.0
82.3 35.50032 14 1.0
82.4 35.5432 14 1.0
82.5 35.58603 14 1.0
82.6 35.62883 14 1.0
82.7 35.67158 14 1.0
82.8 35.71428 14 1.0
82.9 35.75695 14 1.0
83.0 35.79957 14 1.0
83.1 35.84214 14 1.0
83.2 35.88468 14 1.0
83.3 35.92717 14 1.0
83.4 35.96962 14 1.0
83.5 36.01202 14 1.0
83.6 36.05439 14 1.0
83.7 36.09671 14 1.0
83.8 36.13898 14 1.0
83.9 36.18122 14 1.0
84.0 36.22341 14 1.0
84.1 36.26556 14 1.0
84.2 36.30766 14 1.0
84.3 36.34972 14 1.0
84.4 36.39174 14 1.0
84.5 36.43372 14 1.0
84.6 36.47565 14 1.0
84.7 36.51754 14 1.0
84.8 36.55939 14 1.0
84.9 36.60119 14 1.0
85.0 36.64295 14 1.0
85.1 36.68467 14 1.0
85.2 36.72635 14 1.0
85.3 36.76798 14 1.0
85.4 36.80957 14 1.0
85.5 36.85111 14 1.0
85.6 36.89262 14 1.0
85.7 36.93408 14 1.0
85.8 36.97549 14 1.0
85.9 37.01687 14 1.0
86.0 37.0582 14 1.0
86.1 37.09949 14 1.0
86.2 37.14073 14 1.0
86.3 37.18193 14 1.0
86.4 37.22309 14 1.0
86.5 37.26421 14 1.0
86.5 37.30528 14 1.0
86.6 37.34631 14 1.0
86.7 37.3873 14 1.0
86.8 37.42825 14 1.0
86.9 37.46915 14 1.0
87.0 37.51001 14 1.0
87.1 37.55082 14 1.0
87.2 37.59159 14 1.0
87.3 37.63232 14 1.0
87.4 37.67301 14 1.0
87.5 37.71365 14 1.0
87.6 37.75426 14 1.0
87.7 37.79481 14 1.0
87.8 37.83533 14 1.0
87.9 37.8758 14 1.0
88.0 37.91623 14 1.0
88.1 37.95661 14 1.0
88.2 37.99696 14 1.0
88.3 38.03726 14 1.0
88.4 38.07751 14 1.0
88.5 38.11773 14 1.0
88.6 38.1579 14 1.0
88.7 38.19803 14 1.0
88.8 38.23811 14 1.0
88.9 38.27815 14 1.0
89.0 38.31815 14 1.0
89.1 38.35811 14 1.0
89.2 38.39802 14 1.0
89.3 38.43789 14 1.0
89.4 38.47772 14 1.0
89.5 38.5175 14 1.0
89.6 38.55724 14 1.0
89.7 38.59694 14 1.0
89.8 38.6366 14 1.0
89.9 38.67532 14 1.0
90.0 38.71399 14 1.0
90.1 38.7526 14 1.0
90.2 38.79114 14 1.0
90.3 38.82963 14 1.0
90.4 38.86805 14 1.0
90.5 38.90641 14 1.0
90.6 38.94472 14 1.0
90.7 38.98296 14 1.0
90.8 39.02114 14 1.0
90.9 39.05927 14 1.0
91.0 39.09733 14 1.0
91.1 39.13533 14 1.0
91.2 39.17327 14 1.0
91.3 39.21115 14 1.0
91.4 39.24897 14 1.0
91.5 39.28673 14 1.0
91.6 39.32443 14 1.0
91.7 39.36207 14 1.0
91.8 39.39965 14 1.0
91.9 39.43717 14 1.0
92.0 39.47463 14 1.0
92.1 39.51203 14 1.0
92.2 39.54936 14 1.0
92.3 39.58664 14 1.0
92.4 39.62386 14 1.0
92.5 39.66101 14 1.0
92.6 39.69811 14 1.0
92.7 39.73514 14 1.0
92.8 39.77212 14 1.0
92.9 39.80903 14 1.0
93.0 39.84589 14 1.0
93.1 39.88268 14 1.0
93.2 39.91942 14 1.0
93.3 39.95609 14 1.0
93.4 39.9927 14 1.0
93.5 40.02925 14 1.0
93.6 40.06575 14 1.0
93.7 40.10218 14 1.0
93.8 40.13855 14 1.0
93.9 40.17486 14 1.0
94.0 40.21111 14 1.0
94.1 40.2473 14 1.0
94.2 40.28343 14 1.0
94.3 40.3195 14 1.0
94.4 40.35551 14 1.0
94.5 40.39146 14 1.0
94.6 40.42734 14 1.0
94.7 40.46317 14 1.0
94.8 40.49894 14 1.0
94.9 40.53465 14 1.0
95.0 40.57029 14 1.0
95.1 40.60588 14 1.0
95.2 40.6414 14 1.0
95.3 40.67687 14 1.0
95.4 40.71227 14 1.0
95.5 40.74762 14 1.0
95.6 40.7829 14 1.0
95.7 40.81813 14 1.0
95.8 40.85329 14 1.0
95.9 40.88839 14 1.0
96.0 40.92344 14 1.0
96.1 40.95842 14 1.0
96.2 40.99334 14 1.0
96.3 41.0282 14 1.0
96.4 41.063 14 1.0
96.5 41.09774 14 1.0
96.6 41.13242 14 1.0
96.7 41.16704 14 1.0
96.8 41.2016 14 1.0
96.9 41.2361 14 1.0
97.0 41.27054 14 1.0
97.1 41.30492 14 1.0
97.2 41.33924 14 1.0
97.3 41.37349 14 1.0
97.4 41.40769 14 1.0
97.5 41.44183 14 1.0
97.6 41.4759 14 1.0
97.7 41.50992 14 1.0
97.8 41.54388 14 1.0
97.9 41.57777 14 1.0
98.0 41.61161 14 1.0
98.1 41.64538 14 1.0
98.2 41.67909 14 1.0
98.3 41.71275 14 1.0
98.4 41.74634 14 1.0
98.5 41.77987 14 1.0
98.6 41.81335 14 1.0
98.7 41.84676 14 1.0
98.8 41.88011 14 1.0
98.9 41.9134 14 1.0
99.0 41.94663 14 1.0
99.1 41.9798 14 1.0
99.2 42.01291 14 1.0
99.3 42.04596 14 1.0
99.4 42.07895 14 1.0
99.5 42.11188 14 1.0
99.6 42.14475 14 1.0
99.7 42.17756 14 1.0
99.8 42.2103 14 1.0
99.9 42.24233 14 1.0
100.0 42.27429 14 1.0
100.1 42.30618 14 1.0
100.2 42.338 14 1.0
100.3 42.36976 14 1.0
100.4 42.40145 14 1.0
100.5 42.43308 14 1.0
100.6 42.46464 14 1.0
100.7 42.49613 14 1.0
100.8 42.52756 14 1.0
100.9 42.55892 14 1.0
101.0 42.59022 14 1.0
101.1 42.62145 14 1.0
101.2 42.65261 14 1.0
101.3 42.68371 14 1.0
101.4 42.71474 14 1.0
101.5 42.7457 14 1.0
101.6 42.7766 14 1.0
101.7 42.80743 14 1.0
101.8 42.8382 14 1.0
101.9 42.8689 14 1.0
102.0 42.89953 14 1.0
102.1 42.93009 14 1.0
102.2 42.96059 14 1.0
102.3 42.99103 14 1.0
102.4 43.0214 14 1.0
102.5 43.0517 14 1.0
102.6 43.08193 14 1.0
102.7 43.1121 14 1.0
102.8 43.14221 14 1.0
102.9 43.17224 14 1.0
103.0 43.20221 14 1.0
103.1 43.23212 14 1.0
103.2 43.26195 14 1.0
103.3 43.29173 14 1.0
103.4 43.32143 14 1.0
103.5 43.35107 14 1.0
103.6 43.38064 14 1.0
103.7 43.41015 14 1.0
103.8 43.43959 14 1.0
103.9 43.46897 14 1.0
104.0 43.49827 14 1.0
104.1 43.52751 14 1.0
104.2 43.55669 14 1.0
104.3 43.5858 14 1.0
104.4 43.61484 14 1.0
104.5 43.64382 14 1.0
104.6 43.67273 14 1.0
104.7 43.70157 14 1.0
104.8 43.73035 14 1.0
104.9 43.75906 14 1.0
105.0 43.78771 14 1.0
105.1 43.81629 14 1.0
105.2 43.8448 14 1.0
105.3 43.87325 14 1.0
105.4 43.90163 14 1.0
105.5 43.92994 14 1.0
105.6 43.95819 14 1.0
105.7 43.98637 14 1.0
105.8 44.01449 14 1.0
105.9 44.04254 14 1.0
106.0 44.07052 14 1.0
106.1 44.09844 14 1.0
106.2 44.12629 14 1.0
106.3 44.15407 14 1.0
106.4 44.18179 14 1.0
106.5 44.20944 14 1.0
106.6 44.23703 14 1.0
106.7 44.26455 14 1.0
106.8 44.292 14 1.0
106.9 44.31939 14 1.0
107.0 44.34671 14 1.0
107.1 44.37396 14 1.0
107.2 44.40115 14 1.0
107.3 44.42828 14 1.0
107.4 44.45533 14 1.0
107.5 44.48232 14 1.0
107.6 44.50924 14 1.0
107.7 44.5361 14 1.0
107.8 44.56289 14 1.0
107.9 44.58962 14 1.0
108.0 44.61627 14 1.0
108.1 44.64287 14 1.0
108.2 44.66939 14 1.0
108.3 44.69585 14 1.0
108.4 44.72225 14 1.0
108.5 44.74857 14 1.0
108.6 44.77483 14 1.0
108.7 44.80103 14 1.0
108.8 44.82716 14 1.0
108.9 44.85322 14 1.0
109.0 44.87921 14 1.0
109.1 44.90514 14 1.0
109.2 44.93101 14 1.0
109.3 44.95681 14 1.0
109.4 44.98254 14 1.0
109.5 45.0082 14 1.0
109.6 45.0338 14 1.0
109.7 45.05933 14 1.0
109.8 45.0848 14 1.0
109.9 45.112 14 1.0
110.0 45.13917 14 1.0
110.1 45.16632 14 1.0
110.2 45.19343 14 1.0
110.3 45.22051 14 1.0
110.4 45.24757 14 1.0
110.5 45.27459 14 1.0
110.6 45.30158 14 1.0
110.7 45.32854 14 1.0
110.8 45.35548 14 1.0
110.9 45.38238 14 1.0
111.0 45.40925 14 1.0
111.1 45.43609 14 1.0
111.2 45.4629 14 1.0
111.3 45.48969 14 1.0
111.4 45.51644 14 1.0
111.5 45.54316 14 1.0
111.6 45.56985 14 1.0
111.7 45.59651 14 1.0
111.8 45.62314 14 1.0
111.9 45.64974 14 1.0
112.0 45.67632 14 1.0
112.1 45.70286 14 1.0
112.2 45.72937 14 1.0
112.3 45.75585 14 1.0
112.4 45.7823 14 1.0
112.5 45.80872 14 1.0
112.6 45.83511 14 1.0
112.7 45.86147 14 1.0
112.8 45.8878 14 1.0
112.9 45.9141 14 1.0
113.0 45.94037 14 1.0
113.1 45.96661 14 1.0
113.2 45.99282 14 1.0
113.3 46.019 14 1.0
113.4 46.04515 14 1.0
113.5 46.07127 14 1.0
113.6 46.09736 14 1.0
113.7 46.12342 14 1.0
113.8 46.14945 14 1.0
113.9 46.17545 14 1.0
114.0 46.20142 14 1.0
114.1 46.22736 14 1.0
114.2 46.25327 14 1.0
114.3 46.27915 14 1.0
114.4 46.305 14 1.0
114.5 46.33082 14 1.0
114.6 46.35661 14 1.0
114.7 46.38237 14 1.0
114.8 46.34152 14 1.0
114.9 46.08688 14 1.0
115.0 45.8317 14 1.0
115.1 45.57599 14 1.0
115.2 45.31974 14 1.0
115.3 45.06296 14 1.0
115.4 44.80564 14 1.0
115.5 44.54779 14 1.0
115.6 44.2894 14 1.0
115.6 44.03047 14 1.0
115.7 43.77101 14 1.0
115.8 43.51101 14 1.0
115.9 43.25047 14 1.0
116.0 42.9894 14 1.0
116.1 42.72779 14 1.0
116.2 42.46565 14 1.0
116.3 42.20297 14 1.0
116.4 41.93976 14 1.0
116.5 41.67601 14 1.0
116.6 41.41172 14 1.0
116.7 41.1469 14 1.0
116.8 40.88154 14 1.0
116.9 40.61564 14 1.0
117.0 40.34921 14 1.0
117.1 40.08225 14 1.0
117.2 39.81474 14 1.0
117.3 39.5467 14 1.0
117.4 39.27813 14 1.0
117.5 39.00902 14 1.0
117.6 38.73937 14 1.0
117.7 38.46919 14 1.0
117.8 38.19847 14 1.0
117.9 37.92722 14 1.0
118.0 37.65543 14 1.0
118.1 37.3831 14 1.0
118.2 37.11024 14 1.0
118.3 36.83684 14 1.0
118.4 36.56291 14 1.0
118.5 36.28844 14 1.0
118.6 36.01343 14 1.0
118.7 35.73789 14 1.0
118.8 35.46181 14 1.0
118.9 35.1852 14 1.0
119.0 34.90805 14 1.0
119.1 34.63036 14 1.0
119.2 34.35214 14 1.0
119.3 34.07338 14 1.0
119.4 33.79409 14 1.0
119.5 33.51426 14 1.0
119.6 33.23389 14 1.0
119.7 32.95299 14 1.0
119.8 32.6819 14 1.0
119.9 32.41031 14 1.0
120.0 32.13822 14 1.0
120.1 31.86564 14 1.0
120.2 31.59256 14 1.0
120.3 31.31898 14 1.0
120.4 31.0449 14 1.0
120.5 30.77033 14 1.0
120.6 30.49526 14 1.0
120.7 30.21969 14 1.0
120.8 29.94363 14 1.0
120.9 29.66707 14 1.0
121.0 29.39001 14 1.0
121.1 29.11245 14 1.0
121.2 28.8344 14 1.0
121.3 28.55584 14 1.0
121.4 28.27679 14 1.0
121.5 27.99725 14 1.0
121.6 27.71721 14 1.0
121.7 27.43666 14 1.0
121.8 27.15563 14 1.0
121.9 26.87409 14 1.0
122.0 26.59206 14 1.0
122.1 26.30953 14 1.0
122.2 26.0265 14 1.0
122.3 25.74298 14 1.0
122.4 25.45895 14 1.0
122.5 25.17443 14 1.0
122.6 24.88942 14 1.0
122.7 24.6039 14 1.0
122.8 24.31789 14 1.0
122.9 24.03138 14 1.0
123.0 23.74438 14 1.0
123.1 23.45688 14 1.0
123.2 23.16887 14 1.0
123.3 22.88038 14 1.0
123.4 22.59138 14 1.0
123.5 22.30189 14 1.0
123.6 22.0119 14 1.0
123.7 21.72141 14 1.0
123.8 21.43043 14 1.0
123.9 21.13895 14 1.0
124.0 20.84697 14 1.0
124.1 20.55449 14 1.0
124.2 20.26152 14 1.0
124.3 19.96805 14 1.0
124.4 19.67408 14 1.0
124.5 19.37961 14 1.0
124.6 19.08465 14 1.0
124.7 18.78919 14 1.0
124.8 18.49323 14 1.0
124.9 18.19678 14 1.0
125.0 17.89982 14 1.0
125.1 17.60237 14 1.0
125.2 17.30443 14 1.0
125.3 17.00598 14 1.0
125.4 16.70704 14 1.0
125.5 16.4076 14 1.0
125.6 16.10767 14 1.0
125.7 15.80723 14 1.0
125.8 15.5063 14 1.0
125.9 15.20487 14 1.0
126.0 14.90295 14 1.0
126.1 14.60053 14 1.0
126.2 14.2976 14 1.0
126.3 13.99419 14 1.0
126.4 13.69027 14 1.0
126.5 13.38586 14 1.0
126.6 13.08095 14 1.0
126.7 12.77554 14 1.0
126.8 12.46964 14 1.0
126.9 12.16324 14 1.0
127.0 11.85634 14 1.0
127.1 11.54894 14 1.0
127.2 11.24105 14 1.0
127.3 10.93266 14 1.0
127.4 10.62377 14 1.0
127.5 10.31439 14 1.0
127.6 10.00451 14 1.0
127.7 9.694125 14 1.0
127.8 9.383248 14 1.0
127.9 9.071874 14 1.0
128.0 8.760002 14 1.0
128.1 8.447633 14 1.0
128.2 8.134766 14 1.0
128.3 7.821402 14 1.0
128.4 7.507541 14 1.0
128.5 7.193183 14 1.0
128.6 6.878327 14 1.0
128.7 6.562974 14 1.0
128.8 6.247124 14 1.0
128.9 5.930776 14 1.0
129.0 5.613931 14 1.0
129.1 5.296588 14 1.0
129.2 4.978749 14 1.0
129.3 4.660412 14 1.0
129.4 4.341578 14 1.0
129.5 4.022246 14 1.0
129.6 0.0 15 0.0
129.7 0.0 15 0.0
129.8 0.0 15 0.0
129.9 0.0 15 0.0
130.0 0.0 15 0.0
130.1 0.0 15 0.0
130.2 0.0 15 0.0
130.3 0.0 15 0.0
130.4 0.0 15 0.0
130.5 0.0 15 0.0
130.6 0.0 15 0.0
130.7 0.0 15 0.0
130.8 0.0 15 0.0
130.9 0.0 15 0.0
131.0 0.0 15 0.0
131.1 0.0 15 0.0
131.2 0.0 15 0.0
131.3 0.0 15 0.0
131.4 0.0 15 0.0
131.5 0.0 15 0.0
131.6 0.0 15 0.0
131.7 0.0 15 0.0
131.8 0.0 15 0.0
131.9 0.0 15 0.0
132.0 0.0 15 0.0
132.1 0.0 15 0.0
132.2 0.0 15 0.0
132.3 0.0 15 0.0
132.4 0.0 15 0.0
132.5 0.0 15 0.0
132.6 0.0 15 0.0
132.7 0.0 15 0.0
132.8 0.0 15 0.0
132.9 0.0 15 0.0
133.0 0.0 15 0.0
133.1 0.0 15 0.0
133.2 0.0 15 0.0
133.3 0.0 15 0.0
133.4 0.0 15 0.0
133.5 0.0 15 0.0
133.6 0.0 15 0.0
133.7 0.0 15 0.0
133.8 0.0 15 0.0
133.9 0.0 15 0.0
134.0 0.0 15 0.0
134.1 0.0 15 0.0
134.2 0.0 15 0.0
134.3 0.0 15 0.0
134.4 0.0 15 0.0
134.5 0.0 15 0.0
134.6 0.0 15 0.0
134.7 0.0 15 0.0
134.8 0.0 15 0.0
134.9 0.0 15 0.0
135.0 0.0 15 0.0
135.1 0.0 15 0.0
135.2 0.0 15 0.0
135.3 0.0 15 0.0
135.4 0.0 15 0.0
135.5 0.0 15 0.0
135.6 0.0 15 0.0
135.7 0.0 15 0.0
135.8 0.0 15 0.0
135.9 0.0 15 0.0
136.0 0.0 15 0.0
136.1 0.0 15 0.0
136.2 0.0 15 0.0
136.3 0.0 15 0.0
136.4 0.0 15 0.0
136.5 0.0 15 0.0
136.6 0.0 15 0.0
136.7 0.0 15 0.0
136.8 0.0 15 0.0
136.9 0.0 15 0.0
137.0 0.0 15 0.0
137.1 0.0 15 0.0
137.2 0.0 15 0.0
137.3 0.0 15 0.0
137.4 0.0 15 0.0
137.5 0.0 15 0.0
137.6 0.0 15 0.0
137.7 0.0 15 0.0
137.8 0.0 15 0.0
137.9 0.0 15 0.0
138.0 0.0 15 0.0
138.1 0.0 15 0.0
138.2 0.0 15 0.0
138.3 0.0 15 0.0
138.4 0.0 15 0.0
138.5 0.0 15 0.0
138.6 0.0 15 0.0
138.7 0.0 15 0.0
138.8 0.0 15 0.0
138.9 0.0 15 0.0
139.0 0.0 15 0.0
139.1 0.0 15 0.0
139.2 0.0 15 0.0
139.3 0.0 15 0.0
139.4 0.0 15 0.0
139.5 0.0 15 0.0
139.6 0.0 15 0.0
139.7 0.0 15 0.0
139.8 0.0 15 0.0
139.9 0.0 15 0.0
140.0 0.0 15 0.0
140.1 0.0 15 0.0
140.2 0.0 15 0.0
140.3 0.0 15 0.0
140.4 0.0 15 0.0
140.5 0.0 15 0.0
140.6 0.0 15 0.0
140.7 0.0 15 0.0
140.8 0.0 15 0.0
140.9 0.0 15 0.0
141.0 0.0 15 0.0
141.1 0.0 15 0.0
141.2 0.0 15 0.0
141.3 0.0 15 0.0
141.4 0.0 15 0.0
141.5 0.0 15 0.0
141.6 0.0 15 0.0
141.7 0.0 15 0.0
141.8 0.0 15 0.0
141.9 0.0 15 0.0
142.0 0.0 15 0.0
142.1 0.0 15 0.0
142.2 0.0 15 0.0
142.3 0.0 15 0.0
142.4 0.0 15 0.0
142.5 0.0 15 0.0
142.6 0.0 15 0.0
142.7 0.0 15 0.0
142.8 0.0 15 0.0
142.9 0.0 15 0.0
143.0 0.0 15 0.0
143.1 0.0 15 0.0
143.2 0.0 15 0.0
143.3 0.0 15 0.0
143.4 0.0 15 0.0
143.5 0.0 15 0.0
143.6 0.0 15 0.0
143.7 0.0 15 0.0
143.8 0.0 15 0.0
143.9 0.0 15 0.0
144.0 0.0 15 0.0
144.1 0.0 15 0.0
144.2 0.0 15 0.0
144.3 0.0 15 0.0
144.4 0.0 15 0.0
144.5 0.0 15 0.0
144.6 0.0 15 0.0
144.7 0.0 15 0.0
144.8 0.0 15 0.0
144.9 0.0 15 0.0
145.0 0.0 15 0.0
145.1 0.0 15 0.0
145.2 0.0 15 0.0
145.3 0.0 15 0.0
145.4 0.0 15 0.0
145.4 0.0 15 0.0
145.5 0.0 15 0.0
145.6 0.0 15 0.0
145.7 0.0 15 0.0
145.8 0.0 15 0.0
145.9 0.0 15 0.0
146.0 0.0 15 0.0
146.1 0.0 15 0.0
146.2 0.0 15 0.0
146.3 0.0 15 0.0
146.4 0.0 15 0.0
146.5 0.0 15 0.0
146.6 0.0 15 0.0
146.7 0.0 15 0.0
146.8 0.0 15 0.0
146.9 0.0 15 0.0
147.0 0.0 15 0.0
147.1 0.0 15 0.0
147.2 0.0 15 0.0
147.3 0.0 15 0.0
147.4 0.0 15 0.0
147.5 0.0 15 0.0
147.6 0.0 15 0.0
147.7 0.0 15 0.0
147.8 0.0 15 0.0
147.9 0.0 15 0.0
148.0 0.0 15 0.0
148.1 0.0 15 0.0
148.2 0.0 15 0.0
148.3 0.0 15 0.0
148.4 0.0 15 0.0
148.5 0.0 15 0.0
148.6 0.0 15 0.0
148.7 0.0 15 0.0
148.8 0.0 15 0.0
148.9 0.0 15 0.0
149.0 0.0 15 0.0
149.1 0.0 15 0.0
149.2 0.0 15 0.0
149.3 0.0 15 0.0
149.4 0.0 15 0.0
149.5 0.0 15 0.0
149.6 0.0 15 0.0
149.7 0.0 15 0.0
149.8 0.0 15 0.0
149.9 0.0 15 0.0
150.0 0.0 15 0.0
150.1 0.0 15 0.0
150.2 0.0 15 0.0
150.3 0.0 15 0.0
150.4 0.0 15 0.0
150.5 0.0 15 0.0
150.6 0.0 15 0.0
150.7 0.0 15 0.0
150.8 0.0 15 0.0
150.9 0.0 15 0.0
151.0 0.0 15 0.0
151.1 0.0 15 0.0
151.2 0.0 15 0.0
151.3 0.0 15 0.0
151.4 0.0 15 0.0
151.5 0.0 15 0.0
151.6 0.0 15 0.0
151.7 0.0 15 0.0
151.8 0.0 15 0.0
151.9 0.0 15 0.0
152.0 0.0 15 0.0
152.1 0.0 15 0.0
152.2 0.0 15 0.0
152.3 0.0 15 0.0
152.4 0.0 15 0.0
152.5 0.0 15 0.0
152.6 0.0 15 0.0
152.7 0.0 15 0.0
152.8 0.0 15 0.0
152.9 0.0 15 0.0
153.0 0.0 15 0.0
153.1 0.0 15 0.0
153.2 0.0 15 0.0
153.3 0.0 15 0.0
153.4 0.0 15 0.0
153.5 0.0 15 0.0
153.6 0.0 15 0.0
153.7 0.0 15 0.0
153.8 0.0 15 0.0
153.9 0.0 15 0.0
154.0 0.0 15 0.0
154.1 0.0 15 0.0
154.2 0.0 15 0.0
154.3 0.0 15 0.0
154.4 0.0 15 0.0
154.5 0.0 15 0.0
154.6 0.0 15 0.0
154.7 0.0 15 0.0
154.8 0.0 15 0.0
154.9 0.0 15 0.0
155.0 0.0 15 0.0
155.1 0.0 15 0.0
155.2 0.0 15 0.0
155.3 0.0 15 0.0
155.4 0.0 15 0.0
155.5 0.0 15 0.0
155.6 0.0 15 0.0
155.7 0.0 15 0.0
155.8 0.0 15 0.0
155.9 0.0 15 0.0
156.0 0.0 15 0.0
156.1 0.0 15 0.0
156.2 0.0 15 0.0
156.3 0.0 15 0.0
156.4 0.0 15 0.0
156.5 0.0 15 0.0
156.6 0.0 15 0.0
156.7 0.0 15 0.0
156.8 0.0 15 0.0
156.9 0.0 15 0.0
157.0 0.0 15 0.0
157.1 0.0 15 0.0
157.2 0.0 15 0.0
157.3 0.0 15 0.0
157.4 0.0 15 0.0
157.5 0.0 15 0.0
157.6 0.0 15 0.0
157.7 0.0 15 0.0
157.8 0.0 15 0.0
157.9 0.0 15 0.0
158.0 0.0 15 0.0
158.1 0.0 15 0.0
158.2 0.0 15 0.0
158.3 0.0 15 0.0
158.4 0.0 15 0.0
158.5 0.0 15 0.0
158.6 0.0 15 0.0
158.7 0.0 15 0.0
158.8 0.0 15 0.0
158.9 0.0 15 0.0
159.0 0.0 15 0.0
159.1 0.0 15 0.0
159.2 0.0 15 0.0
159.3 0.0 15 0.0
159.4 0.0 15 0.0
159.5 0.0 15 0.0
159.6 0.0 15 0.0
159.7 0.0 15 0.0
159.8 0.0 15 0.0
159.9 0.0 15 0.0
160.0 0.0 15 0.0
160.1 0.0 15 0.0
160.2 0.0 15 0.0
160.3 0.0 15 0.0
160.4 0.0 15 0.0
160.5 0.0 15 0.0
160.6 0.0 15 0.0
160.7 0.0 15 0.0
160.8 0.0 15 0.0
160.9 0.0 15 0.0
161.0 0.0 15 0.0
161.1 0.0 15 0.0
161.2 0.0 15 0.0
161.3 0.0 15 0.0
161.4 0.0 15 0.0
161.5 0.0 15 0.0
161.6 0.0 15 0.0
161.7 0.0 15 0.0
161.8 0.0 15 0.0
161.9 0.0 15 0.0
162.0 0.0 15 0.0
162.1 0.0 15 0.0
162.2 0.0 15 0.0
162.3 0.0 15 0.0
162.4 0.0 15 0.0
162.5 0.0 15 0.0
162.6 0.0 15 0.0
162.7 0.0 15 0.0
162.8 0.0 15 0.0
162.9 0.0 15 0.0
163.0 0.0 15 0.0
163.1 0.0 15 0.0
163.2 0.0 15 0.0
163.3 0.0 15 0.0
163.4 0.0 15 0.0
163.5 0.0 15 0.0
163.6 0.0 15 0.0
163.7 0.0 15 0.0
163.8 0.0 15 0.0
163.9 0.0 15 0.0
164.0 0.0 15 0.0
164.1 0.0 15 0.0
164.2 0.0 15 0.0
164.3 0.0 15 0.0
164.4 0.0 15 0.0
164.5 0.0 15 0.0
164.6 0.0 15 0.0
164.7 0.0 15 0.0
164.8 0.0 15 0.0
164.9 0.0 15 0.0
165.0 0.0 15 0.0
165.1 0.0 15 0.0
165.2 0.0 15 0.0
165.3 0.0 15 0.0
165.4 0.0 15 0.0
165.5 0.0 15 0.0
165.6 0.0 15 0.0
165.7 0.0 15 0.0
165.8 0.0 15 0.0
165.9 0.0 15 0.0
166.0 0.0 15 0.0
166.1 0.0 15 0.0
166.2 0.0 15 0.0
166.3 0.0 15 0.0
166.4 0.0 15 0.0
166.5 0.0 15 0.0
166.6 0.0 15 0.0
166.7 0.0 15 0.0
166.8 0.0 15 0.0
166.9 0.0 15 0.0
167.0 0.0 15 0.0
167.1 0.0 15 0.0
167.2 0.0 15 0.0
167.3 0.0 15 0.0
167.4 0.0 15 0.0
167.5 0.0 15 0.0
167.6 0.0 15 0.0
167.7 0.0 15 0.0
167.8 0.0 15 0.0
167.9 0.0 15 0.0
168.0 0.0 15 0.0
168.1 0.0 15 0.0
168.2 0.0 15 0.0
168.3 0.0 15 0.0
168.4 0.0 15 0.0
168.5 0.0 15 0.0
168.5 0.0 15 0.0
168.6 0.0 15 0.0
168.7 0.0 15 0.0
168.8 0.0 15 0.0
168.9 0.0 15 0.0
169.0 0.0 15 0.0
169.1 0.0 15 0.0
169.2 0.0 15 0.0
169.3 0.0 15 0.0
169.4 0.0 15 0.0
169.5 0.0 15 0.0
169.6 0.0 15 0.0
169.7 0.0 15 0.0
169.8 0.0 15 0.0
169.9 0.0 15 0.0
170.0 0.0 15 0.0
170.1 0.0 15 0.0
170.2 0.0 15 0.0
170.3 0.0 15 0.0
170.4 0.0 15 0.0
170.5 0.0 15 0.0
170.6 0.0 15 0.0
170.7 0.0 15 0.0
170.8 0.0 15 0.0
170.9 0.0 15 0.0
171.0 0.0 15 0.0
171.1 0.0 15 0.0
171.2 0.0 15 0.0
171.3 0.0 15 0.0
171.4 0.0 15 0.0
171.5 0.0 15 0.0
171.6 0.0 15 0.0
171.7 0.0 15 0.0
171.8 0.0 15 0.0
171.9 0.0 15 0.0
172.0 0.0 15 0.0
172.1 0.0 15 0.0
172.2 0.0 15 0.0
172.3 0.0 15 0.0
172.4 0.0 15 0.0
172.5 0.0 15 0.0
172.6 0.0 15 0.0
172.7 0.0 15 0.0
172.8 0.0 15 0.0
172.9 0.0 15 0.0
173.0 0.0 15 0.0
173.1 0.0 15 0.0
173.2 0.0 15 0.0
173.3 0.0 15 0.0
173.4 0.0 15 0.0
173.5 0.0 15 0.0
173.6 0.0 15 0.0
173.7 0.0 15 0.0
173.8 0.0 15 0.0
173.9 0.0 15 0.0
174.0 0.0 15 0.0
174.1 0.0 15 0.0
174.2 0.0 15 0.0
174.3 0.0 15 0.0
174.4 0.0 15 0.0
174.5 0.0 15 0.0
174.6 0.0 15 0.0
174.7 0.0 15 0.0
174.8 0.0 15 0.0
174.9 0.0 15 0.0
175.0 0.0 15 0.0
175.1 0.0 15 0.0
175.2 0.0 15 0.0
175.3 0.0 15 0.0
175.4 0.0 15 0.0
175.5 0.0 15 0.0
175.6 0.0 15 0.0
175.7 0.0 15 0.0
175.8 0.0 15 0.0
175.9 0.0 15 0.0
176.0 0.0 15 0.0
176.1 0.0 15 0.0
176.2 0.0 15 0.0
176.3 0.0 15 0.0
176.4 0.0 15 0.0
176.5 0.0 15 0.0
176.6 0.0 15 0.0
176.7 0.0 15 0.0
176.8 0.0 15 0.0
176.9 0.0 15 0.0
177.0 0.0 15 0.0
177.1 0.0 15 0.0
177.2 0.0 15 0.0
177.3 0.0 15 0.0
177.4 0.0 15 0.0
177.5 0.0 15 0.0
177.6 0.0 15 0.0
177.7 0.0 15 0.0
177.8 0.0 15 0.0
177.9 0.0 15 0.0
178.0 0.0 15 0.0
178.1 0.0 15 0.0
178.2 0.0 15 0.0
178.3 0.0 15 0.0
178.4 0.0 15 0.0
178.5 0.0 15 0.0
178.6 0.0 15 0.0
178.7 0.0 15 0.0
178.8 0.0 15 0.0
178.9 0.0 15 0.0
179.0 0.0 15 0.0
179.1 0.0 15 0.0
179.2 0.0 15 0.0
179.3 0.0 15 0.0
179.4 0.0 15 0.0
179.5 0.0 15 0.0
179.6 0.0 15 0.0
179.7 0.0 15 0.0
179.8 0.0 15 0.0
179.9 0.0 15 0.0
180.0 0.0 15 0.0
180.1 0.0 15 0.0
180.2 0.0 15 0.0
180.3 0.0 15 0.0
180.4 0.0 15 0.0
180.5 0.0 15 0.0
180.6 0.0 15 0.0
180.7 0.0 15 0.0
180.8 0.0 15 0.0
180.9 0.0 15 0.0
181.0 0.0 15 0.0
181.1 0.0 15 0.0
181.2 0.0 15 0.0
181.3 0.0 15 0.0
181.4 0.0 15 0.0
181.5 0.0 15 0.0
181.6 0.0 15 0.0
181.7 0.0 15 0.0
181.8 0.0 15 0.0
181.9 0.0 15 0.0
182.0 0.0 15 0.0
182.1 0.0 15 0.0
182.2 0.0 15 0.0
182.3 0.0 15 0.0
182.4 0.0 15 0.0
182.5 0.0 15 0.0
182.6 0.0 15 0.0
182.7 0.0 15 0.0
182.8 0.0 15 0.0
182.9 0.0 15 0.0
183.0 0.0 15 0.0
183.1 0.0 15 0.0
183.2 0.0 15 0.0
183.3 0.0 15 0.0
183.4 0.0 15 0.0
183.5 0.0 15 0.0
183.6 0.0 15 0.0
183.7 0.0 15 0.0
183.8 0.0 15 0.0
183.9 0.0 15 0.0
184.0 0.0 15 0.0
184.1 0.0 15 0.0
184.2 0.0 15 0.0
184.3 0.0 15 0.0
184.4 0.0 15 0.0
184.5 0.0 15 0.0
184.6 0.0 15 0.0
184.7 0.0 15 0.0
184.8 0.0 15 0.0
184.9 0.0 15 0.0
185.0 0.0 15 0.0
185.1 0.0 15 0.0
185.2 0.0 15 0.0
185.3 0.0 15 0.0
185.4 0.0 15 0.0
185.5 0.0 15 0.0
185.6 0.0 15 0.0
185.7 0.0 15 0.0
185.8 0.0 15 0.0
185.9 0.0 15 0.0
186.0 0.0 15 0.0
186.1 0.0 15 0.0
186.2 0.0 15 0.0
186.3 0.0 15 0.0
186.4 0.0 15 0.0
186.5 0.0 15 0.0
186.6 0.0 15 0.0
186.7 0.0 15 0.0
186.8 0.0 15 0.0
186.9 0.0 15 0.0
187.0 0.0 15 0.0
187.1 0.0 15 0.0
187.2 0.0 15 0.0
187.3 0.0 15 0.0
187.4 0.0 15 0.0
187.5 0.0 15 0.0
187.6 0.0 15 0.0
187.7 0.0 15 0.0
187.8 0.0 15 0.0
187.9 0.0 15 0.0
188.0 0.0 15 0.0
188.1 0.0 15 0.0
188.2 0.0 15 0.0
188.3 0.0 15 0.0
188.4 0.0 15 0.0
188.5 0.0 15 0.0
188.6 0.0 15 0.0
188.7 0.0 15 0.0
188.8 0.0 15 0.0
188.9 0.0 15 0.0
189.0 0.0 15 0.0
189.1 0.0 15 0.0
189.2 0.0 15 0.0
189.3 0.0 15 0.0
189.4 0.0 15 0.0
189.5 0.0 15 0.0
189.6 0.0 15 0.0
189.7 0.0 15 0.0
189.8 0.0 15 0.0
189.9 0.0 15 0.0
190.0 0.0 15 0.0
190.1 0.0 15 0.0
190.2 0.0 15 0.0
190.3 0.0 15 0.0
190.4 0.0 15 0.0
190.5 0.0 15 0.0
190.6 0.0 15 0.0
190.7 0.0 15 0.0
190.8 0.0 15 0.0
190.9 0.0 15 0.0
191.0 0.0 15 0.0
191.1 0.0 15 0.0
191.2 0.0 15 0.0
191.3 0.0 15 0.0
191.4 0.0 15 0.0
191.5 0.0 15 0.0
191.6 0.0 15 0.0
191.7 0.0 15 0.0
191.8 0.0 15 0.0
191.9 0.0 15 0.0
192.0 0.0 15 0.0
192.1 0.0 15 0.0
192.2 0.0 15 0.0
192.3 0.0 15 0.0
192.4 0.0 15 0.0
192.5 0.0 15 0.0
192.6 0.0 15 0.0
192.7 0.0 15 0.0
192.8 0.0 15 0.0
192.9 0.0 15 0.0
193.0 0.0 15 0.0
193.1 0.0 15 0.0
193.2 0.0 15 0.0
193.3 0.0 15 0.0
193.4 0.0 15 0.0
193.5 0.0 15 0.0
193.6 0.0 15 0.0
193.7 0.0 15 0.0
193.8 0.0 15 0.0
193.9 0.0 15 0.0
193.9 0.0 15 0.0
194.0 0.0 15 0.0
194.1 0.0 15 0.0
194.2 0.0 15 0.0
194.3 0.0 15 0.0
194.4 0.0 15 0.0
194.5 0.0 15 0.0
194.6 0.0 15 0.0
194.7 0.0 15 0.0
194.8 0.0 15 0.0
194.9 0.0 15 0.0
195.0 0.0 15 0.0
195.1 0.0 15 0.0
195.2 0.0 15 0.0
195.3 0.0 15 0.0
195.4 0.0 15 0.0
195.5 0.0 15 0.0
195.6 0.0 15 0.0
195.7 0.0 15 0.0
195.8 0.0 15 0.0
195.9 0.0 15 0.0
196.0 0.0 15 0.0
196.1 0.0 15 0.0
196.2 0.0 15 0.0
196.3 0.0 15 0.0
196.4 0.0 15 0.0
196.5 0.0 15 0.0
196.6 0.0 15 0.0
196.7 0.0 15 0.0
196.8 0.0 15 0.0
196.9 0.0 15 0.0
197.0 0.0 15 0.0
197.1 0.0 15 0.0
197.2 0.0 15 0.0
197.3 0.0 15 0.0
197.4 0.0 15 0.0
197.5 0.0 15 0.0
197.6 0.0 15 0.0
197.7 0.0 15 0.0
197.8 0.0 15 0.0
197.9 0.0 15 0.0
198.0 0.0 15 0.0
198.1 0.0 15 0.0
198.2 0.0 15 0.0
198.3 0.0 15 0.0
198.4 0.0 15 0.0
198.5 0.0 15 0.0
198.6 0.0 15 0.0
198.7 0.0 15 0.0
198.8 0.0 15 0.0
198.9 0.0 15 0.0
199.0 0.0 15 0.0
199.1 0.0 15 0.0
199.2 0.0 15 0.0
199.3 0.0 15 0.0
199.4 0.0 15 0.0
199.5 0.0 15 0.0
199.6 0.0 15 0.0
199.7 0.0 15 0.0
199.8 0.0 15 0.0
199.9 0.0 15 0.0
200.0 0.0 15 0.0
200.1 0.0 15 0.0
200.2 0.0 15 0.0
200.3 0.0 15 0.0
200.4 0.0 15 0.0
200.5 0.0 15 0.0
200.6 0.0 15 0.0
200.7 0.0 15 0.0
200.8 0.0 15 0.0
200.9 0.0 15 0.0
201.0 0.0 15 0.0
201.1 0.0 15 0.0
201.2 0.0 15 0.0
201.3 0.0 15 0.0
201.4 0.0 15 0.0
201.5 0.0 15 0.0
201.6 0.0 15 0.0
201.7 0.0 15 0.0
201.8 0.0 15 0.0
201.9 0.0 15 0.0
202.0 0.0 15 0.0
202.1 0.0 15 0.0
202.2 0.0 15 0.0
202.3 0.0 15 0.0
202.4 0.0 15 0.0
202.5 0.0 15 0.0
202.6 0.0 15 0.0
202.7 0.0 15 0.0
202.8 0.0 15 0.0
202.9 0.0 15 0.0
203.0 0.0 15 0.0
203.1 0.0 15 0.0
203.2 0.0 15 0.0
203.3 0.0 15 0.0
203.4 0.0 15 0.0
203.5 0.0 15 0.0
203.6 0.0 15 0.0
203.7 0.0 15 0.0
203.8 0.0 15 0.0
203.9 0.0 15 0.0
204.0 0.0 15 0.0
204.1 0.0 15 0.0
204.2 0.0 15 0.0
204.3 0.0 15 0.0
204.4 0.0 15 0.0
204.5 0.0 15 0.0
204.6 0.0 15 0.0
204.7 0.0 15 0.0
204.8 0.0 15 0.0
204.9 0.0 15 0.0
205.0 0.0 15 0.0
205.1 0.0 15 0.0
205.2 0.0 15 0.0
205.3 0.0 15 0.0
205.4 0.0 15 0.0
205.5 0.0 15 0.0
205.6 0.0 15 0.0
205.7 0.0 15 0.0
205.8 0.0 15 0.0
205.9 0.0 15 0.0
206.0 0.0 15 0.0
206.1 0.0 15 0.0
206.2 0.0 15 0.0
206.3 0.0 15 0.0
206.4 0.0 15 0.0
206.5 0.0 15 0.0
206.6 0.0 15 0.0
206.7 0.0 15 0.0
206.8 0.0 15 0.0
206.9 0.0 15 0.0
207.0 0.0 15 0.0
207.1 0.0 15 0.0
207.2 0.0 15 0.0
207.3 0.0 15 0.0
207.4 0.0 15 0.0
207.5 0.0 15 0.0
207.6 0.0 15 0.0
207.7 0.0 15 0.0
207.8 0.0 15 0.0
207.9 0.0 15 0.0
208.0 0.0 15 0.0
208.1 0.0 15 0.0
208.2 0.0 15 0.0
208.3 0.0 15 0.0
208.4 0.0 15 0.0
208.5 0.0 15 0.0
208.6 0.0 15 0.0
208.7 0.0 15 0.0
208.8 0.0 15 0.0
208.9 0.0 15 0.0
209.0 0.0 15 0.0
209.1 0.0 15 0.0
209.2 0.0 15 0.0
209.3 0.0 15 0.0
209.4 0.0 15 0.0
209.5 0.0 15 0.0
209.6 0.0 15 0.0
209.7 0.0 15 0.0
209.8 0.0 15 0.0
209.9 0.0 15 0.0
210.0 0.0 15 0.0
210.1 0.0 15 0.0
210.2 0.0 15 0.0
210.3 0.0 15 0.0
210.4 0.0 15 0.0
210.5 0.0 15 0.0
210.6 0.0 15 0.0
210.7 0.0 15 0.0
210.8 0.0 15 0.0
210.9 0.0 15 0.0
211.0 0.0 15 0.0
211.1 0.0 15 0.0
211.2 0.0 15 0.0
211.3 0.0 15 0.0
211.4 0.0 15 0.0
211.5 0.0 15 0.0
211.6 0.0 15 0.0
211.7 0.0 15 0.0
211.8 0.0 15 0.0
211.9 0.0 15 0.0
212.0 0.0 15 0.0
212.1 0.0 15 0.0
212.2 0.0 15 0.0
212.3 0.0 15 0.0
212.4 0.0 15 0.0
212.5 0.0 15 0.0
212.6 0.0 15 0.0
212.7 0.0 15 0.0
212.8 0.0 15 0.0
212.9 0.0 15 0.0
213.0 0.0 15 0.0
213.1 0.0 15 0.0
213.2 0.0 15 0.0
213.3 0.0 15 0.0
213.4 0.0 15 0.0
213.5 0.0 15 0.0
213.6 0.0 15 0.0
213.7 0.0 15 0.0
213.8 0.0 15 0.0
213.9 0.0 15 0.0
214.0 0.0 15 0.0
214.1 0.0 15 0.0
214.2 0.0 15 0.0
214.3 0.0 15 0.0
214.4 0.0 15 0.0
214.5 0.0 15 0.0
214.6 0.0 15 0.0
214.7 0.0 15 0.0
214.8 0.0 15 0.0
214.9 0.0 15 0.0
215.0 0.0 15 0.0
215.1 0.0 15 0.0
215.2 0.0 15 0.0
215.3 0.0 15 0.0
215.4 0.0 15 0.0
215.5 0.0 15 0.0
215.6 0.0 15 0.0
215.7 0.0 15 0.0
215.8 0.0 15 0.0
215.9 0.0 15 0.0
216.0 0.0 15 0.0
216.1 0.0 15 0.0
216.2 0.0 15 0.0
216.3 0.0 15 0.0
216.4 0.0 15 0.0
216.5 0.0 15 0.0
216.6 0.0 15 0.0
216.7 0.0 15 0.0
216.8 0.0 15 0.0
216.9 0.0 15 0.0
217.0 0.0 15 0.0
217.1 0.0 15 0.0
217.2 0.0 15 0.0
217.3 0.0 15 0.0
217.4 0.0 15 0.0
217.5 0.0 15 0.0
217.6 0.0 15 0.0
217.7 0.0 15 0.0
217.8 0.0 15 0.0
217.9 0.0 15 0.0
218.0 0.0 15 0.0
218.1 0.0 15 0.0
218.2 0.0 15 0.0
218.3 0.0 15 0.0
218.4 0.0 15 0.0
218.5 0.0 15 0.0
218.6 0.0 15 0.0
218.7 0.0 15 0.0
218.7 0.0 15 0.0
218.8 0.0 15 0.0
218.9 0.0 15 0.0
219.0 0.0 15 0.0
219.1 0.0 15 0.0
219.2 0.0 15 0.0
219.3 0.0 15 0.0
219.4 0.0 15 0.0
219.5 0.0 15 0.0
219.6 0.0 15 0.0
219.7 0.0 15 0.0
219.8 0.0 15 0.0
219.9 0.0 15 0.0
220.0 0.0 15 0.0
220.1 0.0 15 0.0
220.2 0.0 15 0.0
220.3 0.0 15 0.0
220.4 0.0 15 0.0
220.5 0.0 15 0.0
220.6 0.0 15 0.0
220.7 0.0 15 0.0
220.8 0.0 15 0.0
220.9 0.0 15 0.0
221.0 0.0 15 0.0
221.1 0.0 15 0.0
221.2 0.0 15 0.0
221.3 0.0 15 0.0
221.4 0.0 15 0.0
221.5 0.0 15 0.0
221.6 0.0 15 0.0
221.7 0.0 15 0.0
221.8 0.0 15 0.0
221.9 0.0 15 0.0
222.0 0.0 15 0.0
222.1 0.0 15 0.0
222.2 0.0 15 0.0
222.3 0.0 15 0.0
222.4 0.0 15 0.0
222.5 0.0 15 0.0
222.6 0.0 15 0.0
222.7 0.0 15 0.0
222.8 0.0 15 0.0
222.9 0.0 15 0.0
223.0 0.0 15 0.0
223.1 0.0 15 0.0
223.2 0.0 15 0.0
223.3 0.0 15 0.0
223.4 0.0 15 0.0
223.5 0.0 15 0.0
223.6 0.0 15 0.0
223.7 0.0 15 0.0
223.8 0.0 15 0.0
223.9 0.0 15 0.0
224.0 0.0 15 0.0
224.1 0.0 15 0.0
224.2 0.0 15 0.0
224.3 0.0 15 0.0
224.4 0.0 15 0.0
224.5 0.0 15 0.0
224.6 0.0 15 0.0
224.7 0.0 15 0.0
224.8 0.0 15 0.0
224.9 0.0 15 0.0
225.0 0.0 15 0.0
225.1 0.0 15 0.0
225.2 0.0 15 0.0
225.3 0.0 15 0.0
225.4 0.0 15 0.0
225.5 0.0 15 0.0
225.6 0.0 15 0.0
225.7 0.0 15 0.0
225.8 0.0 15 0.0
225.9 0.0 15 0.0
226.0 0.0 15 0.0
226.1 0.0 15 0.0
226.2 0.0 15 0.0
226.3 0.0 15 0.0
226.4 0.0 15 0.0
226.5 0.0 15 0.0
226.6 0.0 15 0.0
226.7 0.0 15 0.0
226.8 0.0 15 0.0
226.9 0.0 15 0.0
227.0 0.0 15 0.0
227.1 0.0 15 0.0
227.2 0.0 15 0.0
227.3 0.0 15 0.0
227.4 0.0 15 0.0
227.5 0.0 15 0.0
227.6 0.0 15 0.0
227.7 0.0 15 0.0
227.8 0.0 15 0.0
227.9 0.0 15 0.0
228.0 0.0 15 0.0
228.1 0.0 15 0.0
228.2 0.0 15 0.0
228.3 0.0 15 0.0
228.4 0.0 15 0.0
228.5 0.0 15 0.0
228.6 0.0 15 0.0
228.7 0.0 15 0.0
228.8 0.0 15 0.0
228.9 0.0 15 0.0
229.0 0.0 15 0.0
229.1 0.0 15 0.0
229.2 0.0 15 0.0
229.3 0.0 15 0.0
229.4 0.0 15 0.0
229.5 0.0 15 0.0
229.6 0.0 15 0.0
229.7 0.0 15 0.0
229.8 0.0 15 0.0
229.9 0.0 15 0.0
230.0 0.0 15 0.0
230.1 0.0 15 0.0
230.2 0.0 15 0.0
230.3 0.0 15 0.0
230.4 0.0 15 0.0
230.5 0.0 15 0.0
230.6 0.0 15 0.0
230.7 0.0 15 0.0
230.8 0.0 15 0.0
230.9 0.0 15 0.0
231.0 0.0 15 0.0
231.1 0.0 15 0.0
231.2 0.0 15 0.0
231.3 0.0 15 0.0
231.4 0.0 15 0.0
231.5 0.0 15 0.0
231.6 0.0 15 0.0
231.7 0.0 15 0.0
231.8 0.0 15 0.0
231.9 0.0 15 0.0
232.0 0.0 15 0.0
232.1 0.0 15 0.0
232.2 0.0 15 0.0
232.3 0.0 15 0.0
232.4 0.0 15 0.0
232.5 0.0 15 0.0
232.6 0.0 15 0.0
232.7 0.0 15 0.0
232.8 0.0 15 0.0
232.9 0.0 15 0.0
233.0 0.0 15 0.0
233.1 0.0 15 0.0
233.2 0.0 15 0.0
233.3 0.0 15 0.0
233.4 0.0 15 0.0
233.5 0.0 15 0.0
233.6 0.0 15 0.0
233.7 0.0 15 0.0
233.8 0.0 15 0.0
233.9 0.0 15 0.0
234.0 0.0 15 0.0
234.1 0.0 15 0.0
234.2 0.0 15 0.0
234.3 0.0 15 0.0
234.4 0.0 15 0.0
234.5 0.0 15 0.0
234.6 0.0 15 0.0
234.7 0.0 15 0.0
234.8 0.0 15 0.0
234.9 0.0 15 0.0
235.0 0.0 15 0.0
235.1 0.0 15 0.0
235.2 0.0 15 0.0
235.3 0.0 15 0.0
235.4 0.0 15 0.0
235.5 0.0 15 0.0
235.6 0.0 15 0.0
235.7 0.0 15 0.0
235.8 0.0 15 0.0
235.9 0.0 15 0.0
236.0 0.0 15 0.0
236.1 0.0 15 0.0
236.2 0.0 15 0.0
236.3 0.0 15 0.0
236.4 0.0 15 0.0
236.5 0.0 15 0.0
236.6 0.0 15 0.0
236.7 0.0 15 0.0
236.8 0.0 15 0.0
236.9 0.0 15 0.0
237.0 0.0 15 0.0
237.1 0.0 15 0.0
237.2 0.0 15 0.0
237.3 0.0 15 0.0
237.4 0.0 15 0.0
237.5 0.0 15 0.0
237.6 0.0 15 0.0
237.7 0.0 15 0.0
237.8 0.0 15 0.0
237.9 0.0 15 0.0
238.0 0.0 15 0.0
238.1 0.0 15 0.0
238.2 0.0 15 0.0
238.3 0.0 15 0.0
238.4 0.0 15 0.0
238.5 0.0 15 0.0
238.6 0.0 15 0.0
238.7 0.0 15 0.0
238.8 0.0 15 0.0
238.9 0.0 15 0.0
239.0 0.0 15 0.0
239.1 0.0 15 0.0
239.2 0.0 15 0.0
239.3 0.0 15 0.0
239.4 0.0 15 0.0
239.5 0.0 15 0.0
239.6 0.0 15 0.0
239.7 0.0 15 0.0
239.8 0.0 15 0.0
239.9 0.0 15 0.0
240.0 0.0 15 0.0
240.1 0.0 15 0.0
240.2 0.0 15 0.0
240.3 0.0 15 0.0
240.4 0.0 15 0.0
240.5 0.0 15 0.0
240.6 0.0 15 0.0
240.7 0.0 15 0.0
240.8 0.0 15 0.0
240.9 0.0 15 0.0
241.0 0.0 15 0.0
241.1 0.0 15 0.0
241.2 0.0 15 0.0
241.3 0.0 15 0.0
241.4 0.0 15 0.0
241.5 0.0 15 0.0
241.6 0.0 15 0.0
241.7 0.0 15 0.0
241.8 0.0 15 0.0
241.9 0.0 15 0.0
242.0 0.0 15 0.0
242.1 0.0 15 0.0
242.2 0.0 15 0.0
242.3 0.0 15 0.0
242.4 0.0 15 0.0
242.5 0.0 15 0.0
242.6 0.0 15 0.0
242.7 0.0 15 0.0
242.8 0.0 15 0.0
242.9 0.0 15 0.0
243.0 0.0 15 0.0
243.1 0.0 15 0.0
243.2 0.0 15 0.0
243.3 0.0 15 0.0
243.4 0.0 15 0.0
243.4 0.0 15 0.0
243.5 0.0 15 0.0
243.6 0.0 15 0.0
243.7 0.0 15 0.0
243.8 0.0 15 0.0
243.9 0.0 15 0.0
244.0 0.0 15 0.0
244.1 0.0 15 0.0
244.2 0.0 15 0.0
244.3 0.0 15 0.0
244.4 0.0 15 0.0
244.5 0.0 15 0.0
244.6 0.0 15 0.0
244.7 0.0 15 0.0
244.8 0.0 15 0.0
244.9 0.0 15 0.0
245.0 0.0 15 0.0
245.1 0.0 15 0.0
245.2 0.0 15 0.0
245.3 0.0 15 0.0
245.4 0.0 15 0.0
245.5 0.0 15 0.0
245.6 0.0 15 0.0
245.7 0.0 15 0.0
245.8 0.0 15 0.0
245.9 0.0 15 0.0
246.0 0.0 15 0.0
246.1 0.0 15 0.0
246.2 0.0 15 0.0
246.3 0.0 15 0.0
246.4 0.0 15 0.0
246.5 0.0 15 0.0
246.6 0.0 15 0.0
246.7 0.0 15 0.0
246.8 0.0 15 0.0
246.9 0.0 15 0.0
247.0 0.0 15 0.0
247.1 0.0 15 0.0
247.2 0.0 15 0.0
247.3 0.0 15 0.0
247.4 0.0 15 0.0
247.5 0.0 15 0.0
247.6 0.0 15 0.0
247.7 0.0 15 0.0
247.8 0.0 15 0.0
247.9 0.0 15 0.0
248.0 0.0 15 0.0
248.1 0.0 15 0.0
248.2 0.0 15 0.0
248.3 0.0 15 0.0
248.4 0.0 15 0.0
248.5 0.0 15 0.0
248.6 0.0 15 0.0
248.7 0.0 15 0.0
248.8 0.0 15 0.0
248.9 0.0 15 0.0
249.0 0.0 15 0.0
249.1 0.0 15 0.0
249.2 0.0 15 0.0
249.3 0.0 15 0.0
249.4 0.0 15 0.0
249.5 0.0 15 0.0
249.6 0.0 15 0.0
249.7 0.0 15 0.0
249.8 0.0 15 0.0
249.9 0.0 15 0.0
250.0 0.0 15 0.0
250.1 0.0 15 0.0
250.2 0.0 15 0.0
250.3 0.0 15 0.0
250.4 0.0 15 0.0
250.5 0.0 15 0.0
250.6 0.0 15 0.0
250.7 0.0 15 0.0
250.8 0.0 15 0.0
250.9 0.0 15 0.0
251.0 0.0 15 0.0
251.1 0.0 15 0.0
251.2 0.0 15 0.0
251.3 0.0 15 0.0
251.4 0.0 15 0.0
251.5 0.0 15 0.0
251.6 0.0 15 0.0
251.7 0.0 15 0.0
251.8 0.0 15 0.0
251.9 0.0 15 0.0
252.0 0.0 15 0.0
252.1 0.0 15 0.0
252.2 0.0 15 0.0
252.3 0.0 15 0.0
252.4 0.0 15 0.0
252.5 0.0 15 0.0
252.6 0.0 15 0.0
252.7 0.0 15 0.0
252.8 0.0 15 0.0
252.9 0.0 15 0.0
253.0 0.0 15 0.0
253.1 0.0 15 0.0
253.2 0.0 15 0.0
253.3 0.0 15 0.0
253.4 0.0 15 0.0
253.5 0.0 15 0.0
253.6 0.0 15 0.0
253.7 0.0 15 0.0
253.8 0.0 15 0.0
253.9 0.0 15 0.0
254.0 0.0 15 0.0
254.1 0.0 15 0.0
254.2 0.0 15 0.0
254.3 0.0 15 0.0
254.4 0.0 15 0.0
254.5 0.0 15 0.0
254.6 0.0 15 0.0
254.7 0.0 15 0.0
254.8 0.0 15 0.0
254.9 0.0 15 0.0
255.0 0.0 15 0.0
255.1 0.0 15 0.0
255.2 0.0 15 0.0
255.3 0.0 15 0.0
255.4 0.0 15 0.0
255.5 0.0 15 0.0
255.6 0.0 15 0.0
255.7 0.0 15 0.0
255.8 0.0 15 0.0
255.9 0.0 15 0.0
256.0 0.0 15 0.0
256.1 0.0 15 0.0
256.2 0.0 15 0.0
256.3 0.0 15 0.0
256.4 0.0 15 0.0
256.5 0.0 15 0.0
256.6 0.0 15 0.0
256.7 0.0 15 0.0
256.8 0.0 15 0.0
256.9 0.0 15 0.0
257.0 0.0 15 0.0
257.1 0.0 15 0.0
257.2 0.0 15 0.0
257.3 0.0 15 0.0
257.4 0.0 15 0.0
257.5 0.0 15 0.0
257.6 0.0 15 0.0
257.7 0.0 15 0.0
257.8 0.0 15 0.0
257.9 0.0 15 0.0
258.0 0.0 15 0.0
258.1 0.0 15 0.0
258.2 0.0 15 0.0
258.3 0.0 15 0.0
258.4 0.0 15 0.0
258.5 0.0 15 0.0
258.6 0.0 15 0.0
258.7 0.0 15 0.0
258.8 0.0 15 0.0
258.9 0.0 15 0.0
259.0 0.0 15 0.0
259.1 0.0 15 0.0
259.2 0.0 15 0.0
259.3 0.0 15 0.0
259.4 0.0 15 0.0
259.5 0.0 15 0.0
259.6 0.0 15 0.0
259.7 0.0 15 0.0
259.8 0.0 15 0.0
259.9 0.0 15 0.0
260.0 0.0 15 0.0
260.1 0.0 15 0.0
260.2 0.0 15 0.0
260.3 0.0 15 0.0
260.4 0.0 15 0.0
260.5 0.0 15 0.0
260.6 0.0 15 0.0
260.7 0.0 15 0.0
260.8 0.0 15 0.0
260.9 0.0 15 0.0
261.0 0.0 15 0.0
261.1 0.0 15 0.0
261.2 0.0 15 0.0
261.3 0.0 15 0.0
261.4 0.0 15 0.0
261.5 0.0 15 0.0
261.6 0.0 15 0.0
261.7 0.0 15 0.0
261.8 0.0 15 0.0
261.9 0.0 15 0.0
262.0 0.0 15 0.0
262.1 0.0 15 0.0
262.2 0.0 15 0.0
262.3 0.0 15 0.0
262.4 0.0 15 0.0
262.5 0.0 15 0.0
262.6 0.0 15 0.0
262.7 0.0 15 0.0
262.8 0.0 15 0.0
262.9 0.0 15 0.0
263.0 0.0 15 0.0
263.1 0.0 15 0.0
263.2 0.0 15 0.0
263.3 0.0 15 0.0
263.4 0.0 15 0.0
263.5 0.0 15 0.0
263.6 0.0 15 0.0
263.7 0.0 15 0.0
263.8 0.0 15 0.0
263.9 0.0 15 0.0
264.0 0.0 15 0.0
264.1 0.0 15 0.0
264.2 0.0 15 0.0
264.3 0.0 15 0.0
264.4 0.0 15 0.0
264.5 0.0 15 0.0
264.6 0.0 15 0.0
264.7 0.0 15 0.0
264.8 0.0 15 0.0
264.9 0.0 15 0.0
265.0 0.0 15 0.0
265.1 0.0 15 0.0
265.2 0.0 15 0.0
265.3 0.0 15 0.0
265.4 0.0 15 0.0
265.5 0.0 15 0.0
265.6 0.0 15 0.0
265.7 0.0 15 0.0
265.8 0.0 15 0.0
265.9 0.0 15 0.0
266.0 0.0 15 0.0
266.0 0.0 15 0.0
266.1 0.0 15 0.0
266.2 0.0 15 0.0
266.3 0.0 15 0.0
266.4 0.0 15 0.0
266.5 0.0 15 0.0
266.6 0.0 15 0.0
266.7 0.0 15 0.0
266.8 0.0 15 0.0
266.9 0.0 15 0.0
267.0 0.0 15 0.0
267.1 0.0 15 0.0
267.2 0.0 15 0.0
267.3 0.0 15 0.0
267.4 0.0 15 0.0
267.5 0.0 15 0.0
267.6 0.0 15 0.0
267.7 0.0 15 0.0
267.8 0.0 15 0.0
267.9 0.0 15 0.0
268.0 0.0 15 0.0
268.1 0.0 15 0.0
268.2 0.0 15 0.0
268.3 0.0 15 0.0
268.4 0.0 15 0.0
268.5 0.0 15 0.0
268.6 0.0 15 0.0
268.7 0.0 15 0.0
268.8 0.0 15 0.0
268.9 0.0 15 0.0
269.0 0.0 15 0.0
269.1 0.0 15 0.0
269.2 0.0 15 0.0
269.3 0.0 15 0.0
269.4 0.0 15 0.0
269.5 0.0 15 0.0
269.6 0.0 15 0.0
269.7 0.0 15 0.0
269.8 0.0 15 0.0
269.9 0.0 15 0.0
270.0 0.0 15 0.0
270.1 0.0 15 0.0
270.2 0.0 15 0.0
270.3 0.0 15 0.0
270.4 0.0 15 0.0
270.5 0.0 15 0.0
270.6 0.0 15 0.0
270.7 0.0 15 0.0
270.8 0.0 15 0.0
270.9 0.0 15 0.0
271.0 0.0 15 0.0
271.1 0.0 15 0.0
271.2 0.0 15 0.0
271.3 0.0 15 0.0
271.4 0.0 15 0.0
271.5 0.0 15 0.0
271.6 0.0 15 0.0
271.7 0.0 15 0.0
271.8 0.0 15 0.0
271.9 0.0 15 0.0
272.0 0.0 15 0.0
272.1 0.0 15 0.0
272.2 0.0 15 0.0
272.3 0.0 15 0.0
272.4 0.0 15 0.0
272.5 0.0 15 0.0
272.6 0.0 15 0.0
272.7 0.0 15 0.0
272.8 0.0 15 0.0
272.9 0.0 15 0.0
273.0 0.0 15 0.0
273.1 0.0 15 0.0
273.2 0.0 15 0.0
273.3 0.0 15 0.0
273.4 0.0 15 0.0
273.5 0.0 15 0.0
273.6 0.0 15 0.0
273.7 0.0 15 0.0
273.8 0.0 15 0.0
273.9 135.9066 14 1.0
274.0 135.957 14 1.0
274.1 136.0074 14 1.0
274.2 136.0578 14 1.0
274.3 136.1082 14 1.0
274.4 136.1586 14 1.0
274.5 136.209 14 1.0
274.6 136.2594 14 1.0
274.7 136.3098 14 1.0
274.8 136.3602 14 1.0
274.9 136.4106 14 1.0
275.0 136.461 14 1.0
275.1 136.5114 14 1.0
275.2 136.5618 14 1.0
275.3 136.6122 14 1.0
275.4 136.6626 14 1.0
275.5 136.713 14 1.0
275.6 136.7634 14 1.0
275.7 136.8138 14 1.0
275.8 136.8642 14 1.0
275.9 136.9146 14 1.0
276.0 136.965 14 1.0
276.1 137.0154 14 1.0
276.2 137.0658 14 1.0
276.3 137.1162 14 1.0
276.4 137.1666 14 1.0
276.5 137.2171 14 1.0
276.6 137.2675 14 1.0
276.7 137.3179 14 1.0
276.8 137.3683 14 1.0
276.9 137.4187 14 1.0
277.0 137.4691 14 1.0
277.1 137.5195 14 1.0
277.2 137.5699 14 1.0
277.3 137.6203 14 1.0
277.4 137.6707 14 1.0
277.5 137.7211 14 1.0
277.6 137.7715 14 1.0
277.7 137.8219 14 1.0
277.8 137.8723 14 1.0
277.9 137.9227 14 1.0
278.0 137.9731 14 1.0
278.1 138.0235 14 1.0
278.2 138.0739 14 1.0
278.3 138.1243 14 1.0
278.4 138.1747 14 1.0
278.5 138.2251 14 1.0
278.6 138.2755 14 1.0
278.7 138.3259 14 1.0
278.8 138.3763 14 1.0
278.9 138.4267 14 1.0
279.0 138.4771 14 1.0
279.1 138.5275 14 1.0
279.2 138.5779 14 1.0
279.3 138.6283 14 1.0
279.4 138.6787 14 1.0
279.5 138.7291 14 1.0
279.6 138.7795 14 1.0
279.7 138.8299 14 1.0
279.8 138.8803 14 1.0
279.9 138.9307 14 1.0
280.0 138.9811 14 1.0
280.1 139.0315 14 1.0
280.2 139.0819 14 1.0
280.3 139.1323 14 1.0
280.4 139.1827 14 1.0
280.5 139.2331 14 1.0
280.6 139.2835 14 1.0
280.7 139.3339 14 1.0
280.8 139.3843 14 1.0
280.9 139.4347 14 1.0
281.0 139.4851 14 1.0
281.1 139.5355 14 1.0
281.2 139.5859 14 1.0
281.3 139.6363 14 1.0
281.4 139.6867 14 1.0
281.5 139.7371 14 1.0
281.6 139.7875 14 1.0
281.7 139.8379 14 1.0
281.8 139.8883 14 1.0
281.9 139.9387 14 1.0
282.0 139.9891 14 1.0
282.1 140.0395 14 1.0
282.2 140.0899 14 1.0
282.3 140.1403 14 1.0
282.4 140.1907 14 1.0
282.5 140.2411 14 1.0
282.6 140.2915 14 1.0
282.7 140.3419 14 1.0
282.8 140.3923 14 1.0
282.9 140.4427 14 1.0
283.0 140.4931 14 1.0
283.1 140.5435 14 1.0
283.2 140.5939 14 1.0
283.3 140.6443 14 1.0
283.4 140.6947 14 1.0
283.5 140.7451 14 1.0
283.6 140.7955 14 1.0
283.7 140.8459 14 1.0
283.8 140.8964 14 1.0
283.9 140.9468 14 1.0
284.0 140.9972 14 1.0
284.1 141.0476 14 1.0
284.2 141.098 14 1.0
284.3 141.1484 14 1.0
284.4 141.1988 14 1.0
284.5 141.2492 14 1.0
284.6 141.2996 14 1.0
284.7 141.35 14 1.0
284.8 141.4004 14 1.0
284.9 141.4508 14 1.0
285.0 141.5012 14 1.0
285.1 141.5516 14 1.0
285.2 141.602 14 1.0
285.3 141.6524 14 1.0
285.4 141.7028 14 1.0
285.5 141.7532 14 1.0
285.6 141.8036 14 1.0
285.7 141.854 14 1.0
285.8 141.9044 14 1.0
285.9 141.9548 14 1.0
286.0 142.0052 14 1.0
286.1 142.0556 14 1.0
286.2 142.106 14 1.0
286.3 142.1564 14 1.0
286.4 142.2068 14 1.0
286.5 142.2572 14 1.0
286.6 142.3076 14 1.0
286.7 142.358 14 1.0
286.8 142.4084 14 1.0
286.9 142.4588 14 1.0
287.0 142.5092 14 1.0
287.1 142.5596 14 1.0
287.2 142.61 14 1.0
287.3 142.6604 14 1.0
287.4 142.7108 14 1.0
287.5 142.7612 14 1.0
287.6 142.8116 14 1.0
287.7 142.862 14 1.0
287.8 142.9124 14 1.0
287.8 142.9628 14 1.0
287.9 143.0132 14 1.0
288.0 143.0636 14 1.0
288.1 143.114 14 1.0
288.2 143.1644 14 1.0
288.3 143.2148 14 1.0
288.4 143.2652 14 1.0
288.5 143.3156 14 1.0
288.6 143.366 14 1.0
288.7 143.4164 14 1.0
288.8 143.4668 14 1.0
288.9 143.5172 14 1.0
289.0 143.5676 14 1.0
289.1 143.618 14 1.0
289.2 143.6684 14 1.0
289.3 143.7188 14 1.0
289.4 143.7692 14 1.0
289.5 143.8196 14 1.0
289.6 143.87 14 1.0
289.7 143.9204 14 1.0
289.8 143.9708 14 1.0
289.9 144.0212 14 1.0
290.0 144.0716 14 1.0
290.1 144.122 14 1.0
290.2 144.1724 14 1.0
290.3 144.2228 14 1.0
290.4 144.2732 14 1.0
290.5 144.3236 14 1.0
290.6 144.374 14 1.0
290.7 144.4244 14 1.0
290.8 144.4748 14 1.0
290.9 144.5252 14 1.0
291.0 144.5757 14 1.0
291.1 144.6261 14 1.0
291.2 144.6765 14 1.0
291.3 144.7269 14 1.0
291.4 144.7773 14 1.0
291.5 144.8277 14 1.0
291.6 144.8781 14 1.0
291.7 144.9285 14 1.0
291.8 144.9789 14 1.0
291.9 145.0293 14 1.0
292.0 145.0797 14 1.0
292.1 145.1301 14 1.0
292.2 145.1805 14 1.0
292.3 145.2309 14 1.0
292.4 145.2813 14 1.0
292.5 145.3317 14 1.0
292.6 145.3821 14 1.0
292.7 145.4325 14 1.0
292.8 145.4829 14 1.0
292.9 145.5333 14 1.0
293.0 145.5837 14 1.0
293.1 145.6341 14 1.0
293.2 145.6845 14 1.0
293.3 145.7349 14 1.0
293.4 145.7853 14 1.0
293.5 145.8357 14 1.0
293.6 145.8861 14 1.0
293.7 145.9365 14 1.0
293.8 145.9869 14 1.0
293.9 146.0373 14 1.0
294.0 146.0877 14 1.0
294.1 146.1381 14 1.0
294.2 146.1885 14 1.0
294.3 146.2389 14 1.0
294.4 146.2893 14 1.0
294.5 146.3397 14 1.0
294.6 146.3901 14 1.0
294.7 146.4405 14 1.0
294.8 146.4909 14 1.0
294.9 146.5413 14 1.0
295.0 146.5917 14 1.0
295.1 146.6421 14 1.0
295.2 146.6925 14 1.0
295.3 146.7429 14 1.0
295.4 146.7933 14 1.0
295.5 146.8437 14 1.0
295.6 146.8941 14 1.0
295.7 146.9445 14 1.0
295.8 146.9949 14 1.0
295.9 147.0453 14 1.0
296.0 147.0957 14 1.0
296.1 147.1461 14 1.0
296.2 147.1965 14 1.0
296.3 147.2469 14 1.0
296.4 147.2973 14 1.0
296.5 147.3477 14 1.0
296.6 147.3981 14 1.0
296.7 147.4485 14 1.0
296.8 147.4989 14 1.0
296.9 147.5493 14 1.0
297.0 147.5997 14 1.0
297.1 147.6501 14 1.0
297.2 147.7005 14 1.0
297.3 147.7509 14 1.0
297.4 147.8013 14 1.0
297.5 147.8517 14 1.0
297.6 147.9021 14 1.0
297.7 147.9525 14 1.0
297.8 148.0029 14 1.0
297.9 148.0533 14 1.0
298.0 148.1037 14 1.0
298.1 148.1541 14 1.0
298.2 148.2045 14 1.0
298.3 148.255 14 1.0
298.4 148.3054 14 1.0
298.5 148.3558 14 1.0
298.6 148.4062 14 1.0
298.7 148.4566 14 1.0
298.8 148.507 14 1.0
298.9 148.5574 14 1.0
299.0 148.6078 14 1.0
299.1 148.6567 14 1.0
299.2 148.7057 14 1.0
299.3 148.7546 14 1.0
299.4 148.8036 14 1.0
299.5 148.8525 14 1.0
299.6 148.9015 14 1.0
299.7 148.9505 14 1.0
299.8 148.9994 14 1.0
299.9 149.0484 14 1.0
300.0 149.0973 14 1.0
300.1 149.1463 14 1.0
300.2 149.1952 14 1.0
300.3 149.2442 14 1.0
300.4 149.2932 14 1.0
300.5 149.3421 14 1.0
300.6 149.3911 14 1.0
300.7 149.44 14 1.0
300.8 149.489 14 1.0
300.9 149.5379 14 1.0
301.0 149.5869 14 1.0
301.1 149.6359 14 1.0
301.2 149.6848 14 1.0
301.3 149.7338 14 1.0
301.4 149.7827 14 1.0
301.5 149.8317 14 1.0
301.6 149.8806 14 1.0
301.7 149.9296 14 1.0
301.8 149.9786 14 1.0
301.9 150.0275 14 1.0
302.0 150.0765 14 1.0
302.1 150.1254 14 1.0
302.2 150.1744 14 1.0
302.3 150.2233 14 1.0
302.4 150.2723 14 1.0
302.5 150.3213 14 1.0
302.6 150.3702 14 1.0
302.7 150.4192 14 1.0
302.8 150.4681 14 1.0
302.9 150.5171 14 1.0
303.0 150.5661 14 1.0
303.1 150.615 14 1.0
303.2 150.664 14 1.0
303.3 150.7129 14 1.0
303.4 150.7619 14 1.0
303.5 150.8108 14 1.0
303.6 150.8598 14 1.0
303.7 150.9088 14 1.0
303.8 150.9577 14 1.0
303.9 151.0067 14 1.0
304.0 151.0556 14 1.0
304.1 151.1046 14 1.0
304.2 151.1535 14 1.0
304.3 151.2025 14 1.0
304.4 151.2515 14 1.0
304.5 151.3004 14 1.0
304.6 151.3494 14 1.0
304.7 151.3983 14 1.0
304.8 151.4473 14 1.0
304.9 151.4962 14 1.0
305.0 151.5452 14 1.0
305.1 151.5942 14 1.0
305.2 151.6431 14 1.0
305.3 151.6921 14 1.0
305.4 151.741 14 1.0
305.5 151.79 14 1.0
305.6 151.8389 14 1.0
305.7 151.8879 14 1.0
305.8 151.9369 14 1.0
305.9 151.9858 14 1.0
306.0 152.0348 14 1.0
306.1 152.0837 14 1.0
306.2 152.1327 14 1.0
306.3 152.1816 14 1.0
306.4 152.2306 14 1.0
306.5 152.2796 14 1.0
306.6 152.3285 14 1.0
306.7 152.3775 14 1.0
306.8 152.4264 14 1.0
306.8 152.4754 14 1.0
306.9 152.5243 14 1.0
307.0 152.5733 14 1.0
307.1 152.6223 14 1.0
307.2 152.6712 14 1.0
307.3 152.7202 14 1.0
307.4 152.7691 14 1.0
307.5 152.8181 14 1.0
307.6 152.867 14 1.0
307.7 152.916 14 1.0
307.8 152.965 14 1.0
307.9 153.0139 14 1.0
308.0 153.0629 14 1.0
308.1 153.1118 14 1.0
308.2 153.1608 14 1.0
308.3 153.2097 14 1.0
308.4 153.2587 14 1.0
308.5 153.3077 14 1.0
308.6 153.3566 14 1.0
308.7 153.4056 14 1.0
308.8 153.4545 14 1.0
308.9 153.5035 14 1.0
309.0 153.5524 14 1.0
309.1 153.6014 14 1.0
309.2 153.6504 14 1.0
309.3 153.6993 14 1.0
309.4 153.7483 14 1.0
309.5 153.7972 14 1.0
309.6 153.8462 14 1.0
309.7 153.8951 14 1.0
309.8 153.9441 14 1.0
309.9 153.9931 14 1.0
310.0 154.042 14 1.0
310.1 154.091 14 1.0
310.2 154.1399 14 1.0
310.3 154.1889 14 1.0
310.4 154.2378 14 1.0
310.5 154.2868 14 1.0
310.6 154.3358 14 1.0
310.7 154.3847 14 1.0
310.8 154.4337 14 1.0
310.9 154.4826 14 1.0
311.0 154.5316 14 1.0
311.1 154.5805 14 1.0
311.2 154.6295 14 1.0
311.3 154.6785 14 1.0
311.4 154.7274 14 1.0
311.5 154.7764 14 1.0
311.6 154.8253 14 1.0
311.7 154.8743 14 1.0
311.8 154.9232 14 1.0
311.9 154.9722 14 1.0
312.0 155.0212 14 1.0
312.1 155.0701 14 1.0
312.2 155.1191 14 1.0
312.3 155.168 14 1.0
312.4 155.217 14 1.0
312.5 155.2659 14 1.0
312.6 155.3149 14 1.0
312.7 155.3639 14 1.0
312.8 155.4128 14 1.0
312.9 155.4618 14 1.0
313.0 155.5107 14 1.0
313.1 155.5597 14 1.0
313.2 155.6086 14 1.0
313.3 155.6576 14 1.0
313.4 155.7066 14 1.0
313.5 155.7555 14 1.0
313.6 155.8045 14 1.0
313.7 155.8534 14 1.0
313.8 155.9024 14 1.0
313.9 155.9513 14 1.0
314.0 156.0003 14 1.0
314.1 156.0493 14 1.0
314.2 156.0982 14 1.0
314.3 156.1472 14 1.0
314.4 156.1961 14 1.0
314.5 156.2451 14 1.0
314.6 156.2941 14 1.0
314.7 156.343 14 1.0
314.8 156.392 14 1.0
314.9 156.4409 14 1.0
315.0 156.4899 14 1.0
315.1 156.5388 14 1.0
315.2 156.5878 14 1.0
315.3 156.6368 14 1.0
315.4 156.6857 14 1.0
315.5 156.7347 14 1.0
315.6 156.7836 14 1.0
315.7 156.8326 14 1.0
315.8 156.8815 14 1.0
315.9 156.9305 14 1.0
316.0 156.9795 14 1.0
316.1 157.0284 14 1.0
316.2 157.0774 14 1.0
316.3 157.1263 14 1.0
316.4 157.1753 14 1.0
316.5 157.2242 14 1.0
316.6 157.2732 14 1.0
316.7 157.3222 14 1.0
316.8 157.3711 14 1.0
316.9 157.4201 14 1.0
317.0 157.469 14 1.0
317.1 157.518 14 1.0
317.2 157.5669 14 1.0
317.3 157.6159 14 1.0
317.4 157.6649 14 1.0
317.5 157.7138 14 1.0
317.6 157.7628 14 1.0
317.7 157.8117 14 1.0
317.8 157.8607 14 1.0
317.9 157.9096 14 1.0
318.0 157.9586 14 1.0
318.1 158.0076 14 1.0
318.2 158.0565 14 1.0
318.3 158.1055 14 1.0
318.4 158.1544 14 1.0
318.5 158.2034 14 1.0
318.6 158.2523 14 1.0
318.7 158.3013 14 1.0
318.8 158.3503 14 1.0
318.9 158.3992 14 1.0
319.0 158.4482 14 1.0
319.1 158.4971 14 1.0
319.2 158.5461 14 1.0
319.3 158.595 14 1.0
319.4 158.644 14 1.0
319.5 158.693 14 1.0
319.6 158.7419 14 1.0
319.7 158.7909 14 1.0
319.8 158.8398 14 1.0
319.9 158.8888 14 1.0
320.0 158.9377 14 1.0
320.1 158.9867 14 1.0
320.2 159.0357 14 1.0
320.3 159.0846 14 1.0
320.4 159.1336 14 1.0
320.5 159.1825 14 1.0
320.6 159.2315 14 1.0
320.7 159.2804 14 1.0
320.8 159.3294 14 1.0
320.9 159.3784 14 1.0
321.0 159.4273 14 1.0
321.1 159.4763 14 1.0
321.2 159.5252 14 1.0
321.3 159.5742 14 1.0
321.4 159.6231 14 1.0
321.5 159.6721 14 1.0
321.6 159.7211 14 1.0
321.7 159.77 14 1.0
321.8 159.819 14 1.0
321.9 159.8679 14 1.0
322.0 159.9169 14 1.0
322.1 159.9658 14 1.0
322.2 160.0148 14 1.0
322.3 160.0638 14 1.0
322.4 160.1127 14 1.0
322.5 160.1617 14 1.0
322.6 160.2106 14 1.0
322.7 160.2596 14 1.0
322.7 160.3085 14 1.0
322.8 160.3575 14 1.0
322.9 160.4065 14 1.0
323.0 160.4554 14 1.0
323.1 160.5044 14 1.0
323.2 160.5533 14 1.0
323.3 160.6023 14 1.0
323.4 160.6512 14 1.0
323.5 160.7002 14 1.0
323.6 160.7492 14 1.0
323.7 160.7981 14 1.0
323.8 160.8471 14 1.0
323.9 160.896 14 1.0
324.0 160.945 14 1.0
324.1 160.9939 14 1.0
324.2 161.0429 14 1.0
324.3 161.0919 14 1.0
324.4 161.1408 14 1.0
324.5 161.1898 14 1.0
324.6 161.2387 14 1.0
324.7 161.2877 14 1.0
324.8 161.3366 14 1.0
324.9 161.3856 14 1.0
325.0 161.4346 14 1.0
325.1 161.4835 14 1.0
325.2 161.5325 14 1.0
325.3 161.5814 14 1.0
325.4 161.6304 14 1.0
325.5 161.6793 14 1.0
325.6 161.7283 14 1.0
325.7 161.7773 14 1.0
325.8 161.8262 14 1.0
325.9 161.8752 14 1.0
326.0 161.9241 14 1.0
326.1 161.9731 14 1.0
326.2 162.0221 14 1.0
326.3 162.071 14 1.0
326.4 162.12 14 1.0
326.5 162.1689 14 1.0
326.6 162.2179 14 1.0
326.7 162.2668 14 1.0
326.8 162.3158 14 1.0
326.9 162.3648 14 1.0
327.0 162.4137 14 1.0
327.1 162.4627 14 1.0
327.2 162.5116 14 1.0
327.3 162.5606 14 1.0
327.4 162.6095 14 1.0
327.5 162.6585 14 1.0
327.6 162.7075 14 1.0
327.7 162.7564 14 1.0
327.8 162.8054 14 1.0
327.9 162.8543 14 1.0
328.0 162.9033 14 1.0
328.1 162.9522 14 1.0
328.2 163.0012 14 1.0
328.3 163.0502 14 1.0
328.4 163.0991 14 1.0
328.5 163.1481 14 1.0
328.6 163.197 14 1.0
328.7 163.246 14 1.0
328.8 163.2949 14 1.0
328.9 163.3439 14 1.0
329.0 163.3929 14 1.0
329.1 163.4418 14 1.0
329.2 163.4908 14 1.0
329.3 163.5397 14 1.0
329.4 163.5887 14 1.0
329.5 163.6376 14 1.0
329.6 163.6866 14 1.0
329.7 163.7356 14 1.0
329.8 163.7845 14 1.0
329.9 163.8335 14 1.0
330.0 163.8824 14 1.0
330.1 163.9314 14 1.0
330.2 163.9803 14 1.0
330.3 164.0293 14 1.0
330.4 164.0783 14 1.0
330.5 164.1272 14 1.0
330.6 164.1762 14 1.0
330.7 164.2251 14 1.0
330.8 164.2741 14 1.0
330.9 164.323 14 1.0
331.0 164.372 14 1.0
331.1 164.421 14 1.0
331.2 164.4699 14 1.0
331.3 164.5189 14 1.0
331.4 164.5678 14 1.0
331.5 164.6168 14 1.0
331.6 164.6657 14 1.0
331.7 164.7147 14 1.0
331.8 164.7637 14 1.0
331.9 164.8126 14 1.0
332.0 164.8616 14 1.0
332.1 164.9105 14 1.0
332.2 164.9595 14 1.0
332.3 165.0084 14 1.0
332.4 165.0574 14 1.0
332.5 165.1064 14 1.0
332.6 165.1553 14 1.0
332.7 165.2043 14 1.0
332.8 165.2532 14 1.0
332.9 165.3022 14 1.0
333.0 165.3511 14 1.0
333.1 165.4001 14 1.0
333.2 165.4491 14 1.0
333.3 165.498 14 1.0
333.4 165.547 14 1.0
333.5 165.5959 14 1.0
333.6 165.6449 14 1.0
333.7 165.6938 14 1.0
333.8 165.7428 14 1.0
333.9 165.7918 14 1.0
334.0 165.8407 14 1.0
334.1 165.8897 14 1.0
334.2 165.9386 14 1.0
334.3 165.9876 14 1.0
334.4 166.0365 14 1.0
334.5 166.0855 14 1.0
334.6 166.1345 14 1.0
334.7 166.1834 14 1.0
334.8 166.2324 14 1.0
334.9 166.2813 14 1.0
335.0 166.3303 14 1.0
335.1 166.3792 14 1.0
335.2 166.4282 14 1.0
335.3 166.4772 14 1.0
335.4 166.5261 14 1.0
335.5 166.5751 14 1.0
335.6 166.624 14 1.0
335.7 166.673 14 1.0
335.8 166.7219 14 1.0
335.9 166.7709 14 1.0
336.0 166.8199 14 1.0
336.1 166.8688 14 1.0
336.2 166.9178 14 1.0
336.3 166.9667 14 1.0
336.4 167.0157 14 1.0
336.5 167.0646 14 1.0
336.6 167.1136 14 1.0
336.7 167.1626 14 1.0
336.8 167.2115 14 1.0
336.9 167.2605 14 1.0
337.0 167.3094 14 1.0
337.1 167.3584 14 1.0
337.2 167.4073 14 1.0
337.3 167.4563 14 1.0
337.4 167.5053 14 1.0
337.5 167.5542 14 1.0
337.6 167.6032 14 1.0
337.7 167.6521 14 1.0
337.8 167.7011 14 1.0
337.9 167.75 14 1.0
338.0 167.799 14 1.0
338.1 167.848 14 1.0
338.2 167.8969 14 1.0
338.3 167.9459 14 1.0
338.4 167.9948 14 1.0
338.5 168.0438 14 1.0
338.6 168.0928 14 1.0
338.6 168.1417 14 1.0
338.7 168.1907 14 1.0
338.8 168.2396 14 1.0
338.9 168.2886 14 1.0
339.0 168.3375 14 1.0
339.1 168.3865 14 1.0
339.2 168.4355 14 1.0
339.3 168.4844 14 1.0
339.4 168.5334 14 1.0
339.5 168.5823 14 1.0
339.6 168.6313 14 1.0
339.7 168.6802 14 1.0
339.8 168.7292 14 1.0
339.9 168.7782 14 1.0
340.0 168.8271 14 1.0
340.1 168.8761 14 1.0
340.2 168.925 14 1.0
340.3 168.974 14 1.0
340.4 169.0229 14 1.0
340.5 169.0719 14 1.0
340.6 169.1209 14 1.0
340.7 169.1698 14 1.0
340.8 169.2188 14 1.0
340.9 169.2677 14 1.0
341.0 169.3167 14 1.0
341.1 169.3656 14 1.0
341.2 169.4146 14 1.0
341.3 169.4636 14 1.0
341.4 169.5125 14 1.0
341.5 169.5615 14 1.0
341.6 169.6104 14 1.0
341.7 169.6594 14 1.0
341.8 169.7083 14 1.0
341.9 169.7573 14 1.0
342.0 169.8063 14 1.0
342.1 169.8552 14 1.0
342.2 169.9042 14 1.0
342.3 169.9531 14 1.0
342.4 170.0021 14 1.0
342.5 170.051 14 1.0
342.6 170.1 14 1.0
342.7 170.149 14 1.0
342.8 170.1979 14 1.0
342.9 170.2469 14 1.0
343.0 170.2958 14 1.0
343.1 170.3448 14 1.0
343.2 170.3937 14 1.0
343.3 170.4427 14 1.0
343.4 170.4917 14 1.0
343.5 170.5406 14 1.0
343.6 170.5896 14 1.0
343.7 170.6385 14 1.0
343.8 170.6875 14 1.0
343.9 170.7364 14 1.0
344.0 170.7854 14 1.0
344.1 170.8344 14 1.0
344.2 170.8833 14 1.0
344.3 170.9323 14 1.0
344.4 170.9812 14 1.0
344.5 171.0302 14 1.0
344.6 171.0791 14 1.0
344.7 171.1281 14 1.0
344.8 171.1771 14 1.0
344.9 171.226 14 1.0
345.0 171.275 14 1.0
345.1 171.3239 14 1.0
345.2 171.3729 14 1.0
345.3 171.4218 14 1.0
345.4 171.4708 14 1.0
345.5 171.5198 14 1.0
345.6 171.5687 14 1.0
345.7 171.6177 14 1.0
345.8 171.6666 14 1.0
345.9 171.7156 14 1.0
346.0 171.7645 14 1.0
346.1 171.8135 14 1.0
346.2 171.8625 14 1.0
346.3 171.9114 14 1.0
346.4 171.9604 14 1.0
346.5 172.0093 14 1.0
346.6 172.0583 14 1.0
346.7 172.1072 14 1.0
346.8 172.1562 14 1.0
346.9 172.2052 14 1.0
347.0 172.2541 14 1.0
347.1 172.3031 14 1.0
347.2 172.352 14 1.0
347.3 172.401 14 1.0
347.4 172.4499 14 1.0
347.5 172.4989 14 1.0
347.6 172.5479 14 1.0
347.7 172.5968 14 1.0
347.8 172.6458 14 1.0
347.9 172.6947 14 1.0
348.0 172.7437 14 1.0
348.1 172.7926 14 1.0
348.2 172.8416 14 1.0
348.3 172.8906 14 1.0
348.4 172.9395 14 1.0
348.5 172.9885 14 1.0
348.6 173.0374 14 1.0
348.7 173.0864 14 1.0
348.8 173.137 14 1.0
348.9 173.1876 14 1.0
349.0 173.2381 14 1.0
349.1 173.2887 14 1.0
349.2 173.3393 14 1.0
349.3 173.3899 14 1.0
349.4 173.4405 14 1.0
349.5 173.4911 14 1.0
349.6 173.5416 14 1.0
349.7 173.5922 14 1.0
349.8 173.6428 14 1.0
349.9 173.6934 14 1.0
350.0 173.744 14 1.0
350.1 173.7946 14 1.0
350.2 173.8451 14 1.0
350.3 173.8957 14 1.0
350.4 173.9463 14 1.0
350.5 173.9969 14 1.0
350.6 174.0475 14 1.0
350.7 174.0981 14 1.0
350.8 174.1486 14 1.0
350.9 174.1992 14 1.0
351.0 174.2498 14 1.0
351.1 174.3004 14 1.0
351.2 174.351 14 1.0
351.3 174.4016 14 1.0
351.4 174.4521 14 1.0
351.5 174.5027 14 1.0
351.6 174.5533 14 1.0
351.7 174.6039 14 1.0
351.8 174.6545 14 1.0
351.9 174.7051 14 1.0
352.0 174.7556 14 1.0
352.1 174.8062 14 1.0
352.1 174.8568 14 1.0
352.2 174.9074 14 1.0
352.3 174.958 14 1.0
352.4 175.0086 14 1.0
352.5 175.0591 14 1.0
352.6 175.1097 14 1.0
352.7 175.1603 14 1.0
352.8 175.2109 14 1.0
352.9 175.2615 14 1.0
353.0 175.3121 14 1.0
353.1 175.3626 14 1.0
353.2 175.4132 14 1.0
353.3 175.4638 14 1.0
353.4 175.5144 14 1.0
353.5 175.565 14 1.0
353.6 175.6156 14 1.0
353.7 175.6661 14 1.0
353.8 175.7167 14 1.0
353.9 175.7673 14 1.0
354.0 175.8179 14 1.0
354.1 175.8685 14 1.0
354.2 175.9191 14 1.0
354.3 175.9696 14 1.0
354.4 176.0202 14 1.0
354.5 176.0708 14 1.0
354.6 176.1214 14 1.0
354.7 176.172 14 1.0
354.8 176.2226 14 1.0
354.9 176.2731 14 1.0
355.0 176.3237 14 1.0
355.1 176.3743 14 1.0
355.2 176.4249 14 1.0
355.3 176.4755 14 1.0
355.4 176.5261 14 1.0
355.5 176.5766 14 1.0
355.6 176.6272 14 1.0
355.7 176.6778 14 1.0
355.8 176.7284 14 1.0
355.9 176.779 14 1.0
356.0 176.8296 14 1.0
356.1 176.8801 14 1.0
356.2 176.9307 14 1.0
356.3 176.9813 14 1.0
356.4 177.0319 14 1.0
356.5 177.0825 14 1.0
356.6 177.1331 14 1.0
356.7 177.1836 14 1.0
356.8 177.2342 14 1.0
356.9 177.2848 14 1.0
357.0 177.3354 14 1.0
357.1 177.386 14 1.0
357.2 177.4366 14 1.0
357.3 177.4871 14 1.0
357.4 177.5377 14 1.0
357.5 177.5883 14 1.0
357.6 177.6389 14 1.0
357.7 177.6895 14 1.0
357.8 177.7401 14 1.0
357.9 177.7906 14 1.0
358.0 177.8412 14 1.0
358.1 177.8918 14 1.0
358.2 177.9424 14 1.0
358.3 177.993 14 1.0
358.4 178.0436 14 1.0
358.5 178.0941 14 1.0
358.6 178.1447 14 1.0
358.7 178.1953 14 1.0
358.8 178.2459 14 1.0
358.9 178.2965 14 1.0
359.0 178.3471 14 1.0
359.1 178.3976 14 1.0
359.2 178.4482 14 1.0
359.3 178.4988 14 1.0
359.4 178.5494 14 1.0
359.5 178.6 14 1.0
359.6 178.6506 14 1.0
359.7 178.7011 14 1.0
359.8 178.7517 14 1.0
359.9 178.8023 14 1.0
360.0 178.8529 14 1.0
360.1 178.9035 14 1.0
360.2 178.9541 14 1.0
360.3 179.0046 14 1.0
360.4 179.0552 14 1.0
360.5 179.1058 14 1.0
360.6 179.1564 14 1.0
360.7 179.207 14 1.0
360.8 179.2576 14 1.0
360.9 179.3081 14 1.0
361.0 179.3587 14 1.0
361.1 179.4093 14 1.0
361.2 179.4599 14 1.0
361.3 179.5105 14 1.0
361.4 179.5611 14 1.0
361.5 179.6116 14 1.0
361.5 179.6622 14 1.0
361.6 179.7128 14 1.0
361.7 179.7634 14 1.0
361.8 179.814 14 1.0
361.9 179.8646 14 1.0
362.0 179.9151 14 1.0
362.1 179.9657 14 1.0
362.2 180.0163 14 1.0
362.3 180.0669 14 1.0
362.4 180.1175 14 1.0
362.5 180.1681 14 1.0
362.6 180.2186 14 1.0
362.7 180.2692 14 1.0
362.8 180.3198 14 1.0
362.9 180.3704 14 1.0
363.0 180.421 14 1.0
363.1 180.4716 14 1.0
363.2 180.5221 14 1.0
363.3 180.5727 14 1.0
363.4 180.6233 14 1.0
363.5 180.6739 14 1.0
363.6 180.7245 14 1.0
363.7 180.7751 14 1.0
363.8 180.8256 14 1.0
363.9 180.8762 14 1.0
364.0 180.9268 14 1.0
364.1 180.9774 14 1.0
364.2 181.028 14 1.0
364.3 181.0786 14 1.0
364.4 181.1291 14 1.0
364.5 181.1797 14 1.0
364.6 181.2303 14 1.0
364.7 181.2809 14 1.0
364.8 181.3315 14 1.0
364.9 181.3821 14 1.0
365.0 181.4326 14 1.0
365.1 181.4832 14 1.0
365.2 181.5338 14 1.0
365.3 181.5844 14 1.0
365.4 181.635 14 1.0
365.5 181.6856 14 1.0
365.6 181.7361 14 1.0
365.7 181.7867 14 1.0
365.8 181.8373 14 1.0
365.9 181.8879 14 1.0
366.0 181.9385 14 1.0
366.1 181.9891 14 1.0
366.2 182.0396 14 1.0
366.3 182.0902 14 1.0
366.4 182.1408 14 1.0
366.5 182.1914 14 1.0
366.6 182.242 14 1.0
366.7 182.2926 14 1.0
366.8 182.3431 14 1.0
366.9 182.3937 14 1.0
367.0 182.4443 14 1.0
367.1 182.4949 14 1.0
367.2 182.5455 14 1.0
367.3 182.5961 14 1.0
367.4 182.6466 14 1.0
367.5 182.6972 14 1.0
367.6 182.7478 14 1.0
367.7 182.7984 14 1.0
367.8 182.849 14 1.0
367.9 182.8996 14 1.0
368.0 182.9501 14 1.0
368.1 183.0007 14 1.0
368.2 183.0513 14 1.0
368.3 183.1019 14 1.0
368.4 183.1525 14 1.0
368.5 183.2031 14 1.0
368.6 183.2536 14 1.0
368.7 183.3042 14 1.0
368.8 183.3548 14 1.0
368.9 183.4054 14 1.0
369.0 183.456 14 1.0
369.1 183.5066 14 1.0
369.2 183.5571 14 1.0
369.3 183.6077 14 1.0
369.4 183.6583 14 1.0
369.5 183.7089 14 1.0
369.6 183.7595 14 1.0
369.7 183.8101 14 1.0
369.8 183.8606 14 1.0
369.9 183.9112 14 1.0
370.0 183.9618 14 1.0
370.1 184.0124 14 1.0
370.2 184.063 14 1.0
370.3 184.1136 14 1.0
370.4 184.1641 14 1.0
370.5 184.2147 14 1.0
370.6 184.2653 14 1.0
370.7 184.3159 14 1.0
370.8 184.3665 14 1.0
370.8 184.4171 14 1.0
370.9 184.4676 14 1.0
371.0 184.5182 14 1.0
371.1 184.5688 14 1.0
371.2 184.6194 14 1.0
371.3 184.67 14 1.0
371.4 184.7206 14 1.0
371.5 184.7711 14 1.0
371.6 184.8217 14 1.0
371.7 184.8723 14 1.0
371.8 184.9229 14 1.0
371.9 184.9735 14 1.0
372.0 185.0241 14 1.0
372.1 185.0746 14 1.0
372.2 185.1252 14 1.0
372.3 185.1758 14 1.0
372.4 185.2264 14 1.0
372.5 185.277 14 1.0
372.6 185.3276 14 1.0
372.7 185.3781 14 1.0
372.8 185.4287 14 1.0
372.9 185.4793 14 1.0
373.0 185.5299 14 1.0
373.1 185.5805 14 1.0
373.2 185.6311 14 1.0
373.3 185.6816 14 1.0
373.4 185.7322 14 1.0
373.5 185.7828 14 1.0
373.6 185.8334 14 1.0
373.7 185.884 14 1.0
373.8 185.9346 14 1.0
373.9 185.9851 14 1.0
374.0 186.0357 14 1.0
374.1 186.0863 14 1.0
374.2 186.1369 14 1.0
374.3 186.1875 14 1.0
374.4 186.2381 14 1.0
374.5 186.2886 14 1.0
374.6 186.3392 14 1.0
374.7 186.3898 14 1.0
374.8 186.4404 14 1.0
374.9 186.491 14 1.0
375.0 186.5416 14 1.0
375.1 186.5921 14 1.0
375.2 186.6427 14 1.0
375.3 186.6933 14 1.0
375.4 186.7439 14 1.0
375.5 186.7945 14 1.0
375.6 186.8451 14 1.0
375.7 186.8956 14 1.0
375.8 186.9462 14 1.0
375.9 186.9968 14 1.0
376.0 187.0474 14 1.0
376.1 187.098 14 1.0
376.2 187.1486 14 1.0
376.3 187.1991 14 1.0
376.4 187.2497 14 1.0
376.5 187.3003 14 1.0
376.6 187.3509 14 1.0
376.7 187.4015 14 1.0
376.8 187.4521 14 1.0
376.9 187.5026 14 1.0
377.0 187.5532 14 1.0
377.1 187.6038 14 1.0
377.2 187.6544 14 1.0
377.3 187.705 14 1.0
377.4 187.7556 14 1.0
377.5 187.8061 14 1.0
377.6 187.8567 14 1.0
377.7 187.9073 14 1.0
377.8 187.9579 14 1.0
377.9 188.0085 14 1.0
378.0 188.0591 14 1.0
378.1 188.1096 14 1.0
378.2 188.1602 14 1.0
378.3 188.2108 14 1.0
378.4 188.2614 14 1.0
378.5 188.312 14 1.0
378.6 188.3626 14 1.0
378.7 188.4131 14 1.0
378.8 188.4637 14 1.0
378.9 188.5143 14 1.0
379.0 188.5649 14 1.0
379.1 188.6155 14 1.0
379.2 188.6661 14 1.0
379.3 188.7166 14 1.0
379.4 188.7672 14 1.0
379.5 188.8178 14 1.0
379.6 188.8684 14 1.0
379.7 188.919 14 1.0
379.8 188.9696 14 1.0
379.9 189.0201 14 1.0
380.0 189.0707 14 1.0
380.1 189.1213 14 1.0
380.2 189.1719 14 1.0
380.2 189.2225 14 1.0
380.3 189.2731 14 1.0
380.4 189.3236 14 1.0
380.5 189.3742 14 1.0
380.6 189.4248 14 1.0
380.7 189.4754 14 1.0
380.8 189.526 14 1.0
380.9 189.5766 14 1.0
381.0 189.6271 14 1.0
381.1 189.6777 14 1.0
381.2 189.7283 14 1.0
381.3 189.7789 14 1.0
381.4 189.8295 14 1.0
381.5 189.8801 14 1.0
381.6 189.9306 14 1.0
381.7 189.9812 14 1.0
381.8 190.0318 14 1.0
381.9 190.0824 14 1.0
382.0 190.133 14 1.0
382.1 190.1836 14 1.0
382.2 190.2341 14 1.0
382.3 190.2847 14 1.0
382.4 190.3353 14 1.0
382.5 190.3859 14 1.0
382.6 190.4365 14 1.0
382.7 190.4871 14 1.0
382.8 190.5376 14 1.0
382.9 190.5882 14 1.0
383.0 190.6388 14 1.0
383.1 190.6894 14 1.0
383.2 190.74 14 1.0
383.3 190.7906 14 1.0
383.4 190.8411 14 1.0
383.5 190.8917 14 1.0
383.6 190.9423 14 1.0
383.7 190.9929 14 1.0
383.8 191.0435 14 1.0
383.9 191.0941 14 1.0
384.0 191.1446 14 1.0
384.1 191.1952 14 1.0
384.2 191.2458 14 1.0
384.3 191.2964 14 1.0
384.4 191.347 14 1.0
384.5 191.3976 14 1.0
384.6 191.4481 14 1.0
384.7 191.4987 14 1.0
384.8 191.5493 14 1.0
384.9 191.5999 14 1.0
385.0 191.6505 14 1.0
385.1 191.7011 14 1.0
385.2 191.7516 14 1.0
385.3 191.8022 14 1.0
385.4 191.8528 14 1.0
385.5 191.9034 14 1.0
385.6 191.954 14 1.0
385.7 192.0046 14 1.0
385.8 192.0551 14 1.0
385.9 192.1057 14 1.0
386.0 192.1563 14 1.0
386.1 192.2069 14 1.0
386.2 192.2575 14 1.0
386.3 192.3081 14 1.0
386.4 192.3586 14 1.0
386.5 192.4092 14 1.0
386.6 192.4598 14 1.0
386.7 192.5104 14 1.0
386.8 192.561 14 1.0
386.9 192.6116 14 1.0
387.0 192.6621 14 1.0
387.1 192.7127 14 1.0
387.2 192.7633 14 1.0
387.3 192.8139 14 1.0
387.4 192.8645 14 1.0
387.5 192.9151 14 1.0
387.6 192.9656 14 1.0
387.7 193.0162 14 1.0
387.8 193.0668 14 1.0
387.9 193.1174 14 1.0
388.0 193.168 14 1.0
388.1 193.2186 14 1.0
388.2 193.2691 14 1.0
388.3 193.3197 14 1.0
388.4 193.3703 14 1.0
388.5 193.4209 14 1.0
388.6 193.4715 14 1.0
388.7 193.5221 14 1.0
388.8 193.5726 14 1.0
388.9 193.6232 14 1.0
389.0 193.6738 14 1.0
389.1 193.7244 14 1.0
389.2 193.775 14 1.0
389.3 193.8256 14 1.0
389.4 193.8761 14 1.0
389.5 193.9267 14 1.0
389.6 193.9773 14 1.0
389.6 194.0279 14 1.0
389.7 194.0785 14 1.0
389.8 194.1291 14 1.0
389.9 194.1796 14 1.0
390.0 194.2302 14 1.0
390.1 194.2808 14 1.0
390.2 194.3314 14 1.0
390.3 194.382 14 1.0
390.4 194.4326 14 1.0
390.5 194.4831 14 1.0
390.6 194.5337 14 1.0
390.7 194.5843 14 1.0
390.8 194.6349 14 1.0
390.9 194.6855 14 1.0
391.0 194.7361 14 1.0
391.1 194.7866 14 1.0
391.2 194.8372 14 1.0
391.3 194.8878 14 1.0
391.4 194.9384 14 1.0
391.5 194.989 14 1.0
391.6 195.0396 14 1.0
391.7 195.0901 14 1.0
391.8 195.1407 14 1.0
391.9 195.1913 14 1.0
392.0 195.2419 14 1.0
392.1 195.2925 14 1.0
392.2 195.3431 14 1.0
392.3 195.3936 14 1.0
392.4 195.4442 14 1.0
392.5 195.4948 14 1.0
392.6 195.5454 14 1.0
392.7 195.596 14 1.0
392.8 195.6466 14 1.0
392.9 195.6971 14 1.0
393.0 195.7477 14 1.0
393.1 195.7983 14 1.0
393.2 195.8489 14 1.0
393.3 195.8995 14 1.0
393.4 195.9501 14 1.0
393.5 196.0006 14 1.0
393.6 196.0512 14 1.0
393.7 196.1018 14 1.0
393.8 196.1524 14 1.0
393.9 196.203 14 1.0
394.0 196.2536 14 1.0
394.1 196.3041 14 1.0
394.2 196.3547 14 1.0
394.3 196.4053 14 1.0
394.4 196.4559 14 1.0
394.5 196.5065 14 1.0
394.6 196.5571 14 1.0
394.7 196.6076 14 1.0
394.8 196.6582 14 1.0
394.9 196.7088 14 1.0
395.0 196.7594 14 1.0
395.1 196.81 14 1.0
395.2 196.8606 14 1.0
395.3 196.9111 14 1.0
395.4 196.9617 14 1.0
395.5 197.0123 14 1.0
395.6 197.0629 14 1.0
395.7 197.1135 14 1.0
395.8 197.1641 14 1.0
395.9 197.2146 14 1.0
396.0 197.2652 14 1.0
396.1 197.3158 14 1.0
396.2 197.3664 14 1.0
396.3 197.417 14 1.0
396.4 197.4676 14 1.0
396.5 197.5181 14 1.0
396.6 197.5687 14 1.0
396.7 197.6193 14 1.0
396.8 197.6699 14 1.0
396.9 197.7205 14 1.0
397.0 197.7711 14 1.0
397.1 197.8216 14 1.0
397.2 197.8722 14 1.0
397.3 197.9228 14 1.0
397.4 197.9734 14 1.0
397.5 198.024 14 1.0
397.6 198.0746 14 1.0
397.7 198.1251 14 1.0
397.8 198.1757 14 1.0
397.9 198.2263 14 1.0
398.0 198.2769 14 1.0
398.1 198.3275 14 1.0
398.2 198.3781 14 1.0
398.3 198.427 14 1.0
398.4 198.476 14 1.0
398.5 198.525 14 1.0
398.6 198.574 14 1.0
398.7 198.623 14 1.0
398.7 198.672 14 1.0
398.8 198.7209 14 1.0
398.9 198.7699 14 1.0
399.0 198.8189 14 1.0
399.1 198.8679 14 1.0
399.2 198.9169 14 1.0
399.3 198.9659 14 1.0
399.4 199.0149 14 1.0
399.5 199.0638 14 1.0
399.6 199.1128 14 1.0
399.7 199.1618 14 1.0
399.8 199.2108 14 1.0
399.9 199.2598 14 1.0
400.0 199.3088 14 1.0
400.1 199.3577 14 1.0
400.2 199.4067 14 1.0
400.3 199.4557 14 1.0
400.4 199.5047 14 1.0
400.5 199.5537 14 1.0
400.6 199.6027 14 1.0
400.7 199.6517 14 1.0
400.8 199.7006 14 1.0
400.9 199.7496 14 1.0
401.0 199.7986 14 1.0
401.1 199.8476 14 1.0
401.2 199.8966 14 1.0
401.3 199.9456 14 1.0
401.4 199.9946 14 1.0
401.5 200.0435 14 1.0
401.6 200.0925 14 1.0
401.7 200.1415 14 1.0
401.8 200.1905 14 1.0
401.9 200.2395 14 1.0
402.0 200.2885 14 1.0
402.1 200.3374 14 1.0
402.2 200.3864 14 1.0
402.3 200.4354 14 1.0
402.4 200.4844 14 1.0
402.5 200.5334 14 1.0
402.6 200.5824 14 1.0
402.7 200.6314 14 1.0
402.8 200.6803 14 1.0
402.9 200.7293 14 1.0
403.0 200.7783 14 1.0
403.1 200.8273 14 1.0
403.2 200.8763 14 1.0
403.3 200.9253 14 1.0
403.4 200.9742 14 1.0
403.5 201.0232 14 1.0
403.6 201.0722 14 1.0
403.7 201.1212 14 1.0
403.8 201.1702 14 1.0
403.9 201.2192 14 1.0
404.0 201.2682 14 1.0
404.1 201.3171 14 1.0
404.2 201.3661 14 1.0
404.3 201.4151 14 1.0
404.4 201.4641 14 1.0
404.5 201.5131 14 1.0
404.6 201.5621 14 1.0
404.7 201.6111 14 1.0
404.8 201.66 14 1.0
404.9 201.709 14 1.0
404.9 201.758 14 1.0
405.0 201.807 14 1.0
405.1 201.856 14 1.0
405.2 201.905 14 1.0
405.3 201.9539 14 1.0
405.4 202.0029 14 1.0
405.5 202.0519 14 1.0
405.6 202.1009 14 1.0
405.7 202.1499 14 1.0
405.8 202.1989 14 1.0
405.9 202.2479 14 1.0
406.0 202.2968 14 1.0
406.1 202.3458 14 1.0
406.2 202.3948 14 1.0
406.3 202.4438 14 1.0
406.4 202.4928 14 1.0
406.5 202.5418 14 1.0
406.6 202.5908 14 1.0
406.7 202.6397 14 1.0
406.8 202.6887 14 1.0
406.9 202.7377 14 1.0
407.0 202.7867 14 1.0
407.1 202.8357 14 1.0
407.2 202.8847 14 1.0
407.3 202.9336 14 1.0
407.4 202.9826 14 1.0
407.5 203.0316 14 1.0
407.6 203.0806 14 1.0
407.7 203.1296 14 1.0
407.8 203.1786 14 1.0
407.9 203.2276 14 1.0
408.0 203.2765 14 1.0
408.1 203.3255 14 1.0
408.2 203.3745 14 1.0
408.3 203.4235 14 1.0
408.4 203.4725 14 1.0
408.5 203.5215 14 1.0
408.6 203.5704 14 1.0
408.7 203.6194 14 1.0
408.8 203.6684 14 1.0
408.9 203.7174 14 1.0
409.0 203.7664 14 1.0
409.1 203.8154 14 1.0
409.2 203.8644 14 1.0
409.3 203.9133 14 1.0
409.4 203.9623 14 1.0
409.5 204.0113 14 1.0
409.6 204.0603 14 1.0
409.7 204.1093 14 1.0
409.8 204.1583 14 1.0
409.9 204.2073 14 1.0
410.0 204.2562 14 1.0
410.1 204.3052 14 1.0
410.2 204.3542 14 1.0
410.3 204.4032 14 1.0
410.4 204.4522 14 1.0
410.5 204.5012 14 1.0
410.6 204.5501 14 1.0
410.7 204.5991 14 1.0
410.8 204.6481 14 1.0
410.9 204.6971 14 1.0
411.0 204.7461 14 1.0
411.1 204.7951 14 1.0
411.1 204.8441 14 1.0
411.2 204.893 14 1.0
411.3 204.942 14 1.0
411.4 204.991 14 1.0
411.5 205.04 14 1.0
411.6 205.089 14 1.0
411.7 205.138 14 1.0
411.8 205.187 14 1.0
411.9 205.2359 14 1.0
412.0 205.2849 14 1.0
412.1 205.3339 14 1.0
412.2 205.3829 14 1.0
412.3 205.4319 14 1.0
412.4 205.4809 14 1.0
412.5 205.5298 14 1.0
412.6 205.5788 14 1.0
412.7 205.6278 14 1.0
412.8 205.6768 14 1.0
412.9 205.7258 14 1.0
413.0 205.7748 14 1.0
413.1 205.8238 14 1.0
413.2 205.8727 14 1.0
413.3 205.9217 14 1.0
413.4 205.9707 14 1.0
413.5 206.0197 14 1.0
413.6 206.0687 14 1.0
413.7 206.1177 14 1.0
413.8 206.1666 14 1.0
413.9 206.2156 14 1.0
414.0 206.2646 14 1.0
414.1 206.3136 14 1.0
414.2 206.3626 14 1.0
414.3 206.4116 14 1.0
414.4 206.4606 14 1.0
414.5 206.5095 14 1.0
414.6 206.5585 14 1.0
414.7 206.6075 14 1.0
414.8 206.6565 14 1.0
414.9 206.7055 14 1.0
415.0 206.7545 14 1.0
415.1 206.8035 14 1.0
415.2 206.8524 14 1.0
415.3 206.9014 14 1.0
415.4 206.9504 14 1.0
415.5 206.9994 14 1.0
415.6 207.0484 14 1.0
415.7 207.0974 14 1.0
415.8 207.1463 14 1.0
415.9 207.1953 14 1.0
416.0 207.2443 14 1.0
416.1 207.2933 14 1.0
416.2 207.3423 14 1.0
416.3 207.3913 14 1.0
416.4 207.4403 14 1.0
416.5 207.4892 14 1.0
416.6 207.5382 14 1.0
416.7 207.5872 14 1.0
416.8 207.6362 14 1.0
416.9 207.6852 14 1.0
417.0 207.7342 14 1.0
417.1 207.7831 14 1.0
417.2 207.8321 14 1.0
417.3 207.8811 14 1.0
417.3 207.9301 14 1.0
417.4 207.9791 14 1.0
417.5 208.0281 14 1.0
417.6 208.0771 14 1.0
417.7 208.126 14 1.0
417.8 208.175 14 1.0
417.9 208.224 14 1.0
418.0 208.273 14 1.0
418.1 208.322 14 1.0
418.2 208.371 14 1.0
418.3 208.42 14 1.0
418.4 208.4689 14 1.0
418.5 208.5179 14 1.0
418.6 208.5669 14 1.0
418.7 208.6159 14 1.0
418.8 208.6649 14 1.0
418.9 208.7139 14 1.0
419.0 208.7628 14 1.0
419.1 208.8118 14 1.0
419.2 208.8608 14 1.0
419.3 208.9098 14 1.0
419.4 208.9588 14 1.0
419.5 209.0078 14 1.0
419.6 209.0568 14 1.0
419.7 209.1057 14 1.0
419.8 209.1547 14 1.0
419.9 209.2037 14 1.0
420.0 209.2527 14 1.0
420.1 209.3017 14 1.0
420.2 209.3507 14 1.0
420.3 209.3997 14 1.0
420.4 209.4486 14 1.0
420.5 209.4976 14 1.0
420.6 209.5466 14 1.0
420.7 209.5956 14 1.0
420.8 209.6446 14 1.0
420.9 209.6936 14 1.0
421.0 209.7425 14 1.0
421.1 209.7915 14 1.0
421.2 209.8405 14 1.0
421.3 209.8895 14 1.0
421.4 209.9385 14 1.0
421.5 209.9875 14 1.0
421.6 210.0365 14 1.0
421.7 210.0854 14 1.0
421.8 210.1344 14 1.0
421.9 210.1834 14 1.0
422.0 210.2324 14 1.0
422.1 210.2814 14 1.0
422.2 210.3304 14 1.0
422.3 210.3793 14 1.0
422.4 210.4283 14 1.0
422.5 210.4773 14 1.0
422.6 210.5263 14 1.0
422.7 210.5753 14 1.0
422.8 210.6243 14 1.0
422.9 210.6733 14 1.0
423.0 210.7222 14 1.0
423.1 210.7712 14 1.0
423.2 210.8202 14 1.0
423.3 210.8692 14 1.0
423.4 210.9182 14 1.0
423.5 210.9672 14 1.0
423.5 211.0162 14 1.0
423.6 211.0651 14 1.0
423.7 211.1141 14 1.0
423.8 211.1631 14 1.0
423.9 211.2121 14 1.0
424.0 211.2611 14 1.0
424.1 211.3101 14 1.0
424.2 211.359 14 1.0
424.3 211.408 14 1.0
424.4 211.457 14 1.0
424.5 211.506 14 1.0
424.6 211.555 14 1.0
424.7 211.604 14 1.0
424.8 211.653 14 1.0
424.9 211.7019 14 1.0
425.0 211.7509 14 1.0
425.1 211.7999 14 1.0
425.2 211.8489 14 1.0
425.3 211.8979 14 1.0
425.4 211.9469 14 1.0
425.5 211.9958 14 1.0
425.6 212.0448 14 1.0
425.7 212.0938 14 1.0
425.8 212.1428 14 1.0
425.9 212.1918 14 1.0
426.0 212.2408 14 1.0
426.1 212.2898 14 1.0
426.2 212.3387 14 1.0
426.3 212.3877 14 1.0
426.4 212.4367 14 1.0
426.5 212.4857 14 1.0
426.6 212.5347 14 1.0
426.7 212.5837 14 1.0
426.8 212.6327 14 1.0
426.9 212.6816 14 1.0
427.0 212.7306 14 1.0
427.1 212.7796 14 1.0
427.2 212.8286 14 1.0
427.3 212.8776 14 1.0
427.4 212.9266 14 1.0
427.5 212.9755 14 1.0
427.6 213.0245 14 1.0
427.7 213.0735 14 1.0
427.8 213.1225 14 1.0
427.9 213.1715 14 1.0
428.0 213.2205 14 1.0
428.1 213.2695 14 1.0
428.2 213.3184 14 1.0
428.3 213.3674 14 1.0
428.4 213.4164 14 1.0
428.5 213.4654 14 1.0
428.6 213.5144 14 1.0
428.7 213.5634 14 1.0
428.8 213.6124 14 1.0
428.9 213.6613 14 1.0
429.0 213.7103 14 1.0
429.1 213.7593 14 1.0
429.2 213.8083 14 1.0
429.3 213.8573 14 1.0
429.4 213.9063 14 1.0
429.5 213.9552 14 1.0
429.6 214.0042 14 1.0
429.7 214.0532 14 1.0
429.7 214.1022 14 1.0
429.8 214.1512 14 1.0
429.9 214.2002 14 1.0
430.0 214.2492 14 1.0
430.1 214.2981 14 1.0
430.2 214.3471 14 1.0
430.3 214.3961 14 1.0
430.4 214.4451 14 1.0
430.5 214.4941 14 1.0
430.6 214.5431 14 1.0
430.7 214.592 14 1.0
430.8 214.641 14 1.0
430.9 214.69 14 1.0
431.0 214.739 14 1.0
431.1 214.788 14 1.0
431.2 214.837 14 1.0
431.3 214.886 14 1.0
431.4 214.9349 14 1.0
431.5 214.9839 14 1.0
431.6 215.0329 14 1.0
431.7 215.0819 14 1.0
431.8 215.1309 14 1.0
431.9 215.1799 14 1.0
432.0 215.2289 14 1.0
432.1 215.2778 14 1.0
432.2 215.3268 14 1.0
432.3 215.3758 14 1.0
432.4 215.4248 14 1.0
432.5 215.4738 14 1.0
432.6 215.5228 14 1.0
432.7 215.5717 14 1.0
432.8 215.6207 14 1.0
432.9 215.6697 14 1.0
433.0 215.7187 14 1.0
433.1 215.7677 14 1.0
433.2 215.8167 14 1.0
433.3 215.8657 14 1.0
433.4 215.9146 14 1.0
433.5 215.9636 14 1.0
433.6 216.0126 14 1.0
433.7 216.0616 14 1.0
433.8 216.1106 14 1.0
433.9 216.1596 14 1.0
434.0 216.2085 14 1.0
434.1 216.2575 14 1.0
434.2 216.3065 14 1.0
434.3 216.3555 14 1.0
434.4 216.4045 14 1.0
434.5 216.4535 14 1.0
434.6 216.5025 14 1.0
434.7 216.5514 14 1.0
434.8 216.6004 14 1.0
434.9 216.6494 14 1.0
435.0 216.6984 14 1.0
435.1 216.7474 14 1.0
435.2 216.7964 14 1.0
435.3 216.8454 14 1.0
435.4 216.8943 14 1.0
435.5 216.9433 14 1.0
435.6 216.9923 14 1.0
435.7 217.0413 14 1.0
435.8 217.0903 14 1.0
435.9 217.1393 14 1.0
435.9 217.1882 14 1.0
436.0 217.2372 14 1.0
436.1 217.2862 14 1.0
436.2 217.3352 14 1.0
436.3 217.3842 14 1.0
436.4 217.4332 14 1.0
436.5 217.4822 14 1.0
436.6 217.5311 14 1.0
436.7 217.5801 14 1.0
436.8 217.6291 14 1.0
436.9 217.6781 14 1.0
437.0 217.7271 14 1.0
437.1 217.7761 14 1.0
437.2 217.8251 14 1.0
437.3 217.874 14 1.0
437.4 217.923 14 1.0
437.5 217.972 14 1.0
437.6 218.021 14 1.0
437.7 218.07 14 1.0
437.8 218.119 14 1.0
437.9 218.1679 14 1.0
438.0 218.2169 14 1.0
438.1 218.2659 14 1.0
438.2 218.3149 14 1.0
438.3 218.3639 14 1.0
438.4 218.4129 14 1.0
438.5 218.4619 14 1.0
438.6 218.5108 14 1.0
438.7 218.5598 14 1.0
438.8 218.6088 14 1.0
438.9 218.6578 14 1.0
439.0 218.7068 14 1.0
439.1 218.7558 14 1.0
439.2 218.8047 14 1.0
439.3 218.8537 14 1.0
439.4 218.9027 14 1.0
439.5 218.9517 14 1.0
439.6 219.0007 14 1.0
439.7 219.0497 14 1.0
439.8 219.0987 14 1.0
439.9 219.1476 14 1.0
440.0 219.1966 14 1.0
440.1 219.2456 14 1.0
440.2 219.2946 14 1.0
440.3 219.3436 14 1.0
440.4 219.3926 14 1.0
440.5 219.4416 14 1.0
440.6 219.4905 14 1.0
440.7 219.5395 14 1.0
440.8 219.5885 14 1.0
440.9 219.6375 14 1.0
441.0 219.6865 14 1.0
441.1 219.7355 14 1.0
441.2 219.7844 14 1.0
441.3 219.8334 14 1.0
441.4 219.8824 14 1.0
441.5 219.9314 14 1.0
441.6 219.9804 14 1.0
441.7 220.0294 14 1.0
441.8 220.0784 14 1.0
441.9 220.1273 14 1.0
442.0 220.1763 14 1.0
442.1 220.2253 14 1.0
442.1 220.2743 14 1.0
442.2 220.3233 14 1.0
442.3 220.3723 14 1.0
442.4 220.4212 14 1.0
442.5 220.4702 14 1.0
442.6 220.5192 14 1.0
442.7 220.5682 14 1.0
442.8 220.6172 14 1.0
442.9 220.6662 14 1.0
443.0 220.7152 14 1.0
443.1 220.7641 14 1.0
443.2 220.8131 14 1.0
443.3 220.8621 14 1.0
443.4 220.9111 14 1.0
443.5 220.9601 14 1.0
443.6 221.0091 14 1.0
443.7 221.0581 14 1.0
443.8 221.107 14 1.0
443.9 221.156 14 1.0
444.0 221.205 14 1.0
444.1 221.254 14 1.0
444.2 221.303 14 1.0
444.3 221.352 14 1.0
444.4 221.4009 14 1.0
444.5 221.4499 14 1.0
444.6 221.4989 14 1.0
444.7 221.5479 14 1.0
444.8 221.5969 14 1.0
444.9 221.6459 14 1.0
445.0 221.6949 14 1.0
445.1 221.7438 14 1.0
445.2 221.7928 14 1.0
445.3 221.8418 14 1.0
445.4 221.8908 14 1.0
445.5 221.9398 14 1.0
445.6 221.9888 14 1.0
445.7 222.0378 14 1.0
445.8 222.0867 14 1.0
445.9 222.1357 14 1.0
446.0 222.1847 14 1.0
446.1 222.2337 14 1.0
446.2 222.2827 14 1.0
446.3 222.3317 14 1.0
446.4 222.3806 14 1.0
446.5 222.4296 14 1.0
446.6 222.4786 14 1.0
446.7 222.5276 14 1.0
446.8 222.5766 14 1.0
446.9 222.6256 14 1.0
447.0 222.6746 14 1.0
447.1 222.7235 14 1.0
447.2 222.7725 14 1.0
447.3 222.8215 14 1.0
447.4 222.8705 14 1.0
