15.0 1.330712 13 0.026615190671288924
15.1 1.338973 13 0.027150096352865583
15.2 1.347225 13 0.02767869841792192
15.3 1.355469 13 0.028201426258914197
15.4 1.363705 13 0.02871283249337575
15.5 1.371932 13 0.029219548577996357
15.6 1.380151 13 0.029721488311760136
15.7 1.388361 13 0.030212417596621965
15.8 1.396563 13 0.03070022293250252
15.9 1.404757 13 0.03118090356145531
16.0 1.412942 13 0.03165271096858491
16.1 1.421434 13 0.03217461027656077
16.2 1.429917 13 0.03268344010150703
16.3 1.438391 13 0.033190636880345625
16.4 1.446856 13 0.03369111508646405
16.5 1.455312 13 0.03418717341875599
16.6 1.46376 13 0.03467830740590627
16.7 1.472199 13 0.03516303104520213
16.8 1.480629 13 0.035641679404808446
16.9 1.48905 13 0.03611477162535126
17.0 1.497463 13 0.03658505868721973
17.1 1.505867 13 0.03704792651152167
17.2 1.514262 13 0.037504953065435
17.3 1.522649 13 0.03796006189163825
17.4 1.531027 13 0.038408221856171654
17.5 1.539397 13 0.038850897253186356
17.6 1.547758 13 0.03929000623691137
17.7 1.556111 13 0.03972401975152762
17.8 1.564455 13 0.04015296934382795
17.9 1.572791 13 0.040578724113273346
18.0 1.581118 13 0.04099929165741589
18.1 1.589944 13 0.041469259421193616
18.2 1.59876 13 0.041935900153935446
18.3 1.607567 13 0.04239610632721824
18.4 1.616365 13 0.042847246614370005
18.5 1.625153 13 0.04330694526720158
18.6 1.633932 13 0.043749627303265703
18.7 1.642702 13 0.044188981041344944
18.8 1.651462 13 0.04462936179747823
18.9 1.660213 13 0.04506621865560945
19.0 1.668955 13 0.045494170086031294
19.1 1.677688 13 0.045920555173763256
19.2 1.686412 13 0.04634309797906089
19.3 1.695127 13 0.04676322826599122
19.4 1.703832 13 0.04717876617935013
19.5 1.712529 13 0.04758791065327361
19.6 1.721217 13 0.047994563213008434
19.7 1.729895 13 0.04840108714508751
19.8 1.738565 13 0.04880059220134847
19.9 1.747225 13 0.04919689752045919
20.0 1.755877 13 0.04959044656943745
20.1 1.764699 13 0.04997083773848765
20.2 1.773512 13 0.05034806671639036
20.3 1.782316 13 0.05072328370803458
20.4 1.79111 13 0.05109318975709898
20.5 1.799895 13 0.0514566232093997
20.6 1.808671 13 0.05182646308340744
20.7 1.817439 13 0.05218478013631844
20.8 1.826197 13 0.05254193531082252
20.9 1.834946 13 0.05289542216882148
21.0 1.843686 13 0.05324697627634256
21.1 1.852417 13 0.05359265391023804
21.2 1.861139 13 0.05393476291921273
21.3 1.869852 13 0.05427775378990485
21.4 1.878557 13 0.05461620393382083
21.5 1.887252 13 0.05494864034742297
21.6 1.895939 13 0.05527936424056412
21.7 1.904617 13 0.055609580701309946
21.8 1.913286 13 0.05593544325530808
21.9 1.921946 13 0.056257164901276635
22.0 1.930598 13 0.0565795412429958
22.1 1.940421 13 0.05703646013992425
22.2 1.950233 13 0.05749467955572973
22.3 1.960033 13 0.05794607588824796
22.4 1.969823 13 0.05839709782641811
22.5 1.979601 13 0.0588432855758001
22.6 1.989369 13 0.0592912270236009
22.7 1.999125 13 0.05973154362416111
22.8 20.73618 14 1.0
22.9 20.8006 14 1.0
23.0 20.86501 14 1.0
23.1 20.92943 14 1.0
23.2 20.99385 14 1.0
23.3 21.05827 14 1.0
23.4 21.12269 14 1.0
23.5 21.1871 14 1.0
23.6 21.25152 14 1.0
23.7 21.31594 14 1.0
23.8 21.38036 14 1.0
23.9 21.44478 14 1.0
24.0 21.50919 14 1.0
24.1 21.59097 14 1.0
24.2 21.67275 14 1.0
24.3 21.75453 14 1.0
24.4 21.83631 14 1.0
24.5 21.9181 14 1.0
24.6 21.99988 14 1.0
24.7 22.08166 14 1.0
24.8 22.16344 14 1.0
24.9 22.24522 14 1.0
25.0 22.327 14 1.0
25.1 5.876699 14 0.24195333686482545
25.2 6.059659 14 0.24940687102421777
25.3 6.244393 14 0.25688595922950674
25.4 6.430901 14 0.26439283785467993
25.5 6.619183 14 0.27192016637830096
25.6 6.809239 14 0.27947402555830514
25.7 7.001068 14 0.28704933872818406
25.8 7.194672 14 0.2946524077630318
25.9 7.390049 14 0.3022761418420318
26.0 7.5872 14 0.3099242860208674
26.1 7.801235 14 0.3191165951359084
26.2 8.015784 14 0.3283173284009425
26.3 8.230848 14 0.3375200967594436
26.4 8.446427 14 0.3467323278957627
26.5 8.662521 14 0.3559486843377636
26.6 8.879129 14 0.3651687013361531
26.7 9.096252 14 0.3743927827897293
26.8 9.31389 14 0.3836239692563197
26.9 9.532043 14 0.39286271482883495
27.0 9.75071 14 0.40210412440838406
27.1 9.969892 14 0.4113517187197985
27.2 10.18959 14 0.42060382999902657
27.3 10.4098 14 0.4298620400873042
27.4 10.63053 14 0.4391267377027839
27.5 10.85177 14 0.4483948035001536
27.6 11.07352 14 0.45766881985934427
27.7 11.29579 14 0.4669474820481532
27.8 11.51858 14 0.4762331383138859
27.9 11.74188 14 0.48552192857353627
28.0 11.96569 14 0.49481944269689027
28.1 12.1897 14 0.5028926474824229
28.2 12.41539 14 0.5109870124312643
28.3 12.64276 14 0.5191011037890785
28.4 12.87182 14 0.5272336718566001
28.5 13.10256 14 0.5353819628163257
28.6 13.33499 14 0.5435532707273325
28.7 13.5691 14 0.551740281726012
28.8 13.80489 14 0.5599467509776188
28.9 14.04236 14 0.568171086551469
29.0 14.28152 14 0.5764097801939143
29.1 14.52236 14 0.5846700444564052
29.2 14.76489 14 0.5929474370998654
29.3 15.0091 14 0.6012413388528546
29.4 15.25499 14 0.6095522840769989
29.5 15.50257 14 0.6178817864565482
29.6 15.75183 14 0.6262259578404361
29.7 16.00277 14 0.6345877679206539
29.8 16.2554 14 0.642965922283685
29.9 16.50971 14 0.6513614643070132
30.0 16.7657 14 0.6597714508248094
30.1 17.02962 14 0.669481433818153
30.2 17.29451 14 0.6792004466572229
30.3 17.56037 14 0.6889274891672724
30.4 17.82719 14 0.6986620921419884
30.5 18.09497 14 0.7084065797722285
30.6 18.36373 14 0.7181583052916872
30.7 18.63344 14 0.7279190051722241
30.8 18.90413 14 0.7376890264078051
30.9 19.17578 14 0.747466151528819
31.0 19.4484 14 0.757252159091526
31.1 19.72199 14 0.7670456025210303
31.2 19.99654 14 0.7768489003829113
31.3 20.27205 14 0.786659296793874
31.4 20.54854 14 0.7964778850219036
31.5 20.82599 14 0.8063045418484728
31.6 21.1044 14 0.8161401086423341
31.7 21.38379 14 0.8259826697697614
31.8 21.66414 14 0.835833988451842
31.9 21.94545 14 0.8456926929167807
32.0 22.22773 14 0.855559539964192
32.1 22.51098 14 0.8654340920760552
32.2 22.7952 14 0.8753166987452344
32.3 23.08038 14 0.885207233539945
32.4 23.36652 14 0.8951053668483469
32.5 23.65364 14 0.9050110776879154
32.6 23.94172 14 0.914924799194983
32.7 24.23076 14 0.92484609659422
32.8 24.52078 14 0.9347748807479901
32.9 24.81176 14 0.9447112751174792
33.0 25.1037 14 0.9546553328334884
33.1 25.39661 14 0.9646070674955494
33.2 25.69049 14 0.9745659961895915
33.3 25.98534 14 0.9845324976123178
33.4 26.28115 14 0.9945065085453737
33.5 26.46186 14 1.0
33.6 26.50071 14 1.0
33.7 26.53957 14 1.0
33.8 26.57842 14 1.0
33.9 26.61727 14 1.0
34.0 26.65613 14 1.0
34.1 26.69498 14 1.0
34.2 26.73384 14 1.0
34.3 26.77269 14 1.0
34.4 26.81154 14 1.0
34.5 26.8504 14 1.0
34.6 26.88925 14 1.0
34.7 26.9281 14 1.0
34.8 26.96696 14 1.0
34.9 27.00581 14 1.0
35.0 27.04467 14 1.0
35.1 27.09437 14 1.0
35.2 27.14407 14 1.0
35.3 27.19378 14 1.0
35.4 27.24348 14 1.0
35.5 27.29319 14 1.0
35.6 27.34289 14 1.0
35.7 27.3926 14 1.0
35.8 27.4423 14 1.0
35.9 27.49201 14 1.0
36.0 27.54171 14 1.0
36.1 27.59142 14 1.0
36.2 27.64112 14 1.0
36.3 27.69083 14 1.0
36.4 27.74053 14 1.0
36.5 27.79024 14 1.0
36.6 27.83994 14 1.0
36.7 27.88965 14 1.0
36.8 27.93935 14 1.0
36.9 27.98906 14 1.0
37.0 28.03876 14 1.0
37.1 28.08847 14 1.0
37.2 28.13817 14 1.0
37.3 28.18788 14 1.0
37.4 28.23758 14 1.0
37.5 28.28729 14 1.0
37.6 28.33699 14 1.0
37.7 28.3867 14 1.0
37.8 28.4364 14 1.0
37.9 28.48611 14 1.0
38.0 28.53581 14 1.0
38.1 28.58552 14 1.0
38.2 28.63522 14 1.0
38.3 28.68493 14 1.0
38.4 28.73463 14 1.0
38.5 28.78434 14 1.0
38.6 28.83404 14 1.0
38.7 28.88375 14 1.0
38.8 28.93345 14 1.0
38.9 28.98316 14 1.0
39.0 29.03286 14 1.0
39.1 29.08256 14 1.0
39.2 29.13227 14 1.0
39.3 29.18197 14 1.0
39.4 29.23168 14 1.0
39.5 29.28138 14 1.0
39.6 29.33109 14 1.0
39.7 29.38079 14 1.0
39.8 29.4305 14 1.0
39.9 29.4802 14 1.0
40.0 29.52991 14 1.0
40.1 29.58307 14 1.0
40.2 29.63623 14 1.0
40.3 29.68939 14 1.0
40.4 29.74255 14 1.0
40.5 29.79571 14 1.0
40.6 29.84887 14 1.0
40.7 29.90203 14 1.0
40.8 29.95519 14 1.0
40.9 30.00835 14 1.0
41.0 30.06151 14 1.0
41.1 30.11467 14 1.0
41.2 30.16784 14 1.0
41.3 30.221 14 1.0
41.4 30.27416 14 1.0
41.5 30.32732 14 1.0
41.6 30.38048 14 1.0
41.7 30.43364 14 1.0
41.8 30.4868 14 1.0
41.9 30.53996 14 1.0
42.0 30.59312 14 1.0
42.1 30.64628 14 1.0
42.2 30.69944 14 1.0
42.3 30.7526 14 1.0
42.4 30.80576 14 1.0
42.5 30.85892 14 1.0
42.6 30.91208 14 1.0
42.7 30.96524 14 1.0
42.8 31.0184 14 1.0
42.9 31.07156 14 1.0
43.0 31.12473 14 1.0
43.1 31.17789 14 1.0
43.2 31.23105 14 1.0
43.3 31.28421 14 1.0
43.4 31.33737 14 1.0
43.5 31.39053 14 1.0
43.6 31.44369 14 1.0
43.7 31.49685 14 1.0
43.8 31.55001 14 1.0
43.9 31.60317 14 1.0
44.0 31.65633 14 1.0
44.1 31.70949 14 1.0
44.2 31.76265 14 1.0
44.3 31.81581 14 1.0
44.4 31.86897 14 1.0
44.5 31.92213 14 1.0
44.6 31.97529 14 1.0
44.7 32.02845 14 1.0
44.8 32.08162 14 1.0
44.9 32.13478 14 1.0
45.0 32.18794 14 1.0
45.1 32.2411 14 1.0
45.2 32.29426 14 1.0
45.3 32.34742 14 1.0
45.4 32.40058 14 1.0
45.5 32.45374 14 1.0
45.6 32.5069 14 1.0
45.7 32.56006 14 1.0
45.8 32.61322 14 1.0
45.9 32.66638 14 1.0
46.0 32.71954 14 1.0
46.1 32.7727 14 1.0
46.2 32.82586 14 1.0
46.3 32.87902 14 1.0
46.4 32.93218 14 1.0
46.5 32.98534 14 1.0
46.6 33.03851 14 1.0
46.7 33.09167 14 1.0
46.8 33.14483 14 1.0
46.9 33.19799 14 1.0
47.0 33.25115 14 1.0
47.1 33.30431 14 1.0
47.2 33.35747 14 1.0
47.3 33.41063 14 1.0
47.4 33.46379 14 1.0
47.5 33.51695 14 1.0
47.6 33.57011 14 1.0
47.7 33.62327 14 1.0
47.8 33.67643 14 1.0
47.9 33.72959 14 1.0
48.0 33.78275 14 1.0
48.1 33.83591 14 1.0
48.2 33.88907 14 1.0
48.3 33.94223 14 1.0
48.4 33.9954 14 1.0
48.5 34.04856 14 1.0
48.6 34.10172 14 1.0
48.7 34.15488 14 1.0
48.8 34.20804 14 1.0
48.9 34.2612 14 1.0
49.0 34.31436 14 1.0
49.1 34.36752 14 1.0
49.2 34.42068 14 1.0
49.3 34.47384 14 1.0
49.4 34.527 14 1.0
49.5 34.58016 14 1.0
49.6 34.63332 14 1.0
49.7 34.68648 14 1.0
49.8 34.73964 14 1.0
49.9 34.7928 14 1.0
50.0 34.84596 14 1.0
50.1 34.90184 14 1.0
50.2 34.95771 14 1.0
50.3 35.01358 14 1.0
50.4 35.06945 14 1.0
50.5 35.12532 14 1.0
50.6 35.18119 14 1.0
50.7 35.23706 14 1.0
50.8 35.29293 14 1.0
50.9 35.3488 14 1.0
51.0 35.40467 14 1.0
51.1 35.46055 14 1.0
51.2 35.51642 14 1.0
51.3 35.57229 14 1.0
51.4 35.62816 14 1.0
51.5 35.68403 14 1.0
51.6 35.7399 14 1.0
51.7 35.79577 14 1.0
51.8 35.85164 14 1.0
51.9 35.90751 14 1.0
52.0 35.96338 14 1.0
52.1 36.01926 14 1.0
52.2 36.07513 14 1.0
52.3 36.131 14 1.0
52.4 36.18687 14 1.0
52.5 36.24274 14 1.0
52.6 36.29861 14 1.0
52.7 36.35448 14 1.0
52.8 36.41035 14 1.0
52.9 36.46622 14 1.0
53.0 36.52209 14 1.0
53.1 36.57797 14 1.0
53.2 36.63384 14 1.0
53.3 36.68971 14 1.0
53.4 36.74558 14 1.0
53.5 36.80145 14 1.0
53.6 36.85732 14 1.0
53.7 36.91319 14 1.0
53.8 36.96906 14 1.0
53.9 37.02493 14 1.0
54.0 37.08081 14 1.0
54.1 37.13668 14 1.0
54.2 37.19255 14 1.0
54.3 37.24842 14 1.0
54.4 37.30429 14 1.0
54.5 37.36016 14 1.0
54.6 37.41603 14 1.0
54.7 37.4719 14 1.0
54.8 37.52777 14 1.0
54.9 37.58364 14 1.0
55.0 37.63952 14 1.0
55.1 37.69539 14 1.0
55.2 37.75126 14 1.0
55.3 37.80713 14 1.0
55.4 37.863 14 1.0
55.5 37.91887 14 1.0
55.6 37.97474 14 1.0
55.7 38.03061 14 1.0
55.8 38.08648 14 1.0
55.9 38.14235 14 1.0
56.0 38.19823 14 1.0
56.1 38.2541 14 1.0
56.2 38.30997 14 1.0
56.3 38.36584 14 1.0
56.4 38.42171 14 1.0
56.5 38.47758 14 1.0
56.6 38.53345 14 1.0
56.7 38.58932 14 1.0
56.8 38.64519 14 1.0
56.9 38.70106 14 1.0
57.0 38.75694 14 1.0
57.1 38.81281 14 1.0
57.2 38.86868 14 1.0
57.3 38.92455 14 1.0
57.4 38.98042 14 1.0
57.5 39.03629 14 1.0
57.6 39.09216 14 1.0
57.7 39.14803 14 1.0
57.8 39.2039 14 1.0
57.9 39.25977 14 1.0
58.0 39.31565 14 1.0
58.1 39.37152 14 1.0
58.2 39.42739 14 1.0
58.3 39.48326 14 1.0
58.4 39.53913 14 1.0
58.5 39.595 14 1.0
58.6 39.65087 14 1.0
58.7 39.70674 14 1.0
58.8 39.76261 14 1.0
58.9 39.81849 14 1.0
59.0 39.87436 14 1.0
59.1 39.93023 14 1.0
59.2 39.9861 14 1.0
59.3 40.04197 14 1.0
59.4 40.09784 14 1.0
59.5 40.15371 14 1.0
59.6 40.20958 14 1.0
59.7 40.26545 14 1.0
59.8 40.32132 14 1.0
59.9 40.3772 14 1.0
60.0 40.43307 14 1.0
60.1 40.40275 14 1.0
60.2 40.37244 14 1.0
60.3 40.34213 14 1.0
60.4 40.31181 14 1.0
60.5 40.2815 14 1.0
60.6 40.25118 14 1.0
60.7 40.22087 14 1.0
60.8 40.19056 14 1.0
60.9 40.16024 14 1.0
61.0 40.12993 14 1.0
61.1 40.09962 14 1.0
61.2 40.0693 14 1.0
61.3 40.03899 14 1.0
61.4 40.00868 14 1.0
61.5 39.97836 14 1.0
61.6 39.94805 14 1.0
61.7 39.91774 14 1.0
61.8 39.88742 14 1.0
61.9 39.85711 14 1.0
62.0 39.82679 14 1.0
62.1 39.79648 14 1.0
62.2 39.76617 14 1.0
62.3 39.73585 14 1.0
62.3 39.70554 14 1.0
62.4 39.67523 14 1.0
62.5 39.64491 14 1.0
62.6 39.6146 14 1.0
62.7 39.58429 14 1.0
62.8 39.55397 14 1.0
62.9 39.52366 14 1.0
63.0 39.49335 14 1.0
63.1 39.46303 14 1.0
63.2 39.43272 14 1.0
63.3 39.4024 14 1.0
63.4 39.37209 14 1.0
63.5 39.34178 14 1.0
63.6 39.31146 14 1.0
63.7 39.28115 14 1.0
63.8 39.25084 14 1.0
63.9 39.22052 14 1.0
64.0 39.19021 14 1.0
64.1 39.1599 14 1.0
64.2 39.12958 14 1.0
64.3 39.09927 14 1.0
64.4 39.06896 14 1.0
64.5 39.03864 14 1.0
64.6 39.00833 14 1.0
64.7 38.97801 14 1.0
64.8 38.90667 14 1.0
64.9 38.61363 14 1.0
65.0 38.324 14 1.0
65.1 38.03777 14 1.0
65.2 37.75495 14 1.0
65.3 37.47553 14 1.0
65.4 37.19952 14 1.0
65.5 36.92691 14 1.0
65.6 36.6577 14 1.0
65.7 36.3919 14 1.0
65.8 36.12951 14 1.0
65.9 35.87051 14 1.0
66.0 35.61493 14 1.0
66.1 35.36275 14 1.0
66.2 35.11397 14 1.0
66.3 34.8686 14 1.0
66.4 34.62663 14 1.0
66.5 34.38806 14 1.0
66.6 34.1529 14 1.0
66.7 33.92115 14 1.0
66.8 33.6928 14 1.0
66.9 33.46785 14 1.0
67.0 33.24631 14 1.0
67.1 33.02817 14 1.0
67.2 32.81344 14 1.0
67.3 32.60211 14 1.0
67.4 32.39419 14 1.0
67.5 32.18967 14 1.0
67.6 31.98856 14 1.0
67.7 31.82703 14 1.0
67.8 31.768 14 1.0
67.9 31.72127 14 1.0
68.0 31.68683 14 1.0
68.1 31.66468 14 1.0
68.2 31.65483 14 1.0
68.3 31.65727 14 1.0
68.4 31.67201 14 1.0
68.5 31.69904 14 1.0
68.6 31.73836 14 1.0
68.7 31.78998 14 1.0
68.8 31.8539 14 1.0
68.9 31.9301 14 1.0
69.0 32.01861 14 1.0
69.1 32.1194 14 1.0
69.2 32.23249 14 1.0
69.3 32.35788 14 1.0
69.4 32.49556 14 1.0
69.5 32.64553 14 1.0
69.6 32.8078 14 1.0
69.7 32.98236 14 1.0
69.8 33.16922 14 1.0
69.9 33.36837 14 1.0
70.0 33.37564 14 1.0
70.1 33.38285 14 1.0
70.2 33.39002 14 1.0
70.3 33.48215 14 1.0
70.4 33.53029 14 1.0
70.5 33.57837 14 1.0
70.6 33.62641 14 1.0
70.7 33.67441 14 1.0
70.8 33.72236 14 1.0
70.9 33.77026 14 1.0
71.0 33.81811 14 1.0
71.1 33.86592 14 1.0
71.2 33.91368 14 1.0
71.3 33.96139 14 1.0
71.4 34.00906 14 1.0
71.5 34.05668 14 1.0
71.6 34.10426 14 1.0
71.7 34.15178 14 1.0
71.8 34.19927 14 1.0
71.9 34.2467 14 1.0
72.0 34.29409 14 1.0
72.1 34.34143 14 1.0
72.2 34.38872 14 1.0
72.3 34.43597 14 1.0
72.4 34.48317 14 1.0
72.5 34.53032 14 1.0
72.6 34.57743 14 1.0
72.7 34.62449 14 1.0
72.8 34.67151 14 1.0
72.9 34.71847 14 1.0
73.0 34.76539 14 1.0
73.1 34.81227 14 1.0
73.2 34.85909 14 1.0
73.3 34.90587 14 1.0
73.4 34.95261 14 1.0
73.5 34.9993 14 1.0
73.6 35.04594 14 1.0
73.7 35.09253 14 1.0
73.8 35.13908 14 1.0
73.9 35.18558 14 1.0
74.0 35.23203 14 1.0
74.1 35.27844 14 1.0
74.2 35.3248 14 1.0
74.3 35.37111 14 1.0
74.4 35.41738 14 1.0
74.5 35.4636 14 1.0
74.6 35.50977 14 1.0
74.7 35.5559 14 1.0
74.8 35.60198 14 1.0
74.9 35.64801 14 1.0
75.0 35.694 14 1.0
75.1 35.73994 14 1.0
75.2 35.78583 14 1.0
75.3 35.83168 14 1.0
75.4 35.87748 14 1.0
75.5 35.92323 14 1.0
75.6 35.96894 14 1.0
75.7 36.0146 14 1.0
75.8 36.06021 14 1.0
75.9 36.10578 14 1.0
76.0 36.1513 14 1.0
76.1 36.19677 14 1.0
76.2 36.2422 14 1.0
76.3 36.28758 14 1.0
76.4 36.33291 14 1.0
76.5 36.3782 14 1.0
76.6 36.42344 14 1.0
76.7 36.46863 14 1.0
76.8 36.51378 14 1.0
76.9 36.55888 14 1.0
77.0 36.60393 14 1.0
77.1 36.64894 14 1.0
77.2 36.6939 14 1.0
77.3 36.73881 14 1.0
77.4 36.78368 14 1.0
77.5 36.8285 14 1.0
77.6 36.87327 14 1.0
77.7 36.91799 14 1.0
77.8 36.96267 14 1.0
77.9 37.00731 14 1.0
78.0 37.05189 14 1.0
78.1 37.09643 14 1.0
78.2 37.14093 14 1.0
78.3 37.18537 14 1.0
78.4 37.22977 14 1.0
78.5 37.27412 14 1.0
78.6 37.31843 14 1.0
78.7 37.36269 14 1.0
78.8 37.4069 14 1.0
78.9 37.45107 14 1.0
79.0 37.49519 14 1.0
79.1 37.53926 14 1.0
79.2 37.58328 14 1.0
79.3 37.62726 14 1.0
79.4 37.6712 14 1.0
79.5 37.71508 14 1.0
79.6 37.75892 14 1.0
79.7 37.80271 14 1.0
79.8 37.84646 14 1.0
79.9 37.89016 14 1.0
80.0 37.93287 14 1.0
80.1 37.97561 14 1.0
80.2 38.01837 14 1.0
80.3 38.06115 14 1.0
80.4 38.10396 14 1.0
80.5 38.1468 14 1.0
80.6 38.18966 14 1.0
80.7 38.23254 14 1.0
80.8 38.27545 14 1.0
80.9 38.31838 14 1.0
81.0 38.36134 14 1.0
81.1 38.40432 14 1.0
81.2 38.44732 14 1.0
81.3 38.49035 14 1.0
81.4 38.5334 14 1.0
81.5 38.57648 14 1.0
81.6 38.61958 14 1.0
81.7 38.66271 14 1.0
81.8 38.70586 14 1.0
81.9 38.74904 14 1.0
82.0 38.79224 14 1.0
82.1 38.83546 14 1.0
82.2 38.87871 14 1.0
82.3 38.92198 14 1.0
82.4 38.96528 14 1.0
82.5 39.0086 14 1.0
82.6 39.05195 14 1.0
82.7 39.09532 14 1.0
82.8 39.13872 14 1.0
82.9 39.18214 14 1.0
83.0 39.22558 14 1.0
83.1 39.26905 14 1.0
83.2 39.31254 14 1.0
83.3 39.35606 14 1.0
83.4 39.3996 14 1.0
83.5 39.44316 14 1.0
83.6 39.48675 14 1.0
83.7 39.53037 14 1.0
83.8 39.57401 14 1.0
83.9 39.61767 14 1.0
84.0 39.66136 14 1.0
84.1 39.70507 14 1.0
84.2 39.74881 14 1.0
84.3 39.79257 14 1.0
84.4 39.83635 14 1.0
84.5 39.88016 14 1.0
84.6 39.924 14 1.0
84.7 39.96786 14 1.0
84.8 40.01174 14 1.0
84.9 40.05565 14 1.0
85.0 40.09958 14 1.0
85.1 40.14353 14 1.0
85.2 40.18751 14 1.0
85.3 40.23152 14 1.0
85.4 40.27555 14 1.0
85.5 40.3196 14 1.0
85.6 40.36368 14 1.0
85.7 40.40778 14 1.0
85.8 40.45191 14 1.0
85.9 40.49606 14 1.0
86.0 40.54023 14 1.0
86.1 40.58443 14 1.0
86.2 40.62866 14 1.0
86.3 40.67291 14 1.0
86.4 40.71718 14 1.0
86.5 40.76148 14 1.0
86.6 40.8058 14 1.0
86.7 40.85015 14 1.0
86.8 40.89452 14 1.0
86.9 40.93891 14 1.0
87.0 40.98333 14 1.0
87.1 41.02777 14 1.0
87.2 41.07224 14 1.0
87.3 41.11673 14 1.0
87.4 41.16125 14 1.0
87.5 41.20579 14 1.0
87.6 41.25036 14 1.0
87.7 41.29495 14 1.0
87.8 41.33956 14 1.0
87.9 41.3842 14 1.0
88.0 41.42886 14 1.0
88.1 41.47355 14 1.0
88.2 41.51826 14 1.0
88.3 41.563 14 1.0
88.4 41.60776 14 1.0
88.5 41.65255 14 1.0
88.6 41.69736 14 1.0
88.7 41.74219 14 1.0
88.8 41.78705 14 1.0
88.9 41.83193 14 1.0
89.0 41.87684 14 1.0
89.1 41.92177 14 1.0
89.2 41.96672 14 1.0
89.3 42.0117 14 1.0
89.4 42.05671 14 1.0
89.5 42.10174 14 1.0
89.6 42.14679 14 1.0
89.7 42.19187 14 1.0
89.8 42.23697 14 1.0
89.9 42.2821 14 1.0
90.0 42.32742 14 1.0
90.1 42.37272 14 1.0
90.2 42.418 14 1.0
90.3 42.46327 14 1.0
90.4 42.50853 14 1.0
90.5 42.55376 14 1.0
90.6 42.59898 14 1.0
90.7 42.64419 14 1.0
90.8 42.68937 14 1.0
90.9 42.73454 14 1.0
91.0 42.7797 14 1.0
91.1 42.82484 14 1.0
91.2 42.86996 14 1.0
91.3 42.91506 14 1.0
91.4 42.96015 14 1.0
91.5 43.00522 14 1.0
91.6 43.05028 14 1.0
91.7 43.09532 14 1.0
91.8 43.14034 14 1.0
91.9 43.18535 14 1.0
92.0 43.23034 14 1.0
92.1 43.27531 14 1.0
92.2 43.32027 14 1.0
92.3 43.36521 14 1.0
92.4 43.41014 14 1.0
92.5 43.45504 14 1.0
92.6 43.49994 14 1.0
92.7 43.54481 14 1.0
92.8 43.58967 14 1.0
92.9 43.63451 14 1.0
93.0 43.67934 14 1.0
93.1 43.72415 14 1.0
93.2 43.76894 14 1.0
93.3 43.81372 14 1.0
93.4 43.85848 14 1.0
93.5 43.90322 14 1.0
93.6 43.94795 14 1.0
93.7 43.99266 14 1.0
93.8 44.03736 14 1.0
93.9 44.08204 14 1.0
94.0 44.1267 14 1.0
94.1 44.17134 14 1.0
94.2 44.21597 14 1.0
94.3 44.26059 14 1.0
94.4 44.30518 14 1.0
94.5 44.34976 14 1.0
94.6 44.39433 14 1.0
94.7 44.43887 14 1.0
94.8 44.4834 14 1.0
94.9 44.52792 14 1.0
95.0 44.57242 14 1.0
95.1 44.6169 14 1.0
95.2 44.66136 14 1.0
95.3 44.70581 14 1.0
95.4 44.75025 14 1.0
95.5 44.79466 14 1.0
95.6 44.83906 14 1.0
95.7 44.88344 14 1.0
95.8 44.92781 14 1.0
95.9 44.97216 14 1.0
96.0 45.0165 14 1.0
96.1 45.06081 14 1.0
96.2 45.10512 14 1.0
96.3 45.1494 14 1.0
96.4 45.19367 14 1.0
96.5 45.23792 14 1.0
96.6 45.28216 14 1.0
96.7 45.32638 14 1.0
96.8 45.37058 14 1.0
96.9 45.41476 14 1.0
97.0 45.45893 14 1.0
97.1 45.50309 14 1.0
97.2 45.54723 14 1.0
97.3 45.59135 14 1.0
97.4 45.63545 14 1.0
97.5 45.67954 14 1.0
97.6 45.72361 14 1.0
97.7 45.76767 14 1.0
97.8 45.8117 14 1.0
97.9 45.85573 14 1.0
98.0 45.89973 14 1.0
98.1 45.94372 14 1.0
98.2 45.9877 14 1.0
98.3 46.03165 14 1.0
98.4 46.07559 14 1.0
98.5 46.11952 14 1.0
98.6 46.16342 14 1.0
98.7 46.20732 14 1.0
98.8 46.25119 14 1.0
98.9 46.29505 14 1.0
99.0 46.33889 14 1.0
99.1 46.38272 14 1.0
99.2 46.42652 14 1.0
99.3 46.47032 14 1.0
99.4 46.51409 14 1.0
99.5 46.55785 14 1.0
99.6 46.6016 14 1.0
99.7 46.64532 14 1.0
99.8 46.68904 14 1.0
99.9 46.73273 14 1.0
100.0 46.77953 14 1.0
100.1 46.82638 14 1.0
100.2 46.87329 14 1.0
100.3 46.92025 14 1.0
100.4 46.96727 14 1.0
100.5 47.01434 14 1.0
100.6 47.06146 14 1.0
100.7 47.10864 14 1.0
100.8 47.15588 14 1.0
100.9 47.20316 14 1.0
101.0 47.25051 14 1.0
101.1 47.2979 14 1.0
101.2 47.34535 14 1.0
101.3 47.39286 14 1.0
101.4 47.44042 14 1.0
101.5 47.48803 14 1.0
101.6 47.5357 14 1.0
101.7 47.22835 14 1.0
101.8 46.91186 14 1.0
101.9 46.59448 14 1.0
102.0 46.27622 14 1.0
102.1 45.95708 14 1.0
102.2 45.63705 14 1.0
102.3 45.31614 14 1.0
102.4 44.99435 14 1.0
102.5 44.67167 14 1.0
102.6 44.34811 14 1.0
102.7 44.02367 14 1.0
102.8 43.69835 14 1.0
102.9 43.37214 14 1.0
103.0 43.04504 14 1.0
103.1 42.71707 14 1.0
103.2 42.38821 14 1.0
103.3 42.05847 14 1.0
103.4 41.72785 14 1.0
103.5 41.39634 14 1.0
103.6 41.06395 14 1.0
103.7 40.73067 14 1.0
103.8 40.39652 14 1.0
103.9 40.06147 14 1.0
104.0 39.72555 14 1.0
104.1 39.38874 14 1.0
104.2 39.05105 14 1.0
104.3 38.71248 14 1.0
104.4 38.37303 14 1.0
104.5 38.03269 14 1.0
104.6 37.69146 14 1.0
104.7 37.34936 14 1.0
104.8 37.00637 14 1.0
104.9 36.6625 14 1.0
105.0 36.31774 14 1.0
105.1 35.9721 14 1.0
105.2 35.62558 14 1.0
105.3 35.27818 14 1.0
105.4 34.92989 14 1.0
105.5 34.58072 14 1.0
105.6 34.23067 14 1.0
105.7 33.87973 14 1.0
105.8 33.52791 14 1.0
105.9 33.1752 14 1.0
106.0 32.82162 14 1.0
106.1 32.46715 14 1.0
106.2 32.1118 14 1.0
106.3 31.75556 14 1.0
106.4 31.39844 14 1.0
106.5 31.04044 14 1.0
106.6 30.68155 14 1.0
106.7 30.32178 14 1.0
106.8 29.96113 14 1.0
106.9 29.5996 14 1.0
107.0 29.23718 14 1.0
107.1 28.87388 14 1.0
107.2 28.50969 14 1.0
107.3 28.14462 14 1.0
107.4 27.77867 14 1.0
107.5 27.41184 14 1.0
107.6 27.04412 14 1.0
107.7 26.67552 14 1.0
107.8 26.30604 14 1.0
107.9 25.93567 14 1.0
108.0 25.56442 14 1.0
108.1 25.19229 14 1.0
108.2 24.81927 14 1.0
108.3 24.44537 14 1.0
108.4 24.07059 14 1.0
108.5 23.69493 14 1.0
108.6 23.31838 14 1.0
108.7 22.94094 14 1.0
108.8 22.56263 14 1.0
108.9 22.18343 14 1.0
109.0 21.80335 14 1.0
109.1 21.42239 14 1.0
109.2 21.04054 14 1.0
109.3 20.65781 14 1.0
109.4 20.27419 14 1.0
109.5 19.8897 14 1.0
109.6 19.50432 14 1.0
109.7 19.11805 14 1.0
109.8 18.73091 14 1.0
109.8 18.34288 14 1.0
109.9 17.96592 14 1.0
110.0 17.58821 14 1.0
110.1 17.20973 14 1.0
110.2 16.8305 14 1.0
110.3 16.45052 14 1.0
110.4 16.06977 14 1.0
110.5 15.68826 14 1.0
110.6 15.306 14 1.0
110.7 14.92297 14 1.0
110.8 14.53919 14 1.0
110.9 14.15465 14 1.0
111.0 13.76935 14 1.0
111.1 13.38329 14 1.0
111.2 12.99648 14 1.0
111.3 12.6089 14 1.0
111.4 12.22057 14 1.0
111.5 11.83148 14 1.0
111.6 11.44163 14 1.0
111.7 11.05102 14 1.0
111.8 10.65965 14 1.0
111.9 10.26752 14 1.0
112.0 9.874638 14 1.0
112.1 9.480995 14 1.0
112.2 9.086593 14 1.0
112.3 8.691433 14 1.0
112.4 8.295514 14 1.0
112.5 7.898836 14 1.0
112.6 7.5014 14 1.0
112.7 7.103205 14 1.0
112.8 6.704252 14 1.0
112.9 6.30454 14 1.0
113.0 5.904069 14 1.0
113.1 5.50284 14 1.0
113.2 5.100853 14 1.0
113.3 4.698107 14 1.0
113.4 4.294602 14 1.0
113.5 0.0 15 0.0
113.6 0.0 15 0.0
113.7 0.0 15 0.0
113.8 0.0 15 0.0
113.9 0.0 15 0.0
114.0 0.0 15 0.0
114.1 0.0 15 0.0
114.2 0.0 15 0.0
114.3 0.0 15 0.0
114.4 0.0 15 0.0
114.5 0.0 15 0.0
114.6 0.0 15 0.0
114.7 0.0 15 0.0
114.8 0.0 15 0.0
114.9 0.0 15 0.0
115.0 0.0 15 0.0
115.1 0.0 15 0.0
115.2 0.0 15 0.0
115.3 0.0 15 0.0
115.4 0.0 15 0.0
115.5 0.0 15 0.0
115.6 0.0 15 0.0
115.7 0.0 15 0.0
115.8 0.0 15 0.0
115.9 0.0 15 0.0
116.0 0.0 15 0.0
116.1 0.0 15 0.0
116.2 0.0 15 0.0
116.3 0.0 15 0.0
116.4 0.0 15 0.0
116.5 0.0 15 0.0
116.6 0.0 15 0.0
116.7 0.0 15 0.0
116.8 0.0 15 0.0
116.9 0.0 15 0.0
117.0 0.0 15 0.0
117.1 0.0 15 0.0
117.2 0.0 15 0.0
117.3 0.0 15 0.0
117.4 0.0 15 0.0
117.5 0.0 15 0.0
117.6 0.0 15 0.0
117.7 0.0 15 0.0
117.8 0.0 15 0.0
117.9 0.0 15 0.0
118.0 0.0 15 0.0
118.1 0.0 15 0.0
118.2 0.0 15 0.0
118.3 0.0 15 0.0
118.4 0.0 15 0.0
118.5 0.0 15 0.0
118.6 0.0 15 0.0
118.7 0.0 15 0.0
118.8 0.0 15 0.0
118.9 0.0 15 0.0
119.0 0.0 15 0.0
119.1 0.0 15 0.0
119.2 0.0 15 0.0
119.3 0.0 15 0.0
119.4 0.0 15 0.0
119.5 0.0 15 0.0
119.6 0.0 15 0.0
119.7 0.0 15 0.0
119.8 0.0 15 0.0
119.9 0.0 15 0.0
120.0 0.0 15 0.0
120.1 0.0 15 0.0
120.2 0.0 15 0.0
120.3 0.0 15 0.0
120.4 0.0 15 0.0
120.5 0.0 15 0.0
120.6 0.0 15 0.0
120.7 0.0 15 0.0
120.8 0.0 15 0.0
120.9 0.0 15 0.0
121.0 0.0 15 0.0
121.1 0.0 15 0.0
121.2 0.0 15 0.0
121.3 0.0 15 0.0
121.4 0.0 15 0.0
121.5 0.0 15 0.0
121.6 0.0 15 0.0
121.7 0.0 15 0.0
121.8 0.0 15 0.0
121.9 0.0 15 0.0
122.0 0.0 15 0.0
122.1 0.0 15 0.0
122.2 0.0 15 0.0
122.3 0.0 15 0.0
122.4 0.0 15 0.0
122.5 0.0 15 0.0
122.6 0.0 15 0.0
122.7 0.0 15 0.0
122.8 0.0 15 0.0
122.9 0.0 15 0.0
123.0 0.0 15 0.0
123.1 0.0 15 0.0
123.2 0.0 15 0.0
123.3 0.0 15 0.0
123.4 0.0 15 0.0
123.5 0.0 15 0.0
123.6 0.0 15 0.0
123.7 0.0 15 0.0
123.8 0.0 15 0.0
123.9 0.0 15 0.0
124.0 0.0 15 0.0
124.1 0.0 15 0.0
124.2 0.0 15 0.0
124.3 0.0 15 0.0
124.4 0.0 15 0.0
124.5 0.0 15 0.0
124.6 0.0 15 0.0
124.7 0.0 15 0.0
124.8 0.0 15 0.0
124.9 0.0 15 0.0
125.0 0.0 15 0.0
125.1 0.0 15 0.0
125.2 0.0 15 0.0
125.3 0.0 15 0.0
125.4 0.0 15 0.0
125.5 0.0 15 0.0
125.6 0.0 15 0.0
125.7 0.0 15 0.0
125.8 0.0 15 0.0
125.9 0.0 15 0.0
126.0 0.0 15 0.0
126.1 0.0 15 0.0
126.2 0.0 15 0.0
126.3 0.0 15 0.0
126.4 0.0 15 0.0
126.5 0.0 15 0.0
126.6 0.0 15 0.0
126.7 0.0 15 0.0
126.8 0.0 15 0.0
126.9 0.0 15 0.0
127.0 0.0 15 0.0
127.1 0.0 15 0.0
127.2 0.0 15 0.0
127.3 0.0 15 0.0
127.4 0.0 15 0.0
127.5 0.0 15 0.0
127.6 0.0 15 0.0
127.7 0.0 15 0.0
127.8 0.0 15 0.0
127.9 0.0 15 0.0
128.0 0.0 15 0.0
128.1 0.0 15 0.0
128.2 0.0 15 0.0
128.3 0.0 15 0.0
128.4 0.0 15 0.0
128.5 0.0 15 0.0
128.6 0.0 15 0.0
128.7 0.0 15 0.0
128.8 0.0 15 0.0
128.9 0.0 15 0.0
129.0 0.0 15 0.0
129.1 0.0 15 0.0
129.2 0.0 15 0.0
129.3 0.0 15 0.0
129.4 0.0 15 0.0
129.5 0.0 15 0.0
129.6 0.0 15 0.0
129.7 0.0 15 0.0
129.8 0.0 15 0.0
129.9 0.0 15 0.0
130.0 0.0 15 0.0
130.1 0.0 15 0.0
130.2 0.0 15 0.0
130.3 0.0 15 0.0
130.4 0.0 15 0.0
130.5 0.0 15 0.0
130.6 0.0 15 0.0
130.7 0.0 15 0.0
130.8 0.0 15 0.0
130.9 0.0 15 0.0
131.0 0.0 15 0.0
131.1 0.0 15 0.0
131.2 0.0 15 0.0
131.3 0.0 15 0.0
131.4 0.0 15 0.0
131.5 0.0 15 0.0
131.6 0.0 15 0.0
131.7 0.0 15 0.0
131.8 0.0 15 0.0
131.9 0.0 15 0.0
132.0 0.0 15 0.0
132.1 0.0 15 0.0
132.2 0.0 15 0.0
132.3 0.0 15 0.0
132.4 0.0 15 0.0
132.5 0.0 15 0.0
132.6 0.0 15 0.0
132.7 0.0 15 0.0
132.8 0.0 15 0.0
132.9 0.0 15 0.0
133.0 0.0 15 0.0
133.1 0.0 15 0.0
133.2 0.0 15 0.0
133.3 0.0 15 0.0
133.4 0.0 15 0.0
133.5 0.0 15 0.0
133.6 0.0 15 0.0
133.7 0.0 15 0.0
133.8 0.0 15 0.0
133.9 0.0 15 0.0
134.0 0.0 15 0.0
134.1 0.0 15 0.0
134.2 0.0 15 0.0
134.3 0.0 15 0.0
134.4 0.0 15 0.0
134.5 0.0 15 0.0
134.6 0.0 15 0.0
134.7 0.0 15 0.0
134.8 0.0 15 0.0
134.9 0.0 15 0.0
135.0 0.0 15 0.0
135.1 0.0 15 0.0
135.2 0.0 15 0.0
135.3 0.0 15 0.0
135.4 0.0 15 0.0
135.5 0.0 15 0.0
135.6 0.0 15 0.0
135.7 0.0 15 0.0
135.8 0.0 15 0.0
135.9 0.0 15 0.0
136.0 0.0 15 0.0
136.1 0.0 15 0.0
136.2 0.0 15 0.0
136.3 0.0 15 0.0
136.4 0.0 15 0.0
136.5 0.0 15 0.0
136.6 0.0 15 0.0
136.7 0.0 15 0.0
136.8 0.0 15 0.0
136.9 0.0 15 0.0
137.0 0.0 15 0.0
137.1 0.0 15 0.0
137.2 0.0 15 0.0
137.3 0.0 15 0.0
137.4 0.0 15 0.0
137.5 0.0 15 0.0
137.6 0.0 15 0.0
137.7 0.0 15 0.0
137.8 0.0 15 0.0
137.9 0.0 15 0.0
138.0 0.0 15 0.0
138.1 0.0 15 0.0
138.2 0.0 15 0.0
138.3 0.0 15 0.0
138.4 0.0 15 0.0
138.5 0.0 15 0.0
138.6 0.0 15 0.0
138.7 0.0 15 0.0
138.8 0.0 15 0.0
138.9 0.0 15 0.0
139.0 0.0 15 0.0
139.1 0.0 15 0.0
139.2 0.0 15 0.0
139.3 0.0 15 0.0
139.4 0.0 15 0.0
139.5 0.0 15 0.0
139.6 0.0 15 0.0
139.7 0.0 15 0.0
139.8 0.0 15 0.0
139.9 0.0 15 0.0
140.0 0.0 15 0.0
140.1 0.0 15 0.0
140.2 0.0 15 0.0
140.3 0.0 15 0.0
140.4 0.0 15 0.0
140.5 0.0 15 0.0
140.6 0.0 15 0.0
140.7 0.0 15 0.0
140.8 0.0 15 0.0
140.9 0.0 15 0.0
141.0 0.0 15 0.0
141.1 0.0 15 0.0
141.2 0.0 15 0.0
141.3 0.0 15 0.0
141.4 0.0 15 0.0
141.5 0.0 15 0.0
141.6 0.0 15 0.0
141.7 0.0 15 0.0
141.8 0.0 15 0.0
141.9 0.0 15 0.0
142.0 0.0 15 0.0
142.1 0.0 15 0.0
142.2 0.0 15 0.0
142.3 0.0 15 0.0
142.4 0.0 15 0.0
142.5 0.0 15 0.0
142.6 0.0 15 0.0
142.7 0.0 15 0.0
142.8 0.0 15 0.0
142.9 0.0 15 0.0
143.0 0.0 15 0.0
143.1 0.0 15 0.0
143.2 0.0 15 0.0
143.3 0.0 15 0.0
143.4 0.0 15 0.0
143.5 0.0 15 0.0
143.6 0.0 15 0.0
143.7 0.0 15 0.0
143.8 0.0 15 0.0
143.9 0.0 15 0.0
144.0 0.0 15 0.0
144.1 0.0 15 0.0
144.2 0.0 15 0.0
144.3 0.0 15 0.0
144.4 0.0 15 0.0
144.5 0.0 15 0.0
144.6 0.0 15 0.0
144.7 0.0 15 0.0
144.8 0.0 15 0.0
144.9 0.0 15 0.0
145.0 0.0 15 0.0
145.1 0.0 15 0.0
145.2 0.0 15 0.0
145.3 0.0 15 0.0
145.4 0.0 15 0.0
145.5 0.0 15 0.0
145.6 0.0 15 0.0
145.7 0.0 15 0.0
145.8 0.0 15 0.0
145.9 0.0 15 0.0
146.0 0.0 15 0.0
146.1 0.0 15 0.0
146.2 0.0 15 0.0
146.3 0.0 15 0.0
146.4 0.0 15 0.0
146.5 0.0 15 0.0
146.6 0.0 15 0.0
146.7 0.0 15 0.0
146.8 0.0 15 0.0
146.9 0.0 15 0.0
147.0 0.0 15 0.0
147.1 0.0 15 0.0
147.2 0.0 15 0.0
147.3 0.0 15 0.0
147.4 0.0 15 0.0
147.5 0.0 15 0.0
147.6 0.0 15 0.0
147.7 0.0 15 0.0
147.8 0.0 15 0.0
147.9 0.0 15 0.0
148.0 0.0 15 0.0
148.1 0.0 15 0.0
148.2 0.0 15 0.0
148.3 0.0 15 0.0
148.4 0.0 15 0.0
148.5 0.0 15 0.0
148.6 0.0 15 0.0
148.7 0.0 15 0.0
148.8 0.0 15 0.0
148.9 0.0 15 0.0
149.0 0.0 15 0.0
149.1 0.0 15 0.0
149.2 0.0 15 0.0
149.3 0.0 15 0.0
149.4 0.0 15 0.0
149.5 0.0 15 0.0
149.6 0.0 15 0.0
149.7 0.0 15 0.0
149.8 0.0 15 0.0
149.9 0.0 15 0.0
150.0 0.0 15 0.0
150.1 0.0 15 0.0
150.2 0.0 15 0.0
150.3 0.0 15 0.0
150.4 0.0 15 0.0
150.5 0.0 15 0.0
150.6 0.0 15 0.0
150.7 0.0 15 0.0
150.8 0.0 15 0.0
150.9 0.0 15 0.0
151.0 0.0 15 0.0
151.1 0.0 15 0.0
151.2 0.0 15 0.0
151.3 0.0 15 0.0
151.4 0.0 15 0.0
151.5 0.0 15 0.0
151.6 0.0 15 0.0
151.7 0.0 15 0.0
151.8 0.0 15 0.0
151.9 0.0 15 0.0
152.0 0.0 15 0.0
152.1 0.0 15 0.0
152.2 0.0 15 0.0
152.3 0.0 15 0.0
152.4 0.0 15 0.0
152.5 0.0 15 0.0
152.6 0.0 15 0.0
152.7 0.0 15 0.0
152.8 0.0 15 0.0
152.9 0.0 15 0.0
153.0 0.0 15 0.0
153.1 0.0 15 0.0
153.2 0.0 15 0.0
153.3 0.0 15 0.0
153.4 0.0 15 0.0
153.5 0.0 15 0.0
153.6 0.0 15 0.0
153.7 0.0 15 0.0
153.8 0.0 15 0.0
153.9 0.0 15 0.0
154.0 0.0 15 0.0
154.1 0.0 15 0.0
154.2 0.0 15 0.0
154.3 0.0 15 0.0
154.4 0.0 15 0.0
154.5 0.0 15 0.0
154.6 0.0 15 0.0
154.7 0.0 15 0.0
154.8 0.0 15 0.0
154.9 0.0 15 0.0
155.0 0.0 15 0.0
155.1 0.0 15 0.0
155.2 0.0 15 0.0
155.3 0.0 15 0.0
155.4 0.0 15 0.0
155.5 0.0 15 0.0
155.6 0.0 15 0.0
155.7 0.0 15 0.0
155.8 0.0 15 0.0
155.9 0.0 15 0.0
156.0 0.0 15 0.0
156.1 0.0 15 0.0
156.2 0.0 15 0.0
156.2 0.0 15 0.0
156.3 0.0 15 0.0
156.4 0.0 15 0.0
156.5 0.0 15 0.0
156.6 0.0 15 0.0
156.7 0.0 15 0.0
156.8 0.0 15 0.0
156.9 0.0 15 0.0
157.0 0.0 15 0.0
157.1 0.0 15 0.0
157.2 0.0 15 0.0
157.3 0.0 15 0.0
157.4 0.0 15 0.0
157.5 0.0 15 0.0
157.6 0.0 15 0.0
157.7 0.0 15 0.0
157.8 0.0 15 0.0
157.9 0.0 15 0.0
158.0 0.0 15 0.0
158.1 0.0 15 0.0
158.2 0.0 15 0.0
158.3 0.0 15 0.0
158.4 0.0 15 0.0
158.5 0.0 15 0.0
158.6 0.0 15 0.0
158.7 0.0 15 0.0
158.8 0.0 15 0.0
158.9 0.0 15 0.0
159.0 0.0 15 0.0
159.1 0.0 15 0.0
159.2 0.0 15 0.0
159.3 0.0 15 0.0
159.4 0.0 15 0.0
159.5 0.0 15 0.0
159.6 0.0 15 0.0
159.7 0.0 15 0.0
159.8 0.0 15 0.0
159.9 0.0 15 0.0
160.0 0.0 15 0.0
160.1 0.0 15 0.0
160.2 0.0 15 0.0
160.3 0.0 15 0.0
160.4 0.0 15 0.0
160.5 0.0 15 0.0
160.6 0.0 15 0.0
160.7 0.0 15 0.0
160.8 0.0 15 0.0
160.9 0.0 15 0.0
161.0 0.0 15 0.0
161.1 0.0 15 0.0
161.2 0.0 15 0.0
161.3 0.0 15 0.0
161.4 0.0 15 0.0
161.5 0.0 15 0.0
161.6 0.0 15 0.0
161.7 0.0 15 0.0
161.8 0.0 15 0.0
161.9 0.0 15 0.0
162.0 0.0 15 0.0
162.1 0.0 15 0.0
162.2 0.0 15 0.0
162.3 0.0 15 0.0
162.4 0.0 15 0.0
162.5 0.0 15 0.0
162.6 0.0 15 0.0
162.7 0.0 15 0.0
162.8 0.0 15 0.0
162.9 0.0 15 0.0
163.0 0.0 15 0.0
163.1 0.0 15 0.0
163.2 0.0 15 0.0
163.3 0.0 15 0.0
163.4 0.0 15 0.0
163.5 0.0 15 0.0
163.6 0.0 15 0.0
163.7 0.0 15 0.0
163.8 0.0 15 0.0
163.9 0.0 15 0.0
164.0 0.0 15 0.0
164.1 0.0 15 0.0
164.2 0.0 15 0.0
164.3 0.0 15 0.0
164.4 0.0 15 0.0
164.5 0.0 15 0.0
164.6 0.0 15 0.0
164.7 0.0 15 0.0
164.8 0.0 15 0.0
164.9 0.0 15 0.0
165.0 0.0 15 0.0
165.1 0.0 15 0.0
165.2 0.0 15 0.0
165.3 0.0 15 0.0
165.4 0.0 15 0.0
165.5 0.0 15 0.0
165.6 0.0 15 0.0
165.7 0.0 15 0.0
165.8 0.0 15 0.0
165.9 0.0 15 0.0
166.0 0.0 15 0.0
166.1 0.0 15 0.0
166.2 0.0 15 0.0
166.3 0.0 15 0.0
166.4 0.0 15 0.0
166.5 0.0 15 0.0
166.6 0.0 15 0.0
166.7 0.0 15 0.0
166.8 0.0 15 0.0
166.9 0.0 15 0.0
167.0 0.0 15 0.0
167.1 0.0 15 0.0
167.2 0.0 15 0.0
167.3 0.0 15 0.0
167.4 0.0 15 0.0
167.5 0.0 15 0.0
167.6 0.0 15 0.0
167.7 0.0 15 0.0
167.8 0.0 15 0.0
167.9 0.0 15 0.0
168.0 0.0 15 0.0
168.1 0.0 15 0.0
168.2 0.0 15 0.0
168.3 0.0 15 0.0
168.4 0.0 15 0.0
168.5 0.0 15 0.0
168.6 0.0 15 0.0
168.7 0.0 15 0.0
168.8 0.0 15 0.0
168.9 0.0 15 0.0
169.0 0.0 15 0.0
169.1 0.0 15 0.0
169.2 0.0 15 0.0
169.3 0.0 15 0.0
169.4 0.0 15 0.0
169.5 0.0 15 0.0
169.6 0.0 15 0.0
169.7 0.0 15 0.0
169.8 0.0 15 0.0
169.9 0.0 15 0.0
170.0 0.0 15 0.0
170.1 0.0 15 0.0
170.2 0.0 15 0.0
170.3 0.0 15 0.0
170.4 0.0 15 0.0
170.5 0.0 15 0.0
170.6 0.0 15 0.0
170.7 0.0 15 0.0
170.8 0.0 15 0.0
170.9 0.0 15 0.0
171.0 0.0 15 0.0
171.1 0.0 15 0.0
171.2 0.0 15 0.0
171.3 0.0 15 0.0
171.4 0.0 15 0.0
171.5 0.0 15 0.0
171.6 0.0 15 0.0
171.7 0.0 15 0.0
171.8 0.0 15 0.0
171.9 0.0 15 0.0
172.0 0.0 15 0.0
172.1 0.0 15 0.0
172.2 0.0 15 0.0
172.3 0.0 15 0.0
172.4 0.0 15 0.0
172.5 0.0 15 0.0
172.6 0.0 15 0.0
172.7 0.0 15 0.0
172.8 0.0 15 0.0
172.9 0.0 15 0.0
173.0 0.0 15 0.0
173.1 0.0 15 0.0
173.2 0.0 15 0.0
173.3 0.0 15 0.0
173.4 0.0 15 0.0
173.5 0.0 15 0.0
173.6 0.0 15 0.0
173.7 0.0 15 0.0
173.8 0.0 15 0.0
173.9 0.0 15 0.0
174.0 0.0 15 0.0
174.1 0.0 15 0.0
174.2 0.0 15 0.0
174.3 0.0 15 0.0
174.4 0.0 15 0.0
174.5 0.0 15 0.0
174.6 0.0 15 0.0
174.7 0.0 15 0.0
174.8 0.0 15 0.0
174.9 0.0 15 0.0
175.0 0.0 15 0.0
175.1 0.0 15 0.0
175.2 0.0 15 0.0
175.3 0.0 15 0.0
175.4 0.0 15 0.0
175.5 0.0 15 0.0
175.6 0.0 15 0.0
175.7 0.0 15 0.0
175.8 0.0 15 0.0
175.9 0.0 15 0.0
176.0 0.0 15 0.0
176.1 0.0 15 0.0
176.2 0.0 15 0.0
176.3 0.0 15 0.0
176.4 0.0 15 0.0
176.5 0.0 15 0.0
176.6 0.0 15 0.0
176.7 0.0 15 0.0
176.8 0.0 15 0.0
176.9 0.0 15 0.0
177.0 0.0 15 0.0
177.1 0.0 15 0.0
177.2 0.0 15 0.0
177.3 0.0 15 0.0
177.4 0.0 15 0.0
177.5 0.0 15 0.0
177.6 0.0 15 0.0
177.7 0.0 15 0.0
177.8 0.0 15 0.0
177.9 0.0 15 0.0
178.0 0.0 15 0.0
178.1 0.0 15 0.0
178.2 0.0 15 0.0
178.3 0.0 15 0.0
178.4 0.0 15 0.0
178.5 0.0 15 0.0
178.6 0.0 15 0.0
178.7 0.0 15 0.0
178.8 0.0 15 0.0
178.9 0.0 15 0.0
179.0 0.0 15 0.0
179.1 0.0 15 0.0
179.2 0.0 15 0.0
179.3 0.0 15 0.0
179.4 0.0 15 0.0
179.5 0.0 15 0.0
179.6 0.0 15 0.0
179.7 0.0 15 0.0
179.8 0.0 15 0.0
179.9 0.0 15 0.0
180.0 0.0 15 0.0
180.1 0.0 15 0.0
180.2 0.0 15 0.0
180.3 0.0 15 0.0
180.4 0.0 15 0.0
180.5 0.0 15 0.0
180.6 0.0 15 0.0
180.7 0.0 15 0.0
180.8 0.0 15 0.0
180.9 0.0 15 0.0
181.0 0.0 15 0.0
181.1 0.0 15 0.0
181.2 0.0 15 0.0
181.3 0.0 15 0.0
181.4 0.0 15 0.0
181.5 0.0 15 0.0
181.6 0.0 15 0.0
181.7 0.0 15 0.0
181.8 0.0 15 0.0
181.9 0.0 15 0.0
182.0 0.0 15 0.0
182.1 0.0 15 0.0
182.2 0.0 15 0.0
182.3 0.0 15 0.0
182.4 0.0 15 0.0
182.5 0.0 15 0.0
182.6 0.0 15 0.0
182.7 0.0 15 0.0
182.8 0.0 15 0.0
182.9 0.0 15 0.0
183.0 0.0 15 0.0
183.1 0.0 15 0.0
183.2 0.0 15 0.0
183.3 0.0 15 0.0
183.4 0.0 15 0.0
183.5 0.0 15 0.0
183.6 0.0 15 0.0
183.7 0.0 15 0.0
183.8 0.0 15 0.0
183.9 0.0 15 0.0
184.0 0.0 15 0.0
184.1 0.0 15 0.0
184.2 0.0 15 0.0
184.3 0.0 15 0.0
184.4 0.0 15 0.0
184.5 0.0 15 0.0
184.6 0.0 15 0.0
184.7 0.0 15 0.0
184.8 0.0 15 0.0
184.9 0.0 15 0.0
185.0 0.0 15 0.0
185.1 0.0 15 0.0
185.2 0.0 15 0.0
185.3 0.0 15 0.0
185.4 0.0 15 0.0
185.5 0.0 15 0.0
185.6 0.0 15 0.0
185.7 0.0 15 0.0
185.8 0.0 15 0.0
185.9 0.0 15 0.0
186.0 0.0 15 0.0
186.1 0.0 15 0.0
186.2 0.0 15 0.0
186.3 0.0 15 0.0
186.4 0.0 15 0.0
186.5 0.0 15 0.0
186.6 0.0 15 0.0
186.7 0.0 15 0.0
186.8 0.0 15 0.0
186.9 0.0 15 0.0
187.0 0.0 15 0.0
187.1 0.0 15 0.0
187.2 0.0 15 0.0
187.3 0.0 15 0.0
187.4 0.0 15 0.0
187.5 0.0 15 0.0
187.6 0.0 15 0.0
187.7 0.0 15 0.0
187.8 0.0 15 0.0
187.9 0.0 15 0.0
188.0 0.0 15 0.0
188.1 0.0 15 0.0
188.2 0.0 15 0.0
188.3 0.0 15 0.0
188.4 0.0 15 0.0
188.5 0.0 15 0.0
188.6 0.0 15 0.0
188.7 0.0 15 0.0
188.8 0.0 15 0.0
188.9 0.0 15 0.0
189.0 0.0 15 0.0
189.1 0.0 15 0.0
189.2 0.0 15 0.0
189.3 0.0 15 0.0
189.4 0.0 15 0.0
189.5 0.0 15 0.0
189.6 0.0 15 0.0
189.7 0.0 15 0.0
189.8 0.0 15 0.0
189.9 0.0 15 0.0
190.0 0.0 15 0.0
190.1 0.0 15 0.0
190.2 0.0 15 0.0
190.3 0.0 15 0.0
190.4 0.0 15 0.0
190.5 0.0 15 0.0
190.6 0.0 15 0.0
190.7 0.0 15 0.0
190.8 0.0 15 0.0
190.9 0.0 15 0.0
191.0 0.0 15 0.0
191.1 0.0 15 0.0
191.2 0.0 15 0.0
191.3 0.0 15 0.0
191.4 0.0 15 0.0
191.5 0.0 15 0.0
191.6 0.0 15 0.0
191.7 0.0 15 0.0
191.8 0.0 15 0.0
191.9 0.0 15 0.0
192.0 0.0 15 0.0
192.1 0.0 15 0.0
192.2 0.0 15 0.0
192.3 0.0 15 0.0
192.4 0.0 15 0.0
192.5 0.0 15 0.0
192.6 0.0 15 0.0
192.7 0.0 15 0.0
192.8 0.0 15 0.0
192.9 0.0 15 0.0
193.0 0.0 15 0.0
193.1 0.0 15 0.0
193.2 0.0 15 0.0
193.3 0.0 15 0.0
193.4 0.0 15 0.0
193.5 0.0 15 0.0
193.6 0.0 15 0.0
193.7 0.0 15 0.0
193.8 0.0 15 0.0
193.9 0.0 15 0.0
194.0 0.0 15 0.0
194.1 0.0 15 0.0
194.2 0.0 15 0.0
194.3 0.0 15 0.0
194.4 0.0 15 0.0
194.5 0.0 15 0.0
194.6 0.0 15 0.0
194.7 0.0 15 0.0
194.8 0.0 15 0.0
194.9 0.0 15 0.0
195.0 0.0 15 0.0
195.1 0.0 15 0.0
195.2 0.0 15 0.0
195.3 0.0 15 0.0
195.4 0.0 15 0.0
195.5 0.0 15 0.0
195.6 0.0 15 0.0
195.7 0.0 15 0.0
195.8 0.0 15 0.0
195.9 0.0 15 0.0
196.0 0.0 15 0.0
196.1 0.0 15 0.0
196.2 0.0 15 0.0
196.3 0.0 15 0.0
196.4 0.0 15 0.0
196.5 0.0 15 0.0
196.6 0.0 15 0.0
196.7 0.0 15 0.0
196.8 0.0 15 0.0
196.9 0.0 15 0.0
197.0 0.0 15 0.0
197.1 0.0 15 0.0
197.2 0.0 15 0.0
197.3 0.0 15 0.0
197.4 0.0 15 0.0
197.5 0.0 15 0.0
197.6 0.0 15 0.0
197.7 0.0 15 0.0
197.8 0.0 15 0.0
197.9 0.0 15 0.0
198.0 0.0 15 0.0
198.1 0.0 15 0.0
198.2 0.0 15 0.0
198.3 0.0 15 0.0
198.4 0.0 15 0.0
198.5 0.0 15 0.0
198.6 0.0 15 0.0
198.7 0.0 15 0.0
198.8 0.0 15 0.0
198.9 0.0 15 0.0
199.0 0.0 15 0.0
199.1 0.0 15 0.0
199.2 0.0 15 0.0
199.3 0.0 15 0.0
199.4 0.0 15 0.0
199.5 0.0 15 0.0
199.6 0.0 15 0.0
199.7 0.0 15 0.0
199.8 0.0 15 0.0
199.9 0.0 15 0.0
200.0 0.0 15 0.0
200.1 0.0 15 0.0
200.2 0.0 15 0.0
200.3 0.0 15 0.0
200.4 0.0 15 0.0
200.5 0.0 15 0.0
200.6 0.0 15 0.0
200.7 0.0 15 0.0
200.8 0.0 15 0.0
200.9 0.0 15 0.0
201.0 0.0 15 0.0
201.1 0.0 15 0.0
201.2 0.0 15 0.0
201.3 0.0 15 0.0
201.4 0.0 15 0.0
201.5 0.0 15 0.0
201.6 0.0 15 0.0
201.7 0.0 15 0.0
201.8 0.0 15 0.0
201.9 0.0 15 0.0
202.0 0.0 15 0.0
202.1 0.0 15 0.0
202.2 0.0 15 0.0
202.3 0.0 15 0.0
202.4 0.0 15 0.0
202.5 0.0 15 0.0
202.6 0.0 15 0.0
202.7 0.0 15 0.0
202.8 0.0 15 0.0
202.9 0.0 15 0.0
203.0 0.0 15 0.0
203.1 0.0 15 0.0
203.2 0.0 15 0.0
203.3 0.0 15 0.0
203.4 0.0 15 0.0
203.5 0.0 15 0.0
203.6 0.0 15 0.0
203.7 0.0 15 0.0
203.8 0.0 15 0.0
203.9 0.0 15 0.0
204.0 0.0 15 0.0
204.1 0.0 15 0.0
204.2 0.0 15 0.0
204.3 0.0 15 0.0
204.4 0.0 15 0.0
204.5 0.0 15 0.0
204.6 0.0 15 0.0
204.7 0.0 15 0.0
204.8 0.0 15 0.0
204.9 0.0 15 0.0
205.0 0.0 15 0.0
205.1 0.0 15 0.0
205.2 0.0 15 0.0
205.3 0.0 15 0.0
205.4 0.0 15 0.0
205.5 0.0 15 0.0
205.6 0.0 15 0.0
205.7 0.0 15 0.0
205.8 0.0 15 0.0
205.9 0.0 15 0.0
206.0 0.0 15 0.0
206.1 0.0 15 0.0
206.2 0.0 15 0.0
206.3 0.0 15 0.0
206.4 0.0 15 0.0
206.5 0.0 15 0.0
206.6 0.0 15 0.0
206.7 0.0 15 0.0
206.8 0.0 15 0.0
206.9 0.0 15 0.0
207.0 0.0 15 0.0
207.1 0.0 15 0.0
207.2 0.0 15 0.0
207.3 0.0 15 0.0
207.4 0.0 15 0.0
207.5 0.0 15 0.0
207.6 0.0 15 0.0
207.7 0.0 15 0.0
207.8 0.0 15 0.0
207.9 0.0 15 0.0
208.0 0.0 15 0.0
208.1 0.0 15 0.0
208.2 0.0 15 0.0
208.3 0.0 15 0.0
208.4 0.0 15 0.0
208.5 0.0 15 0.0
208.6 0.0 15 0.0
208.7 0.0 15 0.0
208.8 0.0 15 0.0
208.9 0.0 15 0.0
209.0 0.0 15 0.0
209.1 0.0 15 0.0
209.2 0.0 15 0.0
209.3 0.0 15 0.0
209.4 0.0 15 0.0
209.5 0.0 15 0.0
209.6 0.0 15 0.0
209.7 0.0 15 0.0
209.8 0.0 15 0.0
209.9 0.0 15 0.0
210.0 0.0 15 0.0
210.1 0.0 15 0.0
210.2 0.0 15 0.0
210.3 0.0 15 0.0
210.4 0.0 15 0.0
210.5 0.0 15 0.0
210.6 0.0 15 0.0
210.7 0.0 15 0.0
210.8 0.0 15 0.0
210.9 0.0 15 0.0
211.0 0.0 15 0.0
211.1 0.0 15 0.0
211.2 0.0 15 0.0
211.3 0.0 15 0.0
211.4 0.0 15 0.0
211.5 0.0 15 0.0
211.6 0.0 15 0.0
211.7 0.0 15 0.0
211.8 0.0 15 0.0
211.9 0.0 15 0.0
212.0 0.0 15 0.0
212.1 0.0 15 0.0
212.2 0.0 15 0.0
212.3 0.0 15 0.0
212.4 0.0 15 0.0
212.5 0.0 15 0.0
212.6 0.0 15 0.0
212.7 0.0 15 0.0
212.8 0.0 15 0.0
212.9 0.0 15 0.0
213.0 0.0 15 0.0
213.1 0.0 15 0.0
213.2 0.0 15 0.0
213.3 0.0 15 0.0
213.4 0.0 15 0.0
213.4 0.0 15 0.0
213.5 0.0 15 0.0
213.6 0.0 15 0.0
213.7 0.0 15 0.0
213.8 0.0 15 0.0
213.9 0.0 15 0.0
214.0 0.0 15 0.0
214.1 0.0 15 0.0
214.2 0.0 15 0.0
214.3 0.0 15 0.0
214.4 0.0 15 0.0
214.5 0.0 15 0.0
214.6 0.0 15 0.0
214.7 0.0 15 0.0
214.8 0.0 15 0.0
214.9 0.0 15 0.0
215.0 0.0 15 0.0
215.1 0.0 15 0.0
215.2 0.0 15 0.0
215.3 0.0 15 0.0
215.4 0.0 15 0.0
215.5 0.0 15 0.0
215.6 0.0 15 0.0
215.7 0.0 15 0.0
215.8 0.0 15 0.0
215.9 0.0 15 0.0
216.0 0.0 15 0.0
216.1 0.0 15 0.0
216.2 0.0 15 0.0
216.3 0.0 15 0.0
216.4 0.0 15 0.0
216.5 0.0 15 0.0
216.6 0.0 15 0.0
216.7 0.0 15 0.0
216.8 0.0 15 0.0
216.9 0.0 15 0.0
217.0 0.0 15 0.0
217.1 0.0 15 0.0
217.2 0.0 15 0.0
217.3 0.0 15 0.0
217.4 0.0 15 0.0
217.5 0.0 15 0.0
217.6 0.0 15 0.0
217.7 0.0 15 0.0
217.8 0.0 15 0.0
217.9 0.0 15 0.0
218.0 0.0 15 0.0
218.1 0.0 15 0.0
218.2 0.0 15 0.0
218.3 0.0 15 0.0
218.4 0.0 15 0.0
218.5 0.0 15 0.0
218.6 0.0 15 0.0
218.7 0.0 15 0.0
218.8 0.0 15 0.0
218.9 0.0 15 0.0
219.0 0.0 15 0.0
219.1 0.0 15 0.0
219.2 0.0 15 0.0
219.3 0.0 15 0.0
219.4 0.0 15 0.0
219.5 0.0 15 0.0
219.6 0.0 15 0.0
219.7 0.0 15 0.0
219.8 0.0 15 0.0
219.9 0.0 15 0.0
220.0 0.0 15 0.0
220.1 0.0 15 0.0
220.2 0.0 15 0.0
220.3 0.0 15 0.0
220.4 0.0 15 0.0
220.5 0.0 15 0.0
220.6 0.0 15 0.0
220.7 0.0 15 0.0
220.8 0.0 15 0.0
220.9 0.0 15 0.0
221.0 0.0 15 0.0
221.1 0.0 15 0.0
221.2 0.0 15 0.0
221.3 0.0 15 0.0
221.4 0.0 15 0.0
221.5 0.0 15 0.0
221.6 0.0 15 0.0
221.7 0.0 15 0.0
221.8 0.0 15 0.0
221.9 0.0 15 0.0
222.0 0.0 15 0.0
222.1 0.0 15 0.0
222.2 0.0 15 0.0
222.3 0.0 15 0.0
222.4 0.0 15 0.0
222.5 0.0 15 0.0
222.6 0.0 15 0.0
222.7 0.0 15 0.0
222.8 0.0 15 0.0
222.9 0.0 15 0.0
223.0 0.0 15 0.0
223.1 0.0 15 0.0
223.2 0.0 15 0.0
223.3 0.0 15 0.0
223.4 0.0 15 0.0
223.5 0.0 15 0.0
223.6 0.0 15 0.0
223.7 0.0 15 0.0
223.8 0.0 15 0.0
223.9 0.0 15 0.0
224.0 0.0 15 0.0
224.1 0.0 15 0.0
224.2 0.0 15 0.0
224.3 0.0 15 0.0
224.4 0.0 15 0.0
224.5 0.0 15 0.0
224.6 0.0 15 0.0
224.7 0.0 15 0.0
224.8 0.0 15 0.0
224.9 0.0 15 0.0
225.0 0.0 15 0.0
225.1 0.0 15 0.0
225.2 0.0 15 0.0
225.3 0.0 15 0.0
225.4 0.0 15 0.0
225.5 0.0 15 0.0
225.6 0.0 15 0.0
225.7 0.0 15 0.0
225.8 0.0 15 0.0
225.9 0.0 15 0.0
226.0 0.0 15 0.0
226.1 0.0 15 0.0
226.2 0.0 15 0.0
226.3 0.0 15 0.0
226.4 0.0 15 0.0
226.5 0.0 15 0.0
226.6 0.0 15 0.0
226.7 0.0 15 0.0
226.8 0.0 15 0.0
226.9 0.0 15 0.0
227.0 0.0 15 0.0
227.1 0.0 15 0.0
227.2 0.0 15 0.0
227.3 0.0 15 0.0
227.4 0.0 15 0.0
227.5 0.0 15 0.0
227.6 0.0 15 0.0
227.7 0.0 15 0.0
227.8 0.0 15 0.0
227.9 0.0 15 0.0
228.0 0.0 15 0.0
228.1 0.0 15 0.0
228.2 0.0 15 0.0
228.3 0.0 15 0.0
228.4 0.0 15 0.0
228.5 0.0 15 0.0
228.6 0.0 15 0.0
228.7 0.0 15 0.0
228.8 0.0 15 0.0
228.9 0.0 15 0.0
229.0 0.0 15 0.0
229.1 0.0 15 0.0
229.2 0.0 15 0.0
229.3 0.0 15 0.0
229.4 0.0 15 0.0
229.5 0.0 15 0.0
229.6 0.0 15 0.0
229.7 0.0 15 0.0
229.8 0.0 15 0.0
229.9 0.0 15 0.0
230.0 0.0 15 0.0
230.1 0.0 15 0.0
230.2 0.0 15 0.0
230.3 0.0 15 0.0
230.4 0.0 15 0.0
230.5 0.0 15 0.0
230.6 0.0 15 0.0
230.7 0.0 15 0.0
230.8 0.0 15 0.0
230.9 0.0 15 0.0
231.0 0.0 15 0.0
231.1 0.0 15 0.0
231.2 0.0 15 0.0
231.3 0.0 15 0.0
231.4 0.0 15 0.0
231.5 0.0 15 0.0
231.6 0.0 15 0.0
231.7 0.0 15 0.0
231.8 0.0 15 0.0
231.9 0.0 15 0.0
232.0 0.0 15 0.0
232.1 0.0 15 0.0
232.2 0.0 15 0.0
232.3 0.0 15 0.0
232.4 0.0 15 0.0
232.5 0.0 15 0.0
232.6 0.0 15 0.0
232.7 0.0 15 0.0
232.8 0.0 15 0.0
232.9 139.1598 14 1.0
233.0 139.2228 14 1.0
233.1 139.2858 14 1.0
233.2 139.3489 14 1.0
233.3 139.4119 14 1.0
233.4 139.4749 14 1.0
233.5 139.538 14 1.0
233.6 139.601 14 1.0
233.7 139.6641 14 1.0
233.8 139.7271 14 1.0
233.9 139.7901 14 1.0
234.0 139.8532 14 1.0
234.1 139.9162 14 1.0
234.2 139.9792 14 1.0
234.3 140.0423 14 1.0
234.4 140.1053 14 1.0
234.5 140.1683 14 1.0
234.6 140.2314 14 1.0
234.7 140.2944 14 1.0
234.8 140.3574 14 1.0
234.9 140.4205 14 1.0
235.0 140.4835 14 1.0
235.1 140.5465 14 1.0
235.2 140.6096 14 1.0
235.3 140.6726 14 1.0
235.4 140.7356 14 1.0
235.5 140.7987 14 1.0
235.6 140.8617 14 1.0
235.7 140.9247 14 1.0
235.8 140.9878 14 1.0
235.9 141.0508 14 1.0
236.0 141.1138 14 1.0
236.1 141.1769 14 1.0
236.2 141.2399 14 1.0
236.3 141.3029 14 1.0
236.4 141.366 14 1.0
236.5 141.429 14 1.0
236.6 141.4921 14 1.0
236.7 141.5551 14 1.0
236.8 141.6181 14 1.0
236.9 141.6812 14 1.0
237.0 141.7442 14 1.0
237.1 141.8072 14 1.0
237.2 141.8703 14 1.0
237.3 141.9333 14 1.0
237.4 141.9963 14 1.0
237.5 142.0594 14 1.0
237.6 142.1224 14 1.0
237.7 142.1854 14 1.0
237.8 142.2485 14 1.0
237.9 142.3115 14 1.0
238.0 142.3745 14 1.0
238.1 142.4376 14 1.0
238.2 142.5006 14 1.0
238.3 142.5636 14 1.0
238.4 142.6267 14 1.0
238.5 142.6897 14 1.0
238.6 142.7527 14 1.0
238.7 142.8158 14 1.0
238.8 142.8788 14 1.0
238.9 142.9418 14 1.0
239.0 143.0049 14 1.0
239.1 143.0679 14 1.0
239.2 143.1309 14 1.0
239.3 143.194 14 1.0
239.4 143.257 14 1.0
239.5 143.3201 14 1.0
239.6 143.3831 14 1.0
239.7 143.4461 14 1.0
239.8 143.5092 14 1.0
239.9 143.5722 14 1.0
240.0 143.6352 14 1.0
240.1 143.6983 14 1.0
240.2 143.7613 14 1.0
240.3 143.8243 14 1.0
240.4 143.8874 14 1.0
240.5 143.9504 14 1.0
240.6 144.0134 14 1.0
240.7 144.0765 14 1.0
240.8 144.1395 14 1.0
240.9 144.2025 14 1.0
241.0 144.2656 14 1.0
241.1 144.3286 14 1.0
241.2 144.3916 14 1.0
241.3 144.4547 14 1.0
241.4 144.5177 14 1.0
241.5 144.5807 14 1.0
241.6 144.6438 14 1.0
241.7 144.7068 14 1.0
241.8 144.7698 14 1.0
241.9 144.8329 14 1.0
242.0 144.8959 14 1.0
242.1 144.9589 14 1.0
242.2 145.022 14 1.0
242.3 145.085 14 1.0
242.4 145.148 14 1.0
242.5 145.2111 14 1.0
242.6 145.2741 14 1.0
242.7 145.3372 14 1.0
242.8 145.4002 14 1.0
242.9 145.4632 14 1.0
243.0 145.5263 14 1.0
243.1 145.5893 14 1.0
243.2 145.6523 14 1.0
243.3 145.7154 14 1.0
243.4 145.7784 14 1.0
243.5 145.8414 14 1.0
243.6 145.9045 14 1.0
243.7 145.9675 14 1.0
243.8 146.0305 14 1.0
243.9 146.0936 14 1.0
244.0 146.1566 14 1.0
244.1 146.2196 14 1.0
244.2 146.2827 14 1.0
244.3 146.3457 14 1.0
244.4 146.4087 14 1.0
244.5 146.4718 14 1.0
244.6 146.5348 14 1.0
244.7 146.5978 14 1.0
244.8 146.6609 14 1.0
244.9 146.7239 14 1.0
245.0 146.7869 14 1.0
245.1 146.85 14 1.0
245.2 146.913 14 1.0
245.3 146.976 14 1.0
245.4 147.0391 14 1.0
245.5 147.1021 14 1.0
245.6 147.1652 14 1.0
245.7 147.2282 14 1.0
245.8 147.2912 14 1.0
245.9 147.3543 14 1.0
246.0 147.4173 14 1.0
246.1 147.4803 14 1.0
246.2 147.5434 14 1.0
246.3 147.6064 14 1.0
246.4 147.6694 14 1.0
246.5 147.7325 14 1.0
246.6 147.7955 14 1.0
246.7 147.8585 14 1.0
246.8 147.9216 14 1.0
246.9 147.9846 14 1.0
247.0 148.0476 14 1.0
247.1 148.1107 14 1.0
247.2 148.1737 14 1.0
247.3 148.2367 14 1.0
247.4 148.2998 14 1.0
247.5 148.3628 14 1.0
247.6 148.4258 14 1.0
247.7 148.4889 14 1.0
247.8 148.5519 14 1.0
247.9 148.6149 14 1.0
248.0 148.678 14 1.0
248.1 148.741 14 1.0
248.2 148.804 14 1.0
248.3 148.8671 14 1.0
248.4 148.9301 14 1.0
248.5 148.9932 14 1.0
248.6 149.0562 14 1.0
248.7 149.1192 14 1.0
248.8 149.1823 14 1.0
248.9 149.2453 14 1.0
249.0 149.3083 14 1.0
249.1 149.3714 14 1.0
249.2 149.4344 14 1.0
249.3 149.4974 14 1.0
249.4 149.5605 14 1.0
249.5 149.6235 14 1.0
249.6 149.6865 14 1.0
249.7 149.7497 14 1.0
249.8 149.8129 14 1.0
249.9 149.8761 14 1.0
250.0 149.9393 14 1.0
250.1 150.0025 14 1.0
250.2 150.0657 14 1.0
250.3 150.1289 14 1.0
250.4 150.1921 14 1.0
250.5 150.2552 14 1.0
250.6 150.3184 14 1.0
250.7 150.3816 14 1.0
250.8 150.4448 14 1.0
250.8 150.508 14 1.0
250.9 150.5712 14 1.0
251.0 150.6344 14 1.0
251.1 150.6976 14 1.0
251.2 150.7608 14 1.0
251.3 150.824 14 1.0
251.4 150.8872 14 1.0
251.5 150.9504 14 1.0
251.6 151.0135 14 1.0
251.7 151.0767 14 1.0
251.8 151.1399 14 1.0
251.9 151.2031 14 1.0
252.0 151.2663 14 1.0
252.1 151.3295 14 1.0
252.2 151.3927 14 1.0
252.3 151.4559 14 1.0
252.4 151.5191 14 1.0
252.5 151.5823 14 1.0
252.6 151.6455 14 1.0
252.7 151.7086 14 1.0
252.8 151.7718 14 1.0
252.9 151.835 14 1.0
253.0 151.8982 14 1.0
253.1 151.9614 14 1.0
253.2 152.0246 14 1.0
253.3 152.0878 14 1.0
253.4 152.151 14 1.0
253.5 152.2142 14 1.0
253.6 152.2774 14 1.0
253.7 152.3406 14 1.0
253.8 152.4037 14 1.0
253.9 152.4669 14 1.0
254.0 152.5301 14 1.0
254.1 152.5933 14 1.0
254.2 152.6565 14 1.0
254.3 152.7197 14 1.0
254.4 152.7829 14 1.0
254.5 152.8461 14 1.0
254.6 152.9093 14 1.0
254.7 152.9725 14 1.0
254.8 153.0357 14 1.0
254.9 153.0988 14 1.0
255.0 153.162 14 1.0
255.1 153.2252 14 1.0
255.2 153.2884 14 1.0
255.3 153.3516 14 1.0
255.4 153.4148 14 1.0
255.5 153.478 14 1.0
255.6 153.5412 14 1.0
255.7 153.6044 14 1.0
255.8 153.6676 14 1.0
255.9 153.7308 14 1.0
256.0 153.7939 14 1.0
256.1 153.8571 14 1.0
256.2 153.9203 14 1.0
256.3 153.9835 14 1.0
256.4 154.0467 14 1.0
256.5 154.1099 14 1.0
256.6 154.1731 14 1.0
256.7 154.2363 14 1.0
256.8 154.2995 14 1.0
256.9 154.3627 14 1.0
257.0 154.4259 14 1.0
257.1 154.489 14 1.0
257.2 154.5522 14 1.0
257.3 154.6154 14 1.0
257.4 154.6786 14 1.0
257.5 154.7418 14 1.0
257.6 154.805 14 1.0
257.7 154.8682 14 1.0
257.8 154.9314 14 1.0
257.9 154.9946 14 1.0
258.0 155.0578 14 1.0
258.1 155.121 14 1.0
258.2 155.1841 14 1.0
258.3 155.2473 14 1.0
258.4 155.3105 14 1.0
258.5 155.3737 14 1.0
258.6 155.4369 14 1.0
258.7 155.5001 14 1.0
258.8 155.5633 14 1.0
258.9 155.6265 14 1.0
259.0 155.6897 14 1.0
259.1 155.7529 14 1.0
259.2 155.8161 14 1.0
259.3 155.8793 14 1.0
259.4 155.9424 14 1.0
259.5 156.0056 14 1.0
259.6 156.0688 14 1.0
259.7 156.132 14 1.0
259.8 156.1952 14 1.0
259.9 156.2584 14 1.0
260.0 156.3216 14 1.0
260.1 156.3848 14 1.0
260.2 156.448 14 1.0
260.3 156.5112 14 1.0
260.4 156.5744 14 1.0
260.5 156.6375 14 1.0
260.6 156.7007 14 1.0
260.7 156.7639 14 1.0
260.8 156.8271 14 1.0
260.9 156.8903 14 1.0
261.0 156.9535 14 1.0
261.1 157.0167 14 1.0
261.2 157.0799 14 1.0
261.3 157.1431 14 1.0
261.4 157.2063 14 1.0
261.5 157.2695 14 1.0
261.6 157.3326 14 1.0
261.7 157.3958 14 1.0
261.8 157.459 14 1.0
261.9 157.5222 14 1.0
262.0 157.5854 14 1.0
262.1 157.6486 14 1.0
262.2 157.7118 14 1.0
262.3 157.775 14 1.0
262.4 157.8382 14 1.0
262.5 157.9014 14 1.0
262.6 157.9646 14 1.0
262.7 158.0277 14 1.0
262.8 158.0909 14 1.0
262.9 158.1541 14 1.0
263.0 158.2173 14 1.0
263.1 158.2805 14 1.0
263.2 158.3437 14 1.0
263.3 158.4069 14 1.0
263.4 158.4701 14 1.0
263.5 158.5333 14 1.0
263.6 158.5965 14 1.0
263.7 158.6597 14 1.0
263.8 158.7228 14 1.0
263.9 158.786 14 1.0
264.0 158.8492 14 1.0
264.1 158.9124 14 1.0
264.2 158.9756 14 1.0
264.3 159.0388 14 1.0
264.4 159.102 14 1.0
264.5 159.1652 14 1.0
264.6 159.2284 14 1.0
264.7 159.2916 14 1.0
264.8 159.3548 14 1.0
264.9 159.4179 14 1.0
265.0 159.4811 14 1.0
265.1 159.5443 14 1.0
265.2 159.6075 14 1.0
265.3 159.6707 14 1.0
265.4 159.7339 14 1.0
265.5 159.7971 14 1.0
265.6 159.8603 14 1.0
265.7 159.9235 14 1.0
265.8 159.9867 14 1.0
265.9 160.0499 14 1.0
266.0 160.113 14 1.0
266.1 160.1762 14 1.0
266.2 160.2394 14 1.0
266.3 160.3026 14 1.0
266.4 160.3658 14 1.0
266.5 160.429 14 1.0
266.6 160.4922 14 1.0
266.7 160.5554 14 1.0
266.8 160.6186 14 1.0
266.9 160.6818 14 1.0
267.0 160.745 14 1.0
267.1 160.8082 14 1.0
267.2 160.8713 14 1.0
267.3 160.9345 14 1.0
267.4 160.9977 14 1.0
267.5 161.0609 14 1.0
267.6 161.1241 14 1.0
267.7 161.1873 14 1.0
267.8 161.2505 14 1.0
267.9 161.3137 14 1.0
268.0 161.3769 14 1.0
268.1 161.4401 14 1.0
268.2 161.5033 14 1.0
268.3 161.5664 14 1.0
268.4 161.6296 14 1.0
268.5 161.6928 14 1.0
268.6 161.756 14 1.0
268.7 161.8192 14 1.0
268.8 161.8824 14 1.0
268.9 161.9456 14 1.0
269.0 162.0088 14 1.0
269.1 162.072 14 1.0
269.2 162.1352 14 1.0
269.3 162.1984 14 1.0
269.4 162.2615 14 1.0
269.5 162.3247 14 1.0
269.6 162.3879 14 1.0
269.7 162.4511 14 1.0
269.8 162.5143 14 1.0
269.9 162.5775 14 1.0
270.0 162.6407 14 1.0
270.1 162.7039 14 1.0
270.2 162.7671 14 1.0
270.3 162.8303 14 1.0
270.4 162.8935 14 1.0
270.5 162.9566 14 1.0
270.6 163.0198 14 1.0
270.7 163.083 14 1.0
270.8 163.1462 14 1.0
270.9 163.2094 14 1.0
271.0 163.2726 14 1.0
271.1 163.3358 14 1.0
271.2 163.399 14 1.0
271.3 163.4622 14 1.0
271.4 163.5254 14 1.0
271.5 163.5886 14 1.0
271.6 163.6517 14 1.0
271.7 163.7149 14 1.0
271.8 163.7781 14 1.0
271.9 163.8413 14 1.0
272.0 163.9045 14 1.0
272.1 163.9677 14 1.0
272.2 164.0309 14 1.0
272.3 164.0941 14 1.0
272.4 164.1573 14 1.0
272.5 164.2205 14 1.0
272.6 164.2837 14 1.0
272.7 164.3468 14 1.0
272.8 164.41 14 1.0
272.9 164.4732 14 1.0
273.0 164.5364 14 1.0
273.1 164.5996 14 1.0
273.2 164.6628 14 1.0
273.3 164.726 14 1.0
273.4 164.7892 14 1.0
273.5 164.8524 14 1.0
273.6 164.9156 14 1.0
273.7 164.9788 14 1.0
273.8 165.0419 14 1.0
273.9 165.1051 14 1.0
274.0 165.1683 14 1.0
274.1 165.2315 14 1.0
274.2 165.2947 14 1.0
274.3 165.3579 14 1.0
274.4 165.4211 14 1.0
274.5 165.4843 14 1.0
274.6 165.5475 14 1.0
274.7 165.6107 14 1.0
274.8 165.6739 14 1.0
274.9 165.7371 14 1.0
275.0 165.8002 14 1.0
275.1 165.8634 14 1.0
275.2 165.9266 14 1.0
275.3 165.9898 14 1.0
275.4 166.053 14 1.0
275.5 166.1162 14 1.0
275.6 166.1794 14 1.0
275.7 166.2426 14 1.0
275.8 166.3058 14 1.0
275.9 166.369 14 1.0
276.0 166.4322 14 1.0
276.1 166.4953 14 1.0
276.2 166.5585 14 1.0
276.3 166.6217 14 1.0
276.4 166.6849 14 1.0
276.5 166.7481 14 1.0
276.6 166.8113 14 1.0
276.7 166.8745 14 1.0
276.8 166.9377 14 1.0
276.9 167.0009 14 1.0
277.0 167.0641 14 1.0
277.1 167.1273 14 1.0
277.2 167.1904 14 1.0
277.3 167.2536 14 1.0
277.4 167.3168 14 1.0
277.5 167.38 14 1.0
277.6 167.4432 14 1.0
277.7 167.5064 14 1.0
277.8 167.5696 14 1.0
277.9 167.6328 14 1.0
278.0 167.696 14 1.0
278.1 167.7592 14 1.0
278.2 167.8224 14 1.0
278.3 167.8855 14 1.0
278.4 167.9487 14 1.0
278.5 168.0119 14 1.0
278.6 168.0751 14 1.0
278.7 168.1383 14 1.0
278.8 168.2015 14 1.0
278.9 168.2647 14 1.0
279.0 168.3279 14 1.0
279.1 168.3911 14 1.0
279.2 168.4543 14 1.0
279.3 168.5175 14 1.0
279.4 168.5806 14 1.0
279.5 168.6438 14 1.0
279.6 168.707 14 1.0
279.7 168.7702 14 1.0
279.8 168.8334 14 1.0
279.9 168.8966 14 1.0
280.0 168.9598 14 1.0
280.1 169.023 14 1.0
280.2 169.0862 14 1.0
280.3 169.1494 14 1.0
280.4 169.2126 14 1.0
280.5 169.2757 14 1.0
280.6 169.3389 14 1.0
280.7 169.4021 14 1.0
280.8 169.4653 14 1.0
280.9 169.5285 14 1.0
281.0 169.5917 14 1.0
281.1 169.6549 14 1.0
281.2 169.7181 14 1.0
281.3 169.7813 14 1.0
281.4 169.8445 14 1.0
281.5 169.9077 14 1.0
281.6 169.9708 14 1.0
281.7 170.034 14 1.0
281.8 170.0972 14 1.0
281.9 170.1604 14 1.0
282.0 170.2236 14 1.0
282.1 170.2868 14 1.0
282.2 170.35 14 1.0
282.3 170.4132 14 1.0
282.4 170.4764 14 1.0
282.5 170.5396 14 1.0
282.6 170.6028 14 1.0
282.7 170.666 14 1.0
282.8 170.7291 14 1.0
282.9 170.7923 14 1.0
283.0 170.8555 14 1.0
283.1 170.9187 14 1.0
283.2 170.9819 14 1.0
283.3 171.0451 14 1.0
283.4 171.1083 14 1.0
283.5 171.1715 14 1.0
283.6 171.2347 14 1.0
283.7 171.2979 14 1.0
283.8 171.3611 14 1.0
283.9 171.4242 14 1.0
284.0 171.4874 14 1.0
284.1 171.5506 14 1.0
284.2 171.6138 14 1.0
284.3 171.677 14 1.0
284.4 171.7402 14 1.0
284.5 171.8034 14 1.0
284.6 171.8666 14 1.0
284.7 171.9298 14 1.0
284.8 171.993 14 1.0
284.9 172.0562 14 1.0
285.0 172.1193 14 1.0
285.1 172.1825 14 1.0
285.2 172.2457 14 1.0
285.3 172.3089 14 1.0
285.4 172.3721 14 1.0
285.5 172.4353 14 1.0
285.6 172.4985 14 1.0
285.7 172.5617 14 1.0
285.8 172.6249 14 1.0
285.9 172.6881 14 1.0
286.0 172.7513 14 1.0
286.1 172.8144 14 1.0
286.2 172.8776 14 1.0
286.2 172.9408 14 1.0
286.3 173.004 14 1.0
286.4 173.0672 14 1.0
286.5 173.1304 14 1.0
286.6 173.1936 14 1.0
286.7 173.2568 14 1.0
286.8 173.32 14 1.0
286.9 173.3832 14 1.0
287.0 173.4464 14 1.0
287.1 173.5095 14 1.0
287.2 173.5727 14 1.0
287.3 173.6359 14 1.0
287.4 173.6991 14 1.0
287.5 173.7623 14 1.0
287.6 173.8255 14 1.0
287.7 173.8887 14 1.0
287.8 173.9519 14 1.0
287.9 174.0151 14 1.0
288.0 174.0783 14 1.0
288.1 174.1415 14 1.0
288.2 174.2046 14 1.0
288.3 174.2678 14 1.0
288.4 174.331 14 1.0
288.5 174.3942 14 1.0
288.6 174.4574 14 1.0
288.7 174.5206 14 1.0
288.8 174.5838 14 1.0
288.9 174.647 14 1.0
289.0 174.7102 14 1.0
289.1 174.7734 14 1.0
289.2 174.8366 14 1.0
289.3 174.8997 14 1.0
289.4 174.9629 14 1.0
289.5 175.0261 14 1.0
289.6 175.0893 14 1.0
289.7 175.1525 14 1.0
289.8 175.2157 14 1.0
289.9 175.2789 14 1.0
290.0 175.3421 14 1.0
290.1 175.4053 14 1.0
290.2 175.4685 14 1.0
290.3 175.5317 14 1.0
290.4 175.5949 14 1.0
290.5 175.658 14 1.0
290.6 175.7212 14 1.0
290.7 175.7844 14 1.0
290.8 175.8476 14 1.0
290.9 175.9108 14 1.0
291.0 175.974 14 1.0
291.1 176.0372 14 1.0
291.2 176.1004 14 1.0
291.3 176.1636 14 1.0
291.4 176.2268 14 1.0
291.5 176.29 14 1.0
291.6 176.3531 14 1.0
291.7 176.4163 14 1.0
291.8 176.4795 14 1.0
291.9 176.5427 14 1.0
292.0 176.6059 14 1.0
292.1 176.6691 14 1.0
292.2 176.7323 14 1.0
292.3 176.7955 14 1.0
292.4 176.8587 14 1.0
292.5 176.9219 14 1.0
292.6 176.9851 14 1.0
292.7 177.0482 14 1.0
292.8 177.1114 14 1.0
292.9 177.1746 14 1.0
293.0 177.2378 14 1.0
293.1 177.301 14 1.0
293.2 177.3642 14 1.0
293.3 177.4274 14 1.0
293.4 177.4906 14 1.0
293.5 177.5538 14 1.0
293.6 177.617 14 1.0
293.7 177.6802 14 1.0
293.8 177.7433 14 1.0
293.9 177.8065 14 1.0
294.0 177.8697 14 1.0
294.1 177.9329 14 1.0
294.2 177.9961 14 1.0
294.3 178.0593 14 1.0
294.4 178.1225 14 1.0
294.5 178.1857 14 1.0
294.6 178.2489 14 1.0
294.7 178.3121 14 1.0
294.8 178.3753 14 1.0
294.9 178.4384 14 1.0
295.0 178.5016 14 1.0
295.1 178.5648 14 1.0
295.2 178.628 14 1.0
295.3 178.6912 14 1.0
295.4 178.7544 14 1.0
295.5 178.8176 14 1.0
295.6 178.8808 14 1.0
295.7 178.944 14 1.0
295.8 179.0072 14 1.0
295.9 179.0704 14 1.0
296.0 179.1335 14 1.0
296.1 179.1967 14 1.0
296.2 179.2599 14 1.0
296.3 179.3231 14 1.0
296.4 179.3863 14 1.0
296.5 179.4495 14 1.0
296.6 179.5127 14 1.0
296.7 179.5759 14 1.0
296.8 179.6391 14 1.0
296.9 179.7023 14 1.0
297.0 179.7655 14 1.0
297.1 179.8286 14 1.0
297.2 179.8918 14 1.0
297.3 179.955 14 1.0
297.4 180.0182 14 1.0
297.5 180.0814 14 1.0
297.6 180.1446 14 1.0
297.7 180.2078 14 1.0
297.8 180.271 14 1.0
297.9 180.3342 14 1.0
298.0 180.3974 14 1.0
298.1 180.4606 14 1.0
298.2 180.5238 14 1.0
298.3 180.5869 14 1.0
298.4 180.6501 14 1.0
298.5 180.7133 14 1.0
298.6 180.7765 14 1.0
298.7 180.8397 14 1.0
298.8 180.9029 14 1.0
298.9 180.9661 14 1.0
299.0 181.0293 14 1.0
299.1 181.0925 14 1.0
299.2 181.1557 14 1.0
299.3 181.2189 14 1.0
299.4 181.282 14 1.0
299.5 181.3435 14 1.0
299.6 181.4049 14 1.0
299.7 181.4664 14 1.0
299.8 181.5278 14 1.0
299.9 181.5892 14 1.0
300.0 181.6507 14 1.0
300.1 181.7121 14 1.0
300.2 181.7735 14 1.0
300.3 181.835 14 1.0
300.4 181.8964 14 1.0
300.5 181.9579 14 1.0
300.6 182.0193 14 1.0
300.7 182.0807 14 1.0
300.8 182.1422 14 1.0
300.9 182.2036 14 1.0
301.0 182.265 14 1.0
301.1 182.3265 14 1.0
301.2 182.3879 14 1.0
301.3 182.4494 14 1.0
301.4 182.5108 14 1.0
301.5 182.5722 14 1.0
301.6 182.6337 14 1.0
301.7 182.6951 14 1.0
301.8 182.7565 14 1.0
301.9 182.818 14 1.0
302.0 182.8794 14 1.0
302.1 182.9408 14 1.0
302.2 183.0023 14 1.0
302.3 183.0637 14 1.0
302.4 183.1252 14 1.0
302.5 183.1866 14 1.0
302.6 183.248 14 1.0
302.7 183.3095 14 1.0
302.8 183.3709 14 1.0
302.9 183.4323 14 1.0
303.0 183.4938 14 1.0
303.1 183.5552 14 1.0
303.2 183.6167 14 1.0
303.3 183.6781 14 1.0
303.4 183.7395 14 1.0
303.5 183.801 14 1.0
303.6 183.8624 14 1.0
303.7 183.9238 14 1.0
303.8 183.9853 14 1.0
303.9 184.0467 14 1.0
304.0 184.1082 14 1.0
304.1 184.1696 14 1.0
304.2 184.231 14 1.0
304.3 184.2925 14 1.0
304.4 184.3539 14 1.0
304.5 184.4153 14 1.0
304.6 184.4768 14 1.0
304.7 184.5382 14 1.0
304.8 184.5997 14 1.0
304.9 184.6611 14 1.0
305.0 184.7225 14 1.0
305.1 184.784 14 1.0
305.2 184.8454 14 1.0
305.3 184.9068 14 1.0
305.4 184.9683 14 1.0
305.5 185.0297 14 1.0
305.6 185.0912 14 1.0
305.7 185.1526 14 1.0
305.8 185.214 14 1.0
305.9 185.2755 14 1.0
306.0 185.3369 14 1.0
306.1 185.3983 14 1.0
306.2 185.4598 14 1.0
306.3 185.5212 14 1.0
306.4 185.5827 14 1.0
306.5 185.6441 14 1.0
306.6 185.7055 14 1.0
306.7 185.767 14 1.0
306.8 185.8284 14 1.0
306.9 185.8898 14 1.0
307.0 185.9513 14 1.0
307.1 186.0127 14 1.0
307.2 186.0742 14 1.0
307.3 186.1356 14 1.0
307.4 186.197 14 1.0
307.5 186.2585 14 1.0
307.6 186.3199 14 1.0
307.7 186.3813 14 1.0
307.8 186.4428 14 1.0
307.9 186.5042 14 1.0
308.0 186.5656 14 1.0
308.1 186.6271 14 1.0
308.2 186.6885 14 1.0
308.3 186.75 14 1.0
308.4 186.8114 14 1.0
308.5 186.8728 14 1.0
308.6 186.9343 14 1.0
308.7 186.9957 14 1.0
308.8 187.0571 14 1.0
308.9 187.1186 14 1.0
309.0 187.18 14 1.0
309.1 187.2415 14 1.0
309.2 187.3029 14 1.0
309.3 187.3643 14 1.0
309.4 187.4258 14 1.0
309.5 187.4872 14 1.0
309.6 187.5486 14 1.0
309.7 187.6101 14 1.0
309.8 187.6715 14 1.0
309.9 187.733 14 1.0
310.0 187.7944 14 1.0
310.1 187.8558 14 1.0
310.2 187.9173 14 1.0
310.3 187.9787 14 1.0
310.4 188.0401 14 1.0
310.5 188.1016 14 1.0
310.6 188.163 14 1.0
310.7 188.2245 14 1.0
310.8 188.2859 14 1.0
310.9 188.3473 14 1.0
311.0 188.4088 14 1.0
311.1 188.4702 14 1.0
311.2 188.5316 14 1.0
311.3 188.5931 14 1.0
311.4 188.6545 14 1.0
311.5 188.716 14 1.0
311.6 188.7774 14 1.0
311.7 188.8388 14 1.0
311.8 188.9003 14 1.0
311.9 188.9617 14 1.0
312.0 189.0231 14 1.0
312.1 189.0846 14 1.0
312.2 189.146 14 1.0
312.3 189.2075 14 1.0
312.4 189.2689 14 1.0
312.5 189.3303 14 1.0
312.6 189.3918 14 1.0
312.7 189.4532 14 1.0
312.8 189.5146 14 1.0
312.9 189.5761 14 1.0
313.0 189.6375 14 1.0
313.1 189.699 14 1.0
313.2 189.7604 14 1.0
313.3 189.8218 14 1.0
313.4 189.8833 14 1.0
313.5 189.9447 14 1.0
313.6 190.0061 14 1.0
313.7 190.0676 14 1.0
313.8 190.129 14 1.0
313.9 190.1905 14 1.0
314.0 190.2519 14 1.0
314.1 190.3133 14 1.0
314.2 190.3748 14 1.0
314.3 190.4362 14 1.0
314.4 190.4976 14 1.0
314.5 190.5591 14 1.0
314.6 190.6205 14 1.0
314.7 190.6819 14 1.0
314.8 190.7434 14 1.0
314.9 190.8048 14 1.0
315.0 190.8663 14 1.0
315.1 190.9277 14 1.0
315.2 190.9891 14 1.0
315.3 191.0506 14 1.0
315.4 191.112 14 1.0
315.5 191.1734 14 1.0
315.6 191.2349 14 1.0
315.7 191.2963 14 1.0
315.8 191.3578 14 1.0
315.9 191.4192 14 1.0
316.0 191.4806 14 1.0
316.1 191.5421 14 1.0
316.2 191.6035 14 1.0
316.3 191.6649 14 1.0
316.4 191.7264 14 1.0
316.5 191.7878 14 1.0
316.6 191.8493 14 1.0
316.7 191.9107 14 1.0
316.8 191.9721 14 1.0
316.9 192.0336 14 1.0
317.0 192.095 14 1.0
317.1 192.1564 14 1.0
317.2 192.2179 14 1.0
317.3 192.2793 14 1.0
317.4 192.3408 14 1.0
317.5 192.4022 14 1.0
317.6 192.4636 14 1.0
317.7 192.5251 14 1.0
317.8 192.5865 14 1.0
317.9 192.6479 14 1.0
318.0 192.7094 14 1.0
318.1 192.7708 14 1.0
318.2 192.8323 14 1.0
318.3 192.8937 14 1.0
318.4 192.9551 14 1.0
318.5 193.0166 14 1.0
318.6 193.078 14 1.0
318.7 193.1394 14 1.0
318.8 193.2009 14 1.0
318.9 193.2623 14 1.0
319.0 193.3238 14 1.0
319.1 193.3852 14 1.0
319.2 193.4466 14 1.0
319.3 193.5081 14 1.0
319.4 193.5695 14 1.0
319.5 193.6309 14 1.0
319.6 193.6924 14 1.0
319.7 193.7538 14 1.0
319.8 193.8153 14 1.0
319.9 193.8767 14 1.0
320.0 193.9381 14 1.0
320.1 193.9996 14 1.0
320.2 194.061 14 1.0
320.3 194.1224 14 1.0
320.4 194.1839 14 1.0
320.5 194.2453 14 1.0
320.6 194.3067 14 1.0
320.6 194.3682 14 1.0
320.7 194.4296 14 1.0
320.8 194.4911 14 1.0
320.9 194.5525 14 1.0
321.0 194.6139 14 1.0
321.1 194.6754 14 1.0
321.2 194.7368 14 1.0
321.3 194.7982 14 1.0
321.4 194.8597 14 1.0
321.5 194.9211 14 1.0
321.6 194.9826 14 1.0
321.7 195.044 14 1.0
321.8 195.1054 14 1.0
321.9 195.1669 14 1.0
322.0 195.2283 14 1.0
322.1 195.2897 14 1.0
322.2 195.3512 14 1.0
322.3 195.4126 14 1.0
322.4 195.4741 14 1.0
322.5 195.5355 14 1.0
322.6 195.5969 14 1.0
322.7 195.6584 14 1.0
322.8 195.7198 14 1.0
322.9 195.7812 14 1.0
323.0 195.8427 14 1.0
323.1 195.9041 14 1.0
323.2 195.9656 14 1.0
323.3 196.027 14 1.0
323.4 196.0884 14 1.0
323.5 196.1499 14 1.0
323.6 196.2113 14 1.0
323.7 196.2727 14 1.0
323.8 196.3342 14 1.0
323.9 196.3956 14 1.0
324.0 196.4571 14 1.0
324.1 196.5185 14 1.0
324.2 196.5799 14 1.0
324.3 196.6414 14 1.0
324.4 196.7028 14 1.0
324.5 196.7642 14 1.0
324.6 196.8257 14 1.0
324.7 196.8871 14 1.0
324.8 196.9486 14 1.0
324.9 197.01 14 1.0
325.0 197.0714 14 1.0
325.1 197.1329 14 1.0
325.2 197.1943 14 1.0
325.3 197.2557 14 1.0
325.4 197.3172 14 1.0
325.5 197.3786 14 1.0
325.6 197.4401 14 1.0
325.7 197.5015 14 1.0
325.8 197.5629 14 1.0
325.9 197.6244 14 1.0
326.0 197.6858 14 1.0
326.1 197.7472 14 1.0
326.2 197.8087 14 1.0
326.3 197.8701 14 1.0
326.4 197.9315 14 1.0
326.5 197.993 14 1.0
326.6 198.0544 14 1.0
326.7 198.1159 14 1.0
326.8 198.1773 14 1.0
326.9 198.2387 14 1.0
327.0 198.3002 14 1.0
327.1 198.3616 14 1.0
327.2 198.423 14 1.0
327.3 198.4845 14 1.0
327.4 198.5459 14 1.0
327.5 198.6074 14 1.0
327.6 198.6688 14 1.0
327.7 198.7302 14 1.0
327.8 198.7917 14 1.0
327.9 198.8531 14 1.0
328.0 198.9145 14 1.0
328.1 198.976 14 1.0
328.2 199.0374 14 1.0
328.3 199.0989 14 1.0
328.4 199.1603 14 1.0
328.5 199.2217 14 1.0
328.6 199.2832 14 1.0
328.7 199.3446 14 1.0
328.8 199.406 14 1.0
328.9 199.4675 14 1.0
329.0 199.5289 14 1.0
329.1 199.5904 14 1.0
329.2 199.6518 14 1.0
329.3 199.7132 14 1.0
329.4 199.7747 14 1.0
329.5 199.8361 14 1.0
329.6 199.8975 14 1.0
329.7 199.959 14 1.0
329.8 200.0204 14 1.0
329.9 200.0819 14 1.0
330.0 200.1433 14 1.0
330.1 200.2047 14 1.0
330.2 200.2662 14 1.0
330.3 200.3276 14 1.0
330.4 200.389 14 1.0
330.5 200.4505 14 1.0
330.6 200.5119 14 1.0
330.7 200.5734 14 1.0
330.8 200.6348 14 1.0
330.9 200.6962 14 1.0
331.0 200.7577 14 1.0
331.1 200.8191 14 1.0
331.2 200.8805 14 1.0
331.3 200.942 14 1.0
331.4 201.0034 14 1.0
331.5 201.0649 14 1.0
331.6 201.1263 14 1.0
331.7 201.1877 14 1.0
331.8 201.2492 14 1.0
331.9 201.3106 14 1.0
332.0 201.372 14 1.0
332.1 201.4335 14 1.0
332.2 201.4949 14 1.0
332.3 201.5563 14 1.0
332.4 201.6178 14 1.0
332.5 201.6792 14 1.0
332.6 201.7407 14 1.0
332.7 201.8021 14 1.0
332.8 201.8635 14 1.0
332.9 201.925 14 1.0
333.0 201.9864 14 1.0
333.1 202.0478 14 1.0
333.2 202.1093 14 1.0
333.3 202.1707 14 1.0
333.4 202.2322 14 1.0
333.5 202.2936 14 1.0
333.6 202.355 14 1.0
333.7 202.4165 14 1.0
333.8 202.4779 14 1.0
333.9 202.5393 14 1.0
334.0 202.6008 14 1.0
334.1 202.6622 14 1.0
334.2 202.7237 14 1.0
334.3 202.7851 14 1.0
334.4 202.8465 14 1.0
334.5 202.908 14 1.0
334.6 202.9694 14 1.0
334.7 203.0308 14 1.0
334.8 203.0923 14 1.0
334.9 203.1537 14 1.0
335.0 203.2152 14 1.0
335.1 203.2766 14 1.0
335.2 203.338 14 1.0
335.3 203.3995 14 1.0
335.4 203.4609 14 1.0
335.5 203.5223 14 1.0
335.6 203.5838 14 1.0
335.7 203.6452 14 1.0
335.8 203.7067 14 1.0
335.9 203.7681 14 1.0
336.0 203.8295 14 1.0
336.1 203.891 14 1.0
336.2 203.9524 14 1.0
336.3 204.0138 14 1.0
336.4 204.0753 14 1.0
336.5 204.1367 14 1.0
336.6 204.1982 14 1.0
336.7 204.2596 14 1.0
336.8 204.321 14 1.0
336.9 204.3825 14 1.0
337.0 204.4439 14 1.0
337.1 204.5053 14 1.0
337.2 204.5668 14 1.0
337.3 204.6282 14 1.0
337.4 204.6897 14 1.0
337.5 204.7511 14 1.0
337.6 204.8125 14 1.0
337.7 204.874 14 1.0
337.8 204.9354 14 1.0
337.9 204.9968 14 1.0
338.0 205.0583 14 1.0
338.1 205.1197 14 1.0
338.2 205.1811 14 1.0
338.3 205.2426 14 1.0
338.4 205.304 14 1.0
338.5 205.3655 14 1.0
338.6 205.4269 14 1.0
338.7 205.4883 14 1.0
338.8 205.5498 14 1.0
338.9 205.6112 14 1.0
339.0 205.6726 14 1.0
339.1 205.7341 14 1.0
339.2 205.7955 14 1.0
339.3 205.857 14 1.0
339.4 205.9184 14 1.0
339.5 205.9798 14 1.0
339.6 206.0413 14 1.0
339.7 206.1027 14 1.0
339.8 206.1641 14 1.0
339.9 206.2256 14 1.0
340.0 206.287 14 1.0
340.1 206.3485 14 1.0
340.2 206.4099 14 1.0
340.3 206.4713 14 1.0
340.4 206.5328 14 1.0
340.5 206.5942 14 1.0
340.6 206.6556 14 1.0
340.7 206.7171 14 1.0
340.8 206.7785 14 1.0
340.9 206.84 14 1.0
341.0 206.9014 14 1.0
341.1 206.9628 14 1.0
341.2 207.0243 14 1.0
341.3 207.0857 14 1.0
341.4 207.1471 14 1.0
341.5 207.2086 14 1.0
341.6 207.27 14 1.0
341.7 207.3315 14 1.0
341.8 207.3929 14 1.0
341.9 207.4543 14 1.0
342.0 207.5158 14 1.0
342.1 207.5772 14 1.0
342.2 207.6386 14 1.0
342.3 207.7001 14 1.0
342.4 207.7615 14 1.0
342.5 207.823 14 1.0
342.6 207.8844 14 1.0
342.7 207.9458 14 1.0
342.8 208.0073 14 1.0
342.9 208.0687 14 1.0
343.0 208.1301 14 1.0
343.1 208.1916 14 1.0
343.2 208.253 14 1.0
343.3 208.3145 14 1.0
343.4 208.3759 14 1.0
343.5 208.4373 14 1.0
343.6 208.4988 14 1.0
343.7 208.5602 14 1.0
343.8 208.6216 14 1.0
343.9 208.6831 14 1.0
344.0 208.7445 14 1.0
344.1 208.8059 14 1.0
344.2 208.8674 14 1.0
344.3 208.9288 14 1.0
344.4 208.9903 14 1.0
344.5 209.0517 14 1.0
344.6 209.1131 14 1.0
344.7 209.1746 14 1.0
344.8 209.236 14 1.0
344.9 209.2974 14 1.0
345.0 209.3589 14 1.0
345.1 209.4203 14 1.0
345.2 209.4818 14 1.0
345.3 209.5432 14 1.0
345.4 209.6046 14 1.0
345.5 209.6661 14 1.0
345.6 209.7275 14 1.0
345.7 209.7889 14 1.0
345.8 209.8504 14 1.0
345.9 209.9118 14 1.0
346.0 209.9733 14 1.0
346.1 210.0347 14 1.0
346.2 210.0961 14 1.0
346.3 210.1576 14 1.0
346.4 210.219 14 1.0
346.5 210.2804 14 1.0
346.6 210.3419 14 1.0
346.7 210.4033 14 1.0
346.8 210.4648 14 1.0
346.9 210.5262 14 1.0
347.0 210.5876 14 1.0
347.1 210.6491 14 1.0
347.2 210.7105 14 1.0
347.3 210.7719 14 1.0
347.4 210.8334 14 1.0
347.5 210.8948 14 1.0
347.6 210.9563 14 1.0
347.7 211.0177 14 1.0
347.8 211.0791 14 1.0
347.9 211.1406 14 1.0
348.0 211.202 14 1.0
348.1 211.2634 14 1.0
348.2 211.3249 14 1.0
348.3 211.3863 14 1.0
348.4 211.4478 14 1.0
348.5 211.5092 14 1.0
348.6 211.5706 14 1.0
348.7 211.6321 14 1.0
348.8 211.6935 14 1.0
348.9 211.7549 14 1.0
349.0 211.8164 14 1.0
349.1 211.8778 14 1.0
349.2 211.9393 14 1.0
349.3 212.0007 14 1.0
349.4 212.0623 14 1.0
349.5 212.124 14 1.0
349.6 212.1856 14 1.0
349.7 212.2472 14 1.0
349.8 212.3089 14 1.0
349.9 212.3705 14 1.0
350.0 212.4322 14 1.0
350.1 212.4938 14 1.0
350.2 212.5555 14 1.0
350.3 212.6171 14 1.0
350.4 212.6787 14 1.0
350.5 212.7404 14 1.0
350.6 212.802 14 1.0
350.7 212.8637 14 1.0
350.8 212.9253 14 1.0
350.9 212.9869 14 1.0
351.0 213.0486 14 1.0
351.1 213.1102 14 1.0
351.2 213.1719 14 1.0
351.3 213.2335 14 1.0
351.4 213.2951 14 1.0
351.5 213.3568 14 1.0
351.6 213.4184 14 1.0
351.7 213.4801 14 1.0
351.8 213.5417 14 1.0
351.9 213.6033 14 1.0
352.0 213.665 14 1.0
352.1 213.7266 14 1.0
352.2 213.7883 14 1.0
352.3 213.8499 14 1.0
352.4 213.9115 14 1.0
352.5 213.9732 14 1.0
352.6 214.0348 14 1.0
352.7 214.0965 14 1.0
352.8 214.1581 14 1.0
352.9 214.2197 14 1.0
353.0 214.2814 14 1.0
353.1 214.343 14 1.0
353.2 214.4047 14 1.0
353.3 214.4663 14 1.0
353.4 214.5279 14 1.0
353.5 214.5896 14 1.0
353.6 214.6512 14 1.0
353.7 214.7129 14 1.0
353.8 214.7745 14 1.0
353.9 214.8361 14 1.0
353.9 214.8978 14 1.0
354.0 214.9594 14 1.0
354.1 215.0211 14 1.0
354.2 215.0827 14 1.0
354.3 215.1443 14 1.0
354.4 215.206 14 1.0
354.5 215.2676 14 1.0
354.6 215.3293 14 1.0
354.7 215.3909 14 1.0
354.8 215.4525 14 1.0
354.9 215.5142 14 1.0
355.0 215.5758 14 1.0
355.1 215.6375 14 1.0
355.2 215.6991 14 1.0
355.3 215.7607 14 1.0
355.4 215.8224 14 1.0
355.5 215.884 14 1.0
355.6 215.9457 14 1.0
355.7 216.0073 14 1.0
355.8 216.0689 14 1.0
355.9 216.1306 14 1.0
356.0 216.1922 14 1.0
356.1 216.2539 14 1.0
356.2 216.3155 14 1.0
356.3 216.3771 14 1.0
356.4 216.4388 14 1.0
356.5 216.5004 14 1.0
356.6 216.5621 14 1.0
356.7 216.6237 14 1.0
356.8 216.6853 14 1.0
356.9 216.747 14 1.0
357.0 216.8086 14 1.0
357.1 216.8703 14 1.0
357.2 216.9319 14 1.0
357.3 216.9935 14 1.0
357.4 217.0552 14 1.0
357.5 217.1168 14 1.0
357.6 217.1785 14 1.0
357.7 217.2401 14 1.0
357.8 217.3017 14 1.0
357.9 217.3634 14 1.0
358.0 217.425 14 1.0
358.1 217.4867 14 1.0
358.2 217.5483 14 1.0
358.3 217.6099 14 1.0
358.4 217.6716 14 1.0
358.5 217.7332 14 1.0
358.6 217.7949 14 1.0
358.7 217.8565 14 1.0
358.8 217.9181 14 1.0
358.9 217.9798 14 1.0
359.0 218.0414 14 1.0
359.1 218.1031 14 1.0
359.2 218.1647 14 1.0
359.3 218.2263 14 1.0
359.4 218.288 14 1.0
359.5 218.3496 14 1.0
359.6 218.4113 14 1.0
359.7 218.4729 14 1.0
359.8 218.5345 14 1.0
359.9 218.5962 14 1.0
360.0 218.6578 14 1.0
360.1 218.7195 14 1.0
360.2 218.7811 14 1.0
360.3 218.8427 14 1.0
360.4 218.9044 14 1.0
360.5 218.966 14 1.0
360.6 219.0277 14 1.0
360.7 219.0893 14 1.0
360.8 219.151 14 1.0
360.9 219.2126 14 1.0
361.0 219.2742 14 1.0
361.1 219.3359 14 1.0
361.2 219.3975 14 1.0
361.3 219.4592 14 1.0
361.4 219.5208 14 1.0
361.5 219.5824 14 1.0
361.6 219.6441 14 1.0
361.7 219.7057 14 1.0
361.8 219.7674 14 1.0
361.9 219.829 14 1.0
362.0 219.8906 14 1.0
362.1 219.9523 14 1.0
362.2 220.0139 14 1.0
362.3 220.0756 14 1.0
362.4 220.1372 14 1.0
362.5 220.1988 14 1.0
362.6 220.2605 14 1.0
362.7 220.3221 14 1.0
362.8 220.3838 14 1.0
362.9 220.4454 14 1.0
363.0 220.507 14 1.0
363.1 220.5687 14 1.0
363.2 220.6303 14 1.0
363.3 220.692 14 1.0
363.4 220.7536 14 1.0
363.5 220.8152 14 1.0
363.6 220.8769 14 1.0
363.7 220.9385 14 1.0
363.8 221.0002 14 1.0
363.9 221.0618 14 1.0
364.0 221.1234 14 1.0
364.1 221.1851 14 1.0
364.2 221.2467 14 1.0
364.3 221.3084 14 1.0
364.4 221.37 14 1.0
364.5 221.4316 14 1.0
364.6 221.4933 14 1.0
364.7 221.5549 14 1.0
364.8 221.6166 14 1.0
364.9 221.6782 14 1.0
365.0 221.7398 14 1.0
365.1 221.8015 14 1.0
365.2 221.8631 14 1.0
365.3 221.9248 14 1.0
365.4 221.9864 14 1.0
365.5 222.048 14 1.0
365.6 222.1097 14 1.0
365.7 222.1713 14 1.0
365.8 222.233 14 1.0
365.9 222.2946 14 1.0
366.0 222.3562 14 1.0
366.1 222.4179 14 1.0
366.2 222.4795 14 1.0
366.3 222.5412 14 1.0
366.4 222.6028 14 1.0
366.5 222.6644 14 1.0
366.6 222.7261 14 1.0
366.7 222.7877 14 1.0
366.8 222.8494 14 1.0
366.9 222.911 14 1.0
367.0 222.9726 14 1.0
367.1 223.0343 14 1.0
367.2 223.0959 14 1.0
367.3 223.1576 14 1.0
367.4 223.2192 14 1.0
367.5 223.2808 14 1.0
367.6 223.3425 14 1.0
367.7 223.4041 14 1.0
367.8 223.4658 14 1.0
367.9 223.5274 14 1.0
368.0 223.589 14 1.0
368.1 223.6507 14 1.0
368.2 223.7123 14 1.0
368.3 223.774 14 1.0
368.4 223.8356 14 1.0
368.5 223.8972 14 1.0
368.6 223.9589 14 1.0
368.7 224.0205 14 1.0
368.8 224.0822 14 1.0
368.9 224.1438 14 1.0
369.0 224.2054 14 1.0
369.1 224.2671 14 1.0
369.2 224.3287 14 1.0
369.3 224.3904 14 1.0
369.4 224.452 14 1.0
369.5 224.5136 14 1.0
369.6 224.5753 14 1.0
369.7 224.6369 14 1.0
369.8 224.6986 14 1.0
369.9 224.7602 14 1.0
370.0 224.8218 14 1.0
370.1 224.8835 14 1.0
370.2 224.9451 14 1.0
370.3 225.0068 14 1.0
370.4 225.0684 14 1.0
370.5 225.13 14 1.0
370.6 225.1917 14 1.0
370.7 225.2533 14 1.0
370.8 225.315 14 1.0
370.9 225.3766 14 1.0
371.0 225.4382 14 1.0
371.1 225.4999 14 1.0
371.2 225.5615 14 1.0
371.3 225.6232 14 1.0
371.4 225.6848 14 1.0
371.5 225.7464 14 1.0
371.6 225.8081 14 1.0
371.7 225.8697 14 1.0
371.8 225.9314 14 1.0
371.9 225.993 14 1.0
372.0 226.0547 14 1.0
372.1 226.1163 14 1.0
372.2 226.1779 14 1.0
372.3 226.2396 14 1.0
372.4 226.3012 14 1.0
372.5 226.3629 14 1.0
372.6 226.4245 14 1.0
372.7 226.4861 14 1.0
372.8 226.5478 14 1.0
372.9 226.6094 14 1.0
373.0 226.6711 14 1.0
373.1 226.7327 14 1.0
373.2 226.7943 14 1.0
373.3 226.856 14 1.0
373.4 226.9176 14 1.0
373.5 226.9793 14 1.0
373.6 227.0409 14 1.0
373.7 227.1025 14 1.0
373.8 227.1642 14 1.0
373.9 227.2258 14 1.0
374.0 227.2875 14 1.0
374.1 227.3491 14 1.0
374.2 227.4107 14 1.0
374.3 227.4724 14 1.0
374.4 227.534 14 1.0
374.5 227.5957 14 1.0
374.6 227.6573 14 1.0
374.7 227.7189 14 1.0
374.8 227.7806 14 1.0
374.9 227.8422 14 1.0
375.0 227.9039 14 1.0
375.1 227.9655 14 1.0
375.2 228.0271 14 1.0
375.3 228.0888 14 1.0
375.4 228.1504 14 1.0
375.5 228.2121 14 1.0
375.6 228.2737 14 1.0
375.7 228.3353 14 1.0
375.8 228.397 14 1.0
375.9 228.4586 14 1.0
376.0 228.5203 14 1.0
376.1 228.5819 14 1.0
376.2 228.6435 14 1.0
376.3 228.7052 14 1.0
376.4 228.7668 14 1.0
376.5 228.8285 14 1.0
376.6 228.8901 14 1.0
376.7 228.9517 14 1.0
376.8 229.0134 14 1.0
376.9 229.075 14 1.0
377.0 229.1367 14 1.0
377.1 229.1983 14 1.0
377.2 229.2599 14 1.0
377.3 229.3216 14 1.0
377.4 229.3832 14 1.0
377.5 229.4449 14 1.0
377.6 229.5065 14 1.0
377.7 229.5681 14 1.0
377.8 229.6298 14 1.0
377.9 229.6914 14 1.0
378.0 229.7531 14 1.0
378.1 229.8147 14 1.0
378.2 229.8763 14 1.0
378.3 229.938 14 1.0
378.4 229.9996 14 1.0
378.5 230.0613 14 1.0
378.6 230.1229 14 1.0
378.7 230.1845 14 1.0
378.8 230.2462 14 1.0
378.9 230.3078 14 1.0
379.0 230.3695 14 1.0
379.1 230.4311 14 1.0
379.2 230.4927 14 1.0
379.3 230.5544 14 1.0
379.4 230.616 14 1.0
379.5 230.6777 14 1.0
379.6 230.7393 14 1.0
379.7 230.8009 14 1.0
379.8 230.8626 14 1.0
379.9 230.9242 14 1.0
380.0 230.9859 14 1.0
380.1 231.0475 14 1.0
380.2 231.1091 14 1.0
380.3 231.1708 14 1.0
380.4 231.2324 14 1.0
380.5 231.2941 14 1.0
380.6 231.3557 14 1.0
380.7 231.4173 14 1.0
380.8 231.479 14 1.0
380.9 231.5406 14 1.0
381.0 231.6023 14 1.0
381.1 231.6639 14 1.0
381.2 231.7255 14 1.0
381.3 231.7872 14 1.0
381.4 231.8488 14 1.0
381.5 231.9105 14 1.0
381.6 231.9721 14 1.0
381.7 232.0337 14 1.0
381.8 232.0954 14 1.0
381.9 232.157 14 1.0
382.0 232.2187 14 1.0
382.1 232.2803 14 1.0
382.2 232.3419 14 1.0
382.3 232.4036 14 1.0
382.4 232.4652 14 1.0
382.5 232.5269 14 1.0
382.6 232.5885 14 1.0
382.7 232.6502 14 1.0
382.8 232.7118 14 1.0
382.9 232.7734 14 1.0
383.0 232.8351 14 1.0
383.1 232.8967 14 1.0
383.2 232.9584 14 1.0
383.3 233.02 14 1.0
383.4 233.0816 14 1.0
383.5 233.1433 14 1.0
383.6 233.2049 14 1.0
383.7 233.2666 14 1.0
383.8 233.3282 14 1.0
383.9 233.3898 14 1.0
384.0 233.4515 14 1.0
384.1 233.5131 14 1.0
384.2 233.5748 14 1.0
384.3 233.6364 14 1.0
384.4 233.698 14 1.0
384.4 233.7597 14 1.0
384.5 233.8213 14 1.0
384.6 233.883 14 1.0
384.7 233.9446 14 1.0
384.8 234.0062 14 1.0
384.9 234.0679 14 1.0
385.0 234.1295 14 1.0
385.1 234.1912 14 1.0
385.2 234.2528 14 1.0
385.3 234.3144 14 1.0
385.4 234.3761 14 1.0
385.5 234.4377 14 1.0
385.6 234.4994 14 1.0
385.7 234.561 14 1.0
385.8 234.6226 14 1.0
385.9 234.6843 14 1.0
386.0 234.7459 14 1.0
386.1 234.8076 14 1.0
386.2 234.8692 14 1.0
386.3 234.9308 14 1.0
386.4 234.9925 14 1.0
386.5 235.0541 14 1.0
386.6 235.1158 14 1.0
386.7 235.1774 14 1.0
386.8 235.239 14 1.0
386.9 235.3007 14 1.0
387.0 235.3623 14 1.0
387.1 235.424 14 1.0
387.2 235.4856 14 1.0
387.3 235.5472 14 1.0
387.4 235.6089 14 1.0
387.5 235.6705 14 1.0
387.6 235.7322 14 1.0
387.7 235.7938 14 1.0
387.8 235.8554 14 1.0
387.9 235.9171 14 1.0
388.0 235.9787 14 1.0
388.1 236.0404 14 1.0
388.2 236.102 14 1.0
388.3 236.1636 14 1.0
388.4 236.2253 14 1.0
388.5 236.2869 14 1.0
388.6 236.3486 14 1.0
388.7 236.4102 14 1.0
388.8 236.4718 14 1.0
388.9 236.5335 14 1.0
389.0 236.5951 14 1.0
389.1 236.6568 14 1.0
389.2 236.7184 14 1.0
389.3 236.78 14 1.0
389.4 236.8417 14 1.0
389.5 236.9033 14 1.0
389.6 236.965 14 1.0
389.7 237.0266 14 1.0
389.8 237.0882 14 1.0
389.9 237.1499 14 1.0
390.0 237.2115 14 1.0
390.1 237.2732 14 1.0
390.2 237.3348 14 1.0
390.3 237.3964 14 1.0
390.4 237.4581 14 1.0
390.5 237.5197 14 1.0
390.6 237.5814 14 1.0
390.7 237.643 14 1.0
390.8 237.7046 14 1.0
390.9 237.7663 14 1.0
391.0 237.8279 14 1.0
391.1 237.8896 14 1.0
391.2 237.9512 14 1.0
391.3 238.0128 14 1.0
391.4 238.0745 14 1.0
391.5 238.1361 14 1.0
391.6 238.1978 14 1.0
391.7 238.2594 14 1.0
391.8 238.321 14 1.0
391.9 238.3827 14 1.0
392.0 238.4443 14 1.0
392.1 238.506 14 1.0
392.2 238.5676 14 1.0
392.3 238.6292 14 1.0
392.4 238.6909 14 1.0
392.5 238.7525 14 1.0
392.6 238.8142 14 1.0
392.7 238.8758 14 1.0
392.8 238.9374 14 1.0
392.9 238.9991 14 1.0
393.0 239.0607 14 1.0
393.1 239.1224 14 1.0
393.2 239.184 14 1.0
393.3 239.2456 14 1.0
393.4 239.3073 14 1.0
393.5 239.3689 14 1.0
393.6 239.4306 14 1.0
393.7 239.4922 14 1.0
393.8 239.5539 14 1.0
393.9 239.6155 14 1.0
394.0 239.6771 14 1.0
394.1 239.7388 14 1.0
394.2 239.8004 14 1.0
394.3 239.8621 14 1.0
394.4 239.9237 14 1.0
394.5 239.9853 14 1.0
394.6 240.047 14 1.0
394.7 240.1086 14 1.0
394.8 240.1703 14 1.0
394.9 240.2319 14 1.0
395.0 240.2935 14 1.0
395.1 240.3552 14 1.0
395.2 240.4168 14 1.0
395.3 240.4785 14 1.0
395.4 240.5401 14 1.0
395.5 240.6017 14 1.0
395.6 240.6634 14 1.0
395.7 240.725 14 1.0
395.8 240.7867 14 1.0
395.9 240.8483 14 1.0
396.0 240.9099 14 1.0
396.1 240.9716 14 1.0
396.2 241.0332 14 1.0
396.3 241.0949 14 1.0
396.4 241.1565 14 1.0
396.5 241.2181 14 1.0
396.6 241.2798 14 1.0
396.7 241.3414 14 1.0
396.8 241.4031 14 1.0
396.9 241.4647 14 1.0
397.0 241.5263 14 1.0
397.1 241.588 14 1.0
397.2 241.6496 14 1.0
397.3 241.7113 14 1.0
397.4 241.7729 14 1.0
397.5 241.8345 14 1.0
397.6 241.8962 14 1.0
397.7 241.9578 14 1.0
397.8 242.0195 14 1.0
397.9 242.0811 14 1.0
398.0 242.1427 14 1.0
398.1 242.2044 14 1.0
398.2 242.266 14 1.0
398.3 242.3277 14 1.0
398.4 242.3893 14 1.0
398.5 242.4509 14 1.0
398.6 242.5126 14 1.0
398.7 242.5742 14 1.0
398.8 242.6359 14 1.0
398.9 242.6975 14 1.0
399.0 242.7591 14 1.0
399.1 242.8208 14 1.0
399.2 242.8893 14 1.0
399.3 242.9577 14 1.0
399.4 243.0262 14 1.0
399.5 243.0947 14 1.0
399.6 243.1632 14 1.0
399.7 243.2316 14 1.0
399.8 243.3001 14 1.0
399.9 243.3686 14 1.0
400.0 243.4371 14 1.0
400.1 243.5055 14 1.0
400.2 243.574 14 1.0
400.3 243.6425 14 1.0
400.4 243.711 14 1.0
400.5 243.7794 14 1.0
400.6 243.8479 14 1.0
400.7 243.9164 14 1.0
400.8 243.9849 14 1.0
400.9 244.0533 14 1.0
401.0 244.1218 14 1.0
401.1 244.1903 14 1.0
401.2 244.2588 14 1.0
401.3 244.3272 14 1.0
401.4 244.3957 14 1.0
401.5 244.4642 14 1.0
401.6 244.5327 14 1.0
401.7 244.6011 14 1.0
401.8 244.6696 14 1.0
401.9 244.7381 14 1.0
402.0 244.8066 14 1.0
402.1 244.875 14 1.0
402.2 244.9435 14 1.0
402.3 245.012 14 1.0
402.4 245.0805 14 1.0
402.5 245.1489 14 1.0
402.6 245.2174 14 1.0
402.7 245.2859 14 1.0
402.8 245.3544 14 1.0
402.9 245.4228 14 1.0
403.0 245.4913 14 1.0
403.1 245.5598 14 1.0
403.2 245.6283 14 1.0
403.3 245.6967 14 1.0
403.4 245.7652 14 1.0
403.5 245.8337 14 1.0
403.6 245.9022 14 1.0
403.7 245.9706 14 1.0
403.8 246.0391 14 1.0
403.9 246.1076 14 1.0
404.0 246.1761 14 1.0
404.1 246.2445 14 1.0
404.2 246.313 14 1.0
404.3 246.3815 14 1.0
404.4 246.45 14 1.0
404.5 246.5184 14 1.0
404.6 246.5869 14 1.0
404.7 246.6554 14 1.0
404.8 246.7239 14 1.0
404.9 246.7923 14 1.0
405.0 246.8608 14 1.0
405.1 246.9293 14 1.0
405.2 246.9978 14 1.0
405.3 247.0662 14 1.0
405.4 247.1347 14 1.0
405.5 247.2032 14 1.0
405.6 247.2717 14 1.0
405.7 247.3401 14 1.0
405.8 247.4086 14 1.0
405.9 247.4771 14 1.0
406.0 247.5456 14 1.0
406.1 247.614 14 1.0
406.2 247.6825 14 1.0
406.3 247.751 14 1.0
406.4 247.8195 14 1.0
406.5 247.8879 14 1.0
406.6 247.9564 14 1.0
406.7 248.0249 14 1.0
406.8 248.0934 14 1.0
406.9 248.1618 14 1.0
407.0 248.2303 14 1.0
407.1 248.2988 14 1.0
407.2 248.3673 14 1.0
407.3 248.4357 14 1.0
407.4 248.5042 14 1.0
407.5 248.5727 14 1.0
407.6 248.6412 14 1.0
407.7 248.7096 14 1.0
407.8 248.7781 14 1.0
407.9 248.8466 14 1.0
408.0 248.9151 14 1.0
408.1 248.9835 14 1.0
408.2 249.052 14 1.0
408.3 249.1205 14 1.0
408.4 249.189 14 1.0
408.5 249.2574 14 1.0
408.6 249.3259 14 1.0
408.7 249.3944 14 1.0
408.8 249.4629 14 1.0
408.9 249.5313 14 1.0
409.0 249.5998 14 1.0
409.1 249.6683 14 1.0
409.2 249.7368 14 1.0
409.3 249.8053 14 1.0
409.4 249.8737 14 1.0
409.5 249.9422 14 1.0
409.6 250.0107 14 1.0
409.7 250.0792 14 1.0
409.8 250.1476 14 1.0
409.9 250.2161 14 1.0
410.0 250.2846 14 1.0
410.0 250.3531 14 1.0
410.1 250.4215 14 1.0
410.2 250.49 14 1.0
410.3 250.5585 14 1.0
410.4 250.627 14 1.0
410.5 250.6954 14 1.0
410.6 250.7639 14 1.0
410.7 250.8324 14 1.0
410.8 250.9009 14 1.0
410.9 250.9693 14 1.0
411.0 251.0378 14 1.0
411.1 251.1063 14 1.0
411.2 251.1748 14 1.0
411.3 251.2432 14 1.0
411.4 251.3117 14 1.0
411.5 251.3802 14 1.0
411.6 251.4487 14 1.0
411.7 251.5171 14 1.0
411.8 251.5856 14 1.0
411.9 251.6541 14 1.0
412.0 251.7226 14 1.0
412.1 251.791 14 1.0
412.2 251.8595 14 1.0
412.3 251.928 14 1.0
412.4 251.9965 14 1.0
412.5 252.0649 14 1.0
412.6 252.1334 14 1.0
412.7 252.2019 14 1.0
412.8 252.2704 14 1.0
412.9 252.3388 14 1.0
413.0 252.4073 14 1.0
413.1 252.4758 14 1.0
413.2 252.5443 14 1.0
413.3 252.6127 14 1.0
413.4 252.6812 14 1.0
413.5 252.7497 14 1.0
413.6 252.8182 14 1.0
413.7 252.8866 14 1.0
413.8 252.9551 14 1.0
413.9 253.0236 14 1.0
414.0 253.0921 14 1.0
414.1 253.1605 14 1.0
414.2 253.229 14 1.0
414.3 253.2975 14 1.0
414.4 253.366 14 1.0
414.5 253.4344 14 1.0
414.6 253.5029 14 1.0
414.7 253.5714 14 1.0
414.8 253.6399 14 1.0
414.9 253.7083 14 1.0
415.0 253.7768 14 1.0
415.1 253.8453 14 1.0
415.2 253.9138 14 1.0
415.3 253.9822 14 1.0
415.4 254.0507 14 1.0
415.5 254.1192 14 1.0
415.6 254.1877 14 1.0
415.7 254.2561 14 1.0
415.8 254.3246 14 1.0
415.9 254.3931 14 1.0
416.0 254.4616 14 1.0
416.1 254.53 14 1.0
416.2 254.5985 14 1.0
416.3 254.667 14 1.0
416.4 254.7355 14 1.0
416.5 254.8039 14 1.0
416.6 254.8724 14 1.0
416.7 254.9409 14 1.0
416.8 255.0094 14 1.0
416.9 255.0778 14 1.0
417.0 255.1463 14 1.0
417.1 255.2148 14 1.0
417.2 255.2833 14 1.0
417.3 255.3517 14 1.0
417.4 255.4202 14 1.0
417.5 255.4887 14 1.0
417.6 255.5572 14 1.0
417.7 255.6256 14 1.0
417.8 255.6941 14 1.0
417.9 255.7626 14 1.0
418.0 255.8311 14 1.0
418.1 255.8995 14 1.0
418.2 255.968 14 1.0
418.3 256.0365 14 1.0
418.4 256.105 14 1.0
418.5 256.1734 14 1.0
418.6 256.2419 14 1.0
418.7 256.3104 14 1.0
418.8 256.3789 14 1.0
418.9 256.4473 14 1.0
419.0 256.5158 14 1.0
419.1 256.5843 14 1.0
419.2 256.6528 14 1.0
419.3 256.7212 14 1.0
419.4 256.7897 14 1.0
419.5 256.8582 14 1.0
419.6 256.9267 14 1.0
419.7 256.9951 14 1.0
419.8 257.0636 14 1.0
419.9 257.1321 14 1.0
420.0 257.2006 14 1.0
420.1 257.269 14 1.0
420.2 257.3375 14 1.0
420.3 257.406 14 1.0
420.4 257.4745 14 1.0
420.5 257.5429 14 1.0
420.6 257.6114 14 1.0
420.7 257.6799 14 1.0
420.8 257.7484 14 1.0
420.9 257.8168 14 1.0
421.0 257.8853 14 1.0
421.1 257.9538 14 1.0
421.2 258.0223 14 1.0
421.3 258.0907 14 1.0
421.4 258.1592 14 1.0
421.5 258.2277 14 1.0
421.6 258.2962 14 1.0
421.7 258.3646 14 1.0
421.8 258.4331 14 1.0
421.9 258.5016 14 1.0
422.0 258.5701 14 1.0
422.1 258.6386 14 1.0
422.2 258.707 14 1.0
422.3 258.7755 14 1.0
422.4 258.844 14 1.0
422.5 258.9125 14 1.0
422.6 258.9809 14 1.0
422.7 259.0494 14 1.0
422.8 259.1179 14 1.0
422.9 259.1864 14 1.0
423.0 259.2548 14 1.0
423.1 259.3233 14 1.0
423.2 259.3918 14 1.0
423.3 259.4603 14 1.0
423.4 259.5287 14 1.0
423.5 259.5972 14 1.0
423.6 259.6657 14 1.0
423.7 259.7342 14 1.0
423.8 259.8026 14 1.0
423.9 259.8711 14 1.0
424.0 259.9396 14 1.0
424.1 260.0081 14 1.0
424.2 260.0765 14 1.0
424.3 260.145 14 1.0
424.4 260.2135 14 1.0
424.5 260.282 14 1.0
424.6 260.3504 14 1.0
424.7 260.4189 14 1.0
424.8 260.4874 14 1.0
424.9 260.5559 14 1.0
425.0 260.6243 14 1.0
425.1 260.6928 14 1.0
425.2 260.7613 14 1.0
425.3 260.8298 14 1.0
425.4 260.8982 14 1.0
425.5 260.9667 14 1.0
425.6 261.0352 14 1.0
425.7 261.1037 14 1.0
425.8 261.1721 14 1.0
425.9 261.2406 14 1.0
426.0 261.3091 14 1.0
426.1 261.3776 14 1.0
426.2 261.446 14 1.0
426.3 261.5145 14 1.0
426.4 261.583 14 1.0
426.5 261.6515 14 1.0
426.6 261.7199 14 1.0
426.7 261.7884 14 1.0
426.8 261.8569 14 1.0
426.9 261.9254 14 1.0
427.0 261.9938 14 1.0
427.1 262.0623 14 1.0
427.2 262.1308 14 1.0
427.3 262.1993 14 1.0
427.4 262.2677 14 1.0
427.5 262.3362 14 1.0
427.6 262.4047 14 1.0
427.7 262.4732 14 1.0
427.8 262.5416 14 1.0
427.9 262.6101 14 1.0
428.0 262.6786 14 1.0
428.1 262.7471 14 1.0
428.2 262.8155 14 1.0
428.3 262.884 14 1.0
428.4 262.9525 14 1.0
428.5 263.021 14 1.0
428.6 263.0894 14 1.0
428.7 263.1579 14 1.0
428.8 263.2264 14 1.0
428.9 263.2949 14 1.0
429.0 263.3633 14 1.0
429.1 263.4318 14 1.0
429.2 263.5003 14 1.0
429.3 263.5688 14 1.0
429.4 263.6372 14 1.0
429.5 263.7057 14 1.0
429.6 263.7742 14 1.0
429.7 263.8427 14 1.0
429.8 263.9111 14 1.0
429.9 263.9796 14 1.0
430.0 264.0481 14 1.0
430.1 264.1166 14 1.0
430.2 264.185 14 1.0
430.3 264.2535 14 1.0
430.4 264.322 14 1.0
430.5 264.3905 14 1.0
430.6 264.4589 14 1.0
430.7 264.5274 14 1.0
430.8 264.5959 14 1.0
430.9 264.6644 14 1.0
431.0 264.7328 14 1.0
431.1 264.8013 14 1.0
431.2 264.8698 14 1.0
431.2 264.9383 14 1.0
431.3 265.0067 14 1.0
431.4 265.0752 14 1.0
431.5 265.1437 14 1.0
431.6 265.2122 14 1.0
431.7 265.2806 14 1.0
431.8 265.3491 14 1.0
431.9 265.4176 14 1.0
432.0 265.4861 14 1.0
432.1 265.5545 14 1.0
432.2 265.623 14 1.0
432.3 265.6915 14 1.0
432.4 265.76 14 1.0
432.5 265.8284 14 1.0
432.6 265.8969 14 1.0
432.7 265.9654 14 1.0
432.8 266.0339 14 1.0
432.9 266.1023 14 1.0
433.0 266.1708 14 1.0
433.1 266.2393 14 1.0
433.2 266.3078 14 1.0
433.3 266.3762 14 1.0
433.4 266.4447 14 1.0
433.5 266.5132 14 1.0
433.6 266.5817 14 1.0
433.7 266.6501 14 1.0
433.8 266.7186 14 1.0
433.9 266.7871 14 1.0
434.0 266.8556 14 1.0
434.1 266.924 14 1.0
434.2 266.9925 14 1.0
434.3 267.061 14 1.0
434.4 267.1295 14 1.0
434.5 267.1979 14 1.0
434.6 267.2664 14 1.0
434.7 267.3349 14 1.0
434.8 267.4034 14 1.0
434.9 267.4719 14 1.0
435.0 267.5403 14 1.0
435.1 267.6088 14 1.0
435.2 267.6773 14 1.0
435.3 267.7458 14 1.0
435.4 267.8142 14 1.0
435.5 267.8827 14 1.0
435.6 267.9512 14 1.0
435.7 268.0197 14 1.0
435.8 268.0881 14 1.0
435.9 268.1566 14 1.0
436.0 268.2251 14 1.0
436.1 268.2936 14 1.0
436.2 268.362 14 1.0
436.3 268.4305 14 1.0
436.4 268.499 14 1.0
436.5 268.5675 14 1.0
436.6 268.6359 14 1.0
436.7 268.7044 14 1.0
436.8 268.7729 14 1.0
436.9 268.8414 14 1.0
437.0 268.9098 14 1.0
437.1 268.9783 14 1.0
437.2 269.0468 14 1.0
437.3 269.1153 14 1.0
437.4 269.1837 14 1.0
437.5 269.2522 14 1.0
437.6 269.3207 14 1.0
437.7 269.3892 14 1.0
437.8 269.4576 14 1.0
437.9 269.5261 14 1.0
438.0 269.5946 14 1.0
438.1 269.6631 14 1.0
438.2 269.7315 14 1.0
438.3 269.8 14 1.0
438.4 269.8685 14 1.0
438.5 269.937 14 1.0
438.6 270.0054 14 1.0
438.7 270.0739 14 1.0
438.8 270.1424 14 1.0
438.9 270.2109 14 1.0
439.0 270.2793 14 1.0
439.1 270.3478 14 1.0
439.2 270.4163 14 1.0
439.3 270.4848 14 1.0
439.4 270.5532 14 1.0
439.5 270.6217 14 1.0
439.6 270.6902 14 1.0
439.7 270.7587 14 1.0
439.8 270.8271 14 1.0
439.9 270.8956 14 1.0
440.0 270.9641 14 1.0
440.1 271.0326 14 1.0
440.2 271.101 14 1.0
440.3 271.1695 14 1.0
440.4 271.238 14 1.0
440.5 271.3065 14 1.0
440.6 271.3749 14 1.0
440.7 271.4434 14 1.0
440.8 271.5119 14 1.0
440.9 271.5804 14 1.0
441.0 271.6488 14 1.0
441.1 271.7173 14 1.0
441.2 271.7858 14 1.0
441.3 271.8543 14 1.0
441.4 271.9227 14 1.0
441.5 271.9912 14 1.0
441.6 272.0597 14 1.0
441.7 272.1282 14 1.0
441.8 272.1966 14 1.0
441.9 272.2651 14 1.0
442.0 272.3336 14 1.0
442.1 272.4021 14 1.0
442.2 272.4705 14 1.0
442.3 272.539 14 1.0
442.4 272.6075 14 1.0
442.5 272.676 14 1.0
442.6 272.7444 14 1.0
442.7 272.8129 14 1.0
442.8 272.8814 14 1.0
442.9 272.9499 14 1.0
443.0 273.0183 14 1.0
443.1 273.0868 14 1.0
443.2 273.1553 14 1.0
443.3 273.2238 14 1.0
443.4 273.2922 14 1.0
443.5 273.3607 14 1.0
443.6 273.4292 14 1.0
443.7 273.4977 14 1.0
443.8 273.5661 14 1.0
443.9 273.6346 14 1.0
444.0 273.7031 14 1.0
444.1 273.7716 14 1.0
444.2 273.84 14 1.0
444.3 273.9085 14 1.0
444.4 273.977 14 1.0
444.5 274.0455 14 1.0
444.6 274.1139 14 1.0
444.7 274.1824 14 1.0
444.8 274.2509 14 1.0
444.9 274.3194 14 1.0
445.0 274.3878 14 1.0
445.1 274.4563 14 1.0
445.2 274.5248 14 1.0
445.3 274.5933 14 1.0
445.4 274.6617 14 1.0
445.5 274.7302 14 1.0
445.6 274.7987 14 1.0
445.7 274.8672 14 1.0
445.8 274.9356 14 1.0
445.9 275.0041 14 1.0
446.0 275.0726 14 1.0
446.1 275.1411 14 1.0
446.2 275.2095 14 1.0
446.3 275.278 14 1.0
446.4 275.3465 14 1.0
446.5 275.415 14 1.0
446.6 275.4834 14 1.0
446.7 275.5519 14 1.0
446.8 275.6204 14 1.0
446.9 275.6889 14 1.0
447.0 275.7573 14 1.0
447.1 275.8258 14 1.0
447.2 275.8943 14 1.0
447.3 275.9628 14 1.0
447.4 276.0313 14 1.0
447.5 276.0997 14 1.0
447.6 276.1682 14 1.0
447.7 276.2367 14 1.0
447.8 276.3052 14 1.0
447.9 276.3736 14 1.0
448.0 276.4421 14 1.0
448.1 276.5106 14 1.0
448.2 276.5791 14 1.0
448.3 276.6475 14 1.0
448.4 276.716 14 1.0
448.5 276.7845 14 1.0
448.6 276.853 14 1.0
448.7 276.9214 14 1.0
448.8 276.9899 14 1.0
448.9 277.0584 14 1.0
