15.0 1.353789 13 0.02822391356210041
15.1 1.361408 13 0.028680168546962093
15.2 1.36902 13 0.0291300066786514
15.3 1.376625 13 0.029574676057044114
15.4 1.384222 13 0.030011072136364114
15.5 1.391812 13 0.030443522617678243
15.6 1.399395 13 0.030868299366329843
15.7 1.406971 13 0.03129387812412243
15.8 1.41454 13 0.03170417104479606
15.9 1.422102 13 0.03211107697172366
16.0 1.429656 13 0.03251490455260453
16.1 1.437596 13 0.03294415423793684
16.2 1.445528 13 0.03336861132023328
16.3 1.453451 13 0.033782106411086144
16.4 1.461368 13 0.03419555737690727
16.5 1.469276 13 0.03460300506617786
16.6 1.477177 13 0.03500091906133207
16.7 1.48507 13 0.0354013039433706
16.8 1.492956 13 0.03578986194291878
16.9 1.500834 13 0.036179579682116714
17.0 1.508704 13 0.03655875761435101
17.1 1.516567 13 0.036937106950316934
17.2 1.524422 13 0.03730644809537664
17.3 1.53227 13 0.03767469336359541
17.4 1.54011 13 0.0380373937788826
17.5 1.547943 13 0.03839659514161875
17.6 1.555768 13 0.03875120930546494
17.7 1.563586 13 0.0391006710044044
17.8 1.571396 13 0.03944662553748368
17.9 1.579199 13 0.03978639451312782
18.0 1.586995 13 0.04012406495165133
18.1 1.595763 13 0.04053096189627914
18.2 1.604521 13 0.04093246590547772
18.3 1.613271 13 0.04132990718949747
18.4 1.622011 13 0.04172252838653778
18.5 1.630742 13 0.0421119733924612
18.6 1.639464 13 0.042495132884792675
18.7 1.648177 13 0.04287699480007179
18.8 1.656881 13 0.043250153287289206
18.9 1.665575 13 0.043621790857858445
19.0 1.674261 13 0.04398684188176949
19.1 1.682937 13 0.044350479124394604
19.2 1.691605 13 0.044709660128887
19.3 1.700263 13 0.045064336799430005
19.4 1.708913 13 0.045414772239855905
19.5 1.717554 13 0.04576263293368554
19.6 1.726185 13 0.04610771301518046
19.7 1.734808 13 0.0464458332862433
19.8 1.743422 13 0.046785121285569775
19.9 1.752027 13 0.04711696318510816
20.0 1.760624 13 0.04744729313760854
20.1 1.769686 13 0.047801271578859716
20.2 1.778738 13 0.04815724011521327
20.3 1.78778 13 0.04850571168078943
20.4 1.796813 13 0.04885151517175501
20.5 1.805836 13 0.049193899995591095
20.6 1.81485 13 0.04953669856731102
20.7 1.823854 13 0.04986990459670426
20.8 1.832848 13 0.050202857098443854
20.9 1.841833 13 0.0505366459838793
21.0 1.850809 13 0.05085979809879093
21.1 1.859775 13 0.051183386921862195
21.2 1.868731 13 0.05150224375883339
21.3 1.877679 13 0.051819411299718676
21.4 1.886616 13 0.052132802268695655
21.5 1.895545 13 0.052440860328255456
21.6 1.904464 13 0.052750522630415575
21.7 1.913374 13 0.053051735859815485
21.8 1.922275 13 0.05335522986190733
21.9 1.931166 13 0.05365497761029181
22.0 1.940049 13 0.053952344754450654
22.1 1.950324 13 0.0543316015297266
22.2 1.960587 13 0.0547095302505789
22.3 1.970839 13 0.05508359972497301
22.4 1.981077 13 0.05545494984163701
22.5 1.991304 13 0.05582191112470003
22.6 2.001519 13 0.056188137841688524
22.7 22.08976 14 1.0
22.8 22.18787 14 1.0
22.9 22.28598 14 1.0
23.0 22.38409 14 1.0
23.1 22.4822 14 1.0
23.2 22.58031 14 1.0
23.3 22.67842 14 1.0
23.4 22.77653 14 1.0
23.5 22.87464 14 1.0
23.6 22.97275 14 1.0
23.7 23.07087 14 1.0
23.8 23.16898 14 1.0
23.9 23.26709 14 1.0
24.0 23.3652 14 1.0
24.1 23.46273 14 1.0
24.2 23.56026 14 1.0
24.3 23.65779 14 1.0
24.4 23.75533 14 1.0
24.5 23.85286 14 1.0
24.6 23.95039 14 1.0
24.7 24.04792 14 1.0
24.8 5.794545 14 0.22061731013483699
24.9 6.009958 14 0.22881984051472637
25.0 6.227632 14 0.23704827084598745
25.1 6.447566 14 0.24530099610220868
25.2 6.669762 14 0.2535871243455604
25.3 6.894218 14 0.26189820701376376
25.4 7.120935 14 0.27023530546587304
25.5 7.349913 14 0.2785987432502546
25.6 7.581151 14 0.28698511680023375
25.7 7.814651 14 0.2954006181541182
25.8 8.050411 14 0.3038400626367955
25.9 8.288432 14 0.3123056250517028
26.0 8.528713 14 0.3207925533506929
26.1 8.773489 14 0.3293919286413576
26.2 9.020556 14 0.3380171778431835
26.3 9.269915 14 0.3466614066029271
26.4 9.521566 14 0.3553348629662143
26.5 9.775508 14 0.3640295874049946
26.6 10.03174 14 0.37274461983153806
26.7 10.29027 14 0.3814855789332591
26.8 10.55108 14 0.3902498986717696
26.9 10.81419 14 0.39903438568054217
27.0 11.07959 14 0.4078445184426229
27.1 11.34728 14 0.416673516920126
27.2 11.61727 14 0.42552376203798603
27.3 11.88954 14 0.4343986106635156
27.4 12.16411 14 0.4432908983920346
27.5 12.44097 14 0.4522083645175303
27.6 12.72012 14 0.4611434819055906
27.7 13.00156 14 0.4700992103558512
27.8 13.28529 14 0.4790761641979172
27.9 13.57132 14 0.4880746246340393
28.0 13.85963 14 0.4970900936667002
28.1 14.15996 14 0.5064898637364144
28.2 14.46267 14 0.5159075040377061
28.3 14.76775 14 0.5253449986470642
28.4 15.07522 14 0.5348040753447239
28.5 15.38507 14 0.5442807618158397
28.6 15.6973 14 0.5537783156740957
28.7 16.0119 14 0.5632932773514792
28.8 16.32889 14 0.5728276318127085
28.9 16.64826 14 0.5823804290280089
29.0 16.97001 14 0.5919519872582343
29.1 17.29415 14 0.6015415630507738
29.2 17.62066 14 0.6111478063076856
29.3 17.94955 14 0.6207738909517295
29.4 18.28082 14 0.630416302356898
29.5 18.61448 14 0.6400773491809013
29.6 18.95051 14 0.6497547937523118
29.7 19.28892 14 0.6594494277760594
29.8 19.62972 14 0.6691596191574024
29.9 19.97289 14 0.6788892023272015
30.0 20.31845 14 0.688633217034945
30.1 20.67936 14 0.6988793058249883
30.2 21.04274 14 0.7091428848296913
30.3 21.40858 14 0.7194216310633266
30.4 21.77687 14 0.7297173578877569
30.5 22.14763 14 0.7400290558681819
30.6 22.52085 14 0.7503562813344153
30.7 22.89653 14 0.7607004163804343
30.8 23.27466 14 0.7710595696009115
30.9 23.65526 14 0.7814338779260828
31.0 24.03833 14 0.7918244159888264
31.1 24.42385 14 0.8022295133311106
31.2 24.81183 14 0.8126505704430883
31.3 25.20227 14 0.8230859201531139
31.4 25.59517 14 0.8335352925435195
31.5 25.99054 14 0.8440008964177766
31.6 26.38836 14 0.8544802673878154
31.7 26.78865 14 0.8649746291016286
31.8 27.19139 14 0.8754828344715597
31.9 27.5966 14 0.8860051249132366
32.0 28.00427 14 0.8965415196802234
32.1 28.4144 14 0.9070912927587739
32.2 28.82698 14 0.9176551123717782
32.3 29.24203 14 0.9282325122607766
32.4 29.65954 14 0.9388232660842897
32.5 30.07952 14 0.9494276020820572
32.6 30.50195 14 0.9600448617407559
32.7 30.92684 14 0.9706753489724393
32.8 31.35419 14 0.9813187818522033
32.9 31.784 14 0.991975097392366
33.0 32.1329 14 1.0
33.1 32.22953 14 1.0
33.2 32.32615 14 1.0
33.3 32.42278 14 1.0
33.4 32.5194 14 1.0
33.5 32.61602 14 1.0
33.6 32.71265 14 1.0
33.7 32.80927 14 1.0
33.8 32.9059 14 1.0
33.9 33.00252 14 1.0
34.0 33.09915 14 1.0
34.1 33.19577 14 1.0
34.2 33.2924 14 1.0
34.3 33.38902 14 1.0
34.4 33.48565 14 1.0
34.5 33.58227 14 1.0
34.6 33.67889 14 1.0
34.7 33.77552 14 1.0
34.8 33.87214 14 1.0
34.9 33.96877 14 1.0
35.0 34.06539 14 1.0
35.1 34.16141 14 1.0
35.2 34.25743 14 1.0
35.3 34.35345 14 1.0
35.4 34.44947 14 1.0
35.5 34.54549 14 1.0
35.6 34.64151 14 1.0
35.7 34.73753 14 1.0
35.8 34.83355 14 1.0
35.9 34.92957 14 1.0
36.0 35.02559 14 1.0
36.1 35.12161 14 1.0
36.2 35.21763 14 1.0
36.3 35.31365 14 1.0
36.4 35.40967 14 1.0
36.5 35.5057 14 1.0
36.6 35.60172 14 1.0
36.7 35.69774 14 1.0
36.8 35.79376 14 1.0
36.9 35.88978 14 1.0
37.0 35.9858 14 1.0
37.1 36.08182 14 1.0
37.2 36.17784 14 1.0
37.3 36.27386 14 1.0
37.4 36.36988 14 1.0
37.5 36.4659 14 1.0
37.6 36.56192 14 1.0
37.7 36.65794 14 1.0
37.8 36.75396 14 1.0
37.9 36.84998 14 1.0
38.0 36.946 14 1.0
38.1 37.04202 14 1.0
38.2 37.13804 14 1.0
38.3 37.23406 14 1.0
38.4 37.33008 14 1.0
38.5 37.4261 14 1.0
38.6 37.52212 14 1.0
38.7 37.61814 14 1.0
38.8 37.71416 14 1.0
38.9 37.81018 14 1.0
39.0 37.9062 14 1.0
39.1 38.00222 14 1.0
39.2 38.09824 14 1.0
39.3 38.19426 14 1.0
39.4 38.29028 14 1.0
39.5 38.3863 14 1.0
39.6 38.48232 14 1.0
39.7 38.57834 14 1.0
39.8 38.67436 14 1.0
39.9 38.77038 14 1.0
40.0 38.8664 14 1.0
40.1 38.95828 14 1.0
40.2 39.05016 14 1.0
40.3 39.14204 14 1.0
40.4 39.23392 14 1.0
40.5 39.3258 14 1.0
40.6 39.41768 14 1.0
40.7 39.50956 14 1.0
40.8 39.60144 14 1.0
40.9 39.69332 14 1.0
41.0 39.7852 14 1.0
41.1 39.87708 14 1.0
41.2 39.96896 14 1.0
41.3 40.06084 14 1.0
41.4 40.15272 14 1.0
41.5 40.2446 14 1.0
41.6 40.33648 14 1.0
41.7 40.42836 14 1.0
41.8 40.52024 14 1.0
41.9 40.61212 14 1.0
42.0 40.704 14 1.0
42.1 40.79588 14 1.0
42.2 40.88776 14 1.0
42.3 40.97963 14 1.0
42.4 41.07151 14 1.0
42.5 41.16339 14 1.0
42.6 41.25527 14 1.0
42.7 41.34715 14 1.0
42.8 41.43903 14 1.0
42.9 41.53091 14 1.0
43.0 41.62279 14 1.0
43.1 41.71467 14 1.0
43.2 41.80655 14 1.0
43.3 41.89843 14 1.0
43.4 41.99031 14 1.0
43.5 42.08219 14 1.0
43.6 42.17407 14 1.0
43.7 42.26595 14 1.0
43.8 42.35783 14 1.0
43.9 42.44971 14 1.0
44.0 42.54159 14 1.0
44.1 42.63347 14 1.0
44.2 42.72535 14 1.0
44.3 42.81723 14 1.0
44.4 42.90911 14 1.0
44.5 43.00099 14 1.0
44.6 43.09287 14 1.0
44.7 43.18475 14 1.0
44.8 43.27663 14 1.0
44.9 43.36851 14 1.0
45.0 43.46039 14 1.0
45.1 43.55227 14 1.0
45.2 43.64415 14 1.0
45.3 43.73603 14 1.0
45.4 43.82791 14 1.0
45.5 43.91979 14 1.0
45.6 44.01167 14 1.0
45.7 44.10355 14 1.0
45.8 44.19543 14 1.0
45.9 44.28731 14 1.0
46.0 44.37918 14 1.0
46.1 44.47106 14 1.0
46.2 44.56294 14 1.0
46.3 44.65482 14 1.0
46.4 44.7467 14 1.0
46.5 44.83858 14 1.0
46.6 44.93046 14 1.0
46.7 45.02234 14 1.0
46.8 45.11422 14 1.0
46.9 45.2061 14 1.0
47.0 45.29798 14 1.0
47.1 45.38986 14 1.0
47.2 45.48174 14 1.0
47.3 45.57362 14 1.0
47.4 45.6655 14 1.0
47.5 45.75738 14 1.0
47.6 45.84926 14 1.0
47.7 45.94114 14 1.0
47.8 46.03302 14 1.0
47.9 46.1249 14 1.0
48.0 46.21678 14 1.0
48.1 46.30866 14 1.0
48.2 46.40054 14 1.0
48.3 46.49242 14 1.0
48.4 46.5843 14 1.0
48.5 46.67618 14 1.0
48.6 46.76806 14 1.0
48.7 46.85994 14 1.0
48.8 46.95182 14 1.0
48.9 47.0437 14 1.0
49.0 47.13558 14 1.0
49.1 47.22746 14 1.0
49.2 47.31934 14 1.0
49.3 47.41122 14 1.0
49.4 47.5031 14 1.0
49.5 47.59498 14 1.0
49.6 47.68685 14 1.0
49.7 47.77873 14 1.0
49.8 47.87061 14 1.0
49.9 47.96249 14 1.0
50.0 48.05437 14 1.0
50.1 48.13859 14 1.0
50.2 48.22282 14 1.0
50.3 48.30704 14 1.0
50.4 48.39126 14 1.0
50.5 48.47548 14 1.0
50.6 48.5597 14 1.0
50.7 48.64392 14 1.0
50.8 48.72814 14 1.0
50.9 48.81236 14 1.0
51.0 48.89658 14 1.0
51.1 48.9808 14 1.0
51.2 49.06502 14 1.0
51.3 49.14925 14 1.0
51.4 49.23347 14 1.0
51.5 49.31769 14 1.0
51.6 49.40191 14 1.0
51.7 49.48613 14 1.0
51.8 49.57035 14 1.0
51.9 49.65457 14 1.0
52.0 49.73879 14 1.0
52.1 49.82301 14 1.0
52.2 49.90723 14 1.0
52.3 49.99145 14 1.0
52.4 50.07567 14 1.0
52.5 50.1599 14 1.0
52.6 50.24412 14 1.0
52.7 50.32834 14 1.0
52.8 50.41256 14 1.0
52.9 50.49678 14 1.0
53.0 50.581 14 1.0
53.1 50.66522 14 1.0
53.2 50.74944 14 1.0
53.3 50.83366 14 1.0
53.4 50.91788 14 1.0
53.5 51.0021 14 1.0
53.6 51.08633 14 1.0
53.7 51.17055 14 1.0
53.8 51.25477 14 1.0
53.9 51.33899 14 1.0
54.0 51.42321 14 1.0
54.1 51.50743 14 1.0
54.2 51.59165 14 1.0
54.3 51.67587 14 1.0
54.4 51.76009 14 1.0
54.5 51.84431 14 1.0
54.6 51.92853 14 1.0
54.7 52.01276 14 1.0
54.8 52.09698 14 1.0
54.9 52.1812 14 1.0
55.0 52.26542 14 1.0
55.1 52.34964 14 1.0
55.2 52.43386 14 1.0
55.3 52.51808 14 1.0
55.4 52.6023 14 1.0
55.5 52.68652 14 1.0
55.6 52.77074 14 1.0
55.7 52.85496 14 1.0
55.8 52.93918 14 1.0
55.9 53.02341 14 1.0
56.0 53.10763 14 1.0
56.1 53.19185 14 1.0
56.2 53.27607 14 1.0
56.3 53.36029 14 1.0
56.4 53.44451 14 1.0
56.5 53.52873 14 1.0
56.6 53.61295 14 1.0
56.7 53.69717 14 1.0
56.8 53.78139 14 1.0
56.9 53.86561 14 1.0
57.0 53.94984 14 1.0
57.1 54.03406 14 1.0
57.2 54.11828 14 1.0
57.3 54.2025 14 1.0
57.4 54.28672 14 1.0
57.5 54.37094 14 1.0
57.6 54.45516 14 1.0
57.7 54.53938 14 1.0
57.8 54.6236 14 1.0
57.9 54.70782 14 1.0
58.0 54.79204 14 1.0
58.1 54.87627 14 1.0
58.2 54.96049 14 1.0
58.3 55.04471 14 1.0
58.4 55.12893 14 1.0
58.5 55.21315 14 1.0
58.6 55.29737 14 1.0
58.7 55.38159 14 1.0
58.8 55.46581 14 1.0
58.9 55.55003 14 1.0
59.0 55.63425 14 1.0
59.1 55.71847 14 1.0
59.2 55.80269 14 1.0
59.3 55.88692 14 1.0
59.4 55.97114 14 1.0
59.5 56.05536 14 1.0
59.6 56.13958 14 1.0
59.7 56.2238 14 1.0
59.8 56.30802 14 1.0
59.9 56.39224 14 1.0
60.0 56.47646 14 1.0
60.1 56.56346 14 1.0
60.2 56.65045 14 1.0
60.3 56.73745 14 1.0
60.4 56.82444 14 1.0
60.5 56.91144 14 1.0
60.6 56.99843 14 1.0
60.7 57.08543 14 1.0
60.8 57.17242 14 1.0
60.9 57.25942 14 1.0
61.0 57.34642 14 1.0
61.1 57.43341 14 1.0
61.2 57.52041 14 1.0
61.3 57.6074 14 1.0
61.4 57.6944 14 1.0
61.5 57.78139 14 1.0
61.6 57.86839 14 1.0
61.7 57.95538 14 1.0
61.8 58.04238 14 1.0
61.9 58.12937 14 1.0
62.0 58.21637 14 1.0
62.1 58.30336 14 1.0
62.2 58.39036 14 1.0
62.3 58.47735 14 1.0
62.4 58.56435 14 1.0
62.5 58.36173 14 1.0
62.6 58.04868 14 1.0
62.7 57.73472 14 1.0
62.8 57.41985 14 1.0
62.9 57.10408 14 1.0
63.0 56.78739 14 1.0
63.1 56.46979 14 1.0
63.2 56.15128 14 1.0
63.3 55.83187 14 1.0
63.4 55.51154 14 1.0
63.5 55.19031 14 1.0
63.6 54.86816 14 1.0
63.7 54.54511 14 1.0
63.8 54.22114 14 1.0
63.9 53.89627 14 1.0
64.0 53.57048 14 1.0
64.1 53.24379 14 1.0
64.2 52.91618 14 1.0
64.3 52.58767 14 1.0
64.4 52.25824 14 1.0
64.5 51.92791 14 1.0
64.6 51.59667 14 1.0
64.7 51.26452 14 1.0
64.8 50.93145 14 1.0
64.9 50.59748 14 1.0
65.0 50.2626 14 1.0
65.1 49.92681 14 1.0
65.2 49.59011 14 1.0
65.3 49.25249 14 1.0
65.4 48.91397 14 1.0
65.5 48.57454 14 1.0
65.6 48.2342 14 1.0
65.7 47.89295 14 1.0
65.8 47.55079 14 1.0
65.9 47.20772 14 1.0
66.0 46.86374 14 1.0
66.1 46.51885 14 1.0
66.2 46.17306 14 1.0
66.3 45.82635 14 1.0
66.4 45.47873 14 1.0
66.5 45.1302 14 1.0
66.6 44.78076 14 1.0
66.7 44.43042 14 1.0
66.8 44.07916 14 1.0
66.9 43.72699 14 1.0
67.0 43.37391 14 1.0
67.1 43.01993 14 1.0
67.2 42.66503 14 1.0
67.3 42.30923 14 1.0
67.4 41.95251 14 1.0
67.5 41.59489 14 1.0
67.6 41.23635 14 1.0
67.7 40.87691 14 1.0
67.8 40.51655 14 1.0
67.9 40.15529 14 1.0
68.0 39.79311 14 1.0
68.1 39.43003 14 1.0
68.2 39.06603 14 1.0
68.3 38.70113 14 1.0
68.4 38.33532 14 1.0
68.5 37.9686 14 1.0
68.6 37.60096 14 1.0
68.7 37.23242 14 1.0
68.8 36.86297 14 1.0
68.9 36.49261 14 1.0
69.0 36.12134 14 1.0
69.1 35.74915 14 1.0
69.2 35.37606 14 1.0
69.3 35.00206 14 1.0
69.4 34.62715 14 1.0
69.5 34.25133 14 1.0
69.6 33.8746 14 1.0
69.7 33.49696 14 1.0
69.8 33.11841 14 1.0
69.9 32.73895 14 1.0
70.0 32.35859 14 1.0
70.1 31.99476 14 1.0
70.2 31.63043 14 1.0
70.3 31.26558 14 1.0
70.4 30.90024 14 1.0
70.5 30.92992 14 1.0
70.6 30.97669 14 1.0
70.7 31.02346 14 1.0
70.8 31.07023 14 1.0
70.9 31.117 14 1.0
71.0 31.16377 14 1.0
71.1 31.21054 14 1.0
71.2 31.25731 14 1.0
71.3 31.30408 14 1.0
71.4 31.35085 14 1.0
71.5 31.39762 14 1.0
71.6 31.44439 14 1.0
71.7 31.49116 14 1.0
71.8 31.53793 14 1.0
71.9 31.5847 14 1.0
72.0 31.63147 14 1.0
72.1 31.67824 14 1.0
72.2 31.72501 14 1.0
72.3 31.77178 14 1.0
72.4 31.81855 14 1.0
72.5 31.86532 14 1.0
72.6 31.91209 14 1.0
72.7 31.95886 14 1.0
72.8 32.00563 14 1.0
72.9 32.0524 14 1.0
73.0 32.09917 14 1.0
73.1 32.14594 14 1.0
73.2 32.19271 14 1.0
73.3 32.23948 14 1.0
73.4 32.28625 14 1.0
73.5 32.33302 14 1.0
73.6 32.37979 14 1.0
73.7 32.42656 14 1.0
73.8 32.47333 14 1.0
73.9 32.5201 14 1.0
74.0 32.56687 14 1.0
74.1 32.61364 14 1.0
74.2 32.66041 14 1.0
74.3 32.70718 14 1.0
74.4 32.75395 14 1.0
74.5 32.80072 14 1.0
74.6 32.84749 14 1.0
74.7 32.89426 14 1.0
74.8 32.94103 14 1.0
74.9 32.9878 14 1.0
75.0 33.03457 14 1.0
75.1 33.08134 14 1.0
75.2 33.12811 14 1.0
75.3 33.17488 14 1.0
75.4 33.22165 14 1.0
75.5 33.26842 14 1.0
75.6 33.31519 14 1.0
75.7 33.36196 14 1.0
75.8 33.40873 14 1.0
75.9 33.4555 14 1.0
76.0 33.50227 14 1.0
76.1 33.54903 14 1.0
76.2 33.5958 14 1.0
76.3 33.64257 14 1.0
76.4 33.68934 14 1.0
76.5 33.73611 14 1.0
76.6 33.78288 14 1.0
76.7 33.82965 14 1.0
76.8 33.87642 14 1.0
76.9 33.92319 14 1.0
77.0 33.96996 14 1.0
77.1 34.01673 14 1.0
77.2 34.0635 14 1.0
77.3 34.11027 14 1.0
77.4 34.15704 14 1.0
77.5 34.20381 14 1.0
77.6 34.25058 14 1.0
77.7 34.29735 14 1.0
77.8 34.34412 14 1.0
77.9 34.39089 14 1.0
78.0 34.43766 14 1.0
78.1 34.48443 14 1.0
78.2 34.5312 14 1.0
78.3 34.57797 14 1.0
78.4 34.62474 14 1.0
78.5 34.67151 14 1.0
78.6 34.71828 14 1.0
78.7 34.76505 14 1.0
78.8 34.81182 14 1.0
78.9 34.85859 14 1.0
79.0 34.90536 14 1.0
79.1 34.95213 14 1.0
79.2 34.9989 14 1.0
79.3 35.04567 14 1.0
79.4 35.09244 14 1.0
79.5 35.13921 14 1.0
79.6 35.18598 14 1.0
79.7 35.23275 14 1.0
79.8 35.27952 14 1.0
79.9 35.32629 14 1.0
80.0 35.37306 14 1.0
80.1 35.31325 14 1.0
80.2 35.25344 14 1.0
80.3 35.19364 14 1.0
80.4 35.13383 14 1.0
80.5 35.07402 14 1.0
80.6 35.01421 14 1.0
80.7 34.9544 14 1.0
80.8 34.8946 14 1.0
80.9 34.83479 14 1.0
81.0 34.77498 14 1.0
81.1 34.71517 14 1.0
81.2 34.65536 14 1.0
81.3 34.59556 14 1.0
81.4 34.53575 14 1.0
81.5 34.47594 14 1.0
81.6 34.41613 14 1.0
81.7 34.35632 14 1.0
81.8 34.29652 14 1.0
81.9 34.23671 14 1.0
82.0 34.1769 14 1.0
82.1 34.11709 14 1.0
82.2 34.05728 14 1.0
82.3 33.99747 14 1.0
82.4 33.93767 14 1.0
82.5 33.87786 14 1.0
82.6 33.81805 14 1.0
82.7 33.75824 14 1.0
82.8 33.69843 14 1.0
82.9 33.63863 14 1.0
83.0 33.57882 14 1.0
83.1 33.51901 14 1.0
83.2 33.4592 14 1.0
83.3 33.39939 14 1.0
83.4 33.33959 14 1.0
83.5 33.27978 14 1.0
83.6 33.21997 14 1.0
83.7 33.16016 14 1.0
83.8 33.10035 14 1.0
83.9 33.04055 14 1.0
84.0 32.98074 14 1.0
84.1 32.92093 14 1.0
84.2 32.86112 14 1.0
84.3 32.80131 14 1.0
84.4 32.74151 14 1.0
84.5 32.6817 14 1.0
84.6 32.62189 14 1.0
84.7 32.56208 14 1.0
84.8 32.50227 14 1.0
84.9 32.44247 14 1.0
85.0 32.38266 14 1.0
85.1 32.32285 14 1.0
85.2 32.26304 14 1.0
85.3 32.20323 14 1.0
85.4 32.14343 14 1.0
85.5 32.08362 14 1.0
85.6 32.30066 14 1.0
85.7 33.17019 14 1.0
85.8 34.04589 14 1.0
85.9 34.92778 14 1.0
86.0 35.81584 14 1.0
86.1 36.71008 14 1.0
86.2 37.61049 14 1.0
86.3 38.51708 14 1.0
86.4 39.42985 14 1.0
86.5 40.3488 14 1.0
86.6 41.27393 14 1.0
86.7 42.20523 14 1.0
86.8 43.14271 14 1.0
86.9 44.08636 14 1.0
87.0 45.03619 14 1.0
87.1 45.9922 14 1.0
87.2 46.95439 14 1.0
87.3 47.92276 14 1.0
87.4 48.8973 14 1.0
87.5 49.87802 14 1.0
87.6 50.86491 14 1.0
87.7 51.85799 14 1.0
87.8 52.85724 14 1.0
87.9 53.86266 14 1.0
88.0 54.87427 14 1.0
88.1 55.89205 14 1.0
88.2 56.91601 14 1.0
88.3 57.94614 14 1.0
88.4 58.98246 14 1.0
88.5 60.02495 14 1.0
88.6 61.07362 14 1.0
88.7 62.12846 14 1.0
88.8 63.18948 14 1.0
88.9 64.25668 14 1.0
89.0 65.33006 14 1.0
89.1 66.40961 14 1.0
89.2 67.49534 14 1.0
89.3 68.58725 14 1.0
89.4 69.68534 14 1.0
89.5 70.7896 14 1.0
89.6 71.90004 14 1.0
89.7 73.01665 14 1.0
89.8 74.13945 14 1.0
89.9 75.26842 14 1.0
90.0 76.40357 14 1.0
90.1 76.21832 14 1.0
90.2 76.03269 14 1.0
90.3 75.84667 14 1.0
90.4 75.66026 14 1.0
90.5 75.47346 14 1.0
90.6 75.28628 14 1.0
90.7 75.0987 14 1.0
90.8 74.91074 14 1.0
90.9 74.72239 14 1.0
91.0 74.53365 14 1.0
91.1 74.34453 14 1.0
91.2 74.15502 14 1.0
91.3 73.96511 14 1.0
91.4 73.77482 14 1.0
91.5 73.58415 14 1.0
91.6 73.39308 14 1.0
91.7 73.20163 14 1.0
91.8 73.00978 14 1.0
91.9 72.81755 14 1.0
92.0 72.62494 14 1.0
92.1 72.43193 14 1.0
92.2 72.23853 14 1.0
92.3 72.04475 14 1.0
92.4 71.85058 14 1.0
92.5 71.65602 14 1.0
92.6 71.46108 14 1.0
92.7 71.26574 14 1.0
92.8 71.07002 14 1.0
92.9 70.87391 14 1.0
93.0 70.67741 14 1.0
93.1 70.48052 14 1.0
93.2 70.28324 14 1.0
93.3 70.08558 14 1.0
93.4 69.88753 14 1.0
93.5 69.68909 14 1.0
93.6 69.49026 14 1.0
93.7 69.29105 14 1.0
93.8 69.09144 14 1.0
93.9 68.89145 14 1.0
94.0 68.69107 14 1.0
94.1 68.4903 14 1.0
94.2 68.28914 14 1.0
94.3 68.0876 14 1.0
94.4 67.88567 14 1.0
94.5 67.68335 14 1.0
94.6 67.48064 14 1.0
94.7 67.27754 14 1.0
94.8 67.07406 14 1.0
94.9 66.87018 14 1.0
95.0 66.66592 14 1.0
95.1 66.46127 14 1.0
95.2 66.25624 14 1.0
95.3 66.05081 14 1.0
95.4 65.845 14 1.0
95.5 65.6388 14 1.0
95.6 65.43221 14 1.0
95.7 65.22523 14 1.0
95.8 65.01786 14 1.0
95.9 64.81011 14 1.0
96.0 64.60197 14 1.0
96.1 64.39344 14 1.0
96.2 64.18452 14 1.0
96.3 63.97521 14 1.0
96.4 63.76552 14 1.0
96.5 63.55544 14 1.0
96.6 63.34497 14 1.0
96.7 63.13411 14 1.0
96.8 62.92286 14 1.0
96.9 62.71123 14 1.0
97.0 62.4992 14 1.0
97.1 62.28679 14 1.0
97.2 62.07399 14 1.0
97.3 61.86081 14 1.0
97.4 61.64723 14 1.0
97.5 61.43327 14 1.0
97.6 61.21892 14 1.0
97.7 61.00418 14 1.0
97.8 60.78905 14 1.0
97.9 60.57353 14 1.0
98.0 60.35763 14 1.0
98.1 60.14134 14 1.0
98.2 59.92466 14 1.0
98.3 59.70759 14 1.0
98.4 59.49014 14 1.0
98.5 59.27229 14 1.0
98.6 59.05406 14 1.0
98.7 58.83544 14 1.0
98.8 58.61643 14 1.0
98.9 58.39703 14 1.0
99.0 58.17725 14 1.0
99.1 57.95708 14 1.0
99.2 57.73652 14 1.0
99.3 57.51557 14 1.0
99.4 57.29423 14 1.0
99.5 57.0725 14 1.0
99.6 56.85039 14 1.0
99.7 56.62789 14 1.0
99.8 56.405 14 1.0
99.9 56.18172 14 1.0
100.0 55.95806 14 1.0
100.1 55.59093 14 1.0
100.2 55.2233 14 1.0
100.3 54.85515 14 1.0
100.4 54.48648 14 1.0
100.5 54.11731 14 1.0
100.6 53.74762 14 1.0
100.7 53.37742 14 1.0
100.8 53.00671 14 1.0
100.9 52.63549 14 1.0
101.0 52.26375 14 1.0
101.1 51.8915 14 1.0
101.2 51.51874 14 1.0
101.3 51.14547 14 1.0
101.4 50.77168 14 1.0
101.5 50.39739 14 1.0
101.6 50.02258 14 1.0
101.7 49.64725 14 1.0
101.8 49.27142 14 1.0
101.9 48.89507 14 1.0
102.0 48.51821 14 1.0
102.1 48.14084 14 1.0
102.2 47.76296 14 1.0
102.3 47.38456 14 1.0
102.4 47.00566 14 1.0
102.5 46.62624 14 1.0
102.6 46.2463 14 1.0
102.7 45.86586 14 1.0
102.8 45.4849 14 1.0
102.9 45.10343 14 1.0
103.0 44.72145 14 1.0
103.1 44.33895 14 1.0
103.2 43.95595 14 1.0
103.3 43.57243 14 1.0
103.4 43.1884 14 1.0
103.5 42.80385 14 1.0
103.6 42.4188 14 1.0
103.7 42.03323 14 1.0
103.8 41.64715 14 1.0
103.9 41.26056 14 1.0
104.0 40.87345 14 1.0
104.1 40.48584 14 1.0
104.2 40.09771 14 1.0
104.3 39.70907 14 1.0
104.4 39.31991 14 1.0
104.5 38.93025 14 1.0
104.6 38.54007 14 1.0
104.7 38.14938 14 1.0
104.8 37.75817 14 1.0
104.9 37.36646 14 1.0
105.0 36.97423 14 1.0
105.1 36.58149 14 1.0
105.2 36.18824 14 1.0
105.3 35.79447 14 1.0
105.4 35.4002 14 1.0
105.5 35.00541 14 1.0
105.6 34.6101 14 1.0
105.7 34.21429 14 1.0
105.8 33.81796 14 1.0
105.9 33.46583 14 1.0
106.0 33.49728 14 1.0
106.1 33.52873 14 1.0
106.2 33.56018 14 1.0
106.3 33.59163 14 1.0
106.4 33.62308 14 1.0
106.5 33.65452 14 1.0
106.6 33.68597 14 1.0
106.7 33.71742 14 1.0
106.8 33.74887 14 1.0
106.9 33.78032 14 1.0
107.0 33.81177 14 1.0
107.1 33.84322 14 1.0
107.2 33.87466 14 1.0
107.3 33.90611 14 1.0
107.4 33.93756 14 1.0
107.5 33.96901 14 1.0
107.6 34.00046 14 1.0
107.7 34.03191 14 1.0
107.8 34.06335 14 1.0
107.9 34.0948 14 1.0
108.0 34.12625 14 1.0
108.1 34.1577 14 1.0
108.2 34.18915 14 1.0
108.3 34.2206 14 1.0
108.4 34.25204 14 1.0
108.5 34.28349 14 1.0
108.6 34.31494 14 1.0
108.7 34.34639 14 1.0
108.8 34.37784 14 1.0
108.9 34.40929 14 1.0
109.0 34.44073 14 1.0
109.1 34.47218 14 1.0
109.2 34.50363 14 1.0
109.3 34.53508 14 1.0
109.4 34.56653 14 1.0
109.5 34.59798 14 1.0
109.6 34.62942 14 1.0
109.7 34.66087 14 1.0
109.8 34.69232 14 1.0
109.9 34.72377 14 1.0
110.0 34.75522 14 1.0
110.1 34.80176 14 1.0
110.2 34.84831 14 1.0
110.3 34.89486 14 1.0
110.4 34.9414 14 1.0
110.5 34.98795 14 1.0
110.6 35.0345 14 1.0
110.7 35.08104 14 1.0
110.8 35.12759 14 1.0
110.9 35.17414 14 1.0
111.0 35.22068 14 1.0
111.1 35.26723 14 1.0
111.2 35.31378 14 1.0
111.3 35.36032 14 1.0
111.4 35.40687 14 1.0
111.5 35.45342 14 1.0
111.6 35.49996 14 1.0
111.7 35.54651 14 1.0
111.8 35.59306 14 1.0
111.9 35.6396 14 1.0
112.0 35.68615 14 1.0
112.1 35.7327 14 1.0
112.2 35.77924 14 1.0
112.3 35.82579 14 1.0
112.4 35.87234 14 1.0
112.5 35.91888 14 1.0
112.6 35.96543 14 1.0
112.7 36.01198 14 1.0
112.8 36.05852 14 1.0
112.9 36.10507 14 1.0
113.0 36.15162 14 1.0
113.1 36.19816 14 1.0
113.2 36.24471 14 1.0
113.3 36.29126 14 1.0
113.4 36.3378 14 1.0
113.5 36.38435 14 1.0
113.6 36.4309 14 1.0
113.7 36.47744 14 1.0
113.8 36.52399 14 1.0
113.9 36.57054 14 1.0
114.0 36.61708 14 1.0
114.1 36.66363 14 1.0
114.2 36.71018 14 1.0
114.3 36.75672 14 1.0
114.4 36.80327 14 1.0
114.5 36.84982 14 1.0
114.6 36.89636 14 1.0
114.7 36.94291 14 1.0
114.8 36.98946 14 1.0
114.9 37.036 14 1.0
115.0 37.08255 14 1.0
115.1 37.1291 14 1.0
115.2 37.17564 14 1.0
115.3 37.22219 14 1.0
115.4 37.26874 14 1.0
115.5 37.31528 14 1.0
115.6 37.36183 14 1.0
115.7 37.40838 14 1.0
115.8 37.45492 14 1.0
115.9 37.50147 14 1.0
116.0 37.54802 14 1.0
116.1 37.59456 14 1.0
116.2 37.64111 14 1.0
116.3 37.68766 14 1.0
116.4 37.7342 14 1.0
116.5 37.78075 14 1.0
116.6 37.8273 14 1.0
116.7 37.87384 14 1.0
116.8 37.92039 14 1.0
116.9 37.96694 14 1.0
117.0 38.01348 14 1.0
117.1 38.06003 14 1.0
117.2 38.10658 14 1.0
117.3 38.15312 14 1.0
117.4 38.19967 14 1.0
117.5 38.24622 14 1.0
117.6 38.29276 14 1.0
117.7 38.33931 14 1.0
117.8 38.38586 14 1.0
117.9 38.4324 14 1.0
118.0 38.47895 14 1.0
118.1 38.5255 14 1.0
118.2 38.57204 14 1.0
118.3 38.61859 14 1.0
118.4 38.66514 14 1.0
118.5 38.71168 14 1.0
118.6 38.75823 14 1.0
118.7 38.80478 14 1.0
118.8 38.85132 14 1.0
118.9 38.89787 14 1.0
119.0 38.94442 14 1.0
119.1 38.99096 14 1.0
119.2 39.03751 14 1.0
119.3 39.08406 14 1.0
119.4 39.13061 14 1.0
119.5 39.17715 14 1.0
119.6 39.2237 14 1.0
119.7 39.27025 14 1.0
119.8 39.31679 14 1.0
119.9 39.36334 14 1.0
120.0 39.40989 14 1.0
120.1 39.4241 14 1.0
120.2 39.43832 14 1.0
120.3 39.45254 14 1.0
120.4 39.46676 14 1.0
120.5 39.48097 14 1.0
120.6 39.49519 14 1.0
120.7 39.50941 14 1.0
120.8 39.52363 14 1.0
120.9 39.53785 14 1.0
121.0 39.55206 14 1.0
121.1 39.56628 14 1.0
121.2 39.5805 14 1.0
121.3 39.59472 14 1.0
121.4 39.60894 14 1.0
121.5 39.62315 14 1.0
121.6 39.63737 14 1.0
121.7 39.65159 14 1.0
121.8 39.66581 14 1.0
121.9 39.68002 14 1.0
122.0 39.69424 14 1.0
122.1 39.70846 14 1.0
122.2 39.72268 14 1.0
122.3 39.7369 14 1.0
122.4 39.75111 14 1.0
122.5 39.76533 14 1.0
122.6 39.77955 14 1.0
122.7 39.79377 14 1.0
122.8 39.80799 14 1.0
122.9 39.8222 14 1.0
123.0 39.83642 14 1.0
123.1 39.85064 14 1.0
123.2 39.86486 14 1.0
123.3 39.87907 14 1.0
123.4 39.89329 14 1.0
123.5 39.90751 14 1.0
123.6 39.92173 14 1.0
123.7 39.93595 14 1.0
123.8 39.95016 14 1.0
123.9 39.96438 14 1.0
124.0 39.9786 14 1.0
124.1 39.99282 14 1.0
124.2 40.00704 14 1.0
124.3 40.02125 14 1.0
124.4 40.03547 14 1.0
124.5 40.04969 14 1.0
124.6 40.06391 14 1.0
124.7 40.07812 14 1.0
124.8 40.09234 14 1.0
124.9 40.10656 14 1.0
125.0 40.12078 14 1.0
125.1 40.135 14 1.0
125.2 40.14921 14 1.0
125.3 40.16343 14 1.0
125.4 40.17765 14 1.0
125.5 40.19187 14 1.0
125.6 40.20609 14 1.0
125.7 40.2203 14 1.0
125.8 40.23452 14 1.0
125.9 40.24874 14 1.0
126.0 40.26296 14 1.0
126.1 40.27717 14 1.0
126.2 40.29139 14 1.0
126.3 40.30561 14 1.0
126.4 40.31983 14 1.0
126.5 40.33405 14 1.0
126.6 40.34826 14 1.0
126.7 40.36248 14 1.0
126.8 40.3767 14 1.0
126.9 40.39092 14 1.0
127.0 40.40514 14 1.0
127.1 40.41935 14 1.0
127.2 40.43357 14 1.0
127.3 40.44779 14 1.0
127.4 40.46201 14 1.0
127.5 40.47623 14 1.0
127.6 40.49044 14 1.0
127.7 40.50466 14 1.0
127.8 40.51888 14 1.0
127.9 40.5331 14 1.0
128.0 40.54731 14 1.0
128.1 40.56153 14 1.0
128.2 40.57575 14 1.0
128.3 40.58997 14 1.0
128.4 40.60419 14 1.0
128.5 40.6184 14 1.0
128.6 40.63262 14 1.0
128.7 40.64805 14 1.0
128.8 40.66385 14 1.0
128.9 40.67966 14 1.0
129.0 40.69546 14 1.0
129.1 40.71126 14 1.0
129.2 40.72706 14 1.0
129.3 40.74286 14 1.0
129.4 40.75867 14 1.0
129.5 40.77447 14 1.0
129.6 40.79027 14 1.0
129.7 40.80607 14 1.0
129.8 40.82187 14 1.0
129.9 40.83767 14 1.0
130.0 40.85238 14 1.0
130.1 40.89328 14 1.0
130.2 40.93411 14 1.0
130.3 40.97511 14 1.0
130.4 41.01604 14 1.0
130.5 41.05697 14 1.0
130.6 41.09787 14 1.0
130.7 41.13871 14 1.0
130.8 41.17951 14 1.0
130.9 41.22028 14 1.0
131.0 41.26111 14 1.0
131.1 41.30194 14 1.0
131.2 41.34276 14 1.0
131.3 41.38357 14 1.0
131.4 41.42438 14 1.0
131.5 41.46517 14 1.0
131.6 41.50596 14 1.0
131.7 41.54674 14 1.0
131.8 41.58751 14 1.0
131.9 41.62827 14 1.0
132.0 41.66903 14 1.0
132.1 41.70978 14 1.0
132.2 41.75052 14 1.0
132.3 41.79132 14 1.0
132.4 41.83217 14 1.0
132.5 41.87302 14 1.0
132.6 41.91387 14 1.0
132.7 41.95472 14 1.0
132.8 41.99558 14 1.0
132.9 42.03644 14 1.0
133.0 42.0773 14 1.0
133.1 42.11816 14 1.0
133.2 42.15935 14 1.0
133.3 42.20084 14 1.0
133.4 42.24233 14 1.0
133.5 42.28382 14 1.0
133.6 42.32531 14 1.0
133.7 42.3668 14 1.0
133.8 42.40829 14 1.0
133.9 42.44977 14 1.0
134.0 42.49126 14 1.0
134.1 42.53275 14 1.0
134.2 42.57424 14 1.0
134.3 42.61573 14 1.0
134.4 42.65722 14 1.0
134.5 42.69871 14 1.0
134.6 42.7402 14 1.0
134.7 42.78169 14 1.0
134.8 42.82318 14 1.0
134.9 42.86467 14 1.0
135.0 42.90616 14 1.0
135.1 42.94765 14 1.0
135.2 42.98914 14 1.0
135.3 43.03063 14 1.0
135.4 43.07212 14 1.0
135.5 43.11361 14 1.0
135.6 43.1551 14 1.0
135.7 43.19659 14 1.0
135.8 43.23808 14 1.0
135.9 43.27957 14 1.0
136.0 43.32106 14 1.0
136.1 43.36255 14 1.0
136.2 43.40404 14 1.0
136.3 43.44553 14 1.0
136.4 43.48702 14 1.0
136.5 43.52851 14 1.0
136.6 43.57 14 1.0
136.7 43.61149 14 1.0
136.8 43.65298 14 1.0
136.9 43.69447 14 1.0
137.0 43.73596 14 1.0
137.1 43.77745 14 1.0
137.2 43.81894 14 1.0
137.3 43.86043 14 1.0
137.4 43.90192 14 1.0
137.5 43.94341 14 1.0
137.6 43.9849 14 1.0
137.7 44.02639 14 1.0
137.8 44.06788 14 1.0
137.9 44.10937 14 1.0
138.0 44.15086 14 1.0
138.1 44.19235 14 1.0
138.2 44.23384 14 1.0
138.3 44.27533 14 1.0
138.4 44.31682 14 1.0
138.5 44.35831 14 1.0
138.6 44.3998 14 1.0
138.7 44.44129 14 1.0
138.8 44.48278 14 1.0
138.9 44.52427 14 1.0
139.0 44.56576 14 1.0
139.1 44.60725 14 1.0
139.2 44.64874 14 1.0
139.3 44.69023 14 1.0
139.4 44.73172 14 1.0
139.5 44.7732 14 1.0
139.6 44.81469 14 1.0
139.7 44.85618 14 1.0
139.8 44.89767 14 1.0
139.9 44.93916 14 1.0
140.0 44.98065 14 1.0
140.1 45.02089 14 1.0
140.2 45.06113 14 1.0
140.3 45.10137 14 1.0
140.4 45.1416 14 1.0
140.5 45.18184 14 1.0
140.6 45.22208 14 1.0
140.7 45.26232 14 1.0
140.8 45.30255 14 1.0
140.9 45.34279 14 1.0
141.0 45.38303 14 1.0
141.1 45.42327 14 1.0
141.2 45.4635 14 1.0
141.3 45.50374 14 1.0
141.4 45.54398 14 1.0
141.5 45.58422 14 1.0
141.6 45.62445 14 1.0
141.7 45.66469 14 1.0
141.8 45.70493 14 1.0
141.9 45.74517 14 1.0
142.0 45.7854 14 1.0
142.1 45.82564 14 1.0
142.2 45.86588 14 1.0
142.3 45.90612 14 1.0
142.4 45.94635 14 1.0
142.5 45.98659 14 1.0
142.6 46.02683 14 1.0
142.7 46.06707 14 1.0
142.8 46.1073 14 1.0
142.9 46.14754 14 1.0
143.0 46.18778 14 1.0
143.1 46.22802 14 1.0
143.2 46.26826 14 1.0
143.3 46.30849 14 1.0
143.4 46.34873 14 1.0
143.5 46.38897 14 1.0
143.6 46.42921 14 1.0
143.7 46.46944 14 1.0
143.8 46.50968 14 1.0
143.9 46.54992 14 1.0
144.0 46.59016 14 1.0
144.1 46.63039 14 1.0
144.2 46.67063 14 1.0
144.3 46.71087 14 1.0
144.4 46.75111 14 1.0
144.5 46.79134 14 1.0
144.6 46.83158 14 1.0
144.7 46.87182 14 1.0
144.8 46.91206 14 1.0
144.9 46.95229 14 1.0
145.0 46.99253 14 1.0
145.1 47.03277 14 1.0
145.2 47.07301 14 1.0
145.3 47.11324 14 1.0
145.4 47.15348 14 1.0
145.5 47.19372 14 1.0
145.6 47.23396 14 1.0
145.7 47.27419 14 1.0
145.8 47.31443 14 1.0
145.9 47.35467 14 1.0
146.0 47.39491 14 1.0
146.1 47.43514 14 1.0
146.2 47.47538 14 1.0
146.3 47.51562 14 1.0
146.4 47.55586 14 1.0
146.5 47.59609 14 1.0
146.6 47.63633 14 1.0
146.7 47.67657 14 1.0
146.8 47.71681 14 1.0
146.9 47.75704 14 1.0
147.0 47.79728 14 1.0
147.1 47.83752 14 1.0
147.2 47.87776 14 1.0
147.3 47.91799 14 1.0
147.4 47.95823 14 1.0
147.5 47.99847 14 1.0
147.6 48.03871 14 1.0
147.7 48.07894 14 1.0
147.8 48.11918 14 1.0
147.9 48.15942 14 1.0
148.0 48.19966 14 1.0
148.1 48.23989 14 1.0
148.2 48.28013 14 1.0
148.3 48.32037 14 1.0
148.4 48.36061 14 1.0
148.5 48.40084 14 1.0
148.6 48.44108 14 1.0
148.7 48.48132 14 1.0
148.8 48.52156 14 1.0
148.9 48.56179 14 1.0
149.0 48.60203 14 1.0
149.1 48.64227 14 1.0
149.2 48.68251 14 1.0
149.3 48.72274 14 1.0
149.4 48.76298 14 1.0
149.5 48.80322 14 1.0
149.6 48.84346 14 1.0
149.7 48.88369 14 1.0
149.8 48.92393 14 1.0
149.9 48.96417 14 1.0
150.0 49.00441 14 1.0
150.1 49.04283 14 1.0
150.2 49.08126 14 1.0
150.3 49.11969 14 1.0
150.4 49.15811 14 1.0
150.5 49.19654 14 1.0
150.6 49.23496 14 1.0
150.7 49.27339 14 1.0
150.8 49.31182 14 1.0
150.9 49.35024 14 1.0
151.0 49.38867 14 1.0
151.1 49.4271 14 1.0
151.2 49.46552 14 1.0
151.3 49.50395 14 1.0
151.4 49.54237 14 1.0
151.5 49.5808 14 1.0
151.6 49.61923 14 1.0
151.7 49.65765 14 1.0
151.8 49.69608 14 1.0
151.9 49.7345 14 1.0
152.0 49.77293 14 1.0
152.1 49.81136 14 1.0
152.2 49.84978 14 1.0
152.3 49.88821 14 1.0
152.4 49.92664 14 1.0
152.5 49.96506 14 1.0
152.6 50.00349 14 1.0
152.7 50.04191 14 1.0
152.8 50.08034 14 1.0
152.9 50.11877 14 1.0
153.0 50.15719 14 1.0
153.1 50.19562 14 1.0
153.2 50.23404 14 1.0
153.3 50.27255 14 1.0
153.4 50.31395 14 1.0
153.5 50.35534 14 1.0
153.6 50.39673 14 1.0
153.7 50.43813 14 1.0
153.8 50.47953 14 1.0
153.9 50.52093 14 1.0
154.0 50.56232 14 1.0
154.1 50.60372 14 1.0
154.2 50.64512 14 1.0
154.3 50.68651 14 1.0
154.4 50.72791 14 1.0
154.5 50.76931 14 1.0
154.6 50.81071 14 1.0
154.7 50.8521 14 1.0
154.8 50.8935 14 1.0
154.9 50.9349 14 1.0
155.0 50.9763 14 1.0
155.1 51.01769 14 1.0
155.2 51.05909 14 1.0
155.3 51.10049 14 1.0
155.4 51.14189 14 1.0
155.5 51.18329 14 1.0
155.6 51.22469 14 1.0
155.7 51.26608 14 1.0
155.8 51.30747 14 1.0
155.9 51.34887 14 1.0
156.0 51.39027 14 1.0
156.1 51.43167 14 1.0
156.2 51.47306 14 1.0
156.3 51.51446 14 1.0
156.4 51.55586 14 1.0
156.5 51.59725 14 1.0
156.6 51.63865 14 1.0
156.7 51.68005 14 1.0
156.8 51.72145 14 1.0
156.9 51.76284 14 1.0
157.0 51.80424 14 1.0
157.1 51.84564 14 1.0
157.2 51.88704 14 1.0
157.3 51.92843 14 1.0
157.4 51.96983 14 1.0
157.5 52.01123 14 1.0
157.6 52.05262 14 1.0
157.7 52.09402 14 1.0
157.8 52.13543 14 1.0
157.9 52.17682 14 1.0
158.0 52.21821 14 1.0
158.1 52.25961 14 1.0
158.2 52.30101 14 1.0
158.3 52.34241 14 1.0
158.4 52.3838 14 1.0
158.5 52.4252 14 1.0
158.6 52.4666 14 1.0
158.7 52.50799 14 1.0
158.8 52.54939 14 1.0
158.9 52.59079 14 1.0
159.0 52.63219 14 1.0
159.1 52.67358 14 1.0
159.2 52.71498 14 1.0
159.3 52.75638 14 1.0
159.4 52.79777 14 1.0
159.5 52.83917 14 1.0
159.6 52.88057 14 1.0
159.7 52.92197 14 1.0
159.8 52.96336 14 1.0
159.9 53.00476 14 1.0
160.0 53.04616 14 1.0
160.1 53.08756 14 1.0
160.2 53.12895 14 1.0
160.3 53.17034 14 1.0
160.4 53.21174 14 1.0
160.5 53.25314 14 1.0
160.6 53.29454 14 1.0
160.7 53.33593 14 1.0
160.8 53.37733 14 1.0
160.9 53.41873 14 1.0
161.0 53.46012 14 1.0
161.1 53.50152 14 1.0
161.2 53.54292 14 1.0
161.3 53.58432 14 1.0
161.4 53.62571 14 1.0
161.5 53.66711 14 1.0
161.6 53.70851 14 1.0
161.7 53.74991 14 1.0
161.8 53.71597 14 1.0
161.9 53.10683 14 1.0
162.0 52.4967 14 1.0
162.1 51.88558 14 1.0
162.2 51.27347 14 1.0
162.3 50.66037 14 1.0
162.4 50.04627 14 1.0
162.5 49.43118 14 1.0
162.6 48.81511 14 1.0
162.7 48.19804 14 1.0
162.8 47.57998 14 1.0
162.9 46.96093 14 1.0
163.0 46.34089 14 1.0
163.1 45.71985 14 1.0
163.2 45.09783 14 1.0
163.3 44.47481 14 1.0
163.4 43.85081 14 1.0
163.5 43.22581 14 1.0
163.6 42.59982 14 1.0
163.7 41.97284 14 1.0
163.8 41.34486 14 1.0
163.9 40.7159 14 1.0
164.0 40.08595 14 1.0
164.1 39.455 14 1.0
164.2 38.82306 14 1.0
164.3 38.19014 14 1.0
164.4 37.55622 14 1.0
164.5 36.92131 14 1.0
164.6 36.28541 14 1.0
164.7 35.64851 14 1.0
164.8 35.01063 14 1.0
164.9 34.37175 14 1.0
165.0 33.73189 14 1.0
165.1 33.09103 14 1.0
165.2 32.44918 14 1.0
165.3 31.80634 14 1.0
165.4 31.16251 14 1.0
165.5 30.51768 14 1.0
165.6 29.87187 14 1.0
165.7 29.2252 14 1.0
165.8 28.5774 14 1.0
165.9 27.92862 14 1.0
166.0 27.27884 14 1.0
166.1 26.62807 14 1.0
166.2 25.97631 14 1.0
166.3 25.32356 14 1.0
166.4 24.66981 14 1.0
166.5 24.01508 14 1.0
166.6 23.35935 14 1.0
166.7 22.70263 14 1.0
166.8 22.04492 14 1.0
166.9 21.38622 14 1.0
167.0 20.72653 14 1.0
167.1 20.06585 14 1.0
167.2 19.40418 14 1.0
167.3 18.74151 14 1.0
167.4 18.07786 14 1.0
167.5 17.41321 14 1.0
167.6 16.74757 14 1.0
167.7 16.08094 14 1.0
167.8 15.41332 14 1.0
167.9 14.74471 14 1.0
168.0 14.07511 14 1.0
168.1 13.40451 14 1.0
168.2 12.73293 14 1.0
168.3 12.06035 14 1.0
168.4 11.38678 14 1.0
168.5 10.71222 14 1.0
168.6 10.03667 14 1.0
168.7 9.360129 14 1.0
168.8 8.682595 14 1.0
168.9 8.004071 14 1.0
169.0 7.324556 14 1.0
169.1 6.644049 14 1.0
169.2 5.962551 14 1.0
169.3 5.280062 14 1.0
169.4 4.596581 14 1.0
169.5 0.0 15 0.0
169.6 0.0 15 0.0
169.7 0.0 15 0.0
169.8 0.0 15 0.0
169.9 0.0 15 0.0
170.0 0.0 15 0.0
170.1 0.0 15 0.0
170.2 0.0 15 0.0
170.3 0.0 15 0.0
170.4 0.0 15 0.0
170.5 0.0 15 0.0
170.6 0.0 15 0.0
170.7 0.0 15 0.0
170.8 0.0 15 0.0
170.9 0.0 15 0.0
171.0 0.0 15 0.0
171.1 0.0 15 0.0
171.2 0.0 15 0.0
171.3 0.0 15 0.0
171.4 0.0 15 0.0
171.5 0.0 15 0.0
171.6 0.0 15 0.0
171.7 0.0 15 0.0
171.8 0.0 15 0.0
171.9 0.0 15 0.0
172.0 0.0 15 0.0
172.1 0.0 15 0.0
172.2 0.0 15 0.0
172.3 0.0 15 0.0
172.4 0.0 15 0.0
172.5 0.0 15 0.0
172.6 0.0 15 0.0
172.7 0.0 15 0.0
172.8 0.0 15 0.0
172.9 0.0 15 0.0
173.0 0.0 15 0.0
173.1 0.0 15 0.0
173.2 0.0 15 0.0
173.3 0.0 15 0.0
173.4 0.0 15 0.0
173.5 0.0 15 0.0
173.6 0.0 15 0.0
173.7 0.0 15 0.0
173.8 0.0 15 0.0
173.9 0.0 15 0.0
174.0 0.0 15 0.0
174.1 0.0 15 0.0
174.2 0.0 15 0.0
174.3 0.0 15 0.0
174.4 0.0 15 0.0
174.5 0.0 15 0.0
174.6 0.0 15 0.0
174.7 0.0 15 0.0
174.8 0.0 15 0.0
174.9 0.0 15 0.0
175.0 0.0 15 0.0
175.1 0.0 15 0.0
175.2 0.0 15 0.0
175.3 0.0 15 0.0
175.4 0.0 15 0.0
175.5 0.0 15 0.0
175.6 0.0 15 0.0
175.7 0.0 15 0.0
175.8 0.0 15 0.0
175.9 0.0 15 0.0
176.0 0.0 15 0.0
176.1 0.0 15 0.0
176.2 0.0 15 0.0
176.3 0.0 15 0.0
176.4 0.0 15 0.0
176.5 0.0 15 0.0
176.6 0.0 15 0.0
176.7 0.0 15 0.0
176.8 0.0 15 0.0
176.9 0.0 15 0.0
177.0 0.0 15 0.0
177.1 0.0 15 0.0
177.2 0.0 15 0.0
177.3 0.0 15 0.0
177.4 0.0 15 0.0
177.5 0.0 15 0.0
177.6 0.0 15 0.0
177.7 0.0 15 0.0
177.8 0.0 15 0.0
177.9 0.0 15 0.0
178.0 0.0 15 0.0
178.1 0.0 15 0.0
178.2 0.0 15 0.0
178.3 0.0 15 0.0
178.4 0.0 15 0.0
178.5 0.0 15 0.0
178.6 0.0 15 0.0
178.7 0.0 15 0.0
178.8 0.0 15 0.0
178.9 0.0 15 0.0
179.0 0.0 15 0.0
179.1 0.0 15 0.0
179.2 0.0 15 0.0
179.3 0.0 15 0.0
179.4 0.0 15 0.0
179.5 0.0 15 0.0
179.6 0.0 15 0.0
179.7 0.0 15 0.0
179.8 0.0 15 0.0
179.9 0.0 15 0.0
180.0 0.0 15 0.0
180.1 0.0 15 0.0
180.2 0.0 15 0.0
180.3 0.0 15 0.0
180.4 0.0 15 0.0
180.5 0.0 15 0.0
180.6 0.0 15 0.0
180.7 0.0 15 0.0
180.8 0.0 15 0.0
180.9 0.0 15 0.0
181.0 0.0 15 0.0
181.1 0.0 15 0.0
181.2 0.0 15 0.0
181.3 0.0 15 0.0
181.4 0.0 15 0.0
181.5 0.0 15 0.0
181.6 0.0 15 0.0
181.7 0.0 15 0.0
181.8 0.0 15 0.0
181.9 0.0 15 0.0
182.0 0.0 15 0.0
182.1 0.0 15 0.0
182.2 0.0 15 0.0
182.3 0.0 15 0.0
182.4 0.0 15 0.0
182.5 0.0 15 0.0
182.6 0.0 15 0.0
182.7 0.0 15 0.0
182.8 0.0 15 0.0
182.9 0.0 15 0.0
183.0 0.0 15 0.0
183.1 0.0 15 0.0
183.2 0.0 15 0.0
183.3 0.0 15 0.0
183.4 0.0 15 0.0
183.5 0.0 15 0.0
183.6 0.0 15 0.0
183.7 0.0 15 0.0
183.8 0.0 15 0.0
183.9 0.0 15 0.0
184.0 0.0 15 0.0
184.1 0.0 15 0.0
184.2 0.0 15 0.0
184.3 0.0 15 0.0
184.4 0.0 15 0.0
184.5 0.0 15 0.0
184.6 0.0 15 0.0
184.7 0.0 15 0.0
184.8 0.0 15 0.0
184.9 0.0 15 0.0
185.0 0.0 15 0.0
185.1 0.0 15 0.0
185.2 0.0 15 0.0
185.3 0.0 15 0.0
185.4 0.0 15 0.0
185.5 0.0 15 0.0
185.6 0.0 15 0.0
185.7 0.0 15 0.0
185.8 0.0 15 0.0
185.9 0.0 15 0.0
186.0 0.0 15 0.0
186.1 0.0 15 0.0
186.2 0.0 15 0.0
186.3 0.0 15 0.0
186.4 0.0 15 0.0
186.5 0.0 15 0.0
186.6 0.0 15 0.0
186.7 0.0 15 0.0
186.8 0.0 15 0.0
186.9 0.0 15 0.0
187.0 0.0 15 0.0
187.1 0.0 15 0.0
187.2 0.0 15 0.0
187.3 0.0 15 0.0
187.4 0.0 15 0.0
187.5 0.0 15 0.0
187.6 0.0 15 0.0
187.7 0.0 15 0.0
187.8 0.0 15 0.0
187.9 0.0 15 0.0
188.0 0.0 15 0.0
188.1 0.0 15 0.0
188.2 0.0 15 0.0
188.3 0.0 15 0.0
188.4 0.0 15 0.0
188.5 0.0 15 0.0
188.6 0.0 15 0.0
188.7 0.0 15 0.0
188.8 0.0 15 0.0
188.9 0.0 15 0.0
189.0 0.0 15 0.0
189.1 0.0 15 0.0
189.2 0.0 15 0.0
189.3 0.0 15 0.0
189.4 0.0 15 0.0
189.5 0.0 15 0.0
189.6 0.0 15 0.0
189.7 0.0 15 0.0
189.8 0.0 15 0.0
189.9 0.0 15 0.0
190.0 0.0 15 0.0
190.1 0.0 15 0.0
190.2 0.0 15 0.0
190.3 0.0 15 0.0
190.4 0.0 15 0.0
190.5 0.0 15 0.0
190.6 0.0 15 0.0
190.7 0.0 15 0.0
190.8 0.0 15 0.0
190.9 0.0 15 0.0
191.0 0.0 15 0.0
191.1 0.0 15 0.0
191.2 0.0 15 0.0
191.2 0.0 15 0.0
191.4 0.0 15 0.0
191.4 0.0 15 0.0
191.5 0.0 15 0.0
191.6 0.0 15 0.0
191.7 0.0 15 0.0
191.8 0.0 15 0.0
191.9 0.0 15 0.0
192.0 0.0 15 0.0
192.1 0.0 15 0.0
192.2 0.0 15 0.0
192.3 0.0 15 0.0
192.4 0.0 15 0.0
192.5 0.0 15 0.0
192.6 0.0 15 0.0
192.7 0.0 15 0.0
192.8 0.0 15 0.0
192.9 0.0 15 0.0
193.0 0.0 15 0.0
193.1 0.0 15 0.0
193.2 0.0 15 0.0
193.3 0.0 15 0.0
193.4 0.0 15 0.0
193.5 0.0 15 0.0
193.6 0.0 15 0.0
193.7 0.0 15 0.0
193.8 0.0 15 0.0
193.9 0.0 15 0.0
194.0 0.0 15 0.0
194.1 0.0 15 0.0
194.2 0.0 15 0.0
194.3 0.0 15 0.0
194.4 0.0 15 0.0
194.5 0.0 15 0.0
194.6 0.0 15 0.0
194.7 0.0 15 0.0
194.8 0.0 15 0.0
194.9 0.0 15 0.0
195.0 0.0 15 0.0
195.1 0.0 15 0.0
195.2 0.0 15 0.0
195.3 0.0 15 0.0
195.4 0.0 15 0.0
195.5 0.0 15 0.0
195.6 0.0 15 0.0
195.7 0.0 15 0.0
195.8 0.0 15 0.0
195.9 0.0 15 0.0
196.0 0.0 15 0.0
196.1 0.0 15 0.0
196.2 0.0 15 0.0
196.3 0.0 15 0.0
196.4 0.0 15 0.0
196.5 0.0 15 0.0
196.6 0.0 15 0.0
196.7 0.0 15 0.0
196.8 0.0 15 0.0
196.9 0.0 15 0.0
197.0 0.0 15 0.0
197.1 0.0 15 0.0
197.2 0.0 15 0.0
197.3 0.0 15 0.0
197.4 0.0 15 0.0
197.5 0.0 15 0.0
197.6 0.0 15 0.0
197.7 0.0 15 0.0
197.8 0.0 15 0.0
197.9 0.0 15 0.0
198.0 0.0 15 0.0
198.1 0.0 15 0.0
198.2 0.0 15 0.0
198.3 0.0 15 0.0
198.4 0.0 15 0.0
198.5 0.0 15 0.0
198.6 0.0 15 0.0
198.7 0.0 15 0.0
198.8 0.0 15 0.0
198.9 0.0 15 0.0
199.0 0.0 15 0.0
199.1 0.0 15 0.0
199.2 0.0 15 0.0
199.3 0.0 15 0.0
199.4 0.0 15 0.0
199.5 0.0 15 0.0
199.6 0.0 15 0.0
199.7 0.0 15 0.0
199.8 0.0 15 0.0
199.9 0.0 15 0.0
200.0 0.0 15 0.0
200.1 0.0 15 0.0
200.2 0.0 15 0.0
200.3 0.0 15 0.0
200.4 0.0 15 0.0
200.5 0.0 15 0.0
200.6 0.0 15 0.0
200.7 0.0 15 0.0
200.8 0.0 15 0.0
200.9 0.0 15 0.0
201.0 0.0 15 0.0
201.1 0.0 15 0.0
201.2 0.0 15 0.0
201.3 0.0 15 0.0
201.4 0.0 15 0.0
201.5 0.0 15 0.0
201.6 0.0 15 0.0
201.7 0.0 15 0.0
201.8 0.0 15 0.0
201.9 0.0 15 0.0
202.0 0.0 15 0.0
202.1 0.0 15 0.0
202.2 0.0 15 0.0
202.3 0.0 15 0.0
202.4 0.0 15 0.0
202.5 0.0 15 0.0
202.6 0.0 15 0.0
202.7 0.0 15 0.0
202.8 0.0 15 0.0
202.9 0.0 15 0.0
203.0 0.0 15 0.0
203.1 0.0 15 0.0
203.2 0.0 15 0.0
203.3 0.0 15 0.0
203.4 0.0 15 0.0
203.5 0.0 15 0.0
203.6 0.0 15 0.0
203.7 0.0 15 0.0
203.8 0.0 15 0.0
203.9 0.0 15 0.0
204.0 0.0 15 0.0
204.1 0.0 15 0.0
204.2 0.0 15 0.0
204.3 0.0 15 0.0
204.4 0.0 15 0.0
204.5 0.0 15 0.0
204.6 0.0 15 0.0
204.7 0.0 15 0.0
204.8 0.0 15 0.0
204.9 0.0 15 0.0
205.0 0.0 15 0.0
205.1 0.0 15 0.0
205.2 0.0 15 0.0
205.3 0.0 15 0.0
205.4 0.0 15 0.0
205.5 0.0 15 0.0
205.6 0.0 15 0.0
205.7 0.0 15 0.0
205.8 0.0 15 0.0
205.9 0.0 15 0.0
206.0 0.0 15 0.0
206.1 0.0 15 0.0
206.2 0.0 15 0.0
206.3 0.0 15 0.0
206.4 0.0 15 0.0
206.5 0.0 15 0.0
206.6 0.0 15 0.0
206.7 0.0 15 0.0
206.8 0.0 15 0.0
206.9 0.0 15 0.0
207.0 0.0 15 0.0
207.1 0.0 15 0.0
207.2 0.0 15 0.0
207.3 0.0 15 0.0
207.4 0.0 15 0.0
207.5 0.0 15 0.0
207.6 0.0 15 0.0
207.7 0.0 15 0.0
207.8 0.0 15 0.0
207.9 0.0 15 0.0
208.0 0.0 15 0.0
208.1 0.0 15 0.0
208.2 0.0 15 0.0
208.3 0.0 15 0.0
208.4 0.0 15 0.0
208.5 0.0 15 0.0
208.6 0.0 15 0.0
208.7 0.0 15 0.0
208.8 0.0 15 0.0
208.9 0.0 15 0.0
209.0 0.0 15 0.0
209.1 0.0 15 0.0
209.2 0.0 15 0.0
209.3 0.0 15 0.0
209.4 0.0 15 0.0
209.5 0.0 15 0.0
209.6 0.0 15 0.0
209.7 0.0 15 0.0
209.8 0.0 15 0.0
209.9 0.0 15 0.0
210.0 0.0 15 0.0
210.1 0.0 15 0.0
210.2 0.0 15 0.0
210.3 0.0 15 0.0
210.4 0.0 15 0.0
210.5 0.0 15 0.0
210.6 0.0 15 0.0
210.7 0.0 15 0.0
210.8 0.0 15 0.0
210.9 0.0 15 0.0
211.0 0.0 15 0.0
211.1 0.0 15 0.0
211.2 0.0 15 0.0
211.3 0.0 15 0.0
211.4 0.0 15 0.0
211.5 0.0 15 0.0
211.6 0.0 15 0.0
211.7 0.0 15 0.0
211.8 0.0 15 0.0
211.9 0.0 15 0.0
212.0 0.0 15 0.0
212.1 0.0 15 0.0
212.2 0.0 15 0.0
212.3 0.0 15 0.0
212.4 0.0 15 0.0
212.5 0.0 15 0.0
212.6 0.0 15 0.0
212.7 0.0 15 0.0
212.8 0.0 15 0.0
212.9 0.0 15 0.0
213.0 0.0 15 0.0
213.1 0.0 15 0.0
213.2 0.0 15 0.0
213.3 0.0 15 0.0
213.4 0.0 15 0.0
213.5 0.0 15 0.0
213.6 0.0 15 0.0
213.7 0.0 15 0.0
213.8 0.0 15 0.0
213.9 0.0 15 0.0
214.0 0.0 15 0.0
214.1 0.0 15 0.0
214.2 0.0 15 0.0
214.3 0.0 15 0.0
214.4 0.0 15 0.0
214.5 0.0 15 0.0
214.6 0.0 15 0.0
214.7 0.0 15 0.0
214.8 0.0 15 0.0
214.9 0.0 15 0.0
215.0 0.0 15 0.0
215.1 0.0 15 0.0
215.2 0.0 15 0.0
215.3 0.0 15 0.0
215.4 0.0 15 0.0
215.5 0.0 15 0.0
215.6 0.0 15 0.0
215.7 0.0 15 0.0
215.8 0.0 15 0.0
215.9 0.0 15 0.0
216.0 0.0 15 0.0
216.1 0.0 15 0.0
216.2 0.0 15 0.0
216.3 0.0 15 0.0
216.4 0.0 15 0.0
216.5 0.0 15 0.0
216.6 0.0 15 0.0
216.7 0.0 15 0.0
216.8 0.0 15 0.0
216.9 0.0 15 0.0
217.0 0.0 15 0.0
217.1 0.0 15 0.0
217.2 0.0 15 0.0
217.3 0.0 15 0.0
217.4 0.0 15 0.0
217.5 0.0 15 0.0
217.6 0.0 15 0.0
217.7 0.0 15 0.0
217.8 0.0 15 0.0
217.9 0.0 15 0.0
218.0 0.0 15 0.0
218.1 0.0 15 0.0
218.2 0.0 15 0.0
218.3 0.0 15 0.0
218.4 0.0 15 0.0
218.5 0.0 15 0.0
218.6 0.0 15 0.0
218.7 0.0 15 0.0
218.8 0.0 15 0.0
218.9 0.0 15 0.0
219.0 0.0 15 0.0
219.1 0.0 15 0.0
219.2 0.0 15 0.0
219.3 0.0 15 0.0
219.4 0.0 15 0.0
219.5 0.0 15 0.0
219.6 0.0 15 0.0
219.7 0.0 15 0.0
219.8 0.0 15 0.0
219.9 0.0 15 0.0
220.0 0.0 15 0.0
220.1 0.0 15 0.0
220.2 0.0 15 0.0
220.3 0.0 15 0.0
220.4 0.0 15 0.0
220.5 0.0 15 0.0
220.6 0.0 15 0.0
220.7 0.0 15 0.0
220.8 0.0 15 0.0
220.9 0.0 15 0.0
221.0 0.0 15 0.0
221.1 0.0 15 0.0
221.2 0.0 15 0.0
221.3 0.0 15 0.0
221.4 0.0 15 0.0
221.5 0.0 15 0.0
221.6 0.0 15 0.0
221.7 0.0 15 0.0
221.8 0.0 15 0.0
221.9 0.0 15 0.0
222.0 0.0 15 0.0
222.1 0.0 15 0.0
222.2 0.0 15 0.0
222.3 0.0 15 0.0
222.4 0.0 15 0.0
222.5 0.0 15 0.0
222.6 0.0 15 0.0
222.7 0.0 15 0.0
222.8 0.0 15 0.0
222.9 0.0 15 0.0
223.0 0.0 15 0.0
223.1 0.0 15 0.0
223.2 0.0 15 0.0
223.3 0.0 15 0.0
223.4 0.0 15 0.0
223.5 0.0 15 0.0
223.6 0.0 15 0.0
223.7 0.0 15 0.0
223.8 0.0 15 0.0
223.9 0.0 15 0.0
224.0 0.0 15 0.0
224.1 0.0 15 0.0
224.2 0.0 15 0.0
224.3 0.0 15 0.0
224.4 0.0 15 0.0
224.5 0.0 15 0.0
224.6 0.0 15 0.0
224.7 0.0 15 0.0
224.8 0.0 15 0.0
224.9 0.0 15 0.0
225.0 0.0 15 0.0
225.1 0.0 15 0.0
225.2 0.0 15 0.0
225.3 0.0 15 0.0
225.4 0.0 15 0.0
225.5 0.0 15 0.0
225.6 0.0 15 0.0
225.7 0.0 15 0.0
225.8 0.0 15 0.0
225.9 0.0 15 0.0
226.0 0.0 15 0.0
226.1 0.0 15 0.0
226.2 0.0 15 0.0
226.3 0.0 15 0.0
226.4 0.0 15 0.0
226.5 0.0 15 0.0
226.6 0.0 15 0.0
226.7 0.0 15 0.0
226.8 0.0 15 0.0
226.9 0.0 15 0.0
227.0 0.0 15 0.0
227.1 0.0 15 0.0
227.2 0.0 15 0.0
227.3 0.0 15 0.0
227.4 0.0 15 0.0
227.5 0.0 15 0.0
227.6 0.0 15 0.0
227.7 0.0 15 0.0
227.8 0.0 15 0.0
227.9 0.0 15 0.0
228.0 0.0 15 0.0
228.1 0.0 15 0.0
228.2 0.0 15 0.0
228.3 0.0 15 0.0
228.4 0.0 15 0.0
228.5 0.0 15 0.0
228.6 0.0 15 0.0
228.7 0.0 15 0.0
228.8 0.0 15 0.0
228.9 0.0 15 0.0
229.0 0.0 15 0.0
229.1 0.0 15 0.0
229.2 0.0 15 0.0
229.3 0.0 15 0.0
229.4 0.0 15 0.0
229.5 0.0 15 0.0
229.6 0.0 15 0.0
229.7 0.0 15 0.0
229.8 0.0 15 0.0
229.9 0.0 15 0.0
230.0 0.0 15 0.0
230.1 0.0 15 0.0
230.2 0.0 15 0.0
230.3 0.0 15 0.0
230.4 0.0 15 0.0
230.5 0.0 15 0.0
230.6 0.0 15 0.0
230.7 0.0 15 0.0
230.8 0.0 15 0.0
230.9 0.0 15 0.0
231.0 0.0 15 0.0
231.1 0.0 15 0.0
231.2 0.0 15 0.0
231.3 0.0 15 0.0
231.4 0.0 15 0.0
231.5 0.0 15 0.0
231.6 0.0 15 0.0
231.7 0.0 15 0.0
231.8 0.0 15 0.0
231.9 0.0 15 0.0
232.0 0.0 15 0.0
232.1 0.0 15 0.0
232.2 0.0 15 0.0
232.3 0.0 15 0.0
232.4 0.0 15 0.0
232.5 0.0 15 0.0
232.6 0.0 15 0.0
232.7 0.0 15 0.0
232.8 0.0 15 0.0
232.9 0.0 15 0.0
233.0 0.0 15 0.0
233.1 0.0 15 0.0
233.2 0.0 15 0.0
233.3 0.0 15 0.0
233.4 0.0 15 0.0
233.5 0.0 15 0.0
233.6 0.0 15 0.0
233.7 0.0 15 0.0
233.8 0.0 15 0.0
233.9 0.0 15 0.0
234.0 0.0 15 0.0
234.1 0.0 15 0.0
234.2 0.0 15 0.0
234.3 0.0 15 0.0
234.4 0.0 15 0.0
234.5 0.0 15 0.0
234.6 0.0 15 0.0
234.7 0.0 15 0.0
234.8 0.0 15 0.0
234.9 0.0 15 0.0
235.0 0.0 15 0.0
235.1 0.0 15 0.0
235.2 0.0 15 0.0
235.3 0.0 15 0.0
235.4 0.0 15 0.0
235.5 0.0 15 0.0
235.6 0.0 15 0.0
235.7 0.0 15 0.0
235.8 0.0 15 0.0
235.9 0.0 15 0.0
236.0 0.0 15 0.0
236.1 0.0 15 0.0
236.2 0.0 15 0.0
236.3 0.0 15 0.0
236.4 0.0 15 0.0
236.5 0.0 15 0.0
236.6 0.0 15 0.0
236.7 0.0 15 0.0
236.8 0.0 15 0.0
236.9 0.0 15 0.0
237.0 0.0 15 0.0
237.1 0.0 15 0.0
237.2 0.0 15 0.0
237.3 0.0 15 0.0
237.4 0.0 15 0.0
237.5 0.0 15 0.0
237.6 0.0 15 0.0
237.7 0.0 15 0.0
237.8 0.0 15 0.0
237.9 0.0 15 0.0
238.0 0.0 15 0.0
238.1 0.0 15 0.0
238.2 0.0 15 0.0
238.3 0.0 15 0.0
238.4 0.0 15 0.0
238.5 0.0 15 0.0
238.6 0.0 15 0.0
238.7 0.0 15 0.0
238.8 0.0 15 0.0
238.9 0.0 15 0.0
239.0 0.0 15 0.0
239.1 0.0 15 0.0
239.2 0.0 15 0.0
239.3 0.0 15 0.0
239.4 0.0 15 0.0
239.5 0.0 15 0.0
239.6 0.0 15 0.0
239.7 0.0 15 0.0
239.8 0.0 15 0.0
239.9 0.0 15 0.0
240.0 0.0 15 0.0
240.1 0.0 15 0.0
240.2 0.0 15 0.0
240.3 0.0 15 0.0
240.4 0.0 15 0.0
240.5 0.0 15 0.0
240.6 0.0 15 0.0
240.7 0.0 15 0.0
240.8 0.0 15 0.0
240.9 0.0 15 0.0
241.0 0.0 15 0.0
241.1 0.0 15 0.0
241.2 0.0 15 0.0
241.3 0.0 15 0.0
241.4 0.0 15 0.0
241.5 0.0 15 0.0
241.6 0.0 15 0.0
241.7 0.0 15 0.0
241.8 0.0 15 0.0
241.9 0.0 15 0.0
242.0 0.0 15 0.0
242.1 0.0 15 0.0
242.2 0.0 15 0.0
242.3 0.0 15 0.0
242.4 0.0 15 0.0
242.5 0.0 15 0.0
242.6 0.0 15 0.0
242.7 0.0 15 0.0
242.8 0.0 15 0.0
242.9 0.0 15 0.0
243.0 0.0 15 0.0
243.1 0.0 15 0.0
243.2 0.0 15 0.0
243.3 0.0 15 0.0
243.4 0.0 15 0.0
243.5 0.0 15 0.0
243.6 0.0 15 0.0
243.7 0.0 15 0.0
243.8 0.0 15 0.0
243.9 0.0 15 0.0
244.0 0.0 15 0.0
244.1 0.0 15 0.0
244.2 0.0 15 0.0
244.3 0.0 15 0.0
244.4 0.0 15 0.0
244.5 0.0 15 0.0
244.6 0.0 15 0.0
244.7 0.0 15 0.0
244.8 0.0 15 0.0
244.9 0.0 15 0.0
245.0 0.0 15 0.0
245.1 0.0 15 0.0
245.2 0.0 15 0.0
245.3 0.0 15 0.0
245.4 0.0 15 0.0
245.5 0.0 15 0.0
245.6 0.0 15 0.0
245.7 0.0 15 0.0
245.8 0.0 15 0.0
245.9 0.0 15 0.0
246.0 0.0 15 0.0
246.1 0.0 15 0.0
246.2 0.0 15 0.0
246.3 0.0 15 0.0
246.4 0.0 15 0.0
246.5 0.0 15 0.0
246.6 0.0 15 0.0
246.7 0.0 15 0.0
246.8 0.0 15 0.0
246.9 0.0 15 0.0
247.0 0.0 15 0.0
247.1 0.0 15 0.0
247.2 0.0 15 0.0
247.3 0.0 15 0.0
247.4 0.0 15 0.0
247.5 0.0 15 0.0
247.6 0.0 15 0.0
247.7 0.0 15 0.0
247.8 0.0 15 0.0
247.9 0.0 15 0.0
248.0 0.0 15 0.0
248.1 0.0 15 0.0
248.2 0.0 15 0.0
248.3 0.0 15 0.0
248.4 0.0 15 0.0
248.5 0.0 15 0.0
248.6 0.0 15 0.0
248.7 0.0 15 0.0
248.8 0.0 15 0.0
248.9 0.0 15 0.0
249.0 0.0 15 0.0
249.1 0.0 15 0.0
249.2 0.0 15 0.0
249.3 0.0 15 0.0
249.4 0.0 15 0.0
249.5 0.0 15 0.0
249.6 0.0 15 0.0
249.7 0.0 15 0.0
249.8 0.0 15 0.0
249.9 0.0 15 0.0
250.0 0.0 15 0.0
250.1 0.0 15 0.0
250.2 0.0 15 0.0
250.3 0.0 15 0.0
250.4 0.0 15 0.0
250.5 0.0 15 0.0
250.6 0.0 15 0.0
250.7 0.0 15 0.0
250.8 0.0 15 0.0
250.9 0.0 15 0.0
251.0 0.0 15 0.0
251.1 0.0 15 0.0
251.2 0.0 15 0.0
251.3 0.0 15 0.0
251.4 0.0 15 0.0
251.5 0.0 15 0.0
251.6 0.0 15 0.0
251.7 0.0 15 0.0
251.8 0.0 15 0.0
251.9 0.0 15 0.0
252.0 0.0 15 0.0
252.1 0.0 15 0.0
252.2 0.0 15 0.0
252.3 0.0 15 0.0
252.4 0.0 15 0.0
252.5 0.0 15 0.0
252.6 0.0 15 0.0
252.7 0.0 15 0.0
252.8 0.0 15 0.0
252.9 0.0 15 0.0
253.0 0.0 15 0.0
253.1 0.0 15 0.0
253.2 0.0 15 0.0
253.3 0.0 15 0.0
253.4 0.0 15 0.0
253.5 0.0 15 0.0
253.6 0.0 15 0.0
253.7 0.0 15 0.0
253.8 0.0 15 0.0
253.9 0.0 15 0.0
254.0 0.0 15 0.0
254.1 0.0 15 0.0
254.2 0.0 15 0.0
254.3 0.0 15 0.0
254.4 0.0 15 0.0
254.5 0.0 15 0.0
254.6 0.0 15 0.0
254.7 0.0 15 0.0
254.8 0.0 15 0.0
254.9 0.0 15 0.0
255.0 0.0 15 0.0
255.1 0.0 15 0.0
255.2 0.0 15 0.0
255.3 0.0 15 0.0
255.4 0.0 15 0.0
255.5 0.0 15 0.0
255.6 0.0 15 0.0
255.7 0.0 15 0.0
255.8 0.0 15 0.0
255.9 0.0 15 0.0
256.0 0.0 15 0.0
256.1 0.0 15 0.0
256.2 0.0 15 0.0
256.3 0.0 15 0.0
256.4 0.0 15 0.0
256.5 0.0 15 0.0
256.6 0.0 15 0.0
256.7 0.0 15 0.0
256.8 0.0 15 0.0
256.9 0.0 15 0.0
257.0 0.0 15 0.0
257.1 0.0 15 0.0
257.2 0.0 15 0.0
257.3 0.0 15 0.0
257.4 0.0 15 0.0
257.5 0.0 15 0.0
257.6 0.0 15 0.0
257.7 0.0 15 0.0
257.8 0.0 15 0.0
257.9 0.0 15 0.0
258.0 0.0 15 0.0
258.1 0.0 15 0.0
258.2 0.0 15 0.0
258.3 0.0 15 0.0
258.4 0.0 15 0.0
258.5 0.0 15 0.0
258.6 0.0 15 0.0
258.7 0.0 15 0.0
258.8 0.0 15 0.0
258.9 0.0 15 0.0
259.0 0.0 15 0.0
259.1 0.0 15 0.0
259.2 0.0 15 0.0
259.3 0.0 15 0.0
259.4 0.0 15 0.0
259.5 0.0 15 0.0
259.6 0.0 15 0.0
259.7 0.0 15 0.0
259.8 0.0 15 0.0
259.9 0.0 15 0.0
260.0 0.0 15 0.0
260.1 0.0 15 0.0
260.2 0.0 15 0.0
260.3 0.0 15 0.0
260.4 0.0 15 0.0
260.5 0.0 15 0.0
260.6 0.0 15 0.0
260.7 0.0 15 0.0
260.8 0.0 15 0.0
260.9 0.0 15 0.0
261.0 0.0 15 0.0
261.1 0.0 15 0.0
261.2 0.0 15 0.0
261.3 0.0 15 0.0
261.4 0.0 15 0.0
261.5 0.0 15 0.0
261.6 0.0 15 0.0
261.7 0.0 15 0.0
261.8 0.0 15 0.0
261.9 0.0 15 0.0
262.0 0.0 15 0.0
262.1 0.0 15 0.0
262.2 0.0 15 0.0
262.3 0.0 15 0.0
262.4 0.0 15 0.0
262.5 0.0 15 0.0
262.6 0.0 15 0.0
262.7 0.0 15 0.0
262.8 0.0 15 0.0
262.9 0.0 15 0.0
263.0 0.0 15 0.0
263.1 0.0 15 0.0
263.2 0.0 15 0.0
263.3 0.0 15 0.0
263.4 0.0 15 0.0
263.5 0.0 15 0.0
263.6 0.0 15 0.0
263.7 0.0 15 0.0
263.8 0.0 15 0.0
263.9 0.0 15 0.0
264.0 0.0 15 0.0
264.1 0.0 15 0.0
264.2 0.0 15 0.0
264.3 0.0 15 0.0
264.4 0.0 15 0.0
264.5 0.0 15 0.0
264.6 0.0 15 0.0
264.7 0.0 15 0.0
264.8 0.0 15 0.0
264.9 0.0 15 0.0
265.0 0.0 15 0.0
265.1 0.0 15 0.0
265.2 0.0 15 0.0
265.3 0.0 15 0.0
265.4 0.0 15 0.0
265.5 0.0 15 0.0
265.6 0.0 15 0.0
265.7 0.0 15 0.0
265.8 0.0 15 0.0
265.9 0.0 15 0.0
266.0 0.0 15 0.0
266.1 0.0 15 0.0
266.2 0.0 15 0.0
266.3 0.0 15 0.0
266.4 0.0 15 0.0
266.5 0.0 15 0.0
266.6 0.0 15 0.0
266.7 0.0 15 0.0
266.8 0.0 15 0.0
266.9 0.0 15 0.0
267.0 0.0 15 0.0
267.1 0.0 15 0.0
267.2 0.0 15 0.0
267.3 0.0 15 0.0
267.4 0.0 15 0.0
267.5 0.0 15 0.0
267.6 0.0 15 0.0
267.7 0.0 15 0.0
267.8 0.0 15 0.0
267.9 0.0 15 0.0
268.0 0.0 15 0.0
268.1 0.0 15 0.0
268.2 0.0 15 0.0
268.3 0.0 15 0.0
268.4 0.0 15 0.0
268.5 0.0 15 0.0
268.6 0.0 15 0.0
268.7 0.0 15 0.0
268.8 0.0 15 0.0
268.9 0.0 15 0.0
269.0 0.0 15 0.0
269.1 0.0 15 0.0
269.2 0.0 15 0.0
269.3 0.0 15 0.0
269.4 0.0 15 0.0
269.5 0.0 15 0.0
269.6 0.0 15 0.0
269.7 0.0 15 0.0
269.8 0.0 15 0.0
269.9 0.0 15 0.0
270.0 0.0 15 0.0
270.1 0.0 15 0.0
270.2 0.0 15 0.0
270.3 0.0 15 0.0
270.4 0.0 15 0.0
270.5 0.0 15 0.0
270.6 0.0 15 0.0
270.7 0.0 15 0.0
270.8 0.0 15 0.0
270.9 0.0 15 0.0
271.0 0.0 15 0.0
271.1 0.0 15 0.0
271.2 0.0 15 0.0
271.3 0.0 15 0.0
271.4 0.0 15 0.0
271.5 0.0 15 0.0
271.6 0.0 15 0.0
271.7 0.0 15 0.0
271.8 0.0 15 0.0
271.9 0.0 15 0.0
272.0 0.0 15 0.0
272.1 0.0 15 0.0
272.2 0.0 15 0.0
272.3 0.0 15 0.0
272.4 0.0 15 0.0
272.5 0.0 15 0.0
272.6 0.0 15 0.0
272.7 0.0 15 0.0
272.8 0.0 15 0.0
272.9 0.0 15 0.0
273.0 0.0 15 0.0
273.1 0.0 15 0.0
273.2 0.0 15 0.0
273.3 0.0 15 0.0
273.4 0.0 15 0.0
273.5 0.0 15 0.0
273.6 0.0 15 0.0
273.7 0.0 15 0.0
273.8 0.0 15 0.0
273.9 0.0 15 0.0
274.0 0.0 15 0.0
274.1 0.0 15 0.0
274.2 0.0 15 0.0
274.3 0.0 15 0.0
274.4 0.0 15 0.0
274.5 0.0 15 0.0
274.6 0.0 15 0.0
274.7 0.0 15 0.0
274.8 0.0 15 0.0
274.9 0.0 15 0.0
275.0 0.0 15 0.0
275.1 0.0 15 0.0
275.2 0.0 15 0.0
275.3 0.0 15 0.0
275.4 0.0 15 0.0
275.5 0.0 15 0.0
275.6 0.0 15 0.0
275.7 0.0 15 0.0
275.8 0.0 15 0.0
275.9 0.0 15 0.0
276.0 0.0 15 0.0
276.1 0.0 15 0.0
276.2 0.0 15 0.0
276.3 0.0 15 0.0
276.4 0.0 15 0.0
276.5 0.0 15 0.0
276.6 0.0 15 0.0
276.7 0.0 15 0.0
276.8 0.0 15 0.0
276.9 0.0 15 0.0
277.0 0.0 15 0.0
277.1 0.0 15 0.0
277.2 0.0 15 0.0
277.3 0.0 15 0.0
277.4 0.0 15 0.0
277.5 0.0 15 0.0
277.6 0.0 15 0.0
277.7 0.0 15 0.0
277.8 0.0 15 0.0
277.9 0.0 15 0.0
278.0 0.0 15 0.0
278.1 0.0 15 0.0
278.2 0.0 15 0.0
278.3 0.0 15 0.0
278.4 0.0 15 0.0
278.5 0.0 15 0.0
278.6 0.0 15 0.0
278.7 0.0 15 0.0
278.8 0.0 15 0.0
278.9 0.0 15 0.0
279.0 0.0 15 0.0
279.1 0.0 15 0.0
279.2 0.0 15 0.0
279.3 0.0 15 0.0
279.4 0.0 15 0.0
279.5 0.0 15 0.0
279.6 0.0 15 0.0
279.7 0.0 15 0.0
279.8 0.0 15 0.0
279.9 0.0 15 0.0
280.0 0.0 15 0.0
280.1 0.0 15 0.0
280.2 0.0 15 0.0
280.3 0.0 15 0.0
280.4 0.0 15 0.0
280.5 0.0 15 0.0
280.6 0.0 15 0.0
280.7 0.0 15 0.0
280.8 0.0 15 0.0
280.9 0.0 15 0.0
281.0 0.0 15 0.0
281.1 0.0 15 0.0
281.2 0.0 15 0.0
281.3 0.0 15 0.0
281.4 0.0 15 0.0
281.5 0.0 15 0.0
281.6 0.0 15 0.0
281.7 0.0 15 0.0
281.8 0.0 15 0.0
281.9 0.0 15 0.0
282.0 0.0 15 0.0
282.1 0.0 15 0.0
282.2 0.0 15 0.0
282.3 0.0 15 0.0
282.4 0.0 15 0.0
282.5 0.0 15 0.0
282.6 0.0 15 0.0
282.7 0.0 15 0.0
282.8 0.0 15 0.0
282.9 0.0 15 0.0
283.0 0.0 15 0.0
283.1 0.0 15 0.0
283.2 0.0 15 0.0
283.3 0.0 15 0.0
283.4 0.0 15 0.0
283.5 0.0 15 0.0
283.6 0.0 15 0.0
283.7 0.0 15 0.0
283.8 0.0 15 0.0
283.9 0.0 15 0.0
284.0 0.0 15 0.0
284.1 0.0 15 0.0
284.2 0.0 15 0.0
284.3 0.0 15 0.0
284.4 0.0 15 0.0
284.5 0.0 15 0.0
284.6 0.0 15 0.0
284.7 0.0 15 0.0
284.8 0.0 15 0.0
284.9 0.0 15 0.0
285.0 0.0 15 0.0
285.1 0.0 15 0.0
285.2 0.0 15 0.0
285.3 0.0 15 0.0
285.4 0.0 15 0.0
285.5 0.0 15 0.0
285.6 0.0 15 0.0
285.7 0.0 15 0.0
285.8 0.0 15 0.0
285.9 0.0 15 0.0
286.0 0.0 15 0.0
286.1 0.0 15 0.0
286.2 0.0 15 0.0
286.3 0.0 15 0.0
286.4 0.0 15 0.0
286.5 0.0 15 0.0
286.6 0.0 15 0.0
286.7 0.0 15 0.0
286.8 0.0 15 0.0
286.9 0.0 15 0.0
287.0 0.0 15 0.0
287.1 0.0 15 0.0
287.2 0.0 15 0.0
287.3 0.0 15 0.0
287.4 0.0 15 0.0
287.5 0.0 15 0.0
287.6 0.0 15 0.0
287.7 0.0 15 0.0
287.8 0.0 15 0.0
287.9 0.0 15 0.0
288.0 0.0 15 0.0
288.1 0.0 15 0.0
288.2 0.0 15 0.0
288.3 0.0 15 0.0
288.4 0.0 15 0.0
288.5 0.0 15 0.0
288.6 0.0 15 0.0
288.7 0.0 15 0.0
288.8 0.0 15 0.0
288.9 0.0 15 0.0
289.0 0.0 15 0.0
289.1 0.0 15 0.0
289.2 0.0 15 0.0
289.3 0.0 15 0.0
289.4 0.0 15 0.0
289.5 0.0 15 0.0
289.6 0.0 15 0.0
289.7 0.0 15 0.0
289.8 0.0 15 0.0
289.9 0.0 15 0.0
290.0 0.0 15 0.0
290.1 0.0 15 0.0
290.2 0.0 15 0.0
290.3 0.0 15 0.0
290.4 0.0 15 0.0
290.5 0.0 15 0.0
290.6 0.0 15 0.0
290.7 0.0 15 0.0
290.8 0.0 15 0.0
290.9 0.0 15 0.0
291.0 0.0 15 0.0
291.1 0.0 15 0.0
291.2 0.0 15 0.0
291.3 0.0 15 0.0
291.4 0.0 15 0.0
291.5 0.0 15 0.0
291.6 0.0 15 0.0
291.7 0.0 15 0.0
291.8 0.0 15 0.0
291.9 0.0 15 0.0
292.0 0.0 15 0.0
292.1 0.0 15 0.0
292.2 0.0 15 0.0
292.3 0.0 15 0.0
292.4 0.0 15 0.0
292.5 0.0 15 0.0
292.6 0.0 15 0.0
292.7 0.0 15 0.0
292.8 0.0 15 0.0
292.9 0.0 15 0.0
293.0 0.0 15 0.0
293.1 0.0 15 0.0
293.2 0.0 15 0.0
293.3 0.0 15 0.0
293.4 0.0 15 0.0
293.5 0.0 15 0.0
293.6 0.0 15 0.0
293.7 0.0 15 0.0
293.8 0.0 15 0.0
293.9 0.0 15 0.0
294.0 0.0 15 0.0
294.1 0.0 15 0.0
294.2 0.0 15 0.0
294.3 0.0 15 0.0
294.4 0.0 15 0.0
294.5 0.0 15 0.0
294.6 0.0 15 0.0
294.7 0.0 15 0.0
294.8 0.0 15 0.0
294.9 0.0 15 0.0
295.0 0.0 15 0.0
295.1 0.0 15 0.0
295.2 0.0 15 0.0
295.3 0.0 15 0.0
295.4 0.0 15 0.0
295.5 0.0 15 0.0
295.6 0.0 15 0.0
295.7 0.0 15 0.0
295.8 0.0 15 0.0
295.9 0.0 15 0.0
296.0 0.0 15 0.0
296.1 0.0 15 0.0
296.2 0.0 15 0.0
296.3 0.0 15 0.0
296.4 0.0 15 0.0
296.5 0.0 15 0.0
296.6 0.0 15 0.0
296.7 0.0 15 0.0
296.8 0.0 15 0.0
296.9 0.0 15 0.0
297.0 0.0 15 0.0
297.1 0.0 15 0.0
297.2 0.0 15 0.0
297.3 0.0 15 0.0
297.4 0.0 15 0.0
297.5 0.0 15 0.0
297.6 0.0 15 0.0
297.7 0.0 15 0.0
297.8 0.0 15 0.0
297.9 0.0 15 0.0
298.0 0.0 15 0.0
298.1 0.0 15 0.0
298.2 0.0 15 0.0
298.3 0.0 15 0.0
298.4 0.0 15 0.0
298.5 0.0 15 0.0
298.6 0.0 15 0.0
298.7 0.0 15 0.0
298.8 0.0 15 0.0
298.9 0.0 15 0.0
299.0 0.0 15 0.0
299.1 0.0 15 0.0
299.2 0.0 15 0.0
299.3 0.0 15 0.0
299.4 0.0 15 0.0
299.5 0.0 15 0.0
299.6 0.0 15 0.0
299.7 0.0 15 0.0
299.8 0.0 15 0.0
299.9 0.0 15 0.0
300.0 0.0 15 0.0
300.1 0.0 15 0.0
300.2 0.0 15 0.0
300.3 0.0 15 0.0
300.4 0.0 15 0.0
300.5 0.0 15 0.0
300.6 0.0 15 0.0
300.7 0.0 15 0.0
300.8 0.0 15 0.0
300.9 0.0 15 0.0
301.0 0.0 15 0.0
301.1 0.0 15 0.0
301.2 0.0 15 0.0
301.3 0.0 15 0.0
301.4 0.0 15 0.0
301.5 0.0 15 0.0
301.6 0.0 15 0.0
301.7 0.0 15 0.0
301.8 0.0 15 0.0
301.9 0.0 15 0.0
302.0 255.79 14 1.0
302.1 255.8675 14 1.0
302.2 255.9449 14 1.0
302.3 256.0223 14 1.0
302.4 256.0997 14 1.0
302.5 256.1771 14 1.0
302.6 256.2545 14 1.0
302.7 256.3319 14 1.0
302.8 256.4093 14 1.0
302.9 256.4867 14 1.0
303.0 256.5642 14 1.0
303.1 256.6416 14 1.0
303.2 256.719 14 1.0
303.3 256.7964 14 1.0
303.4 256.8738 14 1.0
303.5 256.9512 14 1.0
303.6 257.0286 14 1.0
303.7 257.106 14 1.0
303.8 257.1834 14 1.0
303.9 257.2609 14 1.0
304.0 257.3383 14 1.0
304.1 257.4157 14 1.0
304.2 257.4931 14 1.0
304.3 257.5705 14 1.0
304.4 257.6479 14 1.0
304.5 257.7253 14 1.0
304.6 257.8027 14 1.0
304.7 257.8802 14 1.0
304.8 257.9576 14 1.0
304.9 258.035 14 1.0
305.0 258.1124 14 1.0
305.1 258.1898 14 1.0
305.2 258.2672 14 1.0
305.3 258.3446 14 1.0
305.4 258.422 14 1.0
305.5 258.4994 14 1.0
305.6 258.5769 14 1.0
305.7 258.6543 14 1.0
305.8 258.7317 14 1.0
305.9 258.8091 14 1.0
306.0 258.8865 14 1.0
306.1 258.9639 14 1.0
306.2 259.0413 14 1.0
306.3 259.1187 14 1.0
306.4 259.1961 14 1.0
306.5 259.2736 14 1.0
306.6 259.351 14 1.0
306.7 259.4284 14 1.0
306.8 259.5058 14 1.0
306.9 259.5832 14 1.0
307.0 259.6606 14 1.0
307.1 259.738 14 1.0
307.2 259.8154 14 1.0
307.3 259.8929 14 1.0
307.4 259.9703 14 1.0
307.5 260.0477 14 1.0
307.6 260.1251 14 1.0
307.7 260.2025 14 1.0
307.8 260.2799 14 1.0
307.9 260.3573 14 1.0
308.0 260.4347 14 1.0
308.1 260.5121 14 1.0
308.2 260.5896 14 1.0
308.3 260.667 14 1.0
308.4 260.7444 14 1.0
308.5 260.8218 14 1.0
308.6 260.8992 14 1.0
308.7 260.9766 14 1.0
308.8 261.054 14 1.0
308.9 261.1314 14 1.0
309.0 261.2088 14 1.0
309.1 261.2863 14 1.0
309.2 261.3637 14 1.0
309.3 261.4411 14 1.0
309.4 261.5185 14 1.0
309.5 261.5959 14 1.0
309.6 261.6733 14 1.0
309.7 261.7507 14 1.0
309.8 261.8281 14 1.0
309.9 261.9055 14 1.0
310.0 261.983 14 1.0
310.1 262.0604 14 1.0
310.2 262.1378 14 1.0
310.3 262.2152 14 1.0
310.4 262.2926 14 1.0
310.5 262.37 14 1.0
310.6 262.4474 14 1.0
310.7 262.5248 14 1.0
310.8 262.6023 14 1.0
310.9 262.6797 14 1.0
311.0 262.7571 14 1.0
311.1 262.8345 14 1.0
311.2 262.9119 14 1.0
311.3 262.9893 14 1.0
311.4 263.0667 14 1.0
311.5 263.1441 14 1.0
311.6 263.2215 14 1.0
311.7 263.299 14 1.0
311.8 263.3764 14 1.0
311.9 263.4538 14 1.0
312.0 263.5312 14 1.0
312.1 263.6086 14 1.0
312.2 263.686 14 1.0
312.3 263.7634 14 1.0
312.4 263.8408 14 1.0
312.5 263.9182 14 1.0
312.6 263.9957 14 1.0
312.7 264.0731 14 1.0
312.8 264.1505 14 1.0
312.9 264.2279 14 1.0
313.0 264.3053 14 1.0
313.1 264.3827 14 1.0
313.2 264.4601 14 1.0
313.3 264.5375 14 1.0
313.4 264.615 14 1.0
313.5 264.6924 14 1.0
313.6 264.7698 14 1.0
313.7 264.8472 14 1.0
313.8 264.9246 14 1.0
313.9 265.002 14 1.0
314.0 265.0794 14 1.0
314.1 265.1568 14 1.0
314.2 265.2342 14 1.0
314.3 265.3117 14 1.0
314.4 265.3891 14 1.0
314.5 265.4665 14 1.0
314.6 265.5439 14 1.0
314.7 265.6213 14 1.0
314.8 265.6987 14 1.0
314.9 265.7761 14 1.0
315.0 265.8535 14 1.0
315.1 265.9309 14 1.0
315.2 266.0084 14 1.0
315.3 266.0858 14 1.0
315.4 266.1632 14 1.0
315.5 266.2406 14 1.0
315.6 266.318 14 1.0
315.7 266.3954 14 1.0
315.8 266.4728 14 1.0
315.9 266.5502 14 1.0
316.0 266.6277 14 1.0
316.1 266.7051 14 1.0
316.2 266.7825 14 1.0
316.3 266.8599 14 1.0
316.4 266.9373 14 1.0
316.5 267.0147 14 1.0
316.6 267.0921 14 1.0
316.7 267.1695 14 1.0
316.8 267.2469 14 1.0
316.9 267.3244 14 1.0
317.0 267.4018 14 1.0
317.1 267.4792 14 1.0
317.2 267.5566 14 1.0
317.3 267.634 14 1.0
317.4 267.7114 14 1.0
317.5 267.7888 14 1.0
317.6 267.8662 14 1.0
317.7 267.9436 14 1.0
317.8 268.0211 14 1.0
317.9 268.0985 14 1.0
318.0 268.1759 14 1.0
318.1 268.2533 14 1.0
318.2 268.3307 14 1.0
318.3 268.4081 14 1.0
318.4 268.4855 14 1.0
318.5 268.5629 14 1.0
318.6 268.6404 14 1.0
318.7 268.7178 14 1.0
318.8 268.7952 14 1.0
318.9 268.8726 14 1.0
319.0 268.95 14 1.0
319.1 269.0274 14 1.0
319.2 269.1048 14 1.0
319.3 269.1822 14 1.0
319.4 269.2596 14 1.0
319.5 269.3371 14 1.0
319.6 269.4145 14 1.0
319.7 269.4919 14 1.0
319.8 269.5693 14 1.0
319.9 269.6467 14 1.0
320.0 269.7241 14 1.0
320.1 269.8015 14 1.0
320.2 269.8789 14 1.0
320.3 269.9563 14 1.0
320.4 270.0338 14 1.0
320.5 270.1112 14 1.0
320.6 270.1886 14 1.0
320.7 270.266 14 1.0
320.8 270.3434 14 1.0
320.9 270.4208 14 1.0
321.0 270.4982 14 1.0
321.1 270.5756 14 1.0
321.2 270.653 14 1.0
321.3 270.7305 14 1.0
321.4 270.8079 14 1.0
321.5 270.8853 14 1.0
321.6 270.9627 14 1.0
321.7 271.0401 14 1.0
321.8 271.1175 14 1.0
321.9 271.1949 14 1.0
322.0 271.2723 14 1.0
322.1 271.3498 14 1.0
322.2 271.4272 14 1.0
322.3 271.5046 14 1.0
322.4 271.582 14 1.0
322.5 271.6594 14 1.0
322.6 271.7368 14 1.0
322.7 271.8142 14 1.0
322.8 271.8916 14 1.0
322.9 271.969 14 1.0
323.0 272.0465 14 1.0
323.1 272.1239 14 1.0
323.2 272.2013 14 1.0
323.3 272.2787 14 1.0
323.4 272.3561 14 1.0
323.5 272.4335 14 1.0
323.6 272.5109 14 1.0
323.7 272.5883 14 1.0
323.8 272.6657 14 1.0
323.9 272.7432 14 1.0
324.0 272.8206 14 1.0
324.1 272.898 14 1.0
324.2 272.9754 14 1.0
324.3 273.0528 14 1.0
324.4 273.1302 14 1.0
324.5 273.2076 14 1.0
324.6 273.285 14 1.0
324.7 273.3625 14 1.0
324.8 273.4399 14 1.0
324.9 273.5173 14 1.0
325.0 273.5947 14 1.0
325.1 273.6721 14 1.0
325.2 273.7495 14 1.0
325.3 273.8269 14 1.0
325.4 273.9043 14 1.0
325.5 273.9817 14 1.0
325.6 274.0592 14 1.0
325.7 274.1366 14 1.0
325.8 274.214 14 1.0
325.9 274.2914 14 1.0
326.0 274.3688 14 1.0
326.1 274.4462 14 1.0
326.2 274.5236 14 1.0
326.3 274.601 14 1.0
326.4 274.6784 14 1.0
326.5 274.7559 14 1.0
326.6 274.8333 14 1.0
326.7 274.9107 14 1.0
326.8 274.9881 14 1.0
326.9 275.0655 14 1.0
327.0 275.1429 14 1.0
327.1 275.2203 14 1.0
327.2 275.2977 14 1.0
327.3 275.3752 14 1.0
327.4 275.4526 14 1.0
327.5 275.53 14 1.0
327.6 275.6074 14 1.0
327.7 275.6848 14 1.0
327.8 275.7622 14 1.0
327.9 275.8396 14 1.0
328.0 275.917 14 1.0
328.1 275.9944 14 1.0
328.2 276.0719 14 1.0
328.3 276.1493 14 1.0
328.4 276.2267 14 1.0
328.5 276.3041 14 1.0
328.6 276.3815 14 1.0
328.7 276.4589 14 1.0
328.8 276.5363 14 1.0
328.9 276.6137 14 1.0
329.0 276.6911 14 1.0
329.1 276.7686 14 1.0
329.2 276.846 14 1.0
329.3 276.9234 14 1.0
329.4 277.0008 14 1.0
329.5 277.0782 14 1.0
329.6 277.1556 14 1.0
329.7 277.233 14 1.0
329.8 277.3104 14 1.0
329.9 277.3879 14 1.0
330.0 277.4653 14 1.0
330.1 277.5427 14 1.0
330.2 277.6201 14 1.0
330.3 277.6975 14 1.0
330.4 277.7749 14 1.0
330.5 277.8523 14 1.0
330.6 277.9297 14 1.0
330.7 278.0071 14 1.0
330.8 278.0846 14 1.0
330.9 278.162 14 1.0
331.0 278.2394 14 1.0
331.1 278.3168 14 1.0
331.2 278.3942 14 1.0
331.3 278.4716 14 1.0
331.4 278.549 14 1.0
331.5 278.6264 14 1.0
331.6 278.7038 14 1.0
331.7 278.7813 14 1.0
331.8 278.8587 14 1.0
331.9 278.9361 14 1.0
332.0 279.0135 14 1.0
332.1 279.0909 14 1.0
332.2 279.1683 14 1.0
332.3 279.2457 14 1.0
332.4 279.3231 14 1.0
332.5 279.4005 14 1.0
332.6 279.478 14 1.0
332.7 279.5554 14 1.0
332.8 279.6328 14 1.0
332.9 279.7102 14 1.0
333.0 279.7876 14 1.0
333.1 279.865 14 1.0
333.2 279.9424 14 1.0
333.3 280.0198 14 1.0
333.4 280.0973 14 1.0
333.5 280.1747 14 1.0
333.6 280.2521 14 1.0
333.7 280.3295 14 1.0
333.8 280.4069 14 1.0
333.9 280.4843 14 1.0
334.0 280.5617 14 1.0
334.1 280.6391 14 1.0
334.2 280.7165 14 1.0
334.3 280.794 14 1.0
334.4 280.8714 14 1.0
334.5 280.9488 14 1.0
334.6 281.0262 14 1.0
334.7 281.1036 14 1.0
334.8 281.181 14 1.0
334.9 281.2584 14 1.0
335.0 281.3358 14 1.0
335.1 281.4132 14 1.0
335.2 281.4907 14 1.0
335.3 281.5681 14 1.0
335.4 281.6455 14 1.0
335.5 281.7229 14 1.0
335.6 281.8003 14 1.0
335.7 281.8777 14 1.0
335.8 281.9551 14 1.0
335.9 282.0325 14 1.0
336.0 282.11 14 1.0
336.1 282.1874 14 1.0
336.2 282.2648 14 1.0
336.3 282.3422 14 1.0
336.4 282.4196 14 1.0
336.5 282.497 14 1.0
336.6 282.5744 14 1.0
336.7 282.6518 14 1.0
336.8 282.7292 14 1.0
336.9 282.8067 14 1.0
337.0 282.8841 14 1.0
337.1 282.9615 14 1.0
337.2 283.0389 14 1.0
337.3 283.1163 14 1.0
337.4 283.1937 14 1.0
337.5 283.2711 14 1.0
337.6 283.3485 14 1.0
337.7 283.4259 14 1.0
337.8 283.5034 14 1.0
337.9 283.5808 14 1.0
338.0 283.6582 14 1.0
338.1 283.7356 14 1.0
338.2 283.813 14 1.0
338.3 283.8904 14 1.0
338.4 283.9678 14 1.0
338.5 284.0452 14 1.0
338.6 284.1227 14 1.0
338.7 284.2001 14 1.0
338.8 284.2775 14 1.0
338.9 284.3549 14 1.0
339.0 284.4323 14 1.0
339.1 284.5097 14 1.0
339.2 284.5871 14 1.0
339.3 284.6645 14 1.0
339.4 284.7419 14 1.0
339.5 284.8194 14 1.0
339.6 284.8968 14 1.0
339.7 284.9742 14 1.0
339.8 285.0516 14 1.0
339.9 285.129 14 1.0
340.0 285.2064 14 1.0
340.1 285.2838 14 1.0
340.2 285.3612 14 1.0
340.3 285.4386 14 1.0
340.4 285.5161 14 1.0
340.5 285.5935 14 1.0
340.6 285.6709 14 1.0
340.7 285.7483 14 1.0
340.8 285.8257 14 1.0
340.9 285.9031 14 1.0
341.0 285.9805 14 1.0
341.1 286.0579 14 1.0
341.2 286.1354 14 1.0
341.3 286.2128 14 1.0
341.4 286.2902 14 1.0
341.5 286.3676 14 1.0
341.6 286.445 14 1.0
341.7 286.5224 14 1.0
341.8 286.5998 14 1.0
341.9 286.6772 14 1.0
342.0 286.7546 14 1.0
342.1 286.8321 14 1.0
342.2 286.9095 14 1.0
342.3 286.9869 14 1.0
342.4 287.0643 14 1.0
342.5 287.1417 14 1.0
342.6 287.2191 14 1.0
342.7 287.2965 14 1.0
342.8 287.3739 14 1.0
342.9 287.4513 14 1.0
343.0 287.5288 14 1.0
343.1 287.6062 14 1.0
343.2 287.6836 14 1.0
343.3 287.761 14 1.0
343.4 287.8384 14 1.0
343.5 287.9158 14 1.0
343.6 287.9932 14 1.0
343.7 288.0706 14 1.0
343.8 288.148 14 1.0
343.9 288.2255 14 1.0
344.0 288.3029 14 1.0
344.1 288.3803 14 1.0
344.2 288.4577 14 1.0
344.3 288.5351 14 1.0
344.4 288.6125 14 1.0
344.5 288.6899 14 1.0
344.6 288.7673 14 1.0
344.7 288.8448 14 1.0
344.8 288.9222 14 1.0
344.9 288.9996 14 1.0
345.0 289.077 14 1.0
345.1 289.1544 14 1.0
345.2 289.2318 14 1.0
345.3 289.3092 14 1.0
345.4 289.3866 14 1.0
345.5 289.464 14 1.0
345.6 289.5415 14 1.0
345.7 289.6189 14 1.0
345.8 289.6963 14 1.0
345.9 289.7737 14 1.0
346.0 289.8511 14 1.0
346.1 289.9285 14 1.0
346.2 290.0059 14 1.0
346.3 290.0833 14 1.0
346.4 290.1607 14 1.0
346.5 290.2382 14 1.0
346.6 290.3156 14 1.0
346.7 290.393 14 1.0
346.8 290.4704 14 1.0
346.9 290.5478 14 1.0
347.0 290.6252 14 1.0
347.1 290.7026 14 1.0
347.2 290.78 14 1.0
347.3 290.8575 14 1.0
347.4 290.9349 14 1.0
347.5 291.0123 14 1.0
347.6 291.0897 14 1.0
347.7 291.1671 14 1.0
347.8 291.2445 14 1.0
347.9 291.3219 14 1.0
348.0 291.3993 14 1.0
348.1 291.4767 14 1.0
348.2 291.5542 14 1.0
348.3 291.6316 14 1.0
348.4 291.709 14 1.0
348.5 291.7864 14 1.0
348.6 291.8638 14 1.0
348.7 291.9412 14 1.0
348.8 292.0186 14 1.0
348.9 292.096 14 1.0
349.0 292.1734 14 1.0
349.1 292.2509 14 1.0
349.2 292.3283 14 1.0
349.3 292.4057 14 1.0
349.4 292.4831 14 1.0
349.5 292.5605 14 1.0
349.6 292.6379 14 1.0
349.7 292.7153 14 1.0
349.8 292.7927 14 1.0
349.9 292.8702 14 1.0
350.0 292.9465 14 1.0
350.1 293.0228 14 1.0
350.2 293.0992 14 1.0
350.3 293.1755 14 1.0
350.4 293.2519 14 1.0
350.5 293.3282 14 1.0
350.6 293.4045 14 1.0
350.7 293.4809 14 1.0
350.8 293.5572 14 1.0
350.9 293.6336 14 1.0
351.0 293.7099 14 1.0
351.1 293.7863 14 1.0
351.2 293.8626 14 1.0
351.3 293.9389 14 1.0
351.4 294.0153 14 1.0
351.5 294.0916 14 1.0
351.6 294.168 14 1.0
351.7 294.2443 14 1.0
351.8 294.3206 14 1.0
351.9 294.397 14 1.0
352.0 294.4733 14 1.0
352.1 294.5497 14 1.0
352.2 294.626 14 1.0
352.3 294.7024 14 1.0
352.4 294.7787 14 1.0
352.5 294.855 14 1.0
352.6 294.9314 14 1.0
352.7 295.0077 14 1.0
352.8 295.0841 14 1.0
352.9 295.1604 14 1.0
353.0 295.2367 14 1.0
353.1 295.3131 14 1.0
353.2 295.3894 14 1.0
353.3 295.4658 14 1.0
353.4 295.5421 14 1.0
353.5 295.6185 14 1.0
353.6 295.6948 14 1.0
353.7 295.7711 14 1.0
353.8 295.8475 14 1.0
353.9 295.9238 14 1.0
354.0 296.0002 14 1.0
354.1 296.0765 14 1.0
354.2 296.1528 14 1.0
354.3 296.2292 14 1.0
354.4 296.3055 14 1.0
354.5 296.3819 14 1.0
354.6 296.4582 14 1.0
354.7 296.5346 14 1.0
354.8 296.6109 14 1.0
354.9 296.6872 14 1.0
355.0 296.7636 14 1.0
355.1 296.8399 14 1.0
355.2 296.9163 14 1.0
355.3 296.9926 14 1.0
355.4 297.0689 14 1.0
355.5 297.1453 14 1.0
355.6 297.2216 14 1.0
355.7 297.298 14 1.0
355.8 297.3743 14 1.0
355.9 297.4507 14 1.0
356.0 297.527 14 1.0
356.1 297.6033 14 1.0
356.2 297.6797 14 1.0
356.3 297.756 14 1.0
356.4 297.8324 14 1.0
356.5 297.9087 14 1.0
356.6 297.985 14 1.0
356.7 298.0614 14 1.0
356.8 298.1377 14 1.0
356.9 298.2141 14 1.0
357.0 298.2904 14 1.0
357.1 298.3668 14 1.0
357.2 298.4431 14 1.0
357.3 298.5194 14 1.0
357.4 298.5958 14 1.0
357.5 298.6721 14 1.0
357.6 298.7485 14 1.0
357.7 298.8248 14 1.0
357.8 298.9011 14 1.0
357.9 298.9775 14 1.0
358.0 299.0538 14 1.0
358.1 299.1302 14 1.0
358.2 299.2065 14 1.0
358.3 299.2829 14 1.0
358.4 299.3592 14 1.0
358.5 299.4355 14 1.0
358.6 299.5119 14 1.0
358.7 299.5882 14 1.0
358.8 299.6646 14 1.0
358.9 299.7409 14 1.0
359.0 299.8172 14 1.0
359.1 299.8936 14 1.0
359.2 299.9699 14 1.0
359.3 300.0463 14 1.0
359.4 300.1226 14 1.0
359.5 300.199 14 1.0
359.6 300.2753 14 1.0
359.7 300.3516 14 1.0
359.8 300.428 14 1.0
359.9 300.5043 14 1.0
360.0 300.5807 14 1.0
360.1 300.657 14 1.0
360.2 300.7333 14 1.0
360.3 300.8097 14 1.0
360.4 300.886 14 1.0
360.5 300.9624 14 1.0
360.6 301.0387 14 1.0
360.7 301.1151 14 1.0
360.8 301.1914 14 1.0
360.9 301.2677 14 1.0
361.0 301.3441 14 1.0
361.1 301.4204 14 1.0
361.2 301.4968 14 1.0
361.3 301.5731 14 1.0
361.4 301.6494 14 1.0
361.5 301.7258 14 1.0
361.6 301.8021 14 1.0
361.7 301.8785 14 1.0
361.8 301.9548 14 1.0
361.9 302.0312 14 1.0
362.0 302.1075 14 1.0
362.1 302.1838 14 1.0
362.2 302.2602 14 1.0
362.3 302.3365 14 1.0
362.4 302.4129 14 1.0
362.5 302.4892 14 1.0
362.6 302.5655 14 1.0
362.7 302.6419 14 1.0
362.8 302.7182 14 1.0
362.9 302.7946 14 1.0
363.0 302.8709 14 1.0
363.1 302.9473 14 1.0
363.2 303.0236 14 1.0
363.3 303.0999 14 1.0
363.4 303.1763 14 1.0
363.5 303.2526 14 1.0
363.6 303.329 14 1.0
363.7 303.4053 14 1.0
363.8 303.4816 14 1.0
363.9 303.558 14 1.0
364.0 303.6343 14 1.0
364.1 303.7107 14 1.0
364.2 303.787 14 1.0
364.3 303.8634 14 1.0
364.4 303.9397 14 1.0
364.5 304.016 14 1.0
364.6 304.0924 14 1.0
364.7 304.1687 14 1.0
364.8 304.2451 14 1.0
364.9 304.3214 14 1.0
365.0 304.3977 14 1.0
365.1 304.4741 14 1.0
365.2 304.5504 14 1.0
365.3 304.6268 14 1.0
365.4 304.7031 14 1.0
365.5 304.7795 14 1.0
365.6 304.8558 14 1.0
365.7 304.9321 14 1.0
365.8 305.0085 14 1.0
365.9 305.0848 14 1.0
366.0 305.1612 14 1.0
366.1 305.2375 14 1.0
366.2 305.3138 14 1.0
366.3 305.3902 14 1.0
366.4 305.4665 14 1.0
366.5 305.5429 14 1.0
366.6 305.6192 14 1.0
366.7 305.6956 14 1.0
366.8 305.7719 14 1.0
366.9 305.8482 14 1.0
367.0 305.9246 14 1.0
367.1 306.0009 14 1.0
367.2 306.0773 14 1.0
367.3 306.1536 14 1.0
367.4 306.2299 14 1.0
367.5 306.3063 14 1.0
367.6 306.3826 14 1.0
367.7 306.459 14 1.0
367.8 306.5353 14 1.0
367.9 306.6117 14 1.0
368.0 306.688 14 1.0
368.1 306.7643 14 1.0
368.2 306.8407 14 1.0
368.3 306.917 14 1.0
368.4 306.9934 14 1.0
368.5 307.0697 14 1.0
368.6 307.146 14 1.0
368.7 307.2224 14 1.0
368.8 307.2987 14 1.0
368.9 307.3751 14 1.0
369.0 307.4514 14 1.0
369.1 307.5278 14 1.0
369.2 307.6041 14 1.0
369.3 307.6804 14 1.0
369.4 307.7568 14 1.0
369.5 307.8331 14 1.0
369.6 307.9095 14 1.0
369.7 307.9858 14 1.0
369.8 308.0621 14 1.0
369.9 308.1385 14 1.0
370.0 308.2148 14 1.0
370.1 308.2912 14 1.0
370.2 308.3675 14 1.0
370.3 308.4439 14 1.0
370.4 308.5202 14 1.0
370.5 308.5965 14 1.0
370.6 308.6729 14 1.0
370.7 308.7492 14 1.0
370.8 308.8256 14 1.0
370.9 308.9019 14 1.0
371.0 308.9783 14 1.0
371.1 309.0546 14 1.0
371.2 309.1309 14 1.0
371.3 309.2073 14 1.0
371.4 309.2836 14 1.0
371.5 309.36 14 1.0
371.6 309.4363 14 1.0
371.7 309.5126 14 1.0
371.8 309.589 14 1.0
371.9 309.6653 14 1.0
372.0 309.7417 14 1.0
372.1 309.818 14 1.0
372.2 309.8944 14 1.0
372.3 309.9707 14 1.0
372.4 310.047 14 1.0
372.5 310.1234 14 1.0
372.6 310.1997 14 1.0
372.7 310.2761 14 1.0
372.8 310.3524 14 1.0
372.9 310.4287 14 1.0
373.0 310.5051 14 1.0
373.1 310.5814 14 1.0
373.2 310.6578 14 1.0
373.3 310.7341 14 1.0
373.4 310.8105 14 1.0
373.5 310.8868 14 1.0
373.6 310.9631 14 1.0
373.7 311.0395 14 1.0
373.8 311.1158 14 1.0
373.9 311.1922 14 1.0
374.0 311.2685 14 1.0
374.1 311.3448 14 1.0
374.2 311.4212 14 1.0
374.3 311.4975 14 1.0
374.4 311.5739 14 1.0
374.5 311.6502 14 1.0
374.6 311.7266 14 1.0
374.7 311.8029 14 1.0
374.8 311.8792 14 1.0
374.9 311.9556 14 1.0
375.0 312.0319 14 1.0
375.1 312.1083 14 1.0
375.2 312.1846 14 1.0
375.3 312.2609 14 1.0
375.4 312.3373 14 1.0
375.5 312.4136 14 1.0
375.6 312.49 14 1.0
375.7 312.5663 14 1.0
375.8 312.6427 14 1.0
375.9 312.719 14 1.0
376.0 312.7953 14 1.0
376.1 312.8717 14 1.0
376.2 312.948 14 1.0
376.3 313.0244 14 1.0
376.4 313.1007 14 1.0
376.5 313.177 14 1.0
376.6 313.2534 14 1.0
376.7 313.3297 14 1.0
376.8 313.4061 14 1.0
376.9 313.4824 14 1.0
377.0 313.5588 14 1.0
377.1 313.6351 14 1.0
377.2 313.7114 14 1.0
377.3 313.7878 14 1.0
377.4 313.8641 14 1.0
377.5 313.9405 14 1.0
377.6 314.0168 14 1.0
377.7 314.0931 14 1.0
377.8 314.1695 14 1.0
377.9 314.2458 14 1.0
378.0 314.3222 14 1.0
378.1 314.3985 14 1.0
378.2 314.4749 14 1.0
378.3 314.5512 14 1.0
378.4 314.6275 14 1.0
378.5 314.7039 14 1.0
378.6 314.7802 14 1.0
378.7 314.8566 14 1.0
378.8 314.9329 14 1.0
378.9 315.0092 14 1.0
379.0 315.0856 14 1.0
379.1 315.1619 14 1.0
379.2 315.2383 14 1.0
379.3 315.3146 14 1.0
379.4 315.391 14 1.0
379.5 315.4673 14 1.0
379.6 315.5436 14 1.0
379.7 315.62 14 1.0
379.8 315.6963 14 1.0
379.9 315.7727 14 1.0
380.0 315.849 14 1.0
380.1 315.9253 14 1.0
380.2 316.0017 14 1.0
380.3 316.078 14 1.0
380.4 316.1544 14 1.0
380.5 316.2307 14 1.0
380.6 316.3071 14 1.0
380.7 316.3834 14 1.0
380.8 316.4597 14 1.0
380.9 316.5361 14 1.0
381.0 316.6124 14 1.0
381.1 316.6888 14 1.0
381.2 316.7651 14 1.0
381.3 316.8414 14 1.0
381.4 316.9178 14 1.0
381.5 316.9941 14 1.0
381.6 317.0705 14 1.0
381.7 317.1468 14 1.0
381.8 317.2232 14 1.0
381.9 317.2995 14 1.0
382.0 317.3758 14 1.0
382.1 317.4522 14 1.0
382.2 317.5285 14 1.0
382.3 317.6049 14 1.0
382.4 317.6812 14 1.0
382.5 317.7575 14 1.0
382.6 317.8339 14 1.0
382.7 317.9102 14 1.0
382.8 317.9866 14 1.0
382.9 318.0629 14 1.0
383.0 318.1393 14 1.0
383.1 318.2156 14 1.0
383.2 318.2919 14 1.0
383.3 318.3683 14 1.0
383.4 318.4446 14 1.0
383.5 318.521 14 1.0
383.6 318.5973 14 1.0
383.7 318.6736 14 1.0
383.8 318.75 14 1.0
383.9 318.8263 14 1.0
384.0 318.9027 14 1.0
384.1 318.979 14 1.0
384.2 319.0554 14 1.0
384.3 319.1317 14 1.0
384.4 319.208 14 1.0
384.5 319.2844 14 1.0
384.6 319.3607 14 1.0
384.7 319.4371 14 1.0
384.8 319.5134 14 1.0
384.9 319.5897 14 1.0
385.0 319.6661 14 1.0
385.1 319.7424 14 1.0
385.2 319.8188 14 1.0
385.3 319.8951 14 1.0
385.4 319.9715 14 1.0
385.5 320.0478 14 1.0
385.6 320.1241 14 1.0
385.7 320.2005 14 1.0
385.8 320.2768 14 1.0
385.9 320.3532 14 1.0
386.0 320.4295 14 1.0
386.1 320.5058 14 1.0
386.2 320.5822 14 1.0
386.3 320.6585 14 1.0
386.4 320.7349 14 1.0
386.5 320.8112 14 1.0
386.6 320.8876 14 1.0
386.7 320.9639 14 1.0
386.8 321.0402 14 1.0
386.9 321.1166 14 1.0
387.0 321.1929 14 1.0
387.1 321.2693 14 1.0
387.2 321.3456 14 1.0
387.3 321.4219 14 1.0
387.4 321.4983 14 1.0
387.5 321.5746 14 1.0
387.6 321.651 14 1.0
387.7 321.7273 14 1.0
387.8 321.8037 14 1.0
387.9 321.88 14 1.0
388.0 321.9563 14 1.0
388.1 322.0327 14 1.0
388.2 322.109 14 1.0
388.3 322.1854 14 1.0
388.4 322.2617 14 1.0
388.5 322.338 14 1.0
388.6 322.4144 14 1.0
388.7 322.4907 14 1.0
388.8 322.5671 14 1.0
388.9 322.6434 14 1.0
389.0 322.7198 14 1.0
389.1 322.7961 14 1.0
389.2 322.8724 14 1.0
389.3 322.9488 14 1.0
389.4 323.0251 14 1.0
389.5 323.1015 14 1.0
389.6 323.1778 14 1.0
389.7 323.2541 14 1.0
389.8 323.3305 14 1.0
389.9 323.4068 14 1.0
390.0 323.4832 14 1.0
390.1 323.5595 14 1.0
390.2 323.6359 14 1.0
390.3 323.7122 14 1.0
390.4 323.7885 14 1.0
390.5 323.8649 14 1.0
390.6 323.9412 14 1.0
390.7 324.0176 14 1.0
390.8 324.0939 14 1.0
390.9 324.1702 14 1.0
391.0 324.2466 14 1.0
391.1 324.3229 14 1.0
391.2 324.3993 14 1.0
391.3 324.4756 14 1.0
391.4 324.552 14 1.0
391.5 324.6283 14 1.0
391.6 324.7046 14 1.0
391.7 324.781 14 1.0
391.8 324.8573 14 1.0
391.9 324.9337 14 1.0
392.0 325.01 14 1.0
392.1 325.0863 14 1.0
392.2 325.1627 14 1.0
392.3 325.239 14 1.0
392.4 325.3154 14 1.0
392.5 325.3917 14 1.0
392.6 325.4681 14 1.0
392.7 325.5444 14 1.0
392.8 325.6207 14 1.0
392.9 325.6971 14 1.0
393.0 325.7734 14 1.0
393.1 325.8498 14 1.0
393.2 325.9261 14 1.0
393.3 326.0024 14 1.0
393.4 326.0788 14 1.0
393.5 326.1551 14 1.0
393.6 326.2315 14 1.0
393.7 326.3078 14 1.0
393.8 326.3842 14 1.0
393.9 326.4605 14 1.0
394.0 326.5368 14 1.0
394.1 326.6132 14 1.0
394.2 326.6895 14 1.0
394.3 326.7659 14 1.0
394.4 326.8422 14 1.0
394.5 326.9185 14 1.0
394.6 326.9949 14 1.0
394.7 327.0712 14 1.0
394.8 327.1476 14 1.0
394.9 327.2239 14 1.0
395.0 327.3003 14 1.0
395.1 327.3766 14 1.0
395.2 327.4529 14 1.0
395.3 327.5293 14 1.0
395.4 327.6056 14 1.0
395.5 327.682 14 1.0
395.6 327.7583 14 1.0
395.7 327.8346 14 1.0
395.8 327.911 14 1.0
395.9 327.9873 14 1.0
396.0 328.0637 14 1.0
396.1 328.14 14 1.0
396.2 328.2164 14 1.0
396.3 328.2927 14 1.0
396.4 328.369 14 1.0
396.5 328.4454 14 1.0
396.6 328.5217 14 1.0
396.7 328.5981 14 1.0
396.8 328.6744 14 1.0
396.9 328.7508 14 1.0
397.0 328.8271 14 1.0
397.1 328.9034 14 1.0
397.2 328.9798 14 1.0
397.3 329.0561 14 1.0
397.4 329.1325 14 1.0
397.5 329.2088 14 1.0
397.6 329.2851 14 1.0
397.7 329.3615 14 1.0
397.8 329.4378 14 1.0
397.9 329.5142 14 1.0
398.0 329.5905 14 1.0
398.1 329.6669 14 1.0
398.2 329.7432 14 1.0
398.3 329.8195 14 1.0
398.4 329.8959 14 1.0
398.5 329.9722 14 1.0
398.6 330.0486 14 1.0
398.7 330.1249 14 1.0
398.8 330.2012 14 1.0
398.9 330.2776 14 1.0
399.0 330.3539 14 1.0
399.1 330.4303 14 1.0
399.2 330.5066 14 1.0
399.3 330.583 14 1.0
399.4 330.6593 14 1.0
399.5 330.7356 14 1.0
399.6 330.812 14 1.0
399.7 330.8883 14 1.0
399.8 330.9647 14 1.0
399.9 331.041 14 1.0
400.0 331.1095 14 1.0
400.1 331.1779 14 1.0
400.2 331.2464 14 1.0
400.3 331.3149 14 1.0
400.4 331.3834 14 1.0
400.5 331.4518 14 1.0
400.6 331.5203 14 1.0
400.7 331.5888 14 1.0
400.8 331.6572 14 1.0
400.9 331.7257 14 1.0
401.0 331.7942 14 1.0
401.1 331.8627 14 1.0
401.2 331.9311 14 1.0
401.3 331.9996 14 1.0
401.4 332.0681 14 1.0
401.5 332.1365 14 1.0
401.6 332.205 14 1.0
401.7 332.2735 14 1.0
401.8 332.342 14 1.0
401.9 332.4104 14 1.0
402.0 332.4789 14 1.0
402.1 332.5474 14 1.0
402.2 332.6158 14 1.0
402.3 332.6843 14 1.0
402.4 332.7528 14 1.0
402.5 332.8213 14 1.0
402.6 332.8897 14 1.0
402.7 332.9582 14 1.0
402.8 333.0267 14 1.0
402.9 333.0951 14 1.0
403.0 333.1636 14 1.0
403.1 333.2321 14 1.0
403.2 333.3006 14 1.0
403.3 333.369 14 1.0
403.4 333.4375 14 1.0
403.5 333.506 14 1.0
403.6 333.5744 14 1.0
403.7 333.6429 14 1.0
403.8 333.7114 14 1.0
403.9 333.7799 14 1.0
404.0 333.8483 14 1.0
404.1 333.9168 14 1.0
404.2 333.9853 14 1.0
404.3 334.0537 14 1.0
404.4 334.1222 14 1.0
404.5 334.1907 14 1.0
404.6 334.2592 14 1.0
404.7 334.3276 14 1.0
404.8 334.3961 14 1.0
404.9 334.4646 14 1.0
405.0 334.533 14 1.0
405.1 334.6015 14 1.0
405.2 334.67 14 1.0
405.3 334.7385 14 1.0
405.4 334.8069 14 1.0
405.5 334.8754 14 1.0
405.6 334.9439 14 1.0
405.7 335.0123 14 1.0
405.8 335.0808 14 1.0
405.9 335.1493 14 1.0
406.0 335.2178 14 1.0
406.1 335.2862 14 1.0
406.2 335.3547 14 1.0
406.3 335.4232 14 1.0
406.4 335.4916 14 1.0
406.5 335.5601 14 1.0
406.6 335.6286 14 1.0
406.7 335.6971 14 1.0
406.8 335.7655 14 1.0
406.9 335.834 14 1.0
407.0 335.9025 14 1.0
407.1 335.9709 14 1.0
407.2 336.0394 14 1.0
407.3 336.1079 14 1.0
407.4 336.1764 14 1.0
407.5 336.2448 14 1.0
407.6 336.3133 14 1.0
407.7 336.3818 14 1.0
407.8 336.4502 14 1.0
407.9 336.5187 14 1.0
408.0 336.5872 14 1.0
408.1 336.6557 14 1.0
408.2 336.7241 14 1.0
408.3 336.7926 14 1.0
408.4 336.8611 14 1.0
408.5 336.9295 14 1.0
408.6 336.998 14 1.0
408.7 337.0665 14 1.0
408.8 337.135 14 1.0
408.9 337.2034 14 1.0
409.0 337.2719 14 1.0
409.1 337.3404 14 1.0
409.2 337.4088 14 1.0
409.3 337.4773 14 1.0
409.4 337.5458 14 1.0
409.5 337.6143 14 1.0
409.6 337.6827 14 1.0
409.7 337.7512 14 1.0
409.8 337.8197 14 1.0
409.9 337.8881 14 1.0
410.0 337.9566 14 1.0
410.1 338.0251 14 1.0
410.2 338.0936 14 1.0
410.3 338.162 14 1.0
410.4 338.2305 14 1.0
410.5 338.299 14 1.0
410.6 338.3674 14 1.0
410.7 338.4359 14 1.0
410.8 338.5044 14 1.0
410.9 338.5729 14 1.0
411.0 338.6413 14 1.0
411.1 338.7098 14 1.0
411.2 338.7783 14 1.0
411.3 338.8467 14 1.0
411.4 338.9152 14 1.0
411.5 338.9837 14 1.0
411.6 339.0522 14 1.0
411.7 339.1206 14 1.0
411.8 339.1891 14 1.0
411.9 339.2576 14 1.0
412.0 339.326 14 1.0
412.1 339.3945 14 1.0
412.2 339.463 14 1.0
412.3 339.5315 14 1.0
412.4 339.5999 14 1.0
412.5 339.6684 14 1.0
412.6 339.7369 14 1.0
412.7 339.8053 14 1.0
412.8 339.8738 14 1.0
412.9 339.9423 14 1.0
413.0 340.0108 14 1.0
413.1 340.0792 14 1.0
413.2 340.1477 14 1.0
413.3 340.2162 14 1.0
413.4 340.2846 14 1.0
413.5 340.3531 14 1.0
413.6 340.4216 14 1.0
413.7 340.4901 14 1.0
413.8 340.5585 14 1.0
413.9 340.627 14 1.0
414.0 340.6955 14 1.0
414.1 340.7639 14 1.0
414.2 340.8324 14 1.0
414.3 340.9009 14 1.0
414.4 340.9694 14 1.0
414.5 341.0378 14 1.0
414.6 341.1063 14 1.0
414.7 341.1748 14 1.0
414.8 341.2432 14 1.0
414.9 341.3117 14 1.0
415.0 341.3802 14 1.0
415.1 341.4487 14 1.0
415.2 341.5171 14 1.0
415.3 341.5856 14 1.0
415.4 341.6541 14 1.0
415.5 341.7225 14 1.0
415.6 341.791 14 1.0
415.7 341.8595 14 1.0
415.8 341.928 14 1.0
415.9 341.9964 14 1.0
416.0 342.0649 14 1.0
416.1 342.1334 14 1.0
416.2 342.2018 14 1.0
416.3 342.2703 14 1.0
416.4 342.3388 14 1.0
416.5 342.4073 14 1.0
416.6 342.4757 14 1.0
416.7 342.5442 14 1.0
416.8 342.6127 14 1.0
416.9 342.6811 14 1.0
417.0 342.7496 14 1.0
417.1 342.8181 14 1.0
417.2 342.8866 14 1.0
417.3 342.955 14 1.0
417.4 343.0235 14 1.0
417.5 343.092 14 1.0
417.6 343.1604 14 1.0
417.7 343.2289 14 1.0
417.8 343.2974 14 1.0
417.9 343.3659 14 1.0
418.0 343.4343 14 1.0
418.1 343.5028 14 1.0
418.2 343.5713 14 1.0
418.3 343.6397 14 1.0
418.4 343.7082 14 1.0
418.5 343.7767 14 1.0
418.6 343.8452 14 1.0
418.7 343.9136 14 1.0
418.8 343.9821 14 1.0
418.9 344.0506 14 1.0
419.0 344.119 14 1.0
419.1 344.1875 14 1.0
419.2 344.256 14 1.0
419.3 344.3245 14 1.0
419.4 344.3929 14 1.0
419.5 344.4614 14 1.0
419.6 344.5299 14 1.0
419.7 344.5983 14 1.0
419.8 344.6668 14 1.0
419.9 344.7353 14 1.0
420.0 344.8038 14 1.0
420.1 344.8722 14 1.0
420.2 344.9407 14 1.0
420.3 345.0092 14 1.0
420.4 345.0776 14 1.0
420.5 345.1461 14 1.0
420.6 345.2146 14 1.0
420.7 345.2831 14 1.0
420.8 345.3515 14 1.0
420.9 345.42 14 1.0
421.0 345.4885 14 1.0
421.1 345.5569 14 1.0
421.2 345.6254 14 1.0
421.3 345.6939 14 1.0
421.4 345.7624 14 1.0
421.5 345.8308 14 1.0
421.6 345.8993 14 1.0
421.7 345.9678 14 1.0
421.8 346.0362 14 1.0
421.9 346.1047 14 1.0
422.0 346.1732 14 1.0
422.1 346.2417 14 1.0
422.2 346.3101 14 1.0
422.3 346.3786 14 1.0
422.4 346.4471 14 1.0
422.5 346.5155 14 1.0
422.6 346.584 14 1.0
422.7 346.6525 14 1.0
422.8 346.721 14 1.0
422.9 346.7894 14 1.0
423.0 346.8579 14 1.0
423.1 346.9264 14 1.0
423.2 346.9948 14 1.0
423.3 347.0633 14 1.0
423.4 347.1318 14 1.0
423.5 347.2003 14 1.0
423.6 347.2687 14 1.0
423.7 347.3372 14 1.0
423.8 347.4057 14 1.0
423.9 347.4741 14 1.0
424.0 347.5426 14 1.0
424.1 347.6111 14 1.0
424.2 347.6796 14 1.0
424.3 347.748 14 1.0
424.4 347.8165 14 1.0
424.5 347.885 14 1.0
424.6 347.9534 14 1.0
424.7 348.0219 14 1.0
424.8 348.0904 14 1.0
424.9 348.1589 14 1.0
425.0 348.2273 14 1.0
425.1 348.2958 14 1.0
425.2 348.3643 14 1.0
425.3 348.4327 14 1.0
425.4 348.5012 14 1.0
425.5 348.5697 14 1.0
425.6 348.6382 14 1.0
425.7 348.7066 14 1.0
425.8 348.7751 14 1.0
425.9 348.8436 14 1.0
426.0 348.912 14 1.0
426.1 348.9805 14 1.0
426.2 349.049 14 1.0
426.3 349.1175 14 1.0
426.4 349.1859 14 1.0
426.5 349.2544 14 1.0
426.6 349.3229 14 1.0
426.7 349.3913 14 1.0
426.8 349.4598 14 1.0
426.9 349.5283 14 1.0
427.0 349.5968 14 1.0
427.1 349.6652 14 1.0
427.2 349.7337 14 1.0
427.3 349.8022 14 1.0
427.4 349.8706 14 1.0
427.5 349.9391 14 1.0
427.6 350.0076 14 1.0
427.7 350.0761 14 1.0
427.8 350.1445 14 1.0
427.9 350.213 14 1.0
428.0 350.2815 14 1.0
428.1 350.3499 14 1.0
428.2 350.4184 14 1.0
428.3 350.4869 14 1.0
428.4 350.5554 14 1.0
428.5 350.6238 14 1.0
428.6 350.6923 14 1.0
428.7 350.7608 14 1.0
428.8 350.8292 14 1.0
428.9 350.8977 14 1.0
429.0 350.9662 14 1.0
429.1 351.0347 14 1.0
429.2 351.1031 14 1.0
429.3 351.1716 14 1.0
429.4 351.2401 14 1.0
429.5 351.3085 14 1.0
429.6 351.377 14 1.0
429.7 351.4455 14 1.0
429.8 351.514 14 1.0
429.9 351.5824 14 1.0
430.0 351.6509 14 1.0
430.1 351.7194 14 1.0
430.2 351.7878 14 1.0
430.3 351.8563 14 1.0
430.4 351.9248 14 1.0
430.5 351.9933 14 1.0
430.6 352.0617 14 1.0
430.7 352.1302 14 1.0
430.8 352.1987 14 1.0
430.9 352.2671 14 1.0
431.0 352.3356 14 1.0
431.1 352.4041 14 1.0
431.2 352.4726 14 1.0
431.3 352.541 14 1.0
431.4 352.6095 14 1.0
431.5 352.678 14 1.0
431.6 352.7464 14 1.0
431.7 352.8149 14 1.0
431.8 352.8834 14 1.0
431.9 352.9519 14 1.0
432.0 353.0203 14 1.0
432.1 353.0888 14 1.0
432.2 353.1573 14 1.0
432.3 353.2257 14 1.0
432.4 353.2942 14 1.0
432.5 353.3627 14 1.0
432.6 353.4312 14 1.0
432.7 353.4996 14 1.0
432.8 353.5681 14 1.0
432.9 353.6366 14 1.0
433.0 353.705 14 1.0
433.1 353.7735 14 1.0
433.2 353.842 14 1.0
433.3 353.9105 14 1.0
433.4 353.9789 14 1.0
433.5 354.0474 14 1.0
433.6 354.1159 14 1.0
433.7 354.1843 14 1.0
433.8 354.2528 14 1.0
433.9 354.3213 14 1.0
434.0 354.3898 14 1.0
434.1 354.4582 14 1.0
434.2 354.5267 14 1.0
434.3 354.5952 14 1.0
434.4 354.6636 14 1.0
434.5 354.7321 14 1.0
434.6 354.8006 14 1.0
434.7 354.8691 14 1.0
434.8 354.9375 14 1.0
434.9 355.006 14 1.0
435.0 355.0745 14 1.0
435.1 355.1429 14 1.0
435.2 355.2114 14 1.0
435.3 355.2799 14 1.0
435.4 355.3484 14 1.0
435.5 355.4168 14 1.0
435.6 355.4853 14 1.0
435.7 355.5538 14 1.0
435.8 355.6222 14 1.0
435.9 355.6907 14 1.0
436.0 355.7592 14 1.0
436.1 355.8277 14 1.0
436.2 355.8961 14 1.0
436.3 355.9646 14 1.0
436.4 356.0331 14 1.0
436.5 356.1015 14 1.0
436.6 356.17 14 1.0
436.7 356.2385 14 1.0
436.8 356.307 14 1.0
436.9 356.3754 14 1.0
437.0 356.4439 14 1.0
437.1 356.5124 14 1.0
437.2 356.5808 14 1.0
437.3 356.6493 14 1.0
437.4 356.7178 14 1.0
437.5 356.7863 14 1.0
437.6 356.8547 14 1.0
437.7 356.9232 14 1.0
437.8 356.9917 14 1.0
437.9 357.0601 14 1.0
438.0 357.1286 14 1.0
438.1 357.1971 14 1.0
438.2 357.2656 14 1.0
438.3 357.334 14 1.0
438.4 357.4025 14 1.0
438.5 357.471 14 1.0
438.6 357.5394 14 1.0
438.7 357.6079 14 1.0
438.8 357.6764 14 1.0
438.9 357.7449 14 1.0
439.0 357.8133 14 1.0
439.1 357.8818 14 1.0
439.2 357.9503 14 1.0
439.3 358.0187 14 1.0
439.4 358.0872 14 1.0
439.5 358.1557 14 1.0
439.6 358.2242 14 1.0
439.7 358.2926 14 1.0
439.8 358.3611 14 1.0
439.9 358.4296 14 1.0
440.0 358.498 14 1.0
440.1 358.5665 14 1.0
440.2 358.635 14 1.0
440.3 358.7035 14 1.0
440.4 358.7719 14 1.0
440.5 358.8404 14 1.0
440.6 358.9089 14 1.0
440.7 358.9773 14 1.0
440.8 359.0458 14 1.0
440.9 359.1143 14 1.0
441.0 359.1828 14 1.0
441.1 359.2512 14 1.0
441.2 359.3197 14 1.0
441.3 359.3882 14 1.0
441.4 359.4566 14 1.0
441.5 359.5251 14 1.0
441.6 359.5936 14 1.0
441.7 359.662 14 1.0
441.8 359.7305 14 1.0
441.9 359.799 14 1.0
442.0 359.8675 14 1.0
442.1 359.9359 14 1.0
442.2 360.0044 14 1.0
442.3 360.0729 14 1.0
442.4 360.1413 14 1.0
442.5 360.2098 14 1.0
442.6 360.2783 14 1.0
442.7 360.3468 14 1.0
442.8 360.4152 14 1.0
442.9 360.4837 14 1.0
443.0 360.5522 14 1.0
443.1 360.6206 14 1.0
443.2 360.6891 14 1.0
443.3 360.7576 14 1.0
443.4 360.8261 14 1.0
443.5 360.8945 14 1.0
443.6 360.963 14 1.0
443.7 361.0315 14 1.0
443.8 361.0999 14 1.0
443.9 361.1684 14 1.0
444.0 361.2369 14 1.0
444.1 361.3054 14 1.0
444.2 361.3738 14 1.0
444.3 361.4423 14 1.0
444.4 361.5108 14 1.0
444.5 361.5792 14 1.0
444.6 361.6477 14 1.0
444.7 361.7162 14 1.0
444.8 361.7847 14 1.0
444.9 361.8531 14 1.0
445.0 361.9216 14 1.0
445.1 361.9901 14 1.0
445.2 362.0585 14 1.0
445.3 362.127 14 1.0
445.4 362.1955 14 1.0
445.5 362.264 14 1.0
445.6 362.3324 14 1.0
445.7 362.4009 14 1.0
445.8 362.4694 14 1.0
445.9 362.5378 14 1.0
446.0 362.6063 14 1.0
446.1 362.6748 14 1.0
446.2 362.7433 14 1.0
446.3 362.8117 14 1.0
446.4 362.8802 14 1.0
446.5 362.9487 14 1.0
446.6 363.0171 14 1.0
446.7 363.0856 14 1.0
446.8 363.1541 14 1.0
446.9 363.2226 14 1.0
447.0 363.291 14 1.0
447.1 363.3595 14 1.0
447.2 363.428 14 1.0
447.3 363.4964 14 1.0
447.4 363.5649 14 1.0
447.5 363.6334 14 1.0
447.6 363.7019 14 1.0
447.7 363.7703 14 1.0
447.8 363.8388 14 1.0
447.9 363.9073 14 1.0
448.0 363.9757 14 1.0
448.1 364.0442 14 1.0
448.2 364.1127 14 1.0
448.3 364.1812 14 1.0
448.4 364.2496 14 1.0
448.5 364.3181 14 1.0
448.6 364.3866 14 1.0
448.7 364.455 14 1.0
448.8 364.5235 14 1.0
448.9 364.592 14 1.0
449.0 364.6605 14 1.0
449.1 364.7289 14 1.0
449.2 364.7974 14 1.0
449.3 364.8659 14 1.0
449.4 364.9343 14 1.0
449.5 365.0028 14 1.0
449.6 365.0713 14 1.0
449.7 365.1398 14 1.0
449.8 365.2082 14 1.0
449.9 365.2767 14 1.0
