15.0 1.355806 13 0.028330110389441443
15.1 1.364089 13 0.028837850438872104
15.2 1.372363 13 0.02934178138390009
15.3 1.380629 13 0.02983584738243117
15.4 1.388886 13 0.03032705781230738
15.5 1.397135 13 0.0308072611051462
15.6 1.405376 13 0.031287966782819865
15.7 1.413608 13 0.03175260410323866
15.8 1.421831 13 0.03221462652668239
15.9 1.430047 13 0.032673154141838356
16.0 1.438254 13 0.03312397596941563
16.1 1.44656 13 0.033578119458410605
16.2 1.454859 13 0.03402277619299432
16.3 1.463149 13 0.03446389623513979
16.4 1.47143 13 0.034896240534322165
16.5 1.479703 13 0.03532931259817029
16.6 1.487968 13 0.03575539962723395
16.7 1.496224 13 0.036172698175361395
16.8 1.504472 13 0.036585409810656944
16.9 1.512711 13 0.03699703312779423
17.0 1.520942 13 0.03739870698683245
17.1 1.529165 13 0.03779758897550878
17.2 1.53738 13 0.038190171030853426
17.3 1.545587 13 0.03857853601249839
17.4 1.553785 13 0.03896294788733978
17.5 1.561975 13 0.039340388393408476
17.6 1.570157 13 0.0397167393054948
17.7 1.578331 13 0.04008557283181213
17.8 1.586497 13 0.040450122146870826
17.9 1.594655 13 0.04081052219223069
18.0 1.602804 13 0.04116843485470023
18.1 1.612043 13 0.041600074120399344
18.2 1.621271 13 0.04202762058634879
18.3 1.630489 13 0.042452549580764165
18.4 1.639696 13 0.042871885300924784
18.5 1.648894 13 0.04328201481829008
18.6 1.658081 13 0.04369196642288031
18.7 1.667258 13 0.04408737517224948
18.8 1.676425 13 0.0444939965694684
18.9 1.685582 13 0.04488889093962822
19.0 1.694729 13 0.045279097387173506
19.1 1.703866 13 0.04566515426705109
19.2 1.712993 13 0.04604842426429345
19.3 1.72211 13 0.04642534967025469
19.4 1.731218 13 0.04679755855557888
19.5 1.740315 13 0.04716748458537823
19.6 1.749402 13 0.047531657184804565
19.7 1.75848 13 0.04789563933928065
19.8 1.767548 13 0.04825125126638752
19.9 1.776606 13 0.04860593281257486
20.0 1.785655 13 0.048955420603343125
20.1 1.795199 13 0.0493356556739557
20.2 1.804733 13 0.04970915062774339
20.3 1.814257 13 0.05008389502553379
20.4 1.823769 13 0.05045508267030563
20.5 1.833271 13 0.05081741898148151
20.6 1.842763 13 0.05117765814266495
20.7 1.852244 13 0.05152971066432943
20.8 1.861714 13 0.051890471101354585
20.9 1.871174 13 0.052237549337895595
21.0 1.880623 13 0.052586321675838876
21.1 1.890062 13 0.05293101320498572
21.2 1.89949 13 0.053267034337384
21.3 1.908908 13 0.053604560187772377
21.4 1.918316 13 0.053937790265195185
21.5 1.927713 13 0.054266388742392535
21.6 1.937101 13 0.054595621760591184
21.7 1.946478 13 0.054917429083524594
21.8 1.955844 13 0.05523951885834055
21.9 1.965201 13 0.055555410374141245
22.0 1.974547 13 0.055868644487105934
22.1 1.984499 13 0.05622111263533014
22.2 1.99444 13 0.05656557580672339
22.3 21.78608 14 1.0
22.4 21.88587 14 1.0
22.5 21.98565 14 1.0
22.6 22.08544 14 1.0
22.7 22.18523 14 1.0
22.8 22.28501 14 1.0
22.9 22.3848 14 1.0
23.0 22.48459 14 1.0
23.1 22.58437 14 1.0
23.2 22.68416 14 1.0
23.3 22.78394 14 1.0
23.4 22.88373 14 1.0
23.5 22.98352 14 1.0
23.6 23.0833 14 1.0
23.7 23.18309 14 1.0
23.8 23.28288 14 1.0
23.9 23.38266 14 1.0
24.0 23.48245 14 1.0
24.1 23.58223 14 1.0
24.2 23.68201 14 1.0
24.3 23.78178 14 1.0
24.4 23.88156 14 1.0
24.5 5.800163 14 0.2224063661089073
24.6 6.02302 14 0.23095340066859393
24.7 6.24829 14 0.23952821818283176
24.8 6.475973 14 0.2481345697649342
24.9 6.70607 14 0.25676855024111944
25.0 6.938581 14 0.26543265583063436
25.1 7.173505 14 0.27412375778905573
25.2 7.410842 14 0.28284500841848004
25.3 7.650593 14 0.2915931277055306
25.4 7.892758 14 0.3003689084952146
25.5 8.137336 14 0.3091714319144222
25.6 8.384327 14 0.3180009206286579
25.7 8.633732 14 0.32685847985729843
25.8 8.885551 14 0.3357419337466594
25.9 9.139783 14 0.3446477296344218
26.0 9.396429 14 0.35358388528748597
26.1 9.656934 14 0.3626016598497098
26.2 9.919866 14 0.37164239186123105
26.3 10.18523 14 0.38070938374226404
26.4 10.45301 14 0.3898010616868355
26.5 10.72323 14 0.3989188010007567
26.6 10.99587 14 0.408057605515895
26.7 11.27093 14 0.4172216842230083
26.8 11.54843 14 0.426409508467935
26.9 11.82835 14 0.43561807377138684
27.0 12.1107 14 0.4448518682258573
27.1 12.39548 14 0.4541065406211994
27.2 12.68268 14 0.4633843019437708
27.3 12.97231 14 0.47268364641296634
27.4 13.26437 14 0.48200552134636676
27.5 13.55885 14 0.4913488989507756
27.6 13.85577 14 0.5007129837022688
27.7 14.15511 14 0.510098882913826
27.8 14.45687 14 0.5195049578283693
27.9 14.76107 14 0.5289307382420037
28.0 15.06769 14 0.5383780701996377
28.1 15.38313 14 0.5480828941697857
28.2 15.70106 14 0.5578064494776209
28.3 16.02148 14 0.5675521179126278
28.4 16.34438 14 0.5773166031898245
28.5 16.66977 14 0.5871026966803449
28.6 16.99764 14 0.5969054549393565
28.7 17.328 14 0.6067305216689471
28.8 17.66084 14 0.6165715975619536
28.9 17.99617 14 0.6264313245016209
29.0 18.33398 14 0.6363123018088727
29.1 18.67428 14 0.6462104342128725
29.2 19.01706 14 0.6561248600055186
29.3 19.36233 14 0.666060475901005
29.4 19.71008 14 0.6760122749469373
29.5 20.06032 14 0.6859818579496937
29.6 20.41304 14 0.6959689906150265
29.7 20.76825 14 0.7059737816350065
29.8 21.12594 14 0.7159959288091766
29.9 21.48612 14 0.7260330445998767
30.0 21.84878 14 0.7360875406966716
30.1 22.22029 14 0.7463800359364015
30.2 22.59433 14 0.7566900928046632
30.3 22.9709 14 0.7670153512081834
30.4 23.35002 14 0.777357308602855
30.5 23.73167 14 0.7877152578484714
30.6 24.11586 14 0.7980882483716355
30.7 24.50259 14 0.8084790447508636
30.8 24.89185 14 0.8188844228351531
30.9 25.28365 14 0.8293058474874995
31.0 25.67799 14 0.8397424998923945
31.1 26.07487 14 0.8501947920763437
31.2 26.47428 14 0.8606609827318937
31.3 26.87623 14 0.8711429361985816
31.4 27.28072 14 0.8816396063781851
31.5 27.68775 14 0.8921508573804512
31.6 28.09731 14 0.9026765894245972
31.7 28.50941 14 0.9132169383621105
31.8 28.92405 14 0.9237713379859648
31.9 29.34122 14 0.9343398186007351
32.0 29.76094 14 0.9449221395670392
32.1 30.18319 14 0.9555182699478002
32.2 30.60797 14 0.9661283616345402
32.3 31.0353 14 0.9767519538677216
32.4 31.46516 14 0.9873887832258663
32.5 31.89756 14 0.9980389931835791
32.6 32.05873 14 1.0
32.7 32.15841 14 1.0
32.8 32.25808 14 1.0
32.9 32.35776 14 1.0
33.0 32.45743 14 1.0
33.1 32.55711 14 1.0
33.2 32.65678 14 1.0
33.3 32.75646 14 1.0
33.4 32.85614 14 1.0
33.5 32.95581 14 1.0
33.6 33.05549 14 1.0
33.7 33.15516 14 1.0
33.8 33.25484 14 1.0
33.9 33.35452 14 1.0
34.0 33.45419 14 1.0
34.1 33.55387 14 1.0
34.2 33.65354 14 1.0
34.3 33.75322 14 1.0
34.4 33.8529 14 1.0
34.5 33.95257 14 1.0
34.6 34.05225 14 1.0
34.7 34.15192 14 1.0
34.8 34.2516 14 1.0
34.9 34.35128 14 1.0
35.0 34.45095 14 1.0
35.1 34.55059 14 1.0
35.2 34.65023 14 1.0
35.3 34.74987 14 1.0
35.4 34.84951 14 1.0
35.5 34.94915 14 1.0
35.6 35.04879 14 1.0
35.7 35.14843 14 1.0
35.8 35.24807 14 1.0
35.9 35.34771 14 1.0
36.0 35.44735 14 1.0
36.1 35.54699 14 1.0
36.2 35.64663 14 1.0
36.3 35.74627 14 1.0
36.4 35.84591 14 1.0
36.5 35.94555 14 1.0
36.6 36.04519 14 1.0
36.7 36.14483 14 1.0
36.8 36.24447 14 1.0
36.9 36.34411 14 1.0
37.0 36.44375 14 1.0
37.1 36.54339 14 1.0
37.2 36.64303 14 1.0
37.3 36.74267 14 1.0
37.4 36.84231 14 1.0
37.5 36.94195 14 1.0
37.6 37.04158 14 1.0
37.7 37.14122 14 1.0
37.8 37.24086 14 1.0
37.9 37.3405 14 1.0
38.0 37.44014 14 1.0
38.1 37.53978 14 1.0
38.2 37.63942 14 1.0
38.3 37.73906 14 1.0
38.4 37.8387 14 1.0
38.5 37.93834 14 1.0
38.6 38.03798 14 1.0
38.7 38.13762 14 1.0
38.8 38.23726 14 1.0
38.9 38.3369 14 1.0
39.0 38.43654 14 1.0
39.1 38.53618 14 1.0
39.2 38.63582 14 1.0
39.3 38.73546 14 1.0
39.4 38.8351 14 1.0
39.5 38.93474 14 1.0
39.6 39.03438 14 1.0
39.7 39.13402 14 1.0
39.8 39.23366 14 1.0
39.9 39.3333 14 1.0
40.0 39.43294 14 1.0
40.1 39.53248 14 1.0
40.2 39.63202 14 1.0
40.3 39.73157 14 1.0
40.4 39.83111 14 1.0
40.5 39.93065 14 1.0
40.6 40.03019 14 1.0
40.7 40.12974 14 1.0
40.8 40.22928 14 1.0
40.9 40.32882 14 1.0
41.0 40.42836 14 1.0
41.1 40.52791 14 1.0
41.2 40.62745 14 1.0
41.3 40.72699 14 1.0
41.4 40.82653 14 1.0
41.5 40.92608 14 1.0
41.6 41.02562 14 1.0
41.7 41.12516 14 1.0
41.8 41.2247 14 1.0
41.9 41.32425 14 1.0
42.0 41.42379 14 1.0
42.1 41.52333 14 1.0
42.2 41.62287 14 1.0
42.3 41.72242 14 1.0
42.4 41.82196 14 1.0
42.5 41.9215 14 1.0
42.6 42.02104 14 1.0
42.7 42.12059 14 1.0
42.8 42.22013 14 1.0
42.9 42.31967 14 1.0
43.0 42.41921 14 1.0
43.1 42.51876 14 1.0
43.2 42.6183 14 1.0
43.3 42.71784 14 1.0
43.4 42.81738 14 1.0
43.5 42.91693 14 1.0
43.6 43.01647 14 1.0
43.7 43.11601 14 1.0
43.8 43.21555 14 1.0
43.9 43.31509 14 1.0
44.0 43.41464 14 1.0
44.1 43.51418 14 1.0
44.2 43.61372 14 1.0
44.3 43.71326 14 1.0
44.4 43.81281 14 1.0
44.5 43.91235 14 1.0
44.6 44.01189 14 1.0
44.7 44.11143 14 1.0
44.8 44.21098 14 1.0
44.9 44.31052 14 1.0
45.0 44.41006 14 1.0
45.1 44.5096 14 1.0
45.2 44.60915 14 1.0
45.3 44.70869 14 1.0
45.4 44.80823 14 1.0
45.5 44.90777 14 1.0
45.6 45.00732 14 1.0
45.7 45.10686 14 1.0
45.8 45.2064 14 1.0
45.9 45.30594 14 1.0
46.0 45.40549 14 1.0
46.1 45.50503 14 1.0
46.2 45.60457 14 1.0
46.3 45.70411 14 1.0
46.4 45.80366 14 1.0
46.5 45.9032 14 1.0
46.6 46.00274 14 1.0
46.7 46.10228 14 1.0
46.8 46.20183 14 1.0
46.9 46.30137 14 1.0
47.0 46.40091 14 1.0
47.1 46.50045 14 1.0
47.2 46.6 14 1.0
47.3 46.69954 14 1.0
47.4 46.79908 14 1.0
47.5 46.89862 14 1.0
47.6 46.99817 14 1.0
47.7 47.09771 14 1.0
47.8 47.19725 14 1.0
47.9 47.29679 14 1.0
48.0 47.39634 14 1.0
48.1 47.49588 14 1.0
48.2 47.59542 14 1.0
48.3 47.69496 14 1.0
48.4 47.79451 14 1.0
48.5 47.89405 14 1.0
48.6 47.99359 14 1.0
48.7 48.09313 14 1.0
48.8 48.19268 14 1.0
48.9 48.29222 14 1.0
49.0 48.39176 14 1.0
49.1 48.4913 14 1.0
49.2 48.59085 14 1.0
49.3 48.69039 14 1.0
49.4 48.78993 14 1.0
49.5 48.88947 14 1.0
49.6 48.98902 14 1.0
49.7 49.08856 14 1.0
49.8 49.1881 14 1.0
49.9 49.28764 14 1.0
50.0 49.38719 14 1.0
50.1 49.48606 14 1.0
50.2 49.58493 14 1.0
50.3 49.6838 14 1.0
50.4 49.78267 14 1.0
50.5 49.88154 14 1.0
50.6 49.98041 14 1.0
50.7 50.07928 14 1.0
50.8 50.17815 14 1.0
50.9 50.27702 14 1.0
51.0 50.37589 14 1.0
51.1 50.47476 14 1.0
51.2 50.57363 14 1.0
51.3 50.67251 14 1.0
51.4 50.77138 14 1.0
51.5 50.87025 14 1.0
51.6 50.96912 14 1.0
51.7 51.06799 14 1.0
51.8 51.16686 14 1.0
51.9 51.26573 14 1.0
52.0 51.3646 14 1.0
52.1 51.46347 14 1.0
52.2 51.56234 14 1.0
52.3 51.66121 14 1.0
52.4 51.76008 14 1.0
52.5 51.85895 14 1.0
52.6 51.95783 14 1.0
52.7 52.0567 14 1.0
52.8 52.15557 14 1.0
52.9 52.25444 14 1.0
53.0 52.35331 14 1.0
53.1 52.45218 14 1.0
53.2 52.55105 14 1.0
53.3 52.64992 14 1.0
53.4 52.74879 14 1.0
53.5 52.84766 14 1.0
53.6 52.94653 14 1.0
53.7 53.0454 14 1.0
53.8 53.14427 14 1.0
53.9 53.24315 14 1.0
54.0 53.34202 14 1.0
54.1 53.44089 14 1.0
54.2 53.53976 14 1.0
54.3 53.63863 14 1.0
54.4 53.7375 14 1.0
54.5 53.83637 14 1.0
54.6 53.93524 14 1.0
54.7 54.03411 14 1.0
54.8 54.13298 14 1.0
54.9 54.23185 14 1.0
55.0 54.33072 14 1.0
55.1 54.42959 14 1.0
55.2 54.52847 14 1.0
55.3 54.62734 14 1.0
55.4 54.72621 14 1.0
55.5 54.82508 14 1.0
55.6 54.92395 14 1.0
55.7 55.02282 14 1.0
55.8 55.12169 14 1.0
55.9 55.22056 14 1.0
56.0 55.31943 14 1.0
56.1 55.4183 14 1.0
56.2 55.51717 14 1.0
56.3 55.61604 14 1.0
56.4 55.71491 14 1.0
56.5 55.81378 14 1.0
56.6 55.91266 14 1.0
56.7 56.01153 14 1.0
56.8 56.1104 14 1.0
56.9 56.20927 14 1.0
57.0 56.30814 14 1.0
57.1 56.40701 14 1.0
57.2 56.50588 14 1.0
57.3 56.60475 14 1.0
57.4 56.70362 14 1.0
57.5 56.80249 14 1.0
57.6 56.90136 14 1.0
57.7 57.00023 14 1.0
57.8 57.0991 14 1.0
57.9 57.19798 14 1.0
58.0 57.29685 14 1.0
58.1 57.39572 14 1.0
58.2 57.49459 14 1.0
58.3 57.59346 14 1.0
58.4 57.69233 14 1.0
58.5 57.7912 14 1.0
58.6 57.89007 14 1.0
58.7 57.98894 14 1.0
58.8 58.08781 14 1.0
58.9 58.18668 14 1.0
59.0 58.28555 14 1.0
59.1 58.38442 14 1.0
59.2 58.4833 14 1.0
59.3 58.58217 14 1.0
59.4 58.68104 14 1.0
59.5 58.77991 14 1.0
59.6 58.87878 14 1.0
59.7 58.97765 14 1.0
59.8 59.07652 14 1.0
59.9 59.17539 14 1.0
60.0 59.27426 14 1.0
60.1 59.37334 14 1.0
60.2 59.47242 14 1.0
60.3 59.5715 14 1.0
60.4 59.67058 14 1.0
60.5 59.76966 14 1.0
60.6 59.86874 14 1.0
60.7 59.96782 14 1.0
60.8 60.0669 14 1.0
60.9 60.16598 14 1.0
61.0 60.26506 14 1.0
61.1 60.36414 14 1.0
61.2 60.46322 14 1.0
61.3 60.5623 14 1.0
61.4 60.66138 14 1.0
61.5 60.76046 14 1.0
61.6 60.85954 14 1.0
61.7 60.95862 14 1.0
61.8 61.05769 14 1.0
61.9 61.15677 14 1.0
62.0 61.25585 14 1.0
62.1 61.35493 14 1.0
62.2 61.45401 14 1.0
62.3 61.55309 14 1.0
62.4 61.65217 14 1.0
62.5 61.75125 14 1.0
62.6 61.85033 14 1.0
62.7 61.94941 14 1.0
62.8 62.04849 14 1.0
62.9 62.14757 14 1.0
63.0 62.24665 14 1.0
63.1 62.34573 14 1.0
63.2 62.44481 14 1.0
63.3 62.54389 14 1.0
63.4 62.64297 14 1.0
63.5 62.74205 14 1.0
63.6 62.84113 14 1.0
63.7 62.94021 14 1.0
63.8 63.03929 14 1.0
63.9 63.13837 14 1.0
64.0 63.23745 14 1.0
64.1 63.33653 14 1.0
64.2 63.43561 14 1.0
64.3 63.53469 14 1.0
64.4 63.63377 14 1.0
64.5 63.73285 14 1.0
64.6 63.83192 14 1.0
64.7 63.931 14 1.0
64.8 64.03008 14 1.0
64.9 64.12916 14 1.0
65.0 64.22824 14 1.0
65.1 64.32732 14 1.0
65.2 64.4264 14 1.0
65.3 64.52548 14 1.0
65.4 64.62456 14 1.0
65.5 64.72364 14 1.0
65.6 64.82272 14 1.0
65.7 64.9218 14 1.0
65.8 65.02088 14 1.0
65.9 65.11996 14 1.0
66.0 64.90112 14 1.0
66.1 64.64676 14 1.0
66.2 64.39132 14 1.0
66.3 64.1348 14 1.0
66.4 63.8772 14 1.0
66.5 63.61852 14 1.0
66.6 63.35875 14 1.0
66.7 63.0979 14 1.0
66.8 62.83597 14 1.0
66.9 62.57296 14 1.0
67.0 62.30887 14 1.0
67.1 62.04369 14 1.0
67.2 61.77743 14 1.0
67.3 61.51009 14 1.0
67.4 61.24167 14 1.0
67.5 60.97217 14 1.0
67.6 60.70158 14 1.0
67.7 60.42992 14 1.0
67.8 60.15717 14 1.0
67.9 59.88334 14 1.0
68.0 59.60842 14 1.0
68.1 59.33243 14 1.0
68.2 59.05535 14 1.0
68.3 58.77719 14 1.0
68.4 58.49795 14 1.0
68.5 58.21763 14 1.0
68.6 57.93622 14 1.0
68.7 57.65374 14 1.0
68.8 57.37017 14 1.0
68.9 57.08552 14 1.0
69.0 56.79979 14 1.0
69.1 56.51297 14 1.0
69.2 56.22507 14 1.0
69.3 55.9361 14 1.0
69.4 55.64604 14 1.0
69.5 55.35489 14 1.0
69.6 55.06267 14 1.0
69.7 54.76936 14 1.0
69.8 54.47498 14 1.0
69.9 54.17951 14 1.0
70.0 53.88295 14 1.0
70.1 53.56871 14 1.0
70.2 53.25337 14 1.0
70.3 52.93693 14 1.0
70.4 52.61939 14 1.0
70.5 52.30076 14 1.0
70.6 51.98102 14 1.0
70.7 51.66019 14 1.0
70.8 51.33826 14 1.0
70.9 51.01523 14 1.0
71.0 50.6911 14 1.0
71.1 50.36587 14 1.0
71.2 50.03955 14 1.0
71.3 49.71213 14 1.0
71.4 49.3836 14 1.0
71.5 49.05398 14 1.0
71.6 48.72327 14 1.0
71.7 48.39145 14 1.0
71.8 48.05853 14 1.0
71.9 47.72452 14 1.0
72.0 47.38941 14 1.0
72.1 47.0532 14 1.0
72.2 46.71589 14 1.0
72.3 46.37748 14 1.0
72.4 46.03798 14 1.0
72.5 45.69738 14 1.0
72.6 45.35567 14 1.0
72.7 45.01287 14 1.0
72.8 44.66898 14 1.0
72.9 44.32398 14 1.0
73.0 43.97788 14 1.0
73.1 43.63069 14 1.0
73.2 43.2824 14 1.0
73.3 42.93301 14 1.0
73.4 42.58252 14 1.0
73.5 42.23093 14 1.0
73.6 41.87825 14 1.0
73.7 41.52446 14 1.0
73.8 41.16958 14 1.0
73.9 40.8136 14 1.0
74.0 40.45652 14 1.0
74.1 40.09834 14 1.0
74.2 39.73907 14 1.0
74.3 39.3787 14 1.0
74.4 39.01722 14 1.0
74.5 38.65465 14 1.0
74.6 38.29098 14 1.0
74.7 37.92622 14 1.0
74.8 37.56035 14 1.0
74.9 37.19339 14 1.0
75.0 36.82532 14 1.0
75.1 36.45616 14 1.0
75.2 36.08591 14 1.0
75.3 35.71455 14 1.0
75.4 35.34209 14 1.0
75.5 34.96854 14 1.0
75.6 34.59389 14 1.0
75.7 34.21813 14 1.0
75.8 33.84129 14 1.0
75.9 33.46334 14 1.0
76.0 33.08429 14 1.0
76.1 32.70415 14 1.0
76.2 32.32291 14 1.0
76.3 31.94056 14 1.0
76.4 31.91833 14 1.0
76.5 31.96096 14 1.0
76.6 32.00359 14 1.0
76.7 32.04623 14 1.0
76.8 32.08886 14 1.0
76.9 32.13149 14 1.0
77.0 32.17413 14 1.0
77.1 32.21676 14 1.0
77.2 32.25939 14 1.0
77.3 32.30203 14 1.0
77.4 32.34466 14 1.0
77.5 32.38729 14 1.0
77.6 32.42993 14 1.0
77.7 32.47256 14 1.0
77.8 32.5152 14 1.0
77.9 32.55783 14 1.0
78.0 32.60046 14 1.0
78.1 32.6431 14 1.0
78.2 32.68573 14 1.0
78.3 32.72836 14 1.0
78.4 32.771 14 1.0
78.5 32.81363 14 1.0
78.6 32.85626 14 1.0
78.7 32.8989 14 1.0
78.8 32.94153 14 1.0
78.9 32.98416 14 1.0
79.0 33.0268 14 1.0
79.1 33.06943 14 1.0
79.2 33.11207 14 1.0
79.3 33.1547 14 1.0
79.4 33.19733 14 1.0
79.5 33.23997 14 1.0
79.6 33.2826 14 1.0
79.7 33.32523 14 1.0
79.8 33.36787 14 1.0
79.9 33.4105 14 1.0
80.0 33.45313 14 1.0
80.1 33.50426 14 1.0
80.2 33.55539 14 1.0
80.3 33.60652 14 1.0
80.4 33.65765 14 1.0
80.5 33.70878 14 1.0
80.6 33.75991 14 1.0
80.7 33.81104 14 1.0
80.8 33.86217 14 1.0
80.9 33.9133 14 1.0
81.0 33.96443 14 1.0
81.1 34.01556 14 1.0
81.2 34.06669 14 1.0
81.3 34.11782 14 1.0
81.4 34.16895 14 1.0
81.5 34.22008 14 1.0
81.6 34.27121 14 1.0
81.7 34.32234 14 1.0
81.8 34.37347 14 1.0
81.9 34.4246 14 1.0
82.0 34.47573 14 1.0
82.1 34.52686 14 1.0
82.2 34.57799 14 1.0
82.3 34.62912 14 1.0
82.4 34.68025 14 1.0
82.5 34.73138 14 1.0
82.6 34.78251 14 1.0
82.7 34.83364 14 1.0
82.8 34.88477 14 1.0
82.9 34.9359 14 1.0
83.0 34.98703 14 1.0
83.1 35.03816 14 1.0
83.2 35.08929 14 1.0
83.3 35.14042 14 1.0
83.4 35.19155 14 1.0
83.5 35.24268 14 1.0
83.6 35.29381 14 1.0
83.7 35.34494 14 1.0
83.8 35.39607 14 1.0
83.9 35.4472 14 1.0
84.0 35.49833 14 1.0
84.1 35.54946 14 1.0
84.2 35.60059 14 1.0
84.3 35.65172 14 1.0
84.4 35.70285 14 1.0
84.5 35.75398 14 1.0
84.6 35.80511 14 1.0
84.7 35.85624 14 1.0
84.8 35.90737 14 1.0
84.9 35.9585 14 1.0
85.0 36.00963 14 1.0
85.1 36.06076 14 1.0
85.2 36.11189 14 1.0
85.3 36.16302 14 1.0
85.4 36.21415 14 1.0
85.5 36.26528 14 1.0
85.6 36.31641 14 1.0
85.7 36.36754 14 1.0
85.8 36.41867 14 1.0
85.9 36.4698 14 1.0
86.0 36.52093 14 1.0
86.1 36.57206 14 1.0
86.2 36.62319 14 1.0
86.3 36.67432 14 1.0
86.4 36.72545 14 1.0
86.5 36.77658 14 1.0
86.6 36.82771 14 1.0
86.7 36.87884 14 1.0
86.8 36.92997 14 1.0
86.9 36.9811 14 1.0
87.0 37.03223 14 1.0
87.1 37.08336 14 1.0
87.2 37.13449 14 1.0
87.3 37.18562 14 1.0
87.4 37.23675 14 1.0
87.5 37.28788 14 1.0
87.6 37.33901 14 1.0
87.7 37.39014 14 1.0
87.8 37.44127 14 1.0
87.9 37.4924 14 1.0
88.0 37.54353 14 1.0
88.1 37.59466 14 1.0
88.2 37.64579 14 1.0
88.3 37.69692 14 1.0
88.4 37.74805 14 1.0
88.5 37.79918 14 1.0
88.6 37.85031 14 1.0
88.7 37.90144 14 1.0
88.8 37.95257 14 1.0
88.9 38.0037 14 1.0
89.0 38.05483 14 1.0
89.1 38.10596 14 1.0
89.2 38.15709 14 1.0
89.3 38.20822 14 1.0
89.4 38.25935 14 1.0
89.5 38.31048 14 1.0
89.6 38.36161 14 1.0
89.7 38.41274 14 1.0
89.8 38.46387 14 1.0
89.9 38.515 14 1.0
90.0 38.56613 14 1.0
90.1 38.52526 14 1.0
90.2 38.48439 14 1.0
90.3 38.44352 14 1.0
90.4 38.40264 14 1.0
90.5 38.36177 14 1.0
90.6 38.3209 14 1.0
90.7 38.28003 14 1.0
90.8 38.23916 14 1.0
90.9 38.19829 14 1.0
91.0 38.15742 14 1.0
91.1 38.11655 14 1.0
91.2 38.07568 14 1.0
91.3 38.0348 14 1.0
91.4 37.99393 14 1.0
91.5 37.95306 14 1.0
91.6 37.91219 14 1.0
91.7 37.87132 14 1.0
91.8 37.83045 14 1.0
91.9 37.78958 14 1.0
92.0 37.74871 14 1.0
92.1 37.70783 14 1.0
92.2 37.66696 14 1.0
92.3 37.62609 14 1.0
92.4 37.58522 14 1.0
92.5 37.54435 14 1.0
92.6 37.50348 14 1.0
92.7 37.46261 14 1.0
92.8 37.42174 14 1.0
92.9 37.38087 14 1.0
93.0 37.33999 14 1.0
93.1 37.29912 14 1.0
93.2 37.25825 14 1.0
93.3 37.21738 14 1.0
93.4 37.17651 14 1.0
93.5 37.13564 14 1.0
93.6 37.09477 14 1.0
93.7 37.0539 14 1.0
93.8 37.01302 14 1.0
93.9 36.97215 14 1.0
94.0 36.93128 14 1.0
94.1 36.89041 14 1.0
94.2 36.84954 14 1.0
94.3 36.80867 14 1.0
94.4 36.7678 14 1.0
94.5 36.72693 14 1.0
94.6 36.68606 14 1.0
94.7 36.64518 14 1.0
94.8 36.60431 14 1.0
94.9 36.56344 14 1.0
95.0 36.52257 14 1.0
95.1 36.4817 14 1.0
95.2 36.44083 14 1.0
95.3 36.39996 14 1.0
95.4 36.35909 14 1.0
95.5 36.31821 14 1.0
95.6 36.27734 14 1.0
95.7 36.23647 14 1.0
95.8 36.1956 14 1.0
95.9 36.15473 14 1.0
96.0 36.11386 14 1.0
96.1 36.07299 14 1.0
96.2 36.03212 14 1.0
96.3 35.99125 14 1.0
96.4 35.95037 14 1.0
96.5 35.9095 14 1.0
96.6 35.86863 14 1.0
96.7 35.82776 14 1.0
96.8 35.78689 14 1.0
96.9 35.74602 14 1.0
97.0 35.70515 14 1.0
97.1 35.66428 14 1.0
97.2 35.6234 14 1.0
97.3 35.58253 14 1.0
97.4 35.54166 14 1.0
97.5 35.50079 14 1.0
97.6 35.45992 14 1.0
97.7 35.41905 14 1.0
97.8 35.37818 14 1.0
97.9 35.33731 14 1.0
98.0 35.29644 14 1.0
98.1 35.25556 14 1.0
98.2 35.21469 14 1.0
98.3 35.17382 14 1.0
98.4 35.13295 14 1.0
98.5 35.09208 14 1.0
98.6 35.05121 14 1.0
98.7 35.01034 14 1.0
98.8 34.96947 14 1.0
98.9 34.9286 14 1.0
99.0 34.88772 14 1.0
99.1 34.84685 14 1.0
99.2 34.80598 14 1.0
99.3 34.76511 14 1.0
99.4 34.72424 14 1.0
99.5 34.68337 14 1.0
99.6 34.6425 14 1.0
99.7 34.60163 14 1.0
99.8 34.56075 14 1.0
99.9 34.51988 14 1.0
100.0 34.47901 14 1.0
100.1 34.62213 14 1.0
100.2 34.76524 14 1.0
100.3 34.90835 14 1.0
100.4 35.05147 14 1.0
100.5 35.19458 14 1.0
100.6 35.3377 14 1.0
100.7 35.48081 14 1.0
100.8 35.62392 14 1.0
100.9 35.76704 14 1.0
101.0 35.91015 14 1.0
101.1 36.05327 14 1.0
101.2 36.19638 14 1.0
101.3 36.3395 14 1.0
101.4 36.48261 14 1.0
101.5 36.62572 14 1.0
101.6 36.76884 14 1.0
101.7 36.91195 14 1.0
101.8 37.05507 14 1.0
101.9 37.19818 14 1.0
102.0 37.34129 14 1.0
102.1 37.48441 14 1.0
102.2 37.62752 14 1.0
102.3 37.77064 14 1.0
102.4 37.91375 14 1.0
102.5 38.05686 14 1.0
102.6 38.19998 14 1.0
102.7 38.34309 14 1.0
102.8 38.48621 14 1.0
102.9 38.62932 14 1.0
103.0 38.77243 14 1.0
103.1 38.91555 14 1.0
103.2 39.05866 14 1.0
103.3 39.20178 14 1.0
103.4 39.34489 14 1.0
103.5 39.488 14 1.0
103.6 39.63112 14 1.0
103.7 39.77423 14 1.0
103.8 39.91735 14 1.0
103.9 40.06046 14 1.0
104.0 40.20357 14 1.0
104.1 40.34669 14 1.0
104.2 40.4898 14 1.0
104.3 40.63292 14 1.0
104.4 40.77603 14 1.0
104.5 40.91915 14 1.0
104.6 41.06226 14 1.0
104.7 41.20537 14 1.0
104.8 41.34849 14 1.0
104.9 41.4916 14 1.0
105.0 41.63472 14 1.0
105.1 41.77783 14 1.0
105.2 41.92094 14 1.0
105.3 42.06406 14 1.0
105.4 42.20717 14 1.0
105.5 42.35029 14 1.0
105.6 42.4934 14 1.0
105.7 42.63651 14 1.0
105.8 42.77963 14 1.0
105.9 42.92274 14 1.0
106.0 43.06586 14 1.0
106.1 43.20897 14 1.0
106.2 43.35208 14 1.0
106.3 43.4952 14 1.0
106.4 43.63831 14 1.0
106.5 43.78143 14 1.0
106.6 43.92454 14 1.0
106.7 44.06765 14 1.0
106.8 44.21077 14 1.0
106.9 44.35388 14 1.0
107.0 44.497 14 1.0
107.1 44.64011 14 1.0
107.2 44.78322 14 1.0
107.3 44.92634 14 1.0
107.4 45.06945 14 1.0
107.5 45.21257 14 1.0
107.6 45.35568 14 1.0
107.7 45.4988 14 1.0
107.8 45.64191 14 1.0
107.9 45.78502 14 1.0
108.0 45.92814 14 1.0
108.1 46.07125 14 1.0
108.2 46.21437 14 1.0
108.3 46.35748 14 1.0
108.4 46.50059 14 1.0
108.5 46.64371 14 1.0
108.6 46.78682 14 1.0
108.7 46.92994 14 1.0
108.8 47.07305 14 1.0
108.9 47.21616 14 1.0
109.0 47.35928 14 1.0
109.1 47.50239 14 1.0
109.2 47.64551 14 1.0
109.3 47.78862 14 1.0
109.4 47.93173 14 1.0
109.5 48.07485 14 1.0
109.6 48.21796 14 1.0
109.7 48.36108 14 1.0
109.8 48.50419 14 1.0
109.9 48.6473 14 1.0
110.0 48.79042 14 1.0
110.1 48.83826 14 1.0
110.2 48.8861 14 1.0
110.3 48.93395 14 1.0
110.4 48.98179 14 1.0
110.5 49.02963 14 1.0
110.6 49.07748 14 1.0
110.7 49.12532 14 1.0
110.8 49.17316 14 1.0
110.9 49.22101 14 1.0
111.0 49.26885 14 1.0
111.1 49.31669 14 1.0
111.2 49.36454 14 1.0
111.3 49.41238 14 1.0
111.4 49.46022 14 1.0
111.5 49.50807 14 1.0
111.6 49.55591 14 1.0
111.7 49.60375 14 1.0
111.8 49.65159 14 1.0
111.9 49.69944 14 1.0
112.0 49.74728 14 1.0
112.1 49.79512 14 1.0
112.2 49.84297 14 1.0
112.3 49.89081 14 1.0
112.4 49.93865 14 1.0
112.5 49.9865 14 1.0
112.6 50.03434 14 1.0
112.7 50.08218 14 1.0
112.8 50.13003 14 1.0
112.9 50.17787 14 1.0
113.0 50.22571 14 1.0
113.1 50.27356 14 1.0
113.2 50.3214 14 1.0
113.3 50.36924 14 1.0
113.4 50.41709 14 1.0
113.5 50.46493 14 1.0
113.6 50.51277 14 1.0
113.7 50.56061 14 1.0
113.8 50.60846 14 1.0
113.9 50.6563 14 1.0
114.0 50.70414 14 1.0
114.1 50.75199 14 1.0
114.2 50.79983 14 1.0
114.3 50.84767 14 1.0
114.4 50.89552 14 1.0
114.5 50.94336 14 1.0
114.6 50.9912 14 1.0
114.7 51.03905 14 1.0
114.8 50.45844 14 1.0
114.9 49.774 14 1.0
115.0 49.0882 14 1.0
115.1 48.40105 14 1.0
115.2 47.71254 14 1.0
115.3 47.02267 14 1.0
115.4 46.33145 14 1.0
115.5 45.63888 14 1.0
115.6 44.94495 14 1.0
115.7 44.24966 14 1.0
115.8 43.55301 14 1.0
115.9 42.85501 14 1.0
116.0 42.15566 14 1.0
116.1 41.45495 14 1.0
116.2 40.75288 14 1.0
116.3 40.04945 14 1.0
116.4 39.34467 14 1.0
116.5 38.63854 14 1.0
116.6 37.93105 14 1.0
116.7 37.2222 14 1.0
116.8 36.512 14 1.0
116.9 35.80044 14 1.0
117.0 35.08752 14 1.0
117.1 34.37325 14 1.0
117.2 33.65762 14 1.0
117.3 32.94064 14 1.0
117.4 32.2223 14 1.0
117.5 31.50261 14 1.0
117.6 30.78156 14 1.0
117.7 30.05915 14 1.0
117.8 29.33539 14 1.0
117.9 28.61027 14 1.0
118.0 27.88379 14 1.0
118.1 27.15596 14 1.0
118.2 26.42677 14 1.0
118.3 25.69623 14 1.0
118.4 24.96433 14 1.0
118.5 24.23108 14 1.0
118.6 23.49647 14 1.0
118.7 22.7605 14 1.0
118.8 22.02318 14 1.0
118.9 21.2845 14 1.0
119.0 20.54447 14 1.0
119.1 19.80308 14 1.0
119.2 19.06033 14 1.0
119.3 18.31623 14 1.0
119.4 17.57077 14 1.0
119.5 16.82396 14 1.0
119.6 16.07579 14 1.0
119.7 15.32626 14 1.0
119.8 14.57538 14 1.0
119.9 13.82314 14 1.0
120.0 13.06955 14 1.0
120.1 12.15315 14 1.0
120.2 11.23482 14 1.0
120.3 10.31456 14 1.0
120.4 9.392373 14 1.0
120.5 8.46826 14 1.0
120.6 7.54222 14 1.0
120.7 6.614252 14 1.0
120.8 5.684356 14 1.0
120.9 4.752533 14 1.0
121.0 0.0 15 0.0
121.1 0.0 15 0.0
121.2 0.0 15 0.0
121.3 0.0 15 0.0
121.4 0.0 15 0.0
121.5 0.0 15 0.0
121.6 0.0 15 0.0
121.7 0.0 15 0.0
121.8 0.0 15 0.0
121.9 0.0 15 0.0
122.0 0.0 15 0.0
122.1 0.0 15 0.0
122.2 0.0 15 0.0
122.3 0.0 15 0.0
122.4 0.0 15 0.0
122.5 0.0 15 0.0
122.6 0.0 15 0.0
122.7 0.0 15 0.0
122.8 0.0 15 0.0
122.9 0.0 15 0.0
123.0 0.0 15 0.0
123.1 0.0 15 0.0
123.2 0.0 15 0.0
123.3 0.0 15 0.0
123.4 0.0 15 0.0
123.5 0.0 15 0.0
123.6 0.0 15 0.0
123.7 0.0 15 0.0
123.8 0.0 15 0.0
123.9 0.0 15 0.0
124.0 0.0 15 0.0
124.1 0.0 15 0.0
124.2 0.0 15 0.0
124.3 0.0 15 0.0
124.4 0.0 15 0.0
124.5 0.0 15 0.0
124.6 0.0 15 0.0
124.7 0.0 15 0.0
124.8 0.0 15 0.0
124.9 0.0 15 0.0
125.0 0.0 15 0.0
125.1 0.0 15 0.0
125.2 0.0 15 0.0
125.3 0.0 15 0.0
125.4 0.0 15 0.0
125.5 0.0 15 0.0
125.6 0.0 15 0.0
125.7 0.0 15 0.0
125.8 0.0 15 0.0
125.9 0.0 15 0.0
126.0 0.0 15 0.0
126.1 0.0 15 0.0
126.2 0.0 15 0.0
126.3 0.0 15 0.0
126.4 0.0 15 0.0
126.5 0.0 15 0.0
126.6 0.0 15 0.0
126.7 0.0 15 0.0
126.8 0.0 15 0.0
126.9 0.0 15 0.0
127.0 0.0 15 0.0
127.1 0.0 15 0.0
127.2 0.0 15 0.0
127.3 0.0 15 0.0
127.4 0.0 15 0.0
127.5 0.0 15 0.0
127.6 0.0 15 0.0
127.7 0.0 15 0.0
127.8 0.0 15 0.0
127.9 0.0 15 0.0
128.0 0.0 15 0.0
128.1 0.0 15 0.0
128.2 0.0 15 0.0
128.3 0.0 15 0.0
128.4 0.0 15 0.0
128.5 0.0 15 0.0
128.6 0.0 15 0.0
128.7 0.0 15 0.0
128.8 0.0 15 0.0
128.9 0.0 15 0.0
129.0 0.0 15 0.0
129.1 0.0 15 0.0
129.2 0.0 15 0.0
129.3 0.0 15 0.0
129.4 0.0 15 0.0
129.5 0.0 15 0.0
129.6 0.0 15 0.0
129.7 0.0 15 0.0
129.8 0.0 15 0.0
129.9 0.0 15 0.0
130.0 0.0 15 0.0
130.1 0.0 15 0.0
130.2 0.0 15 0.0
130.3 0.0 15 0.0
130.4 0.0 15 0.0
130.5 0.0 15 0.0
130.6 0.0 15 0.0
130.7 0.0 15 0.0
130.8 0.0 15 0.0
130.9 0.0 15 0.0
131.0 0.0 15 0.0
131.1 0.0 15 0.0
131.2 0.0 15 0.0
131.3 0.0 15 0.0
131.4 0.0 15 0.0
131.5 0.0 15 0.0
131.6 0.0 15 0.0
131.7 0.0 15 0.0
131.8 0.0 15 0.0
131.9 0.0 15 0.0
132.0 0.0 15 0.0
132.1 0.0 15 0.0
132.2 0.0 15 0.0
132.3 0.0 15 0.0
132.4 0.0 15 0.0
132.5 0.0 15 0.0
132.6 0.0 15 0.0
132.7 0.0 15 0.0
132.8 0.0 15 0.0
132.9 0.0 15 0.0
133.0 0.0 15 0.0
133.1 0.0 15 0.0
133.2 0.0 15 0.0
133.3 0.0 15 0.0
133.4 0.0 15 0.0
133.5 0.0 15 0.0
133.6 0.0 15 0.0
133.7 0.0 15 0.0
133.8 0.0 15 0.0
133.9 0.0 15 0.0
134.0 0.0 15 0.0
134.1 0.0 15 0.0
134.2 0.0 15 0.0
134.3 0.0 15 0.0
134.4 0.0 15 0.0
134.5 0.0 15 0.0
134.6 0.0 15 0.0
134.7 0.0 15 0.0
134.8 0.0 15 0.0
134.9 0.0 15 0.0
135.0 0.0 15 0.0
135.1 0.0 15 0.0
135.2 0.0 15 0.0
135.3 0.0 15 0.0
135.4 0.0 15 0.0
135.5 0.0 15 0.0
135.6 0.0 15 0.0
135.7 0.0 15 0.0
135.8 0.0 15 0.0
135.9 0.0 15 0.0
136.0 0.0 15 0.0
136.1 0.0 15 0.0
136.2 0.0 15 0.0
136.3 0.0 15 0.0
136.4 0.0 15 0.0
136.5 0.0 15 0.0
136.6 0.0 15 0.0
136.7 0.0 15 0.0
136.8 0.0 15 0.0
136.9 0.0 15 0.0
137.0 0.0 15 0.0
137.1 0.0 15 0.0
137.2 0.0 15 0.0
137.3 0.0 15 0.0
137.4 0.0 15 0.0
137.5 0.0 15 0.0
137.6 0.0 15 0.0
137.7 0.0 15 0.0
137.8 0.0 15 0.0
137.9 0.0 15 0.0
138.0 0.0 15 0.0
138.1 0.0 15 0.0
138.2 0.0 15 0.0
138.3 0.0 15 0.0
138.4 0.0 15 0.0
138.5 0.0 15 0.0
138.6 0.0 15 0.0
138.7 0.0 15 0.0
138.8 0.0 15 0.0
138.9 0.0 15 0.0
139.0 0.0 15 0.0
139.1 0.0 15 0.0
139.2 0.0 15 0.0
139.3 0.0 15 0.0
139.4 0.0 15 0.0
139.5 0.0 15 0.0
139.6 0.0 15 0.0
139.7 0.0 15 0.0
139.8 0.0 15 0.0
139.9 0.0 15 0.0
140.0 0.0 15 0.0
140.1 0.0 15 0.0
140.2 0.0 15 0.0
140.3 0.0 15 0.0
140.4 0.0 15 0.0
140.5 0.0 15 0.0
140.6 0.0 15 0.0
140.7 0.0 15 0.0
140.8 0.0 15 0.0
140.9 0.0 15 0.0
141.0 0.0 15 0.0
141.1 0.0 15 0.0
141.2 0.0 15 0.0
141.3 0.0 15 0.0
141.4 0.0 15 0.0
141.5 0.0 15 0.0
141.6 0.0 15 0.0
141.7 0.0 15 0.0
141.8 0.0 15 0.0
141.9 0.0 15 0.0
142.0 0.0 15 0.0
142.1 0.0 15 0.0
142.2 0.0 15 0.0
142.3 0.0 15 0.0
142.4 0.0 15 0.0
142.5 0.0 15 0.0
142.6 0.0 15 0.0
142.7 0.0 15 0.0
142.8 0.0 15 0.0
142.9 0.0 15 0.0
143.0 0.0 15 0.0
143.1 0.0 15 0.0
143.2 0.0 15 0.0
143.3 0.0 15 0.0
143.4 0.0 15 0.0
143.5 0.0 15 0.0
143.6 0.0 15 0.0
143.7 0.0 15 0.0
143.8 0.0 15 0.0
143.9 0.0 15 0.0
144.0 0.0 15 0.0
144.1 0.0 15 0.0
144.2 0.0 15 0.0
144.3 0.0 15 0.0
144.4 0.0 15 0.0
144.5 0.0 15 0.0
144.6 0.0 15 0.0
144.7 0.0 15 0.0
144.8 0.0 15 0.0
144.9 0.0 15 0.0
145.0 0.0 15 0.0
145.1 0.0 15 0.0
145.2 0.0 15 0.0
145.3 0.0 15 0.0
145.4 0.0 15 0.0
145.5 0.0 15 0.0
145.6 0.0 15 0.0
145.7 0.0 15 0.0
145.8 0.0 15 0.0
145.9 0.0 15 0.0
146.0 0.0 15 0.0
146.1 0.0 15 0.0
146.2 0.0 15 0.0
146.3 0.0 15 0.0
146.4 0.0 15 0.0
146.5 0.0 15 0.0
146.6 0.0 15 0.0
146.7 0.0 15 0.0
146.8 0.0 15 0.0
146.9 0.0 15 0.0
147.0 0.0 15 0.0
147.1 0.0 15 0.0
147.2 0.0 15 0.0
147.3 0.0 15 0.0
147.4 0.0 15 0.0
147.5 0.0 15 0.0
147.6 0.0 15 0.0
147.7 0.0 15 0.0
147.8 0.0 15 0.0
147.9 5.487746 14 1.0
148.0 7.641436 14 1.0
148.1 9.788064 14 1.0
148.2 11.92763 14 1.0
148.3 14.06013 14 1.0
148.4 16.18558 14 1.0
148.5 18.30396 14 1.0
148.6 20.41527 14 1.0
148.7 22.51953 14 1.0
148.8 24.61672 14 1.0
148.9 26.70686 14 1.0
149.0 28.78993 14 1.0
149.1 30.86594 14 1.0
149.2 32.93488 14 1.0
149.3 34.99677 14 1.0
149.4 37.05159 14 1.0
149.5 39.09935 14 1.0
149.6 41.14005 14 1.0
149.7 43.17369 14 1.0
149.8 45.20026 14 1.0
149.9 47.21978 14 1.0
150.0 49.23223 14 1.0
150.1 47.85924 14 1.0
150.2 46.48206 14 1.0
150.3 45.10069 14 1.0
150.4 43.71512 14 1.0
150.5 42.32536 14 1.0
150.6 40.93141 14 1.0
150.7 39.53326 14 1.0
150.8 38.13093 14 1.0
150.9 36.7244 14 1.0
151.0 35.31367 14 1.0
151.1 33.89875 14 1.0
151.2 32.47964 14 1.0
151.3 31.05634 14 1.0
151.4 29.62885 14 1.0
151.5 28.19716 14 1.0
151.6 26.76128 14 1.0
151.7 25.3212 14 1.0
151.8 23.87693 14 1.0
151.9 22.42847 14 1.0
152.0 20.97582 14 1.0
152.1 19.51897 14 1.0
152.2 18.05793 14 1.0
152.3 16.5927 14 1.0
152.4 15.12327 14 1.0
152.5 13.64965 14 1.0
152.6 12.17184 14 1.0
152.7 10.68984 14 1.0
152.8 9.203641 14 1.0
152.9 7.713251 14 1.0
153.0 6.218667 14 1.0
153.1 4.719891 14 1.0
153.2 0.0 15 0.0
153.3 0.0 15 0.0
153.4 0.0 15 0.0
153.5 0.0 15 0.0
153.6 0.0 15 0.0
153.7 0.0 15 0.0
153.8 0.0 15 0.0
153.9 0.0 15 0.0
154.0 0.0 15 0.0
154.1 0.0 15 0.0
154.2 0.0 15 0.0
154.3 0.0 15 0.0
154.4 0.0 15 0.0
154.5 0.0 15 0.0
154.6 0.0 15 0.0
154.7 0.0 15 0.0
154.8 0.0 15 0.0
154.9 0.0 15 0.0
155.0 0.0 15 0.0
155.1 0.0 15 0.0
155.2 0.0 15 0.0
155.3 0.0 15 0.0
155.4 0.0 15 0.0
155.5 0.0 15 0.0
155.6 0.0 15 0.0
155.7 0.0 15 0.0
155.8 0.0 15 0.0
155.9 0.0 15 0.0
156.0 0.0 15 0.0
156.1 0.0 15 0.0
156.2 0.0 15 0.0
156.3 0.0 15 0.0
156.4 0.0 15 0.0
156.5 0.0 15 0.0
156.6 0.0 15 0.0
156.7 0.0 15 0.0
156.8 0.0 15 0.0
156.9 0.0 15 0.0
157.0 0.0 15 0.0
157.1 0.0 15 0.0
157.2 0.0 15 0.0
157.3 0.0 15 0.0
157.4 0.0 15 0.0
157.5 0.0 15 0.0
157.6 0.0 15 0.0
157.7 0.0 15 0.0
157.8 0.0 15 0.0
157.9 0.0 15 0.0
158.0 0.0 15 0.0
158.1 0.0 15 0.0
158.2 0.0 15 0.0
158.3 0.0 15 0.0
158.4 0.0 15 0.0
158.5 0.0 15 0.0
158.6 0.0 15 0.0
158.7 0.0 15 0.0
158.8 0.0 15 0.0
158.9 0.0 15 0.0
159.0 0.0 15 0.0
159.1 0.0 15 0.0
159.2 0.0 15 0.0
159.3 0.0 15 0.0
159.4 0.0 15 0.0
159.5 0.0 15 0.0
159.6 0.0 15 0.0
159.7 0.0 15 0.0
159.8 0.0 15 0.0
159.9 0.0 15 0.0
160.0 0.0 15 0.0
160.1 0.0 15 0.0
160.2 0.0 15 0.0
160.3 0.0 15 0.0
160.4 0.0 15 0.0
160.5 0.0 15 0.0
160.6 0.0 15 0.0
160.7 0.0 15 0.0
160.8 0.0 15 0.0
160.9 0.0 15 0.0
161.0 0.0 15 0.0
161.1 0.0 15 0.0
161.2 0.0 15 0.0
161.3 0.0 15 0.0
161.4 0.0 15 0.0
161.5 0.0 15 0.0
161.6 0.0 15 0.0
161.7 0.0 15 0.0
161.8 0.0 15 0.0
161.9 0.0 15 0.0
162.0 0.0 15 0.0
162.1 0.0 15 0.0
162.2 0.0 15 0.0
162.3 0.0 15 0.0
162.4 0.0 15 0.0
162.5 0.0 15 0.0
162.6 0.0 15 0.0
162.7 0.0 15 0.0
162.8 0.0 15 0.0
162.9 0.0 15 0.0
163.0 0.0 15 0.0
163.1 0.0 15 0.0
163.2 0.0 15 0.0
163.3 0.0 15 0.0
163.4 0.0 15 0.0
163.5 0.0 15 0.0
163.6 0.0 15 0.0
163.7 0.0 15 0.0
163.8 0.0 15 0.0
163.9 0.0 15 0.0
164.0 0.0 15 0.0
164.1 0.0 15 0.0
164.2 0.0 15 0.0
164.3 0.0 15 0.0
164.4 0.0 15 0.0
164.5 0.0 15 0.0
164.6 0.0 15 0.0
164.7 0.0 15 0.0
164.8 0.0 15 0.0
164.9 0.0 15 0.0
165.0 0.0 15 0.0
165.1 0.0 15 0.0
165.2 0.0 15 0.0
165.3 0.0 15 0.0
165.4 0.0 15 0.0
165.5 0.0 15 0.0
165.6 0.0 15 0.0
165.7 0.0 15 0.0
165.8 0.0 15 0.0
165.9 0.0 15 0.0
166.0 0.0 15 0.0
166.1 0.0 15 0.0
166.2 0.0 15 0.0
166.3 0.0 15 0.0
166.4 0.0 15 0.0
166.5 0.0 15 0.0
166.6 0.0 15 0.0
166.7 0.0 15 0.0
166.8 0.0 15 0.0
166.9 0.0 15 0.0
167.0 0.0 15 0.0
167.1 0.0 15 0.0
167.2 0.0 15 0.0
167.3 0.0 15 0.0
167.4 0.0 15 0.0
167.5 0.0 15 0.0
167.6 0.0 15 0.0
167.7 0.0 15 0.0
167.8 0.0 15 0.0
167.9 0.0 15 0.0
168.0 0.0 15 0.0
168.1 0.0 15 0.0
168.2 0.0 15 0.0
168.3 0.0 15 0.0
168.4 0.0 15 0.0
168.5 0.0 15 0.0
168.6 0.0 15 0.0
168.7 0.0 15 0.0
168.8 0.0 15 0.0
168.9 0.0 15 0.0
169.0 0.0 15 0.0
169.1 0.0 15 0.0
169.2 0.0 15 0.0
169.3 0.0 15 0.0
169.4 0.0 15 0.0
169.5 0.0 15 0.0
169.6 0.0 15 0.0
169.7 0.0 15 0.0
169.8 0.0 15 0.0
169.9 0.0 15 0.0
170.0 0.0 15 0.0
170.1 0.0 15 0.0
170.2 0.0 15 0.0
170.3 0.0 15 0.0
170.4 0.0 15 0.0
170.5 0.0 15 0.0
170.6 0.0 15 0.0
170.7 0.0 15 0.0
170.8 0.0 15 0.0
170.9 0.0 15 0.0
171.0 0.0 15 0.0
171.1 0.0 15 0.0
171.2 0.0 15 0.0
171.3 0.0 15 0.0
171.4 0.0 15 0.0
171.5 0.0 15 0.0
171.6 0.0 15 0.0
171.7 0.0 15 0.0
171.8 0.0 15 0.0
171.9 0.0 15 0.0
172.0 0.0 15 0.0
172.1 0.0 15 0.0
172.2 0.0 15 0.0
172.3 0.0 15 0.0
172.4 0.0 15 0.0
172.5 0.0 15 0.0
172.6 0.0 15 0.0
172.7 0.0 15 0.0
172.8 0.0 15 0.0
172.9 0.0 15 0.0
173.0 0.0 15 0.0
173.1 0.0 15 0.0
173.2 0.0 15 0.0
173.3 0.0 15 0.0
173.4 0.0 15 0.0
173.5 0.0 15 0.0
173.6 0.0 15 0.0
173.7 0.0 15 0.0
173.8 0.0 15 0.0
173.9 0.0 15 0.0
174.0 0.0 15 0.0
174.1 0.0 15 0.0
174.2 0.0 15 0.0
174.3 0.0 15 0.0
174.4 0.0 15 0.0
174.5 0.0 15 0.0
174.6 0.0 15 0.0
174.7 0.0 15 0.0
174.8 0.0 15 0.0
174.9 0.0 15 0.0
175.0 0.0 15 0.0
175.1 0.0 15 0.0
175.2 0.0 15 0.0
175.3 0.0 15 0.0
175.4 0.0 15 0.0
175.5 0.0 15 0.0
175.6 0.0 15 0.0
175.7 0.0 15 0.0
175.8 0.0 15 0.0
175.9 0.0 15 0.0
176.0 0.0 15 0.0
176.1 0.0 15 0.0
176.2 0.0 15 0.0
176.3 0.0 15 0.0
176.4 0.0 15 0.0
176.5 0.0 15 0.0
176.6 0.0 15 0.0
176.7 0.0 15 0.0
176.8 0.0 15 0.0
176.9 0.0 15 0.0
177.0 0.0 15 0.0
177.1 0.0 15 0.0
177.2 0.0 15 0.0
177.3 0.0 15 0.0
177.4 0.0 15 0.0
177.5 0.0 15 0.0
177.6 0.0 15 0.0
177.7 0.0 15 0.0
177.8 0.0 15 0.0
177.9 0.0 15 0.0
178.0 0.0 15 0.0
178.1 0.0 15 0.0
178.2 0.0 15 0.0
178.3 0.0 15 0.0
178.4 0.0 15 0.0
178.5 0.0 15 0.0
178.6 0.0 15 0.0
178.7 0.0 15 0.0
178.8 0.0 15 0.0
178.9 0.0 15 0.0
179.0 0.0 15 0.0
179.1 0.0 15 0.0
179.2 0.0 15 0.0
179.3 0.0 15 0.0
179.4 0.0 15 0.0
179.5 0.0 15 0.0
179.6 0.0 15 0.0
179.7 0.0 15 0.0
179.8 0.0 15 0.0
179.9 0.0 15 0.0
180.0 0.0 15 0.0
180.1 0.0 15 0.0
180.2 0.0 15 0.0
180.3 0.0 15 0.0
180.4 0.0 15 0.0
180.5 0.0 15 0.0
180.6 0.0 15 0.0
180.7 0.0 15 0.0
180.8 0.0 15 0.0
180.9 0.0 15 0.0
181.0 0.0 15 0.0
181.1 0.0 15 0.0
181.2 0.0 15 0.0
181.3 0.0 15 0.0
181.4 0.0 15 0.0
181.5 0.0 15 0.0
181.6 0.0 15 0.0
181.7 0.0 15 0.0
181.8 0.0 15 0.0
181.9 0.0 15 0.0
182.0 0.0 15 0.0
182.1 0.0 15 0.0
182.2 0.0 15 0.0
182.3 0.0 15 0.0
182.4 0.0 15 0.0
182.5 0.0 15 0.0
182.6 0.0 15 0.0
182.7 0.0 15 0.0
182.8 0.0 15 0.0
182.9 0.0 15 0.0
183.0 0.0 15 0.0
183.1 0.0 15 0.0
183.2 0.0 15 0.0
183.3 0.0 15 0.0
183.4 0.0 15 0.0
183.5 0.0 15 0.0
183.6 0.0 15 0.0
183.7 0.0 15 0.0
183.8 0.0 15 0.0
183.9 0.0 15 0.0
184.0 0.0 15 0.0
184.1 0.0 15 0.0
184.2 0.0 15 0.0
184.3 0.0 15 0.0
184.4 0.0 15 0.0
184.5 0.0 15 0.0
184.6 0.0 15 0.0
184.7 0.0 15 0.0
184.8 0.0 15 0.0
184.9 0.0 15 0.0
185.0 0.0 15 0.0
185.1 0.0 15 0.0
185.2 0.0 15 0.0
185.3 0.0 15 0.0
185.4 0.0 15 0.0
185.5 0.0 15 0.0
185.6 0.0 15 0.0
185.7 0.0 15 0.0
185.8 0.0 15 0.0
185.9 0.0 15 0.0
186.0 0.0 15 0.0
186.1 0.0 15 0.0
186.2 0.0 15 0.0
186.3 0.0 15 0.0
186.4 0.0 15 0.0
186.5 0.0 15 0.0
186.6 0.0 15 0.0
186.7 0.0 15 0.0
186.8 0.0 15 0.0
186.9 0.0 15 0.0
187.0 0.0 15 0.0
187.1 0.0 15 0.0
187.2 0.0 15 0.0
187.3 0.0 15 0.0
187.4 0.0 15 0.0
187.5 0.0 15 0.0
187.6 0.0 15 0.0
187.7 0.0 15 0.0
187.8 0.0 15 0.0
187.9 0.0 15 0.0
188.0 0.0 15 0.0
188.1 0.0 15 0.0
188.2 0.0 15 0.0
188.3 0.0 15 0.0
188.4 0.0 15 0.0
188.5 0.0 15 0.0
188.6 0.0 15 0.0
188.7 0.0 15 0.0
188.8 0.0 15 0.0
188.9 0.0 15 0.0
189.0 0.0 15 0.0
189.1 0.0 15 0.0
189.2 0.0 15 0.0
189.3 0.0 15 0.0
189.4 0.0 15 0.0
189.5 0.0 15 0.0
189.6 0.0 15 0.0
189.7 0.0 15 0.0
189.8 0.0 15 0.0
189.9 0.0 15 0.0
190.0 0.0 15 0.0
190.1 0.0 15 0.0
190.2 0.0 15 0.0
190.3 0.0 15 0.0
190.4 0.0 15 0.0
190.5 0.0 15 0.0
190.6 0.0 15 0.0
190.7 0.0 15 0.0
190.8 0.0 15 0.0
190.9 0.0 15 0.0
191.0 0.0 15 0.0
191.1 0.0 15 0.0
191.2 0.0 15 0.0
191.3 0.0 15 0.0
191.4 0.0 15 0.0
191.5 0.0 15 0.0
191.6 0.0 15 0.0
191.7 0.0 15 0.0
191.8 0.0 15 0.0
191.9 0.0 15 0.0
192.0 0.0 15 0.0
192.1 0.0 15 0.0
192.2 0.0 15 0.0
192.3 0.0 15 0.0
192.4 0.0 15 0.0
192.5 0.0 15 0.0
192.6 0.0 15 0.0
192.7 0.0 15 0.0
192.8 0.0 15 0.0
192.9 0.0 15 0.0
193.0 0.0 15 0.0
193.1 0.0 15 0.0
193.2 0.0 15 0.0
193.3 0.0 15 0.0
193.4 0.0 15 0.0
193.5 0.0 15 0.0
193.6 0.0 15 0.0
193.7 0.0 15 0.0
193.8 0.0 15 0.0
193.9 0.0 15 0.0
194.0 0.0 15 0.0
194.1 0.0 15 0.0
194.2 0.0 15 0.0
194.3 0.0 15 0.0
194.4 0.0 15 0.0
194.5 0.0 15 0.0
194.6 0.0 15 0.0
194.7 0.0 15 0.0
194.8 0.0 15 0.0
194.9 0.0 15 0.0
195.0 0.0 15 0.0
195.1 0.0 15 0.0
195.2 0.0 15 0.0
195.3 0.0 15 0.0
195.4 0.0 15 0.0
195.5 0.0 15 0.0
195.6 0.0 15 0.0
195.7 0.0 15 0.0
195.8 0.0 15 0.0
195.9 0.0 15 0.0
196.0 0.0 15 0.0
196.1 0.0 15 0.0
196.2 0.0 15 0.0
196.3 0.0 15 0.0
196.4 0.0 15 0.0
196.5 0.0 15 0.0
196.6 0.0 15 0.0
196.7 0.0 15 0.0
196.8 0.0 15 0.0
196.9 0.0 15 0.0
197.0 0.0 15 0.0
197.1 0.0 15 0.0
197.2 0.0 15 0.0
197.3 0.0 15 0.0
197.4 0.0 15 0.0
197.5 0.0 15 0.0
197.6 0.0 15 0.0
197.7 0.0 15 0.0
197.8 0.0 15 0.0
197.9 0.0 15 0.0
198.0 0.0 15 0.0
198.1 0.0 15 0.0
198.2 0.0 15 0.0
198.3 0.0 15 0.0
198.4 0.0 15 0.0
198.5 0.0 15 0.0
198.6 0.0 15 0.0
198.7 0.0 15 0.0
198.8 0.0 15 0.0
198.9 0.0 15 0.0
199.0 0.0 15 0.0
199.1 0.0 15 0.0
199.2 0.0 15 0.0
199.3 0.0 15 0.0
199.4 0.0 15 0.0
199.5 0.0 15 0.0
199.6 0.0 15 0.0
199.7 0.0 15 0.0
199.8 0.0 15 0.0
199.9 0.0 15 0.0
200.0 0.0 15 0.0
200.1 0.0 15 0.0
200.2 0.0 15 0.0
200.3 0.0 15 0.0
200.4 0.0 15 0.0
200.5 0.0 15 0.0
200.6 0.0 15 0.0
200.7 0.0 15 0.0
200.8 0.0 15 0.0
200.9 0.0 15 0.0
201.0 0.0 15 0.0
201.1 0.0 15 0.0
201.2 0.0 15 0.0
201.3 0.0 15 0.0
201.4 0.0 15 0.0
201.5 0.0 15 0.0
201.6 0.0 15 0.0
201.7 0.0 15 0.0
201.8 0.0 15 0.0
201.9 0.0 15 0.0
202.0 0.0 15 0.0
202.1 0.0 15 0.0
202.2 0.0 15 0.0
202.3 0.0 15 0.0
202.4 0.0 15 0.0
202.5 0.0 15 0.0
202.6 0.0 15 0.0
202.7 0.0 15 0.0
202.8 0.0 15 0.0
202.9 0.0 15 0.0
203.0 0.0 15 0.0
203.1 0.0 15 0.0
203.2 0.0 15 0.0
203.3 0.0 15 0.0
203.4 0.0 15 0.0
203.5 0.0 15 0.0
203.6 0.0 15 0.0
203.7 0.0 15 0.0
203.8 0.0 15 0.0
203.9 0.0 15 0.0
204.0 0.0 15 0.0
204.1 0.0 15 0.0
204.2 0.0 15 0.0
204.3 0.0 15 0.0
204.4 0.0 15 0.0
204.5 0.0 15 0.0
204.6 0.0 15 0.0
204.7 0.0 15 0.0
204.8 0.0 15 0.0
204.9 0.0 15 0.0
205.0 0.0 15 0.0
205.1 0.0 15 0.0
205.2 0.0 15 0.0
205.3 0.0 15 0.0
205.4 0.0 15 0.0
205.5 0.0 15 0.0
205.6 0.0 15 0.0
205.7 0.0 15 0.0
205.8 0.0 15 0.0
205.9 0.0 15 0.0
206.0 0.0 15 0.0
206.1 0.0 15 0.0
206.2 0.0 15 0.0
206.3 0.0 15 0.0
206.4 0.0 15 0.0
206.5 0.0 15 0.0
206.6 0.0 15 0.0
206.7 0.0 15 0.0
206.8 0.0 15 0.0
206.9 0.0 15 0.0
207.0 0.0 15 0.0
207.1 0.0 15 0.0
207.2 0.0 15 0.0
207.3 0.0 15 0.0
207.4 0.0 15 0.0
207.5 0.0 15 0.0
207.6 0.0 15 0.0
207.7 0.0 15 0.0
207.8 0.0 15 0.0
207.9 0.0 15 0.0
208.0 0.0 15 0.0
208.1 0.0 15 0.0
208.2 0.0 15 0.0
208.3 0.0 15 0.0
208.4 0.0 15 0.0
208.5 0.0 15 0.0
208.6 0.0 15 0.0
208.7 0.0 15 0.0
208.8 0.0 15 0.0
208.9 0.0 15 0.0
209.0 0.0 15 0.0
209.1 0.0 15 0.0
209.2 0.0 15 0.0
209.3 0.0 15 0.0
209.4 0.0 15 0.0
209.5 0.0 15 0.0
209.6 0.0 15 0.0
209.7 0.0 15 0.0
209.8 0.0 15 0.0
209.9 0.0 15 0.0
210.0 0.0 15 0.0
210.1 0.0 15 0.0
210.2 0.0 15 0.0
210.3 0.0 15 0.0
210.4 0.0 15 0.0
210.5 0.0 15 0.0
210.6 0.0 15 0.0
210.7 0.0 15 0.0
210.8 0.0 15 0.0
210.9 0.0 15 0.0
211.0 0.0 15 0.0
211.1 0.0 15 0.0
211.2 0.0 15 0.0
211.3 0.0 15 0.0
211.4 0.0 15 0.0
211.5 0.0 15 0.0
211.6 0.0 15 0.0
211.7 0.0 15 0.0
211.8 0.0 15 0.0
211.9 0.0 15 0.0
212.0 0.0 15 0.0
212.1 0.0 15 0.0
212.2 0.0 15 0.0
212.3 0.0 15 0.0
212.4 0.0 15 0.0
212.5 0.0 15 0.0
212.6 0.0 15 0.0
212.7 0.0 15 0.0
212.8 0.0 15 0.0
212.9 0.0 15 0.0
213.0 0.0 15 0.0
213.1 0.0 15 0.0
213.2 0.0 15 0.0
213.3 0.0 15 0.0
213.4 0.0 15 0.0
213.5 0.0 15 0.0
213.6 0.0 15 0.0
213.7 0.0 15 0.0
213.8 0.0 15 0.0
213.9 0.0 15 0.0
214.0 0.0 15 0.0
214.1 0.0 15 0.0
214.2 0.0 15 0.0
214.3 0.0 15 0.0
214.4 0.0 15 0.0
214.5 0.0 15 0.0
214.6 0.0 15 0.0
214.7 0.0 15 0.0
214.8 0.0 15 0.0
214.9 0.0 15 0.0
215.0 0.0 15 0.0
215.1 0.0 15 0.0
215.2 0.0 15 0.0
215.3 0.0 15 0.0
215.4 0.0 15 0.0
215.5 0.0 15 0.0
215.6 0.0 15 0.0
215.7 0.0 15 0.0
215.8 0.0 15 0.0
215.9 0.0 15 0.0
216.0 0.0 15 0.0
216.1 0.0 15 0.0
216.2 0.0 15 0.0
216.3 0.0 15 0.0
216.4 0.0 15 0.0
216.5 0.0 15 0.0
216.6 0.0 15 0.0
216.7 0.0 15 0.0
216.8 0.0 15 0.0
216.9 0.0 15 0.0
217.0 0.0 15 0.0
217.1 0.0 15 0.0
217.2 0.0 15 0.0
217.3 0.0 15 0.0
217.4 0.0 15 0.0
217.5 0.0 15 0.0
217.6 0.0 15 0.0
217.7 0.0 15 0.0
217.8 0.0 15 0.0
217.9 0.0 15 0.0
218.0 0.0 15 0.0
218.1 0.0 15 0.0
218.2 0.0 15 0.0
218.3 0.0 15 0.0
218.4 0.0 15 0.0
218.5 0.0 15 0.0
218.6 0.0 15 0.0
218.7 0.0 15 0.0
218.8 0.0 15 0.0
218.9 0.0 15 0.0
219.0 0.0 15 0.0
219.1 0.0 15 0.0
219.2 0.0 15 0.0
219.3 0.0 15 0.0
219.4 0.0 15 0.0
219.5 0.0 15 0.0
219.6 0.0 15 0.0
219.7 0.0 15 0.0
219.8 0.0 15 0.0
219.9 0.0 15 0.0
220.0 0.0 15 0.0
220.1 0.0 15 0.0
220.2 0.0 15 0.0
220.3 0.0 15 0.0
220.4 0.0 15 0.0
220.5 0.0 15 0.0
220.6 0.0 15 0.0
220.7 0.0 15 0.0
220.8 0.0 15 0.0
220.9 0.0 15 0.0
221.0 0.0 15 0.0
221.1 0.0 15 0.0
221.2 0.0 15 0.0
221.3 0.0 15 0.0
221.4 0.0 15 0.0
221.5 0.0 15 0.0
221.6 0.0 15 0.0
221.7 0.0 15 0.0
221.8 0.0 15 0.0
221.9 0.0 15 0.0
222.0 0.0 15 0.0
222.1 0.0 15 0.0
222.2 0.0 15 0.0
222.3 0.0 15 0.0
222.4 0.0 15 0.0
222.5 0.0 15 0.0
222.6 0.0 15 0.0
222.7 0.0 15 0.0
222.8 0.0 15 0.0
222.9 0.0 15 0.0
223.0 0.0 15 0.0
223.1 0.0 15 0.0
223.2 0.0 15 0.0
223.3 0.0 15 0.0
223.4 0.0 15 0.0
223.5 0.0 15 0.0
223.6 0.0 15 0.0
223.7 0.0 15 0.0
223.8 0.0 15 0.0
223.9 0.0 15 0.0
224.0 0.0 15 0.0
224.1 0.0 15 0.0
224.2 0.0 15 0.0
224.3 0.0 15 0.0
224.4 0.0 15 0.0
224.5 0.0 15 0.0
224.6 0.0 15 0.0
224.7 0.0 15 0.0
224.8 0.0 15 0.0
224.9 0.0 15 0.0
225.0 0.0 15 0.0
225.1 0.0 15 0.0
225.2 0.0 15 0.0
225.3 0.0 15 0.0
225.4 0.0 15 0.0
225.5 0.0 15 0.0
225.6 0.0 15 0.0
225.7 0.0 15 0.0
225.8 0.0 15 0.0
225.9 0.0 15 0.0
226.0 0.0 15 0.0
226.1 0.0 15 0.0
226.2 0.0 15 0.0
226.3 0.0 15 0.0
226.4 0.0 15 0.0
226.5 0.0 15 0.0
226.6 0.0 15 0.0
226.7 0.0 15 0.0
226.8 0.0 15 0.0
226.9 0.0 15 0.0
227.0 0.0 15 0.0
227.1 0.0 15 0.0
227.2 0.0 15 0.0
227.3 0.0 15 0.0
227.4 0.0 15 0.0
227.5 0.0 15 0.0
227.6 0.0 15 0.0
227.7 0.0 15 0.0
227.8 0.0 15 0.0
227.9 0.0 15 0.0
228.0 0.0 15 0.0
228.1 0.0 15 0.0
228.2 0.0 15 0.0
228.3 0.0 15 0.0
228.4 0.0 15 0.0
228.5 0.0 15 0.0
228.6 0.0 15 0.0
228.7 0.0 15 0.0
228.8 0.0 15 0.0
228.9 0.0 15 0.0
229.0 0.0 15 0.0
229.1 0.0 15 0.0
229.2 0.0 15 0.0
229.3 0.0 15 0.0
229.4 0.0 15 0.0
229.5 0.0 15 0.0
229.6 0.0 15 0.0
229.7 0.0 15 0.0
229.8 0.0 15 0.0
229.9 0.0 15 0.0
230.0 0.0 15 0.0
230.1 0.0 15 0.0
230.2 0.0 15 0.0
230.3 0.0 15 0.0
230.4 0.0 15 0.0
230.5 0.0 15 0.0
230.6 0.0 15 0.0
230.7 0.0 15 0.0
230.8 0.0 15 0.0
230.9 0.0 15 0.0
231.0 0.0 15 0.0
231.1 0.0 15 0.0
231.2 0.0 15 0.0
231.3 0.0 15 0.0
231.4 0.0 15 0.0
231.5 0.0 15 0.0
231.6 0.0 15 0.0
231.7 0.0 15 0.0
231.8 0.0 15 0.0
231.9 0.0 15 0.0
232.0 0.0 15 0.0
232.1 0.0 15 0.0
232.2 0.0 15 0.0
232.3 0.0 15 0.0
232.4 0.0 15 0.0
232.5 0.0 15 0.0
232.6 0.0 15 0.0
232.7 0.0 15 0.0
232.8 0.0 15 0.0
232.9 0.0 15 0.0
233.0 0.0 15 0.0
233.1 0.0 15 0.0
233.2 0.0 15 0.0
233.3 0.0 15 0.0
233.4 0.0 15 0.0
233.5 0.0 15 0.0
233.6 0.0 15 0.0
233.7 0.0 15 0.0
233.8 0.0 15 0.0
233.9 0.0 15 0.0
234.0 0.0 15 0.0
234.1 0.0 15 0.0
234.2 0.0 15 0.0
234.3 0.0 15 0.0
234.4 0.0 15 0.0
234.5 0.0 15 0.0
234.6 0.0 15 0.0
234.7 0.0 15 0.0
234.8 0.0 15 0.0
234.9 0.0 15 0.0
235.0 0.0 15 0.0
235.1 0.0 15 0.0
235.2 0.0 15 0.0
235.3 0.0 15 0.0
235.4 0.0 15 0.0
235.5 0.0 15 0.0
235.6 0.0 15 0.0
235.7 0.0 15 0.0
235.8 0.0 15 0.0
235.9 0.0 15 0.0
236.0 0.0 15 0.0
236.1 231.9937 14 1.0
236.2 232.0909 14 1.0
236.3 232.188 14 1.0
236.4 232.2852 14 1.0
236.5 232.3823 14 1.0
236.6 232.4794 14 1.0
236.7 232.5766 14 1.0
236.8 232.6737 14 1.0
236.9 232.7709 14 1.0
237.0 232.868 14 1.0
237.1 232.9651 14 1.0
237.2 233.0623 14 1.0
237.3 233.1594 14 1.0
237.4 233.2565 14 1.0
237.5 233.3537 14 1.0
237.6 233.4508 14 1.0
237.7 233.548 14 1.0
237.8 233.6451 14 1.0
237.9 233.7422 14 1.0
238.0 233.8394 14 1.0
238.1 233.9365 14 1.0
238.2 234.0336 14 1.0
238.3 234.1308 14 1.0
238.4 234.2279 14 1.0
238.5 234.3251 14 1.0
238.6 234.4222 14 1.0
238.7 234.5193 14 1.0
238.8 234.6165 14 1.0
238.9 234.7136 14 1.0
239.0 234.8107 14 1.0
239.1 234.9079 14 1.0
239.2 235.005 14 1.0
239.3 235.1022 14 1.0
239.4 235.1993 14 1.0
239.5 235.2964 14 1.0
239.6 235.3936 14 1.0
239.7 235.4907 14 1.0
239.8 235.5878 14 1.0
239.9 235.685 14 1.0
240.0 235.7821 14 1.0
240.1 235.8793 14 1.0
240.2 235.9764 14 1.0
240.3 236.0735 14 1.0
240.4 236.1707 14 1.0
240.5 236.2678 14 1.0
240.6 236.3649 14 1.0
240.7 236.4621 14 1.0
240.8 236.5592 14 1.0
240.9 236.6564 14 1.0
241.0 236.7535 14 1.0
241.1 236.8506 14 1.0
241.2 236.9478 14 1.0
241.3 237.0449 14 1.0
241.4 237.142 14 1.0
241.5 237.2392 14 1.0
241.6 237.3363 14 1.0
241.7 237.4335 14 1.0
241.8 237.5306 14 1.0
241.9 237.6277 14 1.0
242.0 237.7249 14 1.0
242.1 237.822 14 1.0
242.2 237.9191 14 1.0
242.3 238.0163 14 1.0
242.4 238.1134 14 1.0
242.5 238.2106 14 1.0
242.6 238.3077 14 1.0
242.7 238.4048 14 1.0
242.8 238.502 14 1.0
242.9 238.5991 14 1.0
243.0 238.6962 14 1.0
243.1 238.7934 14 1.0
243.2 238.8905 14 1.0
243.3 238.9877 14 1.0
243.4 239.0848 14 1.0
243.5 239.1819 14 1.0
243.6 239.2791 14 1.0
243.7 239.3762 14 1.0
243.8 239.4733 14 1.0
243.9 239.5705 14 1.0
244.0 239.6676 14 1.0
244.1 239.7648 14 1.0
244.2 239.8619 14 1.0
244.3 239.959 14 1.0
244.4 240.0562 14 1.0
244.5 240.1533 14 1.0
244.6 240.2504 14 1.0
244.7 240.3476 14 1.0
244.8 240.4447 14 1.0
244.9 240.5419 14 1.0
245.0 240.639 14 1.0
245.1 240.7361 14 1.0
245.2 240.8333 14 1.0
245.3 240.9304 14 1.0
245.4 241.0275 14 1.0
245.5 241.1247 14 1.0
245.6 241.2218 14 1.0
245.7 241.319 14 1.0
245.8 241.4161 14 1.0
245.9 241.5132 14 1.0
246.0 241.6104 14 1.0
246.1 241.7075 14 1.0
246.2 241.8046 14 1.0
246.3 241.9018 14 1.0
246.4 241.9989 14 1.0
246.5 242.0961 14 1.0
246.6 242.1932 14 1.0
246.7 242.2903 14 1.0
246.8 242.3875 14 1.0
246.9 242.4846 14 1.0
247.0 242.5817 14 1.0
247.1 242.6789 14 1.0
247.2 242.776 14 1.0
247.3 242.8732 14 1.0
247.4 242.9703 14 1.0
247.5 243.0674 14 1.0
247.6 243.1646 14 1.0
247.7 243.2617 14 1.0
247.8 243.3588 14 1.0
247.9 243.456 14 1.0
248.0 243.5531 14 1.0
248.1 243.6503 14 1.0
248.2 243.7474 14 1.0
248.3 243.8445 14 1.0
248.4 243.9417 14 1.0
248.5 244.0388 14 1.0
248.6 244.1359 14 1.0
248.7 244.2331 14 1.0
248.8 244.3302 14 1.0
248.9 244.4274 14 1.0
249.0 244.5245 14 1.0
249.1 244.6216 14 1.0
249.2 244.7188 14 1.0
249.3 244.8159 14 1.0
249.4 244.913 14 1.0
249.5 245.0102 14 1.0
249.6 245.1073 14 1.0
249.7 245.2045 14 1.0
249.8 245.3016 14 1.0
249.9 245.3987 14 1.0
250.0 245.4959 14 1.0
250.1 245.5921 14 1.0
250.2 245.6883 14 1.0
250.3 245.7845 14 1.0
250.4 245.8807 14 1.0
250.5 245.9769 14 1.0
250.6 246.0731 14 1.0
250.7 246.1693 14 1.0
250.8 246.2655 14 1.0
250.9 246.3617 14 1.0
251.0 246.4579 14 1.0
251.1 246.5541 14 1.0
251.2 246.6503 14 1.0
251.3 246.7465 14 1.0
251.4 246.8427 14 1.0
251.5 246.9389 14 1.0
251.6 247.0351 14 1.0
251.7 247.1313 14 1.0
251.8 247.2275 14 1.0
251.9 247.3237 14 1.0
252.0 247.4199 14 1.0
252.1 247.5161 14 1.0
252.2 247.6123 14 1.0
252.3 247.7085 14 1.0
252.4 247.8047 14 1.0
252.5 247.901 14 1.0
252.6 247.9972 14 1.0
252.7 248.0934 14 1.0
252.8 248.1896 14 1.0
252.9 248.2858 14 1.0
253.0 248.382 14 1.0
253.1 248.4782 14 1.0
253.2 248.5744 14 1.0
253.3 248.6706 14 1.0
253.4 248.7668 14 1.0
253.5 248.863 14 1.0
253.6 248.9592 14 1.0
253.7 249.0554 14 1.0
253.8 249.1516 14 1.0
253.9 249.2478 14 1.0
254.0 249.344 14 1.0
254.1 249.4402 14 1.0
254.2 249.5364 14 1.0
254.3 249.6326 14 1.0
254.4 249.7288 14 1.0
254.5 249.825 14 1.0
254.6 249.9212 14 1.0
254.7 250.0174 14 1.0
254.8 250.1136 14 1.0
254.9 250.2098 14 1.0
255.0 250.306 14 1.0
255.1 250.4022 14 1.0
255.2 250.4984 14 1.0
255.3 250.5946 14 1.0
255.4 250.6908 14 1.0
255.5 250.7871 14 1.0
255.6 250.8833 14 1.0
255.7 250.9795 14 1.0
255.8 251.0757 14 1.0
255.9 251.1719 14 1.0
256.0 251.2681 14 1.0
256.1 251.3643 14 1.0
256.2 251.4605 14 1.0
256.3 251.5567 14 1.0
256.4 251.6529 14 1.0
256.5 251.7491 14 1.0
256.6 251.8453 14 1.0
256.7 251.9415 14 1.0
256.8 252.0377 14 1.0
256.9 252.1339 14 1.0
257.0 252.2301 14 1.0
257.1 252.3263 14 1.0
257.2 252.4225 14 1.0
257.3 252.5187 14 1.0
257.4 252.6149 14 1.0
257.5 252.7111 14 1.0
257.6 252.8073 14 1.0
257.7 252.9035 14 1.0
257.8 252.9997 14 1.0
257.9 253.0959 14 1.0
258.0 253.1921 14 1.0
258.1 253.2883 14 1.0
258.2 253.3845 14 1.0
258.3 253.4807 14 1.0
258.4 253.5769 14 1.0
258.5 253.6731 14 1.0
258.6 253.7694 14 1.0
258.7 253.8656 14 1.0
258.8 253.9618 14 1.0
258.9 254.058 14 1.0
259.0 254.1542 14 1.0
259.1 254.2504 14 1.0
259.2 254.3466 14 1.0
259.3 254.4428 14 1.0
259.4 254.539 14 1.0
259.5 254.6352 14 1.0
259.6 254.7314 14 1.0
259.7 254.8276 14 1.0
259.8 254.9238 14 1.0
259.9 255.02 14 1.0
260.0 255.1162 14 1.0
260.1 255.2124 14 1.0
260.2 255.3086 14 1.0
260.3 255.4048 14 1.0
260.4 255.501 14 1.0
260.5 255.5972 14 1.0
260.6 255.6934 14 1.0
260.7 255.7896 14 1.0
260.8 255.8858 14 1.0
260.9 255.982 14 1.0
261.0 256.0782 14 1.0
261.1 256.1744 14 1.0
261.2 256.2706 14 1.0
261.3 256.3668 14 1.0
261.4 256.463 14 1.0
261.5 256.5592 14 1.0
261.6 256.6555 14 1.0
261.7 256.7517 14 1.0
261.8 256.8479 14 1.0
261.9 256.9441 14 1.0
262.0 257.0403 14 1.0
262.1 257.1365 14 1.0
262.2 257.2327 14 1.0
262.3 257.3289 14 1.0
262.4 257.4251 14 1.0
262.5 257.5213 14 1.0
262.6 257.6175 14 1.0
262.7 257.7137 14 1.0
262.8 257.8099 14 1.0
262.9 257.9061 14 1.0
263.0 258.0023 14 1.0
263.1 258.0985 14 1.0
263.2 258.1947 14 1.0
263.3 258.2909 14 1.0
263.4 258.3871 14 1.0
263.5 258.4833 14 1.0
263.6 258.5795 14 1.0
263.7 258.6757 14 1.0
263.8 258.7719 14 1.0
263.9 258.8681 14 1.0
264.0 258.9643 14 1.0
264.1 259.0605 14 1.0
264.2 259.1567 14 1.0
264.3 259.2529 14 1.0
264.4 259.3491 14 1.0
264.5 259.4453 14 1.0
264.6 259.5416 14 1.0
264.7 259.6378 14 1.0
264.8 259.734 14 1.0
264.9 259.8302 14 1.0
265.0 259.9264 14 1.0
265.1 260.0226 14 1.0
265.2 260.1188 14 1.0
265.3 260.215 14 1.0
265.4 260.3112 14 1.0
265.5 260.4074 14 1.0
265.6 260.5036 14 1.0
265.7 260.5998 14 1.0
265.8 260.696 14 1.0
265.9 260.7922 14 1.0
266.0 260.8884 14 1.0
266.1 260.9846 14 1.0
266.2 261.0808 14 1.0
266.3 261.177 14 1.0
266.4 261.2732 14 1.0
266.5 261.3694 14 1.0
266.6 261.4656 14 1.0
266.7 261.5618 14 1.0
266.8 261.658 14 1.0
266.9 261.7542 14 1.0
267.0 261.8504 14 1.0
267.1 261.9466 14 1.0
267.2 262.0428 14 1.0
267.3 262.139 14 1.0
267.4 262.2352 14 1.0
267.5 262.3314 14 1.0
267.6 262.4277 14 1.0
267.7 262.5239 14 1.0
267.8 262.6201 14 1.0
267.9 262.7163 14 1.0
268.0 262.8125 14 1.0
268.1 262.9087 14 1.0
268.2 263.0049 14 1.0
268.3 263.1011 14 1.0
268.4 263.1973 14 1.0
268.5 263.2935 14 1.0
268.6 263.3897 14 1.0
268.7 263.4859 14 1.0
268.8 263.5821 14 1.0
268.9 263.6783 14 1.0
269.0 263.7745 14 1.0
269.1 263.8707 14 1.0
269.2 263.9669 14 1.0
269.3 264.0631 14 1.0
269.4 264.1593 14 1.0
269.5 264.2555 14 1.0
269.6 264.3517 14 1.0
269.7 264.4479 14 1.0
269.8 264.5441 14 1.0
269.9 264.6403 14 1.0
270.0 264.7365 14 1.0
270.1 264.8327 14 1.0
270.2 264.9289 14 1.0
270.3 265.0251 14 1.0
270.4 265.1213 14 1.0
270.5 265.2175 14 1.0
270.6 265.3137 14 1.0
270.7 265.41 14 1.0
270.8 265.5062 14 1.0
270.9 265.6024 14 1.0
271.0 265.6986 14 1.0
271.1 265.7948 14 1.0
271.2 265.891 14 1.0
271.3 265.9872 14 1.0
271.4 266.0834 14 1.0
271.5 266.1796 14 1.0
271.6 266.2758 14 1.0
271.7 266.372 14 1.0
271.8 266.4682 14 1.0
271.9 266.5644 14 1.0
272.0 266.6606 14 1.0
272.1 266.7568 14 1.0
272.2 266.853 14 1.0
272.3 266.9492 14 1.0
272.4 267.0454 14 1.0
272.5 267.1416 14 1.0
272.6 267.2378 14 1.0
272.7 267.334 14 1.0
272.8 267.4302 14 1.0
272.9 267.5264 14 1.0
273.0 267.6226 14 1.0
273.1 267.7188 14 1.0
273.2 267.815 14 1.0
273.3 267.9112 14 1.0
273.4 268.0074 14 1.0
273.5 268.1036 14 1.0
273.6 268.1998 14 1.0
273.7 268.2961 14 1.0
273.8 268.3923 14 1.0
273.9 268.4885 14 1.0
274.0 268.5847 14 1.0
274.1 268.6809 14 1.0
274.2 268.7771 14 1.0
274.3 268.8733 14 1.0
274.4 268.9695 14 1.0
274.5 269.0657 14 1.0
274.6 269.1619 14 1.0
274.7 269.2581 14 1.0
274.8 269.3543 14 1.0
274.9 269.4505 14 1.0
275.0 269.5467 14 1.0
275.1 269.6429 14 1.0
275.2 269.7391 14 1.0
275.3 269.8353 14 1.0
275.4 269.9315 14 1.0
275.5 270.0277 14 1.0
275.6 270.1239 14 1.0
275.7 270.2201 14 1.0
275.8 270.3163 14 1.0
275.9 270.4125 14 1.0
276.0 270.5087 14 1.0
276.1 270.6049 14 1.0
276.2 270.7011 14 1.0
276.3 270.7973 14 1.0
276.4 270.8935 14 1.0
276.5 270.9897 14 1.0
276.6 271.0859 14 1.0
276.7 271.1822 14 1.0
276.8 271.2784 14 1.0
276.9 271.3746 14 1.0
277.0 271.4708 14 1.0
277.1 271.567 14 1.0
277.2 271.6632 14 1.0
277.3 271.7594 14 1.0
277.4 271.8556 14 1.0
277.5 271.9518 14 1.0
277.6 272.048 14 1.0
277.7 272.1442 14 1.0
277.8 272.2404 14 1.0
277.9 272.3366 14 1.0
278.0 272.4328 14 1.0
278.1 272.529 14 1.0
278.2 272.6252 14 1.0
278.3 272.7214 14 1.0
278.4 272.8176 14 1.0
278.5 272.9138 14 1.0
278.6 273.01 14 1.0
278.7 273.1062 14 1.0
278.8 273.2024 14 1.0
278.9 273.2986 14 1.0
279.0 273.3948 14 1.0
279.1 273.491 14 1.0
279.2 273.5872 14 1.0
279.3 273.6834 14 1.0
279.4 273.7796 14 1.0
279.5 273.8758 14 1.0
279.6 273.972 14 1.0
279.7 274.0683 14 1.0
279.8 274.1645 14 1.0
279.9 274.2607 14 1.0
280.0 274.3569 14 1.0
280.1 274.4531 14 1.0
280.2 274.5493 14 1.0
280.3 274.6455 14 1.0
280.4 274.7417 14 1.0
280.5 274.8379 14 1.0
280.6 274.9341 14 1.0
280.7 275.0303 14 1.0
280.8 275.1265 14 1.0
280.9 275.2227 14 1.0
281.0 275.3189 14 1.0
281.1 275.4151 14 1.0
281.2 275.5113 14 1.0
281.3 275.6075 14 1.0
281.4 275.7037 14 1.0
281.5 275.7999 14 1.0
281.6 275.8961 14 1.0
281.7 275.9923 14 1.0
281.8 276.0885 14 1.0
281.9 276.1847 14 1.0
282.0 276.2809 14 1.0
282.1 276.3771 14 1.0
282.2 276.4733 14 1.0
282.3 276.5695 14 1.0
282.4 276.6657 14 1.0
282.5 276.7619 14 1.0
282.6 276.8581 14 1.0
282.7 276.9544 14 1.0
282.8 277.0506 14 1.0
282.9 277.1468 14 1.0
283.0 277.243 14 1.0
283.1 277.3392 14 1.0
283.2 277.4354 14 1.0
283.3 277.5316 14 1.0
283.4 277.6278 14 1.0
283.5 277.724 14 1.0
283.6 277.8202 14 1.0
283.7 277.9164 14 1.0
283.8 278.0126 14 1.0
283.9 278.1088 14 1.0
284.0 278.205 14 1.0
284.1 278.3012 14 1.0
284.2 278.3974 14 1.0
284.3 278.4936 14 1.0
284.4 278.5898 14 1.0
284.5 278.686 14 1.0
284.6 278.7822 14 1.0
284.7 278.8784 14 1.0
284.8 278.9746 14 1.0
284.9 279.0708 14 1.0
285.0 279.167 14 1.0
285.1 279.2632 14 1.0
285.2 279.3594 14 1.0
285.3 279.4556 14 1.0
285.4 279.5518 14 1.0
285.5 279.648 14 1.0
285.6 279.7442 14 1.0
285.7 279.8404 14 1.0
285.8 279.9367 14 1.0
285.9 280.0329 14 1.0
286.0 280.1291 14 1.0
286.1 280.2253 14 1.0
286.2 280.3215 14 1.0
286.3 280.4177 14 1.0
286.4 280.5139 14 1.0
286.5 280.6101 14 1.0
286.6 280.7063 14 1.0
286.7 280.8025 14 1.0
286.8 280.8987 14 1.0
286.9 280.9949 14 1.0
287.0 281.0911 14 1.0
287.1 281.1873 14 1.0
287.2 281.2835 14 1.0
287.3 281.3797 14 1.0
287.4 281.4759 14 1.0
287.5 281.5721 14 1.0
287.6 281.6683 14 1.0
287.7 281.7645 14 1.0
287.8 281.8607 14 1.0
287.9 281.9569 14 1.0
288.0 282.0531 14 1.0
288.1 282.1493 14 1.0
288.2 282.2455 14 1.0
288.3 282.3417 14 1.0
288.4 282.4379 14 1.0
288.5 282.5341 14 1.0
288.6 282.6303 14 1.0
288.7 282.7265 14 1.0
288.8 282.8228 14 1.0
288.9 282.919 14 1.0
289.0 283.0152 14 1.0
289.1 283.1114 14 1.0
289.2 283.2076 14 1.0
289.3 283.3038 14 1.0
289.4 283.4 14 1.0
289.5 283.4962 14 1.0
289.6 283.5924 14 1.0
289.7 283.6886 14 1.0
289.8 283.7848 14 1.0
289.9 283.881 14 1.0
290.0 283.9772 14 1.0
290.1 284.0734 14 1.0
290.2 284.1696 14 1.0
290.3 284.2658 14 1.0
290.4 284.362 14 1.0
290.5 284.4582 14 1.0
290.6 284.5544 14 1.0
290.7 284.6506 14 1.0
290.8 284.7468 14 1.0
290.9 284.843 14 1.0
291.0 284.9392 14 1.0
291.1 285.0354 14 1.0
291.2 285.1316 14 1.0
291.3 285.2278 14 1.0
291.4 285.324 14 1.0
291.5 285.4202 14 1.0
291.6 285.5164 14 1.0
291.7 285.6126 14 1.0
291.8 285.7089 14 1.0
291.9 285.8051 14 1.0
292.0 285.9013 14 1.0
292.1 285.9975 14 1.0
292.2 286.0937 14 1.0
292.3 286.1899 14 1.0
292.4 286.2861 14 1.0
292.5 286.3823 14 1.0
292.6 286.4785 14 1.0
292.7 286.5747 14 1.0
292.8 286.6709 14 1.0
292.9 286.7671 14 1.0
293.0 286.8633 14 1.0
293.1 286.9595 14 1.0
293.2 287.0557 14 1.0
293.3 287.1519 14 1.0
293.4 287.2481 14 1.0
293.5 287.3443 14 1.0
293.6 287.4405 14 1.0
293.7 287.5367 14 1.0
293.8 287.6329 14 1.0
293.9 287.7291 14 1.0
294.0 287.8253 14 1.0
294.1 287.9215 14 1.0
294.2 288.0177 14 1.0
294.3 288.1139 14 1.0
294.4 288.2101 14 1.0
294.5 288.3063 14 1.0
294.6 288.4025 14 1.0
294.7 288.4987 14 1.0
294.8 288.595 14 1.0
294.9 288.6912 14 1.0
295.0 288.7874 14 1.0
295.1 288.8836 14 1.0
295.2 288.9798 14 1.0
295.3 289.076 14 1.0
295.4 289.1722 14 1.0
295.5 289.2684 14 1.0
295.6 289.3646 14 1.0
295.7 289.4608 14 1.0
295.8 289.557 14 1.0
295.9 289.6532 14 1.0
296.0 289.7494 14 1.0
296.1 289.8456 14 1.0
296.2 289.9418 14 1.0
296.3 290.038 14 1.0
296.4 290.1342 14 1.0
296.5 290.2304 14 1.0
296.6 290.3266 14 1.0
296.7 290.4228 14 1.0
296.8 290.519 14 1.0
296.9 290.6152 14 1.0
297.0 290.7114 14 1.0
297.1 290.8076 14 1.0
297.2 290.9038 14 1.0
297.3 291.0 14 1.0
297.4 291.0962 14 1.0
297.5 291.1924 14 1.0
297.6 291.2886 14 1.0
297.7 291.3848 14 1.0
297.8 291.4811 14 1.0
297.9 291.5773 14 1.0
298.0 291.6735 14 1.0
298.1 291.7697 14 1.0
298.2 291.8659 14 1.0
298.3 291.9621 14 1.0
298.4 292.0583 14 1.0
298.5 292.1545 14 1.0
298.6 292.2507 14 1.0
298.7 292.3469 14 1.0
298.8 292.4431 14 1.0
298.9 292.5393 14 1.0
299.0 292.6355 14 1.0
299.1 292.7317 14 1.0
299.2 292.8279 14 1.0
299.3 292.9241 14 1.0
299.4 293.0203 14 1.0
299.5 293.1165 14 1.0
299.6 293.2127 14 1.0
299.7 293.3089 14 1.0
299.8 293.4051 14 1.0
299.9 293.5013 14 1.0
300.0 293.5975 14 1.0
300.1 293.6917 14 1.0
300.2 293.7859 14 1.0
300.3 293.88 14 1.0
300.4 293.9742 14 1.0
300.5 294.0684 14 1.0
300.6 294.1625 14 1.0
300.7 294.2567 14 1.0
300.8 294.3509 14 1.0
300.9 294.445 14 1.0
301.0 294.5392 14 1.0
301.1 294.6334 14 1.0
301.2 294.7275 14 1.0
301.3 294.8217 14 1.0
301.4 294.9159 14 1.0
301.5 295.01 14 1.0
301.6 295.1042 14 1.0
301.7 295.1984 14 1.0
301.8 295.2925 14 1.0
301.9 295.3867 14 1.0
302.0 295.4809 14 1.0
302.1 295.575 14 1.0
302.2 295.6692 14 1.0
302.3 295.7634 14 1.0
302.4 295.8575 14 1.0
302.5 295.9517 14 1.0
302.6 296.0459 14 1.0
302.7 296.14 14 1.0
302.8 296.2342 14 1.0
302.9 296.3283 14 1.0
303.0 296.4225 14 1.0
303.1 296.5167 14 1.0
303.2 296.6108 14 1.0
303.3 296.705 14 1.0
303.4 296.7992 14 1.0
303.5 296.8933 14 1.0
303.6 296.9875 14 1.0
303.7 297.0817 14 1.0
303.8 297.1758 14 1.0
303.9 297.27 14 1.0
304.0 297.3642 14 1.0
304.1 297.4583 14 1.0
304.2 297.5525 14 1.0
304.3 297.6467 14 1.0
304.4 297.7408 14 1.0
304.5 297.835 14 1.0
304.6 297.9292 14 1.0
304.7 298.0233 14 1.0
304.8 298.1175 14 1.0
304.9 298.2117 14 1.0
305.0 298.3058 14 1.0
305.1 298.4 14 1.0
305.2 298.4942 14 1.0
305.3 298.5883 14 1.0
305.4 298.6825 14 1.0
305.5 298.7767 14 1.0
305.6 298.8708 14 1.0
305.7 298.965 14 1.0
305.8 299.0592 14 1.0
305.9 299.1533 14 1.0
306.0 299.2475 14 1.0
306.1 299.3417 14 1.0
306.2 299.4358 14 1.0
306.3 299.53 14 1.0
306.4 299.6242 14 1.0
306.5 299.7183 14 1.0
306.6 299.8125 14 1.0
306.7 299.9067 14 1.0
306.8 300.0008 14 1.0
306.9 300.095 14 1.0
307.0 300.1892 14 1.0
307.1 300.2833 14 1.0
307.2 300.3775 14 1.0
307.3 300.4717 14 1.0
307.4 300.5658 14 1.0
307.5 300.66 14 1.0
307.6 300.7542 14 1.0
307.7 300.8483 14 1.0
307.8 300.9425 14 1.0
307.9 301.0367 14 1.0
308.0 301.1308 14 1.0
308.1 301.225 14 1.0
308.2 301.3192 14 1.0
308.3 301.4133 14 1.0
308.4 301.5075 14 1.0
308.5 301.6017 14 1.0
308.6 301.6958 14 1.0
308.7 301.79 14 1.0
308.8 301.8842 14 1.0
308.9 301.9783 14 1.0
309.0 302.0725 14 1.0
309.1 302.1667 14 1.0
309.2 302.2608 14 1.0
309.3 302.355 14 1.0
309.4 302.4492 14 1.0
309.5 302.5433 14 1.0
309.6 302.6375 14 1.0
309.7 302.7317 14 1.0
309.8 302.8258 14 1.0
309.9 302.92 14 1.0
310.0 303.0142 14 1.0
310.1 303.1083 14 1.0
310.2 303.2025 14 1.0
310.3 303.2967 14 1.0
310.4 303.3908 14 1.0
310.5 303.485 14 1.0
310.6 303.5792 14 1.0
310.7 303.6733 14 1.0
310.8 303.7675 14 1.0
310.9 303.8617 14 1.0
311.0 303.9558 14 1.0
311.1 304.05 14 1.0
311.2 304.1442 14 1.0
311.3 304.2383 14 1.0
311.4 304.3325 14 1.0
311.5 304.4267 14 1.0
311.6 304.5208 14 1.0
311.7 304.615 14 1.0
311.8 304.7092 14 1.0
311.9 304.8033 14 1.0
312.0 304.8975 14 1.0
312.1 304.9917 14 1.0
312.2 305.0858 14 1.0
312.3 305.18 14 1.0
312.4 305.2742 14 1.0
312.5 305.3683 14 1.0
312.6 305.4625 14 1.0
312.7 305.5567 14 1.0
312.8 305.6508 14 1.0
312.9 305.745 14 1.0
313.0 305.8392 14 1.0
313.1 305.9333 14 1.0
313.2 306.0275 14 1.0
313.3 306.1217 14 1.0
313.4 306.2158 14 1.0
313.5 306.31 14 1.0
313.6 306.4042 14 1.0
313.7 306.4983 14 1.0
313.8 306.5925 14 1.0
313.9 306.6867 14 1.0
314.0 306.7808 14 1.0
314.1 306.875 14 1.0
314.2 306.9692 14 1.0
314.3 307.0633 14 1.0
314.4 307.1575 14 1.0
314.5 307.2517 14 1.0
314.6 307.3458 14 1.0
314.7 307.44 14 1.0
314.8 307.5342 14 1.0
314.9 307.6283 14 1.0
315.0 307.7225 14 1.0
315.1 307.8167 14 1.0
315.2 307.9108 14 1.0
315.3 308.005 14 1.0
315.4 308.0992 14 1.0
315.5 308.1933 14 1.0
315.6 308.2875 14 1.0
315.7 308.3817 14 1.0
315.8 308.4758 14 1.0
315.9 308.57 14 1.0
316.0 308.6642 14 1.0
316.1 308.7583 14 1.0
316.2 308.8525 14 1.0
316.3 308.9467 14 1.0
316.4 309.0408 14 1.0
316.5 309.135 14 1.0
316.6 309.2292 14 1.0
316.7 309.3233 14 1.0
316.8 309.4175 14 1.0
316.9 309.5117 14 1.0
317.0 309.6058 14 1.0
317.1 309.7 14 1.0
317.2 309.7941 14 1.0
317.3 309.8883 14 1.0
317.4 309.9825 14 1.0
317.5 310.0766 14 1.0
317.6 310.1708 14 1.0
317.7 310.265 14 1.0
317.8 310.3591 14 1.0
317.9 310.4533 14 1.0
318.0 310.5475 14 1.0
318.1 310.6416 14 1.0
318.2 310.7358 14 1.0
318.3 310.83 14 1.0
318.4 310.9241 14 1.0
318.5 311.0183 14 1.0
318.6 311.1125 14 1.0
318.7 311.2066 14 1.0
318.8 311.3008 14 1.0
318.9 311.395 14 1.0
319.0 311.4891 14 1.0
319.1 311.5833 14 1.0
319.2 311.6775 14 1.0
319.3 311.7716 14 1.0
319.4 311.8658 14 1.0
319.5 311.96 14 1.0
319.6 312.0541 14 1.0
319.7 312.1483 14 1.0
319.8 312.2425 14 1.0
319.9 312.3366 14 1.0
320.0 312.4308 14 1.0
320.1 312.525 14 1.0
320.2 312.6191 14 1.0
320.3 312.7133 14 1.0
320.4 312.8075 14 1.0
320.5 312.9016 14 1.0
320.6 312.9958 14 1.0
320.7 313.09 14 1.0
320.8 313.1841 14 1.0
320.9 313.2783 14 1.0
321.0 313.3725 14 1.0
321.1 313.4666 14 1.0
321.2 313.5608 14 1.0
321.3 313.655 14 1.0
321.4 313.7491 14 1.0
321.5 313.8433 14 1.0
321.6 313.9375 14 1.0
321.7 314.0316 14 1.0
321.8 314.1258 14 1.0
321.9 314.22 14 1.0
322.0 314.3141 14 1.0
322.1 314.4083 14 1.0
322.2 314.5025 14 1.0
322.3 314.5966 14 1.0
322.4 314.6908 14 1.0
322.5 314.785 14 1.0
322.6 314.8791 14 1.0
322.7 314.9733 14 1.0
322.8 315.0675 14 1.0
322.9 315.1616 14 1.0
323.0 315.2558 14 1.0
323.1 315.35 14 1.0
323.2 315.4441 14 1.0
323.3 315.5383 14 1.0
323.4 315.6325 14 1.0
323.5 315.7266 14 1.0
323.6 315.8208 14 1.0
323.7 315.915 14 1.0
323.8 316.0091 14 1.0
323.9 316.1033 14 1.0
324.0 316.1975 14 1.0
324.1 316.2916 14 1.0
324.2 316.3858 14 1.0
324.3 316.48 14 1.0
324.4 316.5741 14 1.0
324.5 316.6683 14 1.0
324.6 316.7625 14 1.0
324.7 316.8566 14 1.0
324.8 316.9508 14 1.0
324.9 317.045 14 1.0
325.0 317.1391 14 1.0
325.1 317.2333 14 1.0
325.2 317.3275 14 1.0
325.3 317.4216 14 1.0
325.4 317.5158 14 1.0
325.5 317.61 14 1.0
325.6 317.7041 14 1.0
325.7 317.7983 14 1.0
325.8 317.8925 14 1.0
325.9 317.9866 14 1.0
326.0 318.0808 14 1.0
326.1 318.175 14 1.0
326.2 318.2691 14 1.0
326.3 318.3633 14 1.0
326.4 318.4575 14 1.0
326.5 318.5516 14 1.0
326.6 318.6458 14 1.0
326.7 318.74 14 1.0
326.8 318.8341 14 1.0
326.9 318.9283 14 1.0
327.0 319.0225 14 1.0
327.1 319.1166 14 1.0
327.2 319.2108 14 1.0
327.3 319.305 14 1.0
327.4 319.3991 14 1.0
327.5 319.4933 14 1.0
327.6 319.5875 14 1.0
327.7 319.6816 14 1.0
327.8 319.7758 14 1.0
327.9 319.87 14 1.0
328.0 319.9641 14 1.0
328.1 320.0583 14 1.0
328.2 320.1525 14 1.0
328.3 320.2466 14 1.0
328.4 320.3408 14 1.0
328.5 320.435 14 1.0
328.6 320.5291 14 1.0
328.7 320.6233 14 1.0
328.8 320.7175 14 1.0
328.9 320.8116 14 1.0
329.0 320.9058 14 1.0
329.1 321.0 14 1.0
329.2 321.0941 14 1.0
329.3 321.1883 14 1.0
329.4 321.2825 14 1.0
329.5 321.3766 14 1.0
329.6 321.4708 14 1.0
329.7 321.565 14 1.0
329.8 321.6591 14 1.0
329.9 321.7533 14 1.0
330.0 321.8475 14 1.0
330.1 321.9416 14 1.0
330.2 322.0358 14 1.0
330.3 322.13 14 1.0
330.4 322.2241 14 1.0
330.5 322.3183 14 1.0
330.6 322.4125 14 1.0
330.7 322.5066 14 1.0
330.8 322.6008 14 1.0
330.9 322.695 14 1.0
331.0 322.7891 14 1.0
331.1 322.8833 14 1.0
331.2 322.9775 14 1.0
331.3 323.0716 14 1.0
331.4 323.1658 14 1.0
331.5 323.26 14 1.0
331.6 323.3541 14 1.0
331.7 323.4483 14 1.0
331.8 323.5424 14 1.0
331.9 323.6366 14 1.0
332.0 323.7308 14 1.0
332.1 323.8249 14 1.0
332.2 323.9191 14 1.0
332.3 324.0133 14 1.0
332.4 324.1074 14 1.0
332.5 324.2016 14 1.0
332.6 324.2958 14 1.0
332.7 324.3899 14 1.0
332.8 324.4841 14 1.0
332.9 324.5783 14 1.0
333.0 324.6724 14 1.0
333.1 324.7666 14 1.0
333.2 324.8608 14 1.0
333.3 324.9549 14 1.0
333.4 325.0491 14 1.0
333.5 325.1433 14 1.0
333.6 325.2374 14 1.0
333.7 325.3316 14 1.0
333.8 325.4258 14 1.0
333.9 325.5199 14 1.0
334.0 325.6141 14 1.0
334.1 325.7083 14 1.0
334.2 325.8024 14 1.0
334.3 325.8966 14 1.0
334.4 325.9908 14 1.0
334.5 326.0849 14 1.0
334.6 326.1791 14 1.0
334.7 326.2733 14 1.0
334.8 326.3674 14 1.0
334.9 326.4616 14 1.0
335.0 326.5558 14 1.0
335.1 326.6499 14 1.0
335.2 326.7441 14 1.0
335.3 326.8383 14 1.0
335.4 326.9324 14 1.0
335.5 327.0266 14 1.0
335.6 327.1208 14 1.0
335.7 327.2149 14 1.0
335.8 327.3091 14 1.0
335.9 327.4033 14 1.0
336.0 327.4974 14 1.0
336.1 327.5916 14 1.0
336.2 327.6858 14 1.0
336.3 327.7799 14 1.0
336.4 327.8741 14 1.0
336.5 327.9683 14 1.0
336.6 328.0624 14 1.0
336.7 328.1566 14 1.0
336.8 328.2508 14 1.0
336.9 328.3449 14 1.0
337.0 328.4391 14 1.0
337.1 328.5333 14 1.0
337.2 328.6274 14 1.0
337.3 328.7216 14 1.0
337.4 328.8158 14 1.0
337.5 328.9099 14 1.0
337.6 329.0041 14 1.0
337.7 329.0983 14 1.0
337.8 329.1924 14 1.0
337.9 329.2866 14 1.0
338.0 329.3808 14 1.0
338.1 329.4749 14 1.0
338.2 329.5691 14 1.0
338.3 329.6633 14 1.0
338.4 329.7574 14 1.0
338.5 329.8516 14 1.0
338.6 329.9458 14 1.0
338.7 330.0399 14 1.0
338.8 330.1341 14 1.0
338.9 330.2283 14 1.0
339.0 330.3224 14 1.0
339.1 330.4166 14 1.0
339.2 330.5108 14 1.0
339.3 330.6049 14 1.0
339.4 330.6991 14 1.0
339.5 330.7933 14 1.0
339.6 330.8874 14 1.0
339.7 330.9816 14 1.0
339.8 331.0758 14 1.0
339.9 331.1699 14 1.0
340.0 331.2641 14 1.0
340.1 331.3583 14 1.0
340.2 331.4524 14 1.0
340.3 331.5466 14 1.0
340.4 331.6408 14 1.0
340.5 331.7349 14 1.0
340.6 331.8291 14 1.0
340.7 331.9233 14 1.0
340.8 332.0174 14 1.0
340.9 332.1116 14 1.0
341.0 332.2058 14 1.0
341.1 332.2999 14 1.0
341.2 332.3941 14 1.0
341.3 332.4883 14 1.0
341.4 332.5824 14 1.0
341.5 332.6766 14 1.0
341.6 332.7708 14 1.0
341.7 332.8649 14 1.0
341.8 332.9591 14 1.0
341.9 333.0533 14 1.0
342.0 333.1474 14 1.0
342.1 333.2416 14 1.0
342.2 333.3358 14 1.0
342.3 333.4299 14 1.0
342.4 333.5241 14 1.0
342.5 333.6183 14 1.0
342.6 333.7124 14 1.0
342.7 333.8066 14 1.0
342.8 333.9008 14 1.0
342.9 333.9949 14 1.0
343.0 334.0891 14 1.0
343.1 334.1833 14 1.0
343.2 334.2774 14 1.0
343.3 334.3716 14 1.0
343.4 334.4658 14 1.0
343.5 334.5599 14 1.0
343.6 334.6541 14 1.0
343.7 334.7483 14 1.0
343.8 334.8424 14 1.0
343.9 334.9366 14 1.0
344.0 335.0308 14 1.0
344.1 335.1249 14 1.0
344.2 335.2191 14 1.0
344.3 335.3133 14 1.0
344.4 335.4074 14 1.0
344.5 335.5016 14 1.0
344.6 335.5958 14 1.0
344.7 335.6899 14 1.0
344.8 335.7841 14 1.0
344.9 335.8783 14 1.0
345.0 335.9724 14 1.0
345.1 336.0666 14 1.0
345.2 336.1608 14 1.0
345.3 336.2549 14 1.0
345.4 336.3491 14 1.0
345.5 336.4433 14 1.0
345.6 336.5374 14 1.0
345.7 336.6316 14 1.0
345.8 336.7258 14 1.0
345.9 336.8199 14 1.0
346.0 336.9141 14 1.0
346.1 337.0082 14 1.0
346.2 337.1024 14 1.0
346.3 337.1966 14 1.0
346.4 337.2907 14 1.0
346.5 337.3849 14 1.0
346.6 337.4791 14 1.0
346.7 337.5732 14 1.0
346.8 337.6674 14 1.0
346.9 337.7616 14 1.0
347.0 337.8557 14 1.0
347.1 337.9499 14 1.0
347.2 338.0441 14 1.0
347.3 338.1382 14 1.0
347.4 338.2324 14 1.0
347.5 338.3266 14 1.0
347.6 338.4207 14 1.0
347.7 338.5149 14 1.0
347.8 338.6091 14 1.0
347.9 338.7032 14 1.0
348.0 338.7974 14 1.0
348.1 338.8916 14 1.0
348.2 338.9857 14 1.0
348.3 339.0799 14 1.0
348.4 339.1741 14 1.0
348.5 339.2682 14 1.0
348.6 339.3624 14 1.0
348.7 339.4566 14 1.0
348.8 339.5507 14 1.0
348.9 339.6449 14 1.0
349.0 339.7391 14 1.0
349.1 339.8332 14 1.0
349.2 339.9274 14 1.0
349.3 340.0216 14 1.0
349.4 340.1157 14 1.0
349.5 340.2099 14 1.0
349.6 340.3041 14 1.0
349.7 340.3982 14 1.0
349.8 340.4924 14 1.0
349.9 340.5866 14 1.0
350.0 340.6807 14 1.0
350.1 340.7754 14 1.0
350.2 340.8701 14 1.0
350.3 340.9647 14 1.0
350.4 341.0594 14 1.0
350.5 341.1541 14 1.0
350.6 341.2487 14 1.0
350.7 341.3434 14 1.0
350.8 341.438 14 1.0
350.9 341.5327 14 1.0
351.0 341.6274 14 1.0
351.1 341.722 14 1.0
351.2 341.8167 14 1.0
351.3 341.9114 14 1.0
351.4 342.006 14 1.0
351.5 342.1007 14 1.0
351.6 342.1953 14 1.0
351.7 342.29 14 1.0
351.8 342.3847 14 1.0
351.9 342.4793 14 1.0
352.0 342.574 14 1.0
352.1 342.6687 14 1.0
352.2 342.7633 14 1.0
352.3 342.858 14 1.0
352.4 342.9526 14 1.0
352.5 343.0473 14 1.0
352.6 343.142 14 1.0
352.7 343.2366 14 1.0
352.8 343.3313 14 1.0
352.9 343.426 14 1.0
353.0 343.5206 14 1.0
353.1 343.6153 14 1.0
353.2 343.71 14 1.0
353.3 343.8046 14 1.0
353.4 343.8993 14 1.0
353.5 343.9939 14 1.0
353.6 344.0886 14 1.0
353.7 344.1833 14 1.0
353.8 344.2779 14 1.0
353.9 344.3726 14 1.0
354.0 344.4673 14 1.0
354.1 344.5619 14 1.0
354.2 344.6566 14 1.0
354.3 344.7512 14 1.0
354.4 344.8459 14 1.0
354.5 344.9406 14 1.0
354.6 345.0352 14 1.0
354.7 345.1299 14 1.0
354.8 345.2246 14 1.0
354.9 345.3192 14 1.0
355.0 345.4139 14 1.0
355.1 345.5085 14 1.0
355.2 345.6032 14 1.0
355.3 345.6979 14 1.0
355.4 345.7925 14 1.0
355.5 345.8872 14 1.0
355.6 345.9819 14 1.0
355.7 346.0765 14 1.0
355.8 346.1712 14 1.0
355.9 346.2659 14 1.0
356.0 346.3605 14 1.0
356.1 346.4552 14 1.0
356.2 346.5498 14 1.0
356.3 346.6445 14 1.0
356.4 346.7392 14 1.0
356.5 346.8338 14 1.0
356.6 346.9285 14 1.0
356.7 347.0232 14 1.0
356.8 347.1178 14 1.0
356.9 347.2125 14 1.0
357.0 347.3071 14 1.0
357.1 347.4018 14 1.0
357.2 347.4965 14 1.0
357.3 347.5911 14 1.0
357.4 347.6858 14 1.0
357.5 347.7805 14 1.0
357.6 347.8751 14 1.0
357.7 347.9698 14 1.0
357.8 348.0644 14 1.0
357.9 348.1591 14 1.0
358.0 348.2538 14 1.0
358.1 348.3484 14 1.0
358.2 348.4431 14 1.0
358.3 348.5378 14 1.0
358.4 348.6324 14 1.0
358.5 348.7271 14 1.0
358.6 348.8217 14 1.0
358.7 348.9164 14 1.0
358.8 349.0111 14 1.0
358.9 349.1057 14 1.0
359.0 349.2004 14 1.0
359.1 349.2951 14 1.0
359.2 349.3897 14 1.0
359.3 349.4844 14 1.0
359.4 349.5791 14 1.0
359.5 349.6737 14 1.0
359.6 349.7684 14 1.0
359.7 349.863 14 1.0
359.8 349.9577 14 1.0
359.9 350.0524 14 1.0
360.0 350.147 14 1.0
360.1 350.2417 14 1.0
360.2 350.3364 14 1.0
360.3 350.431 14 1.0
360.4 350.5257 14 1.0
360.5 350.6203 14 1.0
360.6 350.715 14 1.0
360.7 350.8097 14 1.0
360.8 350.9043 14 1.0
360.9 350.999 14 1.0
361.0 351.0937 14 1.0
361.1 351.1883 14 1.0
361.2 351.283 14 1.0
361.3 351.3776 14 1.0
361.4 351.4723 14 1.0
361.5 351.567 14 1.0
361.6 351.6616 14 1.0
361.7 351.7563 14 1.0
361.8 351.851 14 1.0
361.9 351.9456 14 1.0
362.0 352.0403 14 1.0
362.1 352.1349 14 1.0
362.2 352.2296 14 1.0
362.3 352.3243 14 1.0
362.4 352.4189 14 1.0
362.5 352.5136 14 1.0
362.6 352.6083 14 1.0
362.7 352.7029 14 1.0
362.8 352.7976 14 1.0
362.9 352.8923 14 1.0
363.0 352.9869 14 1.0
363.1 353.0816 14 1.0
363.2 353.1762 14 1.0
363.3 353.2709 14 1.0
363.4 353.3656 14 1.0
363.5 353.4602 14 1.0
363.6 353.5549 14 1.0
363.7 353.6496 14 1.0
363.8 353.7442 14 1.0
363.9 353.8389 14 1.0
364.0 353.9335 14 1.0
364.1 354.0282 14 1.0
364.2 354.1229 14 1.0
364.3 354.2175 14 1.0
364.4 354.3122 14 1.0
364.5 354.4069 14 1.0
364.6 354.5015 14 1.0
364.7 354.5962 14 1.0
364.8 354.6908 14 1.0
364.9 354.7855 14 1.0
365.0 354.8802 14 1.0
365.1 354.9748 14 1.0
365.2 355.0695 14 1.0
365.3 355.1642 14 1.0
365.4 355.2588 14 1.0
365.5 355.3535 14 1.0
365.6 355.4482 14 1.0
365.7 355.5428 14 1.0
365.8 355.6375 14 1.0
365.9 355.7321 14 1.0
366.0 355.8268 14 1.0
366.1 355.9215 14 1.0
366.2 356.0161 14 1.0
366.3 356.1108 14 1.0
366.4 356.2055 14 1.0
366.5 356.3001 14 1.0
366.6 356.3948 14 1.0
366.7 356.4894 14 1.0
366.8 356.5841 14 1.0
366.9 356.6788 14 1.0
367.0 356.7734 14 1.0
367.1 356.8681 14 1.0
367.2 356.9628 14 1.0
367.3 357.0574 14 1.0
367.4 357.1521 14 1.0
367.5 357.2467 14 1.0
367.6 357.3414 14 1.0
367.7 357.4361 14 1.0
367.8 357.5307 14 1.0
367.9 357.6254 14 1.0
368.0 357.7201 14 1.0
368.1 357.8147 14 1.0
368.2 357.9094 14 1.0
368.3 358.004 14 1.0
368.4 358.0987 14 1.0
368.5 358.1934 14 1.0
368.6 358.288 14 1.0
368.7 358.3827 14 1.0
368.8 358.4774 14 1.0
368.9 358.572 14 1.0
369.0 358.6667 14 1.0
369.1 358.7614 14 1.0
369.2 358.856 14 1.0
369.3 358.9507 14 1.0
369.4 359.0453 14 1.0
369.5 359.14 14 1.0
369.6 359.2347 14 1.0
369.7 359.3293 14 1.0
369.8 359.424 14 1.0
369.9 359.5187 14 1.0
370.0 359.6133 14 1.0
370.1 359.708 14 1.0
370.2 359.8026 14 1.0
370.3 359.8973 14 1.0
370.4 359.992 14 1.0
370.5 360.0866 14 1.0
370.6 360.1813 14 1.0
370.7 360.276 14 1.0
370.8 360.3706 14 1.0
370.9 360.4653 14 1.0
371.0 360.5599 14 1.0
371.1 360.6546 14 1.0
371.2 360.7493 14 1.0
371.3 360.8439 14 1.0
371.4 360.9386 14 1.0
371.5 361.0333 14 1.0
371.6 361.1279 14 1.0
371.7 361.2226 14 1.0
371.8 361.3173 14 1.0
371.9 361.4119 14 1.0
372.0 361.5066 14 1.0
372.1 361.6012 14 1.0
372.2 361.6959 14 1.0
372.3 361.7906 14 1.0
372.4 361.8852 14 1.0
372.5 361.9799 14 1.0
372.6 362.0746 14 1.0
372.7 362.1692 14 1.0
372.8 362.2639 14 1.0
372.9 362.3585 14 1.0
373.0 362.4532 14 1.0
373.1 362.5479 14 1.0
373.2 362.6425 14 1.0
373.3 362.7372 14 1.0
373.4 362.8319 14 1.0
373.5 362.9265 14 1.0
373.6 363.0212 14 1.0
373.7 363.1158 14 1.0
373.8 363.2105 14 1.0
373.9 363.3052 14 1.0
374.0 363.3998 14 1.0
374.1 363.4945 14 1.0
374.2 363.5892 14 1.0
374.3 363.6838 14 1.0
374.4 363.7785 14 1.0
374.5 363.8731 14 1.0
374.6 363.9678 14 1.0
374.7 364.0625 14 1.0
374.8 364.1571 14 1.0
374.9 364.2518 14 1.0
375.0 364.3465 14 1.0
375.1 364.4411 14 1.0
375.2 364.5358 14 1.0
375.3 364.6305 14 1.0
375.4 364.7251 14 1.0
375.5 364.8198 14 1.0
375.6 364.9144 14 1.0
375.7 365.0091 14 1.0
375.8 365.1038 14 1.0
375.9 365.1984 14 1.0
376.0 365.2931 14 1.0
376.1 365.3878 14 1.0
376.2 365.4824 14 1.0
376.3 365.5771 14 1.0
376.4 365.6717 14 1.0
376.5 365.7664 14 1.0
376.6 365.8611 14 1.0
376.7 365.9557 14 1.0
376.8 366.0504 14 1.0
376.9 366.1451 14 1.0
377.0 366.2397 14 1.0
377.1 366.3344 14 1.0
377.2 366.429 14 1.0
377.3 366.5237 14 1.0
377.4 366.6184 14 1.0
377.5 366.713 14 1.0
377.6 366.8077 14 1.0
377.7 366.9024 14 1.0
377.8 366.997 14 1.0
377.9 367.0917 14 1.0
378.0 367.1863 14 1.0
378.1 367.281 14 1.0
378.2 367.3757 14 1.0
378.3 367.4703 14 1.0
378.4 367.565 14 1.0
378.5 367.6597 14 1.0
378.6 367.7543 14 1.0
378.7 367.849 14 1.0
378.8 367.9437 14 1.0
378.9 368.0383 14 1.0
379.0 368.133 14 1.0
379.1 368.2276 14 1.0
379.2 368.3223 14 1.0
379.3 368.417 14 1.0
379.4 368.5116 14 1.0
379.5 368.6063 14 1.0
379.6 368.701 14 1.0
379.7 368.7956 14 1.0
379.8 368.8903 14 1.0
379.9 368.9849 14 1.0
380.0 369.0796 14 1.0
380.1 369.1743 14 1.0
380.2 369.2689 14 1.0
380.3 369.3636 14 1.0
380.4 369.4583 14 1.0
380.5 369.5529 14 1.0
380.6 369.6476 14 1.0
380.7 369.7422 14 1.0
380.8 369.8369 14 1.0
380.9 369.9316 14 1.0
381.0 370.0262 14 1.0
381.1 370.1209 14 1.0
381.2 370.2156 14 1.0
381.3 370.3102 14 1.0
381.4 370.4049 14 1.0
381.5 370.4996 14 1.0
381.6 370.5942 14 1.0
381.7 370.6889 14 1.0
381.8 370.7835 14 1.0
381.9 370.8782 14 1.0
382.0 370.9729 14 1.0
382.1 371.0675 14 1.0
382.2 371.1622 14 1.0
382.3 371.2569 14 1.0
382.4 371.3515 14 1.0
382.5 371.4462 14 1.0
382.6 371.5408 14 1.0
382.7 371.6355 14 1.0
382.8 371.7302 14 1.0
382.9 371.8248 14 1.0
383.0 371.9195 14 1.0
383.1 372.0142 14 1.0
383.2 372.1088 14 1.0
383.3 372.2035 14 1.0
383.4 372.2981 14 1.0
383.5 372.3928 14 1.0
383.6 372.4875 14 1.0
383.7 372.5821 14 1.0
383.8 372.6768 14 1.0
383.9 372.7715 14 1.0
384.0 372.8661 14 1.0
384.1 372.9608 14 1.0
384.2 373.0554 14 1.0
384.3 373.1501 14 1.0
384.4 373.2448 14 1.0
384.5 373.3394 14 1.0
384.6 373.4341 14 1.0
384.7 373.5288 14 1.0
384.8 373.6234 14 1.0
384.9 373.7181 14 1.0
385.0 373.8128 14 1.0
385.1 373.9074 14 1.0
385.2 374.0021 14 1.0
385.3 374.0967 14 1.0
385.4 374.1914 14 1.0
385.5 374.2861 14 1.0
385.6 374.3807 14 1.0
385.7 374.4754 14 1.0
385.8 374.5701 14 1.0
385.9 374.6647 14 1.0
386.0 374.7594 14 1.0
386.1 374.854 14 1.0
386.2 374.9487 14 1.0
386.3 375.0434 14 1.0
386.4 375.138 14 1.0
386.5 375.2327 14 1.0
386.6 375.3274 14 1.0
386.7 375.422 14 1.0
386.8 375.5167 14 1.0
386.9 375.6113 14 1.0
387.0 375.706 14 1.0
387.1 375.8007 14 1.0
387.2 375.8953 14 1.0
387.3 375.99 14 1.0
387.4 376.0847 14 1.0
387.5 376.1793 14 1.0
387.6 376.274 14 1.0
387.7 376.3686 14 1.0
387.8 376.4633 14 1.0
387.9 376.558 14 1.0
388.0 376.6526 14 1.0
388.1 376.7473 14 1.0
388.2 376.842 14 1.0
388.3 376.9366 14 1.0
388.4 377.0313 14 1.0
388.5 377.126 14 1.0
388.6 377.2206 14 1.0
388.7 377.3153 14 1.0
388.8 377.4099 14 1.0
388.9 377.5046 14 1.0
389.0 377.5993 14 1.0
389.1 377.6939 14 1.0
389.2 377.7886 14 1.0
389.3 377.8833 14 1.0
389.4 377.9779 14 1.0
389.5 378.0726 14 1.0
389.6 378.1672 14 1.0
389.7 378.2619 14 1.0
389.8 378.3566 14 1.0
389.9 378.4512 14 1.0
390.0 378.5459 14 1.0
390.1 378.6406 14 1.0
390.2 378.7352 14 1.0
390.3 378.8299 14 1.0
390.4 378.9245 14 1.0
390.5 379.0192 14 1.0
390.6 379.1139 14 1.0
390.7 379.2085 14 1.0
390.8 379.3032 14 1.0
390.9 379.3979 14 1.0
391.0 379.4925 14 1.0
391.1 379.5872 14 1.0
391.2 379.6819 14 1.0
391.3 379.7765 14 1.0
391.4 379.8712 14 1.0
391.5 379.9658 14 1.0
391.6 380.0605 14 1.0
391.7 380.1552 14 1.0
391.8 380.2498 14 1.0
391.9 380.3445 14 1.0
392.0 380.4392 14 1.0
392.1 380.5338 14 1.0
392.2 380.6285 14 1.0
392.3 380.7231 14 1.0
392.4 380.8178 14 1.0
392.5 380.9125 14 1.0
392.6 381.0071 14 1.0
392.7 381.1018 14 1.0
392.8 381.1965 14 1.0
392.9 381.2911 14 1.0
393.0 381.3858 14 1.0
393.1 381.4804 14 1.0
393.2 381.5751 14 1.0
393.3 381.6698 14 1.0
393.4 381.7644 14 1.0
393.5 381.8591 14 1.0
393.6 381.9538 14 1.0
393.7 382.0484 14 1.0
393.8 382.1431 14 1.0
393.9 382.2377 14 1.0
394.0 382.3324 14 1.0
394.1 382.4271 14 1.0
394.2 382.5217 14 1.0
394.3 382.6164 14 1.0
394.4 382.7111 14 1.0
394.5 382.8057 14 1.0
394.6 382.9004 14 1.0
394.7 382.9951 14 1.0
394.8 383.0897 14 1.0
394.9 383.1844 14 1.0
395.0 383.279 14 1.0
395.1 383.3737 14 1.0
395.2 383.4684 14 1.0
395.3 383.563 14 1.0
395.4 383.6577 14 1.0
395.5 383.7524 14 1.0
395.6 383.847 14 1.0
395.7 383.9417 14 1.0
395.8 384.0363 14 1.0
395.9 384.131 14 1.0
396.0 384.2257 14 1.0
396.1 384.3203 14 1.0
396.2 384.415 14 1.0
396.3 384.5097 14 1.0
396.4 384.6043 14 1.0
396.5 384.699 14 1.0
396.6 384.7936 14 1.0
396.7 384.8883 14 1.0
396.8 384.983 14 1.0
396.9 385.0776 14 1.0
397.0 385.1723 14 1.0
397.1 385.267 14 1.0
397.2 385.3616 14 1.0
397.3 385.4563 14 1.0
397.4 385.5509 14 1.0
397.5 385.6456 14 1.0
397.6 385.7403 14 1.0
397.7 385.8349 14 1.0
397.8 385.9296 14 1.0
397.9 386.0243 14 1.0
398.0 386.1189 14 1.0
398.1 386.2136 14 1.0
398.2 386.3083 14 1.0
398.3 386.4029 14 1.0
398.4 386.4976 14 1.0
398.5 386.5922 14 1.0
398.6 386.6869 14 1.0
398.7 386.7816 14 1.0
398.8 386.8762 14 1.0
398.9 386.9709 14 1.0
399.0 387.0656 14 1.0
399.1 387.1602 14 1.0
399.2 387.2549 14 1.0
399.3 387.3495 14 1.0
399.4 387.4442 14 1.0
399.5 387.5389 14 1.0
399.6 387.6335 14 1.0
399.7 387.7282 14 1.0
399.8 387.8229 14 1.0
399.9 387.9175 14 1.0
400.0 388.0122 14 1.0
400.1 388.1053 14 1.0
400.2 388.1984 14 1.0
400.3 388.2916 14 1.0
400.4 388.3847 14 1.0
400.5 388.4778 14 1.0
400.6 388.5709 14 1.0
400.7 388.6641 14 1.0
400.8 388.7572 14 1.0
400.9 388.8503 14 1.0
401.0 388.9434 14 1.0
401.1 389.0366 14 1.0
401.2 389.1297 14 1.0
401.3 389.2228 14 1.0
401.4 389.316 14 1.0
401.5 389.4091 14 1.0
401.6 389.5022 14 1.0
401.7 389.5953 14 1.0
401.8 389.6885 14 1.0
401.9 389.7816 14 1.0
402.0 389.8747 14 1.0
402.1 389.9678 14 1.0
402.2 390.061 14 1.0
402.3 390.1541 14 1.0
402.4 390.2472 14 1.0
402.5 390.3403 14 1.0
402.6 390.4335 14 1.0
402.7 390.5266 14 1.0
402.8 390.6197 14 1.0
402.9 390.7128 14 1.0
403.0 390.806 14 1.0
403.1 390.8991 14 1.0
403.2 390.9922 14 1.0
403.3 391.0854 14 1.0
403.4 391.1785 14 1.0
403.5 391.2716 14 1.0
403.6 391.3647 14 1.0
403.7 391.4579 14 1.0
403.8 391.551 14 1.0
403.9 391.6441 14 1.0
404.0 391.7372 14 1.0
404.1 391.8304 14 1.0
404.2 391.9235 14 1.0
404.3 392.0166 14 1.0
404.4 392.1097 14 1.0
404.5 392.2029 14 1.0
404.6 392.296 14 1.0
404.7 392.3891 14 1.0
404.8 392.4822 14 1.0
404.9 392.5754 14 1.0
405.0 392.6685 14 1.0
405.1 392.7616 14 1.0
405.2 392.8548 14 1.0
405.3 392.9479 14 1.0
405.4 393.041 14 1.0
405.5 393.1341 14 1.0
405.6 393.2273 14 1.0
405.7 393.3204 14 1.0
405.8 393.4135 14 1.0
405.9 393.5066 14 1.0
406.0 393.5998 14 1.0
406.1 393.6929 14 1.0
406.2 393.786 14 1.0
406.3 393.8791 14 1.0
406.4 393.9723 14 1.0
406.5 394.0654 14 1.0
406.6 394.1585 14 1.0
406.7 394.2516 14 1.0
406.8 394.3448 14 1.0
406.9 394.4379 14 1.0
407.0 394.531 14 1.0
407.1 394.6242 14 1.0
407.2 394.7173 14 1.0
407.3 394.8104 14 1.0
407.4 394.9035 14 1.0
407.5 394.9967 14 1.0
407.6 395.0898 14 1.0
407.7 395.1829 14 1.0
407.8 395.276 14 1.0
407.9 395.3692 14 1.0
408.0 395.4623 14 1.0
408.1 395.5554 14 1.0
408.2 395.6485 14 1.0
408.3 395.7417 14 1.0
408.4 395.8348 14 1.0
408.5 395.9279 14 1.0
408.6 396.021 14 1.0
408.7 396.1142 14 1.0
408.8 396.2073 14 1.0
408.9 396.3004 14 1.0
409.0 396.3936 14 1.0
409.1 396.4867 14 1.0
409.2 396.5798 14 1.0
409.3 396.6729 14 1.0
409.4 396.7661 14 1.0
409.5 396.8592 14 1.0
409.6 396.9523 14 1.0
409.7 397.0454 14 1.0
409.8 397.1386 14 1.0
409.9 397.2317 14 1.0
410.0 397.3248 14 1.0
410.1 397.4179 14 1.0
410.2 397.5111 14 1.0
410.3 397.6042 14 1.0
410.4 397.6973 14 1.0
410.5 397.7904 14 1.0
410.6 397.8836 14 1.0
410.7 397.9767 14 1.0
410.8 398.0698 14 1.0
410.9 398.163 14 1.0
411.0 398.2561 14 1.0
411.1 398.3492 14 1.0
411.2 398.4423 14 1.0
411.3 398.5355 14 1.0
411.4 398.6286 14 1.0
411.5 398.7217 14 1.0
411.6 398.8148 14 1.0
411.7 398.908 14 1.0
411.8 399.0011 14 1.0
411.9 399.0942 14 1.0
412.0 399.1873 14 1.0
412.1 399.2805 14 1.0
412.2 399.3736 14 1.0
412.3 399.4667 14 1.0
412.4 399.5598 14 1.0
412.5 399.653 14 1.0
412.6 399.7461 14 1.0
412.7 399.8392 14 1.0
412.8 399.9324 14 1.0
412.9 400.0255 14 1.0
413.0 400.1186 14 1.0
413.1 400.2117 14 1.0
413.2 400.3049 14 1.0
413.3 400.398 14 1.0
413.4 400.4911 14 1.0
413.5 400.5842 14 1.0
413.6 400.6774 14 1.0
413.7 400.7705 14 1.0
413.8 400.8636 14 1.0
413.9 400.9567 14 1.0
414.0 401.0499 14 1.0
414.1 401.143 14 1.0
414.2 401.2361 14 1.0
414.3 401.3292 14 1.0
414.4 401.4224 14 1.0
414.5 401.5155 14 1.0
414.6 401.6086 14 1.0
414.7 401.7018 14 1.0
414.8 401.7949 14 1.0
414.9 401.888 14 1.0
415.0 401.9811 14 1.0
415.1 402.0743 14 1.0
415.2 402.1674 14 1.0
415.3 402.2605 14 1.0
415.4 402.3536 14 1.0
415.5 402.4468 14 1.0
415.6 402.5399 14 1.0
415.7 402.633 14 1.0
415.8 402.7261 14 1.0
415.9 402.8193 14 1.0
416.0 402.9124 14 1.0
416.1 403.0055 14 1.0
416.2 403.0986 14 1.0
416.3 403.1918 14 1.0
416.4 403.2849 14 1.0
416.5 403.378 14 1.0
416.6 403.4712 14 1.0
416.7 403.5643 14 1.0
416.8 403.6574 14 1.0
416.9 403.7505 14 1.0
417.0 403.8437 14 1.0
417.1 403.9368 14 1.0
417.2 404.0299 14 1.0
417.3 404.123 14 1.0
417.4 404.2162 14 1.0
417.5 404.3093 14 1.0
417.6 404.4024 14 1.0
417.7 404.4955 14 1.0
417.8 404.5887 14 1.0
417.9 404.6818 14 1.0
418.0 404.7749 14 1.0
418.1 404.868 14 1.0
418.2 404.9612 14 1.0
418.3 405.0543 14 1.0
418.4 405.1474 14 1.0
418.5 405.2406 14 1.0
418.6 405.3337 14 1.0
418.7 405.4268 14 1.0
418.8 405.5199 14 1.0
418.9 405.6131 14 1.0
419.0 405.7062 14 1.0
419.1 405.7993 14 1.0
419.2 405.8924 14 1.0
419.3 405.9856 14 1.0
419.4 406.0787 14 1.0
419.5 406.1718 14 1.0
419.6 406.2649 14 1.0
419.7 406.3581 14 1.0
419.8 406.4512 14 1.0
419.9 406.5443 14 1.0
420.0 406.6374 14 1.0
420.1 406.7306 14 1.0
420.2 406.8237 14 1.0
420.3 406.9168 14 1.0
420.4 407.01 14 1.0
420.5 407.1031 14 1.0
420.6 407.1962 14 1.0
420.7 407.2893 14 1.0
420.8 407.3825 14 1.0
420.9 407.4756 14 1.0
421.0 407.5687 14 1.0
421.1 407.6618 14 1.0
421.2 407.755 14 1.0
421.3 407.8481 14 1.0
421.4 407.9412 14 1.0
421.5 408.0343 14 1.0
421.6 408.1275 14 1.0
421.7 408.2206 14 1.0
421.8 408.3137 14 1.0
421.9 408.4068 14 1.0
422.0 408.5 14 1.0
422.1 408.5931 14 1.0
422.2 408.6862 14 1.0
422.3 408.7794 14 1.0
422.4 408.8725 14 1.0
422.5 408.9656 14 1.0
422.6 409.0587 14 1.0
422.7 409.1519 14 1.0
422.8 409.245 14 1.0
422.9 409.3381 14 1.0
423.0 409.4312 14 1.0
423.1 409.5244 14 1.0
423.2 409.6175 14 1.0
423.3 409.7106 14 1.0
423.4 409.8037 14 1.0
423.5 409.8969 14 1.0
423.6 409.99 14 1.0
423.7 410.0831 14 1.0
423.8 410.1762 14 1.0
423.9 410.2694 14 1.0
424.0 410.3625 14 1.0
424.1 410.4556 14 1.0
424.2 410.5487 14 1.0
424.3 410.6419 14 1.0
424.4 410.735 14 1.0
424.5 410.8281 14 1.0
424.6 410.9213 14 1.0
424.7 411.0144 14 1.0
424.8 411.1075 14 1.0
424.9 411.2006 14 1.0
425.0 411.2938 14 1.0
425.1 411.3869 14 1.0
425.2 411.48 14 1.0
425.3 411.5731 14 1.0
425.4 411.6663 14 1.0
425.5 411.7594 14 1.0
425.6 411.8525 14 1.0
425.7 411.9456 14 1.0
425.8 412.0388 14 1.0
425.9 412.1319 14 1.0
426.0 412.225 14 1.0
426.1 412.3181 14 1.0
426.2 412.4113 14 1.0
426.3 412.5044 14 1.0
426.4 412.5975 14 1.0
426.5 412.6907 14 1.0
426.6 412.7838 14 1.0
426.7 412.8769 14 1.0
426.8 412.97 14 1.0
426.9 413.0632 14 1.0
427.0 413.1563 14 1.0
427.1 413.2494 14 1.0
427.2 413.3425 14 1.0
427.3 413.4357 14 1.0
427.4 413.5288 14 1.0
427.5 413.6219 14 1.0
427.6 413.715 14 1.0
427.7 413.8082 14 1.0
427.8 413.9013 14 1.0
427.9 413.9944 14 1.0
428.0 414.0875 14 1.0
428.1 414.1807 14 1.0
428.2 414.2738 14 1.0
428.3 414.3669 14 1.0
428.4 414.4601 14 1.0
428.5 414.5532 14 1.0
428.6 414.6463 14 1.0
428.7 414.7394 14 1.0
428.8 414.8326 14 1.0
428.9 414.9257 14 1.0
429.0 415.0188 14 1.0
429.1 415.1119 14 1.0
429.2 415.2051 14 1.0
429.3 415.2982 14 1.0
429.4 415.3913 14 1.0
429.5 415.4844 14 1.0
429.6 415.5776 14 1.0
429.7 415.6707 14 1.0
429.8 415.7638 14 1.0
429.9 415.8569 14 1.0
430.0 415.9501 14 1.0
430.1 416.0432 14 1.0
430.2 416.1363 14 1.0
430.3 416.2295 14 1.0
430.4 416.3226 14 1.0
430.5 416.4157 14 1.0
430.6 416.5088 14 1.0
430.7 416.602 14 1.0
430.8 416.6951 14 1.0
430.9 416.7882 14 1.0
431.0 416.8813 14 1.0
431.1 416.9745 14 1.0
431.2 417.0676 14 1.0
431.3 417.1607 14 1.0
431.4 417.2538 14 1.0
431.5 417.347 14 1.0
431.6 417.4401 14 1.0
431.7 417.5332 14 1.0
431.8 417.6263 14 1.0
431.9 417.7195 14 1.0
432.0 417.8126 14 1.0
432.1 417.9057 14 1.0
432.2 417.9989 14 1.0
432.3 418.092 14 1.0
432.4 418.1851 14 1.0
432.5 418.2782 14 1.0
432.6 418.3714 14 1.0
432.7 418.4645 14 1.0
432.8 418.5576 14 1.0
432.9 418.6507 14 1.0
433.0 418.7439 14 1.0
433.1 418.837 14 1.0
433.2 418.9301 14 1.0
433.3 419.0232 14 1.0
433.4 419.1164 14 1.0
433.5 419.2095 14 1.0
433.6 419.3026 14 1.0
433.7 419.3957 14 1.0
433.8 419.4889 14 1.0
433.9 419.582 14 1.0
434.0 419.6751 14 1.0
434.1 419.7683 14 1.0
434.2 419.8614 14 1.0
434.3 419.9545 14 1.0
434.4 420.0476 14 1.0
434.5 420.1408 14 1.0
434.6 420.2339 14 1.0
434.7 420.327 14 1.0
434.8 420.4201 14 1.0
434.9 420.5133 14 1.0
435.0 420.6064 14 1.0
435.1 420.6995 14 1.0
435.2 420.7926 14 1.0
435.3 420.8858 14 1.0
435.4 420.9789 14 1.0
435.5 421.072 14 1.0
435.6 421.1651 14 1.0
435.7 421.2583 14 1.0
435.8 421.3514 14 1.0
435.9 421.4445 14 1.0
436.0 421.5377 14 1.0
436.1 421.6308 14 1.0
436.2 421.7239 14 1.0
436.3 421.817 14 1.0
436.4 421.9102 14 1.0
436.5 422.0033 14 1.0
436.6 422.0964 14 1.0
436.7 422.1895 14 1.0
436.8 422.2827 14 1.0
436.9 422.3758 14 1.0
437.0 422.4689 14 1.0
437.1 422.562 14 1.0
437.2 422.6552 14 1.0
437.3 422.7483 14 1.0
437.4 422.8414 14 1.0
437.5 422.9345 14 1.0
437.6 423.0277 14 1.0
437.7 423.1208 14 1.0
437.8 423.2139 14 1.0
437.9 423.3071 14 1.0
438.0 423.4002 14 1.0
438.1 423.4933 14 1.0
438.2 423.5864 14 1.0
438.3 423.6796 14 1.0
438.4 423.7727 14 1.0
438.5 423.8658 14 1.0
438.6 423.9589 14 1.0
438.7 424.0521 14 1.0
438.8 424.1452 14 1.0
438.9 424.2383 14 1.0
439.0 424.3314 14 1.0
439.1 424.4246 14 1.0
439.2 424.5177 14 1.0
439.3 424.6108 14 1.0
439.4 424.7039 14 1.0
439.5 424.7971 14 1.0
439.6 424.8902 14 1.0
439.7 424.9833 14 1.0
439.8 425.0765 14 1.0
439.9 425.1696 14 1.0
440.0 425.2627 14 1.0
440.1 425.3558 14 1.0
440.2 425.449 14 1.0
440.3 425.5421 14 1.0
440.4 425.6352 14 1.0
440.5 425.7283 14 1.0
440.6 425.8215 14 1.0
440.7 425.9146 14 1.0
440.8 426.0077 14 1.0
440.9 426.1008 14 1.0
441.0 426.194 14 1.0
441.1 426.2871 14 1.0
441.2 426.3802 14 1.0
441.3 426.4733 14 1.0
441.4 426.5665 14 1.0
441.5 426.6596 14 1.0
441.6 426.7527 14 1.0
441.7 426.8459 14 1.0
441.8 426.939 14 1.0
441.9 427.0321 14 1.0
442.0 427.1252 14 1.0
442.1 427.2184 14 1.0
442.2 427.3115 14 1.0
442.3 427.4046 14 1.0
442.4 427.4977 14 1.0
442.5 427.5909 14 1.0
442.6 427.684 14 1.0
442.7 427.7771 14 1.0
442.8 427.8702 14 1.0
442.9 427.9634 14 1.0
443.0 428.0565 14 1.0
443.1 428.1496 14 1.0
443.2 428.2427 14 1.0
443.3 428.3359 14 1.0
443.4 428.429 14 1.0
443.5 428.5221 14 1.0
443.6 428.6153 14 1.0
443.7 428.7084 14 1.0
443.8 428.8015 14 1.0
443.9 428.8946 14 1.0
444.0 428.9878 14 1.0
444.1 429.0809 14 1.0
444.2 429.174 14 1.0
444.3 429.2671 14 1.0
444.4 429.3603 14 1.0
444.5 429.4534 14 1.0
444.6 429.5465 14 1.0
444.7 429.6396 14 1.0
444.8 429.7328 14 1.0
444.9 429.8259 14 1.0
445.0 429.919 14 1.0
445.1 430.0121 14 1.0
445.2 430.1053 14 1.0
445.3 430.1984 14 1.0
445.4 430.2915 14 1.0
445.5 430.3847 14 1.0
445.6 430.4778 14 1.0
445.7 430.5709 14 1.0
445.8 430.664 14 1.0
445.9 430.7572 14 1.0
446.0 430.8503 14 1.0
446.1 430.9434 14 1.0
446.2 431.0365 14 1.0
446.3 431.1297 14 1.0
446.4 431.2228 14 1.0
446.5 431.3159 14 1.0
446.6 431.409 14 1.0
446.7 431.5022 14 1.0
446.8 431.5953 14 1.0
446.9 431.6884 14 1.0
447.0 431.7815 14 1.0
447.1 431.8747 14 1.0
447.2 431.9678 14 1.0
447.3 432.0609 14 1.0
447.4 432.1541 14 1.0
447.5 432.2472 14 1.0
447.6 432.3403 14 1.0
447.7 432.4334 14 1.0
447.8 432.5266 14 1.0
447.9 432.6197 14 1.0
448.0 432.7128 14 1.0
448.1 432.8059 14 1.0
448.2 432.8991 14 1.0
448.3 432.9922 14 1.0
448.4 433.0853 14 1.0
448.5 433.1784 14 1.0
448.6 433.2716 14 1.0
448.7 433.3647 14 1.0
448.8 433.4578 14 1.0
448.9 433.5509 14 1.0
449.0 433.6441 14 1.0
449.1 433.7372 14 1.0
449.2 433.8303 14 1.0
449.3 433.9235 14 1.0
449.4 434.0166 14 1.0
449.5 434.1097 14 1.0
449.6 434.2028 14 1.0
449.7 434.296 14 1.0
449.8 434.3891 14 1.0
449.9 434.4822 14 1.0
450.0 434.5753 14 1.0
