15.0 1.344824 13 0.02763841411147483
15.1 1.352754 13 0.028129097156290972
15.2 1.360675 13 0.0286156225831401
15.3 1.368589 13 0.029095869658740336
15.4 1.376495 13 0.02956799544855282
15.5 1.384393 13 0.030032907687622123
15.6 1.392283 13 0.030492453117853313
15.7 1.400166 13 0.03094545740333232
15.8 1.408041 13 0.031393404081827114
15.9 1.415908 13 0.0318346926187375
16.0 1.423768 13 0.03226768270478597
16.1 1.432086 13 0.0327395900251124
16.2 1.440396 13 0.03320340573767033
16.3 1.448698 13 0.033654720756776446
16.4 1.456991 13 0.034110891555781175
16.5 1.465275 13 0.034557554583309114
16.6 1.473551 13 0.03499832650654244
16.7 1.481819 13 0.03543226140525879
16.8 1.490078 13 0.03586055587697967
16.9 1.498329 13 0.036286693436721196
17.0 1.506572 13 0.0367068829624394
17.1 1.514806 13 0.03712088625266963
17.2 1.523032 13 0.03752781524605431
17.3 1.53125 13 0.0379320304226437
17.4 1.53946 13 0.03832851199449505
17.5 1.547661 13 0.03872288372882304
17.6 1.555854 13 0.039108893495906405
17.7 1.564039 13 0.03949728961531673
17.8 1.572216 13 0.03987773270227635
17.9 1.580385 13 0.04025383212710998
18.0 1.588546 13 0.04062740683689803
18.1 1.597082 13 0.04102157863050149
18.2 1.605609 13 0.04142399916050166
18.3 1.614128 13 0.04180933887891791
18.4 1.622638 13 0.042196910462585224
18.5 1.631139 13 0.042578256479300025
18.6 1.639632 13 0.042954622905433726
18.7 1.648116 13 0.043327515725112176
18.8 1.656591 13 0.04369537058202444
18.9 1.665057 13 0.044060903570793064
19.0 1.673515 13 0.04442218505787199
19.1 1.681965 13 0.04477785355257513
19.2 1.690406 13 0.04513635422681772
19.3 1.698838 13 0.04548399132047243
19.4 1.707262 13 0.04583079563700787
19.5 1.715677 13 0.046173958068777665
19.6 1.724084 13 0.04651231687626822
19.7 1.732483 13 0.046845495039995244
19.8 1.740873 13 0.047181288016554856
19.9 1.749255 13 0.04750524597808348
20.0 1.757628 13 0.04783044361309341
20.1 1.766343 13 0.04817457139737191
20.2 1.775049 13 0.04851984846802149
20.3 1.783745 13 0.04885788766493915
20.4 1.792433 13 0.04918952402405008
20.5 1.801112 13 0.049523236350642375
20.6 1.809781 13 0.049852063459674634
20.7 1.818442 13 0.05017862050013733
20.8 1.827095 13 0.050495908801257317
20.9 1.835738 13 0.050813312305017955
21.0 1.844373 13 0.051130179059064695
21.1 1.852998 13 0.05143973375777744
21.2 1.861615 13 0.05175079056580789
21.3 1.870224 13 0.052058484900932456
21.4 1.878824 13 0.05235863563389309
21.5 1.887415 13 0.05265952278500341
21.6 1.895997 13 0.05295849549407261
21.7 1.904571 13 0.053252470298495225
21.8 1.913136 13 0.0535449396884492
21.9 1.921693 13 0.05383354743643021
22.0 1.930241 13 0.05412306104849318
22.1 1.940159 13 0.054494230905358654
22.2 1.950065 13 0.054870019722731644
22.3 1.959959 13 0.055237173988428756
22.4 1.969843 13 0.055604583804741314
22.5 1.979715 13 0.05596927177236022
22.6 1.989575 13 0.05632844535753201
22.7 1.999425 13 0.056688638319390305
22.8 21.8494 14 1.0
22.9 21.94259 14 1.0
23.0 22.03577 14 1.0
23.1 22.12896 14 1.0
23.2 22.22214 14 1.0
23.3 22.31532 14 1.0
23.4 22.40851 14 1.0
23.5 22.50169 14 1.0
23.6 22.59488 14 1.0
23.7 22.68806 14 1.0
23.8 22.78125 14 1.0
23.9 22.87443 14 1.0
24.0 22.96762 14 1.0
24.1 23.05866 14 1.0
24.2 23.1497 14 1.0
24.3 23.24073 14 1.0
24.4 23.33177 14 1.0
24.5 23.42281 14 1.0
24.6 23.51385 14 1.0
24.7 23.60489 14 1.0
24.8 23.69593 14 1.0
24.9 23.78697 14 1.0
25.0 5.801897 14 0.2234671138522487
25.1 6.008132 14 0.23142451804513264
25.2 6.216418 14 0.23940229654515366
25.3 6.426754 14 0.24740870853512764
25.4 6.639141 14 0.2554399989896693
25.5 6.853578 14 0.26349348718173515
25.6 7.070065 14 0.27157991576465845
25.7 7.288602 14 0.2796808758590714
25.8 7.50919 14 0.2878073119840334
25.9 7.731829 14 0.29595889527005226
26.0 7.956518 14 0.3041328556876839
26.1 8.190884 14 0.3126276890471422
26.2 8.427408 14 0.3211421606501279
26.3 8.66609 14 0.32968174715097
26.4 8.906931 14 0.3382430170348245
26.5 9.149929 14 0.3468309072336079
26.6 9.395086 14 0.3554399199972622
26.7 9.6424 14 0.36407219091915144
26.8 9.891873 14 0.3727263867061388
26.9 10.1435 14 0.38140160829401204
27.0 10.39729 14 0.39010039027924914
27.1 10.65324 14 0.3988219272062625
27.2 10.91134 14 0.4075626780211341
27.3 11.17161 14 0.4163233274475181
27.4 11.43403 14 0.4251087885440604
27.5 11.6986 14 0.43391423536322693
27.6 11.96534 14 0.4427370492891781
27.7 12.23424 14 0.4515831354098907
27.8 12.50529 14 0.46045177184794017
27.9 12.7785 14 0.4693333203537583
28.0 13.05387 14 0.47823500423979015
28.1 13.35007 14 0.4882112421451321
28.2 13.6482 14 0.498197756632357
28.3 13.94825 14 0.5082044186615101
28.4 14.25022 14 0.5182244033013607
28.5 14.55411 14 0.5282621023130889
28.6 14.85992 14 0.5383138017831952
28.7 15.16766 14 0.5483824440813567
28.8 15.47731 14 0.5584679115148456
28.9 15.78889 14 0.5685671747303478
29.0 16.10239 14 0.578682983318206
29.1 16.41781 14 0.5888126139654617
29.2 16.73515 14 0.5989584418289762
29.3 17.05441 14 0.6091190091506749
29.4 17.3756 14 0.6192933622299925
29.5 17.6987 14 0.6294822110686684
29.6 18.02373 14 0.6396872475521092
29.7 18.35068 14 0.649906284501425
29.8 18.67955 14 0.6601384033406412
29.9 19.01034 14 0.6703871240337878
30.0 19.34305 14 0.6806481155013806
30.1 19.66844 14 0.6904217757088154
30.2 19.99582 14 0.7002088805899294
30.3 20.3252 14 0.7100107477352986
30.4 20.65657 14 0.719826623374378
30.5 20.98994 14 0.7296579572446555
30.6 21.32531 14 0.7395014587132875
30.7 21.66268 14 0.749360760058127
30.8 22.00204 14 0.7592321101744159
30.9 22.3434 14 0.7691179792199969
31.0 22.68675 14 0.7790178877390171
31.1 23.0321 14 0.7889307444192938
31.2 23.37945 14 0.7988571779668827
31.3 23.72879 14 0.8087967584823164
31.4 24.08013 14 0.8187496326211658
31.5 24.43347 14 0.8287154084095125
31.6 24.7888 14 0.8386940275261098
31.7 25.14613 14 0.8486852624788412
31.8 25.50546 14 0.858689635467308
31.9 25.86678 14 0.8687062306613539
32.0 26.2301 14 0.8787353903206316
32.1 26.59542 14 0.8887769110893065
32.2 26.96273 14 0.898830977292126
32.3 27.33204 14 0.9088969813617955
32.4 27.70335 14 0.9189743912943005
32.5 28.07665 14 0.9290647048432515
32.6 28.45195 14 0.9391667358746505
32.7 28.82924 14 0.9492803716202313
32.8 29.20853 14 0.9594057211716593
32.9 29.58982 14 0.9695427163380114
33.0 29.97311 14 0.9796910905865244
33.1 30.35839 14 0.989850880857879
33.2 30.74501 14 1.0
33.3 30.8265 14 1.0
33.4 30.908 14 1.0
33.5 30.9895 14 1.0
33.6 31.071 14 1.0
33.7 31.1525 14 1.0
33.8 31.23399 14 1.0
33.9 31.31549 14 1.0
34.0 31.39699 14 1.0
34.1 31.47849 14 1.0
34.2 31.55999 14 1.0
34.3 31.64149 14 1.0
34.4 31.72298 14 1.0
34.5 31.80448 14 1.0
34.6 31.88598 14 1.0
34.7 31.96748 14 1.0
34.8 32.04898 14 1.0
34.9 32.13047 14 1.0
35.0 32.21197 14 1.0
35.1 32.265 14 1.0
35.2 32.31802 14 1.0
35.3 32.37105 14 1.0
35.4 32.42408 14 1.0
35.5 32.4771 14 1.0
35.6 32.53013 14 1.0
35.7 32.58316 14 1.0
35.8 32.63618 14 1.0
35.9 32.68921 14 1.0
36.0 32.74223 14 1.0
36.1 32.79526 14 1.0
36.2 32.84829 14 1.0
36.3 32.90131 14 1.0
36.4 32.95434 14 1.0
36.5 33.00736 14 1.0
36.6 33.06039 14 1.0
36.7 33.11342 14 1.0
36.8 33.16644 14 1.0
36.9 33.21947 14 1.0
37.0 33.27249 14 1.0
37.1 33.32552 14 1.0
37.2 33.37855 14 1.0
37.3 33.43157 14 1.0
37.4 33.4846 14 1.0
37.5 33.53762 14 1.0
37.6 33.59065 14 1.0
37.7 33.64368 14 1.0
37.8 33.6967 14 1.0
37.9 33.74973 14 1.0
38.0 33.80275 14 1.0
38.1 33.85578 14 1.0
38.2 33.90881 14 1.0
38.3 33.96183 14 1.0
38.4 34.01486 14 1.0
38.5 34.06788 14 1.0
38.6 34.12091 14 1.0
38.7 34.17394 14 1.0
38.8 34.22696 14 1.0
38.9 34.27999 14 1.0
39.0 34.33301 14 1.0
39.1 34.38604 14 1.0
39.2 34.43907 14 1.0
39.3 34.49209 14 1.0
39.4 34.54512 14 1.0
39.5 34.59814 14 1.0
39.6 34.65117 14 1.0
39.7 34.7042 14 1.0
39.8 34.75722 14 1.0
39.9 34.81025 14 1.0
40.0 34.86327 14 1.0
40.1 34.93894 14 1.0
40.2 35.01461 14 1.0
40.3 35.09028 14 1.0
40.4 35.16594 14 1.0
40.5 35.24161 14 1.0
40.6 35.31728 14 1.0
40.7 35.39295 14 1.0
40.8 35.46861 14 1.0
40.9 35.54428 14 1.0
41.0 35.61995 14 1.0
41.1 35.69562 14 1.0
41.2 35.77128 14 1.0
41.3 35.84695 14 1.0
41.4 35.92262 14 1.0
41.5 35.99828 14 1.0
41.6 36.07395 14 1.0
41.7 36.14962 14 1.0
41.8 36.22529 14 1.0
41.9 36.30095 14 1.0
42.0 36.37662 14 1.0
42.1 36.45229 14 1.0
42.2 36.52796 14 1.0
42.3 36.60362 14 1.0
42.4 36.67929 14 1.0
42.5 36.75496 14 1.0
42.6 36.83063 14 1.0
42.7 36.90629 14 1.0
42.8 36.98196 14 1.0
42.9 37.05763 14 1.0
43.0 37.13329 14 1.0
43.1 37.20896 14 1.0
43.2 37.28463 14 1.0
43.3 37.3603 14 1.0
43.4 37.43596 14 1.0
43.5 37.51163 14 1.0
43.6 37.5873 14 1.0
43.7 37.66297 14 1.0
43.8 37.73863 14 1.0
43.9 37.8143 14 1.0
44.0 37.88997 14 1.0
44.1 37.96564 14 1.0
44.2 38.0413 14 1.0
44.3 38.11697 14 1.0
44.4 38.19264 14 1.0
44.5 38.2683 14 1.0
44.6 38.34397 14 1.0
44.7 38.41964 14 1.0
44.8 38.49531 14 1.0
44.9 38.57097 14 1.0
45.0 38.64664 14 1.0
45.1 38.72231 14 1.0
45.2 38.79798 14 1.0
45.3 38.87364 14 1.0
45.4 38.94931 14 1.0
45.5 39.02498 14 1.0
45.6 39.10065 14 1.0
45.7 39.17631 14 1.0
45.8 39.25198 14 1.0
45.9 39.32765 14 1.0
46.0 39.40331 14 1.0
46.1 39.47898 14 1.0
46.2 39.55465 14 1.0
46.3 39.63032 14 1.0
46.4 39.70598 14 1.0
46.5 39.78165 14 1.0
46.6 39.85732 14 1.0
46.7 39.93299 14 1.0
46.8 40.00865 14 1.0
46.9 40.08432 14 1.0
47.0 40.15999 14 1.0
47.1 40.23566 14 1.0
47.2 40.31132 14 1.0
47.3 40.38699 14 1.0
47.4 40.46266 14 1.0
47.5 40.53832 14 1.0
47.6 40.61399 14 1.0
47.7 40.68966 14 1.0
47.8 40.76533 14 1.0
47.9 40.84099 14 1.0
48.0 40.91666 14 1.0
48.1 40.99233 14 1.0
48.2 41.068 14 1.0
48.3 41.14366 14 1.0
48.4 41.21933 14 1.0
48.5 41.295 14 1.0
48.6 41.37067 14 1.0
48.7 41.44633 14 1.0
48.8 41.522 14 1.0
48.9 41.59767 14 1.0
49.0 41.67333 14 1.0
49.1 41.749 14 1.0
49.2 41.82467 14 1.0
49.3 41.90034 14 1.0
49.4 41.976 14 1.0
49.5 42.05167 14 1.0
49.6 42.12734 14 1.0
49.7 42.20301 14 1.0
49.8 42.27867 14 1.0
49.9 42.35434 14 1.0
50.0 42.43001 14 1.0
50.1 42.49812 14 1.0
50.2 42.56623 14 1.0
50.3 42.63434 14 1.0
50.4 42.70245 14 1.0
50.5 42.77055 14 1.0
50.6 42.83866 14 1.0
50.7 42.90677 14 1.0
50.8 42.97488 14 1.0
50.9 43.04299 14 1.0
51.0 43.1111 14 1.0
51.1 43.17921 14 1.0
51.2 43.24732 14 1.0
51.3 43.31543 14 1.0
51.4 43.38354 14 1.0
51.5 43.45165 14 1.0
51.6 43.51976 14 1.0
51.7 43.58787 14 1.0
51.8 43.65598 14 1.0
51.9 43.72409 14 1.0
52.0 43.7922 14 1.0
52.1 43.8603 14 1.0
52.2 43.92841 14 1.0
52.3 43.99652 14 1.0
52.4 44.06463 14 1.0
52.5 44.13274 14 1.0
52.6 44.20085 14 1.0
52.7 44.26896 14 1.0
52.8 44.33707 14 1.0
52.9 44.40518 14 1.0
53.0 44.47329 14 1.0
53.1 44.5414 14 1.0
53.2 44.60951 14 1.0
53.3 44.67762 14 1.0
53.4 44.74573 14 1.0
53.5 44.81384 14 1.0
53.6 44.88195 14 1.0
53.7 44.95005 14 1.0
53.8 45.01816 14 1.0
53.9 45.08627 14 1.0
54.0 45.15438 14 1.0
54.1 45.22249 14 1.0
54.2 45.2906 14 1.0
54.3 45.35871 14 1.0
54.4 45.42682 14 1.0
54.5 45.49493 14 1.0
54.6 45.56304 14 1.0
54.7 45.63115 14 1.0
54.8 45.69926 14 1.0
54.9 45.76737 14 1.0
55.0 45.83548 14 1.0
55.1 45.90359 14 1.0
55.2 45.9717 14 1.0
55.3 46.0398 14 1.0
55.4 46.10791 14 1.0
55.5 46.17602 14 1.0
55.6 46.24413 14 1.0
55.7 46.31224 14 1.0
55.8 46.38035 14 1.0
55.9 46.44846 14 1.0
56.0 46.51657 14 1.0
56.1 46.58468 14 1.0
56.2 46.65279 14 1.0
56.3 46.7209 14 1.0
56.4 46.78901 14 1.0
56.5 46.85712 14 1.0
56.6 46.92523 14 1.0
56.7 46.99334 14 1.0
56.8 47.06144 14 1.0
56.9 47.12955 14 1.0
57.0 47.19766 14 1.0
57.1 47.26577 14 1.0
57.2 47.33388 14 1.0
57.3 47.40199 14 1.0
57.4 47.4701 14 1.0
57.5 47.53821 14 1.0
57.6 47.60632 14 1.0
57.7 47.67443 14 1.0
57.8 47.74254 14 1.0
57.9 47.81065 14 1.0
58.0 47.87876 14 1.0
58.1 47.94687 14 1.0
58.2 48.01498 14 1.0
58.3 48.08309 14 1.0
58.4 48.15119 14 1.0
58.5 48.2193 14 1.0
58.6 48.28741 14 1.0
58.7 48.35552 14 1.0
58.8 48.42363 14 1.0
58.9 48.49174 14 1.0
59.0 48.55985 14 1.0
59.1 48.62796 14 1.0
59.2 48.69607 14 1.0
59.3 48.76418 14 1.0
59.4 48.83229 14 1.0
59.5 48.9004 14 1.0
59.6 48.96851 14 1.0
59.7 49.03662 14 1.0
59.8 49.10473 14 1.0
59.9 49.17284 14 1.0
60.0 49.24094 14 1.0
60.1 49.27927 14 1.0
60.2 49.31759 14 1.0
60.3 49.35591 14 1.0
60.4 49.39423 14 1.0
60.5 49.43255 14 1.0
60.6 49.47088 14 1.0
60.7 49.5092 14 1.0
60.8 49.54752 14 1.0
60.9 49.58584 14 1.0
61.0 49.62416 14 1.0
61.1 49.66248 14 1.0
61.2 49.70081 14 1.0
61.3 49.73913 14 1.0
61.4 49.77745 14 1.0
61.5 49.81577 14 1.0
61.6 49.85409 14 1.0
61.7 49.89241 14 1.0
61.8 49.93074 14 1.0
61.9 49.96906 14 1.0
62.0 50.00738 14 1.0
62.1 50.0457 14 1.0
62.2 50.08402 14 1.0
62.3 50.12234 14 1.0
62.4 50.16067 14 1.0
62.5 50.19899 14 1.0
62.6 50.23731 14 1.0
62.7 50.27563 14 1.0
62.8 50.31395 14 1.0
62.9 50.35227 14 1.0
63.0 50.3906 14 1.0
63.1 50.42892 14 1.0
63.2 50.46724 14 1.0
63.3 50.50556 14 1.0
63.4 50.54388 14 1.0
63.5 50.58221 14 1.0
63.6 50.62053 14 1.0
63.7 50.65885 14 1.0
63.8 50.69717 14 1.0
63.9 50.73549 14 1.0
64.0 50.77381 14 1.0
64.1 50.81214 14 1.0
64.2 50.85046 14 1.0
64.3 50.88878 14 1.0
64.4 50.9271 14 1.0
64.5 50.96542 14 1.0
64.6 51.00374 14 1.0
64.7 51.04207 14 1.0
64.8 51.08039 14 1.0
64.9 51.11871 14 1.0
65.0 51.15703 14 1.0
65.1 51.19535 14 1.0
65.2 51.23367 14 1.0
65.3 51.272 14 1.0
65.4 51.31032 14 1.0
65.5 51.34864 14 1.0
65.6 51.38696 14 1.0
65.7 51.42528 14 1.0
65.8 51.46361 14 1.0
65.9 51.50193 14 1.0
66.0 51.54025 14 1.0
66.1 51.57857 14 1.0
66.2 51.61689 14 1.0
66.3 51.65521 14 1.0
66.4 51.69354 14 1.0
66.5 51.73186 14 1.0
66.6 51.77018 14 1.0
66.7 51.8085 14 1.0
66.8 51.84682 14 1.0
66.9 51.88514 14 1.0
67.0 51.92347 14 1.0
67.1 51.96179 14 1.0
67.2 52.00011 14 1.0
67.3 52.03843 14 1.0
67.4 52.07675 14 1.0
67.5 52.11507 14 1.0
67.6 52.09769 14 1.0
67.7 52.00057 14 1.0
67.8 51.90326 14 1.0
67.9 51.80578 14 1.0
68.0 51.70813 14 1.0
68.1 51.61029 14 1.0
68.2 51.51228 14 1.0
68.3 51.41409 14 1.0
68.4 51.31572 14 1.0
68.5 51.21717 14 1.0
68.6 51.11845 14 1.0
68.7 51.01955 14 1.0
68.8 50.92047 14 1.0
68.9 50.82122 14 1.0
69.0 50.72178 14 1.0
69.1 50.62217 14 1.0
69.2 50.52238 14 1.0
69.3 50.42242 14 1.0
69.4 50.32227 14 1.0
69.5 50.22195 14 1.0
69.6 50.12146 14 1.0
69.7 50.02078 14 1.0
69.8 49.91993 14 1.0
69.9 49.8189 14 1.0
70.0 49.71769 14 1.0
70.1 49.62535 14 1.0
70.2 49.53288 14 1.0
70.3 49.44026 14 1.0
70.4 49.3475 14 1.0
70.5 49.2546 14 1.0
70.6 49.16156 14 1.0
70.7 49.06838 14 1.0
70.8 48.97505 14 1.0
70.9 48.88159 14 1.0
71.0 48.78798 14 1.0
71.1 48.69423 14 1.0
71.2 48.60034 14 1.0
71.3 48.50631 14 1.0
71.4 48.41214 14 1.0
71.5 48.31783 14 1.0
71.6 48.22337 14 1.0
71.7 48.12878 14 1.0
71.8 48.03404 14 1.0
71.9 47.93916 14 1.0
72.0 47.84414 14 1.0
72.1 47.74898 14 1.0
72.2 47.65368 14 1.0
72.3 47.55823 14 1.0
72.4 47.46265 14 1.0
72.5 47.36692 14 1.0
72.6 47.27105 14 1.0
72.7 47.17504 14 1.0
72.8 47.07889 14 1.0
72.9 46.9826 14 1.0
73.0 46.88617 14 1.0
73.1 46.78959 14 1.0
73.2 46.69288 14 1.0
73.3 46.59602 14 1.0
73.4 46.49902 14 1.0
73.5 46.40188 14 1.0
73.6 46.3046 14 1.0
73.7 46.20718 14 1.0
73.8 46.10961 14 1.0
73.9 46.01191 14 1.0
74.0 45.91406 14 1.0
74.1 45.81607 14 1.0
74.2 45.71794 14 1.0
74.3 45.61967 14 1.0
74.4 45.52126 14 1.0
74.5 45.42271 14 1.0
74.6 45.32401 14 1.0
74.7 45.22518 14 1.0
74.8 45.1262 14 1.0
74.9 45.02708 14 1.0
75.0 44.92782 14 1.0
75.1 44.82842 14 1.0
75.2 44.72888 14 1.0
75.3 44.6292 14 1.0
75.4 44.52937 14 1.0
75.5 44.4294 14 1.0
75.6 44.3293 14 1.0
75.7 44.22905 14 1.0
75.8 44.12866 14 1.0
75.9 44.02813 14 1.0
76.0 43.92745 14 1.0
76.1 43.82664 14 1.0
76.2 43.72568 14 1.0
76.3 43.62459 14 1.0
76.4 43.52335 14 1.0
76.5 43.42197 14 1.0
76.6 43.32045 14 1.0
76.7 43.21878 14 1.0
76.8 43.11698 14 1.0
76.9 43.01504 14 1.0
77.0 42.91295 14 1.0
77.1 42.81072 14 1.0
77.2 42.70835 14 1.0
77.3 42.60584 14 1.0
77.4 42.50319 14 1.0
77.5 42.4004 14 1.0
77.6 42.29746 14 1.0
77.7 42.19439 14 1.0
77.8 42.09117 14 1.0
77.9 41.98781 14 1.0
78.0 41.88431 14 1.0
78.1 41.78067 14 1.0
78.2 41.67689 14 1.0
78.3 41.57297 14 1.0
78.4 41.4689 14 1.0
78.5 41.3647 14 1.0
78.6 41.26035 14 1.0
78.7 41.15586 14 1.0
78.8 41.05123 14 1.0
78.9 40.94646 14 1.0
79.0 40.84155 14 1.0
79.1 40.73649 14 1.0
79.2 40.6313 14 1.0
79.3 40.52596 14 1.0
79.4 40.42048 14 1.0
79.5 40.31486 14 1.0
79.6 40.2091 14 1.0
79.7 40.1032 14 1.0
79.8 39.99716 14 1.0
79.9 39.89097 14 1.0
80.0 39.78465 14 1.0
80.1 38.98873 14 1.0
80.2 38.20049 14 1.0
80.3 37.41992 14 1.0
80.4 36.64703 14 1.0
80.5 35.88182 14 1.0
80.6 35.12429 14 1.0
80.7 34.37443 14 1.0
80.8 33.63225 14 1.0
80.9 32.89774 14 1.0
81.0 32.17091 14 1.0
81.1 31.45176 14 1.0
81.2 30.74029 14 1.0
81.3 30.03649 14 1.0
81.4 30.04259 14 1.0
81.5 30.14209 14 1.0
81.6 30.24158 14 1.0
81.7 30.34108 14 1.0
81.8 30.44057 14 1.0
81.9 30.54007 14 1.0
82.0 30.63956 14 1.0
82.1 30.73906 14 1.0
82.2 30.83855 14 1.0
82.3 30.93804 14 1.0
82.4 31.03754 14 1.0
82.5 31.13703 14 1.0
82.6 31.23653 14 1.0
82.7 31.33602 14 1.0
82.8 31.43552 14 1.0
82.9 31.53501 14 1.0
83.0 31.63451 14 1.0
83.1 31.734 14 1.0
83.2 31.8335 14 1.0
83.3 31.93299 14 1.0
83.4 32.03248 14 1.0
83.5 32.13198 14 1.0
83.6 32.23147 14 1.0
83.7 32.33097 14 1.0
83.8 32.43046 14 1.0
83.9 32.52996 14 1.0
84.0 32.62945 14 1.0
84.1 32.72895 14 1.0
84.2 32.82844 14 1.0
84.3 32.92794 14 1.0
84.4 33.02743 14 1.0
84.5 33.12692 14 1.0
84.6 33.22642 14 1.0
84.7 33.32591 14 1.0
84.8 33.42541 14 1.0
84.9 33.5249 14 1.0
85.0 33.6244 14 1.0
85.1 33.72389 14 1.0
85.2 33.82339 14 1.0
85.3 33.92288 14 1.0
85.4 34.02238 14 1.0
85.5 34.12187 14 1.0
85.6 34.22137 14 1.0
85.7 34.32086 14 1.0
85.8 34.42035 14 1.0
85.9 34.51985 14 1.0
86.0 34.61934 14 1.0
86.1 34.71884 14 1.0
86.2 34.81833 14 1.0
86.3 34.91783 14 1.0
86.4 35.01732 14 1.0
86.5 35.11682 14 1.0
86.6 35.21631 14 1.0
86.7 35.31581 14 1.0
86.8 35.4153 14 1.0
86.9 35.51479 14 1.0
87.0 35.61429 14 1.0
87.1 35.71378 14 1.0
87.2 35.81328 14 1.0
87.3 35.91277 14 1.0
87.4 36.01227 14 1.0
87.5 36.11176 14 1.0
87.6 36.21126 14 1.0
87.7 36.31075 14 1.0
87.8 36.41025 14 1.0
87.9 36.50974 14 1.0
88.0 36.60923 14 1.0
88.1 36.70873 14 1.0
88.2 36.80822 14 1.0
88.3 36.90772 14 1.0
88.4 37.00721 14 1.0
88.5 37.10671 14 1.0
88.6 37.2062 14 1.0
88.7 37.3057 14 1.0
88.8 37.40519 14 1.0
88.9 37.50469 14 1.0
89.0 37.60418 14 1.0
89.1 37.70367 14 1.0
89.2 37.80317 14 1.0
89.3 38.08321 14 1.0
89.4 38.52506 14 1.0
89.5 38.96691 14 1.0
89.6 39.40877 14 1.0
89.7 39.85062 14 1.0
89.8 40.29247 14 1.0
89.9 40.73433 14 1.0
90.0 41.17618 14 1.0
90.1 41.20622 14 1.0
90.2 41.23625 14 1.0
90.3 41.26629 14 1.0
90.4 41.29633 14 1.0
90.5 41.32636 14 1.0
90.6 41.3564 14 1.0
90.7 41.38644 14 1.0
90.8 41.41648 14 1.0
90.9 41.44651 14 1.0
91.0 41.47655 14 1.0
91.1 41.50659 14 1.0
91.2 41.53662 14 1.0
91.3 41.56666 14 1.0
91.4 41.5967 14 1.0
91.5 41.62674 14 1.0
91.6 41.65677 14 1.0
91.7 41.68681 14 1.0
91.8 41.71685 14 1.0
91.9 41.74688 14 1.0
92.0 41.77692 14 1.0
92.1 41.80696 14 1.0
92.2 41.837 14 1.0
92.3 41.86703 14 1.0
92.4 41.89707 14 1.0
92.5 41.92711 14 1.0
92.6 41.95714 14 1.0
92.6 41.98718 14 1.0
92.7 42.01722 14 1.0
92.8 42.04726 14 1.0
92.9 42.07729 14 1.0
93.0 42.10733 14 1.0
93.1 42.13737 14 1.0
93.2 42.1674 14 1.0
93.3 42.19744 14 1.0
93.4 42.22748 14 1.0
93.5 42.25751 14 1.0
93.6 42.28755 14 1.0
93.7 42.31759 14 1.0
93.8 42.34763 14 1.0
93.9 42.37766 14 1.0
94.0 42.4077 14 1.0
94.1 42.43774 14 1.0
94.2 42.46777 14 1.0
94.3 42.49781 14 1.0
94.4 42.52785 14 1.0
94.5 42.55789 14 1.0
94.6 42.58792 14 1.0
94.7 42.61796 14 1.0
94.8 42.648 14 1.0
94.9 42.67803 14 1.0
95.0 42.70807 14 1.0
95.1 42.73811 14 1.0
95.2 42.76815 14 1.0
95.3 42.79818 14 1.0
95.4 42.82822 14 1.0
95.5 42.85826 14 1.0
95.6 42.88829 14 1.0
95.7 42.91833 14 1.0
95.8 42.94837 14 1.0
95.9 42.97841 14 1.0
96.0 43.00844 14 1.0
96.1 43.03848 14 1.0
96.2 43.06852 14 1.0
96.3 43.09855 14 1.0
96.4 43.12859 14 1.0
96.5 43.15863 14 1.0
96.6 43.18867 14 1.0
96.7 43.2187 14 1.0
96.8 43.24874 14 1.0
96.9 43.27878 14 1.0
97.0 43.30881 14 1.0
97.1 43.33885 14 1.0
97.2 43.36889 14 1.0
97.3 43.39892 14 1.0
97.4 43.42896 14 1.0
97.5 43.459 14 1.0
97.6 43.48904 14 1.0
97.7 43.51907 14 1.0
97.8 43.54911 14 1.0
97.9 43.57915 14 1.0
98.0 43.60918 14 1.0
98.1 43.63922 14 1.0
98.2 43.66926 14 1.0
98.3 43.6993 14 1.0
98.4 43.72933 14 1.0
98.5 43.75937 14 1.0
98.6 43.78941 14 1.0
98.7 43.81944 14 1.0
98.8 50.64079 14 1.0
98.9 50.29332 14 1.0
99.0 49.9447 14 1.0
99.1 49.59494 14 1.0
99.2 49.24404 14 1.0
99.3 48.892 14 1.0
99.4 48.53882 14 1.0
99.5 48.18449 14 1.0
99.6 47.82902 14 1.0
99.7 47.47241 14 1.0
99.8 47.11466 14 1.0
99.9 46.75576 14 1.0
100.0 46.41717 14 1.0
100.1 46.07779 14 1.0
100.2 45.73759 14 1.0
100.3 45.3966 14 1.0
100.4 45.0548 14 1.0
100.5 44.71219 14 1.0
100.6 44.36878 14 1.0
100.7 44.02457 14 1.0
100.8 43.67956 14 1.0
100.9 43.33374 14 1.0
101.0 42.98712 14 1.0
101.1 42.63969 14 1.0
101.2 42.29146 14 1.0
101.3 41.94243 14 1.0
101.4 41.59259 14 1.0
101.5 41.24195 14 1.0
101.6 40.89051 14 1.0
101.7 40.53826 14 1.0
101.8 40.18521 14 1.0
101.9 39.83135 14 1.0
102.0 39.4767 14 1.0
102.1 39.12123 14 1.0
102.2 38.76497 14 1.0
102.3 38.4079 14 1.0
102.4 38.05003 14 1.0
102.5 37.69135 14 1.0
102.6 37.33187 14 1.0
102.7 36.97158 14 1.0
102.8 36.6105 14 1.0
102.9 36.24861 14 1.0
103.0 35.88591 14 1.0
103.1 35.52241 14 1.0
103.2 35.15811 14 1.0
103.3 34.793 14 1.0
103.4 34.4271 14 1.0
103.5 34.06038 14 1.0
103.6 33.69287 14 1.0
103.7 33.32455 14 1.0
103.8 32.95542 14 1.0
103.9 32.58549 14 1.0
104.0 32.21476 14 1.0
104.1 31.84323 14 1.0
104.2 31.47089 14 1.0
104.3 31.09775 14 1.0
104.4 30.7238 14 1.0
104.5 30.34905 14 1.0
104.6 29.9735 14 1.0
104.7 29.59714 14 1.0
104.8 29.21998 14 1.0
104.9 28.84202 14 1.0
105.0 28.46325 14 1.0
105.1 28.08368 14 1.0
105.2 27.70331 14 1.0
105.3 27.32213 14 1.0
105.4 26.94015 14 1.0
105.5 26.55736 14 1.0
105.6 26.17377 14 1.0
105.7 25.78938 14 1.0
105.8 25.40418 14 1.0
105.9 25.01818 14 1.0
106.0 24.63138 14 1.0
106.1 24.24377 14 1.0
106.2 23.85536 14 1.0
106.3 23.46614 14 1.0
106.4 23.07613 14 1.0
106.5 22.6853 14 1.0
106.6 22.29368 14 1.0
106.7 21.90125 14 1.0
106.8 21.50802 14 1.0
106.9 21.11398 14 1.0
107.0 20.71914 14 1.0
107.1 20.3235 14 1.0
107.2 19.92705 14 1.0
107.3 19.5298 14 1.0
107.4 19.13174 14 1.0
107.5 18.73288 14 1.0
107.6 18.33322 14 1.0
107.7 17.93276 14 1.0
107.8 17.53149 14 1.0
107.9 17.12941 14 1.0
108.0 16.72654 14 1.0
108.1 16.32286 14 1.0
108.2 15.91837 14 1.0
108.3 15.51309 14 1.0
108.4 15.10699 14 1.0
108.5 14.7001 14 1.0
108.6 14.2924 14 1.0
108.7 13.8839 14 1.0
108.8 13.47459 14 1.0
108.9 13.06449 14 1.0
109.0 12.65357 14 1.0
109.1 12.24186 14 1.0
109.2 11.82934 14 1.0
109.3 11.41601 14 1.0
109.4 11.00188 14 1.0
109.5 10.58695 14 1.0
109.6 10.17122 14 1.0
109.7 9.754681 14 1.0
109.8 9.337339 14 1.0
109.9 8.919193 14 1.0
110.0 8.457147 14 1.0
110.1 7.993826 14 1.0
110.2 7.529229 14 1.0
110.3 7.063357 14 1.0
110.4 6.59621 14 1.0
110.5 6.127788 14 1.0
110.6 5.65809 14 1.0
110.7 5.187118 14 1.0
110.8 4.71487 14 1.0
110.9 4.241346 14 1.0
111.0 0.0 15 0.0
111.1 0.0 15 0.0
111.2 0.0 15 0.0
111.3 0.0 15 0.0
111.4 0.0 15 0.0
111.5 0.0 15 0.0
111.6 0.0 15 0.0
111.7 0.0 15 0.0
111.8 0.0 15 0.0
111.9 0.0 15 0.0
112.0 0.0 15 0.0
112.1 0.0 15 0.0
112.2 0.0 15 0.0
112.3 0.0 15 0.0
112.4 0.0 15 0.0
112.5 0.0 15 0.0
112.6 0.0 15 0.0
112.7 0.0 15 0.0
112.8 0.0 15 0.0
112.9 0.0 15 0.0
113.0 0.0 15 0.0
113.1 0.0 15 0.0
113.2 0.0 15 0.0
113.3 0.0 15 0.0
113.4 0.0 15 0.0
113.5 0.0 15 0.0
113.6 0.0 15 0.0
113.7 0.0 15 0.0
113.8 0.0 15 0.0
113.9 0.0 15 0.0
114.0 0.0 15 0.0
114.1 0.0 15 0.0
114.2 0.0 15 0.0
114.3 0.0 15 0.0
114.4 0.0 15 0.0
114.5 0.0 15 0.0
114.6 0.0 15 0.0
114.7 0.0 15 0.0
114.8 0.0 15 0.0
114.9 0.0 15 0.0
115.0 0.0 15 0.0
115.1 0.0 15 0.0
115.2 0.0 15 0.0
115.3 0.0 15 0.0
115.4 0.0 15 0.0
115.5 0.0 15 0.0
115.6 0.0 15 0.0
115.7 0.0 15 0.0
115.8 0.0 15 0.0
115.9 0.0 15 0.0
116.0 0.0 15 0.0
116.1 0.0 15 0.0
116.2 0.0 15 0.0
116.3 0.0 15 0.0
116.4 0.0 15 0.0
116.5 0.0 15 0.0
116.6 0.0 15 0.0
116.7 0.0 15 0.0
116.8 0.0 15 0.0
116.9 0.0 15 0.0
117.0 0.0 15 0.0
117.1 0.0 15 0.0
117.2 0.0 15 0.0
117.3 0.0 15 0.0
117.4 0.0 15 0.0
117.5 0.0 15 0.0
117.6 0.0 15 0.0
117.7 0.0 15 0.0
117.8 0.0 15 0.0
117.9 0.0 15 0.0
118.0 0.0 15 0.0
118.1 0.0 15 0.0
118.2 0.0 15 0.0
118.3 0.0 15 0.0
118.4 0.0 15 0.0
118.5 0.0 15 0.0
118.6 0.0 15 0.0
118.7 0.0 15 0.0
118.8 0.0 15 0.0
118.9 0.0 15 0.0
119.0 0.0 15 0.0
119.1 0.0 15 0.0
119.2 0.0 15 0.0
119.3 0.0 15 0.0
119.4 0.0 15 0.0
119.5 0.0 15 0.0
119.6 0.0 15 0.0
119.7 0.0 15 0.0
119.8 0.0 15 0.0
119.9 0.0 15 0.0
120.0 0.0 15 0.0
120.1 0.0 15 0.0
120.2 0.0 15 0.0
120.3 0.0 15 0.0
120.4 0.0 15 0.0
120.5 0.0 15 0.0
120.6 0.0 15 0.0
120.7 0.0 15 0.0
120.8 0.0 15 0.0
120.9 0.0 15 0.0
121.0 0.0 15 0.0
121.1 0.0 15 0.0
121.2 0.0 15 0.0
121.3 0.0 15 0.0
121.4 0.0 15 0.0
121.5 0.0 15 0.0
121.6 0.0 15 0.0
121.7 0.0 15 0.0
121.8 0.0 15 0.0
121.9 0.0 15 0.0
122.0 0.0 15 0.0
122.1 0.0 15 0.0
122.2 0.0 15 0.0
122.3 0.0 15 0.0
122.4 0.0 15 0.0
122.5 0.0 15 0.0
122.6 0.0 15 0.0
122.7 0.0 15 0.0
122.8 0.0 15 0.0
122.9 0.0 15 0.0
123.0 0.0 15 0.0
123.1 0.0 15 0.0
123.2 0.0 15 0.0
123.3 0.0 15 0.0
123.4 0.0 15 0.0
123.5 0.0 15 0.0
123.6 0.0 15 0.0
123.7 0.0 15 0.0
123.8 0.0 15 0.0
123.9 0.0 15 0.0
124.0 0.0 15 0.0
124.1 0.0 15 0.0
124.2 0.0 15 0.0
124.3 0.0 15 0.0
124.4 0.0 15 0.0
124.5 0.0 15 0.0
124.6 0.0 15 0.0
124.7 0.0 15 0.0
124.8 0.0 15 0.0
124.9 0.0 15 0.0
125.0 0.0 15 0.0
125.1 0.0 15 0.0
125.2 0.0 15 0.0
125.3 0.0 15 0.0
125.4 0.0 15 0.0
125.5 0.0 15 0.0
125.6 0.0 15 0.0
125.7 0.0 15 0.0
125.8 0.0 15 0.0
125.9 0.0 15 0.0
126.0 0.0 15 0.0
126.1 0.0 15 0.0
126.2 0.0 15 0.0
126.3 0.0 15 0.0
126.4 0.0 15 0.0
126.5 0.0 15 0.0
126.6 0.0 15 0.0
126.7 0.0 15 0.0
126.8 0.0 15 0.0
126.9 0.0 15 0.0
127.0 0.0 15 0.0
127.1 0.0 15 0.0
127.2 0.0 15 0.0
127.3 0.0 15 0.0
127.4 0.0 15 0.0
127.5 0.0 15 0.0
127.6 0.0 15 0.0
127.7 0.0 15 0.0
127.8 0.0 15 0.0
127.9 0.0 15 0.0
128.0 0.0 15 0.0
128.1 0.0 15 0.0
128.2 0.0 15 0.0
128.3 0.0 15 0.0
128.4 0.0 15 0.0
128.5 0.0 15 0.0
128.6 0.0 15 0.0
128.7 0.0 15 0.0
128.8 0.0 15 0.0
128.9 0.0 15 0.0
129.0 0.0 15 0.0
129.1 0.0 15 0.0
129.2 0.0 15 0.0
129.3 0.0 15 0.0
129.4 0.0 15 0.0
129.5 0.0 15 0.0
129.6 0.0 15 0.0
129.7 0.0 15 0.0
129.8 0.0 15 0.0
129.9 0.0 15 0.0
130.0 0.0 15 0.0
130.1 0.0 15 0.0
130.2 0.0 15 0.0
130.3 0.0 15 0.0
130.4 0.0 15 0.0
130.5 0.0 15 0.0
130.6 0.0 15 0.0
130.7 0.0 15 0.0
130.8 0.0 15 0.0
130.9 0.0 15 0.0
131.0 0.0 15 0.0
131.1 0.0 15 0.0
131.2 0.0 15 0.0
131.3 0.0 15 0.0
131.4 0.0 15 0.0
131.5 0.0 15 0.0
131.6 0.0 15 0.0
131.7 0.0 15 0.0
131.8 0.0 15 0.0
131.9 0.0 15 0.0
132.0 0.0 15 0.0
132.1 0.0 15 0.0
132.2 0.0 15 0.0
132.3 0.0 15 0.0
132.4 0.0 15 0.0
132.5 0.0 15 0.0
132.6 0.0 15 0.0
132.7 0.0 15 0.0
132.8 0.0 15 0.0
132.9 0.0 15 0.0
133.0 0.0 15 0.0
133.1 0.0 15 0.0
133.2 0.0 15 0.0
133.3 0.0 15 0.0
133.4 0.0 15 0.0
133.5 0.0 15 0.0
133.6 0.0 15 0.0
133.7 0.0 15 0.0
133.8 0.0 15 0.0
133.9 0.0 15 0.0
134.0 0.0 15 0.0
134.1 0.0 15 0.0
134.2 0.0 15 0.0
134.3 0.0 15 0.0
134.4 0.0 15 0.0
134.5 0.0 15 0.0
134.6 0.0 15 0.0
134.7 0.0 15 0.0
134.8 0.0 15 0.0
134.9 0.0 15 0.0
135.0 0.0 15 0.0
135.1 0.0 15 0.0
135.2 0.0 15 0.0
135.3 0.0 15 0.0
135.4 0.0 15 0.0
135.5 0.0 15 0.0
135.6 0.0 15 0.0
135.7 0.0 15 0.0
135.8 0.0 15 0.0
135.9 0.0 15 0.0
136.0 0.0 15 0.0
136.1 0.0 15 0.0
136.2 0.0 15 0.0
136.3 0.0 15 0.0
136.4 0.0 15 0.0
136.5 0.0 15 0.0
136.6 0.0 15 0.0
136.7 0.0 15 0.0
136.8 0.0 15 0.0
136.9 0.0 15 0.0
137.0 0.0 15 0.0
137.1 0.0 15 0.0
137.2 0.0 15 0.0
137.3 0.0 15 0.0
137.4 0.0 15 0.0
137.5 0.0 15 0.0
137.6 0.0 15 0.0
137.7 0.0 15 0.0
137.8 0.0 15 0.0
137.9 0.0 15 0.0
138.0 0.0 15 0.0
138.1 0.0 15 0.0
138.2 0.0 15 0.0
138.3 0.0 15 0.0
138.4 0.0 15 0.0
138.5 0.0 15 0.0
138.6 0.0 15 0.0
138.7 0.0 15 0.0
138.8 0.0 15 0.0
138.9 0.0 15 0.0
139.0 0.0 15 0.0
139.1 0.0 15 0.0
139.2 0.0 15 0.0
139.3 0.0 15 0.0
139.4 0.0 15 0.0
139.5 0.0 15 0.0
139.6 0.0 15 0.0
139.7 0.0 15 0.0
139.8 0.0 15 0.0
139.9 0.0 15 0.0
140.0 0.0 15 0.0
140.1 0.0 15 0.0
140.2 0.0 15 0.0
140.3 0.0 15 0.0
140.4 0.0 15 0.0
140.5 0.0 15 0.0
140.6 0.0 15 0.0
140.7 0.0 15 0.0
140.8 0.0 15 0.0
140.9 0.0 15 0.0
141.0 0.0 15 0.0
141.1 0.0 15 0.0
141.2 0.0 15 0.0
141.3 0.0 15 0.0
141.4 0.0 15 0.0
141.5 0.0 15 0.0
141.6 0.0 15 0.0
141.7 0.0 15 0.0
141.8 0.0 15 0.0
141.9 0.0 15 0.0
142.0 0.0 15 0.0
142.1 0.0 15 0.0
142.2 0.0 15 0.0
142.3 0.0 15 0.0
142.4 0.0 15 0.0
142.5 0.0 15 0.0
142.6 0.0 15 0.0
142.7 0.0 15 0.0
142.8 0.0 15 0.0
142.9 0.0 15 0.0
143.0 0.0 15 0.0
143.1 0.0 15 0.0
143.2 0.0 15 0.0
143.3 0.0 15 0.0
143.4 0.0 15 0.0
143.5 0.0 15 0.0
143.6 0.0 15 0.0
143.7 0.0 15 0.0
143.8 0.0 15 0.0
143.9 0.0 15 0.0
144.0 0.0 15 0.0
144.1 0.0 15 0.0
144.2 0.0 15 0.0
144.3 0.0 15 0.0
144.4 0.0 15 0.0
144.5 0.0 15 0.0
144.6 0.0 15 0.0
144.7 0.0 15 0.0
144.8 0.0 15 0.0
144.9 0.0 15 0.0
145.0 0.0 15 0.0
145.1 0.0 15 0.0
145.2 0.0 15 0.0
145.3 0.0 15 0.0
145.4 0.0 15 0.0
145.5 0.0 15 0.0
145.6 0.0 15 0.0
145.7 0.0 15 0.0
145.8 0.0 15 0.0
145.9 0.0 15 0.0
146.0 0.0 15 0.0
146.1 0.0 15 0.0
146.2 0.0 15 0.0
146.3 0.0 15 0.0
146.4 0.0 15 0.0
146.5 0.0 15 0.0
146.6 0.0 15 0.0
146.7 0.0 15 0.0
146.8 0.0 15 0.0
146.9 0.0 15 0.0
147.0 0.0 15 0.0
147.1 0.0 15 0.0
147.2 0.0 15 0.0
147.3 0.0 15 0.0
147.4 0.0 15 0.0
147.5 0.0 15 0.0
147.6 0.0 15 0.0
147.7 0.0 15 0.0
147.8 0.0 15 0.0
147.9 0.0 15 0.0
148.0 0.0 15 0.0
148.1 0.0 15 0.0
148.2 0.0 15 0.0
148.3 0.0 15 0.0
148.4 0.0 15 0.0
148.5 0.0 15 0.0
148.6 0.0 15 0.0
148.7 0.0 15 0.0
148.8 0.0 15 0.0
148.9 0.0 15 0.0
149.0 0.0 15 0.0
149.1 0.0 15 0.0
149.2 0.0 15 0.0
149.3 0.0 15 0.0
149.4 0.0 15 0.0
149.5 0.0 15 0.0
149.6 0.0 15 0.0
149.7 0.0 15 0.0
149.8 0.0 15 0.0
149.9 0.0 15 0.0
150.0 0.0 15 0.0
150.1 0.0 15 0.0
150.2 0.0 15 0.0
150.3 0.0 15 0.0
150.4 0.0 15 0.0
150.5 0.0 15 0.0
150.6 0.0 15 0.0
150.7 0.0 15 0.0
150.8 0.0 15 0.0
150.9 0.0 15 0.0
151.0 0.0 15 0.0
151.1 0.0 15 0.0
151.2 0.0 15 0.0
151.3 0.0 15 0.0
151.4 0.0 15 0.0
151.5 0.0 15 0.0
151.6 0.0 15 0.0
151.7 0.0 15 0.0
151.8 0.0 15 0.0
151.9 0.0 15 0.0
152.0 0.0 15 0.0
152.1 0.0 15 0.0
152.2 0.0 15 0.0
152.3 0.0 15 0.0
152.4 0.0 15 0.0
152.5 0.0 15 0.0
152.6 0.0 15 0.0
152.7 0.0 15 0.0
152.8 0.0 15 0.0
152.9 0.0 15 0.0
153.0 0.0 15 0.0
153.1 0.0 15 0.0
153.2 0.0 15 0.0
153.3 0.0 15 0.0
153.4 0.0 15 0.0
153.5 0.0 15 0.0
153.6 0.0 15 0.0
153.7 0.0 15 0.0
153.8 0.0 15 0.0
153.9 0.0 15 0.0
154.0 0.0 15 0.0
154.1 0.0 15 0.0
154.2 0.0 15 0.0
154.3 0.0 15 0.0
154.4 0.0 15 0.0
154.5 0.0 15 0.0
154.6 0.0 15 0.0
154.7 0.0 15 0.0
154.8 0.0 15 0.0
154.9 0.0 15 0.0
155.0 0.0 15 0.0
155.1 0.0 15 0.0
155.2 0.0 15 0.0
155.3 0.0 15 0.0
155.4 0.0 15 0.0
155.5 0.0 15 0.0
155.6 0.0 15 0.0
155.7 0.0 15 0.0
155.8 0.0 15 0.0
155.9 0.0 15 0.0
156.0 0.0 15 0.0
156.1 0.0 15 0.0
156.2 0.0 15 0.0
156.3 0.0 15 0.0
156.4 0.0 15 0.0
156.5 0.0 15 0.0
156.6 0.0 15 0.0
156.7 0.0 15 0.0
156.8 0.0 15 0.0
156.9 0.0 15 0.0
157.0 0.0 15 0.0
157.1 0.0 15 0.0
157.2 0.0 15 0.0
157.3 0.0 15 0.0
157.4 0.0 15 0.0
157.5 0.0 15 0.0
157.6 0.0 15 0.0
157.7 0.0 15 0.0
157.8 0.0 15 0.0
157.9 0.0 15 0.0
158.0 0.0 15 0.0
158.1 0.0 15 0.0
158.2 0.0 15 0.0
158.3 0.0 15 0.0
158.4 0.0 15 0.0
158.5 0.0 15 0.0
158.6 0.0 15 0.0
158.7 0.0 15 0.0
158.8 0.0 15 0.0
158.9 0.0 15 0.0
159.0 0.0 15 0.0
159.1 0.0 15 0.0
159.2 0.0 15 0.0
159.3 0.0 15 0.0
159.4 0.0 15 0.0
159.5 0.0 15 0.0
159.6 0.0 15 0.0
159.7 0.0 15 0.0
159.8 0.0 15 0.0
159.9 0.0 15 0.0
160.0 0.0 15 0.0
160.1 0.0 15 0.0
160.2 0.0 15 0.0
160.3 0.0 15 0.0
160.4 0.0 15 0.0
160.5 0.0 15 0.0
160.6 0.0 15 0.0
160.7 0.0 15 0.0
160.8 0.0 15 0.0
160.9 0.0 15 0.0
161.0 0.0 15 0.0
161.1 0.0 15 0.0
161.2 0.0 15 0.0
161.3 0.0 15 0.0
161.4 0.0 15 0.0
161.5 0.0 15 0.0
161.6 0.0 15 0.0
161.7 0.0 15 0.0
161.8 0.0 15 0.0
161.9 0.0 15 0.0
162.0 0.0 15 0.0
162.1 0.0 15 0.0
162.2 0.0 15 0.0
162.3 0.0 15 0.0
162.4 0.0 15 0.0
162.5 0.0 15 0.0
162.6 0.0 15 0.0
162.7 0.0 15 0.0
162.8 0.0 15 0.0
162.9 0.0 15 0.0
163.0 0.0 15 0.0
163.1 0.0 15 0.0
163.2 0.0 15 0.0
163.3 0.0 15 0.0
163.4 0.0 15 0.0
163.5 0.0 15 0.0
163.6 0.0 15 0.0
163.7 0.0 15 0.0
163.8 0.0 15 0.0
163.9 0.0 15 0.0
164.0 0.0 15 0.0
164.1 0.0 15 0.0
164.2 0.0 15 0.0
164.3 0.0 15 0.0
164.4 0.0 15 0.0
164.5 0.0 15 0.0
164.6 0.0 15 0.0
164.7 0.0 15 0.0
164.8 0.0 15 0.0
164.9 0.0 15 0.0
165.0 0.0 15 0.0
165.1 0.0 15 0.0
165.2 0.0 15 0.0
165.3 0.0 15 0.0
165.4 0.0 15 0.0
165.5 0.0 15 0.0
165.6 0.0 15 0.0
165.7 0.0 15 0.0
165.8 0.0 15 0.0
165.9 0.0 15 0.0
166.0 0.0 15 0.0
166.1 0.0 15 0.0
166.2 0.0 15 0.0
166.3 0.0 15 0.0
166.4 0.0 15 0.0
166.5 0.0 15 0.0
166.6 0.0 15 0.0
166.7 0.0 15 0.0
166.8 0.0 15 0.0
166.9 0.0 15 0.0
167.0 0.0 15 0.0
167.1 0.0 15 0.0
167.2 0.0 15 0.0
167.3 0.0 15 0.0
167.4 0.0 15 0.0
167.5 0.0 15 0.0
167.6 0.0 15 0.0
167.7 0.0 15 0.0
167.8 0.0 15 0.0
167.9 0.0 15 0.0
168.0 0.0 15 0.0
168.1 0.0 15 0.0
168.2 0.0 15 0.0
168.3 0.0 15 0.0
168.4 0.0 15 0.0
168.5 0.0 15 0.0
168.6 0.0 15 0.0
168.7 0.0 15 0.0
168.8 0.0 15 0.0
168.9 0.0 15 0.0
169.0 0.0 15 0.0
169.1 0.0 15 0.0
169.2 0.0 15 0.0
169.3 0.0 15 0.0
169.4 0.0 15 0.0
169.5 0.0 15 0.0
169.6 0.0 15 0.0
169.7 0.0 15 0.0
169.8 0.0 15 0.0
169.9 0.0 15 0.0
170.0 0.0 15 0.0
170.1 0.0 15 0.0
170.2 0.0 15 0.0
170.3 0.0 15 0.0
170.4 0.0 15 0.0
170.5 0.0 15 0.0
170.6 0.0 15 0.0
170.7 0.0 15 0.0
170.8 0.0 15 0.0
170.9 0.0 15 0.0
171.0 0.0 15 0.0
171.1 0.0 15 0.0
171.2 0.0 15 0.0
171.3 0.0 15 0.0
171.4 0.0 15 0.0
171.5 0.0 15 0.0
171.6 0.0 15 0.0
171.7 0.0 15 0.0
171.8 0.0 15 0.0
171.9 0.0 15 0.0
172.0 0.0 15 0.0
172.1 0.0 15 0.0
172.2 0.0 15 0.0
172.3 0.0 15 0.0
172.4 0.0 15 0.0
172.5 0.0 15 0.0
172.6 0.0 15 0.0
172.7 0.0 15 0.0
172.8 0.0 15 0.0
172.9 0.0 15 0.0
173.0 0.0 15 0.0
173.1 0.0 15 0.0
173.2 0.0 15 0.0
173.3 0.0 15 0.0
173.4 0.0 15 0.0
173.5 0.0 15 0.0
173.6 0.0 15 0.0
173.7 0.0 15 0.0
173.8 0.0 15 0.0
173.9 0.0 15 0.0
174.0 0.0 15 0.0
174.1 0.0 15 0.0
174.2 0.0 15 0.0
174.3 0.0 15 0.0
174.4 0.0 15 0.0
174.5 0.0 15 0.0
174.6 0.0 15 0.0
174.7 0.0 15 0.0
174.8 0.0 15 0.0
174.9 0.0 15 0.0
175.0 0.0 15 0.0
175.1 0.0 15 0.0
175.2 0.0 15 0.0
175.3 0.0 15 0.0
175.4 0.0 15 0.0
175.5 0.0 15 0.0
175.6 0.0 15 0.0
175.7 0.0 15 0.0
175.8 0.0 15 0.0
175.9 0.0 15 0.0
176.0 0.0 15 0.0
176.1 0.0 15 0.0
176.2 0.0 15 0.0
176.3 0.0 15 0.0
176.4 0.0 15 0.0
176.5 0.0 15 0.0
176.6 0.0 15 0.0
176.7 0.0 15 0.0
176.8 0.0 15 0.0
176.9 0.0 15 0.0
177.0 0.0 15 0.0
177.1 0.0 15 0.0
177.2 0.0 15 0.0
177.3 0.0 15 0.0
177.4 0.0 15 0.0
177.5 0.0 15 0.0
177.6 0.0 15 0.0
177.7 0.0 15 0.0
177.8 0.0 15 0.0
177.9 0.0 15 0.0
178.0 0.0 15 0.0
178.1 0.0 15 0.0
178.2 0.0 15 0.0
178.3 0.0 15 0.0
178.4 0.0 15 0.0
178.5 0.0 15 0.0
178.6 0.0 15 0.0
178.7 0.0 15 0.0
178.8 0.0 15 0.0
178.9 0.0 15 0.0
179.0 0.0 15 0.0
179.1 0.0 15 0.0
179.2 0.0 15 0.0
179.3 0.0 15 0.0
179.4 0.0 15 0.0
179.5 0.0 15 0.0
179.6 0.0 15 0.0
179.7 0.0 15 0.0
179.8 0.0 15 0.0
179.9 0.0 15 0.0
180.0 0.0 15 0.0
180.1 0.0 15 0.0
180.2 0.0 15 0.0
180.3 0.0 15 0.0
180.4 0.0 15 0.0
180.5 0.0 15 0.0
180.6 0.0 15 0.0
180.7 0.0 15 0.0
180.8 0.0 15 0.0
180.9 0.0 15 0.0
181.0 0.0 15 0.0
181.1 0.0 15 0.0
181.2 0.0 15 0.0
181.3 0.0 15 0.0
181.4 0.0 15 0.0
181.5 0.0 15 0.0
181.6 0.0 15 0.0
181.7 0.0 15 0.0
181.8 0.0 15 0.0
181.9 0.0 15 0.0
182.0 0.0 15 0.0
182.1 0.0 15 0.0
182.2 0.0 15 0.0
182.3 0.0 15 0.0
182.4 0.0 15 0.0
182.5 0.0 15 0.0
182.6 0.0 15 0.0
182.7 0.0 15 0.0
182.8 0.0 15 0.0
182.9 0.0 15 0.0
183.0 0.0 15 0.0
183.1 0.0 15 0.0
183.2 0.0 15 0.0
183.3 0.0 15 0.0
183.4 0.0 15 0.0
183.5 0.0 15 0.0
183.6 0.0 15 0.0
183.7 0.0 15 0.0
183.8 0.0 15 0.0
183.9 0.0 15 0.0
184.0 0.0 15 0.0
184.1 0.0 15 0.0
184.2 0.0 15 0.0
184.3 0.0 15 0.0
184.4 0.0 15 0.0
184.5 0.0 15 0.0
184.6 0.0 15 0.0
184.7 0.0 15 0.0
184.8 0.0 15 0.0
184.9 0.0 15 0.0
185.0 0.0 15 0.0
185.1 0.0 15 0.0
185.2 0.0 15 0.0
185.3 0.0 15 0.0
185.4 0.0 15 0.0
185.5 0.0 15 0.0
185.6 0.0 15 0.0
185.7 0.0 15 0.0
185.8 0.0 15 0.0
185.9 0.0 15 0.0
186.0 0.0 15 0.0
186.1 0.0 15 0.0
186.2 0.0 15 0.0
186.3 0.0 15 0.0
186.4 0.0 15 0.0
186.5 0.0 15 0.0
186.6 0.0 15 0.0
186.7 0.0 15 0.0
186.8 0.0 15 0.0
186.9 0.0 15 0.0
187.0 0.0 15 0.0
187.1 0.0 15 0.0
187.2 0.0 15 0.0
187.3 0.0 15 0.0
187.4 0.0 15 0.0
187.5 0.0 15 0.0
187.6 0.0 15 0.0
187.7 0.0 15 0.0
187.8 0.0 15 0.0
187.9 0.0 15 0.0
188.0 0.0 15 0.0
188.1 0.0 15 0.0
188.2 0.0 15 0.0
188.3 0.0 15 0.0
188.4 0.0 15 0.0
188.5 0.0 15 0.0
188.6 0.0 15 0.0
188.7 0.0 15 0.0
188.8 0.0 15 0.0
188.9 0.0 15 0.0
189.0 0.0 15 0.0
189.1 0.0 15 0.0
189.2 0.0 15 0.0
189.3 0.0 15 0.0
189.4 0.0 15 0.0
189.5 0.0 15 0.0
189.6 0.0 15 0.0
189.7 0.0 15 0.0
189.8 0.0 15 0.0
189.9 0.0 15 0.0
190.0 0.0 15 0.0
190.1 0.0 15 0.0
190.2 0.0 15 0.0
190.3 0.0 15 0.0
190.4 0.0 15 0.0
190.5 0.0 15 0.0
190.6 0.0 15 0.0
190.7 0.0 15 0.0
190.8 0.0 15 0.0
190.9 0.0 15 0.0
191.0 0.0 15 0.0
191.1 0.0 15 0.0
191.2 0.0 15 0.0
191.3 0.0 15 0.0
191.4 0.0 15 0.0
191.5 0.0 15 0.0
191.6 0.0 15 0.0
191.7 0.0 15 0.0
191.8 0.0 15 0.0
191.9 0.0 15 0.0
192.0 0.0 15 0.0
192.1 0.0 15 0.0
192.2 0.0 15 0.0
192.3 0.0 15 0.0
192.4 0.0 15 0.0
192.5 0.0 15 0.0
192.6 0.0 15 0.0
192.7 0.0 15 0.0
192.8 0.0 15 0.0
192.9 0.0 15 0.0
193.0 0.0 15 0.0
193.1 0.0 15 0.0
193.2 0.0 15 0.0
193.3 0.0 15 0.0
193.4 0.0 15 0.0
193.5 0.0 15 0.0
193.6 0.0 15 0.0
193.7 0.0 15 0.0
193.8 0.0 15 0.0
193.9 0.0 15 0.0
194.0 0.0 15 0.0
194.1 0.0 15 0.0
194.2 0.0 15 0.0
194.3 0.0 15 0.0
194.4 0.0 15 0.0
194.5 0.0 15 0.0
194.6 0.0 15 0.0
194.7 0.0 15 0.0
194.8 0.0 15 0.0
194.9 0.0 15 0.0
195.0 0.0 15 0.0
195.1 0.0 15 0.0
195.2 0.0 15 0.0
195.3 0.0 15 0.0
195.4 0.0 15 0.0
195.5 0.0 15 0.0
195.6 0.0 15 0.0
195.7 0.0 15 0.0
195.8 0.0 15 0.0
195.9 0.0 15 0.0
196.0 0.0 15 0.0
196.1 0.0 15 0.0
196.2 0.0 15 0.0
196.3 0.0 15 0.0
196.4 0.0 15 0.0
196.4 0.0 15 0.0
196.5 0.0 15 0.0
196.6 0.0 15 0.0
196.7 0.0 15 0.0
196.8 0.0 15 0.0
196.9 0.0 15 0.0
197.0 0.0 15 0.0
197.1 0.0 15 0.0
197.2 0.0 15 0.0
197.3 0.0 15 0.0
197.4 0.0 15 0.0
197.5 0.0 15 0.0
197.6 0.0 15 0.0
197.7 0.0 15 0.0
197.8 0.0 15 0.0
197.9 0.0 15 0.0
198.0 0.0 15 0.0
198.1 0.0 15 0.0
198.2 0.0 15 0.0
198.3 0.0 15 0.0
198.4 0.0 15 0.0
198.5 0.0 15 0.0
198.6 0.0 15 0.0
198.7 0.0 15 0.0
198.8 0.0 15 0.0
198.9 0.0 15 0.0
199.0 0.0 15 0.0
199.1 0.0 15 0.0
199.2 0.0 15 0.0
199.3 0.0 15 0.0
199.4 0.0 15 0.0
199.5 0.0 15 0.0
199.6 0.0 15 0.0
199.7 0.0 15 0.0
199.8 0.0 15 0.0
199.9 0.0 15 0.0
200.0 0.0 15 0.0
200.1 0.0 15 0.0
200.2 0.0 15 0.0
200.3 0.0 15 0.0
200.4 0.0 15 0.0
200.5 0.0 15 0.0
200.6 0.0 15 0.0
200.7 0.0 15 0.0
200.8 0.0 15 0.0
200.9 0.0 15 0.0
201.0 0.0 15 0.0
201.1 0.0 15 0.0
201.2 0.0 15 0.0
201.3 0.0 15 0.0
201.4 0.0 15 0.0
201.5 0.0 15 0.0
201.6 0.0 15 0.0
201.7 0.0 15 0.0
201.8 0.0 15 0.0
201.9 0.0 15 0.0
202.0 0.0 15 0.0
202.1 0.0 15 0.0
202.2 0.0 15 0.0
202.3 0.0 15 0.0
202.4 0.0 15 0.0
202.5 0.0 15 0.0
202.6 0.0 15 0.0
202.7 0.0 15 0.0
202.8 0.0 15 0.0
202.9 0.0 15 0.0
203.0 0.0 15 0.0
203.1 0.0 15 0.0
203.2 0.0 15 0.0
203.3 0.0 15 0.0
203.4 0.0 15 0.0
203.5 0.0 15 0.0
203.6 0.0 15 0.0
203.7 0.0 15 0.0
203.8 0.0 15 0.0
203.9 0.0 15 0.0
204.0 0.0 15 0.0
204.1 0.0 15 0.0
204.2 0.0 15 0.0
204.3 0.0 15 0.0
204.4 0.0 15 0.0
204.5 0.0 15 0.0
204.6 0.0 15 0.0
204.7 0.0 15 0.0
204.8 0.0 15 0.0
204.9 0.0 15 0.0
205.0 0.0 15 0.0
205.1 0.0 15 0.0
205.2 0.0 15 0.0
205.3 0.0 15 0.0
205.4 0.0 15 0.0
205.5 0.0 15 0.0
205.6 0.0 15 0.0
205.7 0.0 15 0.0
205.8 0.0 15 0.0
205.9 0.0 15 0.0
206.0 0.0 15 0.0
206.1 0.0 15 0.0
206.2 0.0 15 0.0
206.3 0.0 15 0.0
206.4 0.0 15 0.0
206.5 0.0 15 0.0
206.6 0.0 15 0.0
206.7 0.0 15 0.0
206.8 0.0 15 0.0
206.9 0.0 15 0.0
207.0 0.0 15 0.0
207.1 0.0 15 0.0
207.2 0.0 15 0.0
207.3 0.0 15 0.0
207.4 0.0 15 0.0
207.5 0.0 15 0.0
207.6 0.0 15 0.0
207.7 0.0 15 0.0
207.8 0.0 15 0.0
207.9 0.0 15 0.0
208.0 0.0 15 0.0
208.1 0.0 15 0.0
208.2 0.0 15 0.0
208.3 0.0 15 0.0
208.4 0.0 15 0.0
208.5 0.0 15 0.0
208.6 0.0 15 0.0
208.7 0.0 15 0.0
208.8 0.0 15 0.0
208.9 0.0 15 0.0
209.0 0.0 15 0.0
209.1 0.0 15 0.0
209.2 0.0 15 0.0
209.3 0.0 15 0.0
209.4 0.0 15 0.0
209.5 0.0 15 0.0
209.6 0.0 15 0.0
209.7 0.0 15 0.0
209.8 0.0 15 0.0
209.9 0.0 15 0.0
210.0 0.0 15 0.0
210.1 0.0 15 0.0
210.2 0.0 15 0.0
210.3 0.0 15 0.0
210.4 0.0 15 0.0
210.5 0.0 15 0.0
210.6 0.0 15 0.0
210.7 0.0 15 0.0
210.8 0.0 15 0.0
210.9 0.0 15 0.0
211.0 0.0 15 0.0
211.1 0.0 15 0.0
211.2 0.0 15 0.0
211.3 0.0 15 0.0
211.4 0.0 15 0.0
211.5 0.0 15 0.0
211.6 0.0 15 0.0
211.7 0.0 15 0.0
211.8 0.0 15 0.0
211.9 0.0 15 0.0
212.0 0.0 15 0.0
212.1 0.0 15 0.0
212.2 0.0 15 0.0
212.3 0.0 15 0.0
212.4 0.0 15 0.0
212.5 0.0 15 0.0
212.6 0.0 15 0.0
212.7 0.0 15 0.0
212.8 0.0 15 0.0
212.9 0.0 15 0.0
213.0 0.0 15 0.0
213.1 0.0 15 0.0
213.2 0.0 15 0.0
213.3 0.0 15 0.0
213.4 0.0 15 0.0
213.5 0.0 15 0.0
213.6 0.0 15 0.0
213.7 0.0 15 0.0
213.8 0.0 15 0.0
213.9 0.0 15 0.0
214.0 0.0 15 0.0
214.1 0.0 15 0.0
214.2 0.0 15 0.0
214.3 0.0 15 0.0
214.4 0.0 15 0.0
214.5 0.0 15 0.0
214.6 0.0 15 0.0
214.7 0.0 15 0.0
214.8 0.0 15 0.0
214.9 0.0 15 0.0
215.0 0.0 15 0.0
215.1 0.0 15 0.0
215.2 0.0 15 0.0
215.3 0.0 15 0.0
215.4 0.0 15 0.0
215.5 0.0 15 0.0
215.6 0.0 15 0.0
215.7 0.0 15 0.0
215.8 0.0 15 0.0
215.9 0.0 15 0.0
216.0 0.0 15 0.0
216.1 0.0 15 0.0
216.2 0.0 15 0.0
216.3 0.0 15 0.0
216.4 0.0 15 0.0
216.5 0.0 15 0.0
216.6 0.0 15 0.0
216.7 0.0 15 0.0
216.8 0.0 15 0.0
216.9 0.0 15 0.0
217.0 0.0 15 0.0
217.1 0.0 15 0.0
217.2 0.0 15 0.0
217.3 0.0 15 0.0
217.4 0.0 15 0.0
217.5 0.0 15 0.0
217.6 0.0 15 0.0
217.7 0.0 15 0.0
217.8 0.0 15 0.0
217.9 0.0 15 0.0
218.0 0.0 15 0.0
218.1 0.0 15 0.0
218.2 0.0 15 0.0
218.3 0.0 15 0.0
218.4 0.0 15 0.0
218.5 0.0 15 0.0
218.6 0.0 15 0.0
218.7 0.0 15 0.0
218.8 0.0 15 0.0
218.9 0.0 15 0.0
219.0 0.0 15 0.0
219.1 0.0 15 0.0
219.2 0.0 15 0.0
219.3 0.0 15 0.0
219.4 0.0 15 0.0
219.5 0.0 15 0.0
219.6 0.0 15 0.0
219.7 0.0 15 0.0
219.8 0.0 15 0.0
219.9 0.0 15 0.0
220.0 0.0 15 0.0
220.1 0.0 15 0.0
220.2 0.0 15 0.0
220.3 0.0 15 0.0
220.4 0.0 15 0.0
220.5 0.0 15 0.0
220.6 0.0 15 0.0
220.7 0.0 15 0.0
220.8 0.0 15 0.0
220.9 0.0 15 0.0
221.0 0.0 15 0.0
221.1 0.0 15 0.0
221.2 0.0 15 0.0
221.3 0.0 15 0.0
221.4 0.0 15 0.0
221.5 0.0 15 0.0
221.6 0.0 15 0.0
221.7 0.0 15 0.0
221.8 0.0 15 0.0
221.9 0.0 15 0.0
222.0 0.0 15 0.0
222.1 0.0 15 0.0
222.2 0.0 15 0.0
222.3 0.0 15 0.0
222.4 0.0 15 0.0
222.5 0.0 15 0.0
222.6 0.0 15 0.0
222.7 0.0 15 0.0
222.8 0.0 15 0.0
222.9 0.0 15 0.0
223.0 0.0 15 0.0
223.1 0.0 15 0.0
223.2 0.0 15 0.0
223.3 0.0 15 0.0
223.4 0.0 15 0.0
223.5 0.0 15 0.0
223.6 0.0 15 0.0
223.7 0.0 15 0.0
223.8 0.0 15 0.0
223.9 0.0 15 0.0
224.0 0.0 15 0.0
224.1 0.0 15 0.0
224.2 0.0 15 0.0
224.3 0.0 15 0.0
224.4 0.0 15 0.0
224.5 0.0 15 0.0
224.6 0.0 15 0.0
224.7 0.0 15 0.0
224.8 0.0 15 0.0
224.9 0.0 15 0.0
225.0 0.0 15 0.0
225.1 0.0 15 0.0
225.2 0.0 15 0.0
225.3 0.0 15 0.0
225.4 0.0 15 0.0
225.5 0.0 15 0.0
225.6 0.0 15 0.0
225.7 0.0 15 0.0
225.8 0.0 15 0.0
225.9 0.0 15 0.0
226.0 0.0 15 0.0
226.1 0.0 15 0.0
226.2 0.0 15 0.0
226.3 0.0 15 0.0
226.4 0.0 15 0.0
226.5 0.0 15 0.0
226.6 0.0 15 0.0
226.7 0.0 15 0.0
226.8 0.0 15 0.0
226.9 0.0 15 0.0
227.0 0.0 15 0.0
227.1 0.0 15 0.0
227.2 0.0 15 0.0
227.3 154.1246 14 1.0
227.4 154.1969 14 1.0
227.5 154.2692 14 1.0
227.6 154.3415 14 1.0
227.7 154.4138 14 1.0
227.8 154.4861 14 1.0
227.9 154.5585 14 1.0
228.0 154.6308 14 1.0
228.1 154.7031 14 1.0
228.2 154.7754 14 1.0
228.3 154.8477 14 1.0
228.4 154.92 14 1.0
228.5 154.9923 14 1.0
228.6 155.0646 14 1.0
228.7 155.1369 14 1.0
228.8 155.2092 14 1.0
228.9 155.2815 14 1.0
229.0 155.3538 14 1.0
229.1 155.4261 14 1.0
229.2 155.4984 14 1.0
229.3 155.5707 14 1.0
229.4 155.643 14 1.0
229.5 155.7153 14 1.0
229.6 155.7876 14 1.0
229.7 155.8599 14 1.0
229.8 155.9322 14 1.0
229.9 156.0045 14 1.0
230.0 156.0768 14 1.0
230.1 156.1492 14 1.0
230.2 156.2215 14 1.0
230.3 156.2938 14 1.0
230.4 156.3661 14 1.0
230.5 156.4384 14 1.0
230.6 156.5107 14 1.0
230.7 156.583 14 1.0
230.8 156.6553 14 1.0
230.9 156.7276 14 1.0
231.0 156.7999 14 1.0
231.1 156.8722 14 1.0
231.2 156.9445 14 1.0
231.3 157.0168 14 1.0
231.4 157.0891 14 1.0
231.5 157.1614 14 1.0
231.6 157.2337 14 1.0
231.7 157.306 14 1.0
231.8 157.3783 14 1.0
231.9 157.4506 14 1.0
232.0 157.5229 14 1.0
232.1 157.5952 14 1.0
232.2 157.6675 14 1.0
232.3 157.7399 14 1.0
232.4 157.8122 14 1.0
232.5 157.8845 14 1.0
232.6 157.9568 14 1.0
232.7 158.0291 14 1.0
232.8 158.1014 14 1.0
232.9 158.1737 14 1.0
233.0 158.246 14 1.0
233.1 158.3183 14 1.0
233.2 158.3906 14 1.0
233.3 158.4629 14 1.0
233.4 158.5352 14 1.0
233.5 158.6075 14 1.0
233.6 158.6798 14 1.0
233.7 158.7521 14 1.0
233.8 158.8244 14 1.0
233.9 158.8967 14 1.0
234.0 158.969 14 1.0
234.1 159.0413 14 1.0
234.2 159.1136 14 1.0
234.3 159.1859 14 1.0
234.4 159.2582 14 1.0
234.5 159.3306 14 1.0
234.6 159.4029 14 1.0
234.7 159.4752 14 1.0
234.8 159.5475 14 1.0
234.9 159.6198 14 1.0
235.0 159.6921 14 1.0
235.1 159.7644 14 1.0
235.2 159.8367 14 1.0
235.3 159.909 14 1.0
235.4 159.9813 14 1.0
235.5 160.0536 14 1.0
235.6 160.1259 14 1.0
235.7 160.1982 14 1.0
235.8 160.2705 14 1.0
235.9 160.3428 14 1.0
236.0 160.4151 14 1.0
236.1 160.4874 14 1.0
236.2 160.5597 14 1.0
236.3 160.632 14 1.0
236.4 160.7043 14 1.0
236.5 160.7766 14 1.0
236.6 160.849 14 1.0
236.7 160.9213 14 1.0
236.8 160.9936 14 1.0
236.9 161.0659 14 1.0
237.0 161.1382 14 1.0
237.1 161.2105 14 1.0
237.2 161.2828 14 1.0
237.3 161.3551 14 1.0
237.4 161.4274 14 1.0
237.5 161.4997 14 1.0
237.6 161.572 14 1.0
237.7 161.6443 14 1.0
237.8 161.7166 14 1.0
237.9 161.7889 14 1.0
238.0 161.8612 14 1.0
238.1 161.9335 14 1.0
238.2 162.0058 14 1.0
238.3 162.0781 14 1.0
238.4 162.1504 14 1.0
238.5 162.2227 14 1.0
238.6 162.295 14 1.0
238.7 162.3673 14 1.0
238.8 162.4397 14 1.0
238.9 162.512 14 1.0
239.0 162.5843 14 1.0
239.1 162.6566 14 1.0
239.2 162.7289 14 1.0
239.3 162.8012 14 1.0
239.4 162.8735 14 1.0
239.5 162.9458 14 1.0
239.6 163.0181 14 1.0
239.7 163.0904 14 1.0
239.8 163.1627 14 1.0
239.9 163.235 14 1.0
240.0 163.3073 14 1.0
240.1 163.3796 14 1.0
240.2 163.4519 14 1.0
240.3 163.5242 14 1.0
240.4 163.5965 14 1.0
240.5 163.6688 14 1.0
240.6 163.7411 14 1.0
240.7 163.8134 14 1.0
240.8 163.8857 14 1.0
240.9 163.958 14 1.0
241.0 164.0304 14 1.0
241.1 164.1027 14 1.0
241.2 164.175 14 1.0
241.3 164.2473 14 1.0
241.4 164.3196 14 1.0
241.5 164.3919 14 1.0
241.6 164.4642 14 1.0
241.7 164.5365 14 1.0
241.8 164.6088 14 1.0
241.9 164.6811 14 1.0
242.0 164.7534 14 1.0
242.1 164.8257 14 1.0
242.2 164.898 14 1.0
242.3 164.9703 14 1.0
242.4 165.0426 14 1.0
242.5 165.1149 14 1.0
242.6 165.1872 14 1.0
242.7 165.2595 14 1.0
242.8 165.3318 14 1.0
242.9 165.4041 14 1.0
243.0 165.4764 14 1.0
243.1 165.5487 14 1.0
243.2 165.6211 14 1.0
243.3 165.6934 14 1.0
243.4 165.7657 14 1.0
243.5 165.838 14 1.0
243.6 165.9103 14 1.0
243.7 165.9826 14 1.0
243.8 166.0549 14 1.0
243.9 166.1272 14 1.0
244.0 166.1995 14 1.0
244.1 166.2718 14 1.0
244.2 166.3441 14 1.0
244.3 166.4164 14 1.0
244.4 166.4887 14 1.0
244.5 166.561 14 1.0
244.6 166.6333 14 1.0
244.7 166.7056 14 1.0
244.8 166.7779 14 1.0
244.9 166.8502 14 1.0
245.0 166.9225 14 1.0
245.1 166.9948 14 1.0
245.2 167.0671 14 1.0
245.3 167.1395 14 1.0
245.4 167.2118 14 1.0
245.5 167.2841 14 1.0
245.6 167.3564 14 1.0
245.7 167.4287 14 1.0
245.8 167.501 14 1.0
245.9 167.5733 14 1.0
246.0 167.6456 14 1.0
246.1 167.7179 14 1.0
246.2 167.7902 14 1.0
246.3 167.8625 14 1.0
246.4 167.9348 14 1.0
246.5 168.0071 14 1.0
246.6 168.0794 14 1.0
246.7 168.1517 14 1.0
246.8 168.224 14 1.0
246.9 168.2963 14 1.0
247.0 168.3686 14 1.0
247.1 168.4409 14 1.0
247.2 168.5132 14 1.0
247.3 168.5855 14 1.0
247.4 168.6578 14 1.0
247.5 168.7302 14 1.0
247.6 168.8025 14 1.0
247.7 168.8748 14 1.0
247.8 168.9471 14 1.0
247.9 169.0194 14 1.0
248.0 169.0917 14 1.0
248.1 169.164 14 1.0
248.2 169.2363 14 1.0
248.3 169.3086 14 1.0
248.4 169.3809 14 1.0
248.5 169.4532 14 1.0
248.6 169.5255 14 1.0
248.7 169.5978 14 1.0
248.8 169.6701 14 1.0
248.9 169.7424 14 1.0
249.0 169.8147 14 1.0
249.1 169.887 14 1.0
249.2 169.9593 14 1.0
249.3 170.0316 14 1.0
249.4 170.1039 14 1.0
249.5 170.1762 14 1.0
249.6 170.2485 14 1.0
249.7 170.3209 14 1.0
249.8 170.3932 14 1.0
249.9 170.4644 14 1.0
250.0 170.5356 14 1.0
250.1 170.6068 14 1.0
250.2 170.6781 14 1.0
250.3 170.7493 14 1.0
250.4 170.8205 14 1.0
250.5 170.8918 14 1.0
250.6 170.963 14 1.0
250.7 171.0342 14 1.0
250.8 171.1054 14 1.0
250.9 171.1767 14 1.0
251.0 171.2479 14 1.0
251.1 171.3191 14 1.0
251.2 171.3903 14 1.0
251.3 171.4616 14 1.0
251.4 171.5328 14 1.0
251.5 171.604 14 1.0
251.6 171.6753 14 1.0
251.7 171.7465 14 1.0
251.8 171.8177 14 1.0
251.9 171.8889 14 1.0
252.0 171.9602 14 1.0
252.1 172.0314 14 1.0
252.2 172.1026 14 1.0
252.3 172.1739 14 1.0
252.4 172.2451 14 1.0
252.5 172.3163 14 1.0
252.6 172.3875 14 1.0
252.7 172.4588 14 1.0
252.8 172.53 14 1.0
252.9 172.6012 14 1.0
253.0 172.6724 14 1.0
253.1 172.7437 14 1.0
253.2 172.8149 14 1.0
253.3 172.8861 14 1.0
253.4 172.9574 14 1.0
253.5 173.0286 14 1.0
253.6 173.0998 14 1.0
253.7 173.171 14 1.0
253.8 173.2423 14 1.0
253.9 173.3135 14 1.0
254.0 173.3847 14 1.0
254.1 173.456 14 1.0
254.2 173.5272 14 1.0
254.3 173.5984 14 1.0
254.4 173.6696 14 1.0
254.5 173.7409 14 1.0
254.6 173.8121 14 1.0
254.7 173.8833 14 1.0
254.8 173.9546 14 1.0
254.9 174.0258 14 1.0
255.0 174.097 14 1.0
255.1 174.1682 14 1.0
255.2 174.2395 14 1.0
255.3 174.3107 14 1.0
255.4 174.3819 14 1.0
255.5 174.4531 14 1.0
255.6 174.5244 14 1.0
255.7 174.5956 14 1.0
255.8 174.6668 14 1.0
255.9 174.7381 14 1.0
256.0 174.8093 14 1.0
256.1 174.8805 14 1.0
256.2 174.9517 14 1.0
256.3 175.023 14 1.0
256.4 175.0942 14 1.0
256.5 175.1654 14 1.0
256.6 175.2367 14 1.0
256.7 175.3079 14 1.0
256.8 175.3791 14 1.0
256.9 175.4503 14 1.0
257.0 175.5216 14 1.0
257.1 175.5928 14 1.0
257.2 175.664 14 1.0
257.3 175.7352 14 1.0
257.4 175.8065 14 1.0
257.5 175.8777 14 1.0
257.6 175.9489 14 1.0
257.7 176.0202 14 1.0
257.8 176.0914 14 1.0
257.9 176.1626 14 1.0
258.0 176.2338 14 1.0
258.1 176.3051 14 1.0
258.2 176.3763 14 1.0
258.3 176.4475 14 1.0
258.4 176.5188 14 1.0
258.5 176.59 14 1.0
258.6 176.6612 14 1.0
258.7 176.7324 14 1.0
258.8 176.8037 14 1.0
258.9 176.8749 14 1.0
259.0 176.9461 14 1.0
259.1 177.0174 14 1.0
259.2 177.0886 14 1.0
259.3 177.1598 14 1.0
259.4 177.231 14 1.0
259.5 177.3023 14 1.0
259.6 177.3735 14 1.0
259.7 177.4447 14 1.0
259.8 177.5159 14 1.0
259.9 177.5872 14 1.0
260.0 177.6584 14 1.0
260.1 177.7296 14 1.0
260.2 177.8009 14 1.0
260.3 177.8721 14 1.0
260.4 177.9433 14 1.0
260.5 178.0145 14 1.0
260.6 178.0858 14 1.0
260.7 178.157 14 1.0
260.8 178.2282 14 1.0
260.9 178.2995 14 1.0
261.0 178.3707 14 1.0
261.1 178.4419 14 1.0
261.2 178.5131 14 1.0
261.3 178.5844 14 1.0
261.4 178.6556 14 1.0
261.5 178.7268 14 1.0
261.6 178.798 14 1.0
261.7 178.8693 14 1.0
261.8 178.9405 14 1.0
261.9 179.0117 14 1.0
262.0 179.083 14 1.0
262.1 179.1542 14 1.0
262.2 179.2254 14 1.0
262.3 179.2966 14 1.0
262.4 179.3679 14 1.0
262.5 179.4391 14 1.0
262.6 179.5103 14 1.0
262.7 179.5816 14 1.0
262.8 179.6528 14 1.0
262.9 179.724 14 1.0
263.0 179.7952 14 1.0
263.1 179.8665 14 1.0
263.2 179.9377 14 1.0
263.3 180.0089 14 1.0
263.4 180.0802 14 1.0
263.5 180.1514 14 1.0
263.6 180.2226 14 1.0
263.7 180.2938 14 1.0
263.8 180.3651 14 1.0
263.9 180.4363 14 1.0
264.0 180.5075 14 1.0
264.1 180.5787 14 1.0
264.2 180.65 14 1.0
264.3 180.7212 14 1.0
264.4 180.7924 14 1.0
264.5 180.8637 14 1.0
264.6 180.9349 14 1.0
264.7 181.0061 14 1.0
264.8 181.0773 14 1.0
264.9 181.1486 14 1.0
265.0 181.2198 14 1.0
265.1 181.291 14 1.0
265.2 181.3623 14 1.0
265.3 181.4335 14 1.0
265.4 181.5047 14 1.0
265.5 181.5759 14 1.0
265.6 181.6472 14 1.0
265.7 181.7184 14 1.0
265.8 181.7896 14 1.0
265.9 181.8608 14 1.0
266.0 181.9321 14 1.0
266.1 182.0033 14 1.0
266.2 182.0745 14 1.0
266.3 182.1458 14 1.0
266.4 182.217 14 1.0
266.5 182.2882 14 1.0
266.6 182.3594 14 1.0
266.7 182.4307 14 1.0
266.8 182.5019 14 1.0
266.9 182.5731 14 1.0
267.0 182.6444 14 1.0
267.1 182.7156 14 1.0
267.2 182.7868 14 1.0
267.3 182.858 14 1.0
267.4 182.9293 14 1.0
267.5 183.0005 14 1.0
267.6 183.0717 14 1.0
267.7 183.143 14 1.0
267.8 183.2142 14 1.0
267.9 183.2854 14 1.0
268.0 183.3566 14 1.0
268.1 183.4279 14 1.0
268.2 183.4991 14 1.0
268.3 183.5703 14 1.0
268.4 183.6415 14 1.0
268.5 183.7128 14 1.0
268.6 183.784 14 1.0
268.7 183.8552 14 1.0
268.8 183.9265 14 1.0
268.9 183.9977 14 1.0
269.0 184.0689 14 1.0
269.1 184.1401 14 1.0
269.2 184.2114 14 1.0
269.3 184.2826 14 1.0
269.4 184.3538 14 1.0
269.5 184.4251 14 1.0
269.6 184.4963 14 1.0
269.7 184.5675 14 1.0
269.8 184.6387 14 1.0
269.9 184.71 14 1.0
270.0 184.7812 14 1.0
270.1 184.8524 14 1.0
270.2 184.9236 14 1.0
270.3 184.9949 14 1.0
270.4 185.0661 14 1.0
270.5 185.1373 14 1.0
270.6 185.2086 14 1.0
270.7 185.2798 14 1.0
270.8 185.351 14 1.0
270.9 185.4222 14 1.0
271.0 185.4935 14 1.0
271.1 185.5647 14 1.0
271.2 185.6359 14 1.0
271.3 185.7072 14 1.0
271.4 185.7784 14 1.0
271.5 185.8496 14 1.0
271.6 185.9208 14 1.0
271.7 185.9921 14 1.0
271.8 186.0633 14 1.0
271.9 186.1345 14 1.0
272.0 186.2058 14 1.0
272.1 186.277 14 1.0
272.2 186.3482 14 1.0
272.3 186.4194 14 1.0
272.4 186.4907 14 1.0
272.5 186.5619 14 1.0
272.6 186.6331 14 1.0
272.7 186.7043 14 1.0
272.8 186.7756 14 1.0
272.9 186.8468 14 1.0
273.0 186.918 14 1.0
273.1 186.9893 14 1.0
273.2 187.0605 14 1.0
273.3 187.1317 14 1.0
273.4 187.2029 14 1.0
273.5 187.2742 14 1.0
273.6 187.3454 14 1.0
273.7 187.4166 14 1.0
273.8 187.4879 14 1.0
273.9 187.5591 14 1.0
274.0 187.6303 14 1.0
274.1 187.7015 14 1.0
274.2 187.7728 14 1.0
274.3 187.844 14 1.0
274.4 187.9152 14 1.0
274.5 187.9864 14 1.0
274.6 188.0577 14 1.0
274.7 188.1289 14 1.0
274.8 188.2001 14 1.0
274.9 188.2714 14 1.0
275.0 188.3426 14 1.0
275.1 188.4138 14 1.0
275.2 188.485 14 1.0
275.3 188.5563 14 1.0
275.4 188.6275 14 1.0
275.5 188.6987 14 1.0
275.6 188.77 14 1.0
275.7 188.8412 14 1.0
275.8 188.9124 14 1.0
275.9 188.9836 14 1.0
276.0 189.0549 14 1.0
276.1 189.1261 14 1.0
276.2 189.1973 14 1.0
276.3 189.2686 14 1.0
276.4 189.3398 14 1.0
276.5 189.411 14 1.0
276.6 189.4822 14 1.0
276.7 189.5535 14 1.0
276.8 189.6247 14 1.0
276.9 189.6959 14 1.0
277.0 189.7671 14 1.0
277.1 189.8384 14 1.0
277.2 189.9096 14 1.0
277.3 189.9808 14 1.0
277.4 190.0521 14 1.0
277.5 190.1233 14 1.0
277.6 190.1945 14 1.0
277.7 190.2657 14 1.0
277.8 190.337 14 1.0
277.9 190.4082 14 1.0
278.0 190.4794 14 1.0
278.1 190.5507 14 1.0
278.2 190.6219 14 1.0
278.3 190.6931 14 1.0
278.4 190.7643 14 1.0
278.5 190.8356 14 1.0
278.6 190.9068 14 1.0
278.7 190.978 14 1.0
278.8 191.0492 14 1.0
278.9 191.1205 14 1.0
279.0 191.1917 14 1.0
279.1 191.2629 14 1.0
279.2 191.3342 14 1.0
279.3 191.4054 14 1.0
279.4 191.4766 14 1.0
279.5 191.5478 14 1.0
279.6 191.6191 14 1.0
279.7 191.6903 14 1.0
279.8 191.7615 14 1.0
279.9 191.8328 14 1.0
280.0 191.904 14 1.0
280.1 191.9752 14 1.0
280.2 192.0464 14 1.0
280.3 192.1177 14 1.0
280.4 192.1889 14 1.0
280.5 192.2601 14 1.0
280.6 192.3314 14 1.0
280.7 192.4026 14 1.0
280.8 192.4738 14 1.0
280.9 192.545 14 1.0
281.0 192.6163 14 1.0
281.1 192.6875 14 1.0
281.2 192.7587 14 1.0
281.3 192.8299 14 1.0
281.4 192.9012 14 1.0
281.5 192.9724 14 1.0
281.6 193.0436 14 1.0
281.7 193.1149 14 1.0
281.8 193.1861 14 1.0
281.9 193.2573 14 1.0
282.0 193.3285 14 1.0
282.1 193.3998 14 1.0
282.2 193.471 14 1.0
282.3 193.5422 14 1.0
282.4 193.6135 14 1.0
282.5 193.6847 14 1.0
282.6 193.7559 14 1.0
282.7 193.8271 14 1.0
282.8 193.8984 14 1.0
282.9 193.9696 14 1.0
283.0 194.0408 14 1.0
283.1 194.112 14 1.0
283.2 194.1833 14 1.0
283.3 194.2545 14 1.0
283.4 194.3257 14 1.0
283.5 194.397 14 1.0
283.6 194.4682 14 1.0
283.7 194.5394 14 1.0
283.8 194.6106 14 1.0
283.9 194.6819 14 1.0
284.0 194.7531 14 1.0
284.1 194.8243 14 1.0
284.2 194.8956 14 1.0
284.3 194.9668 14 1.0
284.4 195.038 14 1.0
284.5 195.1092 14 1.0
284.6 195.1805 14 1.0
284.7 195.2517 14 1.0
284.8 195.3229 14 1.0
284.9 195.3941 14 1.0
285.0 195.4654 14 1.0
285.1 195.5366 14 1.0
285.2 195.6078 14 1.0
285.3 195.6791 14 1.0
285.4 195.7503 14 1.0
285.5 195.8215 14 1.0
285.6 195.8927 14 1.0
285.7 195.964 14 1.0
285.8 196.0352 14 1.0
285.9 196.1064 14 1.0
286.0 196.1777 14 1.0
286.1 196.2489 14 1.0
286.2 196.3201 14 1.0
286.3 196.3913 14 1.0
286.4 196.4626 14 1.0
286.5 196.5338 14 1.0
286.6 196.605 14 1.0
286.7 196.6763 14 1.0
286.8 196.7475 14 1.0
286.9 196.8187 14 1.0
287.0 196.8899 14 1.0
287.1 196.9612 14 1.0
287.2 197.0324 14 1.0
287.3 197.1036 14 1.0
287.4 197.1748 14 1.0
287.5 197.2461 14 1.0
287.6 197.3173 14 1.0
287.7 197.3885 14 1.0
287.8 197.4598 14 1.0
287.9 197.531 14 1.0
288.0 197.6022 14 1.0
288.1 197.6734 14 1.0
288.2 197.7447 14 1.0
288.3 197.8159 14 1.0
288.4 197.8871 14 1.0
288.5 197.9584 14 1.0
288.6 198.0296 14 1.0
288.7 198.1008 14 1.0
288.8 198.172 14 1.0
288.9 198.2433 14 1.0
289.0 198.3145 14 1.0
289.1 198.3857 14 1.0
289.2 198.4569 14 1.0
289.3 198.5282 14 1.0
289.4 198.5994 14 1.0
289.5 198.6706 14 1.0
289.6 198.7419 14 1.0
289.7 198.8131 14 1.0
289.8 198.8843 14 1.0
289.9 198.9555 14 1.0
290.0 199.0268 14 1.0
290.0 199.098 14 1.0
290.1 199.1692 14 1.0
290.2 199.2405 14 1.0
290.3 199.3117 14 1.0
290.4 199.3829 14 1.0
290.5 199.4541 14 1.0
290.6 199.5254 14 1.0
290.7 199.5966 14 1.0
290.8 199.6678 14 1.0
290.9 199.7391 14 1.0
291.0 199.8103 14 1.0
291.1 199.8815 14 1.0
291.2 199.9527 14 1.0
291.3 200.024 14 1.0
291.4 200.0952 14 1.0
291.5 200.1664 14 1.0
291.6 200.2376 14 1.0
291.7 200.3089 14 1.0
291.8 200.3801 14 1.0
291.9 200.4513 14 1.0
292.0 200.5226 14 1.0
292.1 200.5938 14 1.0
292.2 200.665 14 1.0
292.3 200.7362 14 1.0
292.4 200.8075 14 1.0
292.5 200.8787 14 1.0
292.6 200.9499 14 1.0
292.7 201.0212 14 1.0
292.8 201.0924 14 1.0
292.9 201.1636 14 1.0
293.0 201.2348 14 1.0
293.1 201.3061 14 1.0
293.2 201.3773 14 1.0
293.3 201.4485 14 1.0
293.4 201.5197 14 1.0
293.5 201.591 14 1.0
293.6 201.6622 14 1.0
293.7 201.7334 14 1.0
293.8 201.8047 14 1.0
293.9 201.8759 14 1.0
294.0 201.9471 14 1.0
294.1 202.0183 14 1.0
294.2 202.0896 14 1.0
294.3 202.1608 14 1.0
294.4 202.232 14 1.0
294.5 202.3033 14 1.0
294.6 202.3745 14 1.0
294.7 202.4457 14 1.0
294.8 202.5169 14 1.0
294.9 202.5882 14 1.0
295.0 202.6594 14 1.0
295.1 202.7306 14 1.0
295.2 202.8019 14 1.0
295.3 202.8731 14 1.0
295.4 202.9443 14 1.0
295.5 203.0155 14 1.0
295.6 203.0868 14 1.0
295.7 203.158 14 1.0
295.8 203.2292 14 1.0
295.9 203.3004 14 1.0
296.0 203.3717 14 1.0
296.1 203.4429 14 1.0
296.2 203.5141 14 1.0
296.3 203.5854 14 1.0
296.4 203.6566 14 1.0
296.5 203.7278 14 1.0
296.6 203.799 14 1.0
296.7 203.8703 14 1.0
296.8 203.9415 14 1.0
296.9 204.0127 14 1.0
297.0 204.084 14 1.0
297.1 204.1552 14 1.0
297.2 204.2264 14 1.0
297.3 204.2976 14 1.0
297.4 204.3689 14 1.0
297.5 204.4401 14 1.0
297.6 204.5113 14 1.0
297.7 204.5825 14 1.0
297.8 204.6538 14 1.0
297.9 204.725 14 1.0
298.0 204.7962 14 1.0
298.1 204.8675 14 1.0
298.2 204.9387 14 1.0
298.3 205.0099 14 1.0
298.4 205.0811 14 1.0
298.5 205.1524 14 1.0
298.6 205.2236 14 1.0
298.7 205.2948 14 1.0
298.8 205.3661 14 1.0
298.9 205.4373 14 1.0
299.0 205.5085 14 1.0
299.1 205.5797 14 1.0
299.2 205.651 14 1.0
299.3 205.7222 14 1.0
299.4 205.7934 14 1.0
299.5 205.8647 14 1.0
299.6 205.9359 14 1.0
299.7 206.0071 14 1.0
299.8 206.0794 14 1.0
299.9 206.1518 14 1.0
300.0 206.2241 14 1.0
300.1 206.2965 14 1.0
300.2 206.3688 14 1.0
300.3 206.4411 14 1.0
300.4 206.5135 14 1.0
300.5 206.5858 14 1.0
300.6 206.6582 14 1.0
300.7 206.7305 14 1.0
300.8 206.8028 14 1.0
300.9 206.8752 14 1.0
301.0 206.9475 14 1.0
301.1 207.0199 14 1.0
301.2 207.0922 14 1.0
301.3 207.1645 14 1.0
301.4 207.2369 14 1.0
301.5 207.3092 14 1.0
301.6 207.3816 14 1.0
301.7 207.4539 14 1.0
301.8 207.5262 14 1.0
301.9 207.5986 14 1.0
302.0 207.6709 14 1.0
302.1 207.7432 14 1.0
302.2 207.8156 14 1.0
302.3 207.8879 14 1.0
302.4 207.9603 14 1.0
302.5 208.0326 14 1.0
302.6 208.1049 14 1.0
302.7 208.1773 14 1.0
302.8 208.2496 14 1.0
302.9 208.322 14 1.0
303.0 208.3943 14 1.0
303.1 208.4666 14 1.0
303.2 208.539 14 1.0
303.3 208.6113 14 1.0
303.4 208.6837 14 1.0
303.5 208.756 14 1.0
303.6 208.8283 14 1.0
303.7 208.9007 14 1.0
303.8 208.973 14 1.0
303.9 209.0454 14 1.0
304.0 209.1177 14 1.0
304.1 209.19 14 1.0
304.2 209.2624 14 1.0
304.3 209.3347 14 1.0
304.4 209.4071 14 1.0
304.5 209.4794 14 1.0
304.6 209.5517 14 1.0
304.7 209.6241 14 1.0
304.8 209.6964 14 1.0
304.9 209.7687 14 1.0
305.0 209.8411 14 1.0
305.1 209.9134 14 1.0
305.2 209.9858 14 1.0
305.3 210.0581 14 1.0
305.4 210.1304 14 1.0
305.5 210.2028 14 1.0
305.6 210.2751 14 1.0
305.7 210.3475 14 1.0
305.8 210.4198 14 1.0
305.9 210.4921 14 1.0
306.0 210.5645 14 1.0
306.1 210.6368 14 1.0
306.2 210.7092 14 1.0
306.3 210.7815 14 1.0
306.4 210.8538 14 1.0
306.5 210.9262 14 1.0
306.6 210.9985 14 1.0
306.7 211.0709 14 1.0
306.8 211.1432 14 1.0
306.9 211.2155 14 1.0
307.0 211.2879 14 1.0
307.1 211.3602 14 1.0
307.2 211.4326 14 1.0
307.3 211.5049 14 1.0
307.4 211.5772 14 1.0
307.5 211.6496 14 1.0
307.6 211.7219 14 1.0
307.7 211.7942 14 1.0
307.8 211.8666 14 1.0
307.9 211.9389 14 1.0
308.0 212.0113 14 1.0
308.1 212.0836 14 1.0
308.2 212.1559 14 1.0
308.3 212.2283 14 1.0
308.4 212.3006 14 1.0
308.5 212.373 14 1.0
308.6 212.4453 14 1.0
308.7 212.5176 14 1.0
308.8 212.59 14 1.0
308.9 212.6623 14 1.0
309.0 212.7347 14 1.0
309.1 212.807 14 1.0
309.2 212.8793 14 1.0
309.3 212.9517 14 1.0
309.4 213.024 14 1.0
309.5 213.0964 14 1.0
309.6 213.1687 14 1.0
309.7 213.241 14 1.0
309.8 213.3134 14 1.0
309.9 213.3857 14 1.0
310.0 213.4581 14 1.0
310.1 213.5304 14 1.0
310.2 213.6027 14 1.0
310.3 213.6751 14 1.0
310.4 213.7474 14 1.0
310.5 213.8197 14 1.0
310.6 213.8921 14 1.0
310.7 213.9644 14 1.0
310.8 214.0368 14 1.0
310.9 214.1091 14 1.0
311.0 214.1814 14 1.0
311.1 214.2538 14 1.0
311.2 214.3261 14 1.0
311.3 214.3985 14 1.0
311.4 214.4708 14 1.0
311.5 214.5431 14 1.0
311.6 214.6155 14 1.0
311.7 214.6878 14 1.0
311.8 214.7602 14 1.0
311.9 214.8325 14 1.0
312.0 214.9048 14 1.0
312.1 214.9772 14 1.0
312.2 215.0495 14 1.0
312.3 215.1219 14 1.0
312.4 215.1942 14 1.0
312.5 215.2665 14 1.0
312.6 215.3389 14 1.0
312.7 215.4112 14 1.0
312.8 215.4835 14 1.0
312.9 215.5559 14 1.0
313.0 215.6282 14 1.0
313.1 215.7006 14 1.0
313.2 215.7729 14 1.0
313.3 215.8452 14 1.0
313.4 215.9176 14 1.0
313.5 215.9899 14 1.0
313.6 216.0623 14 1.0
313.7 216.1346 14 1.0
313.8 216.2069 14 1.0
313.9 216.2793 14 1.0
314.0 216.3516 14 1.0
314.1 216.424 14 1.0
314.2 216.4963 14 1.0
314.3 216.5686 14 1.0
314.4 216.641 14 1.0
314.5 216.7133 14 1.0
314.6 216.7857 14 1.0
314.7 216.858 14 1.0
314.8 216.9303 14 1.0
314.9 217.0027 14 1.0
315.0 217.075 14 1.0
315.1 217.1474 14 1.0
315.2 217.2197 14 1.0
315.3 217.292 14 1.0
315.4 217.3644 14 1.0
315.5 217.4367 14 1.0
315.6 217.509 14 1.0
315.7 217.5814 14 1.0
315.8 217.6537 14 1.0
315.9 217.7261 14 1.0
316.0 217.7984 14 1.0
316.1 217.8707 14 1.0
316.2 217.9431 14 1.0
316.3 218.0154 14 1.0
316.4 218.0878 14 1.0
316.5 218.1601 14 1.0
316.6 218.2324 14 1.0
316.7 218.3048 14 1.0
316.8 218.3771 14 1.0
316.9 218.4495 14 1.0
317.0 218.5218 14 1.0
317.1 218.5941 14 1.0
317.2 218.6665 14 1.0
317.3 218.7388 14 1.0
317.4 218.8112 14 1.0
317.5 218.8835 14 1.0
317.6 218.9558 14 1.0
317.7 219.0282 14 1.0
317.8 219.1005 14 1.0
317.9 219.1729 14 1.0
318.0 219.2452 14 1.0
318.1 219.3175 14 1.0
318.2 219.3899 14 1.0
318.3 219.4622 14 1.0
318.4 219.5345 14 1.0
318.5 219.6069 14 1.0
318.6 219.6792 14 1.0
318.7 219.7516 14 1.0
318.8 219.8239 14 1.0
318.9 219.8962 14 1.0
319.0 219.9686 14 1.0
319.1 220.0409 14 1.0
319.2 220.1133 14 1.0
319.3 220.1856 14 1.0
319.4 220.2579 14 1.0
319.5 220.3303 14 1.0
319.6 220.4026 14 1.0
319.7 220.475 14 1.0
319.8 220.5473 14 1.0
319.9 220.6196 14 1.0
320.0 220.692 14 1.0
320.1 220.7643 14 1.0
320.2 220.8367 14 1.0
320.3 220.909 14 1.0
320.4 220.9813 14 1.0
320.5 221.0537 14 1.0
320.6 221.126 14 1.0
320.7 221.1984 14 1.0
320.8 221.2707 14 1.0
320.9 221.343 14 1.0
321.0 221.4154 14 1.0
321.1 221.4877 14 1.0
321.2 221.56 14 1.0
321.3 221.6324 14 1.0
321.4 221.7047 14 1.0
321.5 221.7771 14 1.0
321.6 221.8494 14 1.0
321.7 221.9217 14 1.0
321.8 221.9941 14 1.0
321.9 222.0664 14 1.0
322.0 222.1388 14 1.0
322.1 222.2111 14 1.0
322.2 222.2834 14 1.0
322.3 222.3558 14 1.0
322.4 222.4281 14 1.0
322.5 222.5005 14 1.0
322.6 222.5728 14 1.0
322.7 222.6451 14 1.0
322.8 222.7175 14 1.0
322.9 222.7898 14 1.0
323.0 222.8622 14 1.0
323.1 222.9345 14 1.0
323.2 223.0068 14 1.0
323.3 223.0792 14 1.0
323.4 223.1515 14 1.0
323.5 223.2238 14 1.0
323.6 223.2962 14 1.0
323.7 223.3685 14 1.0
323.8 223.4409 14 1.0
323.9 223.5132 14 1.0
324.0 223.5855 14 1.0
324.1 223.6579 14 1.0
324.2 223.7302 14 1.0
324.3 223.8026 14 1.0
324.4 223.8749 14 1.0
324.5 223.9472 14 1.0
324.6 224.0196 14 1.0
324.7 224.0919 14 1.0
324.8 224.1643 14 1.0
324.9 224.2366 14 1.0
325.0 224.3089 14 1.0
325.1 224.3813 14 1.0
325.2 224.4536 14 1.0
325.3 224.526 14 1.0
325.4 224.5983 14 1.0
325.5 224.6706 14 1.0
325.6 224.743 14 1.0
325.7 224.8153 14 1.0
325.8 224.8877 14 1.0
325.9 224.96 14 1.0
326.0 225.0323 14 1.0
326.1 225.1047 14 1.0
326.2 225.177 14 1.0
326.3 225.2493 14 1.0
326.4 225.3217 14 1.0
326.5 225.394 14 1.0
326.6 225.4664 14 1.0
326.7 225.5387 14 1.0
326.8 225.611 14 1.0
326.9 225.6834 14 1.0
327.0 225.7557 14 1.0
327.1 225.8281 14 1.0
327.2 225.9004 14 1.0
327.3 225.9727 14 1.0
327.4 226.0451 14 1.0
327.5 226.1174 14 1.0
327.6 226.1898 14 1.0
327.7 226.2621 14 1.0
327.8 226.3344 14 1.0
327.9 226.4068 14 1.0
328.0 226.4791 14 1.0
328.1 226.5515 14 1.0
328.2 226.6238 14 1.0
328.3 226.6961 14 1.0
328.4 226.7685 14 1.0
328.5 226.8408 14 1.0
328.6 226.9132 14 1.0
328.7 226.9855 14 1.0
328.8 227.0578 14 1.0
328.9 227.1302 14 1.0
329.0 227.2025 14 1.0
329.1 227.2748 14 1.0
329.2 227.3472 14 1.0
329.3 227.4195 14 1.0
329.4 227.4919 14 1.0
329.5 227.5642 14 1.0
329.6 227.6365 14 1.0
329.7 227.7089 14 1.0
329.8 227.7812 14 1.0
329.9 227.8536 14 1.0
330.0 227.9259 14 1.0
330.1 227.9982 14 1.0
330.2 228.0706 14 1.0
330.3 228.1429 14 1.0
330.4 228.2153 14 1.0
330.5 228.2876 14 1.0
330.6 228.3599 14 1.0
330.7 228.4323 14 1.0
330.8 228.5046 14 1.0
330.9 228.577 14 1.0
331.0 228.6493 14 1.0
331.1 228.7216 14 1.0
331.2 228.794 14 1.0
331.3 228.8663 14 1.0
331.4 228.9387 14 1.0
331.5 229.011 14 1.0
331.6 229.0833 14 1.0
331.7 229.1557 14 1.0
331.8 229.228 14 1.0
331.9 229.3003 14 1.0
332.0 229.3727 14 1.0
332.1 229.445 14 1.0
332.2 229.5174 14 1.0
332.3 229.5897 14 1.0
332.4 229.662 14 1.0
332.5 229.7344 14 1.0
332.6 229.8067 14 1.0
332.7 229.8791 14 1.0
332.8 229.9514 14 1.0
332.9 230.0237 14 1.0
333.0 230.0961 14 1.0
333.1 230.1684 14 1.0
333.2 230.2408 14 1.0
333.3 230.3131 14 1.0
333.4 230.3854 14 1.0
333.5 230.4578 14 1.0
333.6 230.5301 14 1.0
333.7 230.6025 14 1.0
333.8 230.6748 14 1.0
333.9 230.7471 14 1.0
334.0 230.8195 14 1.0
334.1 230.8918 14 1.0
334.2 230.9642 14 1.0
334.3 231.0365 14 1.0
334.4 231.1088 14 1.0
334.5 231.1812 14 1.0
334.6 231.2535 14 1.0
334.7 231.3258 14 1.0
334.8 231.3982 14 1.0
334.9 231.4705 14 1.0
335.0 231.5429 14 1.0
335.1 231.6152 14 1.0
335.2 231.6875 14 1.0
335.3 231.7599 14 1.0
335.4 231.8322 14 1.0
335.5 231.9046 14 1.0
335.6 231.9769 14 1.0
335.7 232.0492 14 1.0
335.8 232.1216 14 1.0
335.9 232.1939 14 1.0
336.0 232.2663 14 1.0
336.1 232.3386 14 1.0
336.2 232.4109 14 1.0
336.3 232.4833 14 1.0
336.4 232.5556 14 1.0
336.5 232.628 14 1.0
336.6 232.7003 14 1.0
336.7 232.7726 14 1.0
336.8 232.845 14 1.0
336.9 232.9173 14 1.0
337.0 232.9896 14 1.0
337.1 233.062 14 1.0
337.2 233.1343 14 1.0
337.3 233.2067 14 1.0
337.4 233.279 14 1.0
337.5 233.3513 14 1.0
337.6 233.4237 14 1.0
337.7 233.496 14 1.0
337.8 233.5684 14 1.0
337.9 233.6407 14 1.0
338.0 233.713 14 1.0
338.1 233.7854 14 1.0
338.2 233.8577 14 1.0
338.3 233.9301 14 1.0
338.4 234.0024 14 1.0
338.5 234.0747 14 1.0
338.6 234.1471 14 1.0
338.7 234.2194 14 1.0
338.8 234.2918 14 1.0
338.9 234.3641 14 1.0
339.0 234.4364 14 1.0
339.1 234.5088 14 1.0
339.2 234.5811 14 1.0
339.3 234.6535 14 1.0
339.4 234.7258 14 1.0
339.5 234.7981 14 1.0
339.6 234.8705 14 1.0
339.7 234.9428 14 1.0
339.8 235.0151 14 1.0
339.9 235.0875 14 1.0
340.0 235.1598 14 1.0
340.1 235.2322 14 1.0
340.2 235.3045 14 1.0
340.3 235.3768 14 1.0
340.4 235.4492 14 1.0
340.5 235.5215 14 1.0
340.6 235.5939 14 1.0
340.7 235.6662 14 1.0
340.8 235.7385 14 1.0
340.9 235.8109 14 1.0
341.0 235.8832 14 1.0
341.1 235.9556 14 1.0
341.2 236.0279 14 1.0
341.3 236.1002 14 1.0
341.4 236.1726 14 1.0
341.5 236.2449 14 1.0
341.6 236.3173 14 1.0
341.7 236.3896 14 1.0
341.8 236.4619 14 1.0
341.9 236.5343 14 1.0
342.0 236.6066 14 1.0
342.1 236.679 14 1.0
342.2 236.7513 14 1.0
342.3 236.8236 14 1.0
342.4 236.896 14 1.0
342.5 236.9683 14 1.0
342.6 237.0406 14 1.0
342.7 237.113 14 1.0
342.8 237.1853 14 1.0
342.9 237.2577 14 1.0
343.0 237.33 14 1.0
343.1 237.4023 14 1.0
343.2 237.4747 14 1.0
343.3 237.547 14 1.0
343.4 237.6194 14 1.0
343.5 237.6917 14 1.0
343.6 237.764 14 1.0
343.7 237.8364 14 1.0
343.8 237.9087 14 1.0
343.9 237.9811 14 1.0
344.0 238.0534 14 1.0
344.1 238.1257 14 1.0
344.2 238.1981 14 1.0
344.3 238.2704 14 1.0
344.4 238.3428 14 1.0
344.5 238.4151 14 1.0
344.6 238.4874 14 1.0
344.7 238.5598 14 1.0
344.8 238.6321 14 1.0
344.9 238.7045 14 1.0
345.0 238.7768 14 1.0
345.1 238.8491 14 1.0
345.2 238.9215 14 1.0
345.3 238.9938 14 1.0
345.4 239.0661 14 1.0
345.5 239.1385 14 1.0
345.6 239.2108 14 1.0
345.7 239.2832 14 1.0
345.8 239.3555 14 1.0
345.9 239.4278 14 1.0
346.0 239.5002 14 1.0
346.1 239.5725 14 1.0
346.2 239.6449 14 1.0
346.3 239.7172 14 1.0
346.4 239.7895 14 1.0
346.5 239.8619 14 1.0
346.6 239.9342 14 1.0
346.7 240.0066 14 1.0
346.8 240.0789 14 1.0
346.9 240.1512 14 1.0
347.0 240.2236 14 1.0
347.1 240.2959 14 1.0
347.2 240.3683 14 1.0
347.3 240.4406 14 1.0
347.4 240.5129 14 1.0
347.5 240.5853 14 1.0
347.6 240.6576 14 1.0
347.7 240.7299 14 1.0
347.8 240.8023 14 1.0
347.9 240.8746 14 1.0
348.0 240.947 14 1.0
348.1 241.0193 14 1.0
348.2 241.0916 14 1.0
348.3 241.164 14 1.0
348.4 241.2363 14 1.0
348.5 241.3087 14 1.0
348.6 241.381 14 1.0
348.7 241.4533 14 1.0
348.8 241.5257 14 1.0
348.9 241.598 14 1.0
349.0 241.6704 14 1.0
349.1 241.7427 14 1.0
349.2 241.815 14 1.0
349.3 241.8874 14 1.0
349.4 241.9597 14 1.0
349.5 242.0321 14 1.0
349.6 242.1044 14 1.0
349.7 242.1767 14 1.0
349.8 242.2532 14 1.0
349.9 242.3298 14 1.0
350.0 242.4063 14 1.0
350.1 242.4828 14 1.0
350.2 242.5593 14 1.0
350.3 242.6358 14 1.0
350.4 242.7123 14 1.0
350.5 242.7888 14 1.0
350.6 242.8653 14 1.0
350.7 242.9418 14 1.0
350.8 243.0183 14 1.0
350.9 243.0949 14 1.0
351.0 243.1714 14 1.0
351.1 243.2479 14 1.0
351.2 243.3244 14 1.0
351.3 243.4009 14 1.0
351.4 243.4774 14 1.0
351.5 243.5539 14 1.0
351.6 243.6304 14 1.0
351.7 243.7069 14 1.0
351.8 243.7834 14 1.0
351.9 243.86 14 1.0
352.0 243.9365 14 1.0
352.1 244.013 14 1.0
352.2 244.0895 14 1.0
352.3 244.166 14 1.0
352.4 244.2425 14 1.0
352.5 244.319 14 1.0
352.6 244.3955 14 1.0
352.7 244.472 14 1.0
352.8 244.5485 14 1.0
352.9 244.6251 14 1.0
353.0 244.7016 14 1.0
353.1 244.7781 14 1.0
353.2 244.8546 14 1.0
353.3 244.9311 14 1.0
353.4 245.0076 14 1.0
353.5 245.0841 14 1.0
353.6 245.1606 14 1.0
353.7 245.2371 14 1.0
353.8 245.3137 14 1.0
353.9 245.3902 14 1.0
354.0 245.4667 14 1.0
354.1 245.5432 14 1.0
354.2 245.6197 14 1.0
354.3 245.6962 14 1.0
354.4 245.7727 14 1.0
354.5 245.8492 14 1.0
354.6 245.9257 14 1.0
354.7 246.0022 14 1.0
354.8 246.0788 14 1.0
354.9 246.1553 14 1.0
355.0 246.2318 14 1.0
355.1 246.3083 14 1.0
355.2 246.3848 14 1.0
355.3 246.4613 14 1.0
355.4 246.5378 14 1.0
355.5 246.6143 14 1.0
355.6 246.6908 14 1.0
355.7 246.7673 14 1.0
355.8 246.8439 14 1.0
355.9 246.9204 14 1.0
356.0 246.9969 14 1.0
356.1 247.0734 14 1.0
356.2 247.1499 14 1.0
356.3 247.2264 14 1.0
356.4 247.3029 14 1.0
356.5 247.3794 14 1.0
356.6 247.4559 14 1.0
356.7 247.5324 14 1.0
356.8 247.609 14 1.0
356.9 247.6855 14 1.0
357.0 247.762 14 1.0
357.1 247.8385 14 1.0
357.2 247.915 14 1.0
357.3 247.9915 14 1.0
357.4 248.068 14 1.0
357.5 248.1445 14 1.0
357.6 248.221 14 1.0
357.7 248.2975 14 1.0
357.8 248.3741 14 1.0
357.9 248.4506 14 1.0
358.0 248.5271 14 1.0
358.1 248.6036 14 1.0
358.2 248.6801 14 1.0
358.3 248.7566 14 1.0
358.4 248.8331 14 1.0
358.5 248.9096 14 1.0
358.6 248.9861 14 1.0
358.7 249.0626 14 1.0
358.8 249.1392 14 1.0
358.9 249.2157 14 1.0
359.0 249.2922 14 1.0
359.1 249.3687 14 1.0
359.2 249.4452 14 1.0
359.3 249.5217 14 1.0
359.4 249.5982 14 1.0
359.5 249.6747 14 1.0
359.6 249.7512 14 1.0
359.7 249.8278 14 1.0
359.8 249.9043 14 1.0
359.9 249.9808 14 1.0
360.0 250.0573 14 1.0
360.1 250.1338 14 1.0
360.2 250.2103 14 1.0
360.3 250.2868 14 1.0
360.4 250.3633 14 1.0
360.5 250.4398 14 1.0
360.6 250.5163 14 1.0
360.7 250.5929 14 1.0
360.8 250.6694 14 1.0
360.9 250.7459 14 1.0
361.0 250.8224 14 1.0
361.1 250.8989 14 1.0
361.2 250.9754 14 1.0
361.3 251.0519 14 1.0
361.4 251.1284 14 1.0
361.5 251.2049 14 1.0
361.6 251.2814 14 1.0
361.7 251.358 14 1.0
361.8 251.4345 14 1.0
361.9 251.511 14 1.0
362.0 251.5875 14 1.0
362.1 251.664 14 1.0
362.2 251.7405 14 1.0
362.3 251.817 14 1.0
362.4 251.8935 14 1.0
362.5 251.97 14 1.0
362.6 252.0465 14 1.0
362.7 252.1231 14 1.0
362.8 252.1996 14 1.0
362.9 252.2761 14 1.0
363.0 252.3526 14 1.0
363.1 252.4291 14 1.0
363.2 252.5056 14 1.0
363.3 252.5821 14 1.0
363.4 252.6586 14 1.0
363.5 252.7351 14 1.0
363.6 252.8116 14 1.0
363.7 252.8882 14 1.0
363.8 252.9647 14 1.0
363.9 253.0412 14 1.0
364.0 253.1177 14 1.0
364.1 253.1942 14 1.0
364.2 253.2707 14 1.0
364.3 253.3472 14 1.0
364.4 253.4237 14 1.0
364.5 253.5002 14 1.0
364.6 253.5767 14 1.0
364.7 253.6533 14 1.0
364.8 253.7298 14 1.0
364.9 253.8063 14 1.0
365.0 253.8828 14 1.0
365.1 253.9593 14 1.0
365.2 254.0358 14 1.0
365.3 254.1123 14 1.0
365.4 254.1888 14 1.0
365.5 254.2653 14 1.0
365.6 254.3418 14 1.0
365.7 254.4184 14 1.0
365.8 254.4949 14 1.0
365.9 254.5714 14 1.0
366.0 254.6479 14 1.0
366.1 254.7244 14 1.0
366.2 254.8009 14 1.0
366.3 254.8774 14 1.0
366.4 254.9539 14 1.0
366.5 255.0304 14 1.0
366.6 255.107 14 1.0
366.7 255.1835 14 1.0
366.8 255.26 14 1.0
366.9 255.3365 14 1.0
367.0 255.413 14 1.0
367.1 255.4895 14 1.0
367.2 255.566 14 1.0
367.3 255.6425 14 1.0
367.4 255.719 14 1.0
367.5 255.7955 14 1.0
367.6 255.8721 14 1.0
367.7 255.9486 14 1.0
367.8 256.0251 14 1.0
367.9 256.1016 14 1.0
368.0 256.1781 14 1.0
368.1 256.2546 14 1.0
368.2 256.3311 14 1.0
368.3 256.4076 14 1.0
368.4 256.4841 14 1.0
368.5 256.5606 14 1.0
368.6 256.6372 14 1.0
368.7 256.7137 14 1.0
368.8 256.7902 14 1.0
368.9 256.8667 14 1.0
369.0 256.9432 14 1.0
369.1 257.0197 14 1.0
369.2 257.0962 14 1.0
369.3 257.1727 14 1.0
369.4 257.2492 14 1.0
369.5 257.3257 14 1.0
369.6 257.4023 14 1.0
369.7 257.4788 14 1.0
369.8 257.5553 14 1.0
369.9 257.6318 14 1.0
370.0 257.7083 14 1.0
370.1 257.7848 14 1.0
370.2 257.8613 14 1.0
370.3 257.9378 14 1.0
370.4 258.0143 14 1.0
370.5 258.0908 14 1.0
370.6 258.1674 14 1.0
370.7 258.2439 14 1.0
370.8 258.3204 14 1.0
370.9 258.3969 14 1.0
371.0 258.4734 14 1.0
371.1 258.5499 14 1.0
371.2 258.6264 14 1.0
371.3 258.7029 14 1.0
371.4 258.7794 14 1.0
371.5 258.8559 14 1.0
371.6 258.9325 14 1.0
371.7 259.009 14 1.0
371.8 259.0855 14 1.0
371.9 259.162 14 1.0
372.0 259.2385 14 1.0
372.1 259.315 14 1.0
372.2 259.3915 14 1.0
372.3 259.468 14 1.0
372.4 259.5445 14 1.0
372.5 259.621 14 1.0
372.6 259.6976 14 1.0
372.7 259.7741 14 1.0
372.8 259.8506 14 1.0
372.9 259.9271 14 1.0
373.0 260.0036 14 1.0
373.1 260.0801 14 1.0
373.2 260.1566 14 1.0
373.3 260.2331 14 1.0
373.4 260.3096 14 1.0
373.5 260.3862 14 1.0
373.6 260.4627 14 1.0
373.7 260.5392 14 1.0
373.8 260.6157 14 1.0
373.9 260.6922 14 1.0
374.0 260.7687 14 1.0
374.1 260.8452 14 1.0
374.2 260.9217 14 1.0
374.3 260.9982 14 1.0
374.4 261.0747 14 1.0
374.5 261.1513 14 1.0
374.6 261.2278 14 1.0
374.7 261.3043 14 1.0
374.8 261.3808 14 1.0
374.9 261.4573 14 1.0
375.0 261.5338 14 1.0
375.1 261.6103 14 1.0
375.2 261.6868 14 1.0
375.3 261.7633 14 1.0
375.4 261.8398 14 1.0
375.5 261.9164 14 1.0
375.6 261.9929 14 1.0
375.7 262.0694 14 1.0
375.8 262.1459 14 1.0
375.9 262.2224 14 1.0
376.0 262.2989 14 1.0
376.1 262.3754 14 1.0
376.2 262.4519 14 1.0
376.3 262.5284 14 1.0
376.4 262.6049 14 1.0
376.5 262.6815 14 1.0
376.6 262.758 14 1.0
376.7 262.8345 14 1.0
376.8 262.911 14 1.0
376.9 262.9875 14 1.0
377.0 263.064 14 1.0
377.0 263.1405 14 1.0
377.1 263.217 14 1.0
377.2 263.2935 14 1.0
377.3 263.37 14 1.0
377.4 263.4466 14 1.0
377.5 263.5231 14 1.0
377.6 263.5996 14 1.0
377.7 263.6761 14 1.0
377.8 263.7526 14 1.0
377.9 263.8291 14 1.0
378.0 263.9056 14 1.0
378.1 263.9821 14 1.0
378.2 264.0586 14 1.0
378.3 264.1351 14 1.0
378.4 264.2117 14 1.0
378.5 264.2882 14 1.0
378.6 264.3647 14 1.0
378.7 264.4412 14 1.0
378.8 264.5177 14 1.0
378.9 264.5942 14 1.0
379.0 264.6707 14 1.0
379.1 264.7472 14 1.0
379.2 264.8237 14 1.0
379.3 264.9002 14 1.0
379.4 264.9768 14 1.0
379.5 265.0533 14 1.0
379.6 265.1298 14 1.0
379.7 265.2063 14 1.0
379.8 265.2828 14 1.0
379.9 265.3593 14 1.0
380.0 265.4358 14 1.0
380.1 265.5123 14 1.0
380.2 265.5888 14 1.0
380.3 265.6654 14 1.0
380.4 265.7419 14 1.0
380.5 265.8184 14 1.0
380.6 265.8949 14 1.0
380.7 265.9714 14 1.0
380.8 266.0479 14 1.0
380.9 266.1244 14 1.0
381.0 266.2009 14 1.0
381.1 266.2774 14 1.0
381.2 266.3539 14 1.0
381.3 266.4305 14 1.0
381.4 266.507 14 1.0
381.5 266.5835 14 1.0
381.6 266.66 14 1.0
381.7 266.7365 14 1.0
381.8 266.813 14 1.0
381.9 266.8895 14 1.0
382.0 266.966 14 1.0
382.1 267.0425 14 1.0
382.2 267.119 14 1.0
382.3 267.1956 14 1.0
382.4 267.2721 14 1.0
382.5 267.3486 14 1.0
382.6 267.4251 14 1.0
382.7 267.5016 14 1.0
382.8 267.5781 14 1.0
382.9 267.6546 14 1.0
383.0 267.7311 14 1.0
383.1 267.8076 14 1.0
383.2 267.8841 14 1.0
383.3 267.9607 14 1.0
383.4 268.0372 14 1.0
383.5 268.1137 14 1.0
383.6 268.1902 14 1.0
383.7 268.2667 14 1.0
383.8 268.3432 14 1.0
383.9 268.4197 14 1.0
384.0 268.4962 14 1.0
384.1 268.5727 14 1.0
384.2 268.6492 14 1.0
384.3 268.7258 14 1.0
384.4 268.8023 14 1.0
384.5 268.8788 14 1.0
384.6 268.9553 14 1.0
384.7 269.0318 14 1.0
384.8 269.1083 14 1.0
384.9 269.1848 14 1.0
385.0 269.2613 14 1.0
385.1 269.3378 14 1.0
385.2 269.4143 14 1.0
385.3 269.4909 14 1.0
385.4 269.5674 14 1.0
385.5 269.6439 14 1.0
385.6 269.7204 14 1.0
385.7 269.7969 14 1.0
385.8 269.8734 14 1.0
385.9 269.9499 14 1.0
386.0 270.0264 14 1.0
386.1 270.1029 14 1.0
386.2 270.1794 14 1.0
386.3 270.256 14 1.0
386.4 270.3325 14 1.0
386.5 270.409 14 1.0
386.6 270.4855 14 1.0
386.7 270.562 14 1.0
386.8 270.6385 14 1.0
386.9 270.715 14 1.0
387.0 270.7915 14 1.0
387.1 270.868 14 1.0
387.2 270.9446 14 1.0
387.3 271.0211 14 1.0
387.4 271.0976 14 1.0
387.5 271.1741 14 1.0
387.6 271.2506 14 1.0
387.7 271.3271 14 1.0
387.8 271.4036 14 1.0
387.9 271.4801 14 1.0
388.0 271.5566 14 1.0
388.1 271.6331 14 1.0
388.2 271.7097 14 1.0
388.3 271.7862 14 1.0
388.4 271.8627 14 1.0
388.5 271.9392 14 1.0
388.6 272.0157 14 1.0
388.7 272.0922 14 1.0
388.8 272.1687 14 1.0
388.9 272.2452 14 1.0
389.0 272.3217 14 1.0
389.1 272.3982 14 1.0
389.2 272.4748 14 1.0
389.3 272.5513 14 1.0
389.4 272.6278 14 1.0
389.5 272.7043 14 1.0
389.6 272.7808 14 1.0
389.7 272.8573 14 1.0
389.8 272.9338 14 1.0
389.9 273.0103 14 1.0
390.0 273.0868 14 1.0
390.1 273.1633 14 1.0
390.2 273.2399 14 1.0
390.3 273.3164 14 1.0
390.4 273.3929 14 1.0
390.5 273.4694 14 1.0
390.6 273.5459 14 1.0
390.7 273.6224 14 1.0
390.8 273.6989 14 1.0
390.9 273.7754 14 1.0
391.0 273.8519 14 1.0
391.1 273.9284 14 1.0
391.2 274.005 14 1.0
391.3 274.0815 14 1.0
391.4 274.158 14 1.0
391.5 274.2345 14 1.0
391.6 274.311 14 1.0
391.7 274.3875 14 1.0
391.8 274.464 14 1.0
391.9 274.5405 14 1.0
392.0 274.617 14 1.0
392.1 274.6935 14 1.0
392.2 274.7701 14 1.0
392.3 274.8466 14 1.0
392.4 274.9231 14 1.0
392.5 274.9996 14 1.0
392.6 275.0761 14 1.0
392.7 275.1526 14 1.0
392.8 275.2291 14 1.0
392.9 275.3056 14 1.0
393.0 275.3821 14 1.0
393.1 275.4587 14 1.0
393.2 275.5352 14 1.0
393.3 275.6117 14 1.0
393.4 275.6882 14 1.0
393.5 275.7647 14 1.0
393.6 275.8412 14 1.0
393.7 275.9177 14 1.0
393.8 275.9942 14 1.0
393.9 276.0707 14 1.0
394.0 276.1472 14 1.0
394.1 276.2238 14 1.0
394.2 276.3003 14 1.0
394.3 276.3768 14 1.0
394.4 276.4533 14 1.0
394.5 276.5298 14 1.0
394.6 276.6063 14 1.0
394.7 276.6828 14 1.0
394.8 276.7593 14 1.0
394.9 276.8358 14 1.0
395.0 276.9123 14 1.0
395.1 276.9889 14 1.0
395.2 277.0654 14 1.0
395.3 277.1419 14 1.0
395.4 277.2184 14 1.0
395.5 277.2949 14 1.0
395.6 277.3714 14 1.0
395.7 277.4479 14 1.0
395.8 277.5244 14 1.0
395.9 277.6009 14 1.0
396.0 277.6774 14 1.0
396.1 277.754 14 1.0
396.2 277.8305 14 1.0
396.3 277.907 14 1.0
396.4 277.9835 14 1.0
396.5 278.06 14 1.0
396.6 278.1365 14 1.0
396.7 278.213 14 1.0
396.8 278.2895 14 1.0
396.9 278.366 14 1.0
397.0 278.4425 14 1.0
397.1 278.5191 14 1.0
397.2 278.5956 14 1.0
397.3 278.6721 14 1.0
397.4 278.7486 14 1.0
397.5 278.8251 14 1.0
397.6 278.9016 14 1.0
397.7 278.9781 14 1.0
397.8 279.0546 14 1.0
397.9 279.1311 14 1.0
398.0 279.2076 14 1.0
398.1 279.2842 14 1.0
398.2 279.3607 14 1.0
398.3 279.4372 14 1.0
398.4 279.5137 14 1.0
398.5 279.5902 14 1.0
398.6 279.6667 14 1.0
398.7 279.7432 14 1.0
398.8 279.8197 14 1.0
398.9 279.8962 14 1.0
399.0 279.9727 14 1.0
399.1 280.0493 14 1.0
399.2 280.1258 14 1.0
399.3 280.2023 14 1.0
399.4 280.2788 14 1.0
399.5 280.3553 14 1.0
399.6 280.4318 14 1.0
399.7 280.5057 14 1.0
399.8 280.5795 14 1.0
399.9 280.6534 14 1.0
400.0 280.7273 14 1.0
400.1 280.8011 14 1.0
400.2 280.875 14 1.0
400.3 280.9489 14 1.0
400.4 281.0227 14 1.0
400.5 281.0966 14 1.0
400.6 281.1705 14 1.0
400.7 281.2443 14 1.0
400.8 281.3182 14 1.0
400.9 281.392 14 1.0
401.0 281.4659 14 1.0
401.1 281.5398 14 1.0
401.2 281.6136 14 1.0
401.3 281.6875 14 1.0
401.4 281.7614 14 1.0
401.5 281.8352 14 1.0
401.6 281.9091 14 1.0
401.7 281.983 14 1.0
401.8 282.0568 14 1.0
401.9 282.1307 14 1.0
402.0 282.2045 14 1.0
402.1 282.2784 14 1.0
402.2 282.3523 14 1.0
402.3 282.4261 14 1.0
402.4 282.5 14 1.0
402.5 282.5739 14 1.0
402.6 282.6477 14 1.0
402.7 282.7216 14 1.0
402.8 282.7955 14 1.0
402.9 282.8693 14 1.0
403.0 282.9432 14 1.0
403.1 283.0171 14 1.0
403.2 283.0909 14 1.0
403.3 283.1648 14 1.0
403.4 283.2386 14 1.0
403.5 283.3125 14 1.0
403.6 283.3864 14 1.0
403.7 283.4602 14 1.0
403.8 283.5341 14 1.0
403.9 283.608 14 1.0
404.0 283.6818 14 1.0
404.1 283.7557 14 1.0
404.2 283.8296 14 1.0
404.3 283.9034 14 1.0
404.4 283.9773 14 1.0
404.5 284.0511 14 1.0
404.6 284.125 14 1.0
404.7 284.1989 14 1.0
404.8 284.2727 14 1.0
404.9 284.3466 14 1.0
405.0 284.4205 14 1.0
405.1 284.4943 14 1.0
405.2 284.5682 14 1.0
405.3 284.6421 14 1.0
405.4 284.7159 14 1.0
405.5 284.7898 14 1.0
405.6 284.8637 14 1.0
405.7 284.9375 14 1.0
405.8 285.0114 14 1.0
405.9 285.0852 14 1.0
406.0 285.1591 14 1.0
406.1 285.233 14 1.0
406.2 285.3068 14 1.0
406.3 285.3807 14 1.0
406.4 285.4546 14 1.0
406.5 285.5284 14 1.0
406.6 285.6023 14 1.0
406.7 285.6762 14 1.0
406.8 285.75 14 1.0
406.9 285.8239 14 1.0
407.0 285.8977 14 1.0
407.1 285.9716 14 1.0
407.2 286.0455 14 1.0
407.3 286.1193 14 1.0
407.4 286.1932 14 1.0
407.5 286.2671 14 1.0
407.6 286.3409 14 1.0
407.7 286.4148 14 1.0
407.8 286.4887 14 1.0
407.9 286.5625 14 1.0
408.0 286.6364 14 1.0
408.1 286.7103 14 1.0
408.2 286.7841 14 1.0
408.3 286.858 14 1.0
408.4 286.9318 14 1.0
408.5 287.0057 14 1.0
408.6 287.0796 14 1.0
408.7 287.1534 14 1.0
408.8 287.2273 14 1.0
408.9 287.3012 14 1.0
409.0 287.375 14 1.0
409.1 287.4489 14 1.0
409.2 287.5228 14 1.0
409.3 287.5966 14 1.0
409.4 287.6705 14 1.0
409.5 287.7443 14 1.0
409.6 287.8182 14 1.0
409.7 287.8921 14 1.0
409.8 287.9659 14 1.0
409.9 288.0398 14 1.0
410.0 288.1137 14 1.0
410.1 288.1875 14 1.0
410.2 288.2614 14 1.0
410.3 288.3353 14 1.0
410.4 288.4091 14 1.0
410.5 288.483 14 1.0
410.6 288.5569 14 1.0
410.7 288.6307 14 1.0
410.8 288.7046 14 1.0
410.9 288.7784 14 1.0
411.0 288.8523 14 1.0
411.1 288.9262 14 1.0
411.2 289.0 14 1.0
411.3 289.0739 14 1.0
411.4 289.1478 14 1.0
411.5 289.2216 14 1.0
411.6 289.2955 14 1.0
411.7 289.3694 14 1.0
411.8 289.4432 14 1.0
411.9 289.5171 14 1.0
412.0 289.5909 14 1.0
412.1 289.6648 14 1.0
412.2 289.7387 14 1.0
412.3 289.8125 14 1.0
412.4 289.8864 14 1.0
412.5 289.9603 14 1.0
412.6 290.0341 14 1.0
412.7 290.108 14 1.0
412.8 290.1819 14 1.0
412.9 290.2557 14 1.0
413.0 290.3296 14 1.0
413.1 290.4035 14 1.0
413.2 290.4773 14 1.0
413.3 290.5512 14 1.0
413.4 290.625 14 1.0
413.5 290.6989 14 1.0
413.6 290.7728 14 1.0
413.7 290.8466 14 1.0
413.8 290.9205 14 1.0
413.9 290.9944 14 1.0
414.0 291.0682 14 1.0
414.1 291.1421 14 1.0
414.2 291.216 14 1.0
414.3 291.2898 14 1.0
414.4 291.3637 14 1.0
414.5 291.4375 14 1.0
414.6 291.5114 14 1.0
414.7 291.5853 14 1.0
414.8 291.6591 14 1.0
414.9 291.733 14 1.0
415.0 291.8069 14 1.0
415.1 291.8807 14 1.0
415.2 291.9546 14 1.0
415.3 292.0285 14 1.0
415.4 292.1023 14 1.0
415.5 292.1762 14 1.0
415.6 292.2501 14 1.0
415.7 292.3239 14 1.0
415.8 292.3978 14 1.0
415.9 292.4716 14 1.0
416.0 292.5455 14 1.0
416.1 292.6194 14 1.0
416.2 292.6932 14 1.0
416.3 292.7671 14 1.0
416.4 292.841 14 1.0
416.5 292.9148 14 1.0
416.6 292.9887 14 1.0
416.7 293.0626 14 1.0
416.8 293.1364 14 1.0
416.9 293.2103 14 1.0
417.0 293.2841 14 1.0
417.1 293.358 14 1.0
417.2 293.4319 14 1.0
417.3 293.5057 14 1.0
417.4 293.5796 14 1.0
417.5 293.6535 14 1.0
417.6 293.7273 14 1.0
417.7 293.8012 14 1.0
417.8 293.8751 14 1.0
417.9 293.9489 14 1.0
418.0 294.0228 14 1.0
418.1 294.0967 14 1.0
418.2 294.1705 14 1.0
418.3 294.2444 14 1.0
418.4 294.3182 14 1.0
418.5 294.3921 14 1.0
418.6 294.466 14 1.0
418.7 294.5398 14 1.0
418.8 294.6137 14 1.0
418.9 294.6876 14 1.0
419.0 294.7614 14 1.0
419.1 294.8353 14 1.0
419.2 294.9092 14 1.0
419.3 294.983 14 1.0
419.4 295.0569 14 1.0
419.5 295.1307 14 1.0
419.6 295.2046 14 1.0
419.7 295.2785 14 1.0
419.8 295.3523 14 1.0
419.9 295.4262 14 1.0
420.0 295.5001 14 1.0
420.1 295.5739 14 1.0
420.2 295.6478 14 1.0
420.3 295.7217 14 1.0
420.4 295.7955 14 1.0
420.5 295.8694 14 1.0
420.6 295.9433 14 1.0
420.7 296.0171 14 1.0
420.8 296.091 14 1.0
420.9 296.1648 14 1.0
421.0 296.2387 14 1.0
421.1 296.3126 14 1.0
421.2 296.3864 14 1.0
421.3 296.4603 14 1.0
421.4 296.5342 14 1.0
421.5 296.608 14 1.0
421.6 296.6819 14 1.0
421.7 296.7558 14 1.0
421.8 296.8296 14 1.0
421.9 296.9035 14 1.0
422.0 296.9773 14 1.0
422.1 297.0512 14 1.0
422.2 297.1251 14 1.0
422.3 297.1989 14 1.0
422.4 297.2728 14 1.0
422.5 297.3467 14 1.0
422.6 297.4205 14 1.0
422.7 297.4944 14 1.0
422.8 297.5683 14 1.0
422.9 297.6421 14 1.0
423.0 297.716 14 1.0
423.1 297.7899 14 1.0
423.2 297.8637 14 1.0
423.3 297.9376 14 1.0
423.4 298.0114 14 1.0
423.5 298.0853 14 1.0
423.6 298.1592 14 1.0
423.7 298.233 14 1.0
423.8 298.3069 14 1.0
423.9 298.3808 14 1.0
424.0 298.4546 14 1.0
424.1 298.5285 14 1.0
424.2 298.6024 14 1.0
424.3 298.6762 14 1.0
424.4 298.7501 14 1.0
424.5 298.8239 14 1.0
424.6 298.8978 14 1.0
424.7 298.9717 14 1.0
424.8 299.0455 14 1.0
424.9 299.1194 14 1.0
425.0 299.1933 14 1.0
425.1 299.2671 14 1.0
425.2 299.341 14 1.0
425.3 299.4149 14 1.0
425.4 299.4887 14 1.0
425.5 299.5626 14 1.0
425.6 299.6365 14 1.0
425.7 299.7103 14 1.0
425.8 299.7842 14 1.0
425.9 299.858 14 1.0
426.0 299.9319 14 1.0
426.1 300.0058 14 1.0
426.2 300.0796 14 1.0
426.3 300.1535 14 1.0
426.4 300.2274 14 1.0
426.5 300.3012 14 1.0
426.6 300.3751 14 1.0
426.7 300.449 14 1.0
426.8 300.5228 14 1.0
426.9 300.5967 14 1.0
427.0 300.6705 14 1.0
427.1 300.7444 14 1.0
427.2 300.8183 14 1.0
427.3 300.8921 14 1.0
427.4 300.966 14 1.0
427.5 301.0399 14 1.0
427.6 301.1137 14 1.0
427.7 301.1876 14 1.0
427.8 301.2615 14 1.0
427.9 301.3353 14 1.0
428.0 301.4092 14 1.0
428.1 301.4831 14 1.0
428.2 301.5569 14 1.0
428.3 301.6308 14 1.0
428.4 301.7046 14 1.0
428.5 301.7785 14 1.0
428.6 301.8524 14 1.0
428.7 301.9262 14 1.0
428.8 302.0001 14 1.0
428.9 302.074 14 1.0
429.0 302.1478 14 1.0
429.1 302.2217 14 1.0
429.2 302.2956 14 1.0
429.3 302.3694 14 1.0
429.4 302.4433 14 1.0
429.5 302.5171 14 1.0
429.6 302.591 14 1.0
429.7 302.6649 14 1.0
429.8 302.7387 14 1.0
429.9 302.8126 14 1.0
430.0 302.8865 14 1.0
430.1 302.9603 14 1.0
430.2 303.0342 14 1.0
430.3 303.1081 14 1.0
430.4 303.1819 14 1.0
430.5 303.2558 14 1.0
430.6 303.3297 14 1.0
430.7 303.4035 14 1.0
430.8 303.4774 14 1.0
430.9 303.5512 14 1.0
431.0 303.6251 14 1.0
431.1 303.699 14 1.0
431.2 303.7728 14 1.0
431.3 303.8467 14 1.0
431.4 303.9206 14 1.0
431.5 303.9944 14 1.0
431.6 304.0683 14 1.0
431.7 304.1422 14 1.0
431.8 304.216 14 1.0
431.9 304.2899 14 1.0
432.0 304.3637 14 1.0
432.1 304.4376 14 1.0
432.2 304.5115 14 1.0
432.3 304.5853 14 1.0
432.4 304.6592 14 1.0
432.5 304.7331 14 1.0
432.6 304.8069 14 1.0
432.7 304.8808 14 1.0
432.8 304.9547 14 1.0
432.9 305.0285 14 1.0
433.0 305.1024 14 1.0
433.1 305.1763 14 1.0
433.2 305.2501 14 1.0
433.3 305.324 14 1.0
433.4 305.3978 14 1.0
433.5 305.4717 14 1.0
433.6 305.5456 14 1.0
433.7 305.6194 14 1.0
433.8 305.6933 14 1.0
433.9 305.7672 14 1.0
434.0 305.841 14 1.0
434.1 305.9149 14 1.0
434.2 305.9888 14 1.0
434.3 306.0626 14 1.0
434.4 306.1365 14 1.0
434.5 306.2103 14 1.0
434.6 306.2842 14 1.0
434.7 306.3581 14 1.0
434.8 306.4319 14 1.0
434.9 306.5058 14 1.0
435.0 306.5797 14 1.0
435.1 306.6535 14 1.0
435.2 306.7274 14 1.0
435.3 306.8013 14 1.0
435.4 306.8751 14 1.0
435.5 306.949 14 1.0
435.6 307.0229 14 1.0
435.7 307.0967 14 1.0
435.8 307.1706 14 1.0
435.9 307.2444 14 1.0
436.0 307.3183 14 1.0
436.1 307.3922 14 1.0
436.2 307.466 14 1.0
436.3 307.5399 14 1.0
436.4 307.6138 14 1.0
436.5 307.6876 14 1.0
436.6 307.7615 14 1.0
436.7 307.8354 14 1.0
436.8 307.9092 14 1.0
436.9 307.9831 14 1.0
437.0 308.0569 14 1.0
437.1 308.1308 14 1.0
437.2 308.2047 14 1.0
437.3 308.2785 14 1.0
437.4 308.3524 14 1.0
437.5 308.4263 14 1.0
437.6 308.5001 14 1.0
437.7 308.574 14 1.0
437.8 308.6479 14 1.0
437.9 308.7217 14 1.0
438.0 308.7956 14 1.0
438.1 308.8695 14 1.0
438.2 308.9433 14 1.0
438.3 309.0172 14 1.0
438.4 309.091 14 1.0
438.5 309.1649 14 1.0
438.6 309.2388 14 1.0
438.7 309.3126 14 1.0
438.8 309.3865 14 1.0
438.9 309.4604 14 1.0
439.0 309.5342 14 1.0
439.1 309.6081 14 1.0
439.2 309.682 14 1.0
439.3 309.7558 14 1.0
439.4 309.8297 14 1.0
439.5 309.9035 14 1.0
439.6 309.9774 14 1.0
439.7 310.0513 14 1.0
439.8 310.1251 14 1.0
439.9 310.199 14 1.0
440.0 310.2729 14 1.0
440.1 310.3467 14 1.0
440.2 310.4206 14 1.0
440.3 310.4945 14 1.0
440.4 310.5683 14 1.0
440.5 310.6422 14 1.0
440.6 310.7161 14 1.0
440.7 310.7899 14 1.0
440.8 310.8638 14 1.0
440.9 310.9376 14 1.0
441.0 311.0115 14 1.0
441.1 311.0854 14 1.0
441.2 311.1592 14 1.0
441.3 311.2331 14 1.0
441.4 311.307 14 1.0
441.5 311.3808 14 1.0
441.6 311.4547 14 1.0
441.7 311.5286 14 1.0
441.8 311.6024 14 1.0
441.9 311.6763 14 1.0
442.0 311.7501 14 1.0
442.1 311.824 14 1.0
442.2 311.8979 14 1.0
442.3 311.9717 14 1.0
442.4 312.0456 14 1.0
442.5 312.1195 14 1.0
442.6 312.1933 14 1.0
442.7 312.2672 14 1.0
442.8 312.3411 14 1.0
442.9 312.4149 14 1.0
443.0 312.4888 14 1.0
443.1 312.5627 14 1.0
443.2 312.6365 14 1.0
443.3 312.7104 14 1.0
443.4 312.7842 14 1.0
443.5 312.8581 14 1.0
443.6 312.932 14 1.0
443.7 313.0058 14 1.0
443.8 313.0797 14 1.0
443.9 313.1536 14 1.0
444.0 313.2274 14 1.0
444.1 313.3013 14 1.0
444.2 313.3752 14 1.0
444.3 313.449 14 1.0
444.4 313.5229 14 1.0
444.5 313.5967 14 1.0
444.6 313.6706 14 1.0
444.7 313.7445 14 1.0
444.8 313.8183 14 1.0
444.9 313.8922 14 1.0
445.0 313.9661 14 1.0
445.1 314.0399 14 1.0
445.2 314.1138 14 1.0
445.3 314.1877 14 1.0
445.4 314.2615 14 1.0
445.5 314.3354 14 1.0
445.6 314.4093 14 1.0
445.7 314.4831 14 1.0
445.8 314.557 14 1.0
445.9 314.6308 14 1.0
446.0 314.7047 14 1.0
446.1 314.7786 14 1.0
446.2 314.8524 14 1.0
446.3 314.9263 14 1.0
446.4 315.0002 14 1.0
446.5 315.074 14 1.0
446.6 315.1479 14 1.0
446.7 315.2218 14 1.0
446.8 315.2956 14 1.0
446.9 315.3695 14 1.0
447.0 315.4433 14 1.0
447.1 315.5172 14 1.0
447.2 315.5911 14 1.0
447.3 315.6649 14 1.0
447.4 315.7388 14 1.0
447.5 315.8127 14 1.0
447.6 315.8865 14 1.0
447.7 315.9604 14 1.0
447.8 316.0343 14 1.0
447.9 316.1081 14 1.0
448.0 316.182 14 1.0
448.1 316.2559 14 1.0
448.2 316.3297 14 1.0
448.3 316.4036 14 1.0
448.4 316.4774 14 1.0
448.5 316.5513 14 1.0
448.6 316.6252 14 1.0
448.7 316.699 14 1.0
448.8 316.7729 14 1.0
448.9 316.8468 14 1.0
449.0 316.9206 14 1.0
449.1 316.9945 14 1.0
449.2 317.0684 14 1.0
449.3 317.1422 14 1.0
449.4 317.2161 14 1.0
449.5 317.2899 14 1.0
449.6 317.3638 14 1.0
